,custAge,campaign,pdays,previous,emp.var.rate,cons.price.idx,cons.conf.idx,euribor3m,nr.employed,pmonths,pastEmail,housing_new,loan_new,contact_new,marital_new,schooling_new,default_new,profession_new,month_new,day_of_week_new,poutcome_new
0,38.0,5,999,0,1.4,93.918,-42.7,4.961,5228.1,999.0,0,1.0,0.0,1.0,2,5,0.0,1,7,1,1
1,40.0,10,999,0,-1.8,93.075,-47.1,1.365,5099.1,999.0,0,0.0,0.0,0.0,2,8,0.0,1,4,1,1
2,31.0,2,999,0,1.4,93.444,-36.1,4.962,5228.1,999.0,0,1.0,0.0,0.0,1,7,0.0,10,8,1,1
3,41.0,7,999,0,1.1,93.994,-36.4,4.86,5191.0,999.0,0,1.0,0.0,1.0,2,8,0.0,4,5,1,1
4,32.0,9,999,0,1.4,93.918,-42.7,4.96,5228.1,999.0,0,1.0,0.0,0.0,2,8,0.0,4,7,2,1
5,40.0,3,999,0,1.4,93.444,-36.1,4.964,5228.1,999.0,0,1.0,0.0,0.0,2,8,0.0,3,8,1,1
6,37.0,2,999,1,-1.8,92.893,-46.2,1.327,5099.1,999.0,0,0.0,1.0,0.0,2,8,0.0,9,5,1,2
7,44.0,1,999,0,1.1,93.994,-36.4,4.856,5191.0,999.0,0,1.0,0.0,1.0,3,7,0.0,7,5,1,1
8,44.0,1,999,1,-2.9,92.201,-31.4,0.879,5076.2,999.0,4,0.0,0.0,0.0,2,7,0.0,6,8,1,2
9,25.0,1,999,0,-2.9,92.963,-40.8,1.268,5076.2,999.0,0,0.0,0.0,0.0,2,7,0.0,11,6,1,1
10,56.0,1,999,0,1.1,93.994,-36.4,4.857,5191.0,999.0,0,1.0,0.0,1.0,2,8,0.0,7,5,2,1
11,39.0,2,999,0,1.4,94.465,-41.8,4.947,5228.1,999.0,0,0.0,0.0,1.0,2,8,0.0,9,6,1,1
12,31.0,1,999,0,1.4,93.444,-36.1,4.963,5228.1,999.0,0,1.0,0.0,1.0,2,5,0.0,5,8,1,1
13,31.0,2,999,0,1.4,94.465,-41.8,4.947,5228.1,999.0,0,1.0,0.0,1.0,2,4,0.0,4,6,2,1
14,54.0,1,999,0,1.4,93.918,-42.7,4.961,5228.1,999.0,0,0.0,1.0,0.0,2,7,0.0,3,7,1,1
15,49.0,1,999,0,1.1,93.994,-36.4,4.859,5191.0,999.0,0,1.0,0.0,1.0,2,8,0.0,9,5,1,1
16,32.0,1,999,0,-1.7,94.215,-40.3,0.835,4991.6,999.0,0,1.0,1.0,1.0,2,8,0.0,9,7,1,1
17,57.0,3,999,0,1.1,93.994,-36.4,4.857,5191.0,999.0,0,1.0,0.0,1.0,2,2,0.0,4,5,2,1
18,45.0,1,999,0,1.1,93.994,-36.4,4.86,5191.0,999.0,0,0.0,1.0,1.0,2,8,0.0,12,5,1,1
19,31.0,2,999,0,1.4,94.465,-41.8,4.961,5228.1,999.0,0,0.0,1.0,1.0,2,8,0.0,1,6,1,1
20,35.0,1,999,0,-1.8,93.075,-47.1,1.41,5099.1,999.0,0,1.0,0.0,0.0,1,5,0.0,6,4,1,1
21,50.0,2,999,0,1.1,93.994,-36.4,4.857,5191.0,999.0,0,1.0,0.0,1.0,2,7,0.0,3,5,1,1
22,22.0,2,999,0,-2.9,92.201,-31.4,0.873,5076.2,999.0,0,1.0,0.0,0.0,1,5,0.0,11,8,1,1
23,29.0,8,999,1,-1.8,92.893,-46.2,1.25,5099.1,999.0,1,1.0,1.0,0.0,1,5,0.0,6,5,1,2
24,31.0,1,999,0,1.4,93.444,-36.1,4.97,5228.1,999.0,0,0.0,0.0,0.0,2,5,0.0,4,8,2,1
25,31.0,2,999,0,1.4,93.918,-42.7,4.961,5228.1,999.0,0,0.0,1.0,0.0,2,5,0.0,9,7,1,1
26,35.0,3,999,0,1.1,93.994,-36.4,4.864,5191.0,999.0,0,0.0,0.0,1.0,1,8,0.0,5,5,1,1
27,31.0,3,999,0,1.1,93.994,-36.4,4.857,5191.0,999.0,0,0.0,0.0,1.0,2,8,0.0,6,5,1,1
28,30.0,1,999,0,-1.8,92.893,-46.2,1.344,5099.1,999.0,0,1.0,0.0,0.0,1,8,0.0,3,5,1,1
29,31.0,2,999,0,-1.8,92.893,-46.2,1.244,5099.1,999.0,0,1.0,0.0,0.0,1,8,0.0,9,5,2,1
30,44.0,1,999,0,-1.8,93.075,-47.1,1.405,5099.1,999.0,0,0.0,0.0,0.0,2,8,0.0,4,4,2,1
31,31.0,6,999,0,1.4,93.918,-42.7,4.957,5228.1,999.0,0,1.0,0.0,0.0,1,8,0.0,5,7,1,1
32,31.0,2,999,0,-2.9,92.469,-33.6,1.048,5076.2,999.0,0,0.0,1.0,0.0,1,8,0.0,6,7,2,1
33,39.0,4,999,0,1.4,94.465,-41.8,4.961,5228.1,999.0,0,0.0,0.0,1.0,2,8,0.0,4,6,1,1
34,46.0,2,999,1,-3.4,92.379,-29.8,0.809,5017.5,999.0,4,1.0,1.0,0.0,2,6,0.0,5,9,1,2
35,31.0,1,999,1,-1.8,92.893,-46.2,1.281,5099.1,999.0,0,0.0,1.0,0.0,2,2,0.0,4,5,1,2
36,41.0,1,999,0,1.1,93.994,-36.4,4.856,5191.0,999.0,0,1.0,1.0,1.0,1,3,0.0,6,5,1,1
37,29.0,2,999,1,-3.4,92.649,-30.1,0.719,5017.5,999.0,2,1.0,1.0,0.0,1,6,0.0,5,11,1,2
38,35.0,2,999,0,1.4,93.918,-42.7,4.961,5228.1,999.0,0,0.0,0.0,0.0,2,8,0.0,6,7,1,1
39,36.0,3,3,3,-3.4,92.649,-30.1,0.715,5017.5,0.1,9,0.0,1.0,0.0,2,7,0.0,3,11,1,3
40,50.0,7,999,0,1.4,93.918,-42.7,4.963,5228.1,999.0,0,0.0,0.0,0.0,1,8,0.0,9,7,1,1
41,42.0,3,999,1,-1.8,93.075,-47.1,1.405,5099.1,999.0,2,0.0,0.0,0.0,1,5,0.0,9,4,1,2
42,31.0,1,999,0,1.4,93.918,-42.7,4.961,5228.1,999.0,0,1.0,0.0,0.0,1,8,0.0,4,7,1,1
43,32.0,2,999,0,-1.8,92.893,-46.2,1.291,5099.1,999.0,0,1.0,0.0,0.0,1,7,0.0,3,5,1,1
44,46.0,1,999,0,-0.1,93.798,-40.4,5.045,5195.8,999.0,0,1.0,0.0,1.0,3,8,0.0,6,10,1,1
45,31.0,1,999,0,1.4,94.465,-41.8,4.959,5228.1,999.0,0,0.0,0.0,1.0,3,5,0.0,6,6,1,1
46,31.0,2,999,0,1.1,93.994,-36.4,4.857,5191.0,999.0,0,0.0,0.0,1.0,1,4,0.0,5,5,2,1
47,29.0,1,999,0,1.1,93.994,-36.4,4.858,5191.0,999.0,0,1.0,0.0,1.0,2,6,0.0,5,5,2,1
48,58.0,1,6,1,-1.1,94.199,-37.5,0.878,4963.6,0.2,2,0.0,0.0,0.0,2,5,0.0,6,9,1,3
49,31.0,6,999,0,1.4,94.465,-41.8,4.959,5228.1,999.0,0,0.0,0.0,1.0,2,8,0.0,5,6,1,1
50,31.0,2,999,0,-1.8,92.893,-46.2,1.266,5099.1,999.0,0,1.0,0.0,0.0,3,5,0.0,7,5,1,1
51,44.0,1,999,0,-1.8,92.843,-50.0,1.757,5099.1,999.0,0,1.0,1.0,0.0,2,3,0.0,3,3,1,1
52,49.0,1,999,0,-1.8,92.893,-46.2,1.344,5099.1,999.0,0,0.0,0.0,0.0,2,6,0.0,4,5,1,1
53,28.0,2,999,0,-1.8,92.843,-50.0,1.531,5099.1,999.0,0,0.0,0.0,0.0,1,8,0.0,6,3,1,1
54,40.0,1,999,0,1.1,93.994,-36.4,4.856,5191.0,999.0,0,0.0,0.0,1.0,2,2,0.0,4,5,1,1
55,31.0,1,999,0,1.4,93.444,-36.1,4.963,5228.1,999.0,0,0.0,0.0,0.0,2,5,0.0,9,8,1,1
56,50.0,4,999,0,1.1,93.994,-36.4,4.858,5191.0,999.0,0,1.0,0.0,1.0,2,3,0.0,9,5,2,1
57,47.0,1,999,0,1.1,93.994,-36.4,4.858,5191.0,999.0,0,0.0,0.0,1.0,2,3,0.0,4,5,1,1
58,33.0,2,999,0,1.1,93.994,-36.4,4.855,5191.0,999.0,0,1.0,0.0,1.0,2,5,0.0,9,5,1,1
59,37.0,1,999,0,1.4,93.918,-42.7,4.957,5228.1,999.0,0,0.0,1.0,0.0,2,8,0.0,6,7,1,1
60,37.0,2,999,0,1.4,93.444,-36.1,4.966,5228.1,999.0,0,0.0,0.0,0.0,3,6,0.0,5,8,1,1
61,32.0,1,999,1,-0.1,93.2,-42.0,4.153,5195.8,999.0,3,0.0,0.0,0.0,3,8,0.0,6,11,1,2
62,33.0,3,999,0,1.4,93.444,-36.1,4.964,5228.1,999.0,0,1.0,0.0,0.0,1,7,0.0,6,8,1,1
63,42.0,4,999,0,-2.9,92.963,-40.8,1.26,5076.2,999.0,0,1.0,1.0,0.0,1,8,0.0,3,6,2,1
64,31.0,2,999,0,1.1,93.994,-36.4,4.855,5191.0,999.0,0,0.0,0.0,1.0,2,4,0.0,12,5,1,1
65,31.0,1,999,0,1.1,93.994,-36.4,4.857,5191.0,999.0,0,0.0,0.0,1.0,2,5,0.0,9,5,2,1
66,30.0,12,999,0,1.4,93.444,-36.1,4.962,5228.1,999.0,0,1.0,0.0,0.0,1,8,0.0,5,8,1,1
67,36.0,2,999,0,1.1,93.994,-36.4,4.856,5191.0,999.0,0,1.0,0.0,1.0,1,7,0.0,4,5,1,1
68,44.0,3,999,0,1.4,93.918,-42.7,4.961,5228.1,999.0,0,0.0,0.0,0.0,3,4,0.0,9,7,1,1
69,31.0,1,999,1,-1.8,93.075,-47.1,1.41,5099.1,999.0,2,0.0,0.0,0.0,1,5,0.0,6,4,1,2
70,43.0,4,999,0,1.4,93.918,-42.7,4.961,5228.1,999.0,0,0.0,0.0,0.0,1,5,0.0,9,7,1,1
71,31.0,3,999,0,1.4,93.444,-36.1,4.965,5228.1,999.0,0,0.0,0.0,0.0,1,5,0.0,5,8,2,1
72,31.0,1,999,0,1.4,93.918,-42.7,4.961,5228.1,999.0,0,1.0,0.0,0.0,3,6,0.0,5,7,1,1
73,31.0,2,999,0,1.4,93.444,-36.1,4.968,5228.1,999.0,0,0.0,1.0,0.0,2,2,0.0,9,8,1,1
74,38.0,1,999,0,-1.8,92.893,-46.2,1.281,5099.1,999.0,0,1.0,0.0,0.0,1,4,0.0,4,5,1,1
75,37.0,4,999,0,1.4,93.444,-36.1,4.965,5228.1,999.0,0,1.0,0.0,0.0,2,8,0.0,5,8,2,1
76,36.0,1,999,0,1.4,94.465,-41.8,4.864,5228.1,999.0,0,0.0,1.0,1.0,2,4,0.0,4,6,1,1
77,32.0,1,999,0,1.1,93.994,-36.4,4.858,5191.0,999.0,0,1.0,0.0,1.0,2,4,0.0,4,5,1,1
78,40.0,1,999,0,1.1,93.994,-36.4,4.859,5191.0,999.0,0,0.0,0.0,1.0,2,6,0.0,5,5,1,1
79,39.0,1,999,0,-1.8,92.893,-46.2,1.266,5099.1,999.0,0,0.0,0.0,0.0,1,2,0.0,4,5,1,1
80,42.0,4,999,0,-1.8,93.075,-47.1,1.466,5099.1,999.0,0,0.0,0.0,0.0,2,4,0.0,5,4,1,1
81,31.0,4,999,0,1.4,94.465,-41.8,4.962,5228.1,999.0,0,1.0,1.0,1.0,2,5,0.0,9,6,1,1
82,31.0,1,999,1,-1.8,92.893,-46.2,1.244,5099.1,999.0,1,1.0,1.0,0.0,2,7,0.0,6,5,1,2
83,45.0,1,999,0,-1.8,92.893,-46.2,1.313,5099.1,999.0,0,0.0,0.0,0.0,1,8,0.0,5,5,1,1
84,44.0,1,999,0,-1.8,93.075,-47.1,1.405,5099.1,999.0,0,1.0,0.0,0.0,2,6,0.0,3,4,1,1
85,35.0,3,999,0,1.1,93.994,-36.4,4.855,5191.0,999.0,0,0.0,0.0,1.0,2,4,0.0,7,5,1,1
86,37.0,3,999,0,1.1,93.994,-36.4,4.855,5191.0,999.0,0,0.0,0.0,1.0,2,3,0.0,4,5,1,1
87,59.0,3,999,0,1.4,94.465,-41.8,4.96,5228.1,999.0,0,1.0,0.0,1.0,2,2,0.0,8,6,2,1
88,57.0,1,999,0,1.4,94.465,-41.8,4.864,5228.1,999.0,0,1.0,0.0,1.0,3,4,0.0,4,6,1,1
89,34.0,2,999,0,-2.9,92.963,-40.8,1.262,5076.2,999.0,0,1.0,0.0,0.0,1,7,0.0,6,6,1,1
90,31.0,2,999,0,1.4,94.465,-41.8,4.864,5228.1,999.0,0,0.0,0.0,1.0,1,7,0.0,5,6,1,1
91,26.0,4,999,0,1.1,93.994,-36.4,4.857,5191.0,999.0,0,0.0,1.0,1.0,1,8,0.0,9,5,1,1
92,59.0,6,999,0,1.4,93.918,-42.7,4.962,5228.1,999.0,0,1.0,1.0,0.0,3,2,0.0,6,7,2,1
93,55.0,2,999,0,1.4,93.444,-36.1,4.964,5228.1,999.0,0,1.0,0.0,0.0,2,5,0.0,6,8,1,1
94,44.0,3,999,0,1.4,94.465,-41.8,4.961,5228.1,999.0,0,0.0,0.0,1.0,1,8,0.0,9,6,1,1
95,45.0,2,999,0,-1.7,94.215,-40.3,0.84,4991.6,999.0,0,1.0,0.0,0.0,2,7,0.0,3,7,1,1
96,31.0,1,999,0,1.4,93.444,-36.1,4.963,5228.1,999.0,0,0.0,0.0,0.0,2,6,0.0,5,8,2,1
97,31.0,1,999,0,1.1,93.994,-36.4,4.86,5191.0,999.0,0,1.0,0.0,1.0,1,8,0.0,6,5,1,1
98,32.0,10,999,1,-1.8,92.893,-46.2,1.291,5099.1,999.0,2,1.0,0.0,0.0,1,6,0.0,3,5,1,2
99,33.0,14,999,0,1.4,93.444,-36.1,4.965,5228.1,999.0,0,1.0,0.0,0.0,2,6,0.0,5,8,1,1
100,60.0,2,999,0,1.1,93.994,-36.4,4.858,5191.0,999.0,0,1.0,0.0,1.0,2,6,0.0,6,5,2,1
101,31.0,2,999,0,-0.1,93.2,-42.0,4.076,5195.8,999.0,0,0.0,0.0,0.0,2,8,0.0,2,11,1,1
102,59.0,1,999,0,1.4,94.465,-41.8,4.961,5228.1,999.0,0,0.0,0.0,1.0,1,8,0.0,8,6,1,1
103,38.0,2,999,0,-0.1,93.2,-42.0,4.191,5195.8,999.0,0,1.0,0.0,0.0,2,2,0.0,4,11,2,1
104,48.0,1,999,0,-0.1,93.2,-42.0,4.021,5195.8,999.0,0,0.0,1.0,0.0,2,6,0.0,4,11,1,1
105,66.0,1,999,1,-1.8,93.369,-34.8,0.655,5008.7,999.0,0,0.0,0.0,0.0,2,6,0.0,8,3,1,2
106,31.0,3,999,0,1.1,93.994,-36.4,4.856,5191.0,999.0,0,0.0,0.0,1.0,1,7,0.0,5,5,1,1
107,40.0,6,999,0,1.4,94.465,-41.8,4.958,5228.1,999.0,0,0.0,0.0,1.0,2,5,0.0,6,6,1,1
108,59.0,2,999,0,1.1,93.994,-36.4,4.86,5191.0,999.0,0,0.0,0.0,1.0,2,7,0.0,7,5,1,1
109,48.0,2,999,0,1.1,93.994,-36.4,4.857,5191.0,999.0,0,1.0,0.0,1.0,2,4,0.0,4,5,2,1
110,33.0,1,999,0,1.4,93.444,-36.1,4.965,5228.1,999.0,0,1.0,0.0,0.0,1,5,0.0,5,8,2,1
111,31.0,1,999,0,1.4,93.444,-36.1,4.962,5228.1,999.0,0,1.0,0.0,0.0,2,6,0.0,9,8,1,1
112,38.0,2,10,1,-1.8,92.843,-50.0,1.726,5099.1,0.333333333333,5,1.0,0.0,0.0,2,6,0.0,5,3,1,3
113,52.0,2,999,0,-0.1,93.2,-42.0,4.191,5195.8,999.0,0,0.0,0.0,0.0,2,5,0.0,9,11,2,1
114,40.0,1,999,0,1.1,93.994,-36.4,4.857,5191.0,999.0,0,1.0,0.0,1.0,2,5,0.0,9,5,1,1
115,31.0,1,999,0,-0.1,93.2,-42.0,4.12,5195.8,999.0,0,0.0,0.0,0.0,2,5,0.0,10,11,1,1
116,51.0,1,999,0,1.4,93.918,-42.7,4.959,5228.1,999.0,0,1.0,0.0,0.0,2,4,0.0,8,7,1,1
117,31.0,2,999,0,-0.1,93.2,-42.0,4.191,5195.8,999.0,0,1.0,0.0,0.0,2,8,0.0,6,11,1,1
118,50.0,2,999,0,-3.4,92.649,-30.1,0.722,5017.5,999.0,0,1.0,0.0,0.0,2,7,0.0,6,11,2,1
119,51.0,1,999,0,1.4,94.465,-41.8,4.959,5228.1,999.0,0,1.0,0.0,1.0,2,3,0.0,6,6,1,1
120,58.0,18,999,0,1.4,93.918,-42.7,4.962,5228.1,999.0,0,0.0,1.0,1.0,2,6,0.0,5,7,2,1
121,44.0,2,999,0,-3.4,92.431,-26.9,0.728,5017.5,999.0,0,0.0,1.0,0.0,2,8,0.0,5,10,1,1
122,24.0,10,999,0,1.4,93.918,-42.7,4.958,5228.1,999.0,0,0.0,0.0,1.0,1,8,0.0,5,7,1,1
123,50.0,3,999,0,1.4,93.444,-36.1,4.968,5228.1,999.0,0,0.0,1.0,0.0,2,5,0.0,6,8,1,1
124,49.0,1,3,1,-3.4,92.379,-29.8,0.788,5017.5,0.1,1,0.0,0.0,0.0,2,5,0.0,6,9,1,3
125,34.0,2,999,1,-2.9,92.201,-31.4,0.879,5076.2,999.0,3,1.0,0.0,0.0,2,5,0.0,4,8,1,2
126,39.0,2,999,0,1.1,93.994,-36.4,4.857,5191.0,999.0,0,1.0,0.0,1.0,3,8,0.0,3,5,1,1
127,31.0,4,999,0,1.1,93.994,-36.4,4.864,5191.0,999.0,0,0.0,0.0,1.0,1,8,0.0,4,5,1,1
128,39.0,1,999,0,-1.8,92.893,-46.2,1.281,5099.1,999.0,0,1.0,0.0,0.0,1,6,0.0,5,5,1,1
129,31.0,1,999,0,-1.8,93.075,-47.1,1.365,5099.1,999.0,0,1.0,0.0,0.0,2,7,0.0,9,4,1,1
130,47.0,9,999,0,1.4,93.444,-36.1,4.963,5228.1,999.0,0,0.0,0.0,0.0,1,7,0.0,6,8,1,1
131,31.0,2,999,0,1.1,93.994,-36.4,4.858,5191.0,999.0,0,1.0,0.0,1.0,1,5,0.0,6,5,1,1
132,31.0,2,999,1,-1.8,92.893,-46.2,1.344,5099.1,999.0,2,0.0,0.0,0.0,2,2,0.0,4,5,1,2
133,31.0,2,999,0,1.1,93.994,-36.4,4.857,5191.0,999.0,0,1.0,1.0,1.0,1,5,0.0,6,5,1,1
134,39.0,10,999,0,1.4,93.444,-36.1,4.962,5228.1,999.0,0,0.0,0.0,0.0,2,7,0.0,6,8,1,1
135,31.0,2,999,0,-1.8,92.893,-46.2,1.266,5099.1,999.0,0,0.0,0.0,0.0,2,8,0.0,4,5,1,1
136,31.0,1,999,0,-1.8,92.893,-46.2,1.244,5099.1,999.0,0,0.0,0.0,1.0,1,8,0.0,5,5,2,1
137,43.0,4,999,0,1.4,94.465,-41.8,4.864,5228.1,999.0,0,1.0,0.0,1.0,2,2,0.0,4,6,1,1
138,46.0,1,999,0,1.4,93.918,-42.7,4.963,5228.1,999.0,0,0.0,0.0,0.0,1,4,0.0,4,7,1,1
139,50.0,5,999,0,-1.8,92.893,-46.2,1.354,5099.1,999.0,0,1.0,0.0,1.0,2,4,0.0,7,5,2,1
140,31.0,6,999,0,1.4,93.444,-36.1,4.962,5228.1,999.0,0,0.0,0.0,0.0,2,7,0.0,6,8,1,1
141,42.0,1,999,0,-0.1,93.2,-42.0,4.12,5195.8,999.0,0,0.0,0.0,0.0,1,8,0.0,7,11,1,1
142,31.0,1,999,0,1.4,94.465,-41.8,4.967,5228.1,999.0,0,1.0,1.0,1.0,2,8,0.0,5,6,1,1
143,29.0,1,999,1,-1.8,92.893,-46.2,1.344,5099.1,999.0,3,0.0,0.0,0.0,1,7,0.0,6,5,1,2
144,31.0,1,999,0,1.1,93.994,-36.4,4.859,5191.0,999.0,0,1.0,0.0,1.0,2,7,0.0,6,5,1,1
145,44.0,6,999,0,1.4,93.918,-42.7,4.957,5228.1,999.0,0,0.0,0.0,0.0,2,3,0.0,4,7,1,1
146,59.0,1,999,0,-1.8,93.876,-40.0,0.682,5008.7,999.0,0,1.0,0.0,0.0,3,2,0.0,6,5,1,1
147,31.0,1,999,0,1.4,93.918,-42.7,4.957,5228.1,999.0,0,1.0,0.0,0.0,1,8,0.0,9,7,1,1
148,40.0,1,999,0,1.4,93.444,-36.1,4.965,5228.1,999.0,0,1.0,0.0,0.0,2,6,0.0,5,8,1,1
149,39.0,1,999,0,1.1,93.994,-36.4,4.864,5191.0,999.0,0,1.0,0.0,1.0,2,7,0.0,6,5,1,1
150,31.0,1,999,0,1.1,93.994,-36.4,4.859,5191.0,999.0,0,0.0,1.0,1.0,2,4,0.0,4,5,1,1
151,41.0,12,999,0,1.4,94.465,-41.8,4.959,5228.1,999.0,0,0.0,0.0,1.0,2,8,0.0,5,6,1,1
152,43.0,1,999,0,-0.1,93.2,-42.0,4.021,5195.8,999.0,0,0.0,0.0,0.0,1,5,0.0,3,11,1,1
153,33.0,3,999,0,1.4,94.465,-41.8,4.958,5228.1,999.0,0,1.0,0.0,1.0,1,8,0.0,3,6,1,1
154,31.0,2,999,1,-1.8,93.075,-47.1,1.445,5099.1,999.0,1,0.0,0.0,0.0,2,2,0.0,4,4,1,2
155,45.0,9,999,0,1.4,94.465,-41.8,4.962,5228.1,999.0,0,0.0,0.0,1.0,2,7,0.0,7,6,1,1
156,30.0,1,999,0,1.1,93.994,-36.4,4.857,5191.0,999.0,0,1.0,0.0,1.0,2,4,0.0,3,5,1,1
157,25.0,1,999,0,1.4,94.465,-41.8,4.961,5228.1,999.0,0,1.0,0.0,1.0,1,8,0.0,4,6,1,1
158,31.0,4,999,0,1.1,93.994,-36.4,4.859,5191.0,999.0,0,1.0,0.0,1.0,1,4,0.0,4,5,1,1
159,35.0,1,999,0,-1.8,93.075,-47.1,1.41,5099.1,999.0,0,1.0,0.0,0.0,2,8,0.0,10,4,1,1
160,31.0,1,999,1,-1.7,94.215,-40.3,0.84,4991.6,999.0,1,1.0,0.0,0.0,1,5,0.0,6,7,1,2
161,49.0,1,999,2,-3.4,92.431,-26.9,0.754,5017.5,999.0,6,0.0,0.0,0.0,3,8,0.0,5,10,1,2
162,51.0,3,999,0,1.1,93.994,-36.4,4.859,5191.0,999.0,0,1.0,0.0,1.0,2,5,0.0,9,5,1,1
163,28.0,1,999,1,-1.8,93.075,-47.1,1.405,5099.1,999.0,1,0.0,0.0,0.0,2,7,0.0,11,4,1,2
164,58.0,3,999,0,1.4,94.465,-41.8,4.958,5228.1,999.0,0,1.0,0.0,1.0,2,5,0.0,9,6,1,1
165,43.0,2,3,1,-2.9,92.963,-40.8,1.26,5076.2,0.1,5,1.0,0.0,0.0,2,7,0.0,6,6,1,3
166,31.0,3,999,0,1.1,93.994,-36.4,4.857,5191.0,999.0,0,0.0,1.0,1.0,2,4,0.0,4,5,1,1
167,31.0,3,999,0,1.4,93.444,-36.1,4.963,5228.1,999.0,0,1.0,1.0,0.0,1,7,0.0,6,8,1,1
168,28.0,1,999,0,1.1,93.994,-36.4,4.859,5191.0,999.0,0,1.0,0.0,1.0,1,7,0.0,6,5,1,1
169,42.0,2,999,0,-0.1,93.2,-42.0,4.191,5195.8,999.0,0,1.0,0.0,0.0,3,8,0.0,6,11,2,1
170,34.0,2,999,0,-1.8,93.075,-47.1,1.405,5099.1,999.0,0,1.0,0.0,0.0,2,6,0.0,5,4,1,1
171,27.0,1,999,0,1.4,93.918,-42.7,4.962,5228.1,999.0,0,0.0,0.0,0.0,1,5,0.0,6,7,1,1
172,35.0,1,999,0,1.1,93.994,-36.4,4.864,5191.0,999.0,0,0.0,0.0,1.0,2,7,0.0,6,5,1,1
173,42.0,1,999,0,-0.1,93.2,-42.0,4.191,5195.8,999.0,0,1.0,0.0,0.0,2,8,0.0,5,11,1,1
174,31.0,1,999,0,1.4,94.465,-41.8,4.961,5228.1,999.0,0,0.0,0.0,1.0,2,8,0.0,6,6,2,1
175,39.0,3,999,0,1.4,93.444,-36.1,4.965,5228.1,999.0,0,0.0,0.0,0.0,3,8,0.0,6,8,1,1
176,47.0,3,999,0,-1.8,92.893,-46.2,1.299,5099.1,999.0,0,1.0,0.0,0.0,1,8,0.0,6,5,1,1
177,28.0,3,999,0,1.1,93.994,-36.4,4.859,5191.0,999.0,0,0.0,0.0,1.0,2,8,0.0,6,5,1,1
178,38.0,1,999,0,1.4,93.918,-42.7,4.962,5228.1,999.0,0,1.0,1.0,0.0,2,8,0.0,4,7,1,1
179,56.0,1,999,0,-1.8,92.893,-46.2,1.313,5099.1,999.0,0,1.0,0.0,0.0,2,4,0.0,4,5,1,1
180,35.0,6,999,0,1.4,94.465,-41.8,4.864,5228.1,999.0,0,1.0,0.0,1.0,2,6,0.0,5,6,1,1
181,31.0,1,999,0,1.1,93.994,-36.4,4.857,5191.0,999.0,0,1.0,0.0,1.0,2,3,0.0,4,5,2,1
182,39.0,3,999,0,-1.8,92.893,-46.2,1.27,5099.1,999.0,0,1.0,0.0,0.0,1,5,0.0,6,5,1,1
183,33.0,3,4,1,-1.8,93.369,-34.8,0.655,5008.7,0.133333333333,2,1.0,0.0,0.0,2,7,0.0,6,3,1,3
184,31.0,1,999,0,1.4,93.444,-36.1,4.963,5228.1,999.0,0,1.0,0.0,0.0,2,7,0.0,6,8,1,1
185,58.0,3,999,0,1.4,93.444,-36.1,4.964,5228.1,999.0,0,1.0,0.0,0.0,2,2,0.0,8,8,1,1
186,29.0,1,999,0,1.1,93.994,-36.4,4.858,5191.0,999.0,0,1.0,0.0,1.0,1,8,0.0,9,5,2,1
187,45.0,1,999,0,1.4,93.918,-42.7,4.962,5228.1,999.0,0,0.0,0.0,0.0,2,6,0.0,5,7,1,1
188,30.0,1,999,0,1.4,93.444,-36.1,4.963,5228.1,999.0,0,1.0,0.0,0.0,2,7,0.0,6,8,1,1
189,41.0,2,999,0,-0.1,93.2,-42.0,4.191,5195.8,999.0,0,1.0,0.0,0.0,2,8,0.0,6,11,2,1
190,30.0,2,999,0,1.4,94.465,-41.8,4.864,5228.1,999.0,0,1.0,0.0,1.0,1,5,0.0,6,6,1,1
191,31.0,1,999,0,-0.1,93.2,-42.0,4.191,5195.8,999.0,0,1.0,0.0,0.0,2,8,0.0,5,11,2,1
192,37.0,2,999,1,-3.4,92.649,-30.1,0.715,5017.5,999.0,3,0.0,0.0,0.0,2,5,0.0,9,11,1,2
193,31.0,1,999,0,1.1,93.994,-36.4,4.86,5191.0,999.0,0,0.0,0.0,1.0,2,3,0.0,4,5,1,1
194,29.0,1,999,0,-0.1,93.2,-42.0,4.076,5195.8,999.0,0,1.0,0.0,0.0,1,4,0.0,4,11,1,1
195,33.0,3,999,1,-1.8,92.893,-46.2,1.327,5099.1,999.0,7,0.0,0.0,0.0,2,4,0.0,9,5,1,2
196,54.0,4,999,0,-0.1,93.2,-42.0,4.153,5195.8,999.0,0,0.0,1.0,0.0,2,7,0.0,6,11,1,1
197,45.0,10,999,0,1.4,93.444,-36.1,4.963,5228.1,999.0,0,0.0,0.0,0.0,2,8,0.0,5,8,1,1
198,34.0,2,999,0,1.4,94.465,-41.8,4.864,5228.1,999.0,0,0.0,0.0,1.0,2,5,0.0,9,6,1,1
199,26.0,6,999,0,1.4,94.465,-41.8,4.865,5228.1,999.0,0,1.0,1.0,1.0,2,8,0.0,4,6,2,1
200,54.0,1,999,0,-0.1,93.2,-42.0,4.153,5195.8,999.0,0,1.0,1.0,0.0,2,6,0.0,7,11,1,1
201,34.0,2,999,0,-1.8,93.075,-47.1,1.405,5099.1,999.0,0,1.0,1.0,0.0,1,8,0.0,1,4,2,1
202,38.0,1,999,0,1.1,93.994,-36.4,4.857,5191.0,999.0,0,0.0,0.0,1.0,2,8,0.0,4,5,1,1
203,53.0,5,999,0,1.1,93.994,-36.4,4.864,5191.0,999.0,0,0.0,0.0,1.0,2,2,0.0,9,5,1,1
204,34.0,2,999,0,-1.8,92.893,-46.2,1.299,5099.1,999.0,0,1.0,0.0,0.0,2,4,0.0,5,5,2,1
205,31.0,1,999,0,1.4,93.918,-42.7,4.963,5228.1,999.0,0,0.0,0.0,0.0,2,8,0.0,6,7,1,1
206,31.0,3,999,0,1.4,94.465,-41.8,4.967,5228.1,999.0,0,0.0,0.0,1.0,2,4,0.0,4,6,1,1
207,52.0,1,999,0,1.4,93.444,-36.1,4.968,5228.1,999.0,0,1.0,0.0,0.0,2,8,0.0,6,8,1,1
208,36.0,2,999,0,-1.8,93.075,-47.1,1.405,5099.1,999.0,0,1.0,0.0,1.0,1,8,0.0,6,4,1,1
209,36.0,2,999,1,-1.8,92.893,-46.2,1.244,5099.1,999.0,1,1.0,0.0,0.0,2,5,0.0,6,5,2,2
210,43.0,1,999,0,1.4,93.918,-42.7,4.962,5228.1,999.0,0,0.0,0.0,0.0,2,4,0.0,4,7,1,1
211,41.0,3,999,0,1.4,93.918,-42.7,4.961,5228.1,999.0,0,1.0,0.0,0.0,2,8,0.0,6,7,1,1
212,28.0,1,1,3,-3.4,92.379,-29.8,0.773,5017.5,0.0333333333333,3,1.0,0.0,0.0,1,7,0.0,6,9,1,3
213,38.0,2,999,0,1.4,94.465,-41.8,4.961,5228.1,999.0,0,0.0,0.0,1.0,2,7,0.0,6,6,1,1
214,27.0,1,999,0,1.4,94.465,-41.8,4.967,5228.1,999.0,0,0.0,0.0,1.0,1,5,0.0,11,6,1,1
215,50.0,1,999,0,1.1,93.994,-36.4,4.859,5191.0,999.0,0,1.0,1.0,1.0,2,4,0.0,2,5,1,1
216,39.0,2,999,0,-0.1,93.2,-42.0,4.191,5195.8,999.0,0,1.0,0.0,0.0,1,4,0.0,4,11,2,1
217,34.0,4,999,0,1.1,93.994,-36.4,4.855,5191.0,999.0,0,1.0,1.0,1.0,2,6,0.0,1,5,1,1
218,31.0,1,999,0,1.4,93.444,-36.1,4.968,5228.1,999.0,0,0.0,0.0,0.0,2,2,0.0,4,8,1,1
219,31.0,1,999,0,1.4,94.465,-41.8,4.961,5228.1,999.0,0,1.0,0.0,1.0,2,7,0.0,3,6,2,1
220,36.0,2,999,0,1.4,94.465,-41.8,4.959,5228.1,999.0,0,1.0,1.0,1.0,2,7,0.0,6,6,1,1
221,31.0,1,999,0,-1.8,93.075,-47.1,1.365,5099.1,999.0,0,0.0,0.0,0.0,2,7,0.0,7,4,1,1
222,31.0,1,999,0,1.4,93.918,-42.7,4.96,5228.1,999.0,0,1.0,0.0,0.0,1,5,0.0,6,7,2,1
223,49.0,1,999,0,1.4,93.444,-36.1,4.968,5228.1,999.0,0,1.0,0.0,0.0,2,6,0.0,5,8,1,1
224,57.0,6,999,0,1.4,93.444,-36.1,4.965,5228.1,999.0,0,0.0,0.0,0.0,2,8,0.0,6,8,1,1
225,49.0,3,999,0,1.1,93.994,-36.4,4.855,5191.0,999.0,0,0.0,0.0,1.0,2,8,0.0,6,5,1,1
226,32.0,1,999,0,-0.1,93.2,-42.0,4.12,5195.8,999.0,0,1.0,0.0,0.0,1,6,0.0,5,11,1,1
227,35.0,2,999,0,1.4,93.444,-36.1,4.963,5228.1,999.0,0,0.0,0.0,0.0,2,6,0.0,5,8,1,1
228,30.0,2,999,0,1.4,93.444,-36.1,4.963,5228.1,999.0,0,0.0,0.0,0.0,2,5,0.0,5,8,1,1
229,32.0,1,999,0,-1.8,92.893,-46.2,1.281,5099.1,999.0,0,1.0,0.0,0.0,2,4,0.0,9,5,1,1
230,32.0,2,999,0,1.4,93.918,-42.7,4.962,5228.1,999.0,0,0.0,0.0,0.0,1,2,0.0,4,7,1,1
231,37.0,1,999,0,-0.1,93.2,-42.0,4.191,5195.8,999.0,0,0.0,0.0,0.0,2,7,0.0,7,11,2,1
232,39.0,2,999,0,-0.1,93.2,-42.0,4.153,5195.8,999.0,0,0.0,0.0,0.0,2,5,0.0,3,11,1,1
233,56.0,1,999,0,1.1,93.994,-36.4,4.856,5191.0,999.0,0,0.0,0.0,1.0,2,8,0.0,5,5,1,1
234,31.0,2,999,0,1.4,93.444,-36.1,4.967,5228.1,999.0,0,0.0,0.0,0.0,2,7,0.0,3,8,1,1
235,31.0,2,999,0,1.4,93.444,-36.1,4.965,5228.1,999.0,0,1.0,0.0,0.0,2,7,0.0,5,8,1,1
236,34.0,1,999,0,1.4,93.918,-42.7,4.96,5228.1,999.0,0,0.0,0.0,0.0,2,6,0.0,5,7,2,1
237,47.0,2,999,0,1.4,94.465,-41.8,4.961,5228.1,999.0,0,0.0,0.0,1.0,2,8,0.0,5,6,1,1
238,31.0,1,5,1,-1.7,94.215,-40.3,0.899,4991.6,0.166666666667,1,0.0,0.0,1.0,1,8,0.0,5,7,1,3
239,31.0,1,999,0,1.4,94.465,-41.8,4.958,5228.1,999.0,0,1.0,0.0,1.0,2,8,0.0,4,6,1,1
240,53.0,4,999,0,-1.8,92.893,-46.2,1.281,5099.1,999.0,0,0.0,0.0,0.0,2,4,0.0,8,5,1,1
241,28.0,12,999,0,-1.8,92.843,-50.0,1.811,5099.1,999.0,0,1.0,0.0,0.0,1,7,0.0,5,3,2,1
242,48.0,1,999,0,1.4,93.444,-36.1,4.965,5228.1,999.0,0,1.0,0.0,0.0,2,7,0.0,6,8,1,1
243,39.0,10,999,0,1.4,93.918,-42.7,4.968,5228.1,999.0,0,0.0,0.0,0.0,1,8,0.0,6,7,1,1
244,57.0,1,999,0,1.4,93.918,-42.7,4.962,5228.1,999.0,0,1.0,0.0,0.0,2,8,0.0,4,7,1,1
245,25.0,4,999,0,1.4,93.918,-42.7,4.968,5228.1,999.0,0,1.0,0.0,0.0,1,4,0.0,6,7,1,1
246,26.0,1,999,0,1.4,93.918,-42.7,4.957,5228.1,999.0,0,0.0,0.0,0.0,2,8,0.0,4,7,1,1
247,31.0,2,999,0,1.1,93.994,-36.4,4.857,5191.0,999.0,0,0.0,0.0,1.0,1,6,0.0,4,5,1,1
248,58.0,1,999,0,1.1,93.994,-36.4,4.858,5191.0,999.0,0,0.0,0.0,1.0,1,6,0.0,3,5,1,1
249,49.0,4,999,0,1.4,93.918,-42.7,4.963,5228.1,999.0,0,1.0,0.0,0.0,3,7,0.0,1,7,1,1
250,41.0,1,999,0,-1.8,93.075,-47.1,1.365,5099.1,999.0,0,1.0,0.0,0.0,3,6,0.0,5,4,1,1
251,56.0,5,999,0,1.4,93.918,-42.7,4.962,5228.1,999.0,0,0.0,0.0,1.0,2,8,0.0,10,7,1,1
252,34.0,4,999,0,-3.4,92.649,-30.1,0.715,5017.5,999.0,0,1.0,0.0,0.0,1,2,0.0,2,11,1,1
253,49.0,4,999,0,1.1,93.994,-36.4,4.859,5191.0,999.0,0,1.0,0.0,1.0,2,8,0.0,6,5,1,1
254,27.0,6,999,0,-1.8,92.893,-46.2,1.25,5099.1,999.0,0,0.0,0.0,0.0,1,4,0.0,4,5,1,1
255,31.0,3,999,0,1.4,93.444,-36.1,4.963,5228.1,999.0,0,1.0,1.0,0.0,2,5,0.0,6,8,2,1
256,40.0,5,999,0,1.4,93.918,-42.7,4.962,5228.1,999.0,0,0.0,0.0,0.0,2,6,0.0,4,7,1,1
257,31.0,4,999,0,1.4,93.444,-36.1,4.965,5228.1,999.0,0,0.0,1.0,0.0,2,4,0.0,4,8,1,1
258,31.0,6,999,0,1.4,93.444,-36.1,4.965,5228.1,999.0,0,1.0,0.0,0.0,2,6,0.0,5,8,2,1
259,31.0,2,999,0,1.1,93.994,-36.4,4.856,5191.0,999.0,0,0.0,0.0,1.0,1,8,0.0,6,5,1,1
260,27.0,1,999,0,-1.8,92.893,-46.2,1.291,5099.1,999.0,0,1.0,0.0,0.0,2,2,0.0,4,5,1,1
261,30.0,1,999,0,1.4,93.444,-36.1,4.964,5228.1,999.0,0,1.0,0.0,0.0,1,7,0.0,5,8,1,1
262,34.0,1,999,0,1.4,93.444,-36.1,4.967,5228.1,999.0,0,0.0,0.0,0.0,1,7,0.0,5,8,1,1
263,49.0,1,999,0,1.1,93.994,-36.4,4.857,5191.0,999.0,0,1.0,0.0,1.0,3,4,0.0,5,5,2,1
264,31.0,2,999,0,-1.8,92.893,-46.2,1.281,5099.1,999.0,0,1.0,1.0,0.0,1,7,0.0,5,5,1,1
265,26.0,1,999,0,1.4,93.918,-42.7,4.958,5228.1,999.0,0,0.0,0.0,0.0,1,8,0.0,6,7,1,1
266,45.0,1,999,0,1.1,93.994,-36.4,4.86,5191.0,999.0,0,1.0,0.0,1.0,3,3,0.0,6,5,1,1
267,31.0,1,999,1,-1.8,93.075,-47.1,1.405,5099.1,999.0,0,1.0,0.0,0.0,1,7,0.0,6,4,2,2
268,34.0,1,999,1,-1.8,92.893,-46.2,1.313,5099.1,999.0,3,1.0,0.0,0.0,2,7,0.0,6,5,1,2
269,32.0,1,999,0,1.4,93.444,-36.1,4.964,5228.1,999.0,0,1.0,0.0,0.0,1,7,0.0,5,8,1,1
270,30.0,1,999,0,1.1,93.994,-36.4,4.859,5191.0,999.0,0,0.0,0.0,1.0,2,8,0.0,9,5,1,1
271,38.0,3,999,0,1.4,94.465,-41.8,4.962,5228.1,999.0,0,1.0,0.0,1.0,2,4,0.0,10,6,1,1
272,46.0,1,999,0,1.4,93.918,-42.7,4.961,5228.1,999.0,0,1.0,0.0,0.0,3,8,0.0,2,7,1,1
273,44.0,1,999,0,-0.1,93.2,-42.0,4.076,5195.8,999.0,0,0.0,0.0,0.0,2,8,0.0,4,11,1,1
274,31.0,1,999,0,-3.4,92.431,-26.9,0.743,5017.5,999.0,0,0.0,0.0,0.0,2,8,0.0,8,10,2,1
275,26.0,3,999,1,-1.8,92.893,-46.2,1.327,5099.1,999.0,2,1.0,0.0,0.0,1,4,0.0,6,5,1,2
276,39.0,13,999,0,1.4,93.918,-42.7,4.962,5228.1,999.0,0,0.0,0.0,0.0,2,7,0.0,6,7,1,1
277,30.0,2,6,2,-1.8,93.369,-34.8,0.639,5008.7,0.2,6,0.0,0.0,0.0,4,8,0.0,5,3,2,3
278,31.0,1,999,0,1.4,93.918,-42.7,4.963,5228.1,999.0,0,1.0,0.0,0.0,2,2,0.0,4,7,1,1
279,31.0,1,999,0,1.4,94.465,-41.8,4.864,5228.1,999.0,0,1.0,0.0,1.0,2,8,0.0,1,6,1,1
280,40.0,2,999,0,1.4,94.465,-41.8,4.959,5228.1,999.0,0,1.0,0.0,1.0,1,7,0.0,2,6,1,1
281,31.0,6,999,0,1.1,93.994,-36.4,4.857,5191.0,999.0,0,1.0,1.0,1.0,2,7,0.0,6,5,2,1
282,42.0,4,999,0,1.4,93.918,-42.7,4.963,5228.1,999.0,0,1.0,0.0,0.0,1,5,0.0,6,7,1,1
283,48.0,1,999,0,1.4,94.465,-41.8,4.864,5228.1,999.0,0,0.0,1.0,1.0,2,8,0.0,4,6,1,1
284,39.0,6,999,0,1.4,93.918,-42.7,4.963,5228.1,999.0,0,1.0,1.0,0.0,2,8,0.0,6,7,1,1
285,22.0,7,999,0,1.4,93.918,-42.7,4.963,5228.1,999.0,0,1.0,0.0,1.0,1,4,0.0,4,7,1,1
286,53.0,1,999,0,1.4,93.444,-36.1,4.967,5228.1,999.0,0,1.0,0.0,0.0,2,5,0.0,9,8,1,1
287,27.0,1,999,0,1.4,93.918,-42.7,4.958,5228.1,999.0,0,1.0,0.0,0.0,1,5,0.0,6,7,1,1
288,34.0,3,999,0,1.4,94.465,-41.8,4.865,5228.1,999.0,0,0.0,0.0,1.0,2,3,0.0,4,6,2,1
289,31.0,3,999,0,1.4,93.918,-42.7,4.957,5228.1,999.0,0,0.0,1.0,0.0,2,4,0.0,4,7,1,1
290,38.0,1,999,0,-1.8,92.893,-46.2,1.313,5099.1,999.0,0,1.0,0.0,0.0,1,4,0.0,4,5,1,1
291,29.0,1,999,0,-1.8,92.893,-46.2,1.313,5099.1,999.0,0,0.0,0.0,0.0,2,8,0.0,4,5,1,1
292,31.0,5,999,0,1.4,94.465,-41.8,4.961,5228.1,999.0,0,0.0,1.0,1.0,2,3,0.0,9,6,2,1
293,41.0,1,999,0,-1.8,92.893,-46.2,1.25,5099.1,999.0,0,1.0,0.0,0.0,2,2,0.0,4,5,1,1
294,47.0,1,999,0,-0.1,93.2,-42.0,4.663,5195.8,999.0,0,0.0,1.0,1.0,2,8,0.0,6,11,1,1
295,51.0,3,999,0,1.1,93.994,-36.4,4.856,5191.0,999.0,0,0.0,0.0,1.0,2,3,0.0,6,5,1,1
296,35.0,1,999,0,1.1,93.994,-36.4,4.858,5191.0,999.0,0,0.0,0.0,1.0,2,6,0.0,8,5,1,1
297,46.0,2,999,4,-1.7,94.027,-38.3,0.904,4991.6,999.0,8,1.0,0.0,0.0,2,6,0.0,5,8,1,2
298,22.0,1,999,0,1.4,93.918,-42.7,4.961,5228.1,999.0,0,1.0,0.0,0.0,1,5,0.0,6,7,1,1
299,50.0,1,999,0,-1.8,92.893,-46.2,1.266,5099.1,999.0,0,0.0,0.0,0.0,2,4,0.0,1,5,1,1
300,31.0,8,999,0,-1.8,92.893,-46.2,1.299,5099.1,999.0,0,1.0,0.0,0.0,2,7,0.0,5,5,2,1
301,27.0,2,999,0,1.4,93.918,-42.7,4.961,5228.1,999.0,0,0.0,0.0,0.0,1,8,0.0,4,7,1,1
302,51.0,3,999,0,-1.8,92.893,-46.2,1.334,5099.1,999.0,0,1.0,0.0,0.0,1,4,0.0,7,5,1,1
303,31.0,1,999,0,1.1,93.994,-36.4,4.856,5191.0,999.0,0,0.0,0.0,1.0,1,8,0.0,5,5,1,1
304,33.0,2,999,0,-1.8,92.893,-46.2,1.334,5099.1,999.0,0,1.0,0.0,0.0,2,6,0.0,9,5,1,1
305,31.0,2,999,0,1.4,94.465,-41.8,4.967,5228.1,999.0,0,1.0,0.0,1.0,2,8,0.0,6,6,1,1
306,31.0,1,999,0,-1.8,93.749,-34.6,0.642,5008.7,999.0,0,1.0,0.0,0.0,2,7,0.0,6,4,2,1
307,41.0,2,999,0,1.4,93.444,-36.1,4.962,5228.1,999.0,0,0.0,0.0,0.0,3,5,0.0,5,8,1,1
308,40.0,5,999,1,-1.8,92.893,-46.2,1.25,5099.1,999.0,2,0.0,0.0,0.0,2,5,0.0,7,5,1,2
309,47.0,1,999,0,-1.8,93.075,-47.1,1.405,5099.1,999.0,0,0.0,0.0,0.0,3,8,0.0,5,4,1,1
310,64.0,2,999,0,-1.8,93.075,-47.1,1.4,5099.1,999.0,0,1.0,0.0,0.0,2,5,0.0,3,4,1,1
311,57.0,4,999,0,1.1,93.994,-36.4,4.86,5191.0,999.0,0,1.0,0.0,1.0,2,7,0.0,6,5,1,1
312,31.0,2,999,0,1.1,93.994,-36.4,4.864,5191.0,999.0,0,1.0,1.0,1.0,2,4,0.0,7,5,1,1
313,40.0,3,999,0,-1.8,92.893,-46.2,1.266,5099.1,999.0,0,1.0,0.0,0.0,1,6,0.0,5,5,1,1
314,28.0,2,999,0,1.1,93.994,-36.4,4.864,5191.0,999.0,0,0.0,0.0,1.0,1,5,0.0,9,5,1,1
315,26.0,1,999,0,-2.9,92.201,-31.4,0.879,5076.2,999.0,0,0.0,0.0,1.0,1,4,0.0,11,8,1,1
316,31.0,1,999,0,1.4,94.465,-41.8,4.961,5228.1,999.0,0,1.0,0.0,1.0,2,6,0.0,8,6,1,1
317,66.0,1,21,2,-1.8,93.369,-34.8,0.655,5008.7,0.7,8,0.0,1.0,0.0,2,6,0.0,8,3,1,2
318,31.0,3,999,0,1.1,93.994,-36.4,4.858,5191.0,999.0,0,1.0,1.0,1.0,3,5,0.0,9,5,1,1
319,51.0,3,999,0,-0.1,93.2,-42.0,4.12,5195.8,999.0,0,1.0,0.0,0.0,2,5,0.0,6,11,1,1
320,31.0,1,999,0,1.1,93.994,-36.4,4.857,5191.0,999.0,0,0.0,0.0,1.0,2,7,0.0,3,5,2,1
321,31.0,2,999,1,-1.8,92.893,-46.2,1.259,5099.1,999.0,1,1.0,0.0,0.0,2,8,0.0,2,5,1,2
322,46.0,2,999,0,1.4,94.465,-41.8,4.866,5228.1,999.0,0,0.0,0.0,1.0,2,3,0.0,3,6,1,1
323,43.0,1,999,0,-0.1,93.2,-42.0,4.153,5195.8,999.0,0,0.0,0.0,0.0,2,8,0.0,6,11,1,1
324,31.0,2,999,0,1.4,94.465,-41.8,4.864,5228.1,999.0,0,1.0,1.0,1.0,3,8,0.0,4,6,1,1
325,29.0,2,999,0,1.4,93.444,-36.1,4.965,5228.1,999.0,0,0.0,0.0,0.0,2,7,0.0,6,8,1,1
326,51.0,3,999,0,1.4,94.465,-41.8,4.866,5228.1,999.0,0,0.0,0.0,1.0,3,8,0.0,5,6,1,1
327,31.0,1,999,1,-1.8,93.075,-47.1,1.365,5099.1,999.0,0,1.0,0.0,0.0,2,5,0.0,9,4,1,2
328,31.0,1,999,0,-1.8,93.075,-47.1,1.365,5099.1,999.0,0,1.0,0.0,0.0,2,8,0.0,5,4,1,1
329,35.0,2,999,0,1.1,93.994,-36.4,4.859,5191.0,999.0,0,0.0,0.0,1.0,2,5,0.0,9,5,1,1
330,29.0,1,999,0,1.1,93.994,-36.4,4.857,5191.0,999.0,0,0.0,0.0,1.0,1,5,0.0,5,5,2,1
331,31.0,1,999,0,-1.8,92.893,-46.2,1.334,5099.1,999.0,0,1.0,0.0,0.0,2,3,0.0,4,5,1,1
332,35.0,1,999,0,1.1,93.994,-36.4,4.858,5191.0,999.0,0,1.0,1.0,1.0,1,5,0.0,6,5,1,1
333,31.0,6,999,0,1.4,93.918,-42.7,4.968,5228.1,999.0,0,1.0,0.0,0.0,1,5,0.0,6,7,1,1
334,50.0,1,999,0,1.1,93.994,-36.4,4.856,5191.0,999.0,0,1.0,0.0,1.0,2,8,0.0,4,5,1,1
335,31.0,5,999,1,-3.4,92.649,-30.1,0.722,5017.5,999.0,4,1.0,0.0,1.0,2,6,0.0,5,11,2,2
336,63.0,1,999,0,-3.4,92.649,-30.1,0.714,5017.5,999.0,0,0.0,0.0,1.0,2,8,0.0,8,11,1,1
337,51.0,1,999,0,1.1,93.994,-36.4,4.857,5191.0,999.0,0,1.0,0.0,1.0,2,4,0.0,4,5,2,1
338,35.0,3,999,0,1.4,94.465,-41.8,4.961,5228.1,999.0,0,0.0,1.0,1.0,2,4,0.0,6,6,2,1
339,48.0,1,999,0,-1.1,94.199,-37.5,0.876,4963.6,999.0,0,1.0,0.0,1.0,2,2,0.0,2,9,2,1
340,39.0,3,999,1,-0.1,93.2,-42.0,4.021,5195.8,999.0,1,1.0,0.0,0.0,2,5,0.0,9,11,1,2
341,42.0,2,999,0,1.4,94.465,-41.8,4.962,5228.1,999.0,0,0.0,0.0,1.0,2,8,0.0,3,6,1,1
342,37.0,2,999,0,1.1,93.994,-36.4,4.857,5191.0,999.0,0,1.0,0.0,1.0,2,3,0.0,4,5,1,1
343,30.0,1,999,0,1.1,93.994,-36.4,4.859,5191.0,999.0,0,1.0,0.0,1.0,2,4,0.0,4,5,1,1
344,31.0,2,999,0,1.4,93.444,-36.1,4.963,5228.1,999.0,0,1.0,1.0,0.0,2,2,0.0,9,8,1,1
345,38.0,6,999,1,-1.8,92.893,-46.2,1.344,5099.1,999.0,1,1.0,0.0,0.0,3,5,0.0,4,5,1,2
346,31.0,1,999,0,1.4,93.918,-42.7,4.963,5228.1,999.0,0,0.0,1.0,0.0,1,5,0.0,6,7,1,1
347,51.0,1,999,0,-1.8,92.893,-46.2,1.25,5099.1,999.0,0,1.0,0.0,0.0,2,4,0.0,5,5,1,1
348,44.0,2,999,0,-1.8,93.075,-47.1,1.415,5099.1,999.0,0,1.0,0.0,0.0,1,8,0.0,5,4,1,1
349,35.0,2,999,0,1.1,93.994,-36.4,4.855,5191.0,999.0,0,1.0,1.0,1.0,2,4,0.0,9,5,1,1
350,31.0,2,999,0,-1.8,92.893,-46.2,1.266,5099.1,999.0,0,0.0,0.0,0.0,2,5,0.0,6,5,1,1
351,58.0,1,999,0,1.4,93.444,-36.1,4.964,5228.1,999.0,0,1.0,1.0,1.0,2,5,0.0,5,8,1,1
352,36.0,5,999,0,1.4,94.465,-41.8,4.967,5228.1,999.0,0,1.0,1.0,1.0,3,5,0.0,6,6,1,1
353,31.0,3,999,0,1.1,93.994,-36.4,4.857,5191.0,999.0,0,1.0,0.0,1.0,2,8,0.0,6,5,1,1
354,31.0,6,999,0,1.4,94.465,-41.8,4.959,5228.1,999.0,0,0.0,0.0,1.0,3,8,0.0,4,6,1,1
355,42.0,2,999,0,-1.8,92.893,-46.2,1.299,5099.1,999.0,0,1.0,0.0,0.0,2,8,0.0,4,5,2,1
356,39.0,3,999,0,-1.1,94.199,-37.5,0.884,4963.6,999.0,0,1.0,0.0,0.0,2,7,0.0,3,9,1,1
357,33.0,1,5,2,-1.1,94.601,-49.5,1.032,4963.6,0.166666666667,4,1.0,0.0,0.0,1,7,0.0,6,10,2,3
358,26.0,1,999,0,1.4,94.465,-41.8,4.96,5228.1,999.0,0,1.0,1.0,1.0,1,2,0.0,4,6,2,1
359,31.0,1,999,0,-1.8,93.075,-47.1,1.405,5099.1,999.0,0,0.0,1.0,0.0,2,4,0.0,4,4,2,1
360,31.0,1,999,0,1.1,93.994,-36.4,4.856,5191.0,999.0,0,1.0,0.0,1.0,2,8,0.0,6,5,1,1
361,31.0,1,999,0,-1.8,93.075,-47.1,1.405,5099.1,999.0,0,1.0,0.0,0.0,2,2,0.0,4,4,1,1
362,40.0,2,999,0,1.4,93.918,-42.7,4.962,5228.1,999.0,0,0.0,1.0,0.0,3,8,0.0,7,7,1,1
363,34.0,1,999,1,-1.8,93.075,-47.1,1.445,5099.1,999.0,2,1.0,1.0,0.0,3,5,0.0,9,4,1,2
364,31.0,1,999,0,-2.9,92.469,-33.6,1.029,5076.2,999.0,0,1.0,0.0,0.0,2,7,0.0,6,7,1,1
365,30.0,1,999,0,-3.4,92.379,-29.8,0.788,5017.5,999.0,0,0.0,0.0,0.0,1,7,0.0,1,9,1,1
366,36.0,1,999,0,1.4,93.444,-36.1,4.965,5228.1,999.0,0,1.0,0.0,0.0,1,6,0.0,5,8,2,1
367,31.0,2,999,0,-3.4,92.431,-26.9,0.744,5017.5,999.0,0,1.0,0.0,0.0,2,5,0.0,8,10,1,1
368,33.0,1,999,0,1.4,93.918,-42.7,4.962,5228.1,999.0,0,1.0,0.0,0.0,2,8,0.0,6,7,1,1
369,34.0,1,999,0,-2.9,92.201,-31.4,0.861,5076.2,999.0,0,0.0,0.0,0.0,2,8,0.0,5,8,1,1
370,41.0,1,999,0,-1.8,93.075,-47.1,1.435,5099.1,999.0,0,1.0,0.0,0.0,1,8,0.0,6,4,1,1
371,27.0,1,999,0,-2.9,92.963,-40.8,1.262,5076.2,999.0,0,0.0,0.0,0.0,1,7,0.0,1,6,1,1
372,31.0,1,999,0,1.1,93.994,-36.4,4.856,5191.0,999.0,0,0.0,0.0,1.0,3,4,0.0,5,5,1,1
373,23.0,1,999,0,1.4,93.918,-42.7,4.958,5228.1,999.0,0,0.0,0.0,0.0,1,7,0.0,3,7,1,1
374,31.0,2,999,0,1.4,93.444,-36.1,4.97,5228.1,999.0,0,1.0,0.0,0.0,2,8,0.0,4,8,2,1
375,36.0,1,999,0,1.1,93.994,-36.4,4.86,5191.0,999.0,0,0.0,0.0,1.0,2,4,0.0,4,5,1,1
376,37.0,2,999,0,1.1,93.994,-36.4,4.858,5191.0,999.0,0,0.0,1.0,1.0,2,5,0.0,1,5,1,1
377,51.0,1,999,0,-0.1,93.2,-42.0,4.191,5195.8,999.0,0,0.0,0.0,1.0,2,8,0.0,3,11,2,1
378,31.0,1,999,0,-2.9,92.469,-33.6,1.044,5076.2,999.0,0,0.0,0.0,0.0,2,5,0.0,6,7,1,1
379,46.0,2,999,0,1.4,93.918,-42.7,4.962,5228.1,999.0,0,1.0,0.0,0.0,2,5,0.0,4,7,1,1
380,31.0,2,999,0,1.4,93.444,-36.1,4.963,5228.1,999.0,0,0.0,0.0,0.0,2,2,0.0,4,8,2,1
381,28.0,4,999,0,-1.8,92.843,-50.0,1.629,5099.1,999.0,0,0.0,0.0,0.0,1,8,0.0,5,3,2,1
382,35.0,1,999,0,-1.8,92.893,-46.2,1.281,5099.1,999.0,0,0.0,0.0,0.0,2,7,0.0,7,5,1,1
383,38.0,4,999,0,1.4,93.444,-36.1,4.964,5228.1,999.0,0,1.0,1.0,0.0,2,6,0.0,5,8,1,1
384,50.0,2,999,1,-1.8,93.075,-47.1,1.405,5099.1,999.0,1,0.0,0.0,0.0,2,5,0.0,6,4,2,2
385,31.0,2,999,0,-1.8,92.893,-46.2,1.291,5099.1,999.0,0,1.0,0.0,0.0,2,8,0.0,6,5,1,1
386,33.0,6,999,0,-1.8,92.893,-46.2,1.291,5099.1,999.0,0,0.0,0.0,1.0,2,8,0.0,4,5,1,1
387,32.0,2,999,1,-1.8,92.843,-50.0,1.703,5099.1,999.0,3,0.0,0.0,0.0,1,7,0.0,3,3,2,2
388,35.0,4,999,1,-1.8,92.893,-46.2,1.281,5099.1,999.0,2,0.0,1.0,1.0,2,7,0.0,6,5,1,2
389,27.0,1,999,0,1.1,93.994,-36.4,4.856,5191.0,999.0,0,0.0,0.0,1.0,1,4,0.0,4,5,1,1
390,30.0,3,999,0,1.4,93.444,-36.1,4.962,5228.1,999.0,0,0.0,0.0,0.0,1,7,0.0,5,8,1,1
391,36.0,2,999,0,1.4,94.465,-41.8,4.961,5228.1,999.0,0,0.0,0.0,1.0,1,4,0.0,4,6,2,1
392,33.0,7,999,0,1.4,94.465,-41.8,4.864,5228.1,999.0,0,0.0,0.0,1.0,2,4,0.0,4,6,1,1
393,21.0,3,9,2,-1.7,94.027,-38.3,0.899,4991.6,0.3,6,1.0,0.0,0.0,1,5,0.0,11,8,1,3
394,31.0,5,999,0,1.1,93.994,-36.4,4.857,5191.0,999.0,0,0.0,0.0,1.0,2,6,0.0,4,5,1,1
395,38.0,1,999,0,-3.4,92.379,-29.8,0.803,5017.5,999.0,0,1.0,0.0,0.0,2,6,0.0,5,9,1,1
396,31.0,3,999,0,-1.8,93.075,-47.1,1.405,5099.1,999.0,0,0.0,0.0,0.0,2,4,0.0,4,4,2,1
397,40.0,1,999,0,-1.8,92.893,-46.2,1.344,5099.1,999.0,0,1.0,1.0,0.0,2,6,0.0,6,5,1,1
398,31.0,1,999,0,1.4,93.918,-42.7,4.957,5228.1,999.0,0,1.0,0.0,0.0,1,5,0.0,4,7,1,1
399,43.0,2,999,0,1.4,94.465,-41.8,4.866,5228.1,999.0,0,0.0,0.0,1.0,2,4,0.0,5,6,1,1
400,34.0,1,999,0,1.4,93.918,-42.7,4.96,5228.1,999.0,0,1.0,0.0,0.0,2,3,0.0,4,7,2,1
401,31.0,4,999,0,1.4,93.444,-36.1,4.962,5228.1,999.0,0,0.0,0.0,0.0,2,8,0.0,5,8,1,1
402,54.0,3,999,0,-2.9,92.201,-31.4,0.884,5076.2,999.0,0,0.0,0.0,1.0,2,7,0.0,10,8,1,1
403,31.0,4,999,0,1.1,93.994,-36.4,4.86,5191.0,999.0,0,1.0,0.0,1.0,2,7,0.0,6,5,1,1
404,56.0,1,999,0,1.4,94.465,-41.8,4.962,5228.1,999.0,0,1.0,0.0,1.0,1,8,0.0,5,6,1,1
405,28.0,1,999,0,1.4,93.918,-42.7,4.958,5228.1,999.0,0,1.0,0.0,0.0,1,8,0.0,6,7,1,1
406,31.0,1,999,0,-3.0,92.713,-33.0,0.715,5023.5,999.0,0,0.0,0.0,0.0,1,7,0.0,1,12,1,1
407,30.0,2,999,0,-1.8,92.893,-46.2,1.327,5099.1,999.0,0,0.0,0.0,0.0,2,8,0.0,4,5,1,1
408,40.0,2,999,0,1.4,93.918,-42.7,4.963,5228.1,999.0,0,0.0,0.0,0.0,3,8,0.0,6,7,1,1
409,39.0,2,999,1,-1.8,93.075,-47.1,1.405,5099.1,999.0,4,1.0,0.0,0.0,2,8,0.0,3,4,2,2
410,20.0,1,999,1,-1.1,94.601,-49.5,0.982,4963.6,999.0,0,0.0,0.0,1.0,1,8,0.0,11,10,1,2
411,39.0,2,999,0,1.4,93.444,-36.1,4.965,5228.1,999.0,0,0.0,1.0,0.0,2,7,0.0,10,8,2,1
412,32.0,9,999,0,1.1,93.994,-36.4,4.857,5191.0,999.0,0,0.0,0.0,1.0,3,2,0.0,4,5,1,1
413,43.0,3,999,0,1.4,93.918,-42.7,4.96,5228.1,999.0,0,1.0,0.0,0.0,2,7,0.0,7,7,2,1
414,37.0,2,999,2,-1.8,92.893,-46.2,1.334,5099.1,999.0,4,0.0,0.0,0.0,1,8,0.0,4,5,1,2
415,42.0,7,999,1,-0.1,93.2,-42.0,4.076,5195.8,999.0,4,0.0,0.0,0.0,2,8,0.0,9,11,1,2
416,31.0,2,999,0,1.4,94.465,-41.8,4.864,5228.1,999.0,0,0.0,0.0,1.0,2,8,0.0,4,6,1,1
417,32.0,2,999,0,1.4,94.465,-41.8,4.961,5228.1,999.0,0,0.0,0.0,1.0,2,5,0.0,9,6,1,1
418,39.0,1,999,0,-2.9,92.963,-40.8,1.252,5076.2,999.0,0,1.0,0.0,0.0,2,4,0.0,4,6,1,1
419,44.0,4,999,0,1.1,93.994,-36.4,4.857,5191.0,999.0,0,1.0,0.0,1.0,2,8,0.0,4,5,2,1
420,31.0,3,999,0,-0.1,93.2,-42.0,4.12,5195.8,999.0,0,1.0,1.0,0.0,2,7,0.0,6,11,1,1
421,29.0,1,999,0,1.4,93.918,-42.7,4.96,5228.1,999.0,0,0.0,0.0,0.0,2,5,0.0,5,7,2,1
422,32.0,1,999,0,-1.1,94.601,-49.5,0.959,4963.6,999.0,0,0.0,0.0,0.0,2,8,0.0,5,10,1,1
423,28.0,2,999,0,-1.8,92.893,-46.2,1.327,5099.1,999.0,0,1.0,1.0,0.0,1,5,0.0,6,5,1,1
424,51.0,1,999,0,-0.1,93.2,-42.0,4.153,5195.8,999.0,0,0.0,0.0,1.0,3,5,0.0,9,11,1,1
425,41.0,6,999,0,1.1,93.994,-36.4,4.857,5191.0,999.0,0,1.0,0.0,1.0,2,7,0.0,1,5,1,1
426,44.0,2,999,0,-1.8,92.843,-50.0,1.757,5099.1,999.0,0,1.0,0.0,0.0,2,3,0.0,3,3,1,1
427,37.0,3,999,0,1.1,93.994,-36.4,4.856,5191.0,999.0,0,0.0,0.0,1.0,2,5,0.0,10,5,1,1
428,39.0,1,999,0,1.4,93.918,-42.7,4.963,5228.1,999.0,0,0.0,0.0,0.0,2,4,0.0,4,7,1,1
429,31.0,2,999,0,1.4,93.444,-36.1,4.963,5228.1,999.0,0,1.0,1.0,0.0,2,8,0.0,5,8,1,1
430,31.0,1,999,0,-0.1,93.2,-42.0,4.076,5195.8,999.0,0,0.0,0.0,0.0,1,8,0.0,5,11,1,1
431,29.0,1,999,1,-0.1,93.2,-42.0,4.153,5195.8,999.0,2,0.0,0.0,0.0,1,7,0.0,3,11,1,2
432,36.0,1,999,0,1.4,93.918,-42.7,4.962,5228.1,999.0,0,1.0,0.0,0.0,2,8,0.0,3,7,1,1
433,58.0,1,999,0,1.4,93.444,-36.1,4.963,5228.1,999.0,0,0.0,0.0,0.0,2,7,0.0,8,8,1,1
434,31.0,2,999,0,-1.8,92.843,-50.0,1.687,5099.1,999.0,0,1.0,0.0,1.0,1,7,0.0,3,3,1,1
435,31.0,1,999,0,1.4,93.918,-42.7,4.962,5228.1,999.0,0,0.0,0.0,0.0,2,8,0.0,5,7,1,1
436,31.0,2,999,0,1.4,94.465,-41.8,4.962,5228.1,999.0,0,1.0,0.0,1.0,1,6,0.0,5,6,1,1
437,30.0,1,999,0,1.4,94.465,-41.8,4.864,5228.1,999.0,0,0.0,0.0,1.0,3,4,0.0,9,6,1,1
438,29.0,2,999,1,-1.8,92.893,-46.2,1.266,5099.1,999.0,1,0.0,0.0,0.0,1,8,0.0,9,5,1,2
439,53.0,2,999,0,1.4,93.918,-42.7,4.962,5228.1,999.0,0,1.0,0.0,0.0,2,8,0.0,4,7,1,1
440,31.0,1,17,1,-1.1,94.601,-49.5,0.965,4963.6,0.566666666667,1,0.0,0.0,0.0,1,8,0.0,6,10,1,3
441,37.0,2,999,0,1.1,93.994,-36.4,4.857,5191.0,999.0,0,1.0,0.0,1.0,1,4,0.0,4,5,2,1
442,56.0,2,999,0,1.4,94.465,-41.8,4.967,5228.1,999.0,0,0.0,0.0,1.0,2,2,0.0,4,6,1,1
443,33.0,1,999,0,1.4,93.918,-42.7,4.962,5228.1,999.0,0,1.0,0.0,0.0,1,4,0.0,4,7,1,1
444,31.0,2,999,0,1.4,93.918,-42.7,4.962,5228.1,999.0,0,0.0,0.0,0.0,2,8,0.0,5,7,2,1
445,40.0,2,999,0,1.4,93.918,-42.7,4.962,5228.1,999.0,0,1.0,0.0,0.0,2,4,0.0,10,7,1,1
446,52.0,1,999,0,-1.8,92.893,-46.2,1.313,5099.1,999.0,0,1.0,0.0,0.0,2,8,0.0,9,5,1,1
447,36.0,2,999,0,1.4,93.918,-42.7,4.962,5228.1,999.0,0,0.0,0.0,0.0,1,8,0.0,12,7,1,1
448,31.0,1,999,1,-2.9,92.201,-31.4,0.838,5076.2,999.0,3,0.0,0.0,0.0,2,8,0.0,2,8,1,2
449,31.0,3,999,0,1.4,93.444,-36.1,4.965,5228.1,999.0,0,0.0,0.0,0.0,2,3,0.0,2,8,2,1
450,31.0,3,999,0,1.4,93.918,-42.7,4.963,5228.1,999.0,0,1.0,0.0,0.0,1,8,0.0,12,7,1,1
451,40.0,1,999,0,-1.8,92.893,-46.2,1.291,5099.1,999.0,0,0.0,0.0,0.0,1,5,0.0,4,5,1,1
452,45.0,1,999,0,-1.8,93.075,-47.1,1.405,5099.1,999.0,0,1.0,0.0,0.0,3,4,0.0,9,4,2,1
453,44.0,1,999,0,1.4,93.444,-36.1,4.966,5228.1,999.0,0,1.0,0.0,0.0,3,5,0.0,5,8,1,1
454,32.0,2,999,0,1.4,93.444,-36.1,4.966,5228.1,999.0,0,1.0,0.0,0.0,2,7,0.0,5,8,1,1
455,55.0,1,999,0,1.1,93.994,-36.4,4.857,5191.0,999.0,0,0.0,1.0,1.0,2,2,0.0,5,5,1,1
456,43.0,2,999,0,-0.1,93.2,-42.0,4.191,5195.8,999.0,0,1.0,0.0,0.0,2,7,0.0,6,11,1,1
457,62.0,2,6,1,-1.7,94.215,-40.3,0.827,4991.6,0.2,0,0.0,1.0,0.0,2,8,0.0,5,7,1,3
458,27.0,2,999,1,-1.8,93.075,-47.1,1.41,5099.1,999.0,1,1.0,0.0,0.0,1,2,0.0,4,4,1,2
459,31.0,2,4,1,-2.9,92.201,-31.4,0.883,5076.2,0.133333333333,0,1.0,1.0,0.0,3,7,0.0,8,8,1,3
460,31.0,7,999,0,1.4,93.918,-42.7,4.957,5228.1,999.0,0,0.0,0.0,0.0,2,2,0.0,2,7,1,1
461,40.0,2,999,0,1.1,93.994,-36.4,4.856,5191.0,999.0,0,1.0,0.0,1.0,2,8,0.0,4,5,1,1
462,31.0,5,999,0,1.4,93.918,-42.7,4.961,5228.1,999.0,0,1.0,0.0,0.0,2,8,0.0,9,7,1,1
463,58.0,6,999,0,1.4,93.444,-36.1,4.962,5228.1,999.0,0,1.0,0.0,1.0,3,8,0.0,6,8,1,1
464,40.0,8,999,0,1.4,93.444,-36.1,4.965,5228.1,999.0,0,1.0,0.0,0.0,3,8,0.0,5,8,1,1
465,34.0,2,999,0,1.1,93.994,-36.4,4.857,5191.0,999.0,0,0.0,1.0,1.0,1,7,0.0,6,5,1,1
466,34.0,2,999,0,1.4,93.444,-36.1,4.966,5228.1,999.0,0,0.0,0.0,1.0,1,8,0.0,5,8,1,1
467,34.0,3,999,0,-1.8,92.893,-46.2,1.25,5099.1,999.0,0,1.0,0.0,0.0,2,7,0.0,6,5,1,1
468,30.0,2,999,0,-1.8,92.893,-46.2,1.25,5099.1,999.0,0,1.0,0.0,0.0,2,8,0.0,5,5,1,1
469,53.0,2,999,0,1.1,93.994,-36.4,4.857,5191.0,999.0,0,0.0,0.0,1.0,2,8,0.0,5,5,1,1
470,42.0,7,999,0,1.4,93.918,-42.7,4.961,5228.1,999.0,0,1.0,0.0,1.0,1,8,0.0,9,7,1,1
471,31.0,1,999,2,-1.7,94.055,-39.8,0.704,4991.6,999.0,6,1.0,0.0,0.0,1,8,0.0,6,6,1,2
472,31.0,1,999,0,1.1,93.994,-36.4,4.855,5191.0,999.0,0,1.0,0.0,1.0,2,7,0.0,2,5,1,1
473,31.0,1,999,0,1.4,93.918,-42.7,4.963,5228.1,999.0,0,0.0,0.0,1.0,1,7,0.0,7,7,1,1
474,41.0,1,999,0,-1.8,92.893,-46.2,1.244,5099.1,999.0,0,1.0,0.0,0.0,3,4,0.0,4,5,2,1
475,31.0,1,999,0,1.1,93.994,-36.4,4.856,5191.0,999.0,0,0.0,0.0,1.0,2,2,0.0,4,5,1,1
476,32.0,2,999,0,1.4,94.465,-41.8,4.864,5228.1,999.0,0,1.0,0.0,1.0,1,5,0.0,6,6,1,1
477,47.0,1,999,0,1.4,93.444,-36.1,4.968,5228.1,999.0,0,1.0,0.0,0.0,2,5,0.0,6,8,1,1
478,34.0,4,999,0,-1.8,92.843,-50.0,1.52,5099.1,999.0,0,1.0,0.0,0.0,1,8,0.0,5,3,2,1
479,31.0,6,999,0,1.4,93.918,-42.7,4.961,5228.1,999.0,0,0.0,0.0,0.0,2,8,0.0,10,7,1,1
480,44.0,4,999,0,1.4,94.465,-41.8,4.947,5228.1,999.0,0,1.0,1.0,1.0,2,8,0.0,4,6,1,1
481,40.0,5,999,0,1.4,93.918,-42.7,4.962,5228.1,999.0,0,0.0,0.0,1.0,2,6,0.0,4,7,2,1
482,33.0,2,999,0,1.4,94.465,-41.8,4.962,5228.1,999.0,0,1.0,0.0,1.0,2,2,0.0,4,6,1,1
483,31.0,5,999,0,1.4,93.444,-36.1,4.965,5228.1,999.0,0,1.0,0.0,0.0,1,8,0.0,6,8,1,1
484,32.0,1,999,0,1.4,93.444,-36.1,4.968,5228.1,999.0,0,1.0,0.0,0.0,2,7,0.0,5,8,1,1
485,48.0,1,999,0,-1.8,93.075,-47.1,1.405,5099.1,999.0,0,1.0,0.0,0.0,3,5,0.0,9,4,2,1
486,31.0,2,999,0,-1.8,92.893,-46.2,1.313,5099.1,999.0,0,1.0,0.0,0.0,2,4,0.0,4,5,1,1
487,32.0,2,999,0,-1.8,93.075,-47.1,1.365,5099.1,999.0,0,1.0,0.0,0.0,2,8,0.0,4,4,1,1
488,50.0,3,999,0,-0.1,93.2,-42.0,4.076,5195.8,999.0,0,1.0,1.0,0.0,2,7,0.0,3,11,1,1
489,33.0,1,999,0,-0.1,93.2,-42.0,4.153,5195.8,999.0,0,1.0,0.0,0.0,2,7,0.0,6,11,1,1
490,39.0,4,999,0,1.4,94.465,-41.8,4.959,5228.1,999.0,0,1.0,0.0,1.0,2,6,0.0,10,6,1,1
491,48.0,1,999,0,1.4,93.918,-42.7,4.962,5228.1,999.0,0,0.0,0.0,0.0,2,5,0.0,3,7,1,1
492,32.0,1,999,1,-1.8,93.075,-47.1,1.41,5099.1,999.0,3,1.0,0.0,0.0,2,4,0.0,4,4,1,2
493,45.0,1,999,0,1.1,93.994,-36.4,4.857,5191.0,999.0,0,0.0,0.0,1.0,2,8,0.0,4,5,2,1
494,24.0,3,999,0,-1.8,93.369,-34.8,0.643,5008.7,999.0,0,1.0,0.0,1.0,1,8,0.0,5,3,1,1
495,39.0,1,999,0,-1.8,93.075,-47.1,1.405,5099.1,999.0,0,1.0,0.0,0.0,2,7,0.0,6,4,1,1
496,40.0,1,999,0,1.1,93.994,-36.4,4.856,5191.0,999.0,0,1.0,0.0,1.0,3,7,0.0,5,5,1,1
497,42.0,1,999,0,-0.1,93.2,-42.0,4.191,5195.8,999.0,0,1.0,0.0,1.0,2,6,0.0,5,11,2,1
498,30.0,1,999,0,1.4,93.444,-36.1,4.963,5228.1,999.0,0,1.0,0.0,0.0,1,6,0.0,5,8,1,1
499,31.0,2,999,0,1.1,93.994,-36.4,4.857,5191.0,999.0,0,0.0,0.0,1.0,1,7,0.0,5,5,1,1
500,26.0,2,6,1,-1.7,94.055,-39.8,0.732,4991.6,0.2,1,0.0,1.0,0.0,1,7,0.0,6,6,1,3
501,31.0,4,999,0,1.4,94.465,-41.8,4.961,5228.1,999.0,0,1.0,0.0,1.0,2,4,0.0,1,6,2,1
502,28.0,1,999,0,1.4,93.918,-42.7,4.962,5228.1,999.0,0,0.0,0.0,0.0,2,5,0.0,9,7,1,1
503,51.0,6,999,0,1.4,93.918,-42.7,4.963,5228.1,999.0,0,0.0,1.0,1.0,2,2,0.0,4,7,1,1
504,49.0,1,999,0,-0.1,93.2,-42.0,4.12,5195.8,999.0,0,0.0,0.0,0.0,2,8,0.0,3,11,1,1
505,45.0,3,999,0,-1.8,92.893,-46.2,1.259,5099.1,999.0,0,1.0,0.0,0.0,2,6,0.0,4,5,1,1
506,41.0,2,999,0,1.4,94.465,-41.8,4.866,5228.1,999.0,0,0.0,0.0,1.0,2,7,0.0,6,6,1,1
507,31.0,1,6,1,-1.1,94.767,-50.8,1.05,4963.6,0.2,3,1.0,0.0,1.0,1,5,0.0,6,11,2,3
508,48.0,1,999,0,1.4,93.444,-36.1,4.965,5228.1,999.0,0,1.0,0.0,0.0,2,8,0.0,10,8,1,1
509,31.0,9,999,0,1.4,93.918,-42.7,4.961,5228.1,999.0,0,0.0,1.0,0.0,1,8,0.0,4,7,1,1
510,26.0,3,999,0,1.4,93.918,-42.7,4.962,5228.1,999.0,0,0.0,0.0,0.0,1,5,0.0,4,7,1,1
511,71.0,1,999,0,-3.4,92.431,-26.9,0.742,5017.5,999.0,0,1.0,0.0,0.0,1,8,0.0,8,10,1,1
512,30.0,7,999,0,1.4,94.465,-41.8,4.866,5228.1,999.0,0,0.0,0.0,1.0,1,8,0.0,3,6,1,1
513,31.0,4,999,0,1.4,93.918,-42.7,4.96,5228.1,999.0,0,1.0,0.0,0.0,3,5,0.0,2,7,2,1
514,40.0,2,999,0,1.4,94.465,-41.8,4.96,5228.1,999.0,0,1.0,0.0,1.0,2,8,0.0,4,6,1,1
515,52.0,1,999,1,-0.1,93.2,-42.0,4.153,5195.8,999.0,0,1.0,0.0,0.0,2,8,0.0,3,11,1,2
516,30.0,1,999,0,1.1,93.994,-36.4,4.856,5191.0,999.0,0,0.0,0.0,1.0,2,7,0.0,5,5,1,1
517,32.0,2,999,0,1.1,93.994,-36.4,4.855,5191.0,999.0,0,0.0,0.0,1.0,2,8,0.0,4,5,1,1
518,57.0,4,999,1,-0.1,93.2,-42.0,4.021,5195.8,999.0,2,0.0,0.0,0.0,3,7,0.0,6,11,1,2
519,53.0,3,999,0,1.4,93.918,-42.7,4.963,5228.1,999.0,0,0.0,1.0,0.0,2,2,0.0,2,7,1,1
520,26.0,1,999,0,1.1,93.994,-36.4,4.858,5191.0,999.0,0,1.0,1.0,1.0,1,2,0.0,4,5,1,1
521,31.0,2,999,0,1.1,93.994,-36.4,4.864,5191.0,999.0,0,1.0,0.0,1.0,1,8,0.0,4,5,1,1
522,43.0,5,999,0,1.4,93.918,-42.7,4.961,5228.1,999.0,0,0.0,0.0,0.0,2,5,0.0,6,7,1,1
523,53.0,1,999,0,1.4,93.444,-36.1,4.964,5228.1,999.0,0,1.0,1.0,0.0,2,8,0.0,6,8,1,1
524,38.0,1,999,0,-1.8,92.893,-46.2,1.299,5099.1,999.0,0,1.0,0.0,0.0,2,5,0.0,4,5,2,1
525,45.0,1,999,0,1.1,93.994,-36.4,4.857,5191.0,999.0,0,0.0,0.0,1.0,3,8,0.0,4,5,1,1
526,27.0,1,999,0,1.4,93.918,-42.7,4.962,5228.1,999.0,0,1.0,1.0,0.0,2,7,0.0,6,7,1,1
527,49.0,1,999,0,-0.1,93.2,-42.0,4.076,5195.8,999.0,0,1.0,0.0,0.0,2,8,0.0,6,11,1,1
528,54.0,18,999,0,1.4,94.465,-41.8,4.961,5228.1,999.0,0,0.0,0.0,1.0,4,3,0.0,4,6,1,1
529,37.0,1,999,0,-0.1,93.2,-42.0,4.021,5195.8,999.0,0,1.0,1.0,0.0,2,8,0.0,6,11,1,1
530,43.0,2,999,0,1.4,93.918,-42.7,4.962,5228.1,999.0,0,0.0,0.0,0.0,2,5,0.0,6,7,1,1
531,31.0,1,999,0,1.4,93.444,-36.1,4.963,5228.1,999.0,0,0.0,0.0,0.0,2,6,0.0,5,8,1,1
532,31.0,2,999,0,1.1,93.994,-36.4,4.859,5191.0,999.0,0,1.0,0.0,1.0,3,8,0.0,9,5,1,1
533,35.0,4,999,0,1.4,93.444,-36.1,4.966,5228.1,999.0,0,1.0,0.0,0.0,1,8,0.0,6,8,1,1
534,34.0,1,999,0,1.1,93.994,-36.4,4.856,5191.0,999.0,0,0.0,0.0,1.0,2,6,0.0,5,5,1,1
535,41.0,1,999,0,1.1,93.994,-36.4,4.857,5191.0,999.0,0,1.0,0.0,1.0,3,2,0.0,4,5,2,1
536,43.0,1,999,0,1.4,94.465,-41.8,4.962,5228.1,999.0,0,1.0,1.0,1.0,2,8,0.0,1,6,1,1
537,50.0,2,999,0,1.1,93.994,-36.4,4.86,5191.0,999.0,0,0.0,0.0,1.0,1,8,0.0,4,5,1,1
538,33.0,1,999,1,-1.8,92.893,-46.2,1.264,5099.1,999.0,5,1.0,0.0,0.0,2,5,0.0,10,5,2,2
539,32.0,4,999,0,1.4,93.918,-42.7,4.962,5228.1,999.0,0,1.0,1.0,0.0,3,7,0.0,7,7,1,1
540,34.0,2,999,0,1.4,93.918,-42.7,4.957,5228.1,999.0,0,0.0,0.0,0.0,2,5,0.0,6,7,1,1
541,46.0,2,999,0,-1.8,93.075,-47.1,1.365,5099.1,999.0,0,1.0,0.0,0.0,2,6,0.0,5,4,1,1
542,53.0,6,999,0,-1.8,92.893,-46.2,1.244,5099.1,999.0,0,1.0,0.0,0.0,3,8,0.0,5,5,2,1
543,31.0,1,999,1,-1.8,92.893,-46.2,1.327,5099.1,999.0,2,1.0,0.0,0.0,2,4,0.0,4,5,1,2
544,31.0,4,999,0,1.4,93.918,-42.7,4.962,5228.1,999.0,0,1.0,0.0,1.0,1,8,0.0,11,7,1,1
545,27.0,3,999,0,-2.9,92.469,-33.6,0.944,5076.2,999.0,0,1.0,0.0,0.0,1,7,0.0,5,7,2,1
546,35.0,1,999,1,-1.8,92.893,-46.2,1.327,5099.1,999.0,2,0.0,0.0,0.0,1,8,0.0,9,5,1,2
547,31.0,2,999,0,-1.8,92.893,-46.2,1.344,5099.1,999.0,0,1.0,0.0,0.0,2,6,0.0,5,5,1,1
548,31.0,3,999,0,1.4,93.444,-36.1,4.963,5228.1,999.0,0,1.0,1.0,0.0,2,4,0.0,9,8,2,1
549,41.0,2,999,0,1.4,94.465,-41.8,4.959,5228.1,999.0,0,0.0,0.0,1.0,2,4,0.0,4,6,1,1
550,42.0,1,999,0,1.4,93.918,-42.7,4.961,5228.1,999.0,0,0.0,1.0,0.0,2,4,0.0,6,7,1,1
551,50.0,3,999,1,-1.8,92.893,-46.2,1.291,5099.1,999.0,0,0.0,0.0,1.0,3,7,0.0,3,5,1,2
552,30.0,3,999,1,-1.8,92.893,-46.2,1.25,5099.1,999.0,0,1.0,0.0,0.0,1,5,0.0,6,5,1,2
553,71.0,2,4,1,-1.8,93.749,-34.6,0.645,5008.7,0.133333333333,2,0.0,0.0,0.0,2,2,0.0,8,4,2,3
554,53.0,1,999,0,1.1,93.994,-36.4,4.864,5191.0,999.0,0,1.0,0.0,1.0,2,8,0.0,5,5,1,1
555,37.0,8,999,0,1.1,93.994,-36.4,4.864,5191.0,999.0,0,0.0,0.0,1.0,3,8,0.0,6,5,1,1
556,27.0,1,999,0,-1.8,93.075,-47.1,1.445,5099.1,999.0,0,1.0,0.0,0.0,1,4,0.0,5,4,1,1
557,56.0,1,999,0,1.4,93.918,-42.7,4.962,5228.1,999.0,0,0.0,0.0,0.0,2,8,0.0,9,7,1,1
558,32.0,6,999,0,-1.8,92.893,-46.2,1.25,5099.1,999.0,0,0.0,0.0,0.0,1,3,0.0,4,5,1,1
559,30.0,8,999,0,1.1,93.994,-36.4,4.857,5191.0,999.0,0,0.0,0.0,1.0,2,7,0.0,9,5,1,1
560,31.0,1,999,0,1.1,93.994,-36.4,4.857,5191.0,999.0,0,1.0,0.0,1.0,1,2,0.0,10,5,1,1
561,36.0,3,999,0,1.1,93.994,-36.4,4.86,5191.0,999.0,0,0.0,0.0,1.0,1,4,0.0,4,5,1,1
562,31.0,1,999,0,1.1,93.994,-36.4,4.857,5191.0,999.0,0,1.0,0.0,1.0,2,7,0.0,7,5,2,1
563,31.0,2,999,0,-1.8,92.843,-50.0,1.548,5099.1,999.0,0,0.0,0.0,0.0,1,7,0.0,6,3,1,1
564,31.0,1,999,0,1.1,93.994,-36.4,4.857,5191.0,999.0,0,0.0,1.0,1.0,3,8,0.0,9,5,1,1
565,28.0,1,999,0,-1.8,93.075,-47.1,1.41,5099.1,999.0,0,1.0,0.0,0.0,2,8,0.0,1,4,1,1
566,31.0,2,999,0,1.1,93.994,-36.4,4.857,5191.0,999.0,0,1.0,0.0,1.0,2,4,0.0,4,5,1,1
567,31.0,1,999,0,1.1,93.994,-36.4,4.86,5191.0,999.0,0,1.0,0.0,1.0,2,5,0.0,5,5,1,1
568,42.0,1,999,0,1.4,93.918,-42.7,4.963,5228.1,999.0,0,0.0,0.0,0.0,2,8,0.0,1,7,1,1
569,30.0,2,999,0,1.4,93.444,-36.1,4.963,5228.1,999.0,0,1.0,0.0,0.0,2,8,0.0,6,8,2,1
570,31.0,11,999,0,1.4,93.444,-36.1,4.964,5228.1,999.0,0,1.0,0.0,0.0,2,7,0.0,10,8,1,1
571,31.0,1,999,0,1.1,93.994,-36.4,4.856,5191.0,999.0,0,1.0,0.0,1.0,1,8,0.0,3,5,1,1
572,31.0,4,999,0,1.4,93.444,-36.1,4.965,5228.1,999.0,0,1.0,0.0,0.0,2,5,0.0,8,8,1,1
573,31.0,1,999,0,-3.4,92.379,-29.8,0.803,5017.5,999.0,0,1.0,0.0,1.0,2,8,0.0,5,9,1,1
574,49.0,1,999,0,-1.8,92.893,-46.2,1.281,5099.1,999.0,0,1.0,0.0,0.0,2,2,0.0,10,5,1,1
575,27.0,5,999,0,1.4,93.918,-42.7,4.962,5228.1,999.0,0,1.0,1.0,1.0,1,5,0.0,6,7,2,1
576,42.0,3,999,0,1.1,93.994,-36.4,4.855,5191.0,999.0,0,0.0,0.0,1.0,2,3,0.0,4,5,1,1
577,45.0,1,999,0,1.1,93.994,-36.4,4.856,5191.0,999.0,0,0.0,0.0,1.0,2,5,0.0,9,5,1,1
578,38.0,3,999,0,-1.8,93.075,-47.1,1.405,5099.1,999.0,0,1.0,0.0,0.0,2,7,0.0,1,4,2,1
579,36.0,2,999,1,-2.9,92.201,-31.4,0.873,5076.2,999.0,2,1.0,0.0,0.0,2,6,0.0,5,8,1,2
580,48.0,5,999,0,1.4,93.444,-36.1,4.968,5228.1,999.0,0,1.0,1.0,0.0,2,2,0.0,4,8,1,1
581,33.0,2,999,0,1.4,94.465,-41.8,4.962,5228.1,999.0,0,1.0,1.0,1.0,2,8,0.0,2,6,1,1
582,37.0,2,6,1,-3.0,92.713,-33.0,0.706,5023.5,0.2,0,0.0,1.0,0.0,2,7,0.0,6,12,2,3
583,32.0,2,999,0,1.4,93.444,-36.1,4.964,5228.1,999.0,0,0.0,0.0,0.0,2,6,0.0,5,8,1,1
584,31.0,1,999,0,1.4,93.918,-42.7,4.963,5228.1,999.0,0,0.0,0.0,0.0,3,5,0.0,9,7,1,1
585,53.0,2,999,0,-1.8,92.893,-46.2,1.291,5099.1,999.0,0,1.0,0.0,0.0,2,6,0.0,5,5,1,1
586,32.0,1,999,0,1.4,93.918,-42.7,4.963,5228.1,999.0,0,1.0,0.0,0.0,2,5,0.0,6,7,1,1
587,31.0,1,999,0,1.1,93.994,-36.4,4.857,5191.0,999.0,0,0.0,0.0,1.0,2,4,0.0,4,5,2,1
588,30.0,1,999,0,1.4,93.918,-42.7,4.963,5228.1,999.0,0,1.0,0.0,0.0,2,8,0.0,9,7,1,1
589,47.0,2,999,0,1.1,93.994,-36.4,4.857,5191.0,999.0,0,1.0,0.0,1.0,2,2,0.0,4,5,2,1
590,64.0,1,999,0,-2.9,92.963,-40.8,1.099,5076.2,999.0,0,0.0,0.0,0.0,2,8,0.0,3,6,1,1
591,24.0,2,999,0,-1.8,93.075,-47.1,1.466,5099.1,999.0,0,0.0,0.0,0.0,1,7,0.0,11,4,2,1
592,32.0,2,999,0,-1.8,92.893,-46.2,1.327,5099.1,999.0,0,0.0,0.0,0.0,2,4,0.0,4,5,1,1
593,49.0,1,999,0,-3.4,92.431,-26.9,0.74,5017.5,999.0,0,0.0,0.0,0.0,1,8,0.0,6,10,1,1
594,31.0,1,999,2,-1.7,94.027,-38.3,0.898,4991.6,999.0,6,0.0,0.0,0.0,1,7,0.0,1,8,2,2
595,50.0,3,999,0,1.4,93.444,-36.1,4.963,5228.1,999.0,0,0.0,0.0,0.0,2,8,0.0,6,8,2,1
596,42.0,1,999,0,1.4,93.918,-42.7,4.962,5228.1,999.0,0,0.0,0.0,0.0,2,8,0.0,6,7,1,1
597,31.0,1,999,0,1.4,93.918,-42.7,4.963,5228.1,999.0,0,1.0,1.0,0.0,3,8,0.0,4,7,1,1
598,29.0,3,999,0,-0.1,93.2,-42.0,4.021,5195.8,999.0,0,0.0,0.0,0.0,1,8,0.0,5,11,1,1
599,40.0,1,999,0,-3.4,92.649,-30.1,0.716,5017.5,999.0,0,0.0,0.0,0.0,3,2,0.0,10,11,1,1
600,55.0,1,999,1,-1.8,92.893,-46.2,1.299,5099.1,999.0,2,0.0,0.0,1.0,2,4,0.0,8,5,1,2
601,39.0,3,999,0,1.1,93.994,-36.4,4.855,5191.0,999.0,0,1.0,1.0,1.0,2,8,0.0,2,5,1,1
602,31.0,3,999,0,1.4,93.444,-36.1,4.966,5228.1,999.0,0,1.0,0.0,0.0,3,7,0.0,6,8,1,1
603,28.0,2,999,0,-1.8,92.893,-46.2,1.354,5099.1,999.0,0,0.0,0.0,0.0,2,3,0.0,4,5,2,1
604,52.0,1,999,0,1.1,93.994,-36.4,4.859,5191.0,999.0,0,1.0,0.0,1.0,2,4,0.0,4,5,1,1
605,37.0,5,999,0,1.1,93.994,-36.4,4.86,5191.0,999.0,0,1.0,0.0,1.0,2,8,0.0,6,5,1,1
606,34.0,2,999,0,-1.8,92.893,-46.2,1.244,5099.1,999.0,0,0.0,1.0,0.0,2,8,0.0,6,5,1,1
607,31.0,1,999,0,-3.4,92.431,-26.9,0.743,5017.5,999.0,0,1.0,0.0,0.0,1,8,0.0,3,10,2,1
608,31.0,1,999,0,-1.8,93.075,-47.1,1.405,5099.1,999.0,0,1.0,0.0,0.0,2,8,0.0,4,4,1,1
609,31.0,3,999,0,1.4,93.444,-36.1,4.963,5228.1,999.0,0,1.0,1.0,0.0,1,7,0.0,5,8,1,1
610,39.0,3,999,0,1.1,93.994,-36.4,4.855,5191.0,999.0,0,1.0,0.0,1.0,3,8,0.0,9,5,1,1
611,54.0,1,999,1,-0.1,93.2,-42.0,4.191,5195.8,999.0,4,0.0,0.0,0.0,1,4,0.0,2,11,2,2
612,46.0,2,999,0,1.4,93.444,-36.1,4.967,5228.1,999.0,0,1.0,0.0,0.0,3,8,0.0,4,8,1,1
613,31.0,1,999,0,1.4,93.918,-42.7,4.968,5228.1,999.0,0,0.0,0.0,0.0,2,8,0.0,9,7,1,1
614,31.0,1,999,0,1.4,94.465,-41.8,4.961,5228.1,999.0,0,0.0,0.0,1.0,2,8,0.0,5,6,1,1
615,31.0,1,999,0,1.4,93.444,-36.1,4.966,5228.1,999.0,0,1.0,0.0,0.0,2,4,0.0,2,8,1,1
616,31.0,2,999,0,1.1,93.994,-36.4,4.857,5191.0,999.0,0,0.0,0.0,1.0,3,5,0.0,7,5,2,1
617,39.0,2,999,0,1.1,93.994,-36.4,4.857,5191.0,999.0,0,0.0,0.0,1.0,2,8,0.0,4,5,1,1
618,41.0,1,999,0,1.4,93.918,-42.7,4.963,5228.1,999.0,0,1.0,0.0,0.0,3,8,0.0,7,7,1,1
619,50.0,2,999,0,-0.1,93.2,-42.0,4.076,5195.8,999.0,0,1.0,0.0,1.0,2,6,0.0,4,11,1,1
620,49.0,2,999,0,-3.4,92.379,-29.8,0.77,5017.5,999.0,0,1.0,0.0,0.0,2,2,0.0,4,9,1,1
621,24.0,1,999,1,-1.8,93.075,-47.1,1.423,5099.1,999.0,2,1.0,0.0,0.0,1,5,0.0,6,4,1,2
622,36.0,7,999,0,-1.8,92.893,-46.2,1.344,5099.1,999.0,0,1.0,1.0,1.0,2,8,0.0,4,5,1,1
623,31.0,3,3,1,-3.4,92.431,-26.9,0.743,5017.5,0.1,0,1.0,0.0,1.0,2,8,0.0,4,10,2,3
624,25.0,1,999,0,1.4,93.918,-42.7,4.958,5228.1,999.0,0,0.0,0.0,0.0,1,3,0.0,9,7,1,1
625,45.0,2,999,0,1.4,94.465,-41.8,4.961,5228.1,999.0,0,1.0,0.0,1.0,2,3,0.0,4,6,1,1
626,31.0,1,999,0,1.1,93.994,-36.4,4.857,5191.0,999.0,0,0.0,0.0,1.0,2,7,0.0,3,5,1,1
627,48.0,2,999,1,-1.8,93.749,-34.6,0.644,5008.7,999.0,3,1.0,0.0,0.0,2,7,0.0,6,4,1,2
628,40.0,7,999,0,1.4,94.465,-41.8,4.961,5228.1,999.0,0,0.0,0.0,1.0,2,8,0.0,4,6,1,1
629,31.0,2,999,0,-0.1,93.2,-42.0,4.076,5195.8,999.0,0,0.0,0.0,0.0,3,8,0.0,3,11,1,1
630,33.0,5,999,0,1.4,93.444,-36.1,4.962,5228.1,999.0,0,0.0,0.0,0.0,2,7,0.0,6,8,1,1
631,26.0,4,999,0,1.4,93.918,-42.7,4.962,5228.1,999.0,0,1.0,1.0,0.0,2,5,0.0,9,7,1,1
632,30.0,3,999,0,1.4,93.444,-36.1,4.968,5228.1,999.0,0,1.0,1.0,0.0,1,7,0.0,5,8,1,1
633,51.0,2,999,0,-0.1,93.2,-42.0,4.021,5195.8,999.0,0,1.0,0.0,0.0,2,6,0.0,5,11,1,1
634,30.0,7,999,0,-1.8,92.893,-46.2,1.266,5099.1,999.0,0,1.0,0.0,0.0,1,8,0.0,6,5,1,1
635,29.0,1,999,0,1.1,93.994,-36.4,4.859,5191.0,999.0,0,0.0,0.0,1.0,2,5,0.0,2,5,1,1
636,31.0,1,999,0,1.4,94.465,-41.8,4.864,5228.1,999.0,0,0.0,0.0,1.0,2,8,0.0,10,6,1,1
637,38.0,2,999,0,-1.8,93.876,-40.0,0.699,5008.7,999.0,0,0.0,0.0,0.0,1,8,0.0,6,5,1,1
638,28.0,1,999,0,-1.8,92.893,-46.2,1.281,5099.1,999.0,0,1.0,0.0,0.0,1,4,0.0,4,5,1,1
639,43.0,1,999,0,-0.1,93.2,-42.0,4.021,5195.8,999.0,0,1.0,0.0,0.0,1,5,0.0,3,11,1,1
640,25.0,4,999,0,-3.4,92.649,-30.1,0.715,5017.5,999.0,0,0.0,1.0,0.0,1,7,0.0,5,11,1,1
641,29.0,2,999,1,-1.8,92.893,-46.2,1.281,5099.1,999.0,0,1.0,0.0,0.0,1,6,0.0,1,5,1,2
642,51.0,1,13,1,-2.9,92.469,-33.6,1.072,5076.2,0.433333333333,3,0.0,0.0,0.0,2,6,0.0,5,7,1,3
643,39.0,2,999,0,1.4,93.444,-36.1,4.968,5228.1,999.0,0,0.0,1.0,0.0,1,5,0.0,6,8,1,1
644,28.0,1,999,0,1.4,93.918,-42.7,4.962,5228.1,999.0,0,1.0,0.0,0.0,3,8,0.0,5,7,1,1
645,45.0,1,999,0,1.1,93.994,-36.4,4.86,5191.0,999.0,0,1.0,0.0,1.0,2,8,0.0,12,5,1,1
646,36.0,2,999,1,-1.8,92.843,-50.0,1.531,5099.1,999.0,3,1.0,1.0,0.0,2,7,0.0,10,3,1,2
647,71.0,2,999,0,-1.8,93.075,-47.1,1.415,5099.1,999.0,0,1.0,0.0,0.0,2,8,0.0,8,4,1,1
648,32.0,11,999,0,1.4,94.465,-41.8,4.959,5228.1,999.0,0,0.0,1.0,1.0,1,7,0.0,6,6,1,1
649,30.0,2,999,0,1.4,93.918,-42.7,4.961,5228.1,999.0,0,0.0,0.0,0.0,2,4,0.0,9,7,1,1
650,35.0,1,7,3,-3.4,92.649,-30.1,0.714,5017.5,0.233333333333,12,0.0,0.0,1.0,2,8,0.0,3,11,2,2
651,31.0,3,999,0,1.4,93.918,-42.7,4.968,5228.1,999.0,0,0.0,0.0,0.0,2,6,0.0,5,7,1,1
652,28.0,1,999,0,1.1,93.994,-36.4,4.859,5191.0,999.0,0,1.0,0.0,1.0,2,8,0.0,4,5,1,1
653,49.0,1,999,0,1.4,94.465,-41.8,4.958,5228.1,999.0,0,0.0,0.0,1.0,3,8,0.0,5,6,1,1
654,28.0,2,999,0,1.4,93.918,-42.7,4.962,5228.1,999.0,0,0.0,0.0,0.0,1,4,0.0,4,7,1,1
655,31.0,1,999,0,-1.8,92.893,-46.2,1.291,5099.1,999.0,0,1.0,0.0,0.0,1,5,0.0,5,5,1,1
656,31.0,4,999,0,1.1,93.994,-36.4,4.857,5191.0,999.0,0,1.0,0.0,1.0,2,2,0.0,4,5,1,1
657,31.0,7,999,0,1.4,93.918,-42.7,4.96,5228.1,999.0,0,0.0,0.0,0.0,2,5,0.0,10,7,2,1
658,38.0,2,999,0,1.4,93.444,-36.1,4.963,5228.1,999.0,0,1.0,0.0,0.0,3,7,0.0,5,8,2,1
659,31.0,2,999,0,1.4,93.444,-36.1,4.964,5228.1,999.0,0,1.0,0.0,0.0,2,7,0.0,5,8,1,1
660,36.0,2,999,0,1.4,94.465,-41.8,4.967,5228.1,999.0,0,0.0,0.0,1.0,2,8,0.0,9,6,1,1
661,42.0,3,999,0,1.4,93.918,-42.7,4.958,5228.1,999.0,0,1.0,0.0,1.0,1,6,0.0,1,7,1,1
662,32.0,1,999,1,-2.9,92.963,-40.8,1.266,5076.2,999.0,2,1.0,0.0,0.0,2,7,0.0,6,6,2,2
663,69.0,1,999,0,-3.4,92.379,-29.8,0.773,5017.5,999.0,0,0.0,0.0,0.0,2,5,0.0,8,9,1,1
664,45.0,2,999,0,-1.8,92.893,-46.2,1.266,5099.1,999.0,0,1.0,1.0,1.0,3,7,0.0,7,5,1,1
665,31.0,2,999,0,1.4,94.465,-41.8,4.961,5228.1,999.0,0,0.0,0.0,1.0,1,6,0.0,7,6,1,1
666,46.0,3,999,0,-3.4,92.379,-29.8,0.803,5017.5,999.0,0,1.0,1.0,0.0,2,5,0.0,6,9,1,1
667,30.0,2,999,0,1.4,93.918,-42.7,4.957,5228.1,999.0,0,1.0,0.0,0.0,2,8,0.0,4,7,1,1
668,35.0,1,999,0,1.4,94.465,-41.8,4.961,5228.1,999.0,0,0.0,1.0,1.0,2,8,0.0,6,6,1,1
669,37.0,1,999,0,1.4,94.465,-41.8,4.967,5228.1,999.0,0,0.0,0.0,1.0,2,8,0.0,10,6,1,1
670,31.0,1,999,0,1.4,93.444,-36.1,4.966,5228.1,999.0,0,0.0,0.0,0.0,1,8,0.0,6,8,1,1
671,31.0,8,999,0,1.1,93.994,-36.4,4.857,5191.0,999.0,0,1.0,0.0,1.0,2,8,0.0,4,5,1,1
672,33.0,1,999,1,-0.1,93.2,-42.0,4.153,5195.8,999.0,2,1.0,0.0,0.0,2,5,0.0,6,11,1,2
673,31.0,1,999,0,-3.4,92.431,-26.9,0.754,5017.5,999.0,0,1.0,0.0,1.0,2,4,0.0,8,10,1,1
674,39.0,1,999,0,1.4,94.465,-41.8,4.961,5228.1,999.0,0,1.0,0.0,1.0,1,8,0.0,11,6,1,1
675,51.0,3,999,0,-1.8,92.893,-46.2,1.334,5099.1,999.0,0,1.0,1.0,0.0,1,8,0.0,6,5,1,1
676,31.0,4,999,0,-0.1,93.2,-42.0,4.076,5195.8,999.0,0,0.0,0.0,0.0,2,5,0.0,6,11,1,1
677,31.0,2,999,3,-3.4,92.431,-26.9,0.731,5017.5,999.0,3,1.0,0.0,0.0,3,2,0.0,8,10,2,2
678,58.0,1,999,0,-1.8,93.749,-34.6,0.64,5008.7,999.0,0,0.0,1.0,0.0,1,6,0.0,2,4,1,1
679,31.0,6,999,0,-1.8,93.075,-47.1,1.405,5099.1,999.0,0,1.0,0.0,0.0,2,6,0.0,5,4,1,1
680,39.0,1,999,0,-1.8,93.075,-47.1,1.405,5099.1,999.0,0,1.0,0.0,0.0,2,8,0.0,5,4,1,1
681,34.0,2,999,1,-1.8,93.075,-47.1,1.405,5099.1,999.0,1,0.0,0.0,0.0,1,4,0.0,4,4,2,2
682,31.0,2,999,0,-1.8,93.075,-47.1,1.423,5099.1,999.0,0,1.0,0.0,0.0,2,8,0.0,6,4,1,1
683,56.0,1,999,0,1.4,93.918,-42.7,4.962,5228.1,999.0,0,0.0,0.0,0.0,2,4,0.0,1,7,1,1
684,27.0,1,6,1,-1.1,94.199,-37.5,0.879,4963.6,0.2,5,1.0,0.0,0.0,1,8,0.0,5,9,1,3
685,31.0,3,999,0,1.4,93.918,-42.7,4.968,5228.1,999.0,0,1.0,0.0,0.0,2,7,0.0,6,7,1,1
686,59.0,3,3,1,-3.4,92.379,-29.8,0.797,5017.5,0.1,3,1.0,1.0,0.0,2,8,0.0,6,9,1,3
687,46.0,2,999,0,1.4,93.444,-36.1,4.967,5228.1,999.0,0,0.0,0.0,0.0,2,8,0.0,4,8,1,1
688,51.0,1,999,0,1.1,93.994,-36.4,4.859,5191.0,999.0,0,1.0,0.0,1.0,1,3,0.0,6,5,1,1
689,31.0,3,999,0,1.4,94.465,-41.8,4.96,5228.1,999.0,0,0.0,1.0,1.0,1,8,0.0,9,6,2,1
690,21.0,2,999,0,-1.8,93.075,-47.1,1.405,5099.1,999.0,0,0.0,0.0,0.0,1,4,0.0,9,4,2,1
691,30.0,2,999,0,1.4,93.444,-36.1,4.965,5228.1,999.0,0,0.0,0.0,0.0,2,5,0.0,3,8,2,1
692,56.0,3,999,0,-0.1,93.2,-42.0,4.076,5195.8,999.0,0,0.0,0.0,0.0,2,8,0.0,5,11,1,1
693,39.0,4,999,0,1.4,93.444,-36.1,4.964,5228.1,999.0,0,0.0,0.0,0.0,2,7,0.0,6,8,1,1
694,46.0,2,999,0,-1.8,93.075,-47.1,1.405,5099.1,999.0,0,0.0,1.0,0.0,2,6,0.0,7,4,1,1
695,64.0,1,999,0,-3.4,92.649,-30.1,0.714,5017.5,999.0,0,1.0,0.0,0.0,2,8,0.0,10,11,1,1
696,31.0,1,999,0,1.1,93.994,-36.4,4.859,5191.0,999.0,0,1.0,1.0,1.0,2,5,0.0,6,5,1,1
697,40.0,2,999,0,1.1,93.994,-36.4,4.857,5191.0,999.0,0,1.0,0.0,1.0,2,4,0.0,6,5,2,1
698,61.0,2,999,0,-1.8,93.075,-47.1,1.384,5099.1,999.0,0,0.0,0.0,0.0,2,7,0.0,5,4,1,1
699,38.0,1,999,0,1.1,93.994,-36.4,4.858,5191.0,999.0,0,1.0,0.0,1.0,2,4,0.0,4,5,1,1
700,35.0,1,999,0,-2.9,92.963,-40.8,1.252,5076.2,999.0,0,1.0,0.0,0.0,2,8,0.0,3,6,1,1
701,42.0,7,999,0,1.4,93.444,-36.1,4.968,5228.1,999.0,0,1.0,0.0,0.0,2,8,0.0,6,8,1,1
702,41.0,1,999,1,-1.8,93.075,-47.1,1.435,5099.1,999.0,4,1.0,1.0,0.0,2,4,0.0,4,4,1,2
703,31.0,2,2,2,-3.4,92.431,-26.9,0.722,5017.5,0.0666666666667,4,0.0,0.0,0.0,2,2,0.0,6,10,1,3
704,31.0,2,999,0,1.4,93.444,-36.1,4.963,5228.1,999.0,0,0.0,0.0,0.0,2,7,0.0,3,8,1,1
705,33.0,2,999,0,-0.1,93.2,-42.0,4.191,5195.8,999.0,0,1.0,0.0,0.0,3,8,0.0,6,11,2,1
706,37.0,2,999,1,-1.8,92.893,-46.2,1.334,5099.1,999.0,4,0.0,0.0,0.0,2,8,0.0,6,5,1,2
707,34.0,2,999,1,-1.8,92.893,-46.2,1.25,5099.1,999.0,4,0.0,0.0,0.0,1,7,0.0,5,5,1,2
708,34.0,2,999,0,-3.4,92.431,-26.9,0.724,5017.5,999.0,0,1.0,0.0,1.0,1,8,0.0,12,10,1,1
709,53.0,1,999,0,-0.1,93.2,-42.0,4.153,5195.8,999.0,0,1.0,0.0,0.0,3,8,0.0,6,11,1,1
710,30.0,4,999,1,-1.8,92.893,-46.2,1.25,5099.1,999.0,4,1.0,0.0,0.0,3,7,0.0,6,5,1,2
711,31.0,1,999,1,-2.9,92.963,-40.8,1.26,5076.2,999.0,2,0.0,0.0,0.0,1,7,0.0,6,6,2,2
712,38.0,2,999,0,1.4,93.444,-36.1,4.965,5228.1,999.0,0,1.0,0.0,0.0,3,8,0.0,5,8,2,1
713,37.0,1,999,0,1.4,94.465,-41.8,4.961,5228.1,999.0,0,1.0,0.0,1.0,2,5,0.0,6,6,1,1
714,50.0,4,999,0,1.1,93.994,-36.4,4.857,5191.0,999.0,0,0.0,0.0,1.0,3,4,0.0,6,5,1,1
715,32.0,2,999,0,1.4,93.444,-36.1,4.965,5228.1,999.0,0,0.0,1.0,0.0,1,7,0.0,6,8,2,1
716,26.0,4,999,0,1.4,93.918,-42.7,4.96,5228.1,999.0,0,1.0,0.0,0.0,2,8,0.0,6,7,2,1
717,31.0,1,999,0,1.1,93.994,-36.4,4.859,5191.0,999.0,0,0.0,1.0,1.0,2,8,0.0,4,5,1,1
718,48.0,6,999,0,-1.8,92.893,-46.2,1.244,5099.1,999.0,0,1.0,0.0,0.0,3,8,0.0,6,5,2,1
719,24.0,2,999,0,1.4,94.465,-41.8,4.96,5228.1,999.0,0,0.0,0.0,1.0,2,4,0.0,4,6,2,1
720,31.0,1,999,0,-1.8,92.893,-46.2,1.334,5099.1,999.0,0,1.0,0.0,0.0,2,8,0.0,4,5,1,1
721,37.0,4,999,0,1.1,93.994,-36.4,4.857,5191.0,999.0,0,1.0,1.0,1.0,3,5,0.0,9,5,2,1
722,27.0,4,999,0,-1.8,92.893,-46.2,1.25,5099.1,999.0,0,1.0,0.0,0.0,2,8,0.0,4,5,1,1
723,36.0,5,999,0,-1.8,93.075,-47.1,1.405,5099.1,999.0,0,0.0,1.0,0.0,1,5,0.0,9,4,2,1
724,25.0,1,999,0,-1.8,92.893,-46.2,1.334,5099.1,999.0,0,0.0,1.0,0.0,1,4,0.0,11,5,1,1
725,31.0,18,999,0,1.4,93.918,-42.7,4.968,5228.1,999.0,0,1.0,0.0,1.0,2,5,0.0,6,7,1,1
726,31.0,1,999,0,1.4,93.918,-42.7,4.962,5228.1,999.0,0,1.0,0.0,0.0,2,2,0.0,4,7,1,1
727,36.0,1,999,0,1.1,93.994,-36.4,4.859,5191.0,999.0,0,0.0,0.0,1.0,2,7,0.0,3,5,1,1
728,33.0,1,999,0,-1.8,92.893,-46.2,1.281,5099.1,999.0,0,0.0,0.0,0.0,1,3,0.0,4,5,1,1
729,57.0,7,999,0,1.4,93.444,-36.1,4.962,5228.1,999.0,0,0.0,0.0,0.0,2,8,0.0,5,8,1,1
730,41.0,2,999,0,1.4,93.444,-36.1,4.962,5228.1,999.0,0,1.0,1.0,0.0,3,8,0.0,5,8,1,1
731,31.0,1,999,0,-1.8,93.075,-47.1,1.365,5099.1,999.0,0,0.0,0.0,0.0,2,5,0.0,2,4,1,1
732,32.0,3,999,0,1.1,93.994,-36.4,4.857,5191.0,999.0,0,0.0,0.0,1.0,1,8,0.0,5,5,1,1
733,36.0,1,999,0,-1.8,92.893,-46.2,1.354,5099.1,999.0,0,1.0,0.0,1.0,2,4,0.0,4,5,2,1
734,52.0,2,999,0,1.1,93.994,-36.4,4.857,5191.0,999.0,0,1.0,0.0,1.0,2,8,0.0,3,5,2,1
735,36.0,1,999,1,-1.7,94.055,-39.8,0.739,4991.6,999.0,2,1.0,0.0,0.0,1,8,0.0,6,6,1,2
736,34.0,1,999,1,-1.8,93.075,-47.1,1.41,5099.1,999.0,5,0.0,0.0,0.0,2,8,0.0,4,4,1,2
737,48.0,2,999,0,1.1,93.994,-36.4,4.857,5191.0,999.0,0,0.0,0.0,1.0,2,8,0.0,4,5,1,1
738,23.0,1,999,0,1.4,93.918,-42.7,4.963,5228.1,999.0,0,1.0,0.0,0.0,1,8,0.0,6,7,1,1
739,31.0,1,999,0,1.4,93.918,-42.7,4.963,5228.1,999.0,0,1.0,0.0,0.0,2,3,0.0,4,7,1,1
740,22.0,7,999,0,-1.8,92.893,-46.2,1.25,5099.1,999.0,0,1.0,0.0,0.0,2,5,0.0,9,5,1,1
741,30.0,3,999,1,-0.1,93.2,-42.0,4.12,5195.8,999.0,3,0.0,0.0,0.0,2,5,0.0,9,11,1,2
742,43.0,3,999,0,1.1,93.994,-36.4,4.858,5191.0,999.0,0,0.0,0.0,1.0,1,8,0.0,4,5,1,1
743,43.0,4,999,0,-1.8,93.075,-47.1,1.405,5099.1,999.0,0,1.0,0.0,0.0,2,8,0.0,4,4,2,1
744,31.0,1,999,0,-1.8,93.876,-40.0,0.672,5008.7,999.0,0,1.0,0.0,0.0,2,7,0.0,6,5,1,1
745,46.0,1,999,1,-0.1,93.2,-42.0,4.191,5195.8,999.0,6,1.0,0.0,0.0,2,8,0.0,5,11,2,2
746,31.0,1,999,2,-3.4,92.431,-26.9,0.754,5017.5,999.0,6,0.0,0.0,0.0,3,8,0.0,5,10,1,2
747,63.0,3,999,0,-1.8,93.075,-47.1,1.498,5099.1,999.0,0,0.0,0.0,1.0,2,6,0.0,8,4,1,1
748,35.0,5,999,0,1.1,93.994,-36.4,4.855,5191.0,999.0,0,1.0,0.0,1.0,2,5,0.0,6,5,1,1
749,25.0,6,999,0,1.4,93.918,-42.7,4.961,5228.1,999.0,0,0.0,0.0,0.0,1,5,0.0,6,7,1,1
750,34.0,2,999,0,-1.8,92.893,-46.2,1.281,5099.1,999.0,0,1.0,0.0,0.0,2,3,0.0,6,5,1,1
751,30.0,1,999,0,-0.1,93.2,-42.0,4.153,5195.8,999.0,0,0.0,0.0,0.0,3,7,0.0,6,11,1,1
752,37.0,1,999,0,1.4,93.918,-42.7,4.96,5228.1,999.0,0,0.0,0.0,0.0,2,8,0.0,3,7,2,1
753,48.0,1,999,1,-0.1,93.2,-42.0,4.12,5195.8,999.0,3,1.0,0.0,0.0,1,5,0.0,6,11,1,2
754,37.0,2,999,0,1.1,93.994,-36.4,4.855,5191.0,999.0,0,0.0,0.0,1.0,2,8,0.0,9,5,1,1
755,39.0,3,999,0,-1.8,93.075,-47.1,1.41,5099.1,999.0,0,1.0,0.0,0.0,2,5,0.0,6,4,1,1
756,31.0,2,999,0,1.4,94.465,-41.8,4.864,5228.1,999.0,0,0.0,0.0,1.0,2,8,0.0,4,6,1,1
757,31.0,4,999,0,1.4,93.918,-42.7,4.962,5228.1,999.0,0,0.0,0.0,0.0,1,8,0.0,4,7,2,1
758,32.0,1,999,0,-1.8,92.893,-46.2,1.327,5099.1,999.0,0,1.0,0.0,0.0,2,8,0.0,4,5,1,1
759,31.0,2,999,0,1.4,93.444,-36.1,4.963,5228.1,999.0,0,0.0,0.0,0.0,2,8,0.0,3,8,1,1
760,33.0,3,999,0,-1.8,93.075,-47.1,1.405,5099.1,999.0,0,0.0,0.0,1.0,3,8,0.0,6,4,1,1
761,43.0,1,999,0,1.1,93.994,-36.4,4.857,5191.0,999.0,0,1.0,0.0,1.0,2,8,0.0,3,5,1,1
762,31.0,2,999,1,-1.8,92.893,-46.2,1.25,5099.1,999.0,4,1.0,1.0,0.0,1,8,0.0,5,5,1,2
763,38.0,3,999,0,1.4,94.465,-41.8,4.959,5228.1,999.0,0,0.0,1.0,1.0,1,8,0.0,6,6,1,1
764,41.0,1,999,0,1.4,93.444,-36.1,4.964,5228.1,999.0,0,1.0,0.0,0.0,2,8,0.0,3,8,1,1
765,41.0,1,999,0,-0.1,93.2,-42.0,4.076,5195.8,999.0,0,1.0,0.0,0.0,1,5,0.0,9,11,1,1
766,31.0,3,999,0,1.1,93.994,-36.4,4.857,5191.0,999.0,0,0.0,0.0,1.0,3,5,0.0,9,5,2,1
767,32.0,1,999,0,1.4,93.444,-36.1,4.964,5228.1,999.0,0,0.0,0.0,0.0,1,8,0.0,5,8,1,1
768,31.0,3,999,0,1.4,94.465,-41.8,4.864,5228.1,999.0,0,0.0,0.0,1.0,3,4,0.0,5,6,1,1
769,31.0,3,999,0,1.1,93.994,-36.4,4.857,5191.0,999.0,0,1.0,1.0,1.0,2,8,0.0,9,5,2,1
770,31.0,4,999,0,-0.1,93.2,-42.0,4.076,5195.8,999.0,0,1.0,1.0,0.0,2,3,0.0,5,11,1,1
771,46.0,3,999,0,-1.8,92.893,-46.2,1.344,5099.1,999.0,0,1.0,1.0,1.0,2,5,0.0,4,5,1,1
772,27.0,3,999,0,-1.1,94.601,-49.5,1.029,4963.6,999.0,0,0.0,0.0,1.0,1,7,0.0,1,10,1,1
773,53.0,1,999,0,1.4,93.918,-42.7,4.961,5228.1,999.0,0,0.0,0.0,0.0,1,8,0.0,6,7,1,1
774,55.0,1,999,0,1.1,93.994,-36.4,4.86,5191.0,999.0,0,1.0,0.0,1.0,2,6,0.0,8,5,1,1
775,45.0,1,999,0,1.4,94.465,-41.8,4.959,5228.1,999.0,0,0.0,0.0,1.0,2,4,0.0,7,6,1,1
776,31.0,10,999,0,1.1,93.994,-36.4,4.856,5191.0,999.0,0,0.0,0.0,1.0,2,5,0.0,6,5,1,1
777,36.0,3,999,0,-0.1,93.2,-42.0,4.076,5195.8,999.0,0,1.0,0.0,0.0,1,6,0.0,5,11,1,1
778,59.0,1,999,1,-1.8,92.893,-46.2,1.291,5099.1,999.0,2,1.0,0.0,0.0,3,8,0.0,9,5,1,2
779,31.0,2,999,0,1.1,93.994,-36.4,4.858,5191.0,999.0,0,1.0,0.0,1.0,2,3,0.0,4,5,2,1
780,45.0,1,999,0,1.4,93.918,-42.7,4.955,5228.1,999.0,0,1.0,0.0,1.0,2,8,0.0,4,7,1,1
781,49.0,1,999,0,-1.8,92.893,-46.2,1.354,5099.1,999.0,0,1.0,1.0,1.0,2,8,0.0,6,5,2,1
782,83.0,2,999,0,-3.4,92.431,-26.9,0.739,5017.5,999.0,0,0.0,0.0,0.0,2,8,0.0,8,10,1,1
783,31.0,2,999,0,-1.8,92.893,-46.2,1.264,5099.1,999.0,0,1.0,0.0,0.0,2,5,0.0,8,5,2,1
784,29.0,1,999,0,1.4,93.918,-42.7,4.962,5228.1,999.0,0,0.0,0.0,0.0,1,8,0.0,5,7,1,1
785,37.0,3,999,0,-3.4,92.431,-26.9,0.742,5017.5,999.0,0,0.0,0.0,0.0,1,6,0.0,4,10,1,1
786,46.0,1,999,0,-1.8,92.893,-46.2,1.264,5099.1,999.0,0,0.0,0.0,0.0,1,7,0.0,6,5,2,1
787,41.0,4,999,0,1.4,93.918,-42.7,4.963,5228.1,999.0,0,0.0,0.0,0.0,2,5,0.0,6,7,1,1
788,39.0,2,999,0,1.4,93.918,-42.7,4.96,5228.1,999.0,0,1.0,0.0,0.0,3,4,0.0,6,7,2,1
789,52.0,1,999,0,1.1,93.994,-36.4,4.855,5191.0,999.0,0,0.0,0.0,1.0,2,7,0.0,6,5,1,1
790,31.0,1,999,0,1.4,94.465,-41.8,4.961,5228.1,999.0,0,1.0,0.0,1.0,2,7,0.0,5,6,2,1
791,31.0,3,999,0,-1.8,92.893,-46.2,1.25,5099.1,999.0,0,1.0,1.0,0.0,1,8,0.0,4,5,1,1
792,35.0,2,999,0,-0.1,93.2,-42.0,4.153,5195.8,999.0,0,1.0,0.0,0.0,2,3,0.0,4,11,1,1
793,31.0,10,999,0,1.4,94.465,-41.8,4.959,5228.1,999.0,0,0.0,0.0,1.0,2,5,0.0,6,6,1,1
794,45.0,3,999,1,-3.4,92.649,-30.1,0.715,5017.5,999.0,4,1.0,0.0,0.0,3,7,0.0,6,11,1,2
795,43.0,4,999,0,1.1,93.994,-36.4,4.857,5191.0,999.0,0,1.0,0.0,1.0,2,3,0.0,4,5,1,1
796,41.0,1,999,0,1.4,93.918,-42.7,4.963,5228.1,999.0,0,0.0,0.0,1.0,3,6,0.0,5,7,1,1
797,31.0,2,999,1,-1.8,92.893,-46.2,1.313,5099.1,999.0,1,1.0,0.0,0.0,2,7,0.0,6,5,1,2
798,44.0,1,999,0,1.1,93.994,-36.4,4.856,5191.0,999.0,0,0.0,0.0,1.0,1,5,0.0,4,5,1,1
799,27.0,2,999,0,1.1,93.994,-36.4,4.857,5191.0,999.0,0,1.0,0.0,1.0,1,8,0.0,6,5,1,1
800,57.0,19,999,0,1.4,94.465,-41.8,4.864,5228.1,999.0,0,0.0,0.0,1.0,3,8,0.0,6,6,1,1
801,31.0,2,999,0,-1.8,92.893,-46.2,1.244,5099.1,999.0,0,0.0,0.0,0.0,2,2,0.0,4,5,2,1
802,46.0,17,999,0,1.4,93.918,-42.7,4.961,5228.1,999.0,0,0.0,1.0,0.0,3,5,0.0,9,7,1,1
803,29.0,3,999,0,1.1,93.994,-36.4,4.86,5191.0,999.0,0,0.0,0.0,1.0,2,8,0.0,1,5,1,1
804,31.0,9,999,0,-1.8,92.893,-46.2,1.25,5099.1,999.0,0,0.0,0.0,1.0,2,4,0.0,4,5,1,1
805,31.0,1,999,0,1.1,93.994,-36.4,4.857,5191.0,999.0,0,0.0,0.0,1.0,1,7,0.0,6,5,2,1
806,47.0,1,999,0,1.4,93.444,-36.1,4.963,5228.1,999.0,0,1.0,0.0,0.0,2,4,0.0,4,8,1,1
807,34.0,1,999,0,1.4,93.444,-36.1,4.965,5228.1,999.0,0,1.0,0.0,0.0,1,7,0.0,6,8,1,1
808,46.0,1,999,1,-0.1,93.2,-42.0,4.191,5195.8,999.0,1,0.0,0.0,0.0,2,8,0.0,1,11,2,2
809,38.0,1,999,0,-1.8,92.843,-50.0,1.687,5099.1,999.0,0,1.0,0.0,0.0,2,7,0.0,5,3,1,1
810,29.0,2,999,0,1.1,93.994,-36.4,4.86,5191.0,999.0,0,0.0,0.0,1.0,1,5,0.0,9,5,1,1
811,32.0,1,999,0,1.4,93.918,-42.7,4.963,5228.1,999.0,0,1.0,0.0,0.0,1,5,0.0,9,7,1,1
812,31.0,4,999,0,1.4,93.444,-36.1,4.964,5228.1,999.0,0,0.0,1.0,0.0,1,6,0.0,5,8,1,1
813,31.0,2,999,0,1.1,93.994,-36.4,4.857,5191.0,999.0,0,1.0,1.0,1.0,3,7,0.0,6,5,2,1
814,40.0,2,999,0,1.4,93.918,-42.7,4.966,5228.1,999.0,0,1.0,0.0,1.0,2,4,0.0,4,7,1,1
815,30.0,2,999,0,1.4,93.918,-42.7,4.962,5228.1,999.0,0,1.0,0.0,0.0,2,8,0.0,5,7,2,1
816,31.0,1,999,0,-2.9,92.201,-31.4,0.881,5076.2,999.0,0,1.0,0.0,0.0,1,5,0.0,6,8,1,1
817,41.0,1,999,0,1.4,93.444,-36.1,4.964,5228.1,999.0,0,1.0,0.0,0.0,1,7,0.0,5,8,1,1
818,40.0,3,999,0,1.1,93.994,-36.4,4.857,5191.0,999.0,0,1.0,0.0,1.0,2,8,0.0,5,5,1,1
819,54.0,5,999,0,1.4,93.444,-36.1,4.965,5228.1,999.0,0,1.0,0.0,0.0,2,2,0.0,8,8,1,1
820,31.0,2,999,0,1.4,93.918,-42.7,4.962,5228.1,999.0,0,1.0,1.0,0.0,2,8,0.0,6,7,2,1
821,43.0,2,999,0,1.4,93.918,-42.7,4.962,5228.1,999.0,0,0.0,0.0,0.0,3,5,0.0,9,7,2,1
822,38.0,1,999,1,-1.8,92.893,-46.2,1.259,5099.1,999.0,0,1.0,0.0,0.0,2,5,0.0,9,5,1,2
823,46.0,1,999,0,1.4,93.918,-42.7,4.959,5228.1,999.0,0,1.0,0.0,1.0,2,5,0.0,1,7,1,1
824,42.0,3,999,0,1.1,93.994,-36.4,4.857,5191.0,999.0,0,0.0,0.0,1.0,2,7,0.0,3,5,1,1
825,31.0,3,999,0,1.4,93.918,-42.7,4.963,5228.1,999.0,0,1.0,1.0,0.0,2,8,0.0,9,7,1,1
826,40.0,1,999,0,1.4,93.918,-42.7,4.963,5228.1,999.0,0,1.0,0.0,0.0,2,7,0.0,6,7,1,1
827,31.0,1,999,0,-2.9,92.963,-40.8,1.268,5076.2,999.0,0,1.0,0.0,0.0,2,5,0.0,4,6,1,1
828,31.0,1,999,0,-1.8,92.893,-46.2,1.266,5099.1,999.0,0,1.0,0.0,0.0,3,7,0.0,6,5,1,1
829,53.0,1,999,1,-2.9,92.963,-40.8,1.26,5076.2,999.0,1,0.0,0.0,0.0,3,7,0.0,5,6,1,2
830,27.0,1,999,0,-1.8,92.893,-46.2,1.259,5099.1,999.0,0,1.0,0.0,0.0,1,7,0.0,6,5,1,1
831,29.0,3,999,0,1.1,93.994,-36.4,4.857,5191.0,999.0,0,1.0,0.0,1.0,3,5,0.0,9,5,1,1
832,36.0,1,999,0,-0.1,93.798,-40.4,4.936,5195.8,999.0,0,0.0,0.0,1.0,2,5,0.0,5,10,1,1
833,31.0,1,999,0,1.4,93.918,-42.7,4.963,5228.1,999.0,0,1.0,0.0,0.0,2,4,0.0,4,7,1,1
834,44.0,42,999,0,1.1,93.994,-36.4,4.857,5191.0,999.0,0,1.0,0.0,1.0,2,4,0.0,8,5,1,1
835,42.0,1,999,0,1.4,94.465,-41.8,4.958,5228.1,999.0,0,0.0,1.0,1.0,1,8,0.0,6,6,1,1
836,36.0,3,999,0,1.4,93.444,-36.1,4.965,5228.1,999.0,0,1.0,0.0,0.0,2,8,0.0,1,8,2,1
837,31.0,1,999,0,1.4,94.465,-41.8,4.961,5228.1,999.0,0,1.0,1.0,1.0,2,4,0.0,4,6,1,1
838,29.0,1,3,1,-3.4,92.649,-30.1,0.715,5017.5,0.1,2,0.0,1.0,0.0,1,7,0.0,6,11,1,3
839,31.0,1,999,0,-1.8,92.893,-46.2,1.334,5099.1,999.0,0,1.0,1.0,0.0,2,4,0.0,4,5,1,1
840,31.0,3,999,0,1.1,93.994,-36.4,4.864,5191.0,999.0,0,1.0,1.0,1.0,2,4,0.0,4,5,1,1
841,35.0,17,999,0,1.4,93.444,-36.1,4.962,5228.1,999.0,0,1.0,0.0,0.0,1,8,0.0,5,8,1,1
842,24.0,1,999,0,-1.8,92.893,-46.2,1.281,5099.1,999.0,0,0.0,0.0,0.0,1,8,0.0,9,5,1,1
843,34.0,3,999,0,1.1,93.994,-36.4,4.856,5191.0,999.0,0,1.0,1.0,1.0,1,6,0.0,5,5,1,1
844,51.0,1,999,0,1.4,93.918,-42.7,4.963,5228.1,999.0,0,1.0,0.0,1.0,2,8,0.0,4,7,1,1
845,32.0,2,999,1,-0.1,93.2,-42.0,4.076,5195.8,999.0,0,1.0,1.0,0.0,1,7,0.0,7,11,1,2
846,44.0,1,999,0,1.1,93.994,-36.4,4.857,5191.0,999.0,0,0.0,0.0,1.0,1,4,0.0,6,5,1,1
847,29.0,3,3,1,-2.9,92.201,-31.4,0.873,5076.2,0.1,3,1.0,1.0,0.0,1,7,0.0,6,8,1,3
848,35.0,3,999,1,-1.8,93.075,-47.1,1.405,5099.1,999.0,4,1.0,0.0,0.0,2,8,0.0,5,4,2,2
849,47.0,3,999,0,1.1,93.994,-36.4,4.857,5191.0,999.0,0,0.0,0.0,1.0,2,5,0.0,6,5,1,1
850,42.0,1,999,0,1.1,93.994,-36.4,4.857,5191.0,999.0,0,0.0,0.0,1.0,2,4,0.0,10,5,1,1
851,33.0,1,999,0,-1.8,93.075,-47.1,1.365,5099.1,999.0,0,1.0,0.0,0.0,1,2,0.0,4,4,1,1
852,30.0,2,999,0,-1.8,93.075,-47.1,1.365,5099.1,999.0,0,1.0,0.0,1.0,1,5,0.0,11,4,1,1
853,36.0,6,999,0,1.4,93.918,-42.7,4.963,5228.1,999.0,0,0.0,0.0,0.0,1,7,0.0,1,7,1,1
854,30.0,1,999,0,1.1,93.994,-36.4,4.857,5191.0,999.0,0,0.0,0.0,1.0,1,5,0.0,9,5,1,1
855,31.0,1,999,0,1.4,93.444,-36.1,4.965,5228.1,999.0,0,1.0,0.0,0.0,2,6,0.0,5,8,2,1
856,31.0,1,999,0,1.4,93.918,-42.7,4.962,5228.1,999.0,0,0.0,0.0,0.0,2,5,0.0,4,7,1,1
857,31.0,17,999,0,1.4,93.444,-36.1,4.962,5228.1,999.0,0,0.0,0.0,0.0,2,5,0.0,6,8,1,1
858,29.0,2,999,0,-1.8,92.893,-46.2,1.281,5099.1,999.0,0,1.0,1.0,0.0,3,4,0.0,3,5,1,1
859,31.0,3,999,0,1.4,93.444,-36.1,4.965,5228.1,999.0,0,1.0,1.0,0.0,1,8,0.0,5,8,1,1
860,31.0,5,999,0,1.4,94.465,-41.8,4.96,5228.1,999.0,0,1.0,0.0,1.0,2,7,0.0,3,6,1,1
861,31.0,2,999,0,-1.8,93.075,-47.1,1.479,5099.1,999.0,0,0.0,1.0,1.0,1,5,0.0,9,4,1,1
862,59.0,6,999,0,-1.8,92.893,-46.2,1.354,5099.1,999.0,0,1.0,0.0,0.0,2,3,0.0,8,5,2,1
863,51.0,1,999,0,1.4,93.444,-36.1,4.966,5228.1,999.0,0,0.0,0.0,0.0,2,2,0.0,4,8,1,1
864,44.0,2,999,1,-1.8,92.893,-46.2,1.266,5099.1,999.0,3,1.0,1.0,0.0,2,6,0.0,4,5,1,2
865,35.0,3,999,0,1.4,93.918,-42.7,4.963,5228.1,999.0,0,0.0,0.0,0.0,2,8,0.0,4,7,1,1
866,31.0,4,999,0,-0.1,93.2,-42.0,4.12,5195.8,999.0,0,1.0,1.0,0.0,2,7,0.0,3,11,1,1
867,38.0,2,999,0,1.1,93.994,-36.4,4.857,5191.0,999.0,0,0.0,0.0,1.0,2,6,0.0,5,5,2,1
868,46.0,1,999,1,-0.1,93.2,-42.0,4.191,5195.8,999.0,0,0.0,0.0,0.0,2,7,0.0,6,11,2,2
869,31.0,2,999,0,1.1,93.994,-36.4,4.855,5191.0,999.0,0,0.0,0.0,1.0,1,5,0.0,6,5,1,1
870,37.0,1,999,0,-1.8,92.893,-46.2,1.344,5099.1,999.0,0,0.0,0.0,0.0,1,8,0.0,9,5,1,1
871,42.0,3,999,0,-3.4,92.379,-29.8,0.778,5017.5,999.0,0,1.0,0.0,0.0,2,8,0.0,3,9,1,1
872,31.0,8,999,0,1.4,93.918,-42.7,4.958,5228.1,999.0,0,0.0,0.0,0.0,1,6,0.0,4,7,1,1
873,31.0,2,999,0,-0.1,93.2,-42.0,4.12,5195.8,999.0,0,1.0,0.0,0.0,3,8,0.0,6,11,1,1
874,31.0,1,999,0,-3.4,92.431,-26.9,0.741,5017.5,999.0,0,0.0,0.0,0.0,2,5,0.0,6,10,1,1
875,54.0,1,999,0,1.4,93.444,-36.1,4.965,5228.1,999.0,0,1.0,0.0,0.0,2,2,0.0,4,8,1,1
876,44.0,3,999,1,-1.8,93.075,-47.1,1.405,5099.1,999.0,3,1.0,0.0,0.0,3,2,0.0,4,4,2,2
877,27.0,2,999,0,1.4,93.918,-42.7,4.96,5228.1,999.0,0,1.0,0.0,0.0,2,8,0.0,6,7,2,1
878,31.0,2,999,0,1.1,93.994,-36.4,4.856,5191.0,999.0,0,1.0,0.0,1.0,2,4,0.0,3,5,1,1
879,31.0,2,999,1,-2.9,92.201,-31.4,0.843,5076.2,999.0,2,0.0,0.0,0.0,2,7,0.0,8,8,2,2
880,28.0,1,999,0,-1.8,92.893,-46.2,1.291,5099.1,999.0,0,1.0,1.0,0.0,1,5,0.0,6,5,1,1
881,31.0,1,999,0,1.4,93.444,-36.1,4.965,5228.1,999.0,0,1.0,0.0,0.0,2,2,0.0,9,8,1,1
882,18.0,2,999,0,-3.0,92.713,-33.0,0.715,5023.5,999.0,0,1.0,0.0,0.0,1,8,0.0,11,12,2,1
883,41.0,2,999,0,1.4,94.465,-41.8,4.967,5228.1,999.0,0,1.0,0.0,1.0,1,8,0.0,12,6,1,1
884,31.0,2,999,0,1.4,93.918,-42.7,4.963,5228.1,999.0,0,1.0,0.0,0.0,1,8,0.0,9,7,1,1
885,57.0,9,999,0,1.4,93.444,-36.1,4.965,5228.1,999.0,0,0.0,0.0,0.0,2,8,0.0,4,8,1,1
886,52.0,1,999,0,1.4,93.444,-36.1,4.964,5228.1,999.0,0,0.0,0.0,0.0,2,2,0.0,4,8,1,1
887,31.0,1,999,0,1.4,93.918,-42.7,4.96,5228.1,999.0,0,1.0,0.0,0.0,2,8,0.0,4,7,2,1
888,31.0,3,999,0,1.4,94.465,-41.8,4.865,5228.1,999.0,0,1.0,0.0,1.0,1,8,0.0,9,6,2,1
889,35.0,1,999,0,-1.8,93.075,-47.1,1.405,5099.1,999.0,0,0.0,0.0,0.0,1,8,0.0,5,4,2,1
890,31.0,2,999,0,1.4,93.918,-42.7,4.968,5228.1,999.0,0,1.0,0.0,0.0,1,3,0.0,6,7,1,1
891,52.0,1,3,1,-1.7,94.215,-40.3,0.846,4991.6,0.1,1,1.0,0.0,0.0,2,3,0.0,5,7,1,3
892,57.0,2,999,0,-1.8,93.075,-47.1,1.405,5099.1,999.0,0,0.0,0.0,0.0,3,7,0.0,3,4,1,1
893,31.0,1,999,0,-3.4,92.379,-29.8,0.781,5017.5,999.0,0,0.0,0.0,0.0,2,2,0.0,8,9,1,1
894,40.0,1,999,0,-2.9,92.469,-33.6,1.044,5076.2,999.0,0,1.0,0.0,0.0,2,7,0.0,6,7,1,1
895,31.0,1,999,0,-1.8,93.075,-47.1,1.445,5099.1,999.0,0,0.0,0.0,0.0,1,7,0.0,5,4,1,1
896,28.0,3,999,0,-1.8,93.075,-47.1,1.405,5099.1,999.0,0,0.0,0.0,0.0,2,5,0.0,9,4,1,1
897,30.0,1,999,0,1.4,93.444,-36.1,4.965,5228.1,999.0,0,0.0,1.0,0.0,2,6,0.0,5,8,1,1
898,45.0,1,999,0,-1.8,93.075,-47.1,1.405,5099.1,999.0,0,0.0,0.0,0.0,2,8,0.0,4,4,1,1
899,40.0,2,999,0,1.4,93.444,-36.1,4.965,5228.1,999.0,0,0.0,0.0,0.0,2,5,0.0,3,8,1,1
900,33.0,2,999,0,1.4,93.918,-42.7,4.96,5228.1,999.0,0,0.0,0.0,0.0,2,4,0.0,4,7,2,1
901,34.0,1,999,0,1.1,93.994,-36.4,4.857,5191.0,999.0,0,1.0,0.0,1.0,1,4,0.0,4,5,2,1
902,31.0,5,999,0,-1.8,92.893,-46.2,1.266,5099.1,999.0,0,0.0,0.0,1.0,1,8,0.0,11,5,1,1
903,30.0,5,999,0,-0.1,93.2,-42.0,4.021,5195.8,999.0,0,1.0,0.0,1.0,2,6,0.0,10,11,1,1
904,45.0,5,999,0,1.4,93.444,-36.1,4.968,5228.1,999.0,0,1.0,0.0,0.0,2,4,0.0,4,8,1,1
905,46.0,2,999,1,-3.4,92.379,-29.8,0.762,5017.5,999.0,1,0.0,0.0,0.0,3,8,0.0,1,9,1,2
906,38.0,1,999,1,-1.8,92.893,-46.2,1.266,5099.1,999.0,0,1.0,1.0,0.0,1,5,0.0,9,5,1,2
907,56.0,3,999,0,1.4,93.444,-36.1,4.963,5228.1,999.0,0,1.0,0.0,0.0,2,5,0.0,8,8,1,1
908,41.0,10,999,0,1.4,94.465,-41.8,4.865,5228.1,999.0,0,0.0,0.0,1.0,3,8,0.0,4,6,2,1
909,56.0,1,999,0,-1.8,92.843,-50.0,1.531,5099.1,999.0,0,1.0,0.0,0.0,2,2,0.0,4,3,1,1
910,31.0,4,999,0,1.4,93.444,-36.1,4.964,5228.1,999.0,0,1.0,1.0,0.0,2,6,0.0,5,8,1,1
911,65.0,2,999,0,-2.9,92.963,-40.8,1.266,5076.2,999.0,0,0.0,0.0,0.0,2,2,0.0,2,6,1,1
912,56.0,21,999,0,1.4,93.918,-42.7,4.968,5228.1,999.0,0,1.0,0.0,0.0,2,3,0.0,4,7,1,1
913,31.0,1,999,0,-2.9,92.201,-31.4,0.884,5076.2,999.0,0,1.0,0.0,0.0,1,4,0.0,11,8,1,1
914,31.0,3,999,0,1.4,94.465,-41.8,4.959,5228.1,999.0,0,0.0,0.0,1.0,2,7,0.0,6,6,1,1
915,31.0,1,999,0,1.4,93.444,-36.1,4.963,5228.1,999.0,0,1.0,0.0,0.0,1,8,0.0,6,8,1,1
916,43.0,2,999,1,-1.8,92.893,-46.2,1.281,5099.1,999.0,2,1.0,0.0,0.0,2,2,0.0,4,5,1,2
917,58.0,1,999,0,1.4,93.918,-42.7,4.963,5228.1,999.0,0,0.0,1.0,0.0,2,7,0.0,7,7,1,1
918,33.0,2,999,0,-1.8,92.893,-46.2,1.313,5099.1,999.0,0,1.0,0.0,0.0,1,3,0.0,4,5,1,1
919,31.0,2,999,1,-1.8,93.369,-34.8,0.646,5008.7,999.0,2,1.0,0.0,0.0,2,7,0.0,8,3,2,2
920,28.0,2,999,0,1.4,93.918,-42.7,4.962,5228.1,999.0,0,1.0,0.0,0.0,1,7,0.0,5,7,1,1
921,51.0,3,999,0,1.1,93.994,-36.4,4.856,5191.0,999.0,0,0.0,1.0,1.0,3,3,0.0,9,5,1,1
922,53.0,9,999,0,1.4,93.444,-36.1,4.965,5228.1,999.0,0,0.0,0.0,0.0,2,8,0.0,12,8,1,1
923,25.0,1,999,0,-1.1,94.199,-37.5,0.876,4963.6,999.0,0,0.0,0.0,1.0,1,5,0.0,11,9,2,1
924,31.0,1,999,0,-1.8,93.075,-47.1,1.405,5099.1,999.0,0,1.0,0.0,0.0,2,8,0.0,6,4,2,1
925,36.0,2,999,0,1.1,93.994,-36.4,4.855,5191.0,999.0,0,0.0,0.0,1.0,1,8,0.0,3,5,1,1
926,32.0,17,999,0,1.1,93.994,-36.4,4.859,5191.0,999.0,0,1.0,0.0,1.0,3,6,0.0,5,5,1,1
927,31.0,1,999,1,-1.8,92.893,-46.2,1.281,5099.1,999.0,2,0.0,0.0,0.0,1,8,0.0,4,5,1,2
928,73.0,7,999,0,-3.4,92.649,-30.1,0.716,5017.5,999.0,0,0.0,1.0,0.0,2,7,0.0,8,11,1,1
929,55.0,1,999,0,1.4,93.918,-42.7,4.955,5228.1,999.0,0,1.0,0.0,1.0,2,2,0.0,4,7,1,1
930,82.0,3,3,2,-1.1,94.199,-37.5,0.877,4963.6,0.1,0,0.0,0.0,1.0,2,2,0.0,2,9,1,3
931,33.0,3,999,0,1.4,93.444,-36.1,4.963,5228.1,999.0,0,0.0,0.0,0.0,3,6,0.0,10,8,2,1
932,41.0,6,999,0,1.4,93.918,-42.7,4.958,5228.1,999.0,0,1.0,0.0,0.0,3,5,0.0,4,7,1,1
933,51.0,1,999,0,1.4,94.465,-41.8,4.958,5228.1,999.0,0,0.0,0.0,1.0,2,7,0.0,7,6,1,1
934,48.0,1,999,0,1.1,93.994,-36.4,4.856,5191.0,999.0,0,1.0,0.0,1.0,2,2,0.0,4,5,1,1
935,53.0,3,999,0,1.1,93.994,-36.4,4.855,5191.0,999.0,0,1.0,0.0,1.0,2,8,0.0,3,5,1,1
936,55.0,4,999,0,1.4,93.444,-36.1,4.965,5228.1,999.0,0,1.0,0.0,0.0,2,8,0.0,4,8,2,1
937,40.0,2,999,0,1.4,93.918,-42.7,4.957,5228.1,999.0,0,1.0,0.0,0.0,3,4,0.0,9,7,1,1
938,39.0,1,999,0,1.1,93.994,-36.4,4.856,5191.0,999.0,0,0.0,0.0,1.0,2,3,0.0,4,5,1,1
939,39.0,1,999,0,1.1,93.994,-36.4,4.859,5191.0,999.0,0,0.0,0.0,1.0,2,5,0.0,6,5,1,1
940,31.0,4,999,0,1.1,93.994,-36.4,4.859,5191.0,999.0,0,0.0,1.0,1.0,2,4,0.0,4,5,1,1
941,43.0,3,999,0,1.1,93.994,-36.4,4.857,5191.0,999.0,0,1.0,0.0,1.0,1,6,0.0,5,5,1,1
942,30.0,1,999,0,1.1,93.994,-36.4,4.856,5191.0,999.0,0,0.0,0.0,1.0,2,8,0.0,9,5,1,1
943,40.0,1,999,0,1.4,93.918,-42.7,4.962,5228.1,999.0,0,1.0,0.0,0.0,2,7,0.0,6,7,1,1
944,29.0,2,999,0,1.4,93.918,-42.7,4.958,5228.1,999.0,0,0.0,1.0,0.0,1,7,0.0,6,7,1,1
945,58.0,1,999,0,-0.1,93.2,-42.0,4.286,5195.8,999.0,0,0.0,0.0,1.0,3,7,0.0,3,11,1,1
946,36.0,3,999,0,1.1,93.994,-36.4,4.86,5191.0,999.0,0,0.0,0.0,1.0,1,5,0.0,4,5,1,1
947,39.0,3,999,0,1.4,93.444,-36.1,4.964,5228.1,999.0,0,0.0,0.0,0.0,2,6,0.0,6,8,1,1
948,31.0,1,999,0,1.4,93.918,-42.7,4.961,5228.1,999.0,0,1.0,1.0,0.0,3,4,0.0,4,7,1,1
949,42.0,4,999,0,1.1,93.994,-36.4,4.857,5191.0,999.0,0,0.0,1.0,1.0,2,8,0.0,4,5,1,1
950,39.0,2,999,0,1.1,93.994,-36.4,4.857,5191.0,999.0,0,1.0,0.0,1.0,3,8,0.0,3,5,1,1
951,29.0,7,999,0,1.4,93.918,-42.7,4.96,5228.1,999.0,0,0.0,0.0,0.0,1,2,0.0,8,7,1,1
952,50.0,1,999,0,-1.8,93.075,-47.1,1.405,5099.1,999.0,0,0.0,0.0,0.0,2,6,0.0,5,4,1,1
953,46.0,3,999,0,1.4,93.918,-42.7,4.962,5228.1,999.0,0,1.0,1.0,0.0,2,8,0.0,4,7,2,1
954,31.0,1,999,0,1.4,94.465,-41.8,4.967,5228.1,999.0,0,0.0,0.0,1.0,2,2,0.0,4,6,1,1
955,30.0,2,4,1,-2.9,92.963,-40.8,1.26,5076.2,0.133333333333,1,1.0,0.0,0.0,2,7,0.0,6,6,1,3
956,31.0,2,999,0,1.1,93.994,-36.4,4.856,5191.0,999.0,0,1.0,0.0,1.0,2,4,0.0,4,5,1,1
957,33.0,3,999,0,-1.8,92.893,-46.2,1.354,5099.1,999.0,0,1.0,0.0,1.0,2,6,0.0,5,5,2,1
958,31.0,9,999,0,1.1,93.994,-36.4,4.864,5191.0,999.0,0,0.0,0.0,1.0,2,4,0.0,5,5,1,1
959,34.0,3,999,0,1.4,94.465,-41.8,4.947,5228.1,999.0,0,0.0,0.0,1.0,2,3,0.0,4,6,1,1
960,31.0,1,999,0,-1.8,93.075,-47.1,1.41,5099.1,999.0,0,0.0,0.0,0.0,1,7,0.0,11,4,1,1
961,32.0,9,999,0,1.4,93.444,-36.1,4.962,5228.1,999.0,0,1.0,0.0,0.0,1,7,0.0,6,8,1,1
962,36.0,1,3,2,-1.7,94.055,-39.8,0.737,4991.6,0.1,4,0.0,0.0,0.0,2,7,0.0,3,6,1,3
963,46.0,1,999,0,-3.0,92.713,-33.0,0.706,5023.5,999.0,0,1.0,0.0,1.0,2,6,0.0,5,12,2,1
964,31.0,1,999,1,-1.8,92.893,-46.2,1.299,5099.1,999.0,5,1.0,0.0,0.0,2,4,0.0,4,5,2,2
965,45.0,11,999,0,1.4,94.465,-41.8,4.959,5228.1,999.0,0,1.0,0.0,1.0,2,3,0.0,4,6,1,1
966,55.0,3,999,0,-1.8,93.075,-47.1,1.41,5099.1,999.0,0,1.0,0.0,0.0,2,7,0.0,6,4,1,1
967,31.0,2,999,0,-0.1,93.2,-42.0,4.153,5195.8,999.0,0,0.0,0.0,0.0,2,2,0.0,4,11,1,1
968,33.0,1,999,0,1.4,94.465,-41.8,4.967,5228.1,999.0,0,0.0,0.0,1.0,2,4,0.0,1,6,1,1
969,35.0,1,999,0,1.4,94.465,-41.8,4.961,5228.1,999.0,0,0.0,0.0,1.0,1,8,0.0,11,6,1,1
970,33.0,14,999,0,1.1,93.994,-36.4,4.857,5191.0,999.0,0,0.0,0.0,1.0,1,8,0.0,9,5,2,1
971,45.0,5,999,0,1.4,93.444,-36.1,4.962,5228.1,999.0,0,0.0,0.0,0.0,2,5,0.0,6,8,1,1
972,31.0,1,999,0,-1.1,94.199,-37.5,0.877,4963.6,999.0,0,1.0,1.0,0.0,1,7,0.0,6,9,1,1
973,38.0,3,999,0,1.4,93.918,-42.7,4.968,5228.1,999.0,0,1.0,1.0,0.0,3,8,0.0,1,7,1,1
974,41.0,1,999,0,-1.8,92.893,-46.2,1.327,5099.1,999.0,0,0.0,0.0,0.0,2,7,0.0,3,5,1,1
975,55.0,2,999,0,1.1,93.994,-36.4,4.857,5191.0,999.0,0,0.0,0.0,1.0,2,8,0.0,5,5,2,1
976,30.0,1,999,0,-0.1,93.2,-42.0,4.191,5195.8,999.0,0,0.0,0.0,0.0,1,5,0.0,9,11,2,1
977,36.0,1,999,0,1.4,93.918,-42.7,4.963,5228.1,999.0,0,0.0,1.0,0.0,2,7,0.0,7,7,1,1
978,31.0,4,999,0,1.1,93.994,-36.4,4.857,5191.0,999.0,0,0.0,0.0,1.0,2,5,0.0,7,5,2,1
979,53.0,1,999,0,1.1,93.994,-36.4,4.859,5191.0,999.0,0,1.0,0.0,1.0,2,3,0.0,4,5,1,1
980,45.0,2,999,1,-1.8,93.075,-47.1,1.405,5099.1,999.0,1,1.0,0.0,1.0,2,8,0.0,2,4,1,2
981,43.0,3,999,0,-0.1,93.2,-42.0,4.076,5195.8,999.0,0,1.0,1.0,0.0,1,7,0.0,10,11,1,1
982,25.0,1,999,0,1.4,93.918,-42.7,4.957,5228.1,999.0,0,0.0,0.0,0.0,2,8,0.0,9,7,1,1
983,30.0,2,999,0,1.1,93.994,-36.4,4.856,5191.0,999.0,0,1.0,0.0,1.0,1,7,0.0,6,5,1,1
984,31.0,5,999,0,1.1,93.994,-36.4,4.857,5191.0,999.0,0,1.0,0.0,1.0,2,5,0.0,3,5,1,1
985,50.0,1,999,0,1.1,93.994,-36.4,4.858,5191.0,999.0,0,0.0,0.0,1.0,2,8,0.0,4,5,2,1
986,47.0,2,999,0,1.4,93.444,-36.1,4.963,5228.1,999.0,0,1.0,1.0,0.0,2,4,0.0,9,8,1,1
987,30.0,2,999,0,1.1,93.994,-36.4,4.86,5191.0,999.0,0,0.0,0.0,1.0,1,8,0.0,6,5,1,1
988,31.0,1,999,0,-0.1,93.2,-42.0,4.191,5195.8,999.0,0,1.0,1.0,0.0,2,7,0.0,3,11,2,1
989,32.0,1,999,0,1.4,93.918,-42.7,4.958,5228.1,999.0,0,0.0,0.0,0.0,1,4,0.0,6,7,1,1
990,31.0,3,999,0,1.4,94.465,-41.8,4.947,5228.1,999.0,0,0.0,0.0,1.0,2,3,0.0,2,6,1,1
991,32.0,1,999,0,1.4,94.465,-41.8,4.959,5228.1,999.0,0,0.0,0.0,1.0,2,3,0.0,4,6,1,1
992,51.0,5,999,0,-2.9,92.469,-33.6,0.921,5076.2,999.0,0,1.0,0.0,0.0,2,7,0.0,6,7,1,1
993,35.0,3,999,0,1.4,93.918,-42.7,4.958,5228.1,999.0,0,1.0,0.0,0.0,2,8,0.0,4,7,1,1
994,60.0,2,999,0,1.1,93.994,-36.4,4.858,5191.0,999.0,0,0.0,1.0,1.0,2,2,0.0,7,5,1,1
995,44.0,1,999,0,-0.1,93.2,-42.0,4.153,5195.8,999.0,0,1.0,0.0,0.0,2,8,0.0,4,11,1,1
996,31.0,1,999,1,-1.8,92.893,-46.2,1.327,5099.1,999.0,2,1.0,0.0,0.0,3,4,0.0,9,5,1,2
997,36.0,4,999,0,1.1,93.994,-36.4,4.864,5191.0,999.0,0,1.0,0.0,1.0,2,8,0.0,4,5,1,1
998,24.0,3,999,0,1.4,93.918,-42.7,4.968,5228.1,999.0,0,0.0,0.0,0.0,1,7,0.0,5,7,1,1
999,34.0,1,999,0,-0.1,93.2,-42.0,4.076,5195.8,999.0,0,0.0,0.0,0.0,2,8,0.0,3,11,1,1
1000,45.0,1,999,0,1.4,94.465,-41.8,4.866,5228.1,999.0,0,1.0,0.0,1.0,2,4,0.0,6,6,1,1
1001,41.0,6,999,0,-1.8,92.843,-50.0,1.778,5099.1,999.0,0,0.0,0.0,0.0,2,8,0.0,9,3,1,1
1002,70.0,3,999,0,-3.4,92.431,-26.9,0.735,5017.5,999.0,0,1.0,0.0,0.0,2,5,0.0,8,10,1,1
1003,31.0,2,999,0,1.4,93.444,-36.1,4.963,5228.1,999.0,0,0.0,0.0,0.0,2,7,0.0,6,8,2,1
1004,39.0,1,999,0,1.1,93.994,-36.4,4.857,5191.0,999.0,0,0.0,0.0,1.0,2,2,0.0,4,5,1,1
1005,54.0,2,999,0,-1.8,93.075,-47.1,1.405,5099.1,999.0,0,1.0,1.0,0.0,2,7,0.0,6,4,1,1
1006,28.0,1,999,0,1.4,93.918,-42.7,4.963,5228.1,999.0,0,0.0,0.0,0.0,2,5,0.0,6,7,1,1
1007,56.0,8,999,0,-1.8,92.893,-46.2,1.354,5099.1,999.0,0,0.0,0.0,0.0,2,5,0.0,2,5,2,1
1008,45.0,1,999,0,-1.8,92.893,-46.2,1.299,5099.1,999.0,0,1.0,0.0,0.0,2,3,0.0,4,5,2,1
1009,29.0,1,999,0,1.1,93.994,-36.4,4.857,5191.0,999.0,0,0.0,0.0,1.0,2,5,0.0,6,5,1,1
1010,30.0,2,999,0,1.1,93.994,-36.4,4.855,5191.0,999.0,0,1.0,0.0,1.0,1,5,0.0,9,5,1,1
1011,39.0,1,999,0,-1.8,92.893,-46.2,1.344,5099.1,999.0,0,1.0,0.0,0.0,3,2,0.0,8,5,1,1
1012,31.0,1,999,1,-0.1,93.2,-42.0,4.12,5195.8,999.0,0,0.0,0.0,0.0,2,3,0.0,4,11,1,2
1013,34.0,2,999,0,1.4,93.918,-42.7,4.958,5228.1,999.0,0,1.0,0.0,0.0,2,8,0.0,7,7,1,1
1014,34.0,1,999,0,1.4,93.444,-36.1,4.964,5228.1,999.0,0,1.0,0.0,0.0,3,8,0.0,5,8,1,1
1015,42.0,2,999,0,1.4,94.465,-41.8,4.866,5228.1,999.0,0,1.0,0.0,1.0,2,7,0.0,6,6,1,1
1016,49.0,1,999,1,-1.8,92.893,-46.2,1.313,5099.1,999.0,1,1.0,0.0,0.0,2,6,0.0,5,5,1,2
1017,27.0,2,999,0,1.4,94.465,-41.8,4.864,5228.1,999.0,0,0.0,0.0,1.0,2,5,0.0,10,6,1,1
1018,31.0,2,999,0,1.4,93.444,-36.1,4.968,5228.1,999.0,0,1.0,0.0,0.0,2,8,0.0,3,8,1,1
1019,29.0,2,999,0,1.4,93.918,-42.7,4.963,5228.1,999.0,0,1.0,0.0,0.0,1,5,0.0,6,7,1,1
1020,50.0,4,999,0,1.1,93.994,-36.4,4.864,5191.0,999.0,0,0.0,0.0,1.0,2,8,0.0,6,5,1,1
1021,30.0,1,4,1,-2.9,92.201,-31.4,0.883,5076.2,0.133333333333,0,1.0,1.0,0.0,1,7,0.0,6,8,1,3
1022,31.0,1,999,1,-0.1,93.2,-42.0,4.12,5195.8,999.0,0,1.0,0.0,0.0,2,8,0.0,3,11,1,2
1023,30.0,1,999,0,1.1,93.994,-36.4,4.86,5191.0,999.0,0,0.0,0.0,1.0,3,4,0.0,9,5,1,1
1024,56.0,2,999,0,1.4,94.465,-41.8,4.961,5228.1,999.0,0,0.0,0.0,1.0,3,8,0.0,6,6,1,1
1025,34.0,1,999,0,1.4,93.918,-42.7,4.963,5228.1,999.0,0,1.0,0.0,0.0,2,6,0.0,5,7,1,1
1026,30.0,4,999,0,1.4,93.444,-36.1,4.968,5228.1,999.0,0,0.0,1.0,0.0,1,7,0.0,6,8,1,1
1027,31.0,1,999,0,1.4,94.465,-41.8,4.959,5228.1,999.0,0,1.0,1.0,1.0,2,7,0.0,3,6,1,1
1028,48.0,2,999,0,1.4,93.918,-42.7,4.958,5228.1,999.0,0,1.0,0.0,0.0,2,5,0.0,6,7,1,1
1029,33.0,2,999,0,-1.8,93.075,-47.1,1.365,5099.1,999.0,0,1.0,0.0,0.0,2,8,0.0,5,4,1,1
1030,37.0,2,999,0,1.4,94.465,-41.8,4.959,5228.1,999.0,0,0.0,0.0,1.0,2,8,0.0,4,6,1,1
1031,35.0,2,999,0,1.4,94.465,-41.8,4.967,5228.1,999.0,0,0.0,0.0,1.0,2,7,0.0,10,6,1,1
1032,29.0,1,999,1,-1.8,92.893,-46.2,1.281,5099.1,999.0,1,1.0,0.0,0.0,1,5,0.0,6,5,1,2
1033,41.0,1,999,0,1.1,93.994,-36.4,4.86,5191.0,999.0,0,1.0,0.0,1.0,1,7,0.0,6,5,1,1
1034,38.0,2,999,1,-1.8,92.893,-46.2,1.281,5099.1,999.0,2,0.0,0.0,0.0,1,4,0.0,4,5,1,2
1035,73.0,1,6,3,-1.8,93.749,-34.6,0.645,5008.7,0.2,3,0.0,0.0,0.0,1,6,0.0,8,4,1,3
1036,50.0,2,999,0,1.4,93.918,-42.7,4.963,5228.1,999.0,0,0.0,0.0,0.0,3,8,0.0,5,7,1,1
1037,24.0,2,3,1,-3.4,92.379,-29.8,0.77,5017.5,0.1,2,1.0,1.0,0.0,2,8,0.0,5,9,1,3
1038,37.0,1,999,0,1.4,93.444,-36.1,4.963,5228.1,999.0,0,1.0,1.0,0.0,2,6,0.0,6,8,2,1
1039,46.0,1,999,0,-1.8,93.075,-47.1,1.405,5099.1,999.0,0,1.0,0.0,0.0,2,5,0.0,6,4,2,1
1040,35.0,5,999,0,-1.8,92.893,-46.2,1.299,5099.1,999.0,0,1.0,0.0,0.0,1,2,0.0,4,5,2,1
1041,24.0,1,999,0,1.1,93.994,-36.4,4.857,5191.0,999.0,0,0.0,0.0,1.0,2,8,0.0,4,5,1,1
1042,45.0,3,999,0,1.1,93.994,-36.4,4.859,5191.0,999.0,0,0.0,0.0,1.0,3,4,0.0,3,5,1,1
1043,30.0,2,999,0,1.4,93.918,-42.7,4.962,5228.1,999.0,0,0.0,0.0,0.0,1,8,0.0,5,7,1,1
1044,29.0,3,999,0,1.4,93.918,-42.7,4.963,5228.1,999.0,0,0.0,1.0,1.0,1,7,0.0,5,7,1,1
1045,24.0,1,999,0,1.4,94.465,-41.8,4.962,5228.1,999.0,0,0.0,0.0,1.0,1,2,0.0,4,6,1,1
1046,41.0,2,999,0,1.1,93.994,-36.4,4.857,5191.0,999.0,0,0.0,1.0,1.0,2,2,0.0,4,5,1,1
1047,37.0,1,999,0,1.1,93.994,-36.4,4.855,5191.0,999.0,0,1.0,0.0,1.0,2,8,0.0,4,5,1,1
1048,58.0,3,999,0,1.4,93.918,-42.7,4.968,5228.1,999.0,0,1.0,1.0,1.0,2,3,0.0,4,7,1,1
1049,34.0,1,999,0,1.4,93.444,-36.1,4.964,5228.1,999.0,0,1.0,0.0,0.0,2,5,0.0,5,8,1,1
1050,32.0,1,999,1,-1.8,92.893,-46.2,1.281,5099.1,999.0,2,1.0,0.0,0.0,1,5,0.0,5,5,1,2
1051,38.0,2,999,0,-1.8,92.893,-46.2,1.266,5099.1,999.0,0,1.0,0.0,0.0,2,8,0.0,3,5,1,1
1052,49.0,1,999,0,-3.4,92.649,-30.1,0.714,5017.5,999.0,0,1.0,0.0,1.0,2,8,0.0,10,11,1,1
1053,46.0,1,999,0,-1.8,92.893,-46.2,1.281,5099.1,999.0,0,1.0,0.0,0.0,2,8,0.0,6,5,1,1
1054,43.0,1,999,0,1.4,93.918,-42.7,4.96,5228.1,999.0,0,1.0,0.0,0.0,2,5,0.0,6,7,2,1
1055,49.0,2,999,0,-1.8,92.893,-46.2,1.313,5099.1,999.0,0,1.0,0.0,0.0,1,8,0.0,4,5,1,1
1056,39.0,1,999,0,1.1,93.994,-36.4,4.855,5191.0,999.0,0,1.0,0.0,1.0,2,3,0.0,4,5,1,1
1057,56.0,2,999,0,-0.1,93.2,-42.0,4.191,5195.8,999.0,0,1.0,0.0,0.0,2,7,0.0,3,11,2,1
1058,55.0,1,999,0,-1.8,93.075,-47.1,1.405,5099.1,999.0,0,1.0,1.0,0.0,2,8,0.0,9,4,2,1
1059,31.0,1,999,0,1.4,93.918,-42.7,4.959,5228.1,999.0,0,1.0,0.0,1.0,1,8,0.0,6,7,1,1
1060,35.0,6,999,0,1.4,93.918,-42.7,4.957,5228.1,999.0,0,0.0,0.0,0.0,2,8,0.0,11,7,1,1
1061,31.0,2,999,0,-0.1,93.2,-42.0,4.153,5195.8,999.0,0,0.0,1.0,0.0,3,8,0.0,6,11,1,1
1062,39.0,1,999,0,-0.1,93.798,-40.4,5.0,5195.8,999.0,0,0.0,1.0,1.0,3,8,0.0,5,10,2,1
1063,48.0,2,999,0,1.4,93.444,-36.1,4.968,5228.1,999.0,0,1.0,0.0,0.0,2,6,0.0,4,8,1,1
1064,31.0,2,999,0,-0.1,93.2,-42.0,4.076,5195.8,999.0,0,1.0,0.0,0.0,1,7,0.0,6,11,1,1
1065,25.0,1,999,0,-2.9,92.201,-31.4,0.851,5076.2,999.0,0,0.0,0.0,0.0,1,7,0.0,11,8,1,1
1066,48.0,6,999,0,1.4,93.918,-42.7,4.968,5228.1,999.0,0,0.0,1.0,1.0,2,6,0.0,5,7,1,1
1067,33.0,3,999,0,1.1,93.994,-36.4,4.855,5191.0,999.0,0,0.0,0.0,1.0,2,7,0.0,3,5,1,1
1068,31.0,1,999,0,1.1,93.994,-36.4,4.856,5191.0,999.0,0,1.0,0.0,1.0,2,8,0.0,2,5,1,1
1069,31.0,1,999,0,-1.8,92.893,-46.2,1.266,5099.1,999.0,0,1.0,0.0,0.0,2,8,0.0,9,5,1,1
1070,28.0,3,999,0,-1.8,92.893,-46.2,1.299,5099.1,999.0,0,0.0,0.0,0.0,2,3,0.0,4,5,2,1
1071,36.0,1,999,0,1.1,93.994,-36.4,4.856,5191.0,999.0,0,0.0,1.0,1.0,1,7,0.0,6,5,1,1
1072,31.0,2,999,0,1.4,93.444,-36.1,4.966,5228.1,999.0,0,0.0,0.0,0.0,2,5,0.0,5,8,1,1
1073,21.0,1,999,0,-3.4,92.431,-26.9,0.728,5017.5,999.0,0,0.0,0.0,0.0,1,5,0.0,11,10,1,1
1074,31.0,3,999,0,1.1,93.994,-36.4,4.855,5191.0,999.0,0,1.0,0.0,1.0,1,4,0.0,4,5,1,1
1075,27.0,2,999,0,-1.8,92.893,-46.2,1.354,5099.1,999.0,0,0.0,0.0,0.0,4,8,0.0,4,5,2,1
1076,31.0,1,999,0,1.4,93.444,-36.1,4.967,5228.1,999.0,0,1.0,1.0,0.0,1,8,0.0,5,8,1,1
1077,32.0,1,999,1,-1.7,94.215,-40.3,0.893,4991.6,999.0,3,1.0,0.0,0.0,1,7,0.0,6,7,1,2
1078,31.0,2,6,3,-1.8,93.876,-40.0,0.683,5008.7,0.2,12,1.0,0.0,0.0,2,5,0.0,9,5,1,3
1079,25.0,5,999,0,-1.8,92.893,-46.2,1.291,5099.1,999.0,0,1.0,0.0,0.0,1,6,0.0,5,5,1,1
1080,31.0,2,999,0,-1.8,93.075,-47.1,1.479,5099.1,999.0,0,1.0,0.0,0.0,2,5,0.0,9,4,1,1
1081,31.0,2,999,0,1.4,94.465,-41.8,4.865,5228.1,999.0,0,0.0,0.0,1.0,2,5,0.0,5,6,2,1
1082,37.0,6,999,0,1.4,93.918,-42.7,4.961,5228.1,999.0,0,0.0,1.0,0.0,1,5,0.0,6,7,1,1
1083,40.0,2,999,0,1.1,93.994,-36.4,4.857,5191.0,999.0,0,1.0,0.0,1.0,2,3,0.0,4,5,1,1
1084,37.0,3,999,0,-0.1,93.2,-42.0,4.076,5195.8,999.0,0,1.0,0.0,1.0,1,7,0.0,10,11,1,1
1085,35.0,5,999,0,-1.8,92.893,-46.2,1.291,5099.1,999.0,0,1.0,0.0,0.0,3,8,0.0,9,5,1,1
1086,31.0,1,999,0,1.4,93.918,-42.7,4.962,5228.1,999.0,0,0.0,0.0,0.0,2,2,0.0,4,7,2,1
1087,41.0,1,999,0,1.4,93.444,-36.1,4.97,5228.1,999.0,0,1.0,0.0,0.0,2,8,0.0,12,8,2,1
1088,58.0,2,999,0,-1.8,92.893,-46.2,1.281,5099.1,999.0,0,0.0,0.0,1.0,2,8,0.0,2,5,1,1
1089,31.0,4,999,0,1.1,93.994,-36.4,4.857,5191.0,999.0,0,0.0,0.0,1.0,2,8,0.0,6,5,1,1
1090,42.0,1,999,0,1.4,94.465,-41.8,4.961,5228.1,999.0,0,0.0,0.0,1.0,3,5,0.0,4,6,1,1
1091,36.0,7,999,0,1.4,93.444,-36.1,4.965,5228.1,999.0,0,1.0,0.0,0.0,1,7,0.0,6,8,2,1
1092,45.0,1,999,0,1.1,93.994,-36.4,4.857,5191.0,999.0,0,1.0,1.0,1.0,2,8,0.0,4,5,2,1
1093,32.0,1,999,0,-0.1,93.2,-42.0,4.076,5195.8,999.0,0,1.0,0.0,0.0,2,8,0.0,10,11,1,1
1094,31.0,2,999,0,1.4,93.444,-36.1,4.965,5228.1,999.0,0,1.0,0.0,0.0,3,8,0.0,6,8,2,1
1095,29.0,4,999,0,-1.8,92.893,-46.2,1.266,5099.1,999.0,0,0.0,0.0,1.0,2,4,0.0,4,5,1,1
1096,26.0,1,999,0,-1.1,94.601,-49.5,1.0,4963.6,999.0,0,1.0,0.0,1.0,1,5,0.0,11,10,2,1
1097,23.0,2,999,0,1.4,93.918,-42.7,4.958,5228.1,999.0,0,0.0,0.0,0.0,1,7,0.0,3,7,1,1
1098,23.0,3,999,1,-1.8,92.893,-46.2,1.25,5099.1,999.0,2,1.0,0.0,0.0,1,6,0.0,4,5,1,2
1099,30.0,3,999,0,1.1,93.994,-36.4,4.855,5191.0,999.0,0,0.0,0.0,1.0,2,6,0.0,5,5,1,1
1100,31.0,4,999,0,1.4,93.918,-42.7,4.96,5228.1,999.0,0,0.0,0.0,0.0,2,1,0.0,6,7,2,1
1101,32.0,2,999,0,-1.8,92.893,-46.2,1.327,5099.1,999.0,0,0.0,0.0,0.0,2,8,0.0,9,5,1,1
1102,29.0,3,999,0,1.1,93.994,-36.4,4.857,5191.0,999.0,0,0.0,1.0,1.0,2,3,0.0,6,5,1,1
1103,30.0,2,999,0,-1.1,94.199,-37.5,0.879,4963.6,999.0,0,0.0,0.0,0.0,1,8,0.0,5,9,1,1
1104,39.0,1,999,0,1.1,93.994,-36.4,4.856,5191.0,999.0,0,1.0,1.0,1.0,2,8,0.0,9,5,1,1
1105,29.0,1,999,0,1.4,93.444,-36.1,4.963,5228.1,999.0,0,0.0,0.0,0.0,1,7,0.0,3,8,1,1
1106,35.0,3,999,0,1.4,93.444,-36.1,4.965,5228.1,999.0,0,1.0,0.0,0.0,2,7,0.0,5,8,2,1
1107,27.0,1,999,0,-1.8,93.075,-47.1,1.41,5099.1,999.0,0,0.0,0.0,0.0,1,5,0.0,6,4,1,1
1108,31.0,1,999,0,1.4,93.918,-42.7,4.963,5228.1,999.0,0,0.0,0.0,0.0,2,5,0.0,6,7,1,1
1109,31.0,2,999,0,-0.1,93.2,-42.0,4.153,5195.8,999.0,0,0.0,0.0,0.0,2,7,0.0,3,11,1,1
1110,31.0,2,999,0,1.4,93.918,-42.7,4.968,5228.1,999.0,0,0.0,1.0,0.0,2,5,0.0,3,7,1,1
1111,31.0,1,999,0,1.4,93.444,-36.1,4.964,5228.1,999.0,0,1.0,0.0,0.0,2,8,0.0,5,8,1,1
1112,34.0,7,999,0,1.1,93.994,-36.4,4.855,5191.0,999.0,0,1.0,0.0,1.0,2,2,0.0,4,5,1,1
1113,33.0,1,999,0,-1.8,92.893,-46.2,1.244,5099.1,999.0,0,1.0,0.0,0.0,2,7,0.0,5,5,1,1
1114,31.0,1,999,0,1.4,93.918,-42.7,4.962,5228.1,999.0,0,1.0,0.0,0.0,1,6,0.0,5,7,1,1
1115,43.0,2,999,0,1.4,93.918,-42.7,4.968,5228.1,999.0,0,1.0,0.0,0.0,2,8,0.0,6,7,1,1
1116,31.0,4,999,0,1.4,93.444,-36.1,4.965,5228.1,999.0,0,1.0,0.0,0.0,2,4,0.0,3,8,1,1
1117,33.0,1,999,1,-2.9,92.963,-40.8,1.262,5076.2,999.0,2,0.0,0.0,0.0,1,5,0.0,6,6,1,2
1118,31.0,2,999,0,1.4,93.918,-42.7,4.961,5228.1,999.0,0,1.0,0.0,1.0,2,4,0.0,4,7,1,1
1119,49.0,2,999,0,1.4,94.465,-41.8,4.958,5228.1,999.0,0,0.0,0.0,1.0,2,8,0.0,4,6,1,1
1120,37.0,1,999,1,-0.1,93.2,-42.0,4.153,5195.8,999.0,2,0.0,0.0,0.0,2,6,0.0,5,11,1,2
1121,31.0,2,999,0,-0.1,93.2,-42.0,4.191,5195.8,999.0,0,1.0,0.0,0.0,2,7,0.0,7,11,2,1
1122,30.0,2,999,1,-1.8,92.893,-46.2,1.25,5099.1,999.0,1,1.0,0.0,0.0,1,4,0.0,4,5,1,2
1123,44.0,2,999,0,1.4,93.444,-36.1,4.962,5228.1,999.0,0,1.0,0.0,0.0,2,8,0.0,4,8,1,1
1124,43.0,3,13,1,-2.9,92.201,-31.4,0.838,5076.2,0.433333333333,3,0.0,1.0,0.0,2,8,0.0,6,8,1,3
1125,28.0,2,999,0,1.4,94.465,-41.8,4.967,5228.1,999.0,0,0.0,1.0,1.0,2,5,0.0,6,6,1,1
1126,46.0,1,999,0,1.4,93.444,-36.1,4.963,5228.1,999.0,0,0.0,1.0,0.0,2,3,0.0,4,8,1,1
1127,38.0,2,999,0,-0.1,93.2,-42.0,4.12,5195.8,999.0,0,1.0,0.0,0.0,2,8,0.0,10,11,1,1
1128,59.0,2,999,0,1.1,93.994,-36.4,4.859,5191.0,999.0,0,1.0,0.0,1.0,3,2,0.0,8,5,1,1
1129,37.0,1,999,0,1.4,93.444,-36.1,4.965,5228.1,999.0,0,1.0,0.0,0.0,2,7,0.0,6,8,2,1
1130,31.0,2,999,0,1.1,93.994,-36.4,4.864,5191.0,999.0,0,0.0,0.0,1.0,1,8,0.0,3,5,1,1
1131,31.0,2,999,0,1.1,93.994,-36.4,4.856,5191.0,999.0,0,0.0,1.0,1.0,1,5,0.0,6,5,1,1
1132,33.0,2,999,0,-1.8,92.893,-46.2,1.291,5099.1,999.0,0,0.0,0.0,0.0,3,8,0.0,9,5,1,1
1133,33.0,3,999,0,1.4,93.444,-36.1,4.963,5228.1,999.0,0,1.0,0.0,0.0,2,7,0.0,6,8,1,1
1134,59.0,1,999,0,1.4,93.444,-36.1,4.968,5228.1,999.0,0,1.0,0.0,0.0,2,7,0.0,6,8,1,1
1135,55.0,8,999,0,1.4,93.918,-42.7,4.968,5228.1,999.0,0,1.0,0.0,0.0,2,8,0.0,8,7,1,1
1136,51.0,2,999,0,1.4,93.918,-42.7,4.962,5228.1,999.0,0,0.0,0.0,0.0,3,8,0.0,6,7,2,1
1137,37.0,1,999,0,-1.8,92.893,-46.2,1.244,5099.1,999.0,0,1.0,0.0,0.0,3,7,0.0,6,5,2,1
1138,37.0,1,999,0,1.4,94.465,-41.8,4.959,5228.1,999.0,0,0.0,1.0,1.0,2,5,0.0,2,6,1,1
1139,34.0,1,999,0,1.1,93.994,-36.4,4.857,5191.0,999.0,0,1.0,1.0,1.0,3,6,0.0,4,5,1,1
1140,41.0,2,999,0,-1.8,92.893,-46.2,1.266,5099.1,999.0,0,1.0,1.0,0.0,2,2,0.0,4,5,1,1
1141,31.0,2,999,1,-1.8,92.893,-46.2,1.344,5099.1,999.0,2,0.0,0.0,0.0,3,5,0.0,9,5,1,2
1142,31.0,2,999,0,1.1,93.994,-36.4,4.857,5191.0,999.0,0,0.0,0.0,1.0,3,7,0.0,3,5,1,1
1143,41.0,2,999,0,1.1,93.994,-36.4,4.855,5191.0,999.0,0,1.0,0.0,1.0,1,8,0.0,6,5,1,1
1144,31.0,18,999,0,1.4,94.465,-41.8,4.959,5228.1,999.0,0,0.0,0.0,1.0,1,8,0.0,9,6,1,1
1145,37.0,2,6,3,-3.4,92.431,-26.9,0.74,5017.5,0.2,3,0.0,0.0,0.0,2,3,0.0,4,10,1,2
1146,39.0,4,999,0,1.4,93.918,-42.7,4.962,5228.1,999.0,0,1.0,0.0,0.0,1,8,0.0,5,7,2,1
1147,31.0,1,999,0,1.1,93.994,-36.4,4.857,5191.0,999.0,0,1.0,0.0,1.0,3,8,0.0,8,5,1,1
1148,34.0,1,999,0,-1.8,92.893,-46.2,1.313,5099.1,999.0,0,0.0,0.0,0.0,2,4,0.0,4,5,1,1
1149,31.0,1,999,0,1.4,93.444,-36.1,4.964,5228.1,999.0,0,1.0,1.0,0.0,2,6,0.0,6,8,1,1
1150,31.0,1,999,0,1.4,94.465,-41.8,4.96,5228.1,999.0,0,0.0,0.0,1.0,3,5,0.0,9,6,2,1
1151,35.0,6,999,0,1.4,93.444,-36.1,4.964,5228.1,999.0,0,0.0,0.0,0.0,2,8,0.0,5,8,1,1
1152,35.0,1,999,0,1.1,93.994,-36.4,4.855,5191.0,999.0,0,1.0,1.0,1.0,2,7,0.0,3,5,1,1
1153,38.0,2,999,0,1.4,94.465,-41.8,4.959,5228.1,999.0,0,1.0,0.0,1.0,2,5,0.0,6,6,1,1
1154,30.0,3,999,0,1.4,93.918,-42.7,4.959,5228.1,999.0,0,1.0,0.0,1.0,1,5,0.0,9,7,1,1
1155,29.0,2,999,0,-1.8,93.075,-47.1,1.41,5099.1,999.0,0,0.0,0.0,0.0,1,7,0.0,6,4,1,1
1156,31.0,1,999,0,-1.8,92.893,-46.2,1.299,5099.1,999.0,0,1.0,0.0,0.0,2,8,0.0,4,5,2,1
1157,46.0,2,999,0,-0.1,93.2,-42.0,4.076,5195.8,999.0,0,1.0,1.0,0.0,2,8,0.0,3,11,1,1
1158,52.0,3,999,0,-0.1,93.2,-42.0,4.191,5195.8,999.0,0,1.0,1.0,0.0,2,2,0.0,6,11,2,1
1159,31.0,3,999,0,-0.1,93.2,-42.0,4.076,5195.8,999.0,0,0.0,0.0,0.0,2,8,0.0,7,11,1,1
1160,56.0,14,999,0,1.4,94.465,-41.8,4.959,5228.1,999.0,0,1.0,0.0,1.0,2,5,0.0,9,6,1,1
1161,31.0,4,999,1,-0.1,93.2,-42.0,4.076,5195.8,999.0,1,0.0,0.0,0.0,3,2,0.0,4,11,1,2
1162,58.0,4,999,0,1.4,94.465,-41.8,4.959,5228.1,999.0,0,1.0,1.0,1.0,1,6,0.0,5,6,1,1
1163,31.0,2,999,0,-0.1,93.2,-42.0,4.021,5195.8,999.0,0,1.0,0.0,0.0,1,5,0.0,6,11,1,1
1164,53.0,1,999,0,-0.1,93.2,-42.0,4.021,5195.8,999.0,0,1.0,1.0,0.0,2,2,0.0,4,11,1,1
1165,37.0,3,999,0,1.4,93.444,-36.1,4.963,5228.1,999.0,0,1.0,0.0,0.0,2,6,0.0,5,8,2,1
1166,56.0,1,999,0,1.4,93.918,-42.7,4.961,5228.1,999.0,0,1.0,0.0,0.0,2,2,0.0,3,7,1,1
1167,41.0,3,999,1,-1.8,92.893,-46.2,1.327,5099.1,999.0,3,1.0,0.0,0.0,2,4,0.0,1,5,1,2
1168,32.0,3,999,1,-0.1,93.2,-42.0,4.12,5195.8,999.0,0,1.0,1.0,1.0,2,6,0.0,5,11,1,2
1169,40.0,1,999,0,1.1,93.994,-36.4,4.859,5191.0,999.0,0,0.0,0.0,1.0,2,7,0.0,7,5,1,1
1170,28.0,1,999,0,1.4,93.918,-42.7,4.962,5228.1,999.0,0,1.0,1.0,1.0,2,5,0.0,9,7,1,1
1171,38.0,2,999,0,-1.8,92.843,-50.0,1.811,5099.1,999.0,0,1.0,0.0,0.0,1,8,0.0,6,3,2,1
1172,38.0,2,999,1,-1.8,93.075,-47.1,1.453,5099.1,999.0,2,1.0,0.0,0.0,3,5,0.0,9,4,1,2
1173,31.0,5,999,0,1.4,94.465,-41.8,4.865,5228.1,999.0,0,1.0,0.0,1.0,2,8,0.0,4,6,2,1
1174,59.0,1,999,0,1.4,93.918,-42.7,4.961,5228.1,999.0,0,1.0,0.0,0.0,3,8,0.0,2,7,1,1
1175,40.0,1,999,0,1.1,93.994,-36.4,4.859,5191.0,999.0,0,1.0,0.0,1.0,2,8,0.0,4,5,1,1
1176,49.0,1,999,0,1.1,93.994,-36.4,4.859,5191.0,999.0,0,1.0,0.0,1.0,2,4,0.0,4,5,1,1
1177,31.0,4,999,0,1.4,94.465,-41.8,4.959,5228.1,999.0,0,0.0,0.0,1.0,2,7,0.0,7,6,1,1
1178,31.0,1,999,0,-0.1,93.2,-42.0,4.191,5195.8,999.0,0,1.0,0.0,0.0,1,7,0.0,6,11,2,1
1179,37.0,2,999,0,1.1,93.994,-36.4,4.856,5191.0,999.0,0,0.0,0.0,1.0,2,8,0.0,9,5,1,1
1180,31.0,2,999,0,-1.8,93.075,-47.1,1.405,5099.1,999.0,0,1.0,0.0,0.0,2,4,0.0,4,4,1,1
1181,35.0,2,999,0,1.4,94.465,-41.8,4.959,5228.1,999.0,0,1.0,0.0,1.0,2,4,0.0,4,6,1,1
1182,36.0,1,999,0,1.4,93.918,-42.7,4.962,5228.1,999.0,0,1.0,1.0,0.0,2,8,0.0,4,7,1,1
1183,37.0,1,999,0,-2.9,92.963,-40.8,1.26,5076.2,999.0,0,0.0,0.0,0.0,2,6,0.0,1,6,1,1
1184,50.0,2,999,0,1.4,93.444,-36.1,4.97,5228.1,999.0,0,0.0,0.0,0.0,3,7,0.0,5,8,2,1
1185,31.0,1,999,0,1.4,93.918,-42.7,4.957,5228.1,999.0,0,1.0,0.0,0.0,2,5,0.0,8,7,1,1
1186,43.0,4,999,0,1.4,93.918,-42.7,4.957,5228.1,999.0,0,0.0,0.0,0.0,2,5,0.0,5,7,1,1
1187,41.0,1,999,0,-1.8,93.075,-47.1,1.405,5099.1,999.0,0,0.0,1.0,0.0,2,4,0.0,4,4,1,1
1188,54.0,2,999,0,1.4,93.918,-42.7,4.962,5228.1,999.0,0,0.0,0.0,0.0,2,7,0.0,3,7,2,1
1189,41.0,2,999,0,1.1,93.994,-36.4,4.857,5191.0,999.0,0,0.0,0.0,1.0,2,3,0.0,3,5,2,1
1190,38.0,3,999,0,1.1,93.994,-36.4,4.86,5191.0,999.0,0,0.0,1.0,1.0,1,4,0.0,6,5,1,1
1191,30.0,2,999,0,-0.1,93.2,-42.0,4.076,5195.8,999.0,0,1.0,0.0,0.0,2,5,0.0,9,11,1,1
1192,46.0,1,999,0,1.1,93.994,-36.4,4.857,5191.0,999.0,0,1.0,0.0,1.0,2,8,0.0,3,5,1,1
1193,31.0,3,999,0,1.4,93.918,-42.7,4.962,5228.1,999.0,0,0.0,1.0,1.0,3,6,0.0,5,7,2,1
1194,25.0,5,999,0,1.1,93.994,-36.4,4.86,5191.0,999.0,0,1.0,1.0,1.0,1,5,0.0,11,5,1,1
1195,26.0,6,999,0,1.4,94.465,-41.8,4.864,5228.1,999.0,0,0.0,0.0,1.0,1,8,0.0,6,6,1,1
1196,38.0,1,999,1,-1.8,93.075,-47.1,1.405,5099.1,999.0,4,1.0,1.0,0.0,3,3,0.0,4,4,2,2
1197,43.0,3,999,0,-0.1,93.2,-42.0,4.191,5195.8,999.0,0,1.0,1.0,0.0,2,4,0.0,10,11,2,1
1198,31.0,1,999,1,-1.8,92.893,-46.2,1.334,5099.1,999.0,0,1.0,0.0,0.0,2,8,0.0,5,5,1,2
1199,47.0,1,999,0,1.4,93.444,-36.1,4.964,5228.1,999.0,0,0.0,0.0,0.0,2,8,0.0,6,8,1,1
1200,33.0,1,999,2,-2.9,92.963,-40.8,1.26,5076.2,999.0,2,0.0,0.0,0.0,1,7,0.0,6,6,1,2
1201,47.0,2,999,0,1.4,93.444,-36.1,4.965,5228.1,999.0,0,0.0,0.0,0.0,2,8,0.0,4,8,2,1
1202,34.0,1,999,0,1.4,93.444,-36.1,4.968,5228.1,999.0,0,1.0,0.0,0.0,2,7,0.0,6,8,1,1
1203,36.0,3,999,0,-0.1,93.2,-42.0,4.076,5195.8,999.0,0,1.0,0.0,0.0,2,8,0.0,6,11,1,1
1204,26.0,1,999,0,-1.8,92.893,-46.2,1.299,5099.1,999.0,0,1.0,0.0,0.0,1,8,0.0,6,5,2,1
1205,40.0,1,999,0,1.1,93.994,-36.4,4.857,5191.0,999.0,0,0.0,0.0,1.0,2,5,0.0,9,5,2,1
1206,31.0,1,999,0,-1.8,92.893,-46.2,1.266,5099.1,999.0,0,0.0,0.0,0.0,2,3,0.0,4,5,1,1
1207,27.0,2,999,0,1.1,93.994,-36.4,4.856,5191.0,999.0,0,1.0,0.0,1.0,1,7,0.0,3,5,1,1
1208,32.0,1,999,0,-2.9,92.963,-40.8,1.262,5076.2,999.0,0,0.0,0.0,0.0,2,7,0.0,6,6,1,1
1209,28.0,3,999,1,-1.8,93.369,-34.8,0.649,5008.7,999.0,1,1.0,0.0,0.0,1,6,0.0,9,3,1,2
1210,59.0,1,999,0,-0.1,93.2,-42.0,4.076,5195.8,999.0,0,0.0,0.0,0.0,2,8,0.0,8,11,1,1
1211,50.0,3,999,0,-0.1,93.2,-42.0,4.153,5195.8,999.0,0,0.0,0.0,0.0,2,5,0.0,6,11,1,1
1212,50.0,1,999,0,-0.1,93.2,-42.0,4.021,5195.8,999.0,0,1.0,1.0,0.0,2,7,0.0,5,11,1,1
1213,31.0,1,999,0,1.4,93.444,-36.1,4.967,5228.1,999.0,0,1.0,0.0,0.0,2,6,0.0,6,8,1,1
1214,53.0,1,999,0,1.4,94.465,-41.8,4.961,5228.1,999.0,0,0.0,0.0,1.0,2,4,0.0,6,6,1,1
1215,36.0,3,999,0,1.4,94.465,-41.8,4.959,5228.1,999.0,0,1.0,0.0,1.0,2,4,0.0,4,6,1,1
1216,31.0,1,999,0,-0.1,93.2,-42.0,4.021,5195.8,999.0,0,0.0,1.0,0.0,2,7,0.0,3,11,1,1
1217,33.0,5,999,0,1.4,94.465,-41.8,4.962,5228.1,999.0,0,1.0,0.0,1.0,2,7,0.0,6,6,1,1
1218,35.0,23,999,0,1.4,93.918,-42.7,4.968,5228.1,999.0,0,0.0,1.0,0.0,2,6,0.0,5,7,1,1
1219,38.0,2,10,1,-1.8,92.893,-46.2,1.291,5099.1,0.333333333333,0,1.0,0.0,1.0,3,3,0.0,9,5,1,3
1220,44.0,2,999,0,1.1,93.994,-36.4,4.857,5191.0,999.0,0,1.0,1.0,1.0,2,7,0.0,6,5,1,1
1221,31.0,2,999,0,-0.1,93.2,-42.0,4.153,5195.8,999.0,0,0.0,0.0,0.0,1,8,0.0,3,11,1,1
1222,27.0,1,999,0,1.4,93.918,-42.7,4.968,5228.1,999.0,0,0.0,1.0,0.0,1,8,0.0,6,7,1,1
1223,31.0,4,999,0,1.4,93.444,-36.1,4.965,5228.1,999.0,0,1.0,0.0,0.0,2,8,0.0,9,8,1,1
1224,31.0,1,999,0,-1.7,94.215,-40.3,0.889,4991.6,999.0,0,0.0,0.0,1.0,2,7,0.0,6,7,2,1
1225,32.0,4,999,0,1.1,93.994,-36.4,4.86,5191.0,999.0,0,1.0,0.0,1.0,3,7,0.0,6,5,1,1
1226,34.0,3,999,0,-1.8,93.075,-47.1,1.405,5099.1,999.0,0,0.0,0.0,0.0,2,8,0.0,5,4,2,1
1227,44.0,1,999,0,1.4,93.444,-36.1,4.965,5228.1,999.0,0,1.0,1.0,0.0,2,8,0.0,4,8,1,1
1228,32.0,2,999,1,-1.8,92.893,-46.2,1.291,5099.1,999.0,2,0.0,0.0,0.0,1,6,0.0,3,5,1,2
1229,31.0,2,999,0,1.4,94.465,-41.8,4.865,5228.1,999.0,0,0.0,0.0,1.0,2,7,0.0,6,6,2,1
1230,30.0,3,999,0,1.1,93.994,-36.4,4.857,5191.0,999.0,0,0.0,0.0,1.0,2,4,0.0,1,5,1,1
1231,28.0,1,999,2,-1.7,94.215,-40.3,0.846,4991.6,999.0,0,0.0,0.0,0.0,1,7,0.0,1,7,1,2
1232,39.0,1,999,0,-1.8,92.893,-46.2,1.313,5099.1,999.0,0,1.0,0.0,0.0,3,8,0.0,4,5,1,1
1233,29.0,5,999,1,-1.8,92.893,-46.2,1.313,5099.1,999.0,2,1.0,0.0,0.0,3,6,0.0,5,5,1,2
1234,39.0,2,999,0,1.1,93.994,-36.4,4.857,5191.0,999.0,0,0.0,0.0,1.0,1,7,0.0,6,5,1,1
1235,29.0,3,999,0,1.4,93.918,-42.7,4.962,5228.1,999.0,0,1.0,0.0,0.0,1,7,0.0,3,7,2,1
1236,42.0,1,999,0,1.1,93.994,-36.4,4.856,5191.0,999.0,0,0.0,0.0,1.0,1,5,0.0,6,5,1,1
1237,32.0,4,999,0,-1.1,94.199,-37.5,0.879,4963.6,999.0,0,1.0,0.0,0.0,1,7,0.0,6,9,2,1
1238,56.0,2,999,0,1.1,93.994,-36.4,4.857,5191.0,999.0,0,0.0,0.0,1.0,2,5,0.0,9,5,1,1
1239,39.0,22,999,0,1.1,93.994,-36.4,4.857,5191.0,999.0,0,0.0,0.0,1.0,2,7,0.0,3,5,2,1
1240,45.0,1,999,0,1.4,93.444,-36.1,4.964,5228.1,999.0,0,1.0,0.0,0.0,2,5,0.0,6,8,1,1
1241,31.0,1,999,0,-0.1,93.2,-42.0,4.191,5195.8,999.0,0,1.0,0.0,0.0,1,8,0.0,6,11,2,1
1242,40.0,1,999,0,-0.1,93.2,-42.0,4.191,5195.8,999.0,0,0.0,0.0,0.0,2,5,0.0,6,11,2,1
1243,44.0,1,999,0,1.1,93.994,-36.4,4.856,5191.0,999.0,0,1.0,0.0,1.0,1,8,0.0,5,5,1,1
1244,24.0,2,999,0,-2.9,92.963,-40.8,1.26,5076.2,999.0,0,1.0,0.0,0.0,1,8,0.0,4,6,1,1
1245,31.0,6,999,0,1.1,93.994,-36.4,4.858,5191.0,999.0,0,1.0,0.0,1.0,1,7,0.0,1,5,2,1
1246,48.0,1,999,0,-1.8,93.075,-47.1,1.365,5099.1,999.0,0,0.0,0.0,0.0,2,7,0.0,7,4,1,1
1247,31.0,2,999,0,1.1,93.994,-36.4,4.858,5191.0,999.0,0,0.0,0.0,1.0,2,8,0.0,8,5,2,1
1248,31.0,1,999,0,-0.1,93.2,-42.0,4.12,5195.8,999.0,0,0.0,0.0,0.0,1,8,0.0,3,11,1,1
1249,32.0,1,999,0,-0.1,93.2,-42.0,4.021,5195.8,999.0,0,1.0,0.0,0.0,2,8,0.0,6,11,1,1
1250,43.0,4,999,0,1.1,93.994,-36.4,4.856,5191.0,999.0,0,0.0,0.0,1.0,2,2,0.0,2,5,1,1
1251,31.0,3,999,0,1.4,93.918,-42.7,4.958,5228.1,999.0,0,0.0,0.0,0.0,2,6,0.0,5,7,1,1
1252,45.0,1,999,0,1.4,93.444,-36.1,4.965,5228.1,999.0,0,1.0,0.0,0.0,2,8,0.0,6,8,2,1
1253,36.0,1,999,0,1.4,94.465,-41.8,4.959,5228.1,999.0,0,0.0,0.0,1.0,2,5,0.0,9,6,1,1
1254,24.0,4,999,1,-1.8,92.893,-46.2,1.25,5099.1,999.0,1,0.0,0.0,0.0,1,5,0.0,9,5,1,2
1255,51.0,1,999,0,1.4,93.444,-36.1,4.966,5228.1,999.0,0,1.0,0.0,0.0,2,2,0.0,4,8,1,1
1256,31.0,2,999,0,-1.8,92.893,-46.2,1.334,5099.1,999.0,0,1.0,0.0,0.0,3,4,0.0,4,5,1,1
1257,31.0,3,999,0,-1.8,92.893,-46.2,1.27,5099.1,999.0,0,1.0,0.0,0.0,1,7,0.0,6,5,1,1
1258,31.0,2,999,0,1.4,93.444,-36.1,4.964,5228.1,999.0,0,0.0,0.0,0.0,2,6,0.0,6,8,1,1
1259,46.0,1,999,0,1.1,93.994,-36.4,4.859,5191.0,999.0,0,0.0,0.0,1.0,3,7,0.0,6,5,1,1
1260,33.0,7,999,1,-1.8,92.893,-46.2,1.334,5099.1,999.0,0,1.0,0.0,0.0,2,6,0.0,5,5,1,2
1261,36.0,5,999,0,1.4,93.444,-36.1,4.968,5228.1,999.0,0,1.0,1.0,0.0,2,5,0.0,6,8,1,1
1262,53.0,3,999,0,-1.8,93.075,-47.1,1.405,5099.1,999.0,0,0.0,0.0,0.0,1,7,0.0,6,4,2,1
1263,30.0,3,999,0,1.4,93.918,-42.7,4.962,5228.1,999.0,0,1.0,1.0,0.0,2,3,0.0,4,7,1,1
1264,32.0,2,999,1,-1.8,92.893,-46.2,1.313,5099.1,999.0,0,0.0,0.0,0.0,2,8,0.0,5,5,1,2
1265,33.0,1,999,0,1.4,93.918,-42.7,4.963,5228.1,999.0,0,1.0,0.0,0.0,3,5,0.0,6,7,1,1
1266,32.0,8,999,0,1.1,93.994,-36.4,4.856,5191.0,999.0,0,0.0,0.0,1.0,2,8,0.0,7,5,1,1
1267,31.0,2,999,0,1.1,93.994,-36.4,4.856,5191.0,999.0,0,1.0,0.0,1.0,2,5,0.0,5,5,1,1
1268,33.0,6,999,0,1.4,93.918,-42.7,4.957,5228.1,999.0,0,0.0,1.0,0.0,2,6,0.0,5,7,1,1
1269,34.0,1,999,0,1.4,93.444,-36.1,4.966,5228.1,999.0,0,1.0,0.0,0.0,2,8,0.0,6,8,1,1
1270,41.0,1,999,0,1.1,93.994,-36.4,4.857,5191.0,999.0,0,1.0,0.0,1.0,2,4,0.0,4,5,2,1
1271,42.0,1,999,0,1.4,93.918,-42.7,4.963,5228.1,999.0,0,0.0,0.0,1.0,2,7,0.0,1,7,1,1
1272,51.0,3,999,0,1.4,94.465,-41.8,4.866,5228.1,999.0,0,0.0,0.0,1.0,2,7,0.0,6,6,1,1
1273,30.0,1,999,0,-1.1,94.601,-49.5,1.043,4963.6,999.0,0,0.0,0.0,0.0,2,7,0.0,3,10,1,1
1274,31.0,3,999,0,1.1,93.994,-36.4,4.864,5191.0,999.0,0,0.0,0.0,1.0,2,8,0.0,5,5,1,1
1275,31.0,1,999,0,1.4,93.918,-42.7,4.963,5228.1,999.0,0,0.0,0.0,0.0,2,4,0.0,4,7,1,1
1276,35.0,5,999,0,-1.8,92.893,-46.2,1.25,5099.1,999.0,0,1.0,0.0,0.0,1,8,0.0,6,5,1,1
1277,34.0,1,999,0,-1.8,93.075,-47.1,1.405,5099.1,999.0,0,1.0,1.0,1.0,2,7,0.0,7,4,1,1
1278,43.0,1,999,0,1.4,94.465,-41.8,4.865,5228.1,999.0,0,1.0,0.0,1.0,2,8,0.0,8,6,2,1
1279,49.0,1,999,0,1.4,93.918,-42.7,4.962,5228.1,999.0,0,0.0,0.0,0.0,1,2,0.0,4,7,1,1
1280,38.0,4,999,0,1.4,93.918,-42.7,4.962,5228.1,999.0,0,1.0,0.0,0.0,1,4,0.0,9,7,2,1
1281,39.0,1,999,0,1.4,93.444,-36.1,4.968,5228.1,999.0,0,0.0,0.0,0.0,1,7,0.0,5,8,1,1
1282,49.0,31,999,0,1.4,94.465,-41.8,4.961,5228.1,999.0,0,1.0,0.0,1.0,2,4,0.0,4,6,1,1
1283,31.0,1,999,0,-1.8,93.075,-47.1,1.365,5099.1,999.0,0,1.0,0.0,0.0,3,6,0.0,8,4,1,1
1284,24.0,1,999,0,1.4,94.465,-41.8,4.959,5228.1,999.0,0,1.0,0.0,1.0,1,8,0.0,7,6,1,1
1285,43.0,7,999,0,1.4,93.444,-36.1,4.964,5228.1,999.0,0,1.0,0.0,0.0,2,6,0.0,5,8,1,1
1286,68.0,2,999,1,-3.4,92.379,-29.8,0.739,5017.5,999.0,1,0.0,0.0,0.0,1,8,0.0,8,9,2,2
1287,31.0,1,999,0,1.1,93.994,-36.4,4.859,5191.0,999.0,0,0.0,0.0,1.0,1,8,0.0,4,5,1,1
1288,47.0,2,999,0,-1.8,92.893,-46.2,1.313,5099.1,999.0,0,0.0,1.0,0.0,2,8,0.0,4,5,1,1
1289,44.0,7,999,0,-1.8,92.893,-46.2,1.344,5099.1,999.0,0,1.0,0.0,1.0,2,8,0.0,4,5,1,1
1290,41.0,2,999,0,1.1,93.994,-36.4,4.857,5191.0,999.0,0,1.0,0.0,1.0,2,3,0.0,5,5,1,1
1291,39.0,1,999,0,1.4,93.918,-42.7,4.96,5228.1,999.0,0,1.0,1.0,0.0,2,4,0.0,5,7,2,1
1292,37.0,1,999,0,1.4,93.444,-36.1,4.97,5228.1,999.0,0,1.0,0.0,0.0,1,6,0.0,5,8,2,1
1293,39.0,5,999,0,-1.8,92.893,-46.2,1.244,5099.1,999.0,0,1.0,0.0,0.0,1,6,0.0,5,5,2,1
1294,31.0,1,999,0,-2.9,92.963,-40.8,1.26,5076.2,999.0,0,0.0,0.0,0.0,1,8,0.0,10,6,1,1
1295,31.0,3,999,0,1.4,93.444,-36.1,4.964,5228.1,999.0,0,1.0,1.0,0.0,2,8,0.0,8,8,1,1
1296,31.0,9,999,0,1.1,93.994,-36.4,4.86,5191.0,999.0,0,1.0,0.0,1.0,2,8,0.0,4,5,1,1
1297,41.0,1,999,0,1.4,94.465,-41.8,4.962,5228.1,999.0,0,1.0,0.0,1.0,3,5,0.0,6,6,1,1
1298,48.0,2,999,0,-1.8,93.075,-47.1,1.365,5099.1,999.0,0,1.0,1.0,0.0,3,7,0.0,5,4,1,1
1299,31.0,1,999,0,-2.9,92.963,-40.8,1.26,5076.2,999.0,0,1.0,0.0,0.0,1,6,0.0,5,6,1,1
1300,35.0,3,999,0,1.4,94.465,-41.8,4.967,5228.1,999.0,0,0.0,0.0,1.0,2,4,0.0,4,6,1,1
1301,28.0,1,999,1,-1.8,93.075,-47.1,1.405,5099.1,999.0,1,1.0,0.0,0.0,1,7,0.0,5,4,1,2
1302,46.0,3,999,0,1.4,93.918,-42.7,4.968,5228.1,999.0,0,0.0,0.0,0.0,2,8,0.0,5,7,1,1
1303,46.0,1,999,0,1.4,93.444,-36.1,4.964,5228.1,999.0,0,0.0,0.0,0.0,2,8,0.0,9,8,1,1
1304,28.0,1,999,0,-1.8,92.843,-50.0,1.531,5099.1,999.0,0,1.0,0.0,0.0,1,8,0.0,6,3,1,1
1305,58.0,1,999,0,1.4,94.465,-41.8,4.864,5228.1,999.0,0,1.0,0.0,1.0,2,2,0.0,9,6,1,1
1306,27.0,3,999,0,1.4,93.918,-42.7,4.962,5228.1,999.0,0,1.0,1.0,0.0,1,6,0.0,6,7,1,1
1307,39.0,3,999,0,1.1,93.994,-36.4,4.86,5191.0,999.0,0,0.0,1.0,1.0,1,8,0.0,6,5,1,1
1308,31.0,1,999,1,-1.8,92.893,-46.2,1.266,5099.1,999.0,2,0.0,0.0,0.0,1,4,0.0,4,5,1,2
1309,39.0,3,999,0,1.1,93.994,-36.4,4.856,5191.0,999.0,0,1.0,0.0,1.0,2,4,0.0,4,5,1,1
1310,46.0,3,999,0,1.1,93.994,-36.4,4.864,5191.0,999.0,0,0.0,0.0,1.0,2,4,0.0,5,5,1,1
1311,45.0,1,999,0,1.1,93.994,-36.4,4.858,5191.0,999.0,0,0.0,0.0,1.0,2,4,0.0,4,5,1,1
1312,39.0,3,999,0,1.4,93.918,-42.7,4.96,5228.1,999.0,0,1.0,0.0,0.0,1,8,0.0,4,7,2,1
1313,39.0,1,999,0,1.4,94.465,-41.8,4.961,5228.1,999.0,0,0.0,1.0,1.0,2,7,0.0,1,6,1,1
1314,31.0,1,999,0,1.4,93.444,-36.1,4.966,5228.1,999.0,0,0.0,0.0,0.0,2,5,0.0,6,8,1,1
1315,44.0,4,999,0,-1.8,92.893,-46.2,1.354,5099.1,999.0,0,1.0,0.0,0.0,3,5,0.0,6,5,2,1
1316,33.0,2,999,0,1.1,93.994,-36.4,4.857,5191.0,999.0,0,0.0,0.0,1.0,3,8,0.0,9,5,2,1
1317,29.0,2,999,0,-1.8,92.893,-46.2,1.266,5099.1,999.0,0,1.0,0.0,0.0,2,8,0.0,9,5,1,1
1318,30.0,2,999,0,1.4,94.465,-41.8,4.958,5228.1,999.0,0,0.0,0.0,1.0,2,5,0.0,6,6,1,1
1319,31.0,1,999,1,-1.8,92.893,-46.2,1.281,5099.1,999.0,2,1.0,0.0,0.0,1,8,0.0,6,5,1,2
1320,39.0,2,999,0,-0.1,93.2,-42.0,4.153,5195.8,999.0,0,0.0,0.0,0.0,2,7,0.0,7,11,1,1
1321,31.0,1,999,0,-0.1,93.2,-42.0,4.191,5195.8,999.0,0,1.0,0.0,1.0,2,8,0.0,5,11,2,1
1322,44.0,5,999,0,1.4,93.918,-42.7,4.963,5228.1,999.0,0,1.0,0.0,0.0,2,8,0.0,4,7,1,1
1323,24.0,2,999,0,1.1,93.994,-36.4,4.857,5191.0,999.0,0,1.0,0.0,1.0,1,7,0.0,3,5,1,1
1324,46.0,3,999,0,-0.1,93.2,-42.0,4.076,5195.8,999.0,0,1.0,0.0,0.0,2,4,0.0,4,11,1,1
1325,29.0,1,999,0,1.4,93.444,-36.1,4.963,5228.1,999.0,0,1.0,0.0,0.0,2,7,0.0,6,8,1,1
1326,39.0,3,999,0,1.1,93.994,-36.4,4.857,5191.0,999.0,0,0.0,0.0,1.0,2,7,0.0,6,5,1,1
1327,22.0,12,999,0,1.4,93.918,-42.7,4.962,5228.1,999.0,0,1.0,1.0,0.0,1,5,0.0,2,7,2,1
1328,31.0,3,999,0,1.4,93.918,-42.7,4.961,5228.1,999.0,0,1.0,0.0,0.0,2,4,0.0,4,7,1,1
1329,27.0,1,999,1,-1.8,92.893,-46.2,1.266,5099.1,999.0,2,1.0,1.0,0.0,1,7,0.0,1,5,1,2
1330,36.0,1,3,4,-1.7,94.055,-39.8,0.72,4991.6,0.1,8,1.0,0.0,0.0,3,7,0.0,3,6,1,3
1331,31.0,4,999,0,-1.8,92.893,-46.2,1.313,5099.1,999.0,0,0.0,0.0,0.0,2,4,0.0,4,5,1,1
1332,55.0,4,999,0,1.4,93.918,-42.7,4.961,5228.1,999.0,0,0.0,1.0,0.0,2,8,0.0,8,7,1,1
1333,36.0,11,999,0,1.4,94.465,-41.8,4.866,5228.1,999.0,0,1.0,0.0,1.0,2,5,0.0,4,6,1,1
1334,31.0,8,999,0,1.4,94.465,-41.8,4.961,5228.1,999.0,0,0.0,0.0,1.0,2,6,0.0,4,6,1,1
1335,31.0,3,999,0,1.4,93.918,-42.7,4.961,5228.1,999.0,0,1.0,1.0,0.0,2,2,0.0,2,7,1,1
1336,31.0,2,999,0,1.4,93.444,-36.1,4.97,5228.1,999.0,0,0.0,0.0,0.0,2,5,0.0,6,8,2,1
1337,55.0,1,999,0,-0.1,93.2,-42.0,4.021,5195.8,999.0,0,1.0,0.0,0.0,2,6,0.0,5,11,1,1
1338,72.0,8,999,1,-2.9,92.201,-31.4,0.825,5076.2,999.0,1,1.0,1.0,0.0,2,8,0.0,12,8,1,2
1339,29.0,3,999,0,1.4,93.918,-42.7,4.963,5228.1,999.0,0,1.0,0.0,0.0,1,3,0.0,9,7,1,1
1340,32.0,2,999,0,1.4,94.465,-41.8,4.959,5228.1,999.0,0,1.0,0.0,1.0,2,8,0.0,6,6,1,1
1341,35.0,4,999,0,-1.8,92.893,-46.2,1.313,5099.1,999.0,0,1.0,0.0,0.0,2,7,0.0,6,5,1,1
1342,76.0,2,4,2,-3.0,92.713,-33.0,0.712,5023.5,0.133333333333,8,1.0,1.0,0.0,2,7,0.0,8,12,1,3
1343,58.0,1,999,0,1.4,94.465,-41.8,4.947,5228.1,999.0,0,1.0,1.0,1.0,2,8,0.0,5,6,1,1
1344,42.0,1,999,0,1.1,93.994,-36.4,4.857,5191.0,999.0,0,0.0,0.0,1.0,2,2,0.0,4,5,2,1
1345,46.0,1,999,0,1.1,93.994,-36.4,4.857,5191.0,999.0,0,1.0,0.0,1.0,2,8,0.0,5,5,1,1
1346,49.0,3,999,0,1.4,94.465,-41.8,4.866,5228.1,999.0,0,1.0,1.0,1.0,2,8,0.0,5,6,1,1
1347,30.0,2,999,0,1.4,94.465,-41.8,4.864,5228.1,999.0,0,1.0,0.0,1.0,2,8,0.0,4,6,1,1
1348,34.0,1,999,0,-1.7,94.055,-39.8,0.733,4991.6,999.0,0,1.0,0.0,1.0,1,8,0.0,6,6,2,1
1349,54.0,3,999,0,1.4,93.444,-36.1,4.965,5228.1,999.0,0,0.0,0.0,0.0,2,7,0.0,6,8,1,1
1350,37.0,1,999,0,-2.9,92.201,-31.4,0.884,5076.2,999.0,0,1.0,0.0,0.0,2,8,0.0,5,8,1,1
1351,34.0,3,999,1,-0.1,93.2,-42.0,4.12,5195.8,999.0,3,0.0,0.0,0.0,2,5,0.0,9,11,1,2
1352,31.0,3,999,0,1.4,93.444,-36.1,4.964,5228.1,999.0,0,0.0,0.0,0.0,2,7,0.0,5,8,1,1
1353,31.0,1,999,1,-0.1,93.2,-42.0,4.191,5195.8,999.0,1,0.0,1.0,0.0,2,8,0.0,4,11,1,2
1354,28.0,1,999,0,-1.8,93.369,-34.8,0.643,5008.7,999.0,0,0.0,0.0,0.0,1,7,0.0,6,3,1,1
1355,31.0,4,999,0,1.4,94.465,-41.8,4.959,5228.1,999.0,0,1.0,0.0,1.0,3,8,0.0,4,6,1,1
1356,31.0,4,999,0,1.1,93.994,-36.4,4.856,5191.0,999.0,0,1.0,0.0,1.0,2,6,0.0,5,5,1,1
1357,39.0,1,999,0,1.4,93.918,-42.7,4.963,5228.1,999.0,0,1.0,0.0,0.0,2,5,0.0,6,7,1,1
1358,31.0,2,999,0,-0.1,93.2,-42.0,4.153,5195.8,999.0,0,0.0,0.0,0.0,1,8,0.0,9,11,1,1
1359,29.0,2,999,0,1.4,93.918,-42.7,4.96,5228.1,999.0,0,1.0,0.0,0.0,3,7,0.0,10,7,2,1
1360,31.0,1,2,1,-1.8,93.075,-47.1,1.365,5099.1,0.0666666666667,3,1.0,1.0,0.0,1,7,0.0,1,4,1,3
1361,29.0,2,999,0,-2.9,92.963,-40.8,1.26,5076.2,999.0,0,0.0,0.0,1.0,1,7,0.0,6,6,1,1
1362,31.0,1,999,0,-0.1,93.798,-40.4,4.968,5195.8,999.0,0,0.0,0.0,1.0,2,5,0.0,2,10,1,1
1363,31.0,3,999,0,1.4,93.918,-42.7,4.957,5228.1,999.0,0,0.0,0.0,0.0,2,8,0.0,6,7,1,1
1364,31.0,2,999,1,-1.8,92.893,-46.2,1.25,5099.1,999.0,0,0.0,0.0,0.0,2,8,0.0,5,5,1,2
1365,31.0,1,999,0,1.1,93.994,-36.4,4.855,5191.0,999.0,0,0.0,0.0,1.0,3,7,0.0,6,5,1,1
1366,36.0,1,999,0,-1.8,92.893,-46.2,1.299,5099.1,999.0,0,0.0,0.0,0.0,2,5,0.0,6,5,2,1
1367,57.0,1,999,0,1.1,93.994,-36.4,4.856,5191.0,999.0,0,1.0,0.0,1.0,2,8,0.0,5,5,1,1
1368,54.0,2,3,1,-2.9,92.963,-40.8,1.268,5076.2,0.1,0,1.0,0.0,0.0,2,4,0.0,4,6,1,3
1369,34.0,1,999,0,1.4,93.444,-36.1,4.963,5228.1,999.0,0,0.0,0.0,0.0,2,7,0.0,6,8,1,1
1370,28.0,2,999,0,1.4,94.465,-41.8,4.865,5228.1,999.0,0,0.0,0.0,1.0,1,8,0.0,6,6,2,1
1371,31.0,3,999,0,1.4,94.465,-41.8,4.959,5228.1,999.0,0,1.0,0.0,1.0,2,2,0.0,4,6,1,1
1372,44.0,2,999,0,1.4,94.465,-41.8,4.967,5228.1,999.0,0,1.0,0.0,1.0,2,6,0.0,5,6,1,1
1373,31.0,1,999,0,1.4,93.444,-36.1,4.964,5228.1,999.0,0,1.0,1.0,0.0,1,5,0.0,6,8,1,1
1374,41.0,1,999,1,-1.8,93.075,-47.1,1.405,5099.1,999.0,1,0.0,0.0,0.0,2,4,0.0,1,4,1,2
1375,30.0,3,999,0,1.4,93.444,-36.1,4.963,5228.1,999.0,0,1.0,0.0,0.0,2,7,0.0,6,8,2,1
1376,68.0,4,999,2,-1.1,94.601,-49.5,1.0,4963.6,999.0,0,1.0,0.0,0.0,3,5,0.0,8,10,2,2
1377,31.0,5,999,0,1.4,93.444,-36.1,4.962,5228.1,999.0,0,1.0,0.0,0.0,2,8,0.0,1,8,1,1
1378,41.0,2,999,0,-1.8,92.893,-46.2,1.281,5099.1,999.0,0,1.0,0.0,0.0,2,8,0.0,9,5,1,1
1379,31.0,2,999,0,-1.8,92.893,-46.2,1.354,5099.1,999.0,0,1.0,0.0,0.0,2,4,0.0,4,5,1,1
1380,35.0,2,999,0,1.4,93.444,-36.1,4.965,5228.1,999.0,0,1.0,1.0,0.0,3,7,0.0,3,8,2,1
1381,32.0,2,999,1,-1.8,92.893,-46.2,1.299,5099.1,999.0,2,1.0,0.0,0.0,2,5,0.0,7,5,2,2
1382,41.0,1,999,0,1.4,93.918,-42.7,4.958,5228.1,999.0,0,1.0,1.0,0.0,2,8,0.0,5,7,1,1
1383,38.0,1,999,2,-3.0,92.713,-33.0,0.721,5023.5,999.0,8,0.0,0.0,0.0,2,8,0.0,5,12,1,2
1384,31.0,22,999,0,1.1,93.994,-36.4,4.86,5191.0,999.0,0,1.0,0.0,1.0,2,3,0.0,4,5,1,1
1385,31.0,1,999,0,1.1,93.994,-36.4,4.859,5191.0,999.0,0,1.0,1.0,1.0,2,8,0.0,4,5,1,1
1386,31.0,1,999,0,1.1,93.994,-36.4,4.857,5191.0,999.0,0,1.0,1.0,1.0,2,8,0.0,6,5,1,1
1387,31.0,1,999,1,-1.8,92.893,-46.2,1.327,5099.1,999.0,3,0.0,0.0,0.0,3,5,0.0,9,5,1,2
1388,50.0,2,999,0,1.4,94.465,-41.8,4.967,5228.1,999.0,0,0.0,0.0,1.0,2,8,0.0,7,6,1,1
1389,40.0,1,999,0,1.1,93.994,-36.4,4.857,5191.0,999.0,0,1.0,0.0,1.0,2,5,0.0,4,5,1,1
1390,31.0,6,999,0,1.4,93.918,-42.7,4.962,5228.1,999.0,0,0.0,0.0,0.0,2,8,0.0,6,7,2,1
1391,36.0,1,999,1,-1.8,93.075,-47.1,1.405,5099.1,999.0,5,1.0,0.0,0.0,2,8,0.0,5,4,1,2
1392,40.0,3,999,0,1.1,93.994,-36.4,4.855,5191.0,999.0,0,1.0,1.0,1.0,2,4,0.0,10,5,1,1
1393,43.0,1,999,0,1.1,93.994,-36.4,4.855,5191.0,999.0,0,0.0,0.0,1.0,2,8,0.0,4,5,1,1
1394,52.0,4,999,0,1.4,94.465,-41.8,4.961,5228.1,999.0,0,0.0,0.0,1.0,3,5,0.0,3,6,1,1
1395,30.0,1,999,0,1.4,93.918,-42.7,4.958,5228.1,999.0,0,1.0,0.0,0.0,2,8,0.0,6,7,1,1
1396,43.0,2,999,0,1.4,94.465,-41.8,4.961,5228.1,999.0,0,1.0,1.0,1.0,2,7,0.0,6,6,1,1
1397,31.0,1,9,3,-1.7,94.215,-40.3,0.861,4991.6,0.3,6,0.0,0.0,0.0,1,7,0.0,6,7,1,2
1398,28.0,1,999,0,1.4,93.918,-42.7,4.962,5228.1,999.0,0,1.0,0.0,0.0,1,8,0.0,9,7,1,1
1399,31.0,1,999,0,1.1,93.994,-36.4,4.857,5191.0,999.0,0,1.0,0.0,1.0,2,6,0.0,5,5,1,1
1400,31.0,3,999,0,-1.8,92.893,-46.2,1.25,5099.1,999.0,0,0.0,0.0,0.0,2,3,0.0,6,5,1,1
1401,35.0,4,999,0,1.4,93.918,-42.7,4.962,5228.1,999.0,0,0.0,1.0,0.0,2,5,0.0,4,7,2,1
1402,47.0,1,999,0,1.1,93.994,-36.4,4.858,5191.0,999.0,0,1.0,0.0,1.0,2,2,0.0,3,5,2,1
1403,38.0,1,999,0,1.4,93.444,-36.1,4.963,5228.1,999.0,0,1.0,0.0,0.0,2,7,0.0,6,8,1,1
1404,31.0,2,999,0,-0.1,93.2,-42.0,4.021,5195.8,999.0,0,1.0,0.0,0.0,1,8,0.0,5,11,1,1
1405,31.0,4,999,0,1.4,94.465,-41.8,4.961,5228.1,999.0,0,1.0,0.0,1.0,2,2,0.0,2,6,2,1
1406,44.0,2,999,0,1.1,93.994,-36.4,4.857,5191.0,999.0,0,0.0,0.0,1.0,2,2,0.0,4,5,1,1
1407,31.0,1,999,0,-2.9,92.963,-40.8,1.26,5076.2,999.0,0,1.0,0.0,0.0,2,8,0.0,3,6,1,1
1408,35.0,1,999,0,-1.8,92.893,-46.2,1.264,5099.1,999.0,0,1.0,0.0,0.0,2,7,0.0,6,5,2,1
1409,51.0,2,999,0,1.4,93.918,-42.7,4.96,5228.1,999.0,0,0.0,0.0,0.0,2,8,0.0,4,7,2,1
1410,31.0,2,999,0,-0.1,93.2,-42.0,4.191,5195.8,999.0,0,1.0,0.0,0.0,2,4,0.0,4,11,2,1
1411,37.0,4,999,0,1.4,93.918,-42.7,4.961,5228.1,999.0,0,1.0,0.0,0.0,1,8,0.0,6,7,1,1
1412,31.0,3,999,0,1.4,93.444,-36.1,4.965,5228.1,999.0,0,0.0,0.0,0.0,1,5,0.0,5,8,2,1
1413,55.0,1,999,0,-0.1,93.2,-42.0,4.191,5195.8,999.0,0,0.0,0.0,0.0,2,4,0.0,4,11,2,1
1414,32.0,2,999,1,-1.8,92.893,-46.2,1.25,5099.1,999.0,0,0.0,1.0,0.0,1,7,0.0,5,5,1,2
1415,35.0,3,999,0,1.4,93.444,-36.1,4.963,5228.1,999.0,0,1.0,0.0,0.0,3,8,0.0,6,8,2,1
1416,32.0,1,999,1,-0.1,93.2,-42.0,4.021,5195.8,999.0,1,1.0,0.0,0.0,2,8,0.0,6,11,1,2
1417,47.0,2,999,1,-1.8,93.075,-47.1,1.479,5099.1,999.0,6,0.0,1.0,0.0,2,4,0.0,4,4,1,2
1418,31.0,1,999,0,1.1,93.994,-36.4,4.856,5191.0,999.0,0,0.0,0.0,1.0,2,6,0.0,5,5,1,1
1419,36.0,2,999,0,1.4,94.465,-41.8,4.864,5228.1,999.0,0,0.0,0.0,1.0,2,4,0.0,4,6,1,1
1420,32.0,2,999,0,1.1,93.994,-36.4,4.856,5191.0,999.0,0,0.0,0.0,1.0,2,4,0.0,4,5,1,1
1421,57.0,1,999,0,1.4,93.918,-42.7,4.962,5228.1,999.0,0,1.0,0.0,0.0,2,2,0.0,4,7,1,1
1422,48.0,2,999,0,1.4,93.444,-36.1,4.965,5228.1,999.0,0,0.0,0.0,0.0,2,8,0.0,4,8,2,1
1423,31.0,2,6,1,-3.4,92.431,-26.9,0.74,5017.5,0.2,0,1.0,0.0,0.0,2,4,0.0,8,10,1,3
1424,31.0,2,999,0,-0.1,93.2,-42.0,4.12,5195.8,999.0,0,0.0,0.0,0.0,1,6,0.0,5,11,1,1
1425,60.0,11,999,0,1.4,93.444,-36.1,4.963,5228.1,999.0,0,0.0,0.0,0.0,2,4,0.0,6,8,1,1
1426,31.0,1,6,1,-1.8,93.876,-40.0,0.684,5008.7,0.2,4,1.0,1.0,0.0,2,8,0.0,8,5,1,3
1427,31.0,3,999,0,1.4,93.918,-42.7,4.96,5228.1,999.0,0,0.0,0.0,0.0,2,8,0.0,9,7,2,1
1428,30.0,3,999,0,-2.9,92.963,-40.8,1.206,5076.2,999.0,0,0.0,0.0,0.0,1,8,0.0,11,6,1,1
1429,29.0,1,999,0,-0.1,93.2,-42.0,4.021,5195.8,999.0,0,1.0,1.0,0.0,1,5,0.0,5,11,1,1
1430,41.0,6,999,0,1.1,93.994,-36.4,4.856,5191.0,999.0,0,0.0,0.0,1.0,2,8,0.0,4,5,1,1
1431,31.0,4,999,0,1.4,93.918,-42.7,4.962,5228.1,999.0,0,1.0,0.0,0.0,3,2,0.0,2,7,2,1
1432,31.0,1,999,0,1.1,93.994,-36.4,4.857,5191.0,999.0,0,0.0,0.0,1.0,2,5,0.0,9,5,1,1
1433,37.0,3,999,0,1.1,93.994,-36.4,4.855,5191.0,999.0,0,0.0,0.0,1.0,2,4,0.0,5,5,1,1
1434,37.0,1,999,0,-1.8,92.893,-46.2,1.299,5099.1,999.0,0,1.0,0.0,0.0,1,4,0.0,3,5,2,1
1435,31.0,1,999,1,-2.9,92.469,-33.6,1.072,5076.2,999.0,3,0.0,1.0,0.0,3,7,0.0,8,7,1,2
1436,34.0,1,999,0,1.4,93.444,-36.1,4.967,5228.1,999.0,0,0.0,0.0,0.0,1,7,0.0,6,8,1,1
1437,35.0,4,999,0,1.4,94.465,-41.8,4.959,5228.1,999.0,0,0.0,1.0,1.0,2,8,0.0,6,6,1,1
1438,24.0,1,999,0,1.4,94.465,-41.8,4.864,5228.1,999.0,0,0.0,0.0,1.0,1,8,0.0,6,6,1,1
1439,33.0,1,999,0,1.1,93.994,-36.4,4.859,5191.0,999.0,0,0.0,0.0,1.0,1,8,0.0,6,5,1,1
1440,23.0,2,999,0,-2.9,92.963,-40.8,1.26,5076.2,999.0,0,0.0,0.0,0.0,1,5,0.0,11,6,1,1
1441,26.0,1,999,0,1.4,93.918,-42.7,4.962,5228.1,999.0,0,0.0,0.0,0.0,2,4,0.0,4,7,1,1
1442,35.0,1,999,0,1.4,93.918,-42.7,4.962,5228.1,999.0,0,1.0,0.0,0.0,2,8,0.0,5,7,1,1
1443,38.0,1,6,1,-1.8,93.749,-34.6,0.659,5008.7,0.2,1,1.0,0.0,0.0,1,5,0.0,6,4,1,3
1444,30.0,9,999,0,1.4,93.444,-36.1,4.965,5228.1,999.0,0,1.0,0.0,0.0,2,5,0.0,5,8,1,1
1445,25.0,1,999,1,-2.9,92.469,-33.6,1.044,5076.2,999.0,2,1.0,0.0,0.0,1,5,0.0,11,7,1,2
1446,33.0,1,999,1,-1.8,92.893,-46.2,1.299,5099.1,999.0,2,0.0,0.0,0.0,1,7,0.0,6,5,2,2
1447,37.0,1,999,0,-1.8,93.075,-47.1,1.405,5099.1,999.0,0,1.0,0.0,0.0,2,5,0.0,6,4,1,1
1448,30.0,2,999,0,-1.8,92.893,-46.2,1.281,5099.1,999.0,0,1.0,1.0,0.0,1,8,0.0,5,5,1,1
1449,37.0,1,999,1,-1.8,93.075,-47.1,1.405,5099.1,999.0,8,0.0,1.0,0.0,2,8,0.0,3,4,1,2
1450,47.0,1,999,0,-0.1,93.2,-42.0,4.12,5195.8,999.0,0,1.0,0.0,0.0,2,7,0.0,3,11,1,1
1451,39.0,4,999,0,-1.8,92.893,-46.2,1.281,5099.1,999.0,0,0.0,0.0,0.0,3,7,0.0,3,5,1,1
1452,44.0,1,999,0,1.4,93.918,-42.7,4.961,5228.1,999.0,0,1.0,0.0,0.0,2,8,0.0,5,7,1,1
1453,31.0,1,999,0,1.1,93.994,-36.4,4.859,5191.0,999.0,0,1.0,1.0,1.0,2,4,0.0,4,5,1,1
1454,31.0,3,999,0,1.4,94.465,-41.8,4.865,5228.1,999.0,0,1.0,1.0,1.0,2,8,0.0,1,6,2,1
1455,39.0,1,999,0,1.1,93.994,-36.4,4.855,5191.0,999.0,0,0.0,0.0,1.0,2,4,0.0,4,5,1,1
1456,32.0,1,999,0,1.4,93.444,-36.1,4.964,5228.1,999.0,0,1.0,0.0,0.0,2,7,0.0,6,8,1,1
1457,30.0,1,999,0,1.4,93.444,-36.1,4.964,5228.1,999.0,0,0.0,0.0,0.0,1,5,0.0,6,8,1,1
1458,48.0,1,999,0,1.4,93.444,-36.1,4.968,5228.1,999.0,0,1.0,0.0,0.0,2,4,0.0,4,8,1,1
1459,31.0,5,999,0,1.4,93.918,-42.7,4.963,5228.1,999.0,0,1.0,0.0,0.0,2,7,0.0,5,7,1,1
1460,43.0,1,999,0,1.4,94.465,-41.8,4.962,5228.1,999.0,0,1.0,0.0,1.0,2,3,0.0,4,6,1,1
1461,26.0,1,999,0,-1.8,93.075,-47.1,1.405,5099.1,999.0,0,1.0,0.0,0.0,2,8,0.0,6,4,2,1
1462,53.0,3,999,0,1.4,93.918,-42.7,4.961,5228.1,999.0,0,1.0,1.0,0.0,3,6,0.0,5,7,1,1
1463,54.0,2,999,0,1.4,93.444,-36.1,4.963,5228.1,999.0,0,1.0,0.0,0.0,2,8,0.0,9,8,1,1
1464,31.0,1,999,0,-1.8,92.893,-46.2,1.327,5099.1,999.0,0,1.0,0.0,0.0,2,5,0.0,9,5,1,1
1465,30.0,7,999,0,1.4,93.444,-36.1,4.968,5228.1,999.0,0,1.0,0.0,0.0,1,5,0.0,4,8,1,1
1466,31.0,3,999,1,-1.8,92.893,-46.2,1.327,5099.1,999.0,3,0.0,0.0,0.0,2,7,0.0,3,5,1,2
1467,31.0,2,999,0,-0.1,93.2,-42.0,4.076,5195.8,999.0,0,1.0,0.0,0.0,1,8,0.0,4,11,1,1
1468,32.0,3,999,0,-3.4,92.431,-26.9,0.722,5017.5,999.0,0,1.0,0.0,1.0,1,7,0.0,6,10,1,1
1469,32.0,1,999,0,-1.8,92.893,-46.2,1.291,5099.1,999.0,0,1.0,1.0,0.0,2,8,0.0,7,5,1,1
1470,31.0,3,999,0,1.4,93.918,-42.7,4.962,5228.1,999.0,0,1.0,0.0,0.0,1,4,0.0,4,7,2,1
1471,29.0,1,999,1,-1.8,93.075,-47.1,1.405,5099.1,999.0,1,1.0,1.0,0.0,2,7,0.0,6,4,1,2
1472,46.0,3,999,0,1.1,93.994,-36.4,4.857,5191.0,999.0,0,1.0,0.0,1.0,2,8,0.0,6,5,1,1
1473,31.0,4,999,0,1.4,93.444,-36.1,4.963,5228.1,999.0,0,0.0,0.0,0.0,2,7,0.0,3,8,1,1
1474,48.0,1,999,0,-1.8,92.893,-46.2,1.266,5099.1,999.0,0,0.0,0.0,0.0,2,4,0.0,4,5,1,1
1475,58.0,2,999,0,1.4,94.465,-41.8,4.961,5228.1,999.0,0,0.0,0.0,1.0,3,6,0.0,8,6,2,1
1476,38.0,1,999,0,-0.1,93.2,-42.0,4.153,5195.8,999.0,0,1.0,1.0,0.0,2,7,0.0,3,11,1,1
1477,30.0,21,999,0,1.4,93.918,-42.7,4.961,5228.1,999.0,0,1.0,0.0,1.0,1,8,0.0,6,7,1,1
1478,31.0,3,999,0,1.4,93.444,-36.1,4.965,5228.1,999.0,0,0.0,0.0,0.0,3,5,0.0,5,8,1,1
1479,58.0,1,999,0,-3.4,92.649,-30.1,0.716,5017.5,999.0,0,0.0,0.0,0.0,2,7,0.0,1,11,1,1
1480,45.0,1,999,0,-1.8,93.075,-47.1,1.405,5099.1,999.0,0,1.0,1.0,0.0,2,8,0.0,4,4,1,1
1481,31.0,2,999,0,1.1,93.994,-36.4,4.855,5191.0,999.0,0,1.0,0.0,1.0,2,8,0.0,3,5,1,1
1482,50.0,3,999,0,1.4,93.918,-42.7,4.963,5228.1,999.0,0,1.0,1.0,0.0,1,7,0.0,6,7,1,1
1483,52.0,5,999,0,1.4,94.465,-41.8,4.958,5228.1,999.0,0,0.0,0.0,1.0,2,2,0.0,3,6,1,1
1484,32.0,3,999,0,1.4,93.918,-42.7,4.96,5228.1,999.0,0,1.0,0.0,0.0,3,4,0.0,6,7,2,1
1485,31.0,2,999,0,-0.1,93.2,-42.0,4.191,5195.8,999.0,0,1.0,1.0,0.0,1,7,0.0,3,11,2,1
1486,35.0,1,999,0,-1.8,92.893,-46.2,1.25,5099.1,999.0,0,1.0,0.0,0.0,2,3,0.0,4,5,1,1
1487,57.0,3,999,0,1.4,94.465,-41.8,4.865,5228.1,999.0,0,0.0,1.0,1.0,2,6,0.0,2,6,2,1
1488,33.0,3,999,0,1.4,93.444,-36.1,4.965,5228.1,999.0,0,1.0,0.0,0.0,2,5,0.0,2,8,2,1
1489,31.0,1,999,0,1.4,93.918,-42.7,4.961,5228.1,999.0,0,1.0,1.0,0.0,2,3,0.0,6,7,1,1
1490,37.0,1,999,1,-1.8,92.893,-46.2,1.313,5099.1,999.0,0,1.0,0.0,0.0,1,4,0.0,4,5,1,2
1491,31.0,2,999,1,-1.8,92.893,-46.2,1.313,5099.1,999.0,4,1.0,0.0,0.0,1,5,0.0,1,5,1,2
1492,38.0,1,999,0,-0.1,93.2,-42.0,4.12,5195.8,999.0,0,1.0,0.0,0.0,2,3,0.0,4,11,1,1
1493,56.0,1,999,0,-0.1,93.2,-42.0,4.076,5195.8,999.0,0,1.0,1.0,0.0,2,2,0.0,8,11,1,1
1494,42.0,3,999,0,1.4,93.918,-42.7,4.962,5228.1,999.0,0,0.0,0.0,0.0,2,8,0.0,4,7,2,1
1495,30.0,2,999,0,1.4,93.918,-42.7,4.963,5228.1,999.0,0,0.0,0.0,0.0,1,7,0.0,7,7,1,1
1496,32.0,1,999,0,-1.8,92.893,-46.2,1.344,5099.1,999.0,0,1.0,0.0,0.0,2,8,0.0,5,5,1,1
1497,48.0,1,999,0,1.4,93.918,-42.7,4.962,5228.1,999.0,0,0.0,0.0,0.0,2,7,0.0,6,7,1,1
1498,40.0,1,999,0,1.4,93.918,-42.7,4.962,5228.1,999.0,0,0.0,0.0,0.0,2,8,0.0,4,7,2,1
1499,48.0,3,999,0,1.4,94.465,-41.8,4.865,5228.1,999.0,0,0.0,0.0,1.0,2,8,0.0,5,6,2,1
1500,36.0,1,999,0,-0.1,93.2,-42.0,4.076,5195.8,999.0,0,1.0,0.0,0.0,1,7,0.0,6,11,1,1
1501,33.0,2,999,0,-2.9,92.963,-40.8,1.262,5076.2,999.0,0,1.0,0.0,0.0,1,7,0.0,6,6,1,1
1502,31.0,1,999,0,-1.8,92.893,-46.2,1.344,5099.1,999.0,0,0.0,0.0,0.0,1,4,0.0,4,5,1,1
1503,31.0,1,999,0,1.1,93.994,-36.4,4.857,5191.0,999.0,0,1.0,1.0,1.0,2,5,0.0,6,5,1,1
1504,55.0,1,999,0,-0.1,93.2,-42.0,4.153,5195.8,999.0,0,0.0,0.0,0.0,2,7,0.0,7,11,1,1
1505,43.0,1,999,0,1.4,94.465,-41.8,4.959,5228.1,999.0,0,1.0,0.0,1.0,2,5,0.0,6,6,1,1
1506,25.0,2,19,1,-1.1,94.767,-50.8,1.04,4963.6,0.633333333333,1,1.0,0.0,0.0,1,8,0.0,5,11,1,3
1507,56.0,3,999,1,-1.7,94.027,-38.3,0.886,4991.6,999.0,4,0.0,0.0,0.0,2,7,0.0,8,8,1,2
1508,31.0,1,999,0,1.1,93.994,-36.4,4.857,5191.0,999.0,0,1.0,1.0,1.0,2,5,0.0,9,5,1,1
1509,38.0,3,999,0,1.1,93.994,-36.4,4.859,5191.0,999.0,0,1.0,1.0,1.0,2,8,0.0,5,5,1,1
1510,31.0,1,999,0,-1.8,93.369,-34.8,0.649,5008.7,999.0,0,0.0,0.0,0.0,1,7,0.0,9,3,1,1
1511,36.0,2,999,0,1.4,93.918,-42.7,4.963,5228.1,999.0,0,0.0,0.0,0.0,1,5,0.0,4,7,1,1
1512,31.0,2,999,0,1.4,93.444,-36.1,4.964,5228.1,999.0,0,1.0,0.0,0.0,2,5,0.0,5,8,1,1
1513,30.0,1,999,0,-1.8,92.893,-46.2,1.27,5099.1,999.0,0,0.0,0.0,0.0,2,8,0.0,3,5,1,1
1514,31.0,2,999,0,-0.1,93.2,-42.0,4.021,5195.8,999.0,0,1.0,0.0,0.0,2,8,0.0,5,11,1,1
1515,31.0,3,999,1,-0.1,93.2,-42.0,4.153,5195.8,999.0,4,1.0,0.0,1.0,3,7,0.0,10,11,1,2
1516,29.0,3,999,0,-1.7,94.215,-40.3,0.87,4991.6,999.0,0,1.0,0.0,0.0,2,7,0.0,6,7,2,1
1517,36.0,1,999,0,1.1,93.994,-36.4,4.858,5191.0,999.0,0,0.0,0.0,1.0,2,7,0.0,5,5,1,1
1518,46.0,3,999,0,1.4,94.465,-41.8,4.959,5228.1,999.0,0,1.0,0.0,1.0,3,8,0.0,5,6,1,1
1519,55.0,3,999,0,1.1,93.994,-36.4,4.858,5191.0,999.0,0,1.0,0.0,1.0,1,7,0.0,6,5,1,1
1520,49.0,1,999,0,1.4,94.465,-41.8,4.961,5228.1,999.0,0,0.0,0.0,1.0,2,4,0.0,4,6,1,1
1521,31.0,1,999,0,1.1,93.994,-36.4,4.86,5191.0,999.0,0,0.0,0.0,1.0,2,7,0.0,2,5,1,1
1522,46.0,3,999,0,1.4,94.465,-41.8,4.962,5228.1,999.0,0,0.0,0.0,1.0,3,4,0.0,10,6,1,1
1523,27.0,2,999,0,1.4,93.918,-42.7,4.962,5228.1,999.0,0,0.0,0.0,0.0,1,8,0.0,9,7,2,1
1524,45.0,3,999,0,1.1,93.994,-36.4,4.86,5191.0,999.0,0,1.0,0.0,1.0,2,2,0.0,4,5,1,1
1525,52.0,2,999,0,-1.8,92.893,-46.2,1.354,5099.1,999.0,0,0.0,1.0,0.0,2,7,0.0,6,5,2,1
1526,59.0,2,999,0,1.4,93.444,-36.1,4.966,5228.1,999.0,0,0.0,1.0,0.0,2,6,0.0,5,8,1,1
1527,31.0,2,999,0,-1.8,92.893,-46.2,1.291,5099.1,999.0,0,0.0,0.0,0.0,3,5,0.0,4,5,1,1
1528,58.0,1,999,0,-0.1,93.2,-42.0,4.021,5195.8,999.0,0,0.0,0.0,0.0,3,7,0.0,6,11,1,1
1529,24.0,3,999,0,1.4,93.918,-42.7,4.96,5228.1,999.0,0,1.0,0.0,0.0,2,8,0.0,4,7,2,1
1530,31.0,15,999,0,1.1,93.994,-36.4,4.86,5191.0,999.0,0,1.0,0.0,1.0,2,7,0.0,7,5,1,1
1531,31.0,2,999,0,-1.1,94.601,-49.5,0.987,4963.6,999.0,0,1.0,1.0,0.0,2,7,0.0,6,10,1,1
1532,53.0,1,999,0,1.4,93.444,-36.1,4.964,5228.1,999.0,0,0.0,0.0,0.0,2,5,0.0,6,8,1,1
1533,57.0,1,999,0,1.1,93.994,-36.4,4.86,5191.0,999.0,0,0.0,0.0,1.0,2,8,0.0,4,5,1,1
1534,31.0,1,999,0,1.4,93.918,-42.7,4.962,5228.1,999.0,0,0.0,0.0,0.0,2,5,0.0,9,7,1,1
1535,35.0,2,3,2,-1.8,92.893,-46.2,1.354,5099.1,0.1,2,0.0,0.0,0.0,2,3,0.0,9,5,2,3
1536,57.0,2,999,0,-1.8,92.893,-46.2,1.244,5099.1,999.0,0,1.0,0.0,0.0,2,8,0.0,9,5,2,1
1537,48.0,1,999,0,-0.1,93.2,-42.0,4.191,5195.8,999.0,0,1.0,0.0,0.0,2,6,0.0,5,11,1,1
1538,46.0,1,999,0,1.1,93.994,-36.4,4.86,5191.0,999.0,0,0.0,0.0,1.0,2,4,0.0,4,5,1,1
1539,34.0,3,999,0,1.4,93.444,-36.1,4.965,5228.1,999.0,0,0.0,1.0,0.0,1,8,0.0,6,8,2,1
1540,25.0,4,999,0,1.4,93.918,-42.7,4.968,5228.1,999.0,0,1.0,0.0,0.0,1,8,0.0,6,7,1,1
1541,36.0,1,999,0,1.1,93.994,-36.4,4.858,5191.0,999.0,0,0.0,0.0,1.0,1,5,0.0,9,5,1,1
1542,31.0,1,999,0,1.1,93.994,-36.4,4.855,5191.0,999.0,0,0.0,0.0,1.0,2,3,0.0,4,5,1,1
1543,48.0,2,999,0,1.4,93.918,-42.7,4.963,5228.1,999.0,0,1.0,1.0,0.0,2,8,0.0,4,7,1,1
1544,44.0,3,999,0,-1.8,92.893,-46.2,1.244,5099.1,999.0,0,1.0,0.0,0.0,2,5,0.0,9,5,1,1
1545,31.0,1,999,0,1.1,93.994,-36.4,4.857,5191.0,999.0,0,1.0,0.0,1.0,2,5,0.0,1,5,1,1
1546,36.0,1,999,0,1.4,93.918,-42.7,4.957,5228.1,999.0,0,0.0,0.0,0.0,3,8,0.0,2,7,1,1
1547,47.0,8,999,0,1.4,94.465,-41.8,4.962,5228.1,999.0,0,1.0,1.0,1.0,2,3,0.0,4,6,1,1
1548,35.0,4,999,0,1.1,93.994,-36.4,4.857,5191.0,999.0,0,0.0,0.0,1.0,2,5,0.0,6,5,2,1
1549,54.0,1,999,0,-2.9,92.963,-40.8,1.26,5076.2,999.0,0,0.0,0.0,0.0,1,5,0.0,6,6,1,1
1550,29.0,2,999,0,1.4,94.465,-41.8,4.959,5228.1,999.0,0,0.0,0.0,1.0,1,8,0.0,4,6,1,1
1551,38.0,3,999,0,1.4,93.918,-42.7,4.961,5228.1,999.0,0,1.0,0.0,0.0,1,5,0.0,9,7,1,1
1552,36.0,2,999,0,-1.8,93.075,-47.1,1.41,5099.1,999.0,0,0.0,0.0,0.0,2,7,0.0,7,4,1,1
1553,29.0,1,999,1,-1.8,93.749,-34.6,0.645,5008.7,999.0,1,1.0,0.0,0.0,2,7,0.0,5,4,2,2
1554,38.0,1,999,0,-1.8,92.893,-46.2,1.334,5099.1,999.0,0,1.0,0.0,0.0,2,4,0.0,6,5,1,1
1555,43.0,1,999,0,1.4,93.918,-42.7,4.961,5228.1,999.0,0,1.0,0.0,0.0,2,7,0.0,6,7,1,1
1556,31.0,6,999,0,1.4,93.444,-36.1,4.968,5228.1,999.0,0,0.0,0.0,0.0,2,7,0.0,3,8,1,1
1557,53.0,3,999,0,1.4,93.444,-36.1,4.966,5228.1,999.0,0,0.0,1.0,0.0,3,5,0.0,6,8,1,1
1558,38.0,3,999,0,-1.8,93.075,-47.1,1.498,5099.1,999.0,0,1.0,0.0,0.0,3,8,0.0,6,4,1,1
1559,41.0,1,999,0,1.1,93.994,-36.4,4.864,5191.0,999.0,0,0.0,0.0,1.0,2,7,0.0,6,5,1,1
1560,50.0,1,999,0,1.4,93.918,-42.7,4.963,5228.1,999.0,0,0.0,0.0,0.0,2,8,0.0,3,7,1,1
1561,32.0,1,999,0,1.4,93.444,-36.1,4.963,5228.1,999.0,0,1.0,0.0,0.0,2,7,0.0,5,8,1,1
1562,32.0,5,999,1,-2.9,92.963,-40.8,1.224,5076.2,999.0,1,1.0,0.0,1.0,2,8,0.0,5,6,1,2
1563,56.0,1,999,0,1.4,93.918,-42.7,4.962,5228.1,999.0,0,1.0,0.0,0.0,2,8,0.0,5,7,1,1
1564,31.0,3,999,0,-1.8,92.893,-46.2,1.244,5099.1,999.0,0,1.0,0.0,0.0,1,8,0.0,5,5,2,1
1565,31.0,1,999,0,-2.9,92.201,-31.4,0.873,5076.2,999.0,0,1.0,0.0,1.0,2,5,0.0,10,8,1,1
1566,38.0,1,999,0,1.4,93.444,-36.1,4.966,5228.1,999.0,0,0.0,0.0,0.0,2,7,0.0,6,8,1,1
1567,34.0,2,999,0,-2.9,92.963,-40.8,1.26,5076.2,999.0,0,1.0,0.0,0.0,2,8,0.0,4,6,2,1
1568,33.0,2,999,0,-0.1,93.2,-42.0,4.076,5195.8,999.0,0,1.0,0.0,0.0,1,7,0.0,6,11,1,1
1569,30.0,2,999,0,1.1,93.994,-36.4,4.859,5191.0,999.0,0,1.0,0.0,1.0,2,7,0.0,6,5,1,1
1570,46.0,3,6,1,-1.8,93.749,-34.6,0.644,5008.7,0.2,1,0.0,0.0,0.0,1,2,0.0,9,4,1,3
1571,30.0,8,999,0,1.4,94.465,-41.8,4.962,5228.1,999.0,0,1.0,1.0,1.0,2,5,0.0,7,6,1,1
1572,40.0,1,999,0,-2.9,92.963,-40.8,1.252,5076.2,999.0,0,0.0,0.0,0.0,1,2,0.0,10,6,1,1
1573,30.0,3,999,0,1.4,93.918,-42.7,4.96,5228.1,999.0,0,1.0,0.0,1.0,1,7,0.0,3,7,2,1
1574,31.0,2,999,0,1.1,93.994,-36.4,4.86,5191.0,999.0,0,1.0,0.0,1.0,3,5,0.0,6,5,1,1
1575,33.0,1,999,1,-1.8,92.893,-46.2,1.291,5099.1,999.0,1,1.0,0.0,0.0,1,8,0.0,1,5,1,2
1576,36.0,21,999,0,1.1,93.994,-36.4,4.857,5191.0,999.0,0,1.0,0.0,1.0,2,8,0.0,4,5,1,1
1577,31.0,1,999,0,1.1,93.994,-36.4,4.857,5191.0,999.0,0,1.0,0.0,1.0,2,8,0.0,9,5,1,1
1578,33.0,1,999,0,-1.8,92.893,-46.2,1.313,5099.1,999.0,0,1.0,1.0,0.0,2,4,0.0,4,5,1,1
1579,57.0,4,999,0,1.1,93.994,-36.4,4.858,5191.0,999.0,0,0.0,1.0,1.0,2,3,0.0,2,5,2,1
1580,56.0,1,999,0,1.1,93.994,-36.4,4.857,5191.0,999.0,0,0.0,0.0,1.0,2,4,0.0,9,5,2,1
1581,46.0,3,999,0,1.1,93.994,-36.4,4.864,5191.0,999.0,0,1.0,0.0,1.0,3,2,0.0,4,5,1,1
1582,47.0,6,999,0,1.4,93.918,-42.7,4.963,5228.1,999.0,0,0.0,0.0,0.0,3,2,0.0,9,7,1,1
1583,37.0,4,999,0,-1.8,92.893,-46.2,1.266,5099.1,999.0,0,1.0,0.0,1.0,3,4,0.0,4,5,1,1
1584,31.0,1,999,1,-1.8,92.893,-46.2,1.299,5099.1,999.0,3,1.0,1.0,0.0,1,5,0.0,12,5,2,2
1585,36.0,1,999,1,-0.1,93.2,-42.0,4.153,5195.8,999.0,1,1.0,0.0,0.0,1,6,0.0,5,11,1,2
1586,41.0,2,999,0,-1.8,93.075,-47.1,1.405,5099.1,999.0,0,0.0,1.0,0.0,2,5,0.0,6,4,1,1
1587,56.0,1,999,1,-0.1,93.2,-42.0,4.021,5195.8,999.0,3,1.0,0.0,0.0,3,5,0.0,10,11,1,2
1588,26.0,3,999,1,-1.1,94.199,-37.5,0.879,4963.6,999.0,3,1.0,0.0,0.0,1,7,0.0,5,9,1,2
1589,45.0,1,999,0,1.1,93.994,-36.4,4.86,5191.0,999.0,0,1.0,0.0,1.0,2,8,0.0,4,5,1,1
1590,31.0,2,999,0,-1.8,92.843,-50.0,1.799,5099.1,999.0,0,0.0,0.0,0.0,2,4,0.0,4,3,1,1
1591,41.0,1,999,1,-1.8,92.893,-46.2,1.313,5099.1,999.0,0,1.0,0.0,0.0,2,8,0.0,9,5,1,2
1592,53.0,2,999,0,-1.7,94.215,-40.3,0.84,4991.6,999.0,0,1.0,0.0,1.0,1,8,0.0,4,7,1,1
1593,34.0,2,999,0,1.1,93.994,-36.4,4.857,5191.0,999.0,0,0.0,1.0,1.0,2,4,0.0,4,5,1,1
1594,26.0,1,999,0,1.1,93.994,-36.4,4.856,5191.0,999.0,0,0.0,0.0,1.0,1,5,0.0,6,5,1,1
1595,31.0,2,999,0,1.1,93.994,-36.4,4.859,5191.0,999.0,0,0.0,1.0,1.0,2,4,0.0,4,5,1,1
1596,34.0,1,999,0,1.4,93.918,-42.7,4.958,5228.1,999.0,0,1.0,0.0,0.0,1,8,0.0,5,7,1,1
1597,31.0,5,999,0,1.1,93.994,-36.4,4.857,5191.0,999.0,0,1.0,0.0,1.0,2,5,0.0,9,5,1,1
1598,38.0,1,999,0,1.4,93.444,-36.1,4.966,5228.1,999.0,0,1.0,1.0,0.0,2,7,0.0,5,8,1,1
1599,53.0,1,999,0,1.4,93.444,-36.1,4.97,5228.1,999.0,0,1.0,0.0,0.0,2,7,0.0,3,8,1,1
1600,43.0,2,999,0,-1.8,92.893,-46.2,1.327,5099.1,999.0,0,1.0,0.0,0.0,2,3,0.0,4,5,1,1
1601,31.0,1,999,0,-1.8,93.075,-47.1,1.406,5099.1,999.0,0,1.0,0.0,0.0,2,2,0.0,8,4,1,1
1602,31.0,2,999,0,1.1,93.994,-36.4,4.857,5191.0,999.0,0,1.0,0.0,1.0,2,7,0.0,8,5,1,1
1603,34.0,1,999,0,1.4,94.465,-41.8,4.961,5228.1,999.0,0,1.0,1.0,1.0,2,7,0.0,6,6,1,1
1604,31.0,2,999,0,1.4,93.918,-42.7,4.963,5228.1,999.0,0,1.0,0.0,0.0,2,7,0.0,3,7,1,1
1605,35.0,1,999,0,1.1,93.994,-36.4,4.86,5191.0,999.0,0,0.0,1.0,1.0,2,4,0.0,7,5,1,1
1606,31.0,2,999,0,-1.8,92.893,-46.2,1.25,5099.1,999.0,0,1.0,0.0,0.0,1,8,0.0,11,5,1,1
1607,32.0,4,999,0,-2.9,92.201,-31.4,0.883,5076.2,999.0,0,0.0,1.0,0.0,2,7,0.0,5,8,1,1
1608,39.0,4,999,1,-1.8,93.369,-34.8,0.643,5008.7,999.0,2,0.0,0.0,0.0,3,6,0.0,6,3,1,2
1609,39.0,1,999,0,1.4,93.918,-42.7,4.962,5228.1,999.0,0,1.0,0.0,0.0,2,3,0.0,4,7,1,1
1610,43.0,2,999,0,-1.8,92.893,-46.2,1.291,5099.1,999.0,0,0.0,1.0,1.0,1,7,0.0,5,5,1,1
1611,29.0,15,999,0,1.4,93.444,-36.1,4.963,5228.1,999.0,0,0.0,0.0,0.0,1,7,0.0,6,8,1,1
1612,80.0,1,999,0,-1.8,92.843,-50.0,1.52,5099.1,999.0,0,1.0,0.0,0.0,2,8,0.0,8,3,2,1
1613,30.0,3,999,0,1.1,93.994,-36.4,4.857,5191.0,999.0,0,0.0,1.0,1.0,3,7,0.0,6,5,1,1
1614,30.0,2,999,0,-3.4,92.431,-26.9,0.722,5017.5,999.0,0,1.0,1.0,0.0,2,6,0.0,5,10,1,1
1615,31.0,4,19,1,-1.1,94.199,-37.5,0.879,4963.6,0.633333333333,2,1.0,0.0,0.0,1,6,0.0,11,9,2,3
1616,35.0,4,999,0,1.1,93.994,-36.4,4.857,5191.0,999.0,0,0.0,0.0,1.0,3,7,0.0,6,5,2,1
1617,31.0,1,999,0,1.4,93.444,-36.1,4.967,5228.1,999.0,0,0.0,0.0,0.0,3,8,0.0,6,8,1,1
1618,31.0,1,999,0,1.1,93.994,-36.4,4.855,5191.0,999.0,0,0.0,0.0,1.0,2,8,0.0,4,5,1,1
1619,32.0,1,999,0,1.4,93.918,-42.7,4.96,5228.1,999.0,0,0.0,0.0,0.0,3,8,0.0,6,7,2,1
1620,59.0,1,999,1,-2.9,92.201,-31.4,0.883,5076.2,999.0,1,0.0,0.0,0.0,3,6,0.0,6,8,1,2
1621,31.0,1,999,0,-0.1,93.2,-42.0,4.12,5195.8,999.0,0,1.0,0.0,1.0,2,2,0.0,7,11,1,1
1622,31.0,1,999,0,1.1,93.994,-36.4,4.864,5191.0,999.0,0,0.0,0.0,1.0,2,2,0.0,9,5,1,1
1623,31.0,1,999,0,1.4,93.918,-42.7,4.959,5228.1,999.0,0,1.0,0.0,1.0,3,7,0.0,6,7,1,1
1624,31.0,3,999,0,1.4,94.465,-41.8,4.864,5228.1,999.0,0,0.0,1.0,1.0,2,4,0.0,4,6,1,1
1625,34.0,1,999,0,1.4,94.465,-41.8,4.865,5228.1,999.0,0,1.0,0.0,1.0,1,6,0.0,9,6,2,1
1626,31.0,1,999,0,1.1,93.994,-36.4,4.858,5191.0,999.0,0,1.0,1.0,1.0,2,8,0.0,4,5,1,1
1627,31.0,2,999,0,1.4,93.918,-42.7,4.956,5228.1,999.0,0,0.0,0.0,1.0,2,8,0.0,4,7,1,1
1628,31.0,2,3,6,-1.1,94.767,-50.8,1.048,4963.6,0.1,12,0.0,1.0,0.0,1,7,0.0,6,11,1,3
1629,31.0,4,999,0,1.1,93.994,-36.4,4.857,5191.0,999.0,0,0.0,0.0,1.0,2,4,0.0,7,5,1,1
1630,39.0,1,999,0,1.4,93.918,-42.7,4.959,5228.1,999.0,0,0.0,0.0,1.0,2,8,0.0,6,7,1,1
1631,47.0,1,999,0,-1.8,93.075,-47.1,1.405,5099.1,999.0,0,1.0,0.0,0.0,2,8,0.0,6,4,1,1
1632,34.0,9,999,0,-0.1,93.2,-42.0,4.021,5195.8,999.0,0,0.0,1.0,0.0,2,7,0.0,6,11,1,1
1633,34.0,1,999,2,-2.9,92.963,-40.8,1.262,5076.2,999.0,6,1.0,0.0,0.0,2,8,0.0,9,6,1,2
1634,36.0,1,999,1,-3.4,92.431,-26.9,0.74,5017.5,999.0,2,1.0,0.0,0.0,2,7,0.0,6,10,1,2
1635,30.0,3,999,0,1.4,93.918,-42.7,4.962,5228.1,999.0,0,1.0,0.0,0.0,2,4,0.0,4,7,2,1
1636,35.0,2,999,0,-1.8,92.893,-46.2,1.281,5099.1,999.0,0,0.0,0.0,1.0,1,8,0.0,9,5,1,1
1637,30.0,1,999,0,1.4,93.918,-42.7,4.96,5228.1,999.0,0,1.0,0.0,0.0,1,7,0.0,9,7,2,1
1638,50.0,3,999,0,1.4,93.918,-42.7,4.962,5228.1,999.0,0,0.0,0.0,0.0,2,2,0.0,4,7,2,1
1639,31.0,2,999,0,1.4,93.918,-42.7,4.963,5228.1,999.0,0,0.0,0.0,0.0,2,7,0.0,6,7,1,1
1640,31.0,1,6,2,-1.7,94.055,-39.8,0.72,4991.6,0.2,2,1.0,0.0,0.0,2,2,0.0,10,6,2,3
1641,37.0,2,999,1,-1.8,93.075,-47.1,1.41,5099.1,999.0,2,1.0,0.0,0.0,2,8,0.0,6,4,1,2
1642,31.0,1,999,0,1.4,93.444,-36.1,4.963,5228.1,999.0,0,1.0,0.0,0.0,1,7,0.0,6,8,1,1
1643,31.0,2,999,0,1.4,94.465,-41.8,4.958,5228.1,999.0,0,1.0,0.0,1.0,2,3,0.0,4,6,1,1
1644,46.0,2,999,0,1.4,93.918,-42.7,4.962,5228.1,999.0,0,0.0,0.0,0.0,2,5,0.0,9,7,2,1
1645,41.0,1,999,0,-3.4,92.379,-29.8,0.803,5017.5,999.0,0,0.0,0.0,0.0,2,3,0.0,3,9,1,1
1646,32.0,1,999,0,-1.8,92.893,-46.2,1.299,5099.1,999.0,0,1.0,0.0,0.0,2,6,0.0,5,5,2,1
1647,34.0,3,999,0,-1.8,93.075,-47.1,1.405,5099.1,999.0,0,1.0,0.0,0.0,2,8,0.0,5,4,2,1
1648,35.0,1,999,0,-1.8,92.893,-46.2,1.334,5099.1,999.0,0,1.0,0.0,0.0,2,8,0.0,5,5,1,1
1649,31.0,5,999,0,1.1,93.994,-36.4,4.857,5191.0,999.0,0,0.0,0.0,1.0,2,8,0.0,5,5,1,1
1650,41.0,2,999,0,1.4,93.444,-36.1,4.964,5228.1,999.0,0,1.0,0.0,0.0,2,7,0.0,5,8,1,1
1651,31.0,1,999,1,-1.8,92.893,-46.2,1.299,5099.1,999.0,2,0.0,0.0,0.0,1,5,0.0,9,5,2,2
1652,22.0,3,999,0,-1.8,92.893,-46.2,1.266,5099.1,999.0,0,1.0,0.0,0.0,1,5,0.0,11,5,1,1
1653,35.0,2,999,0,1.4,93.918,-42.7,4.962,5228.1,999.0,0,0.0,1.0,0.0,1,6,0.0,5,7,1,1
1654,31.0,2,999,0,-3.4,92.431,-26.9,0.72,5017.5,999.0,0,0.0,1.0,0.0,1,3,0.0,11,10,1,1
1655,43.0,2,999,0,1.4,93.918,-42.7,4.968,5228.1,999.0,0,1.0,0.0,0.0,2,3,0.0,2,7,1,1
1656,38.0,1,999,1,-0.1,93.2,-42.0,4.153,5195.8,999.0,2,0.0,0.0,0.0,1,7,0.0,5,11,1,2
1657,31.0,4,999,0,1.4,93.918,-42.7,4.963,5228.1,999.0,0,0.0,0.0,0.0,2,4,0.0,4,7,1,1
1658,31.0,2,3,1,-3.4,92.649,-30.1,0.714,5017.5,0.1,4,1.0,0.0,0.0,1,7,0.0,5,11,2,3
1659,50.0,4,999,0,1.4,94.465,-41.8,4.865,5228.1,999.0,0,1.0,0.0,1.0,3,2,0.0,9,6,2,1
1660,57.0,1,3,1,-2.9,92.201,-31.4,0.884,5076.2,0.1,1,1.0,0.0,1.0,2,8,0.0,7,8,2,3
1661,22.0,1,3,1,-2.9,92.963,-40.8,1.266,5076.2,0.1,3,1.0,0.0,0.0,1,8,0.0,11,6,2,3
1662,38.0,1,999,0,1.4,93.444,-36.1,4.967,5228.1,999.0,0,0.0,0.0,0.0,1,5,0.0,6,8,1,1
1663,47.0,2,999,0,1.4,93.444,-36.1,4.964,5228.1,999.0,0,1.0,0.0,0.0,3,4,0.0,2,8,1,1
1664,31.0,2,999,0,1.4,93.444,-36.1,4.968,5228.1,999.0,0,0.0,0.0,0.0,2,5,0.0,4,8,1,1
1665,51.0,3,999,0,1.4,93.918,-42.7,4.963,5228.1,999.0,0,1.0,0.0,0.0,2,5,0.0,2,7,1,1
1666,39.0,1,999,0,1.4,93.444,-36.1,4.964,5228.1,999.0,0,1.0,0.0,0.0,2,6,0.0,5,8,1,1
1667,48.0,2,999,0,1.1,93.994,-36.4,4.858,5191.0,999.0,0,0.0,0.0,1.0,2,6,0.0,4,5,1,1
1668,37.0,1,10,1,-1.7,94.055,-39.8,0.719,4991.6,0.333333333333,4,1.0,1.0,0.0,2,7,0.0,6,6,1,3
1669,47.0,5,999,0,1.4,93.444,-36.1,4.965,5228.1,999.0,0,1.0,1.0,0.0,2,5,0.0,7,8,1,1
1670,66.0,2,999,1,-2.9,92.201,-31.4,0.879,5076.2,999.0,0,0.0,0.0,0.0,2,8,0.0,8,8,1,2
1671,46.0,2,999,0,-2.9,92.201,-31.4,0.884,5076.2,999.0,0,0.0,0.0,1.0,2,8,0.0,6,8,1,1
1672,31.0,2,999,0,-2.9,92.201,-31.4,0.879,5076.2,999.0,0,1.0,0.0,0.0,1,8,0.0,6,8,1,1
1673,31.0,2,999,0,-1.8,92.893,-46.2,1.281,5099.1,999.0,0,1.0,1.0,0.0,1,6,0.0,5,5,1,1
1674,37.0,1,999,0,-1.1,94.767,-50.8,1.028,4963.6,999.0,0,1.0,0.0,0.0,2,7,0.0,6,11,1,1
1675,29.0,4,999,0,1.4,93.918,-42.7,4.96,5228.1,999.0,0,1.0,0.0,0.0,1,8,0.0,6,7,2,1
1676,32.0,3,999,0,1.4,94.465,-41.8,4.961,5228.1,999.0,0,0.0,0.0,1.0,2,5,0.0,9,6,1,1
1677,43.0,1,999,0,1.4,93.918,-42.7,4.962,5228.1,999.0,0,1.0,0.0,1.0,1,8,0.0,6,7,1,1
1678,31.0,1,999,0,1.4,93.918,-42.7,4.963,5228.1,999.0,0,0.0,0.0,0.0,2,5,0.0,11,7,1,1
1679,31.0,2,999,0,-1.8,92.893,-46.2,1.281,5099.1,999.0,0,1.0,1.0,0.0,2,8,0.0,1,5,1,1
1680,30.0,3,999,0,1.4,93.444,-36.1,4.965,5228.1,999.0,0,0.0,0.0,0.0,1,5,0.0,5,8,2,1
1681,33.0,2,999,1,-0.1,93.2,-42.0,4.12,5195.8,999.0,0,0.0,0.0,0.0,2,3,0.0,7,11,1,2
1682,31.0,4,999,0,1.4,94.465,-41.8,4.961,5228.1,999.0,0,1.0,0.0,1.0,2,8,0.0,4,6,2,1
1683,31.0,5,999,0,1.1,93.994,-36.4,4.86,5191.0,999.0,0,0.0,0.0,1.0,2,8,0.0,4,5,1,1
1684,34.0,1,999,0,1.4,93.444,-36.1,4.966,5228.1,999.0,0,1.0,0.0,0.0,2,6,0.0,5,8,1,1
1685,31.0,3,999,1,-1.8,92.893,-46.2,1.25,5099.1,999.0,1,1.0,0.0,0.0,2,3,0.0,4,5,1,2
1686,40.0,6,999,1,-1.7,94.027,-38.3,0.891,4991.6,999.0,1,1.0,0.0,1.0,2,5,0.0,6,8,1,2
1687,56.0,5,999,0,1.4,93.918,-42.7,4.961,5228.1,999.0,0,1.0,0.0,0.0,2,2,0.0,4,7,1,1
1688,31.0,7,999,0,1.4,93.918,-42.7,4.957,5228.1,999.0,0,0.0,0.0,0.0,1,7,0.0,3,7,1,1
1689,41.0,4,999,0,1.1,93.994,-36.4,4.859,5191.0,999.0,0,1.0,0.0,1.0,2,8,0.0,10,5,1,1
1690,38.0,3,999,0,1.4,93.918,-42.7,4.968,5228.1,999.0,0,0.0,0.0,0.0,2,3,0.0,6,7,1,1
1691,48.0,4,999,0,1.4,93.918,-42.7,4.961,5228.1,999.0,0,1.0,0.0,0.0,2,8,0.0,12,7,1,1
1692,37.0,1,999,0,1.4,94.465,-41.8,4.866,5228.1,999.0,0,1.0,0.0,1.0,2,8,0.0,9,6,1,1
1693,37.0,6,999,0,1.1,93.994,-36.4,4.857,5191.0,999.0,0,0.0,0.0,1.0,2,5,0.0,2,5,1,1
1694,56.0,3,999,0,1.1,93.994,-36.4,4.86,5191.0,999.0,0,1.0,0.0,1.0,2,8,0.0,4,5,1,1
1695,36.0,2,999,0,1.1,93.994,-36.4,4.855,5191.0,999.0,0,1.0,0.0,1.0,2,5,0.0,9,5,1,1
1696,46.0,3,999,0,1.4,93.444,-36.1,4.963,5228.1,999.0,0,0.0,1.0,0.0,2,7,0.0,1,8,1,1
1697,31.0,3,999,0,1.1,93.994,-36.4,4.857,5191.0,999.0,0,1.0,1.0,1.0,3,4,0.0,4,5,1,1
1698,32.0,1,999,0,1.4,93.444,-36.1,4.966,5228.1,999.0,0,1.0,0.0,0.0,1,8,0.0,5,8,1,1
1699,35.0,2,999,0,1.4,94.465,-41.8,4.864,5228.1,999.0,0,0.0,0.0,1.0,2,8,0.0,6,6,1,1
1700,32.0,2,999,1,-1.8,92.893,-46.2,1.25,5099.1,999.0,3,0.0,0.0,0.0,1,8,0.0,5,5,1,2
1701,31.0,1,999,0,1.4,94.465,-41.8,4.959,5228.1,999.0,0,1.0,0.0,1.0,2,7,0.0,3,6,1,1
1702,31.0,1,999,0,-1.8,92.893,-46.2,1.313,5099.1,999.0,0,1.0,0.0,0.0,2,3,0.0,4,5,1,1
1703,20.0,4,999,0,1.4,93.918,-42.7,4.962,5228.1,999.0,0,0.0,0.0,0.0,1,5,0.0,6,7,1,1
1704,81.0,1,999,1,-3.4,92.649,-30.1,0.715,5017.5,999.0,2,1.0,0.0,0.0,3,8,0.0,12,11,2,2
1705,24.0,3,999,0,1.4,93.918,-42.7,4.961,5228.1,999.0,0,1.0,0.0,0.0,1,4,0.0,4,7,1,1
1706,31.0,2,999,0,1.4,93.918,-42.7,4.96,5228.1,999.0,0,0.0,0.0,0.0,2,8,0.0,5,7,2,1
1707,34.0,4,999,0,-1.8,92.893,-46.2,1.327,5099.1,999.0,0,0.0,0.0,0.0,2,8,0.0,3,5,1,1
1708,31.0,3,999,0,1.4,94.465,-41.8,4.962,5228.1,999.0,0,1.0,0.0,1.0,2,3,0.0,5,6,1,1
1709,50.0,1,999,0,1.4,93.918,-42.7,4.968,5228.1,999.0,0,0.0,0.0,0.0,2,5,0.0,5,7,1,1
1710,31.0,1,999,0,-1.1,94.601,-49.5,0.982,4963.6,999.0,0,1.0,0.0,0.0,1,7,0.0,11,10,1,1
1711,45.0,2,999,0,1.4,94.465,-41.8,4.866,5228.1,999.0,0,1.0,0.0,1.0,2,6,0.0,2,6,1,1
1712,34.0,1,999,0,1.1,93.994,-36.4,4.856,5191.0,999.0,0,1.0,0.0,1.0,2,8,0.0,9,5,1,1
1713,49.0,2,999,0,1.1,93.994,-36.4,4.86,5191.0,999.0,0,0.0,0.0,1.0,3,2,0.0,4,5,1,1
1714,30.0,5,999,0,1.4,94.465,-41.8,4.959,5228.1,999.0,0,0.0,0.0,1.0,2,8,0.0,2,6,1,1
1715,24.0,1,999,0,1.4,93.918,-42.7,4.958,5228.1,999.0,0,1.0,0.0,1.0,1,5,0.0,6,7,1,1
1716,31.0,1,999,0,-0.1,93.2,-42.0,4.191,5195.8,999.0,0,0.0,0.0,0.0,2,8,0.0,9,11,2,1
1717,72.0,2,999,1,-1.7,94.215,-40.3,0.822,4991.6,999.0,0,1.0,0.0,0.0,2,2,0.0,8,7,1,2
1718,38.0,2,999,0,1.4,94.465,-41.8,4.958,5228.1,999.0,0,0.0,0.0,1.0,2,8,0.0,6,6,1,1
1719,36.0,3,999,0,1.4,93.444,-36.1,4.965,5228.1,999.0,0,0.0,0.0,0.0,2,3,0.0,2,8,2,1
1720,31.0,2,999,0,1.4,93.918,-42.7,4.96,5228.1,999.0,0,0.0,0.0,0.0,3,4,0.0,4,7,2,1
1721,25.0,2,999,0,1.4,94.465,-41.8,4.864,5228.1,999.0,0,1.0,0.0,1.0,2,5,0.0,6,6,1,1
1722,31.0,2,999,0,-0.1,93.2,-42.0,4.12,5195.8,999.0,0,1.0,0.0,0.0,2,6,0.0,5,11,1,1
1723,31.0,2,999,0,1.4,93.444,-36.1,4.965,5228.1,999.0,0,0.0,0.0,0.0,2,6,0.0,5,8,2,1
1724,31.0,2,999,0,1.4,93.918,-42.7,4.962,5228.1,999.0,0,0.0,0.0,0.0,2,8,0.0,4,7,2,1
1725,55.0,1,999,0,-0.1,93.2,-42.0,4.076,5195.8,999.0,0,0.0,0.0,0.0,3,4,0.0,8,11,1,1
1726,31.0,5,999,0,1.4,93.918,-42.7,4.962,5228.1,999.0,0,1.0,0.0,0.0,2,7,0.0,6,7,1,1
1727,41.0,2,999,0,1.1,93.994,-36.4,4.857,5191.0,999.0,0,1.0,1.0,1.0,2,7,0.0,1,5,1,1
1728,31.0,1,6,2,-1.7,94.215,-40.3,0.899,4991.6,0.2,6,1.0,0.0,1.0,1,7,0.0,5,7,1,3
1729,46.0,2,999,0,1.4,93.444,-36.1,4.968,5228.1,999.0,0,0.0,0.0,0.0,2,7,0.0,6,8,1,1
1730,39.0,2,999,0,1.4,93.918,-42.7,4.96,5228.1,999.0,0,0.0,0.0,0.0,1,6,0.0,5,7,2,1
1731,51.0,2,999,0,1.1,93.994,-36.4,4.859,5191.0,999.0,0,0.0,0.0,1.0,3,4,0.0,4,5,1,1
1732,37.0,2,999,0,-1.8,93.075,-47.1,1.405,5099.1,999.0,0,0.0,0.0,0.0,2,6,0.0,5,4,1,1
1733,31.0,2,999,0,1.4,94.465,-41.8,4.967,5228.1,999.0,0,0.0,0.0,1.0,2,2,0.0,3,6,1,1
1734,55.0,3,999,1,-1.8,93.075,-47.1,1.415,5099.1,999.0,1,1.0,0.0,0.0,2,5,0.0,6,4,1,2
1735,70.0,1,999,0,-1.8,93.075,-47.1,1.415,5099.1,999.0,0,0.0,0.0,0.0,2,2,0.0,8,4,1,1
1736,22.0,2,999,3,-1.1,94.199,-37.5,0.882,4963.6,999.0,3,1.0,0.0,0.0,1,7,0.0,6,9,2,2
1737,38.0,4,999,0,1.4,93.918,-42.7,4.958,5228.1,999.0,0,1.0,0.0,0.0,3,5,0.0,9,7,1,1
1738,31.0,1,999,0,-0.1,93.2,-42.0,4.153,5195.8,999.0,0,1.0,1.0,0.0,1,7,0.0,7,11,1,1
1739,49.0,1,999,0,1.1,93.994,-36.4,4.857,5191.0,999.0,0,1.0,1.0,1.0,2,8,0.0,9,5,1,1
1740,39.0,1,999,0,1.4,94.465,-41.8,4.961,5228.1,999.0,0,1.0,0.0,1.0,2,4,0.0,1,6,1,1
1741,42.0,1,13,1,-2.9,92.201,-31.4,0.869,5076.2,0.433333333333,1,1.0,0.0,0.0,2,7,0.0,3,8,1,3
1742,31.0,3,999,0,1.4,94.465,-41.8,4.959,5228.1,999.0,0,1.0,1.0,1.0,1,3,0.0,7,6,1,1
1743,31.0,1,999,0,1.4,93.918,-42.7,4.963,5228.1,999.0,0,1.0,0.0,0.0,2,4,0.0,4,7,1,1
1744,23.0,2,999,0,1.4,93.918,-42.7,4.963,5228.1,999.0,0,0.0,0.0,0.0,1,6,0.0,6,7,1,1
1745,31.0,5,999,0,1.4,93.444,-36.1,4.965,5228.1,999.0,0,1.0,0.0,0.0,1,7,0.0,5,8,1,1
1746,31.0,5,999,0,-1.8,93.075,-47.1,1.405,5099.1,999.0,0,1.0,1.0,1.0,2,8,0.0,7,4,2,1
1747,40.0,5,999,0,1.1,93.994,-36.4,4.857,5191.0,999.0,0,1.0,0.0,1.0,1,8,0.0,4,5,1,1
1748,28.0,1,999,0,1.4,94.465,-41.8,4.962,5228.1,999.0,0,1.0,0.0,1.0,1,7,0.0,6,6,1,1
1749,43.0,5,999,0,1.4,93.918,-42.7,4.962,5228.1,999.0,0,1.0,1.0,0.0,2,5,0.0,4,7,1,1
1750,31.0,1,999,0,1.4,94.465,-41.8,4.866,5228.1,999.0,0,0.0,1.0,1.0,2,5,0.0,8,6,1,1
1751,31.0,1,999,0,1.4,93.444,-36.1,4.964,5228.1,999.0,0,1.0,0.0,0.0,2,7,0.0,6,8,1,1
1752,31.0,1,999,1,-2.9,92.201,-31.4,0.883,5076.2,999.0,1,0.0,0.0,0.0,2,7,0.0,8,8,1,2
1753,31.0,2,999,0,-1.8,92.893,-46.2,1.334,5099.1,999.0,0,1.0,1.0,0.0,1,4,0.0,4,5,1,1
1754,31.0,1,999,0,1.1,93.994,-36.4,4.857,5191.0,999.0,0,0.0,0.0,1.0,2,8,0.0,3,5,1,1
1755,31.0,3,999,0,-0.1,93.2,-42.0,4.12,5195.8,999.0,0,1.0,0.0,0.0,1,8,0.0,4,11,1,1
1756,49.0,1,999,0,1.4,93.444,-36.1,4.963,5228.1,999.0,0,1.0,0.0,0.0,2,8,0.0,12,8,1,1
1757,31.0,1,999,0,1.1,93.994,-36.4,4.855,5191.0,999.0,0,0.0,0.0,1.0,3,4,0.0,6,5,1,1
1758,59.0,2,999,0,1.1,93.994,-36.4,4.857,5191.0,999.0,0,1.0,0.0,1.0,2,6,0.0,5,5,1,1
1759,34.0,2,3,1,-2.9,92.201,-31.4,0.851,5076.2,0.1,1,1.0,0.0,0.0,1,8,0.0,5,8,1,3
1760,31.0,1,999,0,-1.8,92.893,-46.2,1.344,5099.1,999.0,0,1.0,0.0,0.0,1,5,0.0,9,5,1,1
1761,31.0,2,999,0,1.4,93.444,-36.1,4.963,5228.1,999.0,0,1.0,1.0,0.0,2,6,0.0,5,8,1,1
1762,31.0,2,999,0,1.4,93.444,-36.1,4.965,5228.1,999.0,0,1.0,1.0,0.0,2,7,0.0,6,8,2,1
1763,51.0,13,999,0,1.4,93.444,-36.1,4.962,5228.1,999.0,0,1.0,0.0,0.0,2,6,0.0,5,8,1,1
1764,40.0,4,999,0,1.1,93.994,-36.4,4.864,5191.0,999.0,0,1.0,1.0,1.0,2,5,0.0,6,5,1,1
1765,50.0,2,999,0,1.1,93.994,-36.4,4.856,5191.0,999.0,0,0.0,0.0,1.0,2,8,0.0,9,5,1,1
1766,37.0,2,999,0,-1.8,93.075,-47.1,1.405,5099.1,999.0,0,1.0,0.0,0.0,1,3,0.0,4,4,1,1
1767,53.0,4,999,0,1.4,93.918,-42.7,4.957,5228.1,999.0,0,0.0,0.0,0.0,2,2,0.0,4,7,1,1
1768,30.0,2,999,0,1.4,93.918,-42.7,4.961,5228.1,999.0,0,0.0,1.0,0.0,2,8,0.0,6,7,1,1
1769,35.0,1,999,0,1.4,93.444,-36.1,4.965,5228.1,999.0,0,1.0,0.0,0.0,1,6,0.0,5,8,1,1
1770,28.0,1,999,0,-1.8,92.893,-46.2,1.334,5099.1,999.0,0,0.0,0.0,0.0,2,4,0.0,4,5,1,1
1771,31.0,3,999,0,1.1,93.994,-36.4,4.857,5191.0,999.0,0,0.0,0.0,1.0,2,8,0.0,6,5,1,1
1772,31.0,2,999,0,1.1,93.994,-36.4,4.86,5191.0,999.0,0,0.0,0.0,1.0,2,8,0.0,4,5,1,1
1773,31.0,3,999,0,-1.8,93.075,-47.1,1.453,5099.1,999.0,0,1.0,1.0,0.0,2,8,0.0,5,4,1,1
1774,32.0,1,999,0,1.1,93.994,-36.4,4.864,5191.0,999.0,0,1.0,0.0,1.0,1,8,0.0,5,5,1,1
1775,56.0,1,999,0,-1.8,92.893,-46.2,1.281,5099.1,999.0,0,0.0,0.0,0.0,2,2,0.0,2,5,1,1
1776,23.0,1,999,0,-1.8,93.075,-47.1,1.405,5099.1,999.0,0,1.0,0.0,0.0,1,5,0.0,11,4,2,1
1777,34.0,3,999,0,1.1,93.994,-36.4,4.857,5191.0,999.0,0,1.0,0.0,1.0,2,6,0.0,5,5,1,1
1778,31.0,1,999,0,-1.8,92.893,-46.2,1.299,5099.1,999.0,0,1.0,0.0,0.0,1,5,0.0,6,5,2,1
1779,25.0,5,999,0,1.4,93.918,-42.7,4.96,5228.1,999.0,0,1.0,0.0,0.0,1,4,0.0,2,7,2,1
1780,59.0,3,999,0,-1.8,92.843,-50.0,1.51,5099.1,999.0,0,0.0,0.0,0.0,2,2,0.0,4,3,1,1
1781,36.0,1,999,0,1.1,93.994,-36.4,4.856,5191.0,999.0,0,0.0,0.0,1.0,2,8,0.0,6,5,1,1
1782,46.0,1,999,0,-1.8,92.893,-46.2,1.299,5099.1,999.0,0,0.0,0.0,0.0,2,3,0.0,3,5,2,1
1783,38.0,1,999,0,1.4,93.444,-36.1,4.964,5228.1,999.0,0,1.0,0.0,0.0,1,7,0.0,5,8,1,1
1784,37.0,1,999,0,1.4,93.918,-42.7,4.957,5228.1,999.0,0,1.0,0.0,0.0,2,5,0.0,5,7,1,1
1785,39.0,4,3,1,-1.8,92.893,-46.2,1.291,5099.1,0.1,1,1.0,0.0,0.0,2,5,0.0,5,5,1,3
1786,41.0,1,999,0,1.1,93.994,-36.4,4.857,5191.0,999.0,0,0.0,0.0,1.0,2,5,0.0,5,5,1,1
1787,29.0,2,999,0,-1.8,92.893,-46.2,1.266,5099.1,999.0,0,0.0,0.0,0.0,2,8,0.0,1,5,1,1
1788,57.0,5,999,0,1.1,93.994,-36.4,4.857,5191.0,999.0,0,1.0,0.0,1.0,2,4,0.0,10,5,2,1
1789,29.0,1,999,0,1.4,93.444,-36.1,4.963,5228.1,999.0,0,0.0,0.0,0.0,1,7,0.0,6,8,1,1
1790,20.0,1,999,1,-2.9,92.469,-33.6,1.029,5076.2,999.0,2,0.0,0.0,0.0,1,5,0.0,11,7,1,2
1791,34.0,3,999,0,1.4,93.444,-36.1,4.967,5228.1,999.0,0,1.0,1.0,0.0,2,7,0.0,5,8,1,1
1792,31.0,2,999,0,1.1,93.994,-36.4,4.857,5191.0,999.0,0,0.0,0.0,1.0,2,5,0.0,9,5,2,1
1793,33.0,1,999,0,1.1,93.994,-36.4,4.857,5191.0,999.0,0,0.0,0.0,1.0,2,8,0.0,4,5,2,1
1794,31.0,3,999,0,1.4,93.918,-42.7,4.96,5228.1,999.0,0,1.0,0.0,0.0,1,8,0.0,6,7,2,1
1795,31.0,1,999,0,1.4,93.918,-42.7,4.957,5228.1,999.0,0,1.0,0.0,0.0,1,5,0.0,6,7,1,1
1796,31.0,4,999,0,1.1,93.994,-36.4,4.864,5191.0,999.0,0,1.0,0.0,1.0,2,8,0.0,5,5,1,1
1797,30.0,3,999,0,1.4,93.918,-42.7,4.961,5228.1,999.0,0,1.0,0.0,0.0,2,5,0.0,10,7,1,1
1798,51.0,1,999,0,-1.8,92.893,-46.2,1.299,5099.1,999.0,0,0.0,0.0,0.0,2,8,0.0,7,5,2,1
1799,48.0,8,999,0,1.1,93.994,-36.4,4.86,5191.0,999.0,0,0.0,1.0,1.0,2,8,0.0,7,5,1,1
1800,64.0,1,999,0,-1.7,94.215,-40.3,0.884,4991.6,999.0,0,0.0,0.0,0.0,2,5,0.0,6,7,1,1
1801,31.0,1,999,0,1.1,93.994,-36.4,4.856,5191.0,999.0,0,1.0,1.0,1.0,2,8,0.0,6,5,1,1
1802,31.0,3,999,0,1.1,93.994,-36.4,4.86,5191.0,999.0,0,0.0,0.0,1.0,1,4,0.0,6,5,1,1
1803,40.0,1,999,0,1.1,93.994,-36.4,4.859,5191.0,999.0,0,1.0,0.0,1.0,1,8,0.0,9,5,1,1
1804,31.0,1,999,0,1.4,93.918,-42.7,4.962,5228.1,999.0,0,0.0,0.0,0.0,1,5,0.0,6,7,1,1
1805,44.0,1,999,2,-3.4,92.431,-26.9,0.739,5017.5,999.0,4,0.0,0.0,0.0,2,6,0.0,4,10,1,2
1806,31.0,56,999,0,1.1,93.994,-36.4,4.858,5191.0,999.0,0,1.0,1.0,1.0,2,7,0.0,6,5,2,1
1807,41.0,3,999,0,1.4,93.918,-42.7,4.962,5228.1,999.0,0,1.0,0.0,0.0,1,5,0.0,7,7,1,1
1808,31.0,1,999,0,1.4,93.444,-36.1,4.968,5228.1,999.0,0,1.0,0.0,0.0,2,8,0.0,9,8,1,1
1809,54.0,3,999,0,1.4,93.444,-36.1,4.966,5228.1,999.0,0,1.0,0.0,0.0,2,7,0.0,6,8,1,1
1810,50.0,2,999,0,1.4,93.918,-42.7,4.962,5228.1,999.0,0,0.0,0.0,0.0,3,7,0.0,3,7,2,1
1811,31.0,1,999,0,-0.1,93.2,-42.0,4.191,5195.8,999.0,0,1.0,0.0,0.0,2,5,0.0,5,11,2,1
1812,31.0,3,999,1,-1.8,92.893,-46.2,1.334,5099.1,999.0,1,0.0,0.0,0.0,2,8,0.0,5,5,1,2
1813,56.0,2,999,0,1.4,94.465,-41.8,4.96,5228.1,999.0,0,0.0,0.0,1.0,3,2,0.0,2,6,2,1
1814,41.0,21,999,0,1.4,94.465,-41.8,4.96,5228.1,999.0,0,0.0,0.0,1.0,2,8,0.0,9,6,2,1
1815,44.0,3,999,0,-1.8,92.893,-46.2,1.327,5099.1,999.0,0,1.0,0.0,0.0,3,8,0.0,5,5,1,1
1816,31.0,1,999,0,1.1,93.994,-36.4,4.857,5191.0,999.0,0,1.0,0.0,1.0,2,5,0.0,9,5,1,1
1817,28.0,5,999,0,-1.8,92.893,-46.2,1.281,5099.1,999.0,0,1.0,0.0,0.0,2,6,0.0,5,5,1,1
1818,31.0,1,999,0,-1.8,92.893,-46.2,1.327,5099.1,999.0,0,1.0,0.0,0.0,2,3,0.0,4,5,1,1
1819,30.0,1,999,0,-0.1,93.2,-42.0,4.191,5195.8,999.0,0,0.0,0.0,1.0,3,7,0.0,6,11,2,1
1820,49.0,6,999,3,-1.1,94.199,-37.5,0.883,4963.6,999.0,6,0.0,0.0,0.0,2,8,0.0,6,9,1,2
1821,38.0,2,999,0,1.4,93.444,-36.1,4.963,5228.1,999.0,0,0.0,0.0,0.0,2,6,0.0,5,8,2,1
1822,31.0,3,999,0,1.1,93.994,-36.4,4.857,5191.0,999.0,0,0.0,0.0,1.0,2,8,0.0,10,5,2,1
1823,31.0,5,999,0,1.1,93.994,-36.4,4.857,5191.0,999.0,0,1.0,1.0,1.0,2,5,0.0,6,5,2,1
1824,35.0,2,999,0,1.4,93.918,-42.7,4.962,5228.1,999.0,0,0.0,0.0,0.0,2,6,0.0,4,7,1,1
1825,38.0,1,999,0,-1.8,92.843,-50.0,1.811,5099.1,999.0,0,1.0,0.0,0.0,1,8,0.0,6,3,1,1
1826,38.0,1,999,0,-1.8,92.893,-46.2,1.299,5099.1,999.0,0,0.0,0.0,0.0,2,6,0.0,4,5,2,1
1827,34.0,1,6,4,-1.1,94.199,-37.5,0.883,4963.6,0.2,12,1.0,1.0,0.0,2,6,0.0,5,9,1,3
1828,31.0,1,999,0,1.4,93.918,-42.7,4.959,5228.1,999.0,0,1.0,0.0,1.0,2,5,0.0,6,7,1,1
1829,31.0,1,4,1,-2.9,92.963,-40.8,1.262,5076.2,0.133333333333,5,1.0,0.0,0.0,3,8,0.0,6,6,1,3
1830,31.0,2,999,0,1.1,93.994,-36.4,4.856,5191.0,999.0,0,1.0,0.0,1.0,1,8,0.0,5,5,1,1
1831,27.0,2,999,0,-1.8,92.893,-46.2,1.25,5099.1,999.0,0,1.0,0.0,0.0,1,4,0.0,4,5,1,1
1832,51.0,2,999,0,1.4,93.444,-36.1,4.967,5228.1,999.0,0,1.0,0.0,0.0,2,6,0.0,5,8,1,1
1833,45.0,2,999,0,1.1,93.994,-36.4,4.858,5191.0,999.0,0,0.0,0.0,1.0,2,8,0.0,7,5,2,1
1834,46.0,1,999,0,1.4,94.465,-41.8,4.962,5228.1,999.0,0,0.0,0.0,1.0,2,2,0.0,4,6,1,1
1835,31.0,2,999,0,1.4,94.465,-41.8,4.958,5228.1,999.0,0,0.0,0.0,1.0,2,4,0.0,4,6,1,1
1836,50.0,4,999,0,1.4,93.444,-36.1,4.968,5228.1,999.0,0,1.0,0.0,0.0,2,8,0.0,7,8,1,1
1837,51.0,3,999,0,1.1,93.994,-36.4,4.858,5191.0,999.0,0,1.0,0.0,1.0,2,2,0.0,7,5,1,1
1838,56.0,12,999,0,1.4,93.918,-42.7,4.968,5228.1,999.0,0,0.0,0.0,0.0,3,8,0.0,5,7,1,1
1839,31.0,13,999,0,1.1,93.994,-36.4,4.856,5191.0,999.0,0,0.0,1.0,1.0,2,7,0.0,6,5,1,1
1840,50.0,12,999,0,1.4,93.918,-42.7,4.962,5228.1,999.0,0,1.0,0.0,1.0,2,8,0.0,4,7,2,1
1841,32.0,4,999,0,1.1,93.994,-36.4,4.864,5191.0,999.0,0,1.0,0.0,1.0,1,8,0.0,6,5,1,1
1842,31.0,1,999,0,-0.1,93.2,-42.0,4.191,5195.8,999.0,0,1.0,0.0,0.0,2,4,0.0,10,11,2,1
1843,57.0,2,999,0,1.4,93.918,-42.7,4.962,5228.1,999.0,0,1.0,1.0,0.0,2,2,0.0,1,7,1,1
1844,41.0,2,999,0,-1.8,92.893,-46.2,1.313,5099.1,999.0,0,1.0,0.0,0.0,1,5,0.0,9,5,1,1
1845,47.0,1,999,0,1.4,93.918,-42.7,4.961,5228.1,999.0,0,0.0,0.0,0.0,3,7,0.0,6,7,1,1
1846,31.0,1,999,0,1.4,93.918,-42.7,4.962,5228.1,999.0,0,1.0,0.0,0.0,1,8,0.0,6,7,1,1
1847,43.0,2,999,0,1.4,94.465,-41.8,4.961,5228.1,999.0,0,0.0,0.0,1.0,1,6,0.0,5,6,1,1
1848,50.0,1,999,0,-1.8,93.075,-47.1,1.435,5099.1,999.0,0,0.0,0.0,0.0,2,8,0.0,4,4,1,1
1849,34.0,3,999,0,-0.1,93.2,-42.0,4.021,5195.8,999.0,0,1.0,1.0,0.0,2,8,0.0,6,11,1,1
1850,31.0,1,999,0,-1.8,92.893,-46.2,1.344,5099.1,999.0,0,1.0,0.0,0.0,2,4,0.0,4,5,1,1
1851,29.0,2,999,1,-1.8,93.075,-47.1,1.365,5099.1,999.0,1,1.0,0.0,0.0,1,5,0.0,3,4,1,2
1852,40.0,3,999,0,1.4,93.444,-36.1,4.966,5228.1,999.0,0,0.0,1.0,0.0,2,7,0.0,3,8,1,1
1853,36.0,1,999,0,-0.1,93.2,-42.0,4.021,5195.8,999.0,0,0.0,0.0,0.0,2,8,0.0,6,11,1,1
1854,28.0,1,999,0,-2.9,92.201,-31.4,0.881,5076.2,999.0,0,0.0,0.0,0.0,1,7,0.0,6,8,1,1
1855,60.0,2,15,2,-1.7,94.027,-38.3,0.896,4991.6,0.5,10,0.0,0.0,0.0,2,2,0.0,8,8,2,2
1856,74.0,2,6,1,-2.9,92.201,-31.4,0.843,5076.2,0.2,2,1.0,0.0,0.0,2,2,0.0,8,8,2,3
1857,46.0,7,999,0,1.4,93.918,-42.7,4.961,5228.1,999.0,0,1.0,1.0,0.0,1,7,0.0,6,7,1,1
1858,41.0,1,999,0,1.4,93.444,-36.1,4.965,5228.1,999.0,0,1.0,1.0,0.0,1,6,0.0,5,8,1,1
1859,31.0,3,999,0,1.4,93.918,-42.7,4.962,5228.1,999.0,0,1.0,1.0,0.0,2,7,0.0,6,7,1,1
1860,39.0,1,999,0,-0.1,93.2,-42.0,4.076,5195.8,999.0,0,0.0,0.0,0.0,3,5,0.0,10,11,1,1
1861,49.0,3,999,0,1.1,93.994,-36.4,4.855,5191.0,999.0,0,1.0,0.0,1.0,3,8,0.0,6,5,1,1
1862,58.0,5,999,0,1.4,93.444,-36.1,4.962,5228.1,999.0,0,0.0,0.0,0.0,2,7,0.0,8,8,1,1
1863,37.0,1,999,0,1.4,93.918,-42.7,4.957,5228.1,999.0,0,1.0,0.0,0.0,3,8,0.0,9,7,1,1
1864,71.0,3,999,0,-1.7,94.215,-40.3,0.884,4991.6,999.0,0,1.0,0.0,0.0,2,8,0.0,8,7,1,1
1865,50.0,2,999,0,1.4,93.444,-36.1,4.97,5228.1,999.0,0,1.0,0.0,0.0,2,8,0.0,12,8,2,1
1866,30.0,1,999,0,-2.9,92.201,-31.4,0.873,5076.2,999.0,0,1.0,0.0,1.0,2,7,0.0,6,8,1,1
1867,55.0,7,999,0,-1.8,93.369,-34.8,0.654,5008.7,999.0,0,1.0,0.0,1.0,2,7,0.0,6,3,1,1
1868,31.0,2,999,0,1.4,93.444,-36.1,4.963,5228.1,999.0,0,1.0,0.0,0.0,1,7,0.0,6,8,1,1
1869,29.0,2,3,4,-1.7,94.055,-39.8,0.715,4991.6,0.1,0,0.0,0.0,0.0,1,8,0.0,6,6,1,3
1870,31.0,2,999,0,1.1,93.994,-36.4,4.857,5191.0,999.0,0,0.0,0.0,1.0,1,8,0.0,3,5,1,1
1871,47.0,2,999,0,1.4,93.918,-42.7,4.962,5228.1,999.0,0,1.0,0.0,0.0,1,8,0.0,3,7,2,1
1872,34.0,2,999,0,1.4,94.465,-41.8,4.961,5228.1,999.0,0,0.0,0.0,1.0,2,7,0.0,1,6,1,1
1873,30.0,4,999,0,1.1,93.994,-36.4,4.86,5191.0,999.0,0,1.0,1.0,1.0,1,8,0.0,4,5,1,1
1874,33.0,1,12,2,-1.8,92.893,-46.2,1.266,5099.1,0.4,2,0.0,0.0,0.0,1,8,0.0,6,5,1,2
1875,31.0,4,999,0,1.4,93.444,-36.1,4.963,5228.1,999.0,0,1.0,0.0,0.0,2,8,0.0,3,8,1,1
1876,31.0,1,999,0,1.4,93.918,-42.7,4.957,5228.1,999.0,0,0.0,0.0,0.0,3,5,0.0,5,7,1,1
1877,41.0,2,999,0,1.4,93.444,-36.1,4.963,5228.1,999.0,0,1.0,0.0,0.0,2,8,0.0,5,8,1,1
1878,53.0,2,999,0,1.4,93.918,-42.7,4.962,5228.1,999.0,0,0.0,0.0,0.0,2,7,0.0,1,7,2,1
1879,32.0,3,999,0,1.1,93.994,-36.4,4.855,5191.0,999.0,0,0.0,0.0,1.0,1,7,0.0,11,5,1,1
1880,27.0,2,999,0,1.4,94.465,-41.8,4.864,5228.1,999.0,0,0.0,0.0,1.0,1,7,0.0,10,6,1,1
1881,38.0,4,999,0,-1.8,92.893,-46.2,1.281,5099.1,999.0,0,0.0,1.0,1.0,2,8,0.0,1,5,1,1
1882,31.0,1,999,0,1.4,94.465,-41.8,4.958,5228.1,999.0,0,0.0,0.0,1.0,2,8,0.0,6,6,1,1
1883,35.0,3,999,0,1.4,93.918,-42.7,4.961,5228.1,999.0,0,1.0,0.0,0.0,2,5,0.0,9,7,1,1
1884,34.0,2,999,1,-1.8,92.843,-50.0,1.52,5099.1,999.0,2,1.0,0.0,0.0,1,8,0.0,5,3,2,2
1885,26.0,6,999,0,1.1,93.994,-36.4,4.864,5191.0,999.0,0,0.0,0.0,1.0,2,5,0.0,6,5,1,1
1886,43.0,3,999,0,1.4,93.918,-42.7,4.962,5228.1,999.0,0,1.0,1.0,0.0,2,8,0.0,9,7,2,1
1887,31.0,11,999,0,1.4,94.465,-41.8,4.864,5228.1,999.0,0,0.0,0.0,1.0,2,8,0.0,9,6,1,1
1888,38.0,3,999,0,-0.1,93.2,-42.0,4.076,5195.8,999.0,0,1.0,0.0,0.0,3,7,0.0,6,11,1,1
1889,51.0,1,999,0,-0.1,93.2,-42.0,4.153,5195.8,999.0,0,1.0,0.0,0.0,2,2,0.0,4,11,1,1
1890,31.0,1,999,0,-1.8,92.843,-50.0,1.602,5099.1,999.0,0,1.0,1.0,0.0,1,5,0.0,6,3,1,1
1891,30.0,1,999,0,-1.8,92.893,-46.2,1.281,5099.1,999.0,0,0.0,0.0,0.0,2,7,0.0,7,5,1,1
1892,31.0,2,999,0,1.4,94.465,-41.8,4.959,5228.1,999.0,0,1.0,0.0,1.0,2,8,0.0,5,6,1,1
1893,24.0,1,999,3,-1.8,93.876,-40.0,0.672,5008.7,999.0,6,1.0,0.0,0.0,1,5,0.0,11,5,1,2
1894,34.0,8,999,0,1.4,94.465,-41.8,4.864,5228.1,999.0,0,0.0,0.0,1.0,2,7,0.0,5,6,1,1
1895,24.0,4,999,0,1.4,93.918,-42.7,4.963,5228.1,999.0,0,1.0,0.0,1.0,1,4,0.0,9,7,1,1
1896,32.0,2,999,0,-1.8,92.893,-46.2,1.27,5099.1,999.0,0,1.0,0.0,1.0,2,7,0.0,5,5,1,1
1897,52.0,5,999,1,-3.4,92.649,-30.1,0.715,5017.5,999.0,2,1.0,1.0,0.0,3,7,0.0,6,11,1,2
1898,31.0,2,999,0,1.4,93.444,-36.1,4.965,5228.1,999.0,0,0.0,0.0,0.0,2,5,0.0,5,8,1,1
1899,35.0,10,999,0,1.1,93.994,-36.4,4.859,5191.0,999.0,0,1.0,0.0,1.0,2,7,0.0,3,5,1,1
1900,55.0,9,999,0,1.4,93.918,-42.7,4.961,5228.1,999.0,0,0.0,0.0,0.0,3,8,0.0,7,7,1,1
1901,32.0,4,999,0,1.4,93.444,-36.1,4.964,5228.1,999.0,0,1.0,0.0,0.0,1,8,0.0,5,8,1,1
1902,57.0,1,999,0,-0.1,93.2,-42.0,4.021,5195.8,999.0,0,1.0,0.0,0.0,2,2,0.0,2,11,1,1
1903,32.0,3,999,0,1.4,94.465,-41.8,4.961,5228.1,999.0,0,0.0,0.0,1.0,2,8,0.0,9,6,1,1
1904,51.0,10,999,0,1.4,94.465,-41.8,4.864,5228.1,999.0,0,1.0,0.0,1.0,2,2,0.0,4,6,1,1
1905,41.0,2,999,0,1.1,93.994,-36.4,4.857,5191.0,999.0,0,0.0,0.0,1.0,3,3,0.0,4,5,1,1
1906,27.0,1,999,1,-1.8,93.075,-47.1,1.4,5099.1,999.0,2,0.0,0.0,0.0,1,7,0.0,11,4,1,2
1907,58.0,1,999,0,1.4,93.918,-42.7,4.963,5228.1,999.0,0,1.0,0.0,0.0,2,4,0.0,5,7,1,1
1908,51.0,2,999,0,-1.8,92.893,-46.2,1.344,5099.1,999.0,0,1.0,1.0,0.0,2,3,0.0,4,5,1,1
1909,30.0,1,999,0,-0.1,93.2,-42.0,4.021,5195.8,999.0,0,1.0,0.0,0.0,1,5,0.0,6,11,1,1
1910,42.0,2,999,1,-0.1,93.2,-42.0,4.153,5195.8,999.0,5,1.0,0.0,0.0,1,2,0.0,1,11,1,2
1911,52.0,1,999,1,-0.1,93.2,-42.0,4.191,5195.8,999.0,3,1.0,1.0,1.0,2,4,0.0,7,11,2,2
1912,39.0,2,3,1,-2.9,92.201,-31.4,0.873,5076.2,0.1,2,0.0,0.0,0.0,2,8,0.0,4,8,1,3
1913,31.0,2,999,0,1.1,93.994,-36.4,4.859,5191.0,999.0,0,0.0,0.0,1.0,1,5,0.0,4,5,1,1
1914,54.0,2,999,0,-1.8,92.893,-46.2,1.334,5099.1,999.0,0,0.0,0.0,0.0,3,7,0.0,5,5,1,1
1915,42.0,11,999,0,1.1,93.994,-36.4,4.859,5191.0,999.0,0,1.0,0.0,1.0,3,4,0.0,4,5,1,1
1916,31.0,1,999,0,-1.8,93.369,-34.8,0.653,5008.7,999.0,0,1.0,0.0,0.0,2,5,0.0,4,3,1,1
1917,31.0,35,999,0,1.4,93.918,-42.7,4.962,5228.1,999.0,0,0.0,0.0,0.0,1,5,0.0,6,7,1,1
1918,18.0,2,7,2,-3.4,92.649,-30.1,0.714,5017.5,0.233333333333,2,0.0,0.0,0.0,1,5,0.0,11,11,1,2
1919,42.0,1,999,0,-1.8,92.893,-46.2,1.281,5099.1,999.0,0,1.0,0.0,0.0,2,8,0.0,4,5,1,1
1920,52.0,3,999,0,1.4,94.465,-41.8,4.959,5228.1,999.0,0,1.0,0.0,1.0,2,8,0.0,6,6,1,1
1921,31.0,3,999,0,1.4,94.465,-41.8,4.864,5228.1,999.0,0,1.0,0.0,1.0,2,8,0.0,4,6,1,1
1922,26.0,11,999,0,1.4,93.918,-42.7,4.961,5228.1,999.0,0,1.0,0.0,1.0,2,8,0.0,9,7,1,1
1923,33.0,1,999,0,-1.8,92.893,-46.2,1.264,5099.1,999.0,0,1.0,1.0,0.0,2,8,0.0,4,5,2,1
1924,31.0,5,999,0,1.4,93.444,-36.1,4.968,5228.1,999.0,0,1.0,0.0,0.0,2,6,0.0,5,8,1,1
1925,31.0,3,999,0,1.4,93.444,-36.1,4.962,5228.1,999.0,0,1.0,0.0,0.0,2,4,0.0,4,8,1,1
1926,51.0,5,999,0,1.1,93.994,-36.4,4.864,5191.0,999.0,0,0.0,0.0,1.0,2,4,0.0,6,5,1,1
1927,37.0,3,999,0,-1.8,93.075,-47.1,1.405,5099.1,999.0,0,0.0,1.0,0.0,2,4,0.0,4,4,2,1
1928,46.0,2,999,0,-0.1,93.2,-42.0,4.153,5195.8,999.0,0,1.0,1.0,0.0,2,8,0.0,3,11,1,1
1929,43.0,2,999,0,1.1,93.994,-36.4,4.856,5191.0,999.0,0,0.0,0.0,1.0,2,2,0.0,4,5,1,1
1930,31.0,1,999,0,-1.8,92.893,-46.2,1.266,5099.1,999.0,0,1.0,0.0,0.0,1,8,0.0,4,5,1,1
1931,60.0,4,999,0,1.4,94.465,-41.8,4.864,5228.1,999.0,0,0.0,0.0,1.0,1,5,0.0,8,6,1,1
1932,31.0,5,6,3,-1.1,94.199,-37.5,0.879,4963.6,0.2,3,0.0,0.0,0.0,1,5,0.0,6,9,2,3
1933,52.0,1,999,0,-0.1,93.2,-42.0,4.021,5195.8,999.0,0,1.0,0.0,0.0,2,7,0.0,6,11,1,1
1934,31.0,1,999,0,1.4,94.465,-41.8,4.959,5228.1,999.0,0,1.0,1.0,1.0,2,2,0.0,2,6,1,1
1935,45.0,1,999,0,1.1,93.994,-36.4,4.855,5191.0,999.0,0,0.0,1.0,1.0,2,5,0.0,6,5,1,1
1936,45.0,2,999,0,1.1,93.994,-36.4,4.86,5191.0,999.0,0,0.0,0.0,1.0,2,4,0.0,4,5,1,1
1937,31.0,2,999,0,-1.8,93.876,-40.0,0.692,5008.7,999.0,0,1.0,1.0,0.0,2,8,0.0,6,5,1,1
1938,54.0,13,999,0,1.4,93.444,-36.1,4.964,5228.1,999.0,0,1.0,0.0,0.0,2,8,0.0,1,8,1,1
1939,31.0,1,999,1,-1.8,93.075,-47.1,1.415,5099.1,999.0,1,1.0,0.0,0.0,2,2,0.0,4,4,1,2
1940,31.0,3,999,0,1.4,93.918,-42.7,4.958,5228.1,999.0,0,1.0,0.0,0.0,3,7,0.0,1,7,1,1
1941,31.0,4,999,0,1.4,93.444,-36.1,4.964,5228.1,999.0,0,0.0,0.0,0.0,2,5,0.0,5,8,1,1
1942,31.0,2,999,1,-1.8,92.893,-46.2,1.299,5099.1,999.0,3,1.0,0.0,0.0,2,2,0.0,1,5,2,2
1943,34.0,2,999,0,-0.1,93.2,-42.0,4.12,5195.8,999.0,0,1.0,1.0,0.0,2,3,0.0,6,11,1,1
1944,31.0,2,999,0,-2.9,92.963,-40.8,1.26,5076.2,999.0,0,1.0,0.0,0.0,2,5,0.0,9,6,1,1
1945,55.0,1,999,0,-1.8,93.075,-47.1,1.365,5099.1,999.0,0,0.0,0.0,0.0,3,7,0.0,6,4,1,1
1946,41.0,4,999,0,1.4,93.918,-42.7,4.96,5228.1,999.0,0,0.0,1.0,0.0,2,8,0.0,6,7,2,1
1947,30.0,2,999,0,-2.9,92.963,-40.8,1.268,5076.2,999.0,0,1.0,0.0,0.0,2,7,0.0,1,6,1,1
1948,48.0,2,999,0,1.4,94.465,-41.8,4.864,5228.1,999.0,0,0.0,0.0,1.0,3,7,0.0,6,6,1,1
1949,56.0,2,999,0,1.4,93.444,-36.1,4.963,5228.1,999.0,0,0.0,0.0,0.0,2,2,0.0,8,8,1,1
1950,32.0,1,999,0,1.1,93.994,-36.4,4.855,5191.0,999.0,0,0.0,1.0,1.0,2,8,0.0,6,5,1,1
1951,41.0,1,999,0,-3.4,92.379,-29.8,0.797,5017.5,999.0,0,1.0,0.0,0.0,2,7,0.0,6,9,2,1
1952,31.0,2,999,0,1.1,93.994,-36.4,4.858,5191.0,999.0,0,1.0,0.0,1.0,2,6,0.0,5,5,1,1
1953,49.0,1,999,0,1.4,93.918,-42.7,4.962,5228.1,999.0,0,1.0,0.0,0.0,2,6,0.0,5,7,1,1
1954,56.0,2,999,1,-1.7,94.215,-40.3,0.884,4991.6,999.0,4,1.0,0.0,0.0,2,5,0.0,9,7,1,2
1955,31.0,2,999,0,1.4,93.444,-36.1,4.965,5228.1,999.0,0,0.0,0.0,0.0,2,2,0.0,4,8,1,1
1956,49.0,6,999,0,-1.8,92.893,-46.2,1.25,5099.1,999.0,0,0.0,0.0,0.0,2,8,0.0,3,5,1,1
1957,31.0,1,12,1,-1.1,94.767,-50.8,1.049,4963.6,0.4,5,1.0,0.0,0.0,2,8,0.0,6,11,1,3
1958,32.0,1,999,0,1.4,94.465,-41.8,4.961,5228.1,999.0,0,1.0,1.0,1.0,2,4,0.0,1,6,1,1
1959,44.0,1,999,1,-1.8,92.893,-46.2,1.344,5099.1,999.0,1,1.0,1.0,0.0,2,8,0.0,7,5,1,2
1960,43.0,1,999,0,1.4,93.918,-42.7,4.962,5228.1,999.0,0,1.0,1.0,0.0,2,8,0.0,6,7,1,1
1961,33.0,2,999,0,1.1,93.994,-36.4,4.855,5191.0,999.0,0,1.0,0.0,1.0,2,7,0.0,6,5,1,1
1962,27.0,1,999,0,1.4,93.918,-42.7,4.958,5228.1,999.0,0,1.0,0.0,0.0,1,4,0.0,4,7,1,1
1963,28.0,5,999,0,-1.8,92.893,-46.2,1.25,5099.1,999.0,0,1.0,0.0,0.0,2,4,0.0,4,5,1,1
1964,40.0,1,999,0,1.4,94.465,-41.8,4.959,5228.1,999.0,0,1.0,0.0,1.0,2,8,0.0,3,6,1,1
1965,29.0,1,999,0,1.4,93.444,-36.1,4.965,5228.1,999.0,0,1.0,0.0,0.0,4,5,0.0,5,8,1,1
1966,31.0,1,999,0,1.4,93.444,-36.1,4.964,5228.1,999.0,0,1.0,0.0,0.0,2,8,0.0,8,8,1,1
1967,44.0,1,999,0,1.1,93.994,-36.4,4.859,5191.0,999.0,0,0.0,0.0,1.0,2,7,0.0,3,5,1,1
1968,31.0,1,2,1,-1.8,93.075,-47.1,1.365,5099.1,0.0666666666667,2,1.0,0.0,0.0,1,8,0.0,6,4,1,3
1969,39.0,2,999,0,-1.8,92.893,-46.2,1.281,5099.1,999.0,0,0.0,0.0,0.0,2,8,0.0,4,5,1,1
1970,31.0,2,999,0,-1.8,92.893,-46.2,1.334,5099.1,999.0,0,1.0,1.0,0.0,2,4,0.0,4,5,1,1
1971,71.0,1,999,0,-2.9,92.201,-31.4,0.859,5076.2,999.0,0,1.0,1.0,0.0,2,8,0.0,8,8,1,1
1972,73.0,1,999,0,-1.8,92.843,-50.0,1.531,5099.1,999.0,0,1.0,0.0,0.0,2,7,0.0,8,3,1,1
1973,46.0,3,999,1,-1.8,92.893,-46.2,1.327,5099.1,999.0,5,1.0,1.0,0.0,2,7,0.0,3,5,1,2
1974,29.0,3,999,0,-1.8,92.893,-46.2,1.281,5099.1,999.0,0,0.0,0.0,0.0,2,8,0.0,4,5,1,1
1975,31.0,1,999,1,-1.7,94.215,-40.3,0.827,4991.6,999.0,1,1.0,0.0,0.0,1,8,0.0,6,7,2,2
1976,56.0,1,999,0,-1.8,93.075,-47.1,1.41,5099.1,999.0,0,0.0,0.0,0.0,2,4,0.0,6,4,1,1
1977,36.0,4,999,0,1.4,93.918,-42.7,4.962,5228.1,999.0,0,1.0,1.0,0.0,3,6,0.0,5,7,2,1
1978,36.0,1,999,0,1.4,93.444,-36.1,4.968,5228.1,999.0,0,0.0,0.0,0.0,2,4,0.0,1,8,1,1
1979,46.0,1,999,0,1.1,93.994,-36.4,4.855,5191.0,999.0,0,0.0,0.0,1.0,2,8,0.0,4,5,1,1
1980,31.0,1,999,1,-1.8,92.893,-46.2,1.334,5099.1,999.0,1,0.0,0.0,0.0,2,8,0.0,4,5,1,2
1981,31.0,2,999,0,1.1,93.994,-36.4,4.857,5191.0,999.0,0,0.0,0.0,1.0,1,8,0.0,4,5,1,1
1982,30.0,1,999,0,1.1,93.994,-36.4,4.864,5191.0,999.0,0,0.0,0.0,1.0,2,7,0.0,6,5,1,1
1983,36.0,1,999,0,1.4,93.444,-36.1,4.963,5228.1,999.0,0,1.0,1.0,1.0,1,6,0.0,10,8,1,1
1984,32.0,1,999,0,-0.1,93.2,-42.0,4.12,5195.8,999.0,0,1.0,0.0,0.0,2,7,0.0,5,11,1,1
1985,31.0,2,999,0,1.4,93.918,-42.7,4.963,5228.1,999.0,0,0.0,0.0,0.0,1,4,0.0,4,7,1,1
1986,31.0,3,999,0,1.1,93.994,-36.4,4.859,5191.0,999.0,0,0.0,0.0,1.0,3,4,0.0,4,5,1,1
1987,54.0,2,999,1,-1.8,92.893,-46.2,1.299,5099.1,999.0,5,1.0,0.0,0.0,2,8,0.0,3,5,2,2
1988,31.0,1,999,0,1.1,93.994,-36.4,4.856,5191.0,999.0,0,1.0,0.0,1.0,1,7,0.0,11,5,1,1
1989,54.0,3,999,0,1.4,93.918,-42.7,4.962,5228.1,999.0,0,1.0,0.0,0.0,1,5,0.0,8,7,1,1
1990,31.0,2,999,0,-1.8,92.893,-46.2,1.25,5099.1,999.0,0,1.0,0.0,0.0,1,3,0.0,4,5,1,1
1991,54.0,1,999,0,-1.8,92.893,-46.2,1.25,5099.1,999.0,0,1.0,1.0,0.0,2,7,0.0,3,5,1,1
1992,34.0,1,999,0,-1.8,93.075,-47.1,1.405,5099.1,999.0,0,0.0,0.0,0.0,2,4,0.0,5,4,2,1
1993,33.0,2,999,0,1.1,93.994,-36.4,4.857,5191.0,999.0,0,1.0,0.0,1.0,2,4,0.0,9,5,1,1
1994,31.0,1,999,1,-1.1,94.767,-50.8,1.046,4963.6,999.0,7,0.0,1.0,0.0,1,7,0.0,6,11,1,2
1995,57.0,3,999,0,1.4,93.918,-42.7,4.966,5228.1,999.0,0,1.0,0.0,1.0,2,8,0.0,2,7,1,1
1996,48.0,3,999,0,1.4,93.444,-36.1,4.963,5228.1,999.0,0,0.0,0.0,0.0,2,4,0.0,4,8,1,1
1997,39.0,1,999,2,-1.8,93.749,-34.6,0.646,5008.7,999.0,6,0.0,0.0,1.0,2,7,0.0,3,4,1,2
1998,39.0,4,999,0,1.4,93.444,-36.1,4.964,5228.1,999.0,0,1.0,0.0,0.0,2,7,0.0,6,8,1,1
1999,35.0,2,999,0,1.4,93.918,-42.7,4.962,5228.1,999.0,0,1.0,0.0,0.0,1,8,0.0,6,7,1,1
2000,31.0,3,999,0,-0.1,93.2,-42.0,4.12,5195.8,999.0,0,1.0,0.0,0.0,1,6,0.0,5,11,1,1
2001,27.0,4,999,0,1.4,93.918,-42.7,4.961,5228.1,999.0,0,1.0,0.0,0.0,1,4,0.0,6,7,1,1
2002,31.0,2,999,0,-0.1,93.2,-42.0,4.12,5195.8,999.0,0,0.0,1.0,0.0,1,8,0.0,4,11,1,1
2003,46.0,4,999,1,-1.8,92.893,-46.2,1.291,5099.1,999.0,1,0.0,0.0,0.0,2,8,0.0,3,5,1,2
2004,31.0,1,999,0,-0.1,93.2,-42.0,4.076,5195.8,999.0,0,1.0,0.0,0.0,2,7,0.0,6,11,1,1
2005,27.0,2,999,0,1.1,93.994,-36.4,4.855,5191.0,999.0,0,1.0,0.0,1.0,1,5,0.0,6,5,1,1
2006,39.0,2,999,0,1.4,94.465,-41.8,4.864,5228.1,999.0,0,0.0,0.0,1.0,1,5,0.0,6,6,1,1
2007,43.0,2,999,0,1.4,93.918,-42.7,4.963,5228.1,999.0,0,0.0,0.0,0.0,3,8,0.0,6,7,1,1
2008,32.0,1,999,0,1.1,93.994,-36.4,4.858,5191.0,999.0,0,1.0,0.0,1.0,2,4,0.0,4,5,1,1
2009,41.0,2,999,0,-0.1,93.2,-42.0,4.191,5195.8,999.0,0,1.0,0.0,1.0,3,8,0.0,6,11,2,1
2010,29.0,1,999,0,1.4,93.444,-36.1,4.965,5228.1,999.0,0,1.0,0.0,0.0,2,8,0.0,6,8,1,1
2011,51.0,1,999,0,1.1,93.994,-36.4,4.859,5191.0,999.0,0,0.0,1.0,1.0,2,8,0.0,4,5,1,1
2012,36.0,2,999,0,-0.1,93.2,-42.0,4.12,5195.8,999.0,0,0.0,1.0,0.0,2,3,0.0,4,11,1,1
2013,39.0,1,999,0,-0.1,93.798,-40.4,4.918,5195.8,999.0,0,1.0,0.0,1.0,2,4,0.0,4,10,1,1
2014,34.0,1,999,1,-1.7,94.027,-38.3,0.904,4991.6,999.0,0,0.0,1.0,0.0,2,4,0.0,4,8,1,2
2015,36.0,2,999,0,-0.1,93.2,-42.0,4.153,5195.8,999.0,0,1.0,0.0,0.0,2,8,0.0,4,11,1,1
2016,54.0,4,999,0,1.4,93.918,-42.7,4.962,5228.1,999.0,0,0.0,0.0,1.0,1,8,0.0,4,7,2,1
2017,53.0,1,999,0,1.1,93.994,-36.4,4.857,5191.0,999.0,0,1.0,0.0,1.0,3,2,0.0,4,5,1,1
2018,31.0,2,999,0,-0.1,93.2,-42.0,4.076,5195.8,999.0,0,0.0,0.0,0.0,2,5,0.0,4,11,1,1
2019,39.0,1,999,0,1.1,93.994,-36.4,4.858,5191.0,999.0,0,1.0,0.0,1.0,2,2,0.0,4,5,1,1
2020,46.0,5,999,0,-2.9,92.201,-31.4,0.883,5076.2,999.0,0,0.0,0.0,0.0,2,8,0.0,4,8,1,1
2021,35.0,1,999,0,1.1,93.994,-36.4,4.857,5191.0,999.0,0,0.0,0.0,1.0,2,8,0.0,4,5,2,1
2022,36.0,1,1,1,-1.8,92.893,-46.2,1.266,5099.1,0.0333333333333,2,1.0,0.0,0.0,2,5,0.0,9,5,1,3
2023,31.0,1,999,0,-1.7,94.215,-40.3,0.827,4991.6,999.0,0,0.0,1.0,1.0,2,8,0.0,4,7,2,1
2024,31.0,1,999,0,-1.8,93.075,-47.1,1.435,5099.1,999.0,0,1.0,0.0,0.0,2,8,0.0,1,4,1,1
2025,50.0,1,999,0,-0.1,93.2,-42.0,4.153,5195.8,999.0,0,1.0,0.0,0.0,2,8,0.0,7,11,1,1
2026,36.0,2,999,0,-1.8,92.893,-46.2,1.334,5099.1,999.0,0,1.0,0.0,0.0,1,6,0.0,5,5,1,1
2027,33.0,1,999,0,1.1,93.994,-36.4,4.857,5191.0,999.0,0,0.0,0.0,1.0,2,4,0.0,4,5,1,1
2028,40.0,1,999,1,-2.9,92.963,-40.8,1.262,5076.2,999.0,1,1.0,0.0,0.0,1,8,0.0,6,6,1,2
2029,31.0,6,999,0,1.1,93.994,-36.4,4.856,5191.0,999.0,0,0.0,0.0,1.0,2,8,0.0,6,5,1,1
2030,34.0,2,999,1,-0.1,93.2,-42.0,4.153,5195.8,999.0,2,1.0,0.0,0.0,3,6,0.0,5,11,1,2
2031,31.0,3,999,0,1.1,93.994,-36.4,4.86,5191.0,999.0,0,1.0,0.0,1.0,1,4,0.0,4,5,1,1
2032,27.0,1,999,3,-1.1,94.601,-49.5,0.942,4963.6,999.0,6,1.0,0.0,0.0,1,8,0.0,11,10,1,2
2033,31.0,2,999,0,1.4,94.465,-41.8,4.967,5228.1,999.0,0,0.0,0.0,1.0,2,8,0.0,9,6,1,1
2034,37.0,3,999,0,1.1,93.994,-36.4,4.859,5191.0,999.0,0,0.0,0.0,1.0,2,8,0.0,2,5,1,1
2035,38.0,1,999,0,-3.4,92.379,-29.8,0.819,5017.5,999.0,0,1.0,1.0,0.0,1,7,0.0,6,9,1,1
2036,31.0,1,999,0,-0.1,93.2,-42.0,4.021,5195.8,999.0,0,0.0,0.0,0.0,3,8,0.0,6,11,1,1
2037,51.0,1,999,1,-1.8,92.893,-46.2,1.327,5099.1,999.0,2,0.0,1.0,0.0,3,3,0.0,9,5,1,2
2038,31.0,1,999,0,1.4,93.918,-42.7,4.962,5228.1,999.0,0,1.0,0.0,0.0,2,6,0.0,8,7,1,1
2039,44.0,1,999,0,1.4,94.465,-41.8,4.961,5228.1,999.0,0,0.0,0.0,1.0,2,8,0.0,4,6,1,1
2040,31.0,12,999,0,-1.8,92.893,-46.2,1.291,5099.1,999.0,0,0.0,0.0,0.0,1,7,0.0,3,5,1,1
2041,31.0,4,999,0,1.1,93.994,-36.4,4.859,5191.0,999.0,0,0.0,1.0,1.0,2,6,0.0,5,5,1,1
2042,31.0,1,999,0,1.4,94.465,-41.8,4.864,5228.1,999.0,0,0.0,0.0,1.0,2,4,0.0,7,6,1,1
2043,31.0,1,999,1,-1.8,92.893,-46.2,1.266,5099.1,999.0,0,1.0,0.0,0.0,2,6,0.0,6,5,1,2
2044,31.0,1,999,0,1.4,93.444,-36.1,4.963,5228.1,999.0,0,1.0,0.0,0.0,2,4,0.0,10,8,1,1
2045,44.0,3,999,0,1.4,94.465,-41.8,4.96,5228.1,999.0,0,1.0,0.0,1.0,1,4,0.0,12,6,2,1
2046,37.0,1,999,0,1.1,93.994,-36.4,4.855,5191.0,999.0,0,1.0,0.0,1.0,2,5,0.0,9,5,1,1
2047,31.0,2,999,0,-1.8,92.893,-46.2,1.244,5099.1,999.0,0,1.0,0.0,0.0,2,8,0.0,5,5,2,1
2048,35.0,1,999,0,-0.1,93.2,-42.0,4.076,5195.8,999.0,0,1.0,0.0,0.0,2,8,0.0,4,11,1,1
2049,25.0,3,999,0,1.1,93.994,-36.4,4.856,5191.0,999.0,0,0.0,0.0,1.0,1,5,0.0,6,5,1,1
2050,30.0,4,999,0,1.4,93.444,-36.1,4.968,5228.1,999.0,0,0.0,0.0,0.0,1,7,0.0,6,8,1,1
2051,52.0,2,9,1,-1.8,93.876,-40.0,0.684,5008.7,0.3,2,0.0,0.0,0.0,2,7,0.0,3,5,1,3
2052,30.0,13,999,0,1.4,93.444,-36.1,4.964,5228.1,999.0,0,1.0,1.0,0.0,1,6,0.0,5,8,1,1
2053,26.0,3,999,0,1.4,94.465,-41.8,4.865,5228.1,999.0,0,0.0,0.0,1.0,1,7,0.0,3,6,2,1
2054,31.0,3,999,0,1.1,93.994,-36.4,4.864,5191.0,999.0,0,0.0,1.0,1.0,2,8,0.0,4,5,1,1
2055,31.0,1,999,0,1.1,93.994,-36.4,4.857,5191.0,999.0,0,1.0,0.0,1.0,2,4,0.0,6,5,1,1
2056,41.0,2,999,0,1.4,94.465,-41.8,4.959,5228.1,999.0,0,1.0,0.0,1.0,2,8,0.0,7,6,1,1
2057,49.0,13,999,0,1.4,93.918,-42.7,4.968,5228.1,999.0,0,1.0,0.0,0.0,1,8,0.0,6,7,1,1
2058,31.0,2,999,0,1.1,93.994,-36.4,4.859,5191.0,999.0,0,0.0,0.0,1.0,2,6,0.0,5,5,1,1
2059,41.0,2,999,0,-0.1,93.2,-42.0,4.153,5195.8,999.0,0,1.0,0.0,0.0,2,5,0.0,7,11,1,1
2060,31.0,2,999,0,-1.1,94.199,-37.5,0.878,4963.6,999.0,0,1.0,0.0,0.0,2,6,0.0,5,9,1,1
2061,31.0,2,999,0,-0.1,93.2,-42.0,4.021,5195.8,999.0,0,1.0,0.0,0.0,3,8,0.0,1,11,1,1
2062,44.0,2,999,0,-1.8,92.893,-46.2,1.344,5099.1,999.0,0,1.0,0.0,0.0,2,8,0.0,3,5,1,1
2063,40.0,1,999,0,1.4,94.465,-41.8,4.959,5228.1,999.0,0,1.0,0.0,1.0,2,4,0.0,5,6,1,1
2064,28.0,2,999,0,-1.8,92.893,-46.2,1.291,5099.1,999.0,0,1.0,0.0,1.0,2,8,0.0,10,5,1,1
2065,27.0,1,999,0,1.4,93.918,-42.7,4.963,5228.1,999.0,0,1.0,0.0,0.0,1,8,0.0,4,7,1,1
2066,43.0,3,999,0,1.1,93.994,-36.4,4.857,5191.0,999.0,0,0.0,0.0,1.0,2,8,0.0,9,5,2,1
2067,26.0,2,999,0,-1.8,92.893,-46.2,1.327,5099.1,999.0,0,1.0,1.0,0.0,1,8,0.0,6,5,1,1
2068,31.0,1,999,1,-3.4,92.379,-29.8,0.809,5017.5,999.0,3,0.0,0.0,0.0,1,8,0.0,11,9,1,2
2069,25.0,6,999,1,-2.9,92.963,-40.8,1.235,5076.2,999.0,2,0.0,1.0,1.0,1,7,0.0,11,6,1,2
2070,34.0,2,999,1,-0.1,93.2,-42.0,4.076,5195.8,999.0,4,0.0,0.0,0.0,3,7,0.0,6,11,1,2
2071,36.0,2,999,0,-0.1,93.2,-42.0,4.076,5195.8,999.0,0,0.0,0.0,1.0,2,6,0.0,5,11,1,1
2072,31.0,1,999,0,-1.8,92.893,-46.2,1.327,5099.1,999.0,0,1.0,1.0,0.0,2,4,0.0,4,5,1,1
2073,58.0,1,999,0,1.4,93.444,-36.1,4.97,5228.1,999.0,0,1.0,0.0,0.0,2,4,0.0,4,8,1,1
2074,34.0,2,999,0,-1.8,93.075,-47.1,1.405,5099.1,999.0,0,1.0,0.0,0.0,3,8,0.0,3,4,1,1
2075,31.0,2,999,0,1.4,94.465,-41.8,4.866,5228.1,999.0,0,1.0,0.0,1.0,2,6,0.0,6,6,1,1
2076,57.0,1,999,0,1.4,94.465,-41.8,4.962,5228.1,999.0,0,0.0,0.0,1.0,2,2,0.0,2,6,1,1
2077,40.0,1,999,0,1.1,93.994,-36.4,4.859,5191.0,999.0,0,0.0,0.0,1.0,2,8,0.0,4,5,1,1
2078,48.0,2,999,0,1.4,93.918,-42.7,4.962,5228.1,999.0,0,0.0,0.0,0.0,1,5,0.0,6,7,1,1
2079,37.0,1,999,0,1.4,94.465,-41.8,4.866,5228.1,999.0,0,0.0,0.0,1.0,2,7,0.0,6,6,1,1
2080,31.0,24,999,0,1.4,94.465,-41.8,4.959,5228.1,999.0,0,1.0,1.0,1.0,2,6,0.0,4,6,1,1
2081,31.0,2,999,0,-1.8,93.075,-47.1,1.405,5099.1,999.0,0,1.0,0.0,0.0,1,7,0.0,7,4,1,1
2082,39.0,1,999,0,1.4,93.918,-42.7,4.963,5228.1,999.0,0,0.0,0.0,0.0,1,7,0.0,4,7,1,1
2083,48.0,1,999,0,1.1,93.994,-36.4,4.855,5191.0,999.0,0,1.0,0.0,1.0,2,8,0.0,4,5,1,1
2084,35.0,1,999,0,1.4,93.918,-42.7,4.961,5228.1,999.0,0,0.0,1.0,0.0,2,2,0.0,2,7,1,1
2085,31.0,1,999,0,1.4,93.918,-42.7,4.961,5228.1,999.0,0,1.0,0.0,1.0,2,2,0.0,10,7,1,1
2086,49.0,3,999,0,1.1,93.994,-36.4,4.857,5191.0,999.0,0,0.0,0.0,1.0,2,2,0.0,2,5,1,1
2087,57.0,3,999,0,1.1,93.994,-36.4,4.857,5191.0,999.0,0,0.0,0.0,1.0,2,7,0.0,3,5,1,1
2088,38.0,3,17,3,-1.8,93.369,-34.8,0.653,5008.7,0.566666666667,0,0.0,0.0,0.0,1,5,0.0,5,3,1,2
2089,31.0,1,999,0,1.4,93.444,-36.1,4.966,5228.1,999.0,0,0.0,0.0,0.0,2,6,0.0,5,8,1,1
2090,29.0,1,999,0,1.4,93.918,-42.7,4.962,5228.1,999.0,0,1.0,0.0,1.0,2,5,0.0,4,7,1,1
2091,31.0,1,999,0,1.4,93.918,-42.7,4.968,5228.1,999.0,0,1.0,0.0,0.0,2,8,0.0,10,7,1,1
2092,50.0,2,999,0,1.4,93.918,-42.7,4.963,5228.1,999.0,0,1.0,0.0,0.0,3,4,0.0,4,7,1,1
2093,45.0,3,999,0,1.4,93.918,-42.7,4.961,5228.1,999.0,0,1.0,1.0,0.0,1,2,0.0,4,7,1,1
2094,37.0,1,999,0,-0.1,93.2,-42.0,4.191,5195.8,999.0,0,1.0,0.0,0.0,2,8,0.0,7,11,2,1
2095,29.0,1,999,0,-1.8,92.893,-46.2,1.313,5099.1,999.0,0,1.0,0.0,0.0,2,4,0.0,4,5,1,1
2096,37.0,1,999,0,-1.8,92.893,-46.2,1.299,5099.1,999.0,0,0.0,0.0,0.0,2,3,0.0,4,5,2,1
2097,34.0,2,999,0,-1.8,92.893,-46.2,1.344,5099.1,999.0,0,0.0,0.0,0.0,2,8,0.0,6,5,1,1
2098,57.0,1,999,0,1.4,93.444,-36.1,4.966,5228.1,999.0,0,0.0,1.0,0.0,2,8,0.0,5,8,1,1
2099,53.0,1,999,0,1.1,93.994,-36.4,4.857,5191.0,999.0,0,0.0,0.0,1.0,1,6,0.0,6,5,2,1
2100,26.0,2,999,0,1.4,93.918,-42.7,4.96,5228.1,999.0,0,1.0,1.0,0.0,2,5,0.0,9,7,2,1
2101,31.0,8,999,0,-1.8,92.893,-46.2,1.266,5099.1,999.0,0,0.0,0.0,0.0,2,8,0.0,3,5,1,1
2102,55.0,1,999,0,1.1,93.994,-36.4,4.856,5191.0,999.0,0,1.0,1.0,1.0,2,2,0.0,4,5,1,1
2103,34.0,3,999,0,1.4,94.465,-41.8,4.967,5228.1,999.0,0,1.0,1.0,1.0,2,8,0.0,9,6,1,1
2104,29.0,2,999,0,-1.8,92.893,-46.2,1.291,5099.1,999.0,0,1.0,0.0,0.0,2,8,0.0,9,5,1,1
2105,31.0,1,999,0,-0.1,93.2,-42.0,4.12,5195.8,999.0,0,1.0,0.0,0.0,2,8,0.0,6,11,1,1
2106,31.0,1,999,0,-1.8,93.075,-47.1,1.405,5099.1,999.0,0,0.0,0.0,0.0,2,4,0.0,4,4,1,1
2107,29.0,3,999,0,1.4,93.444,-36.1,4.964,5228.1,999.0,0,1.0,0.0,1.0,1,7,0.0,5,8,1,1
2108,36.0,1,999,0,-1.8,92.893,-46.2,1.264,5099.1,999.0,0,1.0,1.0,0.0,2,7,0.0,6,5,1,1
2109,68.0,7,999,2,-1.8,93.876,-40.0,0.692,5008.7,999.0,0,1.0,1.0,0.0,2,6,0.0,8,5,1,2
2110,31.0,1,999,0,1.4,94.465,-41.8,4.865,5228.1,999.0,0,0.0,0.0,1.0,2,3,0.0,4,6,2,1
2111,29.0,1,999,0,1.4,93.918,-42.7,4.962,5228.1,999.0,0,1.0,0.0,0.0,3,5,0.0,9,7,1,1
2112,44.0,5,999,0,-1.8,92.893,-46.2,1.313,5099.1,999.0,0,1.0,1.0,0.0,3,7,0.0,3,5,1,1
2113,35.0,3,999,0,-1.8,92.893,-46.2,1.299,5099.1,999.0,0,1.0,0.0,0.0,2,7,0.0,5,5,2,1
2114,29.0,4,999,0,-1.8,93.749,-34.6,0.643,5008.7,999.0,0,1.0,0.0,0.0,1,7,0.0,6,4,1,1
2115,39.0,3,999,0,1.4,94.465,-41.8,4.866,5228.1,999.0,0,1.0,0.0,1.0,2,7,0.0,6,6,1,1
2116,46.0,3,999,0,-0.1,93.2,-42.0,4.191,5195.8,999.0,0,0.0,0.0,0.0,2,5,0.0,6,11,2,1
2117,42.0,2,999,0,1.4,93.444,-36.1,4.963,5228.1,999.0,0,1.0,0.0,0.0,2,7,0.0,3,8,2,1
2118,47.0,1,999,0,-1.8,93.075,-47.1,1.405,5099.1,999.0,0,1.0,0.0,0.0,2,8,0.0,4,4,2,1
2119,50.0,1,999,0,1.4,93.444,-36.1,4.962,5228.1,999.0,0,1.0,0.0,1.0,2,4,0.0,10,8,1,1
2120,31.0,3,999,4,-1.1,94.199,-37.5,0.883,4963.6,999.0,8,1.0,1.0,0.0,2,8,0.0,6,9,1,2
2121,34.0,3,999,0,1.1,93.994,-36.4,4.855,5191.0,999.0,0,0.0,0.0,1.0,1,8,0.0,4,5,1,1
2122,29.0,1,999,0,1.4,93.918,-42.7,4.963,5228.1,999.0,0,0.0,0.0,0.0,1,7,0.0,11,7,1,1
2123,34.0,1,999,0,-1.8,92.893,-46.2,1.25,5099.1,999.0,0,0.0,0.0,0.0,3,8,0.0,9,5,1,1
2124,53.0,2,999,0,-2.9,92.963,-40.8,1.252,5076.2,999.0,0,1.0,0.0,0.0,2,2,0.0,2,6,1,1
2125,30.0,1,999,0,-1.8,92.893,-46.2,1.244,5099.1,999.0,0,1.0,0.0,0.0,1,6,0.0,5,5,2,1
2126,39.0,2,999,1,-0.1,93.2,-42.0,4.153,5195.8,999.0,2,0.0,0.0,0.0,2,5,0.0,3,11,1,2
2127,52.0,3,999,0,-0.1,93.2,-42.0,4.12,5195.8,999.0,0,1.0,1.0,1.0,2,8,0.0,7,11,1,1
2128,47.0,3,999,0,1.4,93.444,-36.1,4.967,5228.1,999.0,0,0.0,0.0,1.0,2,8,0.0,7,8,1,1
2129,29.0,3,999,0,1.4,93.918,-42.7,4.961,5228.1,999.0,0,1.0,0.0,0.0,1,6,0.0,5,7,1,1
2130,30.0,2,999,0,-1.8,92.893,-46.2,1.334,5099.1,999.0,0,1.0,0.0,0.0,2,4,0.0,4,5,1,1
2131,50.0,1,999,0,-1.8,93.075,-47.1,1.405,5099.1,999.0,0,1.0,0.0,0.0,2,8,0.0,10,4,1,1
2132,44.0,3,999,0,1.4,94.465,-41.8,4.958,5228.1,999.0,0,1.0,0.0,1.0,2,5,0.0,9,6,1,1
2133,31.0,2,999,0,1.4,93.444,-36.1,4.963,5228.1,999.0,0,0.0,0.0,0.0,1,8,0.0,6,8,2,1
2134,46.0,1,999,0,1.1,93.994,-36.4,4.859,5191.0,999.0,0,1.0,0.0,1.0,2,5,0.0,9,5,1,1
2135,52.0,1,999,0,-1.8,92.893,-46.2,1.344,5099.1,999.0,0,1.0,0.0,0.0,2,8,0.0,4,5,1,1
2136,31.0,5,999,0,1.4,93.444,-36.1,4.966,5228.1,999.0,0,1.0,0.0,0.0,2,8,0.0,2,8,1,1
2137,34.0,2,5,1,-1.8,93.075,-47.1,1.466,5099.1,0.166666666667,0,1.0,0.0,1.0,2,4,0.0,4,4,1,3
2138,28.0,2,999,0,1.4,93.918,-42.7,4.957,5228.1,999.0,0,0.0,1.0,0.0,3,5,0.0,9,7,1,1
2139,31.0,2,999,0,1.4,93.918,-42.7,4.96,5228.1,999.0,0,0.0,0.0,0.0,2,4,0.0,6,7,2,1
2140,43.0,2,999,0,1.4,93.444,-36.1,4.966,5228.1,999.0,0,0.0,0.0,0.0,2,6,0.0,5,8,1,1
2141,31.0,4,999,0,-1.8,92.893,-46.2,1.25,5099.1,999.0,0,1.0,0.0,0.0,2,4,0.0,4,5,1,1
2142,41.0,1,999,0,1.1,93.994,-36.4,4.864,5191.0,999.0,0,0.0,0.0,1.0,3,5,0.0,6,5,1,1
2143,45.0,2,999,1,-1.8,93.075,-47.1,1.423,5099.1,999.0,1,1.0,1.0,0.0,1,8,0.0,6,4,1,2
2144,53.0,2,999,0,1.4,93.918,-42.7,4.962,5228.1,999.0,0,0.0,0.0,0.0,2,8,0.0,3,7,1,1
2145,45.0,1,999,0,-0.1,93.2,-42.0,4.153,5195.8,999.0,0,1.0,1.0,0.0,3,8,0.0,5,11,1,1
2146,47.0,1,999,0,1.1,93.994,-36.4,4.857,5191.0,999.0,0,1.0,0.0,1.0,2,8,0.0,4,5,1,1
2147,31.0,2,999,0,-0.1,93.2,-42.0,4.021,5195.8,999.0,0,0.0,0.0,0.0,2,7,0.0,6,11,1,1
2148,32.0,3,999,0,1.1,93.994,-36.4,4.858,5191.0,999.0,0,1.0,0.0,1.0,2,8,0.0,4,5,2,1
2149,34.0,3,999,0,1.4,94.465,-41.8,4.961,5228.1,999.0,0,1.0,0.0,1.0,2,6,0.0,4,6,1,1
2150,31.0,2,999,0,1.4,93.918,-42.7,4.962,5228.1,999.0,0,0.0,0.0,0.0,1,8,0.0,9,7,1,1
2151,31.0,1,999,1,-1.8,92.893,-46.2,1.266,5099.1,999.0,6,1.0,1.0,0.0,2,8,0.0,4,5,1,2
2152,31.0,1,999,0,-1.8,92.843,-50.0,1.548,5099.1,999.0,0,0.0,0.0,0.0,3,2,0.0,8,3,1,1
2153,41.0,2,999,0,1.1,93.994,-36.4,4.855,5191.0,999.0,0,1.0,1.0,1.0,2,6,0.0,5,5,1,1
2154,37.0,3,999,0,1.1,93.994,-36.4,4.857,5191.0,999.0,0,0.0,0.0,1.0,2,8,0.0,4,5,1,1
2155,31.0,4,999,0,1.1,93.994,-36.4,4.864,5191.0,999.0,0,0.0,0.0,1.0,2,8,0.0,12,5,1,1
2156,31.0,4,999,0,1.1,93.994,-36.4,4.86,5191.0,999.0,0,1.0,0.0,1.0,2,2,0.0,4,5,1,1
2157,52.0,4,999,0,1.4,93.918,-42.7,4.961,5228.1,999.0,0,0.0,0.0,0.0,2,4,0.0,5,7,1,1
2158,50.0,2,999,0,1.4,93.918,-42.7,4.96,5228.1,999.0,0,1.0,0.0,0.0,2,8,0.0,7,7,2,1
2159,41.0,1,4,3,-2.9,92.963,-40.8,1.262,5076.2,0.133333333333,0,1.0,1.0,0.0,2,6,0.0,5,6,1,3
2160,26.0,3,999,2,-1.7,94.215,-40.3,0.899,4991.6,999.0,0,0.0,0.0,0.0,1,6,0.0,5,7,1,2
2161,33.0,4,999,0,1.4,93.918,-42.7,4.963,5228.1,999.0,0,0.0,0.0,1.0,2,5,0.0,9,7,1,1
2162,47.0,1,999,0,1.4,93.444,-36.1,4.964,5228.1,999.0,0,1.0,0.0,0.0,2,5,0.0,2,8,1,1
2163,38.0,7,999,0,1.4,93.918,-42.7,4.961,5228.1,999.0,0,0.0,0.0,0.0,2,3,0.0,4,7,1,1
2164,31.0,2,999,0,1.4,93.444,-36.1,4.965,5228.1,999.0,0,1.0,0.0,0.0,1,7,0.0,5,8,2,1
2165,30.0,1,999,0,-1.8,93.075,-47.1,1.423,5099.1,999.0,0,0.0,1.0,0.0,1,7,0.0,6,4,1,1
2166,34.0,1,999,0,-1.7,94.055,-39.8,0.761,4991.6,999.0,0,0.0,0.0,0.0,1,8,0.0,10,6,1,1
2167,31.0,3,999,0,-0.1,93.2,-42.0,4.191,5195.8,999.0,0,1.0,1.0,0.0,2,8,0.0,4,11,2,1
2168,23.0,2,999,0,-1.8,93.075,-47.1,1.384,5099.1,999.0,0,1.0,0.0,0.0,1,7,0.0,3,4,1,1
2169,31.0,2,3,1,-2.9,92.201,-31.4,0.849,5076.2,0.1,2,1.0,0.0,0.0,2,7,0.0,6,8,1,3
2170,46.0,10,999,0,1.4,94.465,-41.8,4.961,5228.1,999.0,0,0.0,0.0,1.0,2,3,0.0,4,6,1,1
2171,36.0,5,999,0,-1.8,93.075,-47.1,1.405,5099.1,999.0,0,1.0,0.0,0.0,1,5,0.0,6,4,1,1
2172,31.0,4,999,0,1.4,94.465,-41.8,4.958,5228.1,999.0,0,0.0,0.0,1.0,2,4,0.0,5,6,2,1
2173,41.0,1,999,0,1.4,93.444,-36.1,4.966,5228.1,999.0,0,1.0,0.0,0.0,2,6,0.0,5,8,1,1
2174,31.0,4,999,0,1.4,93.444,-36.1,4.962,5228.1,999.0,0,1.0,0.0,0.0,2,8,0.0,8,8,1,1
2175,48.0,1,999,1,-0.1,93.2,-42.0,4.153,5195.8,999.0,5,0.0,0.0,0.0,1,7,0.0,6,11,1,2
2176,31.0,1,999,0,-1.8,92.893,-46.2,1.244,5099.1,999.0,0,1.0,1.0,0.0,2,7,0.0,6,5,2,1
2177,40.0,26,999,0,1.4,94.465,-41.8,4.961,5228.1,999.0,0,1.0,0.0,1.0,2,8,0.0,9,6,2,1
2178,31.0,2,999,0,1.4,93.918,-42.7,4.963,5228.1,999.0,0,0.0,0.0,0.0,2,8,0.0,3,7,1,1
2179,33.0,1,999,0,1.4,93.444,-36.1,4.966,5228.1,999.0,0,1.0,0.0,0.0,2,8,0.0,5,8,1,1
2180,47.0,1,999,0,1.4,93.918,-42.7,4.961,5228.1,999.0,0,1.0,0.0,0.0,2,8,0.0,6,7,1,1
2181,30.0,1,999,0,1.4,94.465,-41.8,4.864,5228.1,999.0,0,0.0,0.0,1.0,2,8,0.0,4,6,1,1
2182,31.0,1,999,1,-0.1,93.2,-42.0,4.12,5195.8,999.0,6,0.0,1.0,0.0,2,8,0.0,3,11,1,2
2183,44.0,1,999,0,1.1,93.994,-36.4,4.86,5191.0,999.0,0,1.0,0.0,1.0,1,2,0.0,4,5,1,1
2184,53.0,11,999,0,1.4,93.444,-36.1,4.965,5228.1,999.0,0,0.0,0.0,0.0,2,7,0.0,6,8,1,1
2185,31.0,9,999,0,1.4,93.444,-36.1,4.963,5228.1,999.0,0,1.0,0.0,0.0,1,8,0.0,5,8,1,1
2186,34.0,2,999,0,1.4,94.465,-41.8,4.961,5228.1,999.0,0,0.0,0.0,1.0,2,7,0.0,6,6,2,1
2187,29.0,2,999,0,1.1,93.994,-36.4,4.855,5191.0,999.0,0,1.0,1.0,1.0,1,5,0.0,4,5,1,1
2188,30.0,2,999,0,-1.8,92.893,-46.2,1.244,5099.1,999.0,0,1.0,0.0,0.0,1,7,0.0,5,5,2,1
2189,31.0,1,999,0,-1.8,93.369,-34.8,0.652,5008.7,999.0,0,1.0,1.0,0.0,1,6,0.0,4,3,1,1
2190,31.0,1,999,0,1.4,94.465,-41.8,4.959,5228.1,999.0,0,1.0,0.0,1.0,2,8,0.0,5,6,1,1
2191,31.0,3,999,0,1.4,94.465,-41.8,4.962,5228.1,999.0,0,1.0,0.0,1.0,2,5,0.0,9,6,1,1
2192,31.0,3,999,0,-1.8,92.893,-46.2,1.281,5099.1,999.0,0,0.0,1.0,0.0,1,8,0.0,4,5,1,1
2193,36.0,2,999,0,1.1,93.994,-36.4,4.86,5191.0,999.0,0,0.0,0.0,1.0,2,4,0.0,4,5,1,1
2194,31.0,1,999,0,1.4,93.918,-42.7,4.958,5228.1,999.0,0,0.0,0.0,0.0,2,5,0.0,5,7,1,1
2195,33.0,5,999,0,1.4,93.444,-36.1,4.963,5228.1,999.0,0,0.0,1.0,0.0,1,6,0.0,5,8,2,1
2196,41.0,5,999,0,1.1,93.994,-36.4,4.859,5191.0,999.0,0,1.0,0.0,1.0,1,8,0.0,5,5,1,1
2197,53.0,4,999,0,1.4,93.918,-42.7,4.962,5228.1,999.0,0,1.0,0.0,0.0,2,8,0.0,4,7,2,1
2198,44.0,1,999,0,-1.8,92.893,-46.2,1.299,5099.1,999.0,0,1.0,0.0,0.0,2,8,0.0,4,5,2,1
2199,35.0,1,999,0,1.1,93.994,-36.4,4.856,5191.0,999.0,0,0.0,0.0,1.0,1,8,0.0,6,5,1,1
2200,36.0,2,999,0,-1.8,92.893,-46.2,1.313,5099.1,999.0,0,0.0,0.0,0.0,2,8,0.0,4,5,1,1
2201,29.0,1,999,1,-1.8,93.876,-40.0,0.685,5008.7,999.0,2,1.0,0.0,0.0,1,8,0.0,11,5,1,2
2202,30.0,1,999,0,1.4,93.444,-36.1,4.963,5228.1,999.0,0,1.0,1.0,0.0,3,7,0.0,6,8,1,1
2203,31.0,2,999,0,1.4,93.444,-36.1,4.963,5228.1,999.0,0,1.0,1.0,0.0,2,7,0.0,6,8,1,1
2204,44.0,1,999,0,-3.4,92.379,-29.8,0.809,5017.5,999.0,0,1.0,0.0,0.0,2,7,0.0,6,9,1,1
2205,36.0,4,999,0,1.4,94.465,-41.8,4.959,5228.1,999.0,0,1.0,1.0,1.0,1,5,0.0,4,6,1,1
2206,31.0,6,999,0,-1.7,94.215,-40.3,0.896,4991.6,999.0,0,1.0,1.0,0.0,2,4,0.0,8,7,1,1
2207,33.0,1,999,0,1.4,93.918,-42.7,4.961,5228.1,999.0,0,0.0,0.0,0.0,2,7,0.0,3,7,1,1
2208,44.0,1,999,0,1.4,93.444,-36.1,4.963,5228.1,999.0,0,1.0,0.0,0.0,2,2,0.0,4,8,1,1
2209,31.0,2,999,0,1.4,94.465,-41.8,4.866,5228.1,999.0,0,0.0,0.0,1.0,2,2,0.0,4,6,1,1
2210,49.0,1,999,1,-0.1,93.2,-42.0,4.12,5195.8,999.0,1,1.0,0.0,0.0,3,5,0.0,6,11,1,2
2211,42.0,6,999,0,-0.1,93.2,-42.0,4.076,5195.8,999.0,0,0.0,0.0,0.0,3,8,0.0,4,11,1,1
2212,31.0,3,999,0,1.1,93.994,-36.4,4.855,5191.0,999.0,0,1.0,0.0,1.0,1,6,0.0,5,5,1,1
2213,50.0,3,999,0,1.1,93.994,-36.4,4.857,5191.0,999.0,0,0.0,1.0,1.0,2,8,0.0,9,5,1,1
2214,31.0,1,3,2,-1.7,94.215,-40.3,0.797,4991.6,0.1,6,0.0,0.0,0.0,1,8,0.0,6,7,1,3
2215,38.0,3,999,0,1.4,93.918,-42.7,4.963,5228.1,999.0,0,0.0,1.0,0.0,2,8,0.0,6,7,1,1
2216,38.0,1,999,0,1.4,93.918,-42.7,4.961,5228.1,999.0,0,0.0,0.0,0.0,2,2,0.0,10,7,1,1
2217,30.0,2,999,0,1.4,93.918,-42.7,4.961,5228.1,999.0,0,1.0,0.0,0.0,1,7,0.0,6,7,1,1
2218,45.0,1,999,1,-2.9,92.963,-40.8,1.266,5076.2,999.0,2,1.0,0.0,0.0,2,8,0.0,10,6,2,2
2219,24.0,1,999,0,1.4,94.465,-41.8,4.961,5228.1,999.0,0,1.0,1.0,1.0,1,6,0.0,6,6,2,1
2220,31.0,1,999,0,1.1,93.994,-36.4,4.856,5191.0,999.0,0,0.0,0.0,1.0,3,8,0.0,6,5,1,1
2221,30.0,1,999,1,-1.8,92.893,-46.2,1.334,5099.1,999.0,3,1.0,0.0,0.0,1,7,0.0,6,5,1,2
2222,57.0,1,999,0,1.4,93.918,-42.7,4.957,5228.1,999.0,0,0.0,0.0,0.0,2,4,0.0,4,7,1,1
2223,31.0,6,999,0,1.4,94.465,-41.8,4.865,5228.1,999.0,0,0.0,0.0,1.0,2,7,0.0,3,6,2,1
2224,43.0,2,999,0,1.4,94.465,-41.8,4.864,5228.1,999.0,0,1.0,0.0,1.0,1,6,0.0,4,6,1,1
2225,23.0,2,999,0,-1.8,93.075,-47.1,1.405,5099.1,999.0,0,0.0,0.0,0.0,1,8,0.0,6,4,1,1
2226,54.0,2,999,0,-0.1,93.2,-42.0,4.021,5195.8,999.0,0,1.0,0.0,0.0,2,5,0.0,5,11,1,1
2227,31.0,1,999,0,1.4,93.918,-42.7,4.959,5228.1,999.0,0,0.0,0.0,0.0,2,4,0.0,8,7,1,1
2228,36.0,2,999,0,1.4,94.465,-41.8,4.961,5228.1,999.0,0,0.0,0.0,1.0,3,4,0.0,4,6,1,1
2229,62.0,2,999,1,-2.9,92.201,-31.4,0.825,5076.2,999.0,1,1.0,1.0,0.0,2,6,0.0,8,8,1,2
2230,31.0,4,999,0,-0.1,93.2,-42.0,4.021,5195.8,999.0,0,1.0,0.0,0.0,1,5,0.0,9,11,1,1
2231,31.0,1,999,0,-1.8,92.893,-46.2,1.299,5099.1,999.0,0,1.0,0.0,0.0,1,5,0.0,9,5,2,1
2232,34.0,1,999,0,1.4,94.465,-41.8,4.962,5228.1,999.0,0,0.0,0.0,1.0,2,6,0.0,4,6,1,1
2233,31.0,2,999,1,-1.8,92.893,-46.2,1.25,5099.1,999.0,1,1.0,1.0,0.0,1,5,0.0,4,5,1,2
2234,37.0,1,999,0,1.1,93.994,-36.4,4.859,5191.0,999.0,0,0.0,0.0,1.0,2,8,0.0,4,5,1,1
2235,44.0,2,999,0,1.4,93.918,-42.7,4.963,5228.1,999.0,0,1.0,0.0,1.0,1,8,0.0,5,7,1,1
2236,28.0,3,999,0,1.4,93.918,-42.7,4.959,5228.1,999.0,0,0.0,0.0,1.0,1,7,0.0,6,7,1,1
2237,35.0,4,999,0,-1.8,92.893,-46.2,1.25,5099.1,999.0,0,1.0,0.0,0.0,3,4,0.0,4,5,1,1
2238,57.0,1,999,0,1.4,94.465,-41.8,4.962,5228.1,999.0,0,0.0,0.0,1.0,3,8,0.0,8,6,1,1
2239,33.0,3,999,0,-1.8,92.893,-46.2,1.344,5099.1,999.0,0,1.0,0.0,0.0,2,5,0.0,8,5,1,1
2240,25.0,7,999,1,-1.8,92.893,-46.2,1.25,5099.1,999.0,4,1.0,0.0,0.0,1,8,0.0,6,5,1,2
2241,31.0,2,999,0,1.4,93.444,-36.1,4.963,5228.1,999.0,0,1.0,0.0,0.0,1,7,0.0,6,8,1,1
2242,31.0,1,999,0,-1.8,92.893,-46.2,1.299,5099.1,999.0,0,1.0,0.0,0.0,2,4,0.0,3,5,2,1
2243,31.0,2,999,0,1.4,94.465,-41.8,4.864,5228.1,999.0,0,0.0,1.0,1.0,2,7,0.0,3,6,1,1
2244,31.0,2,999,0,1.4,94.465,-41.8,4.961,5228.1,999.0,0,1.0,0.0,1.0,2,7,0.0,6,6,1,1
2245,29.0,1,999,0,-1.8,92.893,-46.2,1.299,5099.1,999.0,0,1.0,0.0,0.0,2,8,0.0,4,5,2,1
2246,24.0,1,999,0,1.4,94.465,-41.8,4.961,5228.1,999.0,0,0.0,0.0,1.0,2,4,0.0,4,6,1,1
2247,32.0,4,999,0,-2.9,92.469,-33.6,1.007,5076.2,999.0,0,1.0,0.0,1.0,1,8,0.0,6,7,1,1
2248,57.0,1,999,0,1.1,93.994,-36.4,4.856,5191.0,999.0,0,1.0,0.0,1.0,3,7,0.0,3,5,1,1
2249,51.0,7,999,0,1.1,93.994,-36.4,4.858,5191.0,999.0,0,0.0,0.0,1.0,1,7,0.0,6,5,2,1
2250,79.0,1,999,1,-1.7,94.215,-40.3,0.822,4991.6,999.0,2,0.0,1.0,0.0,2,8,0.0,8,7,1,2
2251,53.0,1,999,0,1.1,93.994,-36.4,4.856,5191.0,999.0,0,1.0,0.0,1.0,2,6,0.0,5,5,1,1
2252,58.0,1,999,0,1.1,93.994,-36.4,4.856,5191.0,999.0,0,1.0,1.0,1.0,2,8,0.0,8,5,1,1
2253,31.0,5,999,0,1.1,93.994,-36.4,4.858,5191.0,999.0,0,0.0,0.0,1.0,3,7,0.0,6,5,2,1
2254,31.0,2,999,0,1.1,93.994,-36.4,4.857,5191.0,999.0,0,1.0,0.0,1.0,2,7,0.0,3,5,1,1
2255,54.0,3,999,0,1.1,93.994,-36.4,4.857,5191.0,999.0,0,0.0,0.0,1.0,2,8,0.0,6,5,1,1
2256,40.0,1,999,0,1.1,93.994,-36.4,4.855,5191.0,999.0,0,1.0,0.0,1.0,1,5,0.0,6,5,1,1
2257,31.0,4,999,0,-3.4,92.379,-29.8,0.813,5017.5,999.0,0,1.0,1.0,0.0,2,7,0.0,10,9,1,1
2258,62.0,2,10,1,-1.8,93.749,-34.6,0.642,5008.7,0.333333333333,3,1.0,0.0,0.0,2,4,0.0,7,4,2,3
2259,56.0,1,999,0,1.4,93.918,-42.7,4.961,5228.1,999.0,0,0.0,0.0,0.0,2,8,0.0,2,7,1,1
2260,35.0,1,999,0,-1.8,92.893,-46.2,1.281,5099.1,999.0,0,1.0,0.0,0.0,2,5,0.0,6,5,1,1
2261,35.0,2,999,0,1.4,93.918,-42.7,4.963,5228.1,999.0,0,1.0,0.0,0.0,1,8,0.0,1,7,1,1
2262,39.0,1,999,0,1.4,93.918,-42.7,4.963,5228.1,999.0,0,1.0,0.0,0.0,2,3,0.0,6,7,1,1
2263,26.0,1,3,1,-2.9,92.963,-40.8,1.262,5076.2,0.1,2,1.0,0.0,0.0,3,8,0.0,5,6,1,3
2264,32.0,2,999,0,-1.8,92.893,-46.2,1.25,5099.1,999.0,0,1.0,0.0,0.0,2,6,0.0,4,5,1,1
2265,31.0,1,999,0,-3.4,92.431,-26.9,0.742,5017.5,999.0,0,0.0,0.0,0.0,2,8,0.0,8,10,1,1
2266,34.0,2,999,0,1.1,93.994,-36.4,4.857,5191.0,999.0,0,1.0,1.0,1.0,1,4,0.0,9,5,1,1
2267,31.0,4,999,0,1.4,93.918,-42.7,4.962,5228.1,999.0,0,0.0,1.0,0.0,2,4,0.0,6,7,2,1
2268,37.0,3,999,0,1.4,94.465,-41.8,4.864,5228.1,999.0,0,1.0,1.0,1.0,1,8,0.0,5,6,1,1
2269,31.0,1,999,0,-1.8,92.893,-46.2,1.25,5099.1,999.0,0,0.0,1.0,0.0,3,8,0.0,6,5,1,1
2270,28.0,1,999,0,-1.8,92.893,-46.2,1.281,5099.1,999.0,0,0.0,0.0,0.0,2,7,0.0,10,5,1,1
2271,31.0,3,999,0,1.4,93.444,-36.1,4.964,5228.1,999.0,0,1.0,0.0,0.0,2,8,0.0,5,8,1,1
2272,58.0,1,999,0,-2.9,92.201,-31.4,0.883,5076.2,999.0,0,0.0,1.0,0.0,3,6,0.0,10,8,1,1
2273,41.0,1,999,0,1.1,93.994,-36.4,4.864,5191.0,999.0,0,0.0,0.0,1.0,2,8,0.0,4,5,1,1
2274,31.0,2,999,1,-1.8,93.075,-47.1,1.41,5099.1,999.0,5,1.0,0.0,0.0,2,8,0.0,4,4,1,2
2275,48.0,3,999,0,1.1,93.994,-36.4,4.864,5191.0,999.0,0,1.0,0.0,1.0,1,8,0.0,5,5,1,1
2276,31.0,2,999,0,1.1,93.994,-36.4,4.855,5191.0,999.0,0,0.0,0.0,1.0,2,2,0.0,4,5,1,1
2277,48.0,1,999,0,1.1,93.994,-36.4,4.86,5191.0,999.0,0,0.0,1.0,1.0,2,5,0.0,6,5,1,1
2278,31.0,1,999,0,1.4,93.918,-42.7,4.958,5228.1,999.0,0,0.0,0.0,0.0,1,7,0.0,11,7,1,1
2279,58.0,1,999,0,-1.8,93.749,-34.6,0.639,5008.7,999.0,0,0.0,0.0,0.0,2,2,0.0,8,4,1,1
2280,31.0,3,999,0,1.4,93.444,-36.1,4.963,5228.1,999.0,0,1.0,0.0,0.0,1,7,0.0,5,8,1,1
2281,47.0,15,999,0,1.4,93.444,-36.1,4.964,5228.1,999.0,0,0.0,0.0,0.0,2,6,0.0,5,8,1,1
2282,40.0,1,999,0,-3.4,92.431,-26.9,0.724,5017.5,999.0,0,1.0,0.0,1.0,2,7,0.0,3,10,1,1
2283,56.0,2,999,0,1.4,94.465,-41.8,4.959,5228.1,999.0,0,0.0,0.0,1.0,2,2,0.0,4,6,1,1
2284,41.0,3,999,0,1.4,93.444,-36.1,4.965,5228.1,999.0,0,0.0,1.0,0.0,2,7,0.0,6,8,2,1
2285,51.0,1,999,0,-0.1,93.2,-42.0,4.191,5195.8,999.0,0,1.0,0.0,0.0,2,8,0.0,4,11,2,1
2286,49.0,1,999,0,1.4,93.918,-42.7,4.958,5228.1,999.0,0,0.0,0.0,0.0,3,8,0.0,5,7,1,1
2287,31.0,2,999,0,-0.1,93.2,-42.0,4.153,5195.8,999.0,0,1.0,0.0,0.0,2,6,0.0,5,11,1,1
2288,31.0,1,999,0,1.4,94.465,-41.8,4.961,5228.1,999.0,0,1.0,0.0,1.0,2,8,0.0,4,6,2,1
2289,33.0,1,999,0,1.4,94.465,-41.8,4.961,5228.1,999.0,0,1.0,0.0,1.0,2,6,0.0,5,6,1,1
2290,51.0,1,999,0,-1.8,92.893,-46.2,1.334,5099.1,999.0,0,1.0,0.0,0.0,2,4,0.0,4,5,1,1
2291,24.0,1,13,2,-1.8,93.876,-40.0,0.697,5008.7,0.433333333333,4,1.0,0.0,0.0,1,5,0.0,10,5,2,2
2292,31.0,5,999,1,-0.1,93.2,-42.0,4.076,5195.8,999.0,4,1.0,0.0,0.0,1,8,0.0,5,11,1,2
2293,49.0,2,999,0,-1.8,93.075,-47.1,1.365,5099.1,999.0,0,1.0,0.0,0.0,1,7,0.0,5,4,1,1
2294,27.0,1,999,1,-1.8,92.893,-46.2,1.334,5099.1,999.0,4,1.0,0.0,0.0,2,8,0.0,9,5,1,2
2295,29.0,4,999,0,-1.8,93.369,-34.8,0.652,5008.7,999.0,0,0.0,0.0,0.0,1,5,0.0,6,3,2,1
2296,42.0,2,999,0,1.1,93.994,-36.4,4.857,5191.0,999.0,0,0.0,0.0,1.0,2,7,0.0,1,5,1,1
2297,52.0,3,999,0,1.4,93.918,-42.7,4.962,5228.1,999.0,0,0.0,0.0,0.0,2,4,0.0,8,7,1,1
2298,56.0,3,999,0,1.4,93.444,-36.1,4.965,5228.1,999.0,0,0.0,0.0,0.0,2,8,0.0,8,8,1,1
2299,29.0,2,999,0,-1.8,93.075,-47.1,1.405,5099.1,999.0,0,1.0,0.0,0.0,1,7,0.0,5,4,2,1
2300,34.0,2,999,0,1.1,93.994,-36.4,4.855,5191.0,999.0,0,0.0,1.0,1.0,2,3,0.0,4,5,1,1
2301,31.0,2,999,1,-1.8,92.893,-46.2,1.344,5099.1,999.0,2,1.0,0.0,0.0,2,3,0.0,4,5,1,2
2302,47.0,20,999,0,1.4,94.465,-41.8,4.864,5228.1,999.0,0,0.0,0.0,1.0,2,8,0.0,5,6,1,1
2303,33.0,5,999,0,1.4,93.918,-42.7,4.961,5228.1,999.0,0,1.0,0.0,0.0,1,5,0.0,6,7,1,1
2304,31.0,1,999,0,1.4,93.444,-36.1,4.968,5228.1,999.0,0,0.0,0.0,0.0,1,6,0.0,6,8,1,1
2305,37.0,1,999,0,1.4,94.465,-41.8,4.961,5228.1,999.0,0,1.0,1.0,1.0,2,8,0.0,5,6,1,1
2306,45.0,5,999,0,-0.1,93.2,-42.0,4.153,5195.8,999.0,0,0.0,0.0,0.0,2,8,0.0,9,11,1,1
2307,39.0,3,999,0,1.4,93.918,-42.7,4.963,5228.1,999.0,0,1.0,0.0,0.0,2,8,0.0,4,7,1,1
2308,31.0,4,999,0,1.4,94.465,-41.8,4.866,5228.1,999.0,0,0.0,0.0,1.0,2,7,0.0,6,6,1,1
2309,26.0,1,999,0,-1.8,93.075,-47.1,1.415,5099.1,999.0,0,0.0,0.0,0.0,1,8,0.0,6,4,1,1
2310,50.0,2,999,0,1.4,93.444,-36.1,4.968,5228.1,999.0,0,1.0,0.0,0.0,2,2,0.0,4,8,1,1
2311,31.0,1,999,0,1.4,93.444,-36.1,4.963,5228.1,999.0,0,1.0,1.0,0.0,1,7,0.0,6,8,1,1
2312,40.0,3,999,0,1.4,94.465,-41.8,4.967,5228.1,999.0,0,1.0,0.0,1.0,2,7,0.0,6,6,1,1
2313,32.0,3,999,0,1.1,93.994,-36.4,4.857,5191.0,999.0,0,0.0,0.0,1.0,1,7,0.0,6,5,1,1
2314,41.0,12,999,0,1.1,93.994,-36.4,4.856,5191.0,999.0,0,0.0,0.0,1.0,2,8,0.0,6,5,1,1
2315,31.0,2,999,0,1.1,93.994,-36.4,4.857,5191.0,999.0,0,1.0,0.0,1.0,2,6,0.0,5,5,2,1
2316,29.0,5,999,0,-1.8,92.893,-46.2,1.281,5099.1,999.0,0,0.0,0.0,0.0,2,7,0.0,6,5,1,1
2317,46.0,10,999,0,-3.0,92.713,-33.0,0.718,5023.5,999.0,0,1.0,1.0,0.0,2,8,0.0,6,12,1,1
2318,31.0,1,999,0,-1.8,92.893,-46.2,1.327,5099.1,999.0,0,1.0,0.0,0.0,1,5,0.0,9,5,1,1
2319,39.0,2,999,0,1.1,93.994,-36.4,4.855,5191.0,999.0,0,0.0,0.0,1.0,1,5,0.0,9,5,1,1
2320,33.0,3,999,0,-0.1,93.2,-42.0,4.076,5195.8,999.0,0,0.0,0.0,1.0,1,8,0.0,6,11,1,1
2321,39.0,2,999,0,-1.8,92.893,-46.2,1.327,5099.1,999.0,0,0.0,0.0,0.0,1,7,0.0,3,5,1,1
2322,41.0,2,999,0,1.4,93.444,-36.1,4.966,5228.1,999.0,0,1.0,1.0,0.0,3,7,0.0,5,8,1,1
2323,50.0,2,999,1,-1.8,92.893,-46.2,1.299,5099.1,999.0,3,0.0,0.0,0.0,2,8,0.0,9,5,2,2
2324,45.0,1,999,0,-3.4,92.431,-26.9,0.744,5017.5,999.0,0,0.0,0.0,0.0,2,6,0.0,4,10,1,1
2325,72.0,16,999,1,-1.7,94.027,-38.3,0.891,4991.6,999.0,1,0.0,0.0,0.0,3,7,0.0,8,8,2,2
2326,39.0,1,999,0,1.4,93.444,-36.1,4.968,5228.1,999.0,0,1.0,0.0,0.0,1,7,0.0,5,8,1,1
2327,31.0,2,999,0,-1.8,92.893,-46.2,1.25,5099.1,999.0,0,0.0,0.0,0.0,2,6,0.0,5,5,1,1
2328,53.0,1,999,0,-1.8,92.893,-46.2,1.25,5099.1,999.0,0,1.0,0.0,0.0,2,8,0.0,9,5,1,1
2329,31.0,2,999,0,1.4,93.444,-36.1,4.963,5228.1,999.0,0,1.0,1.0,0.0,2,7,0.0,6,8,2,1
2330,32.0,2,999,0,-0.1,93.2,-42.0,4.191,5195.8,999.0,0,0.0,0.0,0.0,1,8,0.0,4,11,1,1
2331,31.0,1,999,0,-0.1,93.2,-42.0,4.153,5195.8,999.0,0,1.0,0.0,1.0,2,8,0.0,5,11,1,1
2332,25.0,1,999,1,-3.4,92.649,-30.1,0.714,5017.5,999.0,2,0.0,0.0,0.0,2,8,0.0,6,11,1,2
2333,29.0,1,999,0,1.4,93.918,-42.7,4.961,5228.1,999.0,0,1.0,0.0,0.0,2,7,0.0,3,7,1,1
2334,60.0,1,999,0,-1.8,93.075,-47.1,1.365,5099.1,999.0,0,1.0,0.0,0.0,2,6,0.0,6,4,1,1
2335,43.0,1,999,0,1.4,93.918,-42.7,4.966,5228.1,999.0,0,1.0,0.0,1.0,2,4,0.0,4,7,1,1
2336,29.0,3,999,0,1.4,93.918,-42.7,4.959,5228.1,999.0,0,1.0,0.0,0.0,2,8,0.0,6,7,1,1
2337,43.0,4,999,0,1.4,93.444,-36.1,4.962,5228.1,999.0,0,1.0,0.0,0.0,2,8,0.0,5,8,1,1
2338,29.0,1,999,1,-0.1,93.2,-42.0,4.021,5195.8,999.0,0,1.0,0.0,0.0,1,8,0.0,5,11,1,2
2339,46.0,2,999,0,-1.8,93.075,-47.1,1.41,5099.1,999.0,0,1.0,0.0,0.0,2,7,0.0,5,4,1,1
2340,31.0,1,999,0,-1.8,92.893,-46.2,1.299,5099.1,999.0,0,1.0,0.0,0.0,1,5,0.0,9,5,2,1
2341,38.0,1,999,0,1.1,93.994,-36.4,4.858,5191.0,999.0,0,0.0,0.0,1.0,2,2,0.0,4,5,2,1
2342,56.0,5,999,0,1.4,93.918,-42.7,4.957,5228.1,999.0,0,1.0,0.0,0.0,2,8,0.0,6,7,1,1
2343,31.0,3,999,0,1.1,93.994,-36.4,4.857,5191.0,999.0,0,1.0,0.0,1.0,2,7,0.0,5,5,1,1
2344,32.0,2,999,0,-1.8,92.893,-46.2,1.244,5099.1,999.0,0,1.0,0.0,0.0,2,8,0.0,9,5,2,1
2345,35.0,12,999,0,1.4,93.918,-42.7,4.968,5228.1,999.0,0,1.0,0.0,1.0,2,8,0.0,1,7,1,1
2346,32.0,4,999,0,1.4,93.918,-42.7,4.963,5228.1,999.0,0,0.0,0.0,0.0,1,7,0.0,5,7,1,1
2347,31.0,2,999,0,1.4,93.444,-36.1,4.965,5228.1,999.0,0,0.0,0.0,0.0,1,8,0.0,6,8,2,1
2348,29.0,1,999,0,-3.0,92.713,-33.0,0.715,5023.5,999.0,0,0.0,0.0,0.0,1,8,0.0,11,12,1,1
2349,45.0,5,999,0,1.1,93.994,-36.4,4.856,5191.0,999.0,0,1.0,0.0,1.0,2,8,0.0,3,5,1,1
2350,31.0,1,999,0,1.4,94.465,-41.8,4.962,5228.1,999.0,0,1.0,0.0,1.0,2,5,0.0,6,6,1,1
2351,31.0,1,999,0,1.1,93.994,-36.4,4.857,5191.0,999.0,0,1.0,0.0,1.0,2,2,0.0,4,5,1,1
2352,31.0,2,999,0,1.4,93.918,-42.7,4.963,5228.1,999.0,0,0.0,0.0,0.0,2,3,0.0,4,7,1,1
2353,24.0,4,999,0,-1.8,92.893,-46.2,1.266,5099.1,999.0,0,0.0,0.0,1.0,1,6,0.0,5,5,1,1
2354,31.0,1,999,1,-1.8,92.893,-46.2,1.313,5099.1,999.0,3,1.0,0.0,0.0,2,7,0.0,3,5,1,2
2355,31.0,1,999,0,-1.8,92.893,-46.2,1.354,5099.1,999.0,0,1.0,0.0,0.0,3,7,0.0,6,5,2,1
2356,49.0,5,999,0,1.4,94.465,-41.8,4.864,5228.1,999.0,0,1.0,1.0,1.0,2,2,0.0,4,6,1,1
2357,31.0,1,999,0,1.1,93.994,-36.4,4.858,5191.0,999.0,0,0.0,0.0,1.0,2,8,0.0,7,5,2,1
2358,58.0,1,999,0,1.4,94.465,-41.8,4.947,5228.1,999.0,0,1.0,0.0,1.0,2,5,0.0,9,6,1,1
2359,55.0,1,999,0,1.1,93.994,-36.4,4.86,5191.0,999.0,0,1.0,1.0,1.0,3,6,0.0,5,5,1,1
2360,25.0,2,999,0,-1.8,92.893,-46.2,1.344,5099.1,999.0,0,0.0,0.0,0.0,2,5,0.0,9,5,1,1
2361,38.0,1,11,1,-1.8,93.369,-34.8,0.639,5008.7,0.366666666667,0,1.0,0.0,0.0,1,8,0.0,11,3,2,3
2362,30.0,2,999,0,-1.8,92.893,-46.2,1.25,5099.1,999.0,0,1.0,1.0,0.0,1,5,0.0,9,5,1,1
2363,55.0,9,999,0,1.4,94.465,-41.8,4.967,5228.1,999.0,0,0.0,0.0,1.0,2,2,0.0,6,6,1,1
2364,34.0,11,999,0,-1.8,92.893,-46.2,1.327,5099.1,999.0,0,0.0,0.0,0.0,1,3,0.0,6,5,1,1
2365,31.0,1,999,0,1.4,93.444,-36.1,4.97,5228.1,999.0,0,1.0,0.0,0.0,1,8,0.0,6,8,2,1
2366,31.0,8,999,0,1.4,93.444,-36.1,4.966,5228.1,999.0,0,0.0,0.0,0.0,2,8,0.0,2,8,1,1
2367,47.0,13,999,0,1.4,93.444,-36.1,4.964,5228.1,999.0,0,0.0,0.0,1.0,2,8,0.0,4,8,1,1
2368,34.0,8,999,0,-1.8,92.843,-50.0,1.52,5099.1,999.0,0,0.0,0.0,0.0,1,7,0.0,5,3,2,1
2369,35.0,1,999,0,1.4,94.465,-41.8,4.961,5228.1,999.0,0,0.0,0.0,1.0,2,8,0.0,4,6,1,1
2370,31.0,2,999,0,-0.1,93.2,-42.0,4.076,5195.8,999.0,0,0.0,0.0,0.0,1,7,0.0,10,11,1,1
2371,38.0,2,999,0,-1.8,93.075,-47.1,1.365,5099.1,999.0,0,1.0,0.0,0.0,1,8,0.0,6,4,1,1
2372,37.0,2,999,0,1.1,93.994,-36.4,4.859,5191.0,999.0,0,1.0,0.0,1.0,2,2,0.0,4,5,1,1
2373,39.0,1,999,0,1.4,93.444,-36.1,4.964,5228.1,999.0,0,1.0,0.0,0.0,1,7,0.0,6,8,1,1
2374,53.0,1,999,0,1.4,93.918,-42.7,4.961,5228.1,999.0,0,0.0,0.0,0.0,3,2,0.0,4,7,1,1
2375,42.0,3,6,2,-1.7,94.027,-38.3,0.898,4991.6,0.2,6,0.0,0.0,0.0,2,7,0.0,5,8,1,3
2376,31.0,5,999,0,1.1,93.994,-36.4,4.859,5191.0,999.0,0,0.0,0.0,1.0,2,4,0.0,9,5,1,1
2377,30.0,1,999,0,-1.8,92.893,-46.2,1.344,5099.1,999.0,0,0.0,1.0,0.0,2,5,0.0,6,5,1,1
2378,47.0,3,999,0,1.1,93.994,-36.4,4.855,5191.0,999.0,0,0.0,0.0,1.0,2,3,0.0,4,5,1,1
2379,41.0,1,999,1,-2.9,92.963,-40.8,1.262,5076.2,999.0,3,1.0,0.0,0.0,1,8,0.0,5,6,1,2
2380,40.0,5,999,0,1.4,93.918,-42.7,4.963,5228.1,999.0,0,1.0,0.0,0.0,2,7,0.0,1,7,1,1
2381,47.0,3,999,0,-1.8,93.075,-47.1,1.405,5099.1,999.0,0,0.0,0.0,0.0,2,7,0.0,3,4,2,1
2382,32.0,3,999,0,1.4,93.918,-42.7,4.962,5228.1,999.0,0,1.0,1.0,0.0,2,8,0.0,4,7,2,1
2383,35.0,2,999,1,-3.4,92.649,-30.1,0.714,5017.5,999.0,2,1.0,0.0,0.0,1,6,0.0,5,11,1,2
2384,43.0,3,999,0,1.4,94.465,-41.8,4.959,5228.1,999.0,0,0.0,0.0,1.0,2,2,0.0,10,6,1,1
2385,30.0,1,999,1,-1.8,92.893,-46.2,1.266,5099.1,999.0,5,1.0,0.0,0.0,1,8,0.0,9,5,1,2
2386,74.0,2,999,0,-1.8,93.369,-34.8,0.653,5008.7,999.0,0,0.0,1.0,0.0,2,8,0.0,8,3,1,1
2387,34.0,1,999,0,1.4,93.918,-42.7,4.962,5228.1,999.0,0,0.0,0.0,0.0,3,6,0.0,1,7,1,1
2388,48.0,1,999,0,-0.1,93.2,-42.0,4.076,5195.8,999.0,0,1.0,0.0,0.0,2,8,0.0,10,11,1,1
2389,43.0,2,999,0,1.4,94.465,-41.8,4.961,5228.1,999.0,0,0.0,0.0,1.0,2,7,0.0,6,6,1,1
2390,31.0,3,999,0,1.4,93.918,-42.7,4.958,5228.1,999.0,0,1.0,0.0,1.0,1,4,0.0,4,7,1,1
2391,48.0,1,999,1,-1.8,92.893,-46.2,1.266,5099.1,999.0,4,0.0,0.0,0.0,2,4,0.0,4,5,1,2
2392,23.0,1,999,0,-1.8,92.893,-46.2,1.266,5099.1,999.0,0,0.0,0.0,0.0,1,5,0.0,5,5,1,1
2393,32.0,1,999,0,1.4,93.918,-42.7,4.968,5228.1,999.0,0,1.0,0.0,0.0,2,7,0.0,6,7,1,1
2394,31.0,2,999,0,-1.8,92.893,-46.2,1.266,5099.1,999.0,0,0.0,0.0,0.0,2,6,0.0,4,5,1,1
2395,54.0,3,999,2,-1.8,93.075,-47.1,1.405,5099.1,999.0,4,0.0,0.0,0.0,2,5,0.0,5,4,2,2
2396,56.0,1,999,0,1.4,93.918,-42.7,4.961,5228.1,999.0,0,1.0,0.0,0.0,2,6,0.0,5,7,1,1
2397,36.0,1,999,0,-0.1,93.2,-42.0,4.076,5195.8,999.0,0,1.0,0.0,1.0,1,7,0.0,6,11,1,1
2398,59.0,3,999,0,1.4,93.918,-42.7,4.963,5228.1,999.0,0,0.0,0.0,0.0,2,8,0.0,8,7,1,1
2399,31.0,7,999,0,1.4,93.444,-36.1,4.963,5228.1,999.0,0,1.0,1.0,0.0,1,6,0.0,1,8,1,1
2400,31.0,2,999,0,1.4,94.465,-41.8,4.959,5228.1,999.0,0,0.0,1.0,1.0,1,4,0.0,4,6,1,1
2401,30.0,1,999,0,1.1,93.994,-36.4,4.859,5191.0,999.0,0,0.0,0.0,1.0,1,7,0.0,6,5,1,1
2402,57.0,4,999,0,1.4,93.918,-42.7,4.962,5228.1,999.0,0,1.0,0.0,0.0,2,7,0.0,6,7,1,1
2403,34.0,3,999,0,1.4,94.465,-41.8,4.96,5228.1,999.0,0,0.0,0.0,1.0,2,8,0.0,3,6,2,1
2404,42.0,4,999,0,1.4,94.465,-41.8,4.865,5228.1,999.0,0,1.0,0.0,1.0,2,7,0.0,5,6,2,1
2405,30.0,1,999,0,-0.1,93.2,-42.0,4.153,5195.8,999.0,0,1.0,0.0,0.0,2,5,0.0,9,11,1,1
2406,31.0,4,999,0,-0.1,93.2,-42.0,4.153,5195.8,999.0,0,1.0,0.0,0.0,2,2,0.0,6,11,1,1
2407,32.0,6,999,0,1.4,94.465,-41.8,4.959,5228.1,999.0,0,1.0,0.0,1.0,2,3,0.0,4,6,1,1
2408,42.0,3,999,0,1.4,93.444,-36.1,4.966,5228.1,999.0,0,1.0,0.0,0.0,2,7,0.0,1,8,1,1
2409,29.0,1,999,0,1.4,93.444,-36.1,4.964,5228.1,999.0,0,1.0,1.0,0.0,1,7,0.0,6,8,1,1
2410,37.0,1,999,1,-0.1,93.2,-42.0,4.191,5195.8,999.0,1,0.0,1.0,0.0,3,8,0.0,3,11,2,2
2411,31.0,2,999,0,-0.1,93.2,-42.0,4.191,5195.8,999.0,0,0.0,0.0,1.0,3,5,0.0,9,11,2,1
2412,46.0,1,999,0,1.1,93.994,-36.4,4.856,5191.0,999.0,0,0.0,0.0,1.0,1,7,0.0,3,5,1,1
2413,40.0,2,999,0,1.1,93.994,-36.4,4.864,5191.0,999.0,0,1.0,0.0,1.0,2,2,0.0,1,5,1,1
2414,31.0,1,999,0,1.4,93.444,-36.1,4.967,5228.1,999.0,0,1.0,0.0,0.0,1,7,0.0,6,8,1,1
2415,31.0,1,999,0,-1.8,92.893,-46.2,1.291,5099.1,999.0,0,0.0,0.0,0.0,1,7,0.0,7,5,1,1
2416,51.0,2,999,1,-0.1,93.2,-42.0,4.12,5195.8,999.0,2,0.0,0.0,0.0,2,7,0.0,7,11,1,2
2417,38.0,1,999,0,1.4,94.465,-41.8,4.96,5228.1,999.0,0,0.0,0.0,1.0,2,5,0.0,6,6,2,1
2418,31.0,1,999,0,1.4,93.444,-36.1,4.964,5228.1,999.0,0,0.0,0.0,0.0,2,7,0.0,6,8,1,1
2419,34.0,1,999,0,-2.9,92.201,-31.4,0.884,5076.2,999.0,0,1.0,0.0,0.0,1,6,0.0,5,8,1,1
2420,28.0,1,999,0,1.1,93.994,-36.4,4.858,5191.0,999.0,0,1.0,0.0,1.0,2,8,0.0,4,5,1,1
2421,33.0,2,999,0,-0.1,93.2,-42.0,4.076,5195.8,999.0,0,1.0,0.0,0.0,2,7,0.0,6,11,1,1
2422,47.0,1,999,1,-2.9,92.201,-31.4,0.859,5076.2,999.0,3,1.0,0.0,0.0,1,7,0.0,6,8,1,2
2423,32.0,4,999,0,1.4,93.444,-36.1,4.966,5228.1,999.0,0,1.0,0.0,0.0,2,7,0.0,6,8,1,1
2424,41.0,1,999,0,-1.8,93.075,-47.1,1.405,5099.1,999.0,0,0.0,0.0,0.0,2,6,0.0,4,4,1,1
2425,43.0,1,999,0,1.4,94.465,-41.8,4.959,5228.1,999.0,0,1.0,1.0,1.0,2,2,0.0,4,6,1,1
2426,41.0,1,999,0,1.1,93.994,-36.4,4.858,5191.0,999.0,0,1.0,1.0,1.0,3,3,0.0,4,5,1,1
2427,31.0,2,999,0,-1.8,92.893,-46.2,1.244,5099.1,999.0,0,0.0,0.0,0.0,2,7,0.0,7,5,2,1
2428,49.0,9,999,0,1.4,93.444,-36.1,4.963,5228.1,999.0,0,0.0,0.0,0.0,2,6,0.0,1,8,1,1
2429,59.0,3,999,1,-1.8,93.749,-34.6,0.642,5008.7,999.0,2,0.0,0.0,0.0,2,2,0.0,4,4,2,2
2430,77.0,2,999,0,-3.4,92.431,-26.9,0.741,5017.5,999.0,0,0.0,0.0,0.0,3,8,0.0,8,10,1,1
2431,31.0,5,999,0,1.4,93.444,-36.1,4.964,5228.1,999.0,0,1.0,0.0,0.0,2,8,0.0,6,8,1,1
2432,33.0,6,999,0,1.4,93.918,-42.7,4.963,5228.1,999.0,0,1.0,1.0,1.0,2,4,0.0,7,7,1,1
2433,38.0,1,999,0,1.4,93.918,-42.7,4.963,5228.1,999.0,0,1.0,1.0,0.0,1,3,0.0,4,7,1,1
2434,47.0,1,999,0,-0.1,93.2,-42.0,4.153,5195.8,999.0,0,1.0,0.0,0.0,2,8,0.0,9,11,1,1
2435,50.0,1,999,0,1.4,93.918,-42.7,4.962,5228.1,999.0,0,0.0,1.0,0.0,2,6,0.0,5,7,1,1
2436,31.0,3,999,0,1.4,93.918,-42.7,4.962,5228.1,999.0,0,1.0,0.0,1.0,2,5,0.0,9,7,1,1
2437,35.0,1,999,1,-1.8,92.893,-46.2,1.327,5099.1,999.0,2,0.0,0.0,0.0,2,8,0.0,4,5,1,2
2438,32.0,1,999,0,1.4,94.465,-41.8,4.961,5228.1,999.0,0,0.0,0.0,1.0,1,6,0.0,5,6,1,1
2439,42.0,2,999,0,1.4,94.465,-41.8,4.865,5228.1,999.0,0,0.0,1.0,1.0,2,8,0.0,6,6,2,1
2440,44.0,2,999,0,1.4,93.918,-42.7,4.961,5228.1,999.0,0,0.0,1.0,0.0,2,8,0.0,2,7,1,1
2441,25.0,1,999,0,1.4,93.918,-42.7,4.963,5228.1,999.0,0,0.0,0.0,0.0,2,8,0.0,5,7,1,1
2442,59.0,1,999,0,1.4,93.918,-42.7,4.961,5228.1,999.0,0,1.0,0.0,0.0,3,8,0.0,8,7,1,1
2443,31.0,1,7,1,-3.4,92.649,-30.1,0.715,5017.5,0.233333333333,2,1.0,0.0,0.0,2,7,0.0,3,11,1,3
2444,30.0,4,999,0,1.1,93.994,-36.4,4.859,5191.0,999.0,0,0.0,0.0,1.0,1,8,0.0,11,5,1,1
2445,38.0,2,999,0,1.4,93.918,-42.7,4.963,5228.1,999.0,0,1.0,0.0,0.0,2,4,0.0,7,7,1,1
2446,44.0,1,999,0,1.1,93.994,-36.4,4.86,5191.0,999.0,0,0.0,0.0,1.0,1,7,0.0,6,5,1,1
2447,32.0,2,999,0,-1.8,92.893,-46.2,1.291,5099.1,999.0,0,0.0,0.0,0.0,2,7,0.0,5,5,1,1
2448,31.0,1,999,0,-1.8,92.893,-46.2,1.327,5099.1,999.0,0,0.0,0.0,0.0,1,8,0.0,4,5,1,1
2449,43.0,3,999,0,1.4,93.444,-36.1,4.964,5228.1,999.0,0,1.0,0.0,0.0,2,8,0.0,6,8,1,1
2450,33.0,1,999,0,1.4,93.444,-36.1,4.965,5228.1,999.0,0,1.0,1.0,0.0,1,7,0.0,6,8,1,1
2451,36.0,4,999,0,-2.9,92.963,-40.8,1.281,5076.2,999.0,0,0.0,0.0,0.0,2,8,0.0,3,6,2,1
2452,30.0,4,999,0,1.4,94.465,-41.8,4.955,5228.1,999.0,0,0.0,0.0,1.0,1,7,0.0,6,6,1,1
2453,31.0,1,999,0,1.4,93.444,-36.1,4.967,5228.1,999.0,0,1.0,0.0,0.0,1,7,0.0,6,8,1,1
2454,25.0,2,999,0,-1.8,92.893,-46.2,1.266,5099.1,999.0,0,0.0,0.0,0.0,2,8,0.0,3,5,1,1
2455,34.0,6,999,1,-1.8,92.893,-46.2,1.25,5099.1,999.0,2,1.0,0.0,0.0,3,6,0.0,5,5,1,2
2456,28.0,2,6,1,-1.7,94.215,-40.3,0.893,4991.6,0.2,3,1.0,0.0,0.0,1,6,0.0,5,7,1,3
2457,43.0,1,999,0,1.4,93.918,-42.7,4.96,5228.1,999.0,0,1.0,0.0,0.0,2,5,0.0,4,7,2,1
2458,40.0,1,999,0,1.4,93.444,-36.1,4.963,5228.1,999.0,0,0.0,0.0,0.0,1,7,0.0,5,8,1,1
2459,35.0,1,999,0,1.4,94.465,-41.8,4.967,5228.1,999.0,0,0.0,1.0,1.0,2,4,0.0,4,6,1,1
2460,44.0,1,999,1,-1.7,94.215,-40.3,0.861,4991.6,999.0,4,0.0,0.0,0.0,2,8,0.0,6,7,1,2
2461,36.0,3,999,0,-1.8,93.075,-47.1,1.405,5099.1,999.0,0,1.0,0.0,0.0,2,4,0.0,4,4,2,1
2462,31.0,1,999,3,-1.7,94.215,-40.3,0.797,4991.6,999.0,3,1.0,1.0,0.0,3,2,0.0,2,7,1,2
2463,51.0,1,999,0,1.1,93.994,-36.4,4.856,5191.0,999.0,0,0.0,0.0,1.0,2,5,0.0,6,5,1,1
2464,31.0,3,999,0,1.4,94.465,-41.8,4.959,5228.1,999.0,0,1.0,0.0,1.0,2,8,0.0,9,6,1,1
2465,35.0,3,999,0,-1.8,92.893,-46.2,1.281,5099.1,999.0,0,0.0,0.0,0.0,1,5,0.0,9,5,1,1
2466,33.0,3,6,2,-3.4,92.431,-26.9,0.74,5017.5,0.2,8,1.0,0.0,1.0,1,8,0.0,6,10,1,3
2467,47.0,1,999,0,1.1,93.994,-36.4,4.864,5191.0,999.0,0,0.0,0.0,1.0,2,8,0.0,12,5,1,1
2468,24.0,4,999,1,-1.8,92.893,-46.2,1.25,5099.1,999.0,2,1.0,1.0,0.0,1,4,0.0,9,5,1,2
2469,36.0,1,999,0,-0.1,93.2,-42.0,4.12,5195.8,999.0,0,1.0,0.0,0.0,1,7,0.0,6,11,1,1
2470,22.0,2,999,0,-2.9,92.963,-40.8,1.281,5076.2,999.0,0,1.0,0.0,0.0,1,4,0.0,4,6,2,1
2471,31.0,1,999,0,1.4,93.444,-36.1,4.964,5228.1,999.0,0,0.0,0.0,0.0,2,8,0.0,7,8,1,1
2472,31.0,7,999,0,1.4,93.918,-42.7,4.956,5228.1,999.0,0,0.0,0.0,1.0,3,8,0.0,6,7,1,1
2473,29.0,2,999,0,1.4,93.444,-36.1,4.964,5228.1,999.0,0,1.0,0.0,0.0,1,8,0.0,6,8,1,1
2474,26.0,1,999,0,1.1,93.994,-36.4,4.857,5191.0,999.0,0,1.0,0.0,1.0,1,5,0.0,4,5,1,1
2475,31.0,1,0,3,-1.7,94.027,-38.3,0.9,4991.6,0.0,0,1.0,0.0,0.0,1,7,0.0,11,8,1,3
2476,30.0,4,999,0,-1.8,92.893,-46.2,1.299,5099.1,999.0,0,0.0,0.0,1.0,1,8,0.0,6,5,2,1
2477,49.0,3,3,1,-3.4,92.379,-29.8,0.773,5017.5,0.1,1,1.0,0.0,0.0,3,8,0.0,6,9,1,3
2478,38.0,1,999,0,-0.1,93.798,-40.4,4.918,5195.8,999.0,0,1.0,0.0,1.0,2,8,0.0,6,10,1,1
2479,50.0,1,999,0,1.4,93.918,-42.7,4.958,5228.1,999.0,0,0.0,0.0,0.0,2,8,0.0,4,7,1,1
2480,42.0,3,999,0,1.1,93.994,-36.4,4.855,5191.0,999.0,0,1.0,0.0,1.0,2,7,0.0,6,5,1,1
2481,35.0,1,999,0,1.4,93.444,-36.1,4.963,5228.1,999.0,0,0.0,0.0,0.0,2,8,0.0,5,8,1,1
2482,31.0,2,999,0,1.1,93.994,-36.4,4.857,5191.0,999.0,0,1.0,0.0,1.0,1,8,0.0,4,5,2,1
2483,40.0,2,999,0,1.4,94.465,-41.8,4.959,5228.1,999.0,0,1.0,1.0,1.0,2,8,0.0,1,6,1,1
2484,36.0,1,999,0,1.4,94.465,-41.8,4.961,5228.1,999.0,0,1.0,0.0,1.0,2,7,0.0,6,6,1,1
2485,47.0,4,999,0,1.4,93.918,-42.7,4.962,5228.1,999.0,0,1.0,0.0,0.0,2,2,0.0,4,7,2,1
2486,38.0,1,999,0,-1.8,93.075,-47.1,1.41,5099.1,999.0,0,1.0,0.0,0.0,2,8,0.0,4,4,1,1
2487,59.0,7,999,0,1.4,93.444,-36.1,4.964,5228.1,999.0,0,0.0,0.0,0.0,2,8,0.0,8,8,1,1
2488,34.0,1,999,0,-1.8,92.893,-46.2,1.313,5099.1,999.0,0,1.0,1.0,0.0,2,8,0.0,4,5,1,1
2489,49.0,1,999,0,1.1,93.994,-36.4,4.858,5191.0,999.0,0,0.0,0.0,1.0,1,8,0.0,9,5,2,1
2490,36.0,2,999,0,1.4,94.465,-41.8,4.865,5228.1,999.0,0,0.0,1.0,1.0,2,4,0.0,4,6,2,1
2491,31.0,1,999,0,1.1,93.994,-36.4,4.858,5191.0,999.0,0,1.0,0.0,1.0,2,8,0.0,3,5,1,1
2492,31.0,3,999,0,-0.1,93.2,-42.0,4.12,5195.8,999.0,0,0.0,0.0,0.0,2,4,0.0,5,11,1,1
2493,27.0,1,999,0,-1.8,92.893,-46.2,1.266,5099.1,999.0,0,0.0,1.0,0.0,1,5,0.0,9,5,1,1
2494,42.0,3,999,0,1.1,93.994,-36.4,4.856,5191.0,999.0,0,0.0,0.0,1.0,1,7,0.0,6,5,1,1
2495,31.0,1,999,0,-0.1,93.2,-42.0,4.021,5195.8,999.0,0,1.0,1.0,0.0,1,8,0.0,9,11,1,1
2496,46.0,1,999,0,1.1,93.994,-36.4,4.857,5191.0,999.0,0,1.0,0.0,1.0,2,7,0.0,6,5,1,1
2497,46.0,2,999,0,-1.8,93.075,-47.1,1.41,5099.1,999.0,0,1.0,0.0,0.0,3,8,0.0,1,4,1,1
2498,31.0,2,999,0,1.1,93.994,-36.4,4.857,5191.0,999.0,0,1.0,0.0,1.0,1,8,0.0,6,5,1,1
2499,31.0,1,999,0,-0.1,93.2,-42.0,4.12,5195.8,999.0,0,1.0,0.0,0.0,1,5,0.0,6,11,1,1
2500,33.0,2,999,0,-1.8,92.893,-46.2,1.244,5099.1,999.0,0,1.0,0.0,0.0,2,6,0.0,5,5,2,1
2501,31.0,4,999,0,1.4,94.465,-41.8,4.961,5228.1,999.0,0,1.0,0.0,1.0,2,8,0.0,4,6,1,1
2502,48.0,2,999,0,-1.8,92.893,-46.2,1.344,5099.1,999.0,0,1.0,0.0,0.0,2,8,0.0,4,5,1,1
2503,31.0,2,999,0,1.1,93.994,-36.4,4.857,5191.0,999.0,0,0.0,0.0,1.0,2,7,0.0,6,5,1,1
2504,31.0,2,999,0,1.1,93.994,-36.4,4.855,5191.0,999.0,0,0.0,0.0,1.0,3,2,0.0,4,5,1,1
2505,43.0,2,999,0,1.1,93.994,-36.4,4.856,5191.0,999.0,0,1.0,0.0,1.0,2,6,0.0,9,5,1,1
2506,31.0,2,999,0,1.4,93.444,-36.1,4.964,5228.1,999.0,0,1.0,0.0,0.0,2,2,0.0,8,8,1,1
2507,35.0,1,999,0,-1.8,93.075,-47.1,1.415,5099.1,999.0,0,1.0,0.0,0.0,2,6,0.0,5,4,1,1
2508,52.0,1,999,0,-0.1,93.2,-42.0,4.153,5195.8,999.0,0,1.0,0.0,0.0,1,4,0.0,4,11,1,1
2509,62.0,1,999,0,-3.4,92.649,-30.1,0.714,5017.5,999.0,0,1.0,0.0,0.0,2,8,0.0,2,11,1,1
2510,31.0,5,999,0,1.4,93.444,-36.1,4.963,5228.1,999.0,0,0.0,0.0,0.0,2,8,0.0,3,8,1,1
2511,42.0,10,999,0,1.4,93.918,-42.7,4.963,5228.1,999.0,0,0.0,0.0,0.0,2,2,0.0,4,7,1,1
2512,64.0,1,999,1,-2.9,92.201,-31.4,0.849,5076.2,999.0,3,1.0,1.0,0.0,2,8,0.0,8,8,1,2
2513,29.0,1,5,2,-1.8,93.075,-47.1,1.498,5099.1,0.166666666667,0,1.0,0.0,0.0,1,7,0.0,6,4,1,3
2514,31.0,1,999,0,-1.8,92.893,-46.2,1.313,5099.1,999.0,0,1.0,0.0,0.0,1,2,0.0,4,5,1,1
2515,52.0,6,999,0,1.4,93.918,-42.7,4.968,5228.1,999.0,0,1.0,0.0,0.0,2,2,0.0,4,7,1,1
2516,32.0,1,999,0,1.1,93.994,-36.4,4.855,5191.0,999.0,0,1.0,0.0,1.0,1,8,0.0,6,5,1,1
2517,42.0,1,999,0,1.1,93.994,-36.4,4.857,5191.0,999.0,0,0.0,0.0,1.0,2,8,0.0,6,5,1,1
2518,46.0,2,999,0,-1.8,93.075,-47.1,1.405,5099.1,999.0,0,0.0,0.0,0.0,2,4,0.0,4,4,1,1
2519,54.0,1,999,0,1.4,93.444,-36.1,4.964,5228.1,999.0,0,0.0,0.0,0.0,2,8,0.0,4,8,1,1
2520,31.0,1,999,0,-1.8,93.075,-47.1,1.365,5099.1,999.0,0,1.0,0.0,0.0,2,6,0.0,6,4,1,1
2521,47.0,2,999,0,1.4,94.465,-41.8,4.865,5228.1,999.0,0,1.0,1.0,1.0,2,2,0.0,2,6,1,1
2522,36.0,2,999,0,1.4,94.465,-41.8,4.864,5228.1,999.0,0,0.0,0.0,1.0,2,4,0.0,4,6,1,1
2523,51.0,1,999,0,-0.1,93.2,-42.0,4.191,5195.8,999.0,0,0.0,0.0,1.0,2,7,0.0,7,11,2,1
2524,47.0,1,999,0,1.1,93.994,-36.4,4.86,5191.0,999.0,0,1.0,1.0,1.0,2,8,0.0,4,5,1,1
2525,31.0,1,999,1,-3.4,92.649,-30.1,0.72,5017.5,999.0,3,0.0,0.0,0.0,1,5,0.0,6,11,1,2
2526,59.0,7,999,0,1.4,93.918,-42.7,4.962,5228.1,999.0,0,1.0,0.0,0.0,2,3,0.0,4,7,2,1
2527,21.0,7,999,0,1.4,94.465,-41.8,4.959,5228.1,999.0,0,0.0,0.0,1.0,1,8,0.0,11,6,1,1
2528,41.0,6,999,0,1.4,93.918,-42.7,4.962,5228.1,999.0,0,1.0,1.0,0.0,2,5,0.0,4,7,1,1
2529,29.0,1,999,1,-1.8,93.075,-47.1,1.498,5099.1,999.0,1,0.0,0.0,0.0,1,7,0.0,6,4,1,2
2530,54.0,3,999,0,1.4,93.918,-42.7,4.962,5228.1,999.0,0,1.0,0.0,0.0,1,8,0.0,4,7,2,1
2531,31.0,1,999,0,-1.7,94.055,-39.8,0.715,4991.6,999.0,0,0.0,0.0,1.0,1,5,0.0,5,6,1,1
2532,49.0,1,999,0,1.1,93.994,-36.4,4.857,5191.0,999.0,0,1.0,0.0,1.0,1,8,0.0,4,5,1,1
2533,41.0,3,999,0,-0.1,93.2,-42.0,4.076,5195.8,999.0,0,1.0,0.0,1.0,2,8,0.0,4,11,1,1
2534,49.0,2,999,0,1.1,93.994,-36.4,4.86,5191.0,999.0,0,0.0,0.0,1.0,2,6,0.0,5,5,1,1
2535,49.0,1,999,0,-1.8,92.893,-46.2,1.266,5099.1,999.0,0,1.0,0.0,0.0,1,7,0.0,6,5,1,1
2536,49.0,1,999,0,-1.8,92.893,-46.2,1.354,5099.1,999.0,0,1.0,0.0,1.0,2,5,0.0,10,5,2,1
2537,34.0,1,999,0,1.4,93.444,-36.1,4.966,5228.1,999.0,0,1.0,0.0,0.0,2,7,0.0,3,8,1,1
2538,31.0,1,999,0,-1.8,92.893,-46.2,1.327,5099.1,999.0,0,1.0,0.0,0.0,1,3,0.0,4,5,1,1
2539,34.0,1,999,0,-0.1,93.2,-42.0,4.12,5195.8,999.0,0,0.0,1.0,0.0,2,5,0.0,5,11,1,1
2540,26.0,1,3,3,-1.1,94.199,-37.5,0.879,4963.6,0.1,12,1.0,0.0,0.0,1,8,0.0,5,9,1,3
2541,31.0,6,999,1,-1.8,92.893,-46.2,1.344,5099.1,999.0,2,0.0,0.0,0.0,1,7,0.0,6,5,1,2
2542,40.0,3,999,0,1.4,93.444,-36.1,4.963,5228.1,999.0,0,0.0,0.0,0.0,2,7,0.0,1,8,1,1
2543,26.0,2,999,0,1.1,93.994,-36.4,4.859,5191.0,999.0,0,0.0,0.0,1.0,1,5,0.0,6,5,1,1
2544,26.0,1,999,1,-1.8,92.893,-46.2,1.327,5099.1,999.0,1,1.0,0.0,0.0,1,7,0.0,9,5,1,2
2545,37.0,1,999,0,1.1,93.994,-36.4,4.857,5191.0,999.0,0,0.0,0.0,1.0,2,2,0.0,4,5,2,1
2546,31.0,1,999,0,1.1,93.994,-36.4,4.857,5191.0,999.0,0,0.0,0.0,1.0,2,3,0.0,4,5,1,1
2547,41.0,2,999,0,1.1,93.994,-36.4,4.859,5191.0,999.0,0,0.0,0.0,1.0,1,8,0.0,6,5,1,1
2548,44.0,1,14,1,-3.4,92.379,-29.8,0.809,5017.5,0.466666666667,0,1.0,0.0,0.0,2,7,0.0,6,9,1,3
2549,34.0,7,999,0,1.4,93.918,-42.7,4.961,5228.1,999.0,0,0.0,0.0,0.0,2,5,0.0,3,7,1,1
2550,26.0,1,999,0,-1.1,94.601,-49.5,0.959,4963.6,999.0,0,0.0,0.0,0.0,1,3,0.0,4,10,1,1
2551,32.0,1,999,0,1.4,93.918,-42.7,4.957,5228.1,999.0,0,1.0,0.0,0.0,1,7,0.0,6,7,1,1
2552,52.0,2,999,0,1.4,93.918,-42.7,4.966,5228.1,999.0,0,0.0,0.0,1.0,3,8,0.0,8,7,1,1
2553,31.0,1,999,1,-0.1,93.2,-42.0,4.021,5195.8,999.0,2,0.0,0.0,0.0,1,8,0.0,1,11,1,2
2554,54.0,3,999,0,1.4,93.444,-36.1,4.963,5228.1,999.0,0,1.0,0.0,0.0,2,8,0.0,4,8,1,1
2555,54.0,4,999,0,1.4,93.444,-36.1,4.963,5228.1,999.0,0,0.0,0.0,0.0,2,5,0.0,3,8,2,1
2556,42.0,1,999,0,1.1,93.994,-36.4,4.857,5191.0,999.0,0,1.0,1.0,1.0,3,2,0.0,4,5,1,1
2557,46.0,1,999,0,1.4,94.465,-41.8,4.958,5228.1,999.0,0,1.0,0.0,1.0,2,6,0.0,7,6,1,1
2558,37.0,2,999,1,-1.8,92.893,-46.2,1.344,5099.1,999.0,1,1.0,0.0,0.0,3,8,0.0,3,5,1,2
2559,31.0,3,999,0,-1.8,92.893,-46.2,1.281,5099.1,999.0,0,1.0,0.0,0.0,3,4,0.0,4,5,1,1
2560,31.0,5,999,0,-0.1,93.2,-42.0,4.021,5195.8,999.0,0,0.0,1.0,0.0,2,6,0.0,5,11,1,1
2561,59.0,1,999,0,1.4,93.444,-36.1,4.964,5228.1,999.0,0,0.0,0.0,0.0,2,8,0.0,8,8,1,1
2562,31.0,1,999,1,-1.8,92.893,-46.2,1.281,5099.1,999.0,0,1.0,0.0,0.0,2,2,0.0,4,5,1,2
2563,33.0,1,999,0,1.1,93.994,-36.4,4.857,5191.0,999.0,0,0.0,0.0,1.0,2,4,0.0,5,5,1,1
2564,31.0,1,999,0,1.4,94.465,-41.8,4.961,5228.1,999.0,0,0.0,1.0,1.0,1,6,0.0,5,6,1,1
2565,30.0,2,999,0,-0.1,93.2,-42.0,4.076,5195.8,999.0,0,1.0,0.0,0.0,2,7,0.0,6,11,1,1
2566,31.0,3,999,0,1.4,93.918,-42.7,4.963,5228.1,999.0,0,0.0,0.0,0.0,2,3,0.0,6,7,1,1
2567,45.0,11,999,0,1.4,93.918,-42.7,4.96,5228.1,999.0,0,1.0,0.0,0.0,2,7,0.0,6,7,2,1
2568,35.0,2,999,0,1.1,93.994,-36.4,4.857,5191.0,999.0,0,0.0,0.0,1.0,2,6,0.0,5,5,2,1
2569,34.0,1,999,0,1.4,93.444,-36.1,4.963,5228.1,999.0,0,1.0,0.0,0.0,2,8,0.0,5,8,1,1
2570,36.0,2,3,1,-1.7,94.055,-39.8,0.739,4991.6,0.1,3,1.0,1.0,0.0,1,5,0.0,4,6,1,3
2571,31.0,9,999,0,1.4,93.918,-42.7,4.962,5228.1,999.0,0,1.0,1.0,0.0,2,2,0.0,2,7,1,1
2572,39.0,6,999,1,-1.8,93.075,-47.1,1.405,5099.1,999.0,5,1.0,1.0,0.0,1,8,0.0,5,4,2,2
2573,31.0,1,999,0,-1.8,93.075,-47.1,1.405,5099.1,999.0,0,1.0,0.0,0.0,2,5,0.0,9,4,1,1
2574,31.0,1,999,0,1.4,93.444,-36.1,4.964,5228.1,999.0,0,1.0,0.0,0.0,2,6,0.0,5,8,1,1
2575,27.0,1,999,0,-3.4,92.649,-30.1,0.714,5017.5,999.0,0,1.0,0.0,0.0,1,7,0.0,6,11,1,1
2576,31.0,2,999,0,1.4,93.918,-42.7,4.962,5228.1,999.0,0,0.0,0.0,0.0,2,8,0.0,4,7,1,1
2577,42.0,1,999,0,1.4,94.465,-41.8,4.959,5228.1,999.0,0,0.0,0.0,1.0,2,3,0.0,4,6,1,1
2578,31.0,2,999,0,1.4,94.465,-41.8,4.961,5228.1,999.0,0,1.0,0.0,1.0,1,7,0.0,6,6,1,1
2579,57.0,1,999,1,-1.8,92.893,-46.2,1.259,5099.1,999.0,0,0.0,0.0,0.0,2,8,0.0,6,5,1,2
2580,32.0,1,999,0,1.4,93.918,-42.7,4.968,5228.1,999.0,0,1.0,1.0,0.0,1,8,0.0,5,7,1,1
2581,52.0,2,999,0,-0.1,93.2,-42.0,4.191,5195.8,999.0,0,0.0,0.0,0.0,3,8,0.0,3,11,2,1
2582,44.0,4,999,0,-0.1,93.2,-42.0,4.12,5195.8,999.0,0,1.0,1.0,0.0,1,8,0.0,9,11,1,1
2583,36.0,1,999,0,-0.1,93.2,-42.0,4.153,5195.8,999.0,0,0.0,0.0,0.0,3,5,0.0,9,11,1,1
2584,34.0,2,999,1,-1.8,92.893,-46.2,1.313,5099.1,999.0,4,1.0,0.0,0.0,2,7,0.0,6,5,1,2
2585,40.0,1,999,1,-1.8,92.893,-46.2,1.313,5099.1,999.0,2,0.0,0.0,0.0,2,3,0.0,4,5,1,2
2586,34.0,1,999,0,1.4,93.918,-42.7,4.966,5228.1,999.0,0,0.0,0.0,1.0,3,7,0.0,6,7,1,1
2587,39.0,1,999,0,1.1,93.994,-36.4,4.864,5191.0,999.0,0,0.0,0.0,1.0,1,7,0.0,6,5,1,1
2588,57.0,4,999,0,1.4,94.465,-41.8,4.959,5228.1,999.0,0,0.0,0.0,1.0,1,8,0.0,8,6,1,1
2589,29.0,3,999,0,1.4,94.465,-41.8,4.967,5228.1,999.0,0,1.0,0.0,1.0,1,5,0.0,9,6,1,1
2590,31.0,1,999,0,1.4,93.444,-36.1,4.968,5228.1,999.0,0,1.0,0.0,0.0,3,8,0.0,6,8,1,1
2591,31.0,1,999,0,1.1,93.994,-36.4,4.859,5191.0,999.0,0,1.0,0.0,1.0,3,8,0.0,5,5,1,1
2592,35.0,1,999,0,1.1,93.994,-36.4,4.857,5191.0,999.0,0,0.0,0.0,1.0,1,8,0.0,9,5,1,1
2593,31.0,8,999,0,1.1,93.994,-36.4,4.857,5191.0,999.0,0,1.0,0.0,1.0,2,7,0.0,3,5,1,1
2594,25.0,1,999,0,1.4,93.918,-42.7,4.963,5228.1,999.0,0,1.0,0.0,0.0,1,4,0.0,9,7,1,1
2595,31.0,15,999,0,1.4,93.444,-36.1,4.965,5228.1,999.0,0,0.0,0.0,0.0,2,5,0.0,6,8,1,1
2596,33.0,1,999,0,-1.8,92.893,-46.2,1.299,5099.1,999.0,0,0.0,1.0,0.0,2,7,0.0,6,5,2,1
2597,36.0,1,999,1,-2.9,92.469,-33.6,1.029,5076.2,999.0,3,1.0,0.0,0.0,1,8,0.0,5,7,1,2
2598,44.0,5,999,0,1.4,93.444,-36.1,4.965,5228.1,999.0,0,0.0,0.0,0.0,2,7,0.0,6,8,2,1
2599,25.0,2,999,0,-1.8,92.893,-46.2,1.25,5099.1,999.0,0,1.0,0.0,0.0,1,4,0.0,4,5,1,1
2600,31.0,3,999,0,1.4,93.918,-42.7,4.962,5228.1,999.0,0,0.0,0.0,0.0,2,5,0.0,5,7,2,1
2601,31.0,7,999,0,1.1,93.994,-36.4,4.855,5191.0,999.0,0,1.0,0.0,1.0,3,8,0.0,4,5,1,1
2602,31.0,5,999,0,1.4,94.465,-41.8,4.959,5228.1,999.0,0,0.0,0.0,1.0,2,7,0.0,3,6,1,1
2603,52.0,4,999,0,1.4,94.465,-41.8,4.961,5228.1,999.0,0,0.0,0.0,1.0,3,2,0.0,7,6,1,1
2604,31.0,2,999,1,-1.8,93.075,-47.1,1.41,5099.1,999.0,2,1.0,1.0,0.0,1,6,0.0,5,4,1,2
2605,44.0,1,999,0,-1.8,92.893,-46.2,1.281,5099.1,999.0,0,0.0,0.0,0.0,2,5,0.0,6,5,1,1
2606,29.0,6,999,0,1.4,93.444,-36.1,4.963,5228.1,999.0,0,1.0,0.0,0.0,1,6,0.0,5,8,1,1
2607,58.0,2,999,0,1.4,93.918,-42.7,4.961,5228.1,999.0,0,0.0,0.0,0.0,2,2,0.0,8,7,1,1
2608,25.0,1,999,2,-3.4,92.379,-29.8,0.797,5017.5,999.0,10,0.0,0.0,0.0,1,4,0.0,4,9,2,2
2609,42.0,6,999,0,1.4,93.918,-42.7,4.96,5228.1,999.0,0,0.0,0.0,0.0,1,2,0.0,4,7,1,1
2610,51.0,5,999,0,1.4,93.444,-36.1,4.963,5228.1,999.0,0,1.0,0.0,0.0,2,8,0.0,12,8,1,1
2611,33.0,1,999,0,-1.8,93.075,-47.1,1.41,5099.1,999.0,0,0.0,0.0,0.0,2,6,0.0,5,4,1,1
2612,26.0,1,999,0,1.1,93.994,-36.4,4.857,5191.0,999.0,0,1.0,0.0,1.0,1,5,0.0,6,5,2,1
2613,58.0,1,999,0,-0.1,93.2,-42.0,4.021,5195.8,999.0,0,1.0,0.0,0.0,2,5,0.0,6,11,1,1
2614,31.0,3,6,1,-3.4,92.431,-26.9,0.735,5017.5,0.2,2,1.0,0.0,0.0,2,7,0.0,6,10,1,3
2615,62.0,1,999,0,-1.8,93.075,-47.1,1.392,5099.1,999.0,0,0.0,0.0,0.0,2,7,0.0,1,4,2,1
2616,37.0,3,4,2,-2.9,92.201,-31.4,0.884,5076.2,0.133333333333,0,0.0,0.0,0.0,2,6,0.0,5,8,1,3
2617,38.0,1,999,1,-1.8,92.893,-46.2,1.334,5099.1,999.0,1,0.0,0.0,0.0,1,2,0.0,4,5,1,2
2618,27.0,1,999,0,-2.9,92.963,-40.8,1.268,5076.2,999.0,0,1.0,0.0,0.0,1,7,0.0,6,6,1,1
2619,31.0,7,999,0,1.4,94.465,-41.8,4.959,5228.1,999.0,0,0.0,0.0,1.0,2,3,0.0,4,6,1,1
2620,31.0,7,999,0,1.4,94.465,-41.8,4.959,5228.1,999.0,0,0.0,0.0,1.0,2,8,0.0,4,6,1,1
2621,31.0,4,999,0,1.4,93.444,-36.1,4.963,5228.1,999.0,0,1.0,0.0,0.0,2,7,0.0,6,8,1,1
2622,43.0,2,999,0,1.4,93.918,-42.7,4.961,5228.1,999.0,0,1.0,1.0,0.0,2,4,0.0,4,7,1,1
2623,33.0,1,999,0,-1.8,92.893,-46.2,1.281,5099.1,999.0,0,0.0,0.0,0.0,1,8,0.0,4,5,1,1
2624,41.0,2,999,0,-1.7,94.215,-40.3,0.793,4991.6,999.0,0,0.0,0.0,0.0,3,7,0.0,6,7,2,1
2625,68.0,2,999,0,-1.8,92.893,-46.2,1.27,5099.1,999.0,0,1.0,1.0,0.0,2,8,0.0,8,5,1,1
2626,31.0,5,999,0,1.4,93.918,-42.7,4.962,5228.1,999.0,0,1.0,1.0,0.0,3,6,0.0,5,7,2,1
2627,31.0,2,999,0,1.1,93.994,-36.4,4.855,5191.0,999.0,0,0.0,0.0,1.0,2,3,0.0,9,5,1,1
2628,31.0,3,999,0,1.1,93.994,-36.4,4.856,5191.0,999.0,0,0.0,0.0,1.0,2,8,0.0,6,5,1,1
2629,31.0,2,999,0,1.1,93.994,-36.4,4.855,5191.0,999.0,0,1.0,1.0,1.0,3,3,0.0,2,5,1,1
2630,49.0,9,999,0,1.1,93.994,-36.4,4.856,5191.0,999.0,0,1.0,0.0,1.0,2,6,0.0,5,5,1,1
2631,55.0,1,999,0,-0.2,92.756,-45.9,3.282,5176.3,999.0,0,0.0,0.0,1.0,3,6,0.0,10,12,1,1
2632,39.0,2,999,0,1.4,94.465,-41.8,4.962,5228.1,999.0,0,0.0,0.0,1.0,2,4,0.0,3,6,1,1
2633,43.0,1,999,0,-1.8,93.075,-47.1,1.466,5099.1,999.0,0,0.0,0.0,0.0,2,8,0.0,9,4,2,1
2634,82.0,2,999,0,-3.4,92.431,-26.9,0.722,5017.5,999.0,0,1.0,0.0,0.0,1,8,0.0,8,10,1,1
2635,48.0,3,999,2,-1.8,92.893,-46.2,1.264,5099.1,999.0,4,0.0,0.0,0.0,2,8,0.0,9,5,2,2
2636,25.0,1,999,0,-1.8,93.075,-47.1,1.405,5099.1,999.0,0,0.0,0.0,0.0,1,7,0.0,5,4,1,1
2637,29.0,3,999,0,1.4,94.465,-41.8,4.959,5228.1,999.0,0,0.0,0.0,1.0,2,6,0.0,6,6,1,1
2638,55.0,1,999,1,-2.9,92.201,-31.4,0.849,5076.2,999.0,2,0.0,0.0,0.0,2,8,0.0,3,8,1,2
2639,31.0,1,999,0,1.4,94.465,-41.8,4.865,5228.1,999.0,0,0.0,1.0,1.0,2,6,0.0,5,6,2,1
2640,41.0,1,999,0,-0.1,93.2,-42.0,4.021,5195.8,999.0,0,1.0,0.0,0.0,2,8,0.0,1,11,1,1
2641,36.0,2,999,0,1.1,93.994,-36.4,4.857,5191.0,999.0,0,1.0,1.0,1.0,2,8,0.0,6,5,1,1
2642,44.0,1,999,1,-1.8,93.876,-40.0,0.682,5008.7,999.0,2,0.0,0.0,0.0,2,8,0.0,5,5,1,2
2643,32.0,1,999,0,-0.1,93.2,-42.0,4.12,5195.8,999.0,0,1.0,1.0,0.0,2,7,0.0,7,11,1,1
2644,41.0,1,999,0,-0.1,93.2,-42.0,4.191,5195.8,999.0,0,1.0,1.0,0.0,1,8,0.0,5,11,2,1
2645,56.0,2,3,3,-3.4,92.649,-30.1,0.716,5017.5,0.1,9,1.0,0.0,0.0,2,7,0.0,8,11,1,3
2646,48.0,3,999,0,1.4,93.918,-42.7,4.962,5228.1,999.0,0,1.0,1.0,0.0,2,8,0.0,4,7,2,1
2647,36.0,3,999,0,1.4,93.444,-36.1,4.964,5228.1,999.0,0,1.0,0.0,0.0,1,7,0.0,6,8,1,1
2648,39.0,4,999,0,1.4,94.465,-41.8,4.865,5228.1,999.0,0,1.0,0.0,1.0,2,6,0.0,5,6,2,1
2649,42.0,5,999,0,1.4,93.918,-42.7,4.968,5228.1,999.0,0,0.0,1.0,0.0,2,8,0.0,6,7,1,1
2650,54.0,1,999,0,1.4,93.918,-42.7,4.963,5228.1,999.0,0,0.0,0.0,0.0,3,2,0.0,4,7,1,1
2651,31.0,4,999,0,1.4,93.918,-42.7,4.962,5228.1,999.0,0,0.0,0.0,0.0,3,6,0.0,6,7,2,1
2652,39.0,4,999,0,1.4,93.444,-36.1,4.966,5228.1,999.0,0,1.0,0.0,0.0,3,6,0.0,5,8,1,1
2653,41.0,2,999,0,-1.8,92.893,-46.2,1.244,5099.1,999.0,0,0.0,0.0,0.0,2,5,0.0,3,5,2,1
2654,53.0,2,999,0,1.4,93.444,-36.1,4.963,5228.1,999.0,0,1.0,0.0,0.0,2,8,0.0,1,8,1,1
2655,43.0,2,999,0,1.4,93.918,-42.7,4.961,5228.1,999.0,0,0.0,1.0,0.0,2,8,0.0,4,7,1,1
2656,54.0,1,999,0,-0.1,93.2,-42.0,4.153,5195.8,999.0,0,0.0,0.0,0.0,2,8,0.0,3,11,1,1
2657,45.0,1,999,0,1.4,93.444,-36.1,4.963,5228.1,999.0,0,1.0,0.0,0.0,2,7,0.0,6,8,1,1
2658,28.0,2,999,0,1.4,93.918,-42.7,4.968,5228.1,999.0,0,0.0,0.0,0.0,2,5,0.0,9,7,1,1
2659,41.0,2,999,0,-1.8,93.075,-47.1,1.41,5099.1,999.0,0,0.0,1.0,0.0,3,2,0.0,4,4,1,1
2660,31.0,3,999,0,1.4,93.444,-36.1,4.965,5228.1,999.0,0,0.0,0.0,0.0,1,8,0.0,6,8,1,1
2661,75.0,3,999,0,-1.8,92.893,-46.2,1.259,5099.1,999.0,0,1.0,1.0,0.0,3,2,0.0,8,5,1,1
2662,28.0,2,999,0,1.1,93.994,-36.4,4.855,5191.0,999.0,0,1.0,1.0,1.0,2,3,0.0,4,5,1,1
2663,31.0,1,999,0,1.1,93.994,-36.4,4.859,5191.0,999.0,0,1.0,1.0,1.0,2,5,0.0,6,5,1,1
2664,77.0,1,6,4,-1.8,93.876,-40.0,0.682,5008.7,0.2,4,1.0,0.0,0.0,2,8,0.0,8,5,1,3
2665,32.0,2,999,0,-1.1,94.199,-37.5,0.879,4963.6,999.0,0,0.0,0.0,0.0,2,5,0.0,6,9,2,1
2666,31.0,1,999,0,-1.8,92.893,-46.2,1.266,5099.1,999.0,0,1.0,0.0,0.0,1,6,0.0,5,5,1,1
2667,50.0,1,999,0,-1.8,93.075,-47.1,1.4,5099.1,999.0,0,1.0,0.0,0.0,2,7,0.0,6,4,1,1
2668,38.0,3,999,0,1.4,93.918,-42.7,4.968,5228.1,999.0,0,1.0,0.0,0.0,2,8,0.0,6,7,1,1
2669,31.0,2,999,0,-1.8,93.075,-47.1,1.405,5099.1,999.0,0,1.0,0.0,0.0,2,2,0.0,8,4,1,1
2670,31.0,1,999,0,-0.1,93.2,-42.0,4.021,5195.8,999.0,0,1.0,0.0,0.0,1,7,0.0,6,11,1,1
2671,39.0,1,6,1,-1.8,92.893,-46.2,1.327,5099.1,0.2,5,1.0,0.0,0.0,2,8,0.0,3,5,1,3
2672,34.0,1,999,0,-1.8,93.075,-47.1,1.405,5099.1,999.0,0,0.0,0.0,0.0,2,7,0.0,3,4,2,1
2673,31.0,4,999,0,1.4,93.444,-36.1,4.968,5228.1,999.0,0,0.0,0.0,0.0,2,3,0.0,4,8,1,1
2674,45.0,5,999,0,1.4,93.444,-36.1,4.963,5228.1,999.0,0,1.0,1.0,0.0,2,8,0.0,5,8,1,1
2675,34.0,7,999,0,1.4,93.918,-42.7,4.968,5228.1,999.0,0,0.0,0.0,0.0,3,8,0.0,5,7,1,1
2676,31.0,2,999,0,1.1,93.994,-36.4,4.858,5191.0,999.0,0,0.0,0.0,1.0,2,6,0.0,5,5,1,1
2677,30.0,1,999,0,1.1,93.994,-36.4,4.86,5191.0,999.0,0,0.0,0.0,1.0,2,7,0.0,6,5,1,1
2678,31.0,1,999,0,-0.1,93.2,-42.0,4.153,5195.8,999.0,0,1.0,1.0,1.0,2,3,0.0,4,11,1,1
2679,31.0,1,999,0,1.4,93.918,-42.7,4.962,5228.1,999.0,0,1.0,0.0,0.0,2,8,0.0,6,7,1,1
2680,47.0,3,999,0,1.4,93.918,-42.7,4.961,5228.1,999.0,0,0.0,0.0,0.0,2,5,0.0,6,7,1,1
2681,32.0,7,999,0,-1.8,92.893,-46.2,1.25,5099.1,999.0,0,0.0,0.0,0.0,2,2,0.0,4,5,1,1
2682,54.0,2,999,0,1.4,94.465,-41.8,4.958,5228.1,999.0,0,0.0,0.0,1.0,2,6,0.0,4,6,1,1
2683,38.0,1,999,1,-1.8,93.075,-47.1,1.453,5099.1,999.0,3,0.0,0.0,0.0,3,5,0.0,9,4,1,2
2684,34.0,5,999,0,-1.8,93.075,-47.1,1.405,5099.1,999.0,0,0.0,0.0,0.0,3,8,0.0,4,4,1,1
2685,31.0,1,999,0,-1.8,93.075,-47.1,1.405,5099.1,999.0,0,1.0,0.0,0.0,1,6,0.0,5,4,1,1
2686,31.0,2,999,0,-0.1,93.2,-42.0,4.191,5195.8,999.0,0,1.0,0.0,1.0,2,4,0.0,5,11,2,1
2687,58.0,1,999,0,-3.4,92.649,-30.1,0.716,5017.5,999.0,0,0.0,0.0,0.0,2,7,0.0,1,11,1,1
2688,52.0,1,999,0,1.4,93.444,-36.1,4.965,5228.1,999.0,0,1.0,1.0,0.0,3,8,0.0,10,8,1,1
2689,21.0,1,999,0,-3.4,92.649,-30.1,0.716,5017.5,999.0,0,0.0,0.0,1.0,1,6,0.0,11,11,1,1
2690,58.0,1,999,0,1.4,93.918,-42.7,4.962,5228.1,999.0,0,1.0,0.0,0.0,2,8,0.0,4,7,1,1
2691,58.0,1,999,0,-1.8,92.893,-46.2,1.334,5099.1,999.0,0,0.0,1.0,0.0,2,8,0.0,8,5,1,1
2692,29.0,5,999,0,-1.8,92.893,-46.2,1.25,5099.1,999.0,0,1.0,0.0,0.0,1,7,0.0,6,5,1,1
2693,53.0,1,999,0,-0.1,93.2,-42.0,4.191,5195.8,999.0,0,1.0,0.0,0.0,3,7,0.0,7,11,2,1
2694,38.0,4,999,0,1.1,93.994,-36.4,4.86,5191.0,999.0,0,0.0,0.0,1.0,2,5,0.0,2,5,1,1
2695,35.0,1,999,0,-1.7,94.215,-40.3,0.797,4991.6,999.0,0,0.0,0.0,1.0,1,7,0.0,6,7,1,1
2696,38.0,1,999,0,1.1,93.994,-36.4,4.856,5191.0,999.0,0,0.0,0.0,1.0,1,7,0.0,4,5,1,1
2697,47.0,1,999,0,1.4,93.444,-36.1,4.967,5228.1,999.0,0,1.0,0.0,0.0,2,8,0.0,4,8,1,1
2698,27.0,1,999,1,-1.8,92.893,-46.2,1.327,5099.1,999.0,4,1.0,0.0,0.0,1,8,0.0,11,5,1,2
2699,35.0,2,999,0,1.1,93.994,-36.4,4.859,5191.0,999.0,0,0.0,0.0,1.0,2,8,0.0,4,5,1,1
2700,30.0,4,999,0,1.4,93.918,-42.7,4.968,5228.1,999.0,0,0.0,0.0,0.0,1,5,0.0,6,7,1,1
2701,46.0,3,999,0,1.4,93.444,-36.1,4.967,5228.1,999.0,0,1.0,1.0,0.0,2,5,0.0,3,8,1,1
2702,31.0,2,999,0,-2.9,92.201,-31.4,0.879,5076.2,999.0,0,1.0,0.0,1.0,2,6,0.0,5,8,1,1
2703,35.0,2,999,0,1.1,93.994,-36.4,4.855,5191.0,999.0,0,0.0,0.0,1.0,2,5,0.0,6,5,1,1
2704,31.0,1,999,0,1.4,93.444,-36.1,4.967,5228.1,999.0,0,0.0,1.0,0.0,2,7,0.0,3,8,1,1
2705,35.0,3,999,0,1.4,93.444,-36.1,4.963,5228.1,999.0,0,1.0,0.0,0.0,2,6,0.0,5,8,2,1
2706,39.0,1,999,0,-0.1,93.2,-42.0,4.191,5195.8,999.0,0,1.0,0.0,0.0,2,8,0.0,4,11,2,1
2707,24.0,1,999,0,1.4,93.918,-42.7,4.961,5228.1,999.0,0,0.0,0.0,0.0,2,7,0.0,11,7,1,1
2708,39.0,2,999,0,-0.1,93.2,-42.0,4.153,5195.8,999.0,0,1.0,0.0,0.0,2,8,0.0,1,11,1,1
2709,31.0,4,999,0,1.4,93.918,-42.7,4.961,5228.1,999.0,0,1.0,0.0,0.0,1,6,0.0,5,7,1,1
2710,31.0,2,999,0,-2.9,92.963,-40.8,1.26,5076.2,999.0,0,1.0,0.0,0.0,1,6,0.0,5,6,1,1
2711,31.0,2,999,0,1.1,93.994,-36.4,4.859,5191.0,999.0,0,1.0,0.0,1.0,2,8,0.0,5,5,1,1
2712,26.0,4,999,0,1.1,93.994,-36.4,4.859,5191.0,999.0,0,0.0,0.0,1.0,1,5,0.0,9,5,1,1
2713,58.0,1,999,0,1.4,93.444,-36.1,4.964,5228.1,999.0,0,1.0,0.0,1.0,2,8,0.0,6,8,1,1
2714,39.0,6,999,0,-1.8,92.893,-46.2,1.266,5099.1,999.0,0,0.0,0.0,0.0,2,8,0.0,4,5,1,1
2715,50.0,1,999,0,-0.1,93.2,-42.0,4.076,5195.8,999.0,0,1.0,0.0,0.0,2,6,0.0,4,11,1,1
2716,41.0,1,999,0,-1.8,92.893,-46.2,1.25,5099.1,999.0,0,1.0,0.0,0.0,2,5,0.0,4,5,1,1
2717,27.0,1,999,0,1.4,93.918,-42.7,4.961,5228.1,999.0,0,0.0,0.0,0.0,1,3,0.0,4,7,1,1
2718,36.0,3,999,0,-1.8,93.075,-47.1,1.405,5099.1,999.0,0,1.0,0.0,0.0,1,5,0.0,6,4,1,1
2719,77.0,2,3,1,-1.7,94.215,-40.3,0.893,4991.6,0.1,0,1.0,1.0,0.0,2,8,0.0,8,7,1,3
2720,31.0,1,999,0,-2.9,92.963,-40.8,1.266,5076.2,999.0,0,1.0,0.0,0.0,1,7,0.0,6,6,2,1
2721,45.0,1,999,0,-1.1,94.199,-37.5,0.879,4963.6,999.0,0,0.0,0.0,0.0,2,6,0.0,10,9,1,1
2722,76.0,4,999,1,-1.8,93.749,-34.6,0.638,5008.7,999.0,3,0.0,0.0,0.0,2,2,0.0,8,4,1,2
2723,32.0,1,999,0,-1.8,92.893,-46.2,1.313,5099.1,999.0,0,1.0,1.0,0.0,2,4,0.0,4,5,1,1
2724,31.0,22,999,0,1.1,93.994,-36.4,4.858,5191.0,999.0,0,0.0,0.0,1.0,2,2,0.0,3,5,2,1
2725,42.0,6,999,0,-1.8,92.893,-46.2,1.299,5099.1,999.0,0,0.0,0.0,0.0,2,3,0.0,4,5,1,1
2726,53.0,2,999,0,-0.1,93.2,-42.0,4.153,5195.8,999.0,0,0.0,0.0,0.0,3,7,0.0,1,11,1,1
2727,31.0,2,999,0,1.1,93.994,-36.4,4.856,5191.0,999.0,0,1.0,0.0,1.0,1,5,0.0,9,5,1,1
2728,56.0,3,999,0,1.4,93.918,-42.7,4.961,5228.1,999.0,0,0.0,0.0,0.0,3,7,0.0,9,7,1,1
2729,39.0,3,999,0,1.1,93.994,-36.4,4.858,5191.0,999.0,0,0.0,0.0,1.0,3,6,0.0,5,5,1,1
2730,23.0,1,999,0,1.4,93.918,-42.7,4.963,5228.1,999.0,0,0.0,0.0,0.0,2,5,0.0,9,7,1,1
2731,31.0,2,999,0,-1.8,92.893,-46.2,1.291,5099.1,999.0,0,1.0,0.0,0.0,1,8,0.0,9,5,1,1
2732,31.0,2,999,0,-1.8,93.075,-47.1,1.483,5099.1,999.0,0,0.0,0.0,0.0,2,8,0.0,4,4,1,1
2733,47.0,2,999,0,1.4,94.465,-41.8,4.959,5228.1,999.0,0,1.0,0.0,1.0,3,8,0.0,3,6,1,1
2734,31.0,3,999,0,1.4,93.918,-42.7,4.962,5228.1,999.0,0,1.0,0.0,0.0,2,4,0.0,4,7,1,1
2735,27.0,5,999,0,1.4,93.918,-42.7,4.962,5228.1,999.0,0,0.0,0.0,0.0,2,8,0.0,6,7,1,1
2736,31.0,1,999,0,-1.8,93.075,-47.1,1.405,5099.1,999.0,0,1.0,1.0,0.0,1,4,0.0,4,4,2,1
2737,58.0,4,999,0,-2.9,92.201,-31.4,0.883,5076.2,999.0,0,0.0,0.0,0.0,2,7,0.0,6,8,1,1
2738,40.0,4,999,0,1.1,93.994,-36.4,4.86,5191.0,999.0,0,0.0,0.0,1.0,2,8,0.0,6,5,1,1
2739,36.0,5,999,0,1.1,93.994,-36.4,4.858,5191.0,999.0,0,1.0,1.0,1.0,2,7,0.0,6,5,1,1
2740,49.0,4,999,0,1.4,93.918,-42.7,4.961,5228.1,999.0,0,0.0,0.0,0.0,1,7,0.0,6,7,1,1
2741,49.0,4,999,0,1.4,93.444,-36.1,4.963,5228.1,999.0,0,1.0,1.0,0.0,2,8,0.0,4,8,1,1
2742,30.0,1,999,1,-0.1,93.2,-42.0,4.12,5195.8,999.0,4,0.0,0.0,0.0,2,6,0.0,4,11,1,2
2743,45.0,1,999,0,-1.8,92.893,-46.2,1.25,5099.1,999.0,0,1.0,1.0,0.0,2,7,0.0,6,5,1,1
2744,31.0,2,15,1,-2.9,92.201,-31.4,0.879,5076.2,0.5,3,1.0,0.0,0.0,2,8,0.0,6,8,1,3
2745,31.0,1,999,0,1.1,93.994,-36.4,4.857,5191.0,999.0,0,0.0,0.0,1.0,2,8,0.0,6,5,1,1
2746,82.0,1,999,0,-1.8,93.075,-47.1,1.445,5099.1,999.0,0,0.0,0.0,0.0,2,8,0.0,8,4,1,1
2747,45.0,1,999,0,1.1,93.994,-36.4,4.855,5191.0,999.0,0,0.0,0.0,1.0,2,5,0.0,9,5,1,1
2748,37.0,6,999,0,1.4,94.465,-41.8,4.961,5228.1,999.0,0,0.0,0.0,1.0,2,8,0.0,6,6,1,1
2749,47.0,1,999,0,1.4,94.465,-41.8,4.961,5228.1,999.0,0,0.0,0.0,1.0,3,5,0.0,9,6,1,1
2750,39.0,3,999,0,-0.1,93.2,-42.0,4.12,5195.8,999.0,0,0.0,0.0,0.0,3,5,0.0,2,11,1,1
2751,34.0,4,999,0,1.4,93.444,-36.1,4.962,5228.1,999.0,0,1.0,0.0,0.0,2,7,0.0,5,8,1,1
2752,31.0,1,999,0,-3.4,92.431,-26.9,0.744,5017.5,999.0,0,0.0,0.0,0.0,3,6,0.0,8,10,1,1
2753,41.0,3,999,0,1.4,94.465,-41.8,4.959,5228.1,999.0,0,1.0,1.0,1.0,2,4,0.0,4,6,1,1
2754,28.0,1,999,0,1.4,93.918,-42.7,4.962,5228.1,999.0,0,0.0,0.0,0.0,2,7,0.0,7,7,1,1
2755,23.0,4,999,0,-2.9,92.469,-33.6,1.007,5076.2,999.0,0,1.0,0.0,1.0,1,8,0.0,5,7,1,1
2756,31.0,2,999,0,-1.1,94.601,-49.5,0.972,4963.6,999.0,0,1.0,0.0,0.0,1,6,0.0,5,10,1,1
2757,32.0,1,2,2,-1.7,94.055,-39.8,0.754,4991.6,0.0666666666667,4,0.0,0.0,0.0,1,8,0.0,4,6,2,3
2758,36.0,4,999,0,1.1,93.994,-36.4,4.855,5191.0,999.0,0,0.0,0.0,1.0,2,3,0.0,4,5,1,1
2759,39.0,1,999,0,-1.8,92.893,-46.2,1.244,5099.1,999.0,0,1.0,0.0,0.0,1,7,0.0,5,5,2,1
2760,53.0,1,999,0,1.4,93.444,-36.1,4.968,5228.1,999.0,0,1.0,0.0,0.0,2,2,0.0,4,8,1,1
2761,29.0,1,999,0,1.4,94.465,-41.8,4.864,5228.1,999.0,0,0.0,0.0,1.0,1,5,0.0,6,6,1,1
2762,31.0,1,999,0,1.4,93.918,-42.7,4.961,5228.1,999.0,0,0.0,0.0,0.0,1,5,0.0,6,7,1,1
2763,51.0,3,999,0,1.4,94.465,-41.8,4.959,5228.1,999.0,0,1.0,0.0,1.0,3,8,0.0,9,6,1,1
2764,31.0,1,999,0,1.4,93.444,-36.1,4.964,5228.1,999.0,0,0.0,0.0,0.0,1,8,0.0,5,8,1,1
2765,31.0,21,999,0,1.4,93.918,-42.7,4.968,5228.1,999.0,0,0.0,1.0,0.0,2,2,0.0,2,7,1,1
2766,41.0,1,999,0,1.4,94.465,-41.8,4.958,5228.1,999.0,0,0.0,0.0,1.0,3,8,0.0,9,6,1,1
2767,36.0,1,999,0,1.1,93.994,-36.4,4.857,5191.0,999.0,0,1.0,0.0,1.0,2,5,0.0,5,5,2,1
2768,37.0,1,999,0,-3.4,92.431,-26.9,0.741,5017.5,999.0,0,0.0,0.0,0.0,1,4,0.0,3,10,1,1
2769,47.0,2,999,0,1.1,93.994,-36.4,4.856,5191.0,999.0,0,1.0,1.0,1.0,2,8,0.0,8,5,1,1
2770,31.0,1,999,0,1.1,93.994,-36.4,4.856,5191.0,999.0,0,0.0,0.0,1.0,1,5,0.0,3,5,1,1
2771,33.0,1,999,0,1.1,93.994,-36.4,4.857,5191.0,999.0,0,0.0,0.0,1.0,2,3,0.0,4,5,1,1
2772,30.0,1,999,1,-0.1,93.2,-42.0,4.076,5195.8,999.0,1,0.0,0.0,0.0,1,7,0.0,6,11,1,2
2773,42.0,1,999,0,1.4,93.444,-36.1,4.964,5228.1,999.0,0,1.0,0.0,0.0,2,8,0.0,6,8,1,1
2774,56.0,1,999,0,1.1,93.994,-36.4,4.856,5191.0,999.0,0,0.0,0.0,1.0,2,7,0.0,7,5,1,1
2775,45.0,6,999,0,1.1,93.994,-36.4,4.857,5191.0,999.0,0,0.0,0.0,1.0,2,8,0.0,12,5,2,1
2776,31.0,1,999,0,-3.4,92.431,-26.9,0.737,5017.5,999.0,0,1.0,0.0,0.0,2,7,0.0,6,10,1,1
2777,31.0,1,999,0,-1.8,92.893,-46.2,1.327,5099.1,999.0,0,1.0,0.0,0.0,2,6,0.0,5,5,1,1
2778,31.0,1,999,0,-1.8,93.075,-47.1,1.405,5099.1,999.0,0,1.0,0.0,0.0,1,8,0.0,6,4,1,1
2779,28.0,2,999,1,-1.8,92.893,-46.2,1.344,5099.1,999.0,0,0.0,0.0,0.0,1,8,0.0,9,5,1,2
2780,52.0,1,999,0,1.4,93.918,-42.7,4.962,5228.1,999.0,0,0.0,0.0,0.0,2,6,0.0,3,7,1,1
2781,28.0,3,999,1,-1.8,92.893,-46.2,1.313,5099.1,999.0,3,0.0,0.0,0.0,1,8,0.0,4,5,1,2
2782,42.0,2,999,0,-2.9,92.963,-40.8,1.26,5076.2,999.0,0,1.0,1.0,1.0,1,7,0.0,6,6,1,1
2783,30.0,2,999,0,-1.8,92.893,-46.2,1.313,5099.1,999.0,0,1.0,0.0,0.0,2,4,0.0,4,5,1,1
2784,42.0,1,999,0,1.4,93.918,-42.7,4.957,5228.1,999.0,0,1.0,1.0,0.0,1,8,0.0,6,7,1,1
2785,50.0,3,999,0,1.1,93.994,-36.4,4.858,5191.0,999.0,0,0.0,0.0,1.0,2,2,0.0,4,5,1,1
2786,23.0,2,999,1,-1.7,94.215,-40.3,0.896,4991.6,999.0,2,0.0,1.0,0.0,1,8,0.0,6,7,1,2
2787,45.0,1,999,0,-1.7,94.027,-38.3,0.904,4991.6,999.0,0,0.0,0.0,0.0,2,7,0.0,6,8,1,1
2788,59.0,4,999,0,-2.9,92.201,-31.4,0.879,5076.2,999.0,0,0.0,0.0,0.0,2,7,0.0,5,8,1,1
2789,33.0,1,999,0,1.1,93.994,-36.4,4.86,5191.0,999.0,0,1.0,0.0,1.0,3,8,0.0,9,5,1,1
2790,27.0,2,999,0,1.4,93.918,-42.7,4.962,5228.1,999.0,0,1.0,0.0,0.0,1,8,0.0,6,7,1,1
2791,31.0,4,999,0,1.4,93.444,-36.1,4.964,5228.1,999.0,0,1.0,0.0,0.0,1,6,0.0,5,8,1,1
2792,26.0,1,999,0,-1.1,94.199,-37.5,0.878,4963.6,999.0,0,1.0,0.0,0.0,1,7,0.0,1,9,1,1
2793,31.0,4,999,0,1.1,93.994,-36.4,4.858,5191.0,999.0,0,1.0,1.0,1.0,2,5,0.0,9,5,2,1
2794,58.0,2,999,0,-0.1,93.2,-42.0,4.153,5195.8,999.0,0,1.0,0.0,0.0,2,8,0.0,3,11,1,1
2795,31.0,5,999,0,-1.8,93.075,-47.1,1.405,5099.1,999.0,0,1.0,0.0,0.0,2,2,0.0,4,4,2,1
2796,35.0,10,999,0,1.4,93.918,-42.7,4.961,5228.1,999.0,0,1.0,0.0,0.0,2,3,0.0,6,7,1,1
2797,28.0,1,999,0,-1.8,92.893,-46.2,1.334,5099.1,999.0,0,0.0,1.0,0.0,1,7,0.0,6,5,1,1
2798,57.0,2,999,0,1.4,93.918,-42.7,4.963,5228.1,999.0,0,0.0,0.0,0.0,2,2,0.0,5,7,1,1
2799,31.0,1,999,0,1.4,93.918,-42.7,4.968,5228.1,999.0,0,1.0,0.0,0.0,3,7,0.0,5,7,1,1
2800,29.0,4,3,1,-1.8,92.893,-46.2,1.354,5099.1,0.1,4,1.0,0.0,0.0,2,7,0.0,6,5,2,3
2801,48.0,1,999,0,1.1,93.994,-36.4,4.856,5191.0,999.0,0,1.0,0.0,1.0,2,4,0.0,4,5,1,1
2802,46.0,1,999,0,1.1,93.994,-36.4,4.856,5191.0,999.0,0,0.0,1.0,1.0,2,4,0.0,4,5,1,1
2803,68.0,1,3,1,-3.4,92.379,-29.8,0.741,5017.5,0.1,0,1.0,0.0,0.0,1,7,0.0,8,9,1,3
2804,31.0,2,999,1,-1.8,93.369,-34.8,0.654,5008.7,999.0,2,0.0,1.0,1.0,2,6,0.0,6,3,1,2
2805,36.0,6,999,0,1.4,93.918,-42.7,4.968,5228.1,999.0,0,0.0,0.0,0.0,1,8,0.0,6,7,1,1
2806,31.0,1,999,0,1.4,94.465,-41.8,4.961,5228.1,999.0,0,0.0,0.0,1.0,2,8,0.0,4,6,1,1
2807,48.0,3,999,0,1.4,94.465,-41.8,4.959,5228.1,999.0,0,1.0,0.0,1.0,2,5,0.0,10,6,1,1
2808,30.0,3,999,0,1.4,93.918,-42.7,4.962,5228.1,999.0,0,1.0,0.0,0.0,2,4,0.0,4,7,1,1
2809,39.0,1,999,0,-0.1,93.2,-42.0,4.076,5195.8,999.0,0,0.0,0.0,0.0,2,7,0.0,6,11,1,1
2810,31.0,1,999,0,1.1,93.994,-36.4,4.858,5191.0,999.0,0,1.0,0.0,1.0,3,8,0.0,8,5,1,1
2811,46.0,1,999,0,-3.4,92.379,-29.8,0.781,5017.5,999.0,0,1.0,0.0,0.0,2,5,0.0,6,9,1,1
2812,58.0,1,999,0,-0.1,93.2,-42.0,4.021,5195.8,999.0,0,0.0,0.0,0.0,2,7,0.0,6,11,1,1
2813,31.0,1,999,2,-2.9,92.201,-31.4,0.881,5076.2,999.0,6,1.0,0.0,0.0,1,8,0.0,6,8,1,2
2814,35.0,3,999,0,1.1,93.994,-36.4,4.857,5191.0,999.0,0,0.0,0.0,1.0,2,4,0.0,4,5,1,1
2815,31.0,2,6,2,-1.1,94.199,-37.5,0.876,4963.6,0.2,4,1.0,1.0,0.0,1,8,0.0,11,9,1,3
2816,39.0,23,999,0,1.1,93.994,-36.4,4.86,5191.0,999.0,0,0.0,0.0,1.0,2,4,0.0,4,5,1,1
2817,53.0,1,999,1,-1.8,92.893,-46.2,1.334,5099.1,999.0,7,1.0,0.0,0.0,2,7,0.0,6,5,1,2
2818,44.0,3,999,0,1.4,94.465,-41.8,4.865,5228.1,999.0,0,0.0,0.0,1.0,2,8,0.0,5,6,2,1
2819,39.0,2,999,0,1.4,94.465,-41.8,4.866,5228.1,999.0,0,0.0,0.0,1.0,2,7,0.0,6,6,1,1
2820,60.0,2,6,1,-3.4,92.649,-30.1,0.714,5017.5,0.2,2,0.0,0.0,0.0,2,2,0.0,10,11,1,3
2821,56.0,1,999,0,1.4,93.444,-36.1,4.965,5228.1,999.0,0,1.0,1.0,0.0,2,7,0.0,6,8,1,1
2822,29.0,2,999,1,-1.8,92.893,-46.2,1.299,5099.1,999.0,3,0.0,0.0,0.0,3,8,0.0,9,5,2,2
2823,33.0,1,999,1,-1.8,92.893,-46.2,1.313,5099.1,999.0,2,0.0,0.0,0.0,2,8,0.0,4,5,1,2
2824,27.0,1,999,0,1.4,93.918,-42.7,4.963,5228.1,999.0,0,1.0,0.0,1.0,2,6,0.0,5,7,1,1
2825,31.0,5,6,1,-1.8,93.749,-34.6,0.645,5008.7,0.2,2,1.0,1.0,0.0,1,8,0.0,6,4,1,3
2826,31.0,3,999,0,1.1,93.994,-36.4,4.864,5191.0,999.0,0,1.0,0.0,1.0,3,4,0.0,4,5,1,1
2827,33.0,5,999,0,-1.8,92.893,-46.2,1.299,5099.1,999.0,0,1.0,0.0,1.0,1,5,0.0,9,5,2,1
2828,36.0,2,999,0,1.4,93.444,-36.1,4.964,5228.1,999.0,0,1.0,1.0,0.0,2,8,0.0,1,8,1,1
2829,59.0,1,999,0,1.4,93.918,-42.7,4.961,5228.1,999.0,0,1.0,0.0,0.0,3,8,0.0,8,7,1,1
2830,38.0,2,999,0,1.1,93.994,-36.4,4.856,5191.0,999.0,0,0.0,1.0,1.0,1,4,0.0,4,5,1,1
2831,39.0,2,999,0,1.4,94.465,-41.8,4.959,5228.1,999.0,0,1.0,0.0,1.0,1,6,0.0,5,6,1,1
2832,46.0,3,999,0,1.4,93.918,-42.7,4.962,5228.1,999.0,0,1.0,0.0,0.0,2,8,0.0,4,7,2,1
2833,57.0,1,999,0,1.4,94.465,-41.8,4.962,5228.1,999.0,0,1.0,0.0,1.0,2,8,0.0,8,6,1,1
2834,31.0,1,999,1,-1.8,92.893,-46.2,1.299,5099.1,999.0,1,0.0,0.0,0.0,2,4,0.0,9,5,2,2
2835,54.0,3,999,0,1.4,93.444,-36.1,4.965,5228.1,999.0,0,1.0,0.0,0.0,2,4,0.0,4,8,1,1
2836,31.0,1,999,0,1.1,93.994,-36.4,4.858,5191.0,999.0,0,0.0,0.0,1.0,1,5,0.0,6,5,1,1
2837,56.0,2,999,1,-0.1,93.2,-42.0,4.12,5195.8,999.0,3,0.0,1.0,0.0,2,4,0.0,7,11,1,2
2838,36.0,1,999,0,1.4,93.444,-36.1,4.964,5228.1,999.0,0,0.0,0.0,0.0,2,8,0.0,5,8,1,1
2839,31.0,1,999,0,-0.1,93.2,-42.0,4.12,5195.8,999.0,0,0.0,0.0,0.0,1,5,0.0,2,11,1,1
2840,44.0,1,999,0,1.1,93.994,-36.4,4.857,5191.0,999.0,0,1.0,1.0,1.0,1,8,0.0,4,5,2,1
2841,36.0,2,2,2,-1.8,93.075,-47.1,1.365,5099.1,0.0666666666667,0,1.0,1.0,0.0,2,6,0.0,5,4,1,3
2842,31.0,1,999,1,-1.8,92.893,-46.2,1.266,5099.1,999.0,1,1.0,0.0,0.0,1,8,0.0,4,5,1,2
2843,38.0,1,999,0,1.4,94.465,-41.8,4.864,5228.1,999.0,0,0.0,0.0,1.0,2,8,0.0,4,6,1,1
2844,45.0,1,999,0,1.4,93.444,-36.1,4.968,5228.1,999.0,0,0.0,0.0,0.0,2,2,0.0,2,8,1,1
2845,31.0,1,999,1,-1.8,92.893,-46.2,1.25,5099.1,999.0,0,0.0,1.0,0.0,2,8,0.0,6,5,1,2
2846,55.0,1,999,0,1.1,93.994,-36.4,4.857,5191.0,999.0,0,0.0,0.0,1.0,2,8,0.0,6,5,1,1
2847,43.0,13,999,0,1.4,93.918,-42.7,4.96,5228.1,999.0,0,1.0,0.0,1.0,2,2,0.0,4,7,2,1
2848,31.0,1,999,1,-1.8,92.893,-46.2,1.25,5099.1,999.0,4,0.0,0.0,0.0,1,7,0.0,6,5,1,2
2849,31.0,1,999,0,-1.8,93.075,-47.1,1.423,5099.1,999.0,0,1.0,0.0,0.0,2,5,0.0,6,4,1,1
2850,31.0,6,999,0,1.4,93.444,-36.1,4.965,5228.1,999.0,0,1.0,0.0,0.0,2,7,0.0,5,8,2,1
2851,31.0,2,6,1,-1.8,93.369,-34.8,0.636,5008.7,0.2,1,1.0,0.0,0.0,1,5,0.0,9,3,1,3
2852,58.0,2,999,0,-1.8,92.893,-46.2,1.354,5099.1,999.0,0,1.0,0.0,1.0,2,7,0.0,8,5,2,1
2853,24.0,2,999,0,1.1,93.994,-36.4,4.864,5191.0,999.0,0,0.0,0.0,1.0,2,7,0.0,7,5,1,1
2854,44.0,4,999,0,1.4,94.465,-41.8,4.962,5228.1,999.0,0,1.0,0.0,1.0,2,5,0.0,4,6,1,1
2855,31.0,1,999,0,-1.8,92.893,-46.2,1.344,5099.1,999.0,0,1.0,0.0,0.0,2,2,0.0,4,5,1,1
2856,41.0,1,999,0,1.1,93.994,-36.4,4.857,5191.0,999.0,0,0.0,0.0,1.0,2,8,0.0,3,5,1,1
2857,32.0,10,999,0,1.4,94.465,-41.8,4.96,5228.1,999.0,0,0.0,0.0,1.0,3,8,0.0,6,6,2,1
2858,43.0,3,999,0,1.4,93.918,-42.7,4.96,5228.1,999.0,0,0.0,0.0,0.0,3,5,0.0,6,7,2,1
2859,31.0,1,6,2,-1.8,93.876,-40.0,0.672,5008.7,0.2,6,0.0,0.0,0.0,1,8,0.0,6,5,1,2
2860,32.0,8,999,0,1.1,93.994,-36.4,4.86,5191.0,999.0,0,1.0,0.0,1.0,2,5,0.0,9,5,1,1
2861,35.0,2,999,0,1.4,93.918,-42.7,4.962,5228.1,999.0,0,1.0,0.0,0.0,1,7,0.0,6,7,1,1
2862,31.0,1,999,0,1.1,93.994,-36.4,4.855,5191.0,999.0,0,1.0,0.0,1.0,2,2,0.0,4,5,1,1
2863,37.0,8,999,0,1.4,93.918,-42.7,4.96,5228.1,999.0,0,1.0,0.0,0.0,2,7,0.0,3,7,2,1
2864,41.0,1,999,0,-1.8,92.893,-46.2,1.25,5099.1,999.0,0,1.0,0.0,0.0,2,3,0.0,4,5,1,1
2865,20.0,1,999,1,-1.7,94.055,-39.8,0.702,4991.6,999.0,2,1.0,0.0,1.0,1,6,0.0,5,6,1,2
2866,45.0,1,999,0,1.1,93.994,-36.4,4.864,5191.0,999.0,0,1.0,1.0,1.0,3,4,0.0,4,5,1,1
2867,56.0,1,999,0,-0.1,93.2,-42.0,4.12,5195.8,999.0,0,0.0,0.0,0.0,2,8,0.0,8,11,1,1
2868,35.0,10,999,0,1.4,93.918,-42.7,4.968,5228.1,999.0,0,0.0,0.0,0.0,2,8,0.0,6,7,1,1
2869,29.0,2,999,0,1.4,93.918,-42.7,4.963,5228.1,999.0,0,0.0,0.0,0.0,2,8,0.0,4,7,1,1
2870,50.0,1,999,0,-1.8,93.075,-47.1,1.41,5099.1,999.0,0,0.0,0.0,0.0,1,3,0.0,9,4,1,1
2871,36.0,1,999,1,-1.8,92.893,-46.2,1.344,5099.1,999.0,5,1.0,0.0,0.0,1,3,0.0,4,5,1,2
2872,31.0,2,999,0,1.4,94.465,-41.8,4.864,5228.1,999.0,0,0.0,0.0,1.0,2,4,0.0,1,6,1,1
2873,52.0,1,999,0,-0.1,93.2,-42.0,4.12,5195.8,999.0,0,1.0,0.0,0.0,2,7,0.0,3,11,1,1
2874,35.0,1,999,0,-1.8,93.075,-47.1,1.405,5099.1,999.0,0,1.0,0.0,0.0,1,7,0.0,5,4,2,1
2875,58.0,2,999,0,-2.9,92.963,-40.8,1.215,5076.2,999.0,0,1.0,1.0,1.0,2,6,0.0,8,6,1,1
2876,37.0,1,999,0,1.4,93.918,-42.7,4.962,5228.1,999.0,0,0.0,0.0,0.0,1,6,0.0,4,7,1,1
2877,31.0,1,999,0,1.4,93.444,-36.1,4.963,5228.1,999.0,0,1.0,0.0,0.0,2,7,0.0,6,8,2,1
2878,49.0,1,999,0,-1.8,93.075,-47.1,1.415,5099.1,999.0,0,0.0,0.0,0.0,2,7,0.0,3,4,1,1
2879,31.0,2,999,1,-1.8,92.893,-46.2,1.344,5099.1,999.0,1,1.0,0.0,0.0,2,3,0.0,4,5,1,2
2880,48.0,2,999,0,-0.1,93.2,-42.0,4.191,5195.8,999.0,0,1.0,0.0,0.0,2,8,0.0,7,11,2,1
2881,37.0,2,999,0,1.4,94.465,-41.8,4.959,5228.1,999.0,0,0.0,0.0,1.0,1,8,0.0,5,6,1,1
2882,65.0,1,999,0,-1.8,92.893,-46.2,1.266,5099.1,999.0,0,0.0,0.0,0.0,2,8,0.0,8,5,1,1
2883,47.0,1,999,0,-0.1,93.2,-42.0,4.153,5195.8,999.0,0,1.0,0.0,0.0,2,5,0.0,9,11,1,1
2884,43.0,4,999,0,1.4,93.444,-36.1,4.964,5228.1,999.0,0,1.0,0.0,0.0,2,7,0.0,6,8,1,1
2885,38.0,1,999,0,1.1,93.994,-36.4,4.857,5191.0,999.0,0,0.0,0.0,1.0,1,8,0.0,6,5,1,1
2886,33.0,1,999,0,-2.9,92.469,-33.6,1.044,5076.2,999.0,0,0.0,0.0,1.0,2,5,0.0,6,7,1,1
2887,25.0,3,999,1,-1.8,92.893,-46.2,1.25,5099.1,999.0,1,1.0,0.0,0.0,1,4,0.0,4,5,1,2
2888,56.0,2,999,0,1.4,93.918,-42.7,4.961,5228.1,999.0,0,1.0,0.0,0.0,2,2,0.0,3,7,1,1
2889,34.0,1,999,0,-0.1,93.2,-42.0,4.076,5195.8,999.0,0,1.0,0.0,0.0,2,2,0.0,9,11,1,1
2890,26.0,1,999,0,-1.8,93.075,-47.1,1.423,5099.1,999.0,0,1.0,0.0,0.0,1,7,0.0,10,4,1,1
2891,41.0,1,999,0,1.4,93.444,-36.1,4.965,5228.1,999.0,0,0.0,0.0,0.0,2,6,0.0,5,8,1,1
2892,29.0,3,999,0,1.4,93.444,-36.1,4.965,5228.1,999.0,0,1.0,0.0,0.0,4,5,0.0,5,8,1,1
2893,58.0,1,999,0,-0.1,93.2,-42.0,4.076,5195.8,999.0,0,1.0,0.0,0.0,2,8,0.0,3,11,1,1
2894,31.0,1,999,0,1.4,93.918,-42.7,4.962,5228.1,999.0,0,0.0,0.0,0.0,1,3,0.0,4,7,1,1
2895,36.0,1,999,0,1.1,93.994,-36.4,4.856,5191.0,999.0,0,1.0,1.0,1.0,3,5,0.0,6,5,1,1
2896,50.0,2,999,0,1.4,93.444,-36.1,4.963,5228.1,999.0,0,1.0,1.0,0.0,2,7,0.0,5,8,2,1
2897,51.0,3,999,0,-1.8,92.893,-46.2,1.281,5099.1,999.0,0,1.0,0.0,0.0,3,4,0.0,4,5,1,1
2898,31.0,3,999,0,1.4,94.465,-41.8,4.961,5228.1,999.0,0,1.0,0.0,1.0,2,8,0.0,2,6,1,1
2899,35.0,1,12,1,-1.8,92.893,-46.2,1.266,5099.1,0.4,1,1.0,0.0,0.0,2,3,0.0,4,5,1,3
2900,49.0,7,999,0,-0.1,93.2,-42.0,4.076,5195.8,999.0,0,1.0,0.0,1.0,2,7,0.0,5,11,1,1
2901,50.0,1,999,1,-0.1,93.2,-42.0,4.191,5195.8,999.0,0,0.0,0.0,0.0,2,8,0.0,7,11,2,2
2902,28.0,2,999,0,-1.8,92.893,-46.2,1.266,5099.1,999.0,0,1.0,1.0,0.0,1,5,0.0,11,5,1,1
2903,40.0,1,999,0,1.4,93.444,-36.1,4.968,5228.1,999.0,0,0.0,0.0,0.0,2,8,0.0,5,8,1,1
2904,47.0,6,999,0,1.4,94.465,-41.8,4.959,5228.1,999.0,0,1.0,0.0,1.0,3,2,0.0,9,6,1,1
2905,52.0,1,999,0,1.4,94.465,-41.8,4.866,5228.1,999.0,0,0.0,0.0,1.0,3,8,0.0,3,6,1,1
2906,31.0,3,999,1,-1.8,92.893,-46.2,1.281,5099.1,999.0,1,1.0,0.0,1.0,1,7,0.0,5,5,1,2
2907,24.0,1,999,0,1.4,93.918,-42.7,4.963,5228.1,999.0,0,0.0,0.0,0.0,1,2,0.0,11,7,1,1
2908,37.0,4,999,0,1.4,93.918,-42.7,4.96,5228.1,999.0,0,0.0,0.0,0.0,2,8,0.0,4,7,2,1
2909,22.0,6,999,0,-2.9,92.963,-40.8,1.268,5076.2,999.0,0,1.0,1.0,0.0,1,7,0.0,1,6,1,1
2910,31.0,2,999,0,1.4,94.465,-41.8,4.865,5228.1,999.0,0,0.0,1.0,1.0,1,4,0.0,9,6,2,1
2911,30.0,3,999,0,1.4,94.465,-41.8,4.958,5228.1,999.0,0,1.0,0.0,1.0,2,7,0.0,7,6,1,1
2912,31.0,3,999,1,-1.8,93.749,-34.6,0.642,5008.7,999.0,3,1.0,0.0,1.0,2,2,0.0,2,4,1,2
2913,39.0,2,999,0,1.1,93.994,-36.4,4.857,5191.0,999.0,0,0.0,0.0,1.0,1,7,0.0,6,5,2,1
2914,34.0,3,999,0,1.4,93.918,-42.7,4.962,5228.1,999.0,0,1.0,0.0,0.0,2,8,0.0,4,7,2,1
2915,44.0,1,999,0,1.4,93.918,-42.7,4.962,5228.1,999.0,0,0.0,0.0,0.0,2,8,0.0,5,7,1,1
2916,31.0,1,999,0,-1.8,92.893,-46.2,1.299,5099.1,999.0,0,1.0,0.0,0.0,2,8,0.0,5,5,1,1
2917,30.0,4,999,2,-1.7,94.215,-40.3,0.84,4991.6,999.0,2,1.0,0.0,0.0,1,6,0.0,11,7,1,2
2918,27.0,5,999,0,1.1,93.994,-36.4,4.864,5191.0,999.0,0,0.0,1.0,1.0,2,4,0.0,4,5,1,1
2919,52.0,1,999,0,-1.8,92.893,-46.2,1.299,5099.1,999.0,0,1.0,0.0,1.0,2,5,0.0,9,5,2,1
2920,31.0,1,999,0,-1.8,93.075,-47.1,1.41,5099.1,999.0,0,1.0,0.0,0.0,2,8,0.0,6,4,1,1
2921,51.0,1,999,0,-0.1,93.2,-42.0,4.191,5195.8,999.0,0,1.0,1.0,0.0,3,8,0.0,8,11,2,1
2922,29.0,1,999,0,-3.4,92.431,-26.9,0.743,5017.5,999.0,0,0.0,0.0,0.0,3,5,0.0,10,10,2,1
2923,44.0,1,999,1,-1.8,92.893,-46.2,1.334,5099.1,999.0,2,0.0,0.0,0.0,2,3,0.0,4,5,1,2
2924,43.0,4,999,0,1.4,93.918,-42.7,4.962,5228.1,999.0,0,0.0,0.0,1.0,1,4,0.0,4,7,1,1
2925,53.0,1,999,1,-0.1,93.2,-42.0,4.191,5195.8,999.0,1,1.0,0.0,0.0,3,8,0.0,7,11,2,2
2926,31.0,1,999,0,-2.9,92.963,-40.8,1.262,5076.2,999.0,0,0.0,0.0,0.0,1,8,0.0,6,6,1,1
2927,31.0,3,999,0,1.4,93.918,-42.7,4.962,5228.1,999.0,0,1.0,1.0,0.0,2,5,0.0,6,7,2,1
2928,56.0,1,999,0,1.1,93.994,-36.4,4.857,5191.0,999.0,0,0.0,0.0,1.0,3,2,0.0,2,5,1,1
2929,54.0,2,999,0,1.1,93.994,-36.4,4.86,5191.0,999.0,0,0.0,0.0,1.0,3,2,0.0,4,5,1,1
2930,41.0,1,999,0,1.1,93.994,-36.4,4.859,5191.0,999.0,0,0.0,0.0,1.0,2,8,0.0,3,5,1,1
2931,58.0,1,999,0,1.1,93.994,-36.4,4.856,5191.0,999.0,0,1.0,0.0,1.0,3,8,0.0,4,5,1,1
2932,35.0,1,999,0,1.4,93.918,-42.7,4.962,5228.1,999.0,0,0.0,0.0,0.0,1,5,0.0,9,7,1,1
2933,37.0,2,999,1,-1.8,92.893,-46.2,1.25,5099.1,999.0,3,1.0,0.0,0.0,2,5,0.0,9,5,1,2
2934,42.0,3,999,1,-1.1,94.767,-50.8,1.041,4963.6,999.0,1,1.0,0.0,0.0,2,8,0.0,6,11,1,2
2935,31.0,1,999,0,1.4,94.465,-41.8,4.967,5228.1,999.0,0,1.0,1.0,1.0,2,7,0.0,10,6,1,1
2936,30.0,1,999,0,1.1,93.994,-36.4,4.856,5191.0,999.0,0,0.0,0.0,1.0,1,7,0.0,5,5,1,1
2937,47.0,3,999,0,1.1,93.994,-36.4,4.859,5191.0,999.0,0,0.0,0.0,1.0,2,8,0.0,1,5,1,1
2938,36.0,3,999,0,1.4,93.444,-36.1,4.965,5228.1,999.0,0,0.0,0.0,0.0,2,5,0.0,5,8,1,1
2939,31.0,8,999,0,1.4,93.918,-42.7,4.961,5228.1,999.0,0,0.0,0.0,1.0,2,6,0.0,8,7,1,1
2940,31.0,2,999,0,-2.9,92.963,-40.8,1.268,5076.2,999.0,0,1.0,0.0,0.0,2,8,0.0,5,6,1,1
2941,53.0,1,999,0,1.1,93.994,-36.4,4.856,5191.0,999.0,0,1.0,0.0,1.0,2,8,0.0,5,5,1,1
2942,31.0,1,999,0,1.4,93.444,-36.1,4.967,5228.1,999.0,0,0.0,0.0,0.0,2,7,0.0,6,8,1,1
2943,52.0,2,999,0,1.1,93.994,-36.4,4.855,5191.0,999.0,0,1.0,1.0,1.0,2,6,0.0,3,5,1,1
2944,34.0,2,999,0,-1.8,92.893,-46.2,1.291,5099.1,999.0,0,1.0,0.0,0.0,3,4,0.0,4,5,1,1
2945,33.0,1,999,0,1.4,94.465,-41.8,4.961,5228.1,999.0,0,1.0,0.0,1.0,3,6,0.0,10,6,1,1
2946,41.0,2,999,0,1.1,93.994,-36.4,4.859,5191.0,999.0,0,1.0,0.0,1.0,1,8,0.0,1,5,1,1
2947,47.0,1,999,0,1.1,93.994,-36.4,4.857,5191.0,999.0,0,1.0,0.0,1.0,3,7,0.0,3,5,1,1
2948,30.0,3,999,0,-1.8,92.893,-46.2,1.327,5099.1,999.0,0,0.0,0.0,0.0,3,3,0.0,7,5,1,1
2949,31.0,4,3,1,-1.8,93.369,-34.8,0.635,5008.7,0.1,0,1.0,0.0,0.0,3,6,0.0,5,3,1,3
2950,48.0,1,999,0,1.4,93.444,-36.1,4.964,5228.1,999.0,0,0.0,0.0,0.0,2,7,0.0,6,8,1,1
2951,30.0,2,999,0,1.4,93.918,-42.7,4.96,5228.1,999.0,0,1.0,0.0,1.0,1,5,0.0,5,7,2,1
2952,47.0,1,999,1,-0.1,93.2,-42.0,4.191,5195.8,999.0,1,0.0,0.0,0.0,3,6,0.0,6,11,2,2
2953,31.0,2,999,0,1.4,93.444,-36.1,4.963,5228.1,999.0,0,0.0,0.0,0.0,2,5,0.0,9,8,1,1
2954,36.0,2,999,0,1.1,93.994,-36.4,4.857,5191.0,999.0,0,0.0,0.0,1.0,1,6,0.0,5,5,1,1
2955,26.0,2,999,0,1.4,94.465,-41.8,4.961,5228.1,999.0,0,1.0,0.0,1.0,2,5,0.0,6,6,1,1
2956,31.0,1,999,0,1.1,93.994,-36.4,4.856,5191.0,999.0,0,0.0,0.0,1.0,2,8,0.0,4,5,1,1
2957,31.0,2,999,1,-1.8,93.075,-47.1,1.466,5099.1,999.0,1,0.0,0.0,0.0,2,5,0.0,4,4,2,2
2958,53.0,2,999,0,1.1,93.994,-36.4,4.857,5191.0,999.0,0,0.0,0.0,1.0,2,8,0.0,12,5,1,1
2959,31.0,3,999,0,1.4,93.918,-42.7,4.962,5228.1,999.0,0,0.0,1.0,0.0,2,2,0.0,4,7,1,1
2960,53.0,1,999,1,-2.9,92.201,-31.4,0.883,5076.2,999.0,4,1.0,0.0,0.0,2,6,0.0,5,8,1,2
2961,33.0,1,999,0,1.1,93.994,-36.4,4.855,5191.0,999.0,0,1.0,0.0,1.0,1,8,0.0,6,5,1,1
2962,28.0,1,999,0,1.4,93.918,-42.7,4.962,5228.1,999.0,0,1.0,0.0,0.0,2,8,0.0,9,7,1,1
2963,47.0,1,999,0,1.4,94.465,-41.8,4.959,5228.1,999.0,0,0.0,0.0,1.0,2,8,0.0,3,6,1,1
2964,31.0,3,999,0,1.1,93.994,-36.4,4.864,5191.0,999.0,0,0.0,0.0,1.0,2,7,0.0,5,5,1,1
2965,54.0,2,999,0,-3.4,92.649,-30.1,0.716,5017.5,999.0,0,1.0,0.0,0.0,2,7,0.0,6,11,1,1
2966,37.0,1,999,0,1.4,93.918,-42.7,4.96,5228.1,999.0,0,1.0,0.0,0.0,1,5,0.0,6,7,2,1
2967,47.0,1,999,0,1.4,93.444,-36.1,4.963,5228.1,999.0,0,0.0,0.0,0.0,2,4,0.0,2,8,1,1
2968,35.0,1,999,0,1.1,93.994,-36.4,4.858,5191.0,999.0,0,1.0,0.0,1.0,2,4,0.0,4,5,1,1
2969,31.0,10,999,0,1.4,93.918,-42.7,4.961,5228.1,999.0,0,1.0,0.0,0.0,1,8,0.0,4,7,1,1
2970,35.0,1,999,0,1.1,93.994,-36.4,4.857,5191.0,999.0,0,0.0,0.0,1.0,3,2,0.0,4,5,1,1
2971,41.0,1,999,0,1.1,93.994,-36.4,4.86,5191.0,999.0,0,1.0,0.0,1.0,2,8,0.0,6,5,1,1
2972,27.0,2,999,0,1.4,93.918,-42.7,4.962,5228.1,999.0,0,0.0,0.0,0.0,1,8,0.0,6,7,1,1
2973,31.0,4,999,0,1.4,93.918,-42.7,4.96,5228.1,999.0,0,0.0,1.0,0.0,2,8,0.0,9,7,2,1
2974,49.0,2,999,0,1.4,93.918,-42.7,4.962,5228.1,999.0,0,1.0,0.0,0.0,3,5,0.0,6,7,1,1
2975,35.0,3,999,0,1.1,93.994,-36.4,4.859,5191.0,999.0,0,0.0,0.0,1.0,2,5,0.0,6,5,1,1
2976,49.0,2,999,0,-2.9,92.963,-40.8,1.266,5076.2,999.0,0,0.0,0.0,0.0,2,7,0.0,3,6,1,1
2977,31.0,3,999,0,1.4,93.918,-42.7,4.955,5228.1,999.0,0,0.0,1.0,1.0,2,7,0.0,3,7,1,1
2978,32.0,1,10,1,-1.8,92.893,-46.2,1.334,5099.1,0.333333333333,0,1.0,0.0,0.0,2,4,0.0,4,5,1,3
2979,34.0,1,999,0,1.1,93.994,-36.4,4.859,5191.0,999.0,0,0.0,0.0,1.0,2,5,0.0,9,5,1,1
2980,42.0,2,999,0,1.4,93.918,-42.7,4.96,5228.1,999.0,0,1.0,1.0,0.0,2,7,0.0,6,7,2,1
2981,31.0,3,999,0,1.4,93.918,-42.7,4.956,5228.1,999.0,0,1.0,1.0,1.0,2,7,0.0,1,7,1,1
2982,35.0,4,999,0,1.4,93.918,-42.7,4.962,5228.1,999.0,0,0.0,0.0,0.0,3,7,0.0,3,7,1,1
2983,35.0,1,999,0,1.4,94.465,-41.8,4.958,5228.1,999.0,0,0.0,1.0,1.0,2,4,0.0,9,6,1,1
2984,35.0,3,999,0,-1.8,93.369,-34.8,0.655,5008.7,999.0,0,1.0,0.0,1.0,1,5,0.0,9,3,1,1
2985,30.0,2,999,1,-1.8,92.893,-46.2,1.299,5099.1,999.0,1,0.0,0.0,0.0,1,7,0.0,6,5,2,2
2986,53.0,2,999,0,-3.4,92.431,-26.9,0.737,5017.5,999.0,0,1.0,0.0,1.0,2,8,0.0,7,10,1,1
2987,33.0,1,999,3,-1.1,94.601,-49.5,0.977,4963.6,999.0,6,0.0,0.0,0.0,2,6,0.0,9,10,2,2
2988,31.0,2,999,0,-0.1,93.2,-42.0,4.191,5195.8,999.0,0,0.0,0.0,0.0,3,7,0.0,3,11,2,1
2989,43.0,3,999,1,-0.1,93.2,-42.0,4.153,5195.8,999.0,3,1.0,1.0,1.0,2,2,0.0,4,11,1,2
2990,51.0,6,999,1,-0.1,93.2,-42.0,4.076,5195.8,999.0,1,0.0,0.0,0.0,3,7,0.0,10,11,1,2
2991,53.0,1,999,0,1.4,94.465,-41.8,4.961,5228.1,999.0,0,0.0,0.0,1.0,1,8,0.0,6,6,1,1
2992,31.0,1,999,0,-1.8,92.893,-46.2,1.334,5099.1,999.0,0,0.0,0.0,0.0,1,6,0.0,5,5,1,1
2993,31.0,1,999,0,-3.4,92.431,-26.9,0.722,5017.5,999.0,0,0.0,0.0,0.0,3,5,0.0,6,10,1,1
2994,47.0,2,999,0,1.4,94.465,-41.8,4.864,5228.1,999.0,0,0.0,0.0,1.0,2,2,0.0,4,6,1,1
2995,26.0,2,999,0,-2.9,92.469,-33.6,0.979,5076.2,999.0,0,1.0,0.0,0.0,1,7,0.0,6,7,1,1
2996,31.0,4,999,0,-3.4,92.431,-26.9,0.72,5017.5,999.0,0,1.0,0.0,1.0,3,2,0.0,8,10,1,1
2997,31.0,1,999,0,1.4,93.444,-36.1,4.967,5228.1,999.0,0,0.0,0.0,0.0,1,7,0.0,5,8,1,1
2998,31.0,22,999,0,1.4,94.465,-41.8,4.958,5228.1,999.0,0,0.0,0.0,1.0,2,4,0.0,4,6,1,1
2999,59.0,2,999,0,1.4,93.918,-42.7,4.961,5228.1,999.0,0,0.0,0.0,0.0,3,8,0.0,8,7,1,1
3000,41.0,1,999,0,1.4,93.918,-42.7,4.958,5228.1,999.0,0,1.0,1.0,0.0,3,4,0.0,7,7,1,1
3001,45.0,1,999,2,-3.4,92.431,-26.9,0.742,5017.5,999.0,2,0.0,0.0,0.0,1,4,0.0,4,10,1,2
3002,52.0,2,999,0,1.1,93.994,-36.4,4.864,5191.0,999.0,0,1.0,1.0,1.0,2,8,0.0,9,5,1,1
3003,30.0,1,999,0,-1.8,92.893,-46.2,1.27,5099.1,999.0,0,0.0,0.0,0.0,2,7,0.0,6,5,1,1
3004,31.0,1,999,0,1.4,93.918,-42.7,4.963,5228.1,999.0,0,1.0,0.0,0.0,2,8,0.0,4,7,1,1
3005,31.0,4,999,0,-1.8,93.075,-47.1,1.405,5099.1,999.0,0,1.0,0.0,0.0,2,8,0.0,9,4,2,1
3006,38.0,4,999,0,1.4,93.918,-42.7,4.957,5228.1,999.0,0,0.0,1.0,1.0,2,4,0.0,7,7,1,1
3007,52.0,6,999,0,1.4,93.444,-36.1,4.964,5228.1,999.0,0,0.0,0.0,0.0,2,5,0.0,6,8,1,1
3008,36.0,2,999,0,-1.8,92.893,-46.2,1.327,5099.1,999.0,0,0.0,0.0,0.0,2,8,0.0,4,5,1,1
3009,31.0,1,999,0,1.1,93.994,-36.4,4.859,5191.0,999.0,0,1.0,0.0,1.0,2,2,0.0,7,5,1,1
3010,31.0,3,999,0,1.1,93.994,-36.4,4.856,5191.0,999.0,0,1.0,0.0,1.0,2,7,0.0,6,5,1,1
3011,33.0,1,999,0,1.1,93.994,-36.4,4.859,5191.0,999.0,0,0.0,0.0,1.0,2,5,0.0,4,5,1,1
3012,39.0,1,999,1,-1.8,92.843,-50.0,1.51,5099.1,999.0,4,1.0,0.0,0.0,2,5,0.0,6,3,1,2
3013,35.0,3,999,0,-1.8,93.075,-47.1,1.405,5099.1,999.0,0,1.0,0.0,0.0,2,8,0.0,9,4,2,1
3014,52.0,3,999,0,1.4,94.465,-41.8,4.865,5228.1,999.0,0,1.0,0.0,1.0,2,2,0.0,4,6,2,1
3015,34.0,1,999,0,1.1,93.994,-36.4,4.857,5191.0,999.0,0,0.0,0.0,1.0,2,4,0.0,6,5,1,1
3016,31.0,2,999,0,1.4,93.444,-36.1,4.965,5228.1,999.0,0,1.0,0.0,0.0,1,6,0.0,5,8,1,1
3017,31.0,8,999,0,1.4,93.918,-42.7,4.961,5228.1,999.0,0,0.0,0.0,0.0,1,6,0.0,4,7,1,1
3018,41.0,1,999,0,1.1,93.994,-36.4,4.857,5191.0,999.0,0,1.0,0.0,1.0,2,5,0.0,9,5,1,1
3019,39.0,3,999,2,-1.8,92.893,-46.2,1.354,5099.1,999.0,0,0.0,1.0,0.0,2,8,0.0,4,5,2,2
3020,38.0,1,999,0,1.1,93.994,-36.4,4.857,5191.0,999.0,0,1.0,1.0,1.0,2,8,0.0,9,5,2,1
3021,31.0,2,999,0,-0.1,93.2,-42.0,4.191,5195.8,999.0,0,1.0,1.0,0.0,1,7,0.0,5,11,2,1
3022,31.0,2,999,0,-0.1,93.2,-42.0,4.12,5195.8,999.0,0,0.0,0.0,0.0,1,7,0.0,6,11,1,1
3023,39.0,2,999,0,1.1,93.994,-36.4,4.857,5191.0,999.0,0,0.0,1.0,1.0,2,8,0.0,4,5,1,1
3024,33.0,2,999,0,1.4,93.918,-42.7,4.961,5228.1,999.0,0,1.0,0.0,0.0,1,5,0.0,9,7,1,1
3025,51.0,1,999,0,1.4,93.918,-42.7,4.963,5228.1,999.0,0,0.0,0.0,0.0,1,3,0.0,9,7,1,1
3026,44.0,2,999,0,1.1,93.994,-36.4,4.856,5191.0,999.0,0,1.0,0.0,1.0,2,8,0.0,4,5,1,1
3027,35.0,1,999,0,-0.1,93.2,-42.0,4.153,5195.8,999.0,0,1.0,0.0,0.0,2,5,0.0,3,11,1,1
3028,37.0,2,999,0,1.4,93.444,-36.1,4.962,5228.1,999.0,0,0.0,0.0,0.0,1,8,0.0,5,8,1,1
3029,49.0,1,999,1,-0.1,93.2,-42.0,4.021,5195.8,999.0,2,1.0,0.0,0.0,2,8,0.0,1,11,1,2
3030,44.0,1,999,0,-1.8,92.893,-46.2,1.266,5099.1,999.0,0,1.0,0.0,0.0,3,8,0.0,9,5,1,1
3031,33.0,2,999,0,1.1,93.994,-36.4,4.858,5191.0,999.0,0,1.0,1.0,1.0,2,6,0.0,5,5,1,1
3032,42.0,2,999,0,-1.8,93.075,-47.1,1.423,5099.1,999.0,0,0.0,0.0,0.0,2,7,0.0,1,4,1,1
3033,28.0,2,999,0,1.1,93.994,-36.4,4.855,5191.0,999.0,0,0.0,0.0,1.0,1,5,0.0,9,5,1,1
3034,40.0,1,999,0,-1.8,92.893,-46.2,1.291,5099.1,999.0,0,0.0,0.0,0.0,3,5,0.0,9,5,1,1
3035,31.0,1,999,0,-0.1,93.2,-42.0,3.879,5195.8,999.0,0,1.0,0.0,1.0,1,6,0.0,7,11,1,1
3036,33.0,1,999,0,-0.1,93.2,-42.0,4.153,5195.8,999.0,0,1.0,0.0,0.0,2,7,0.0,6,11,1,1
3037,33.0,3,999,0,1.4,93.444,-36.1,4.963,5228.1,999.0,0,1.0,1.0,0.0,1,7,0.0,6,8,1,1
3038,30.0,1,999,0,1.1,93.994,-36.4,4.856,5191.0,999.0,0,1.0,0.0,1.0,2,5,0.0,9,5,1,1
3039,30.0,2,999,0,-2.9,92.201,-31.4,0.861,5076.2,999.0,0,0.0,0.0,0.0,1,5,0.0,9,8,2,1
3040,30.0,2,999,0,1.1,93.994,-36.4,4.857,5191.0,999.0,0,0.0,0.0,1.0,2,8,0.0,4,5,1,1
3041,31.0,1,999,0,1.4,93.918,-42.7,4.957,5228.1,999.0,0,1.0,0.0,0.0,2,5,0.0,8,7,1,1
3042,44.0,8,999,1,-1.8,92.893,-46.2,1.291,5099.1,999.0,2,1.0,0.0,0.0,3,5,0.0,6,5,1,2
3043,31.0,1,999,0,-0.1,93.798,-40.4,4.968,5195.8,999.0,0,0.0,0.0,1.0,2,8,0.0,4,10,1,1
3044,31.0,6,999,0,1.4,93.918,-42.7,4.962,5228.1,999.0,0,0.0,0.0,0.0,1,7,0.0,3,7,2,1
3045,45.0,3,999,0,1.4,93.444,-36.1,4.962,5228.1,999.0,0,0.0,0.0,1.0,2,7,0.0,6,8,1,1
3046,32.0,4,999,0,1.1,93.994,-36.4,4.856,5191.0,999.0,0,0.0,0.0,1.0,2,4,0.0,4,5,1,1
3047,28.0,1,999,0,1.4,93.918,-42.7,4.962,5228.1,999.0,0,0.0,0.0,0.0,2,4,0.0,4,7,1,1
3048,41.0,1,999,0,-0.1,93.2,-42.0,4.12,5195.8,999.0,0,1.0,0.0,0.0,2,7,0.0,6,11,1,1
3049,31.0,3,999,1,-1.8,92.893,-46.2,1.291,5099.1,999.0,6,0.0,0.0,0.0,2,3,0.0,4,5,1,2
3050,31.0,1,999,0,1.1,93.994,-36.4,4.859,5191.0,999.0,0,0.0,0.0,1.0,2,8,0.0,7,5,1,1
3051,32.0,1,999,0,1.4,93.444,-36.1,4.965,5228.1,999.0,0,1.0,0.0,0.0,1,8,0.0,6,8,2,1
3052,31.0,5,999,0,1.4,93.444,-36.1,4.965,5228.1,999.0,0,0.0,0.0,0.0,2,7,0.0,5,8,2,1
3053,32.0,1,999,0,-2.9,92.963,-40.8,1.262,5076.2,999.0,0,1.0,0.0,0.0,1,7,0.0,6,6,1,1
3054,42.0,2,999,0,-1.8,92.893,-46.2,1.334,5099.1,999.0,0,1.0,0.0,0.0,2,5,0.0,9,5,1,1
3055,31.0,3,999,0,1.4,93.918,-42.7,4.962,5228.1,999.0,0,1.0,0.0,0.0,2,5,0.0,9,7,2,1
3056,31.0,7,999,0,1.1,93.994,-36.4,4.86,5191.0,999.0,0,1.0,0.0,1.0,2,8,0.0,4,5,1,1
3057,31.0,3,999,0,1.1,93.994,-36.4,4.86,5191.0,999.0,0,0.0,0.0,1.0,2,8,0.0,4,5,1,1
3058,51.0,2,999,0,1.4,93.918,-42.7,4.962,5228.1,999.0,0,1.0,1.0,0.0,2,4,0.0,5,7,2,1
3059,31.0,3,999,0,-1.8,92.843,-50.0,1.52,5099.1,999.0,0,1.0,0.0,0.0,1,7,0.0,6,3,2,1
3060,58.0,1,999,0,1.1,93.994,-36.4,4.857,5191.0,999.0,0,0.0,0.0,1.0,2,3,0.0,3,5,1,1
3061,59.0,1,999,0,1.4,93.918,-42.7,4.962,5228.1,999.0,0,0.0,0.0,1.0,3,8,0.0,8,7,1,1
3062,31.0,1,999,0,-3.4,92.379,-29.8,0.819,5017.5,999.0,0,1.0,0.0,0.0,1,7,0.0,3,9,1,1
3063,81.0,3,999,0,-3.0,92.713,-33.0,0.714,5023.5,999.0,0,1.0,0.0,0.0,3,2,0.0,8,12,1,1
3064,27.0,4,999,0,-1.8,92.893,-46.2,1.244,5099.1,999.0,0,1.0,0.0,0.0,2,5,0.0,10,5,2,1
3065,33.0,1,999,0,-0.1,93.2,-42.0,4.076,5195.8,999.0,0,0.0,0.0,0.0,2,7,0.0,3,11,1,1
3066,36.0,1,999,0,-0.2,92.756,-45.9,3.329,5176.3,999.0,0,1.0,0.0,0.0,2,5,0.0,4,12,1,1
3067,31.0,2,6,3,-1.1,94.199,-37.5,0.882,4963.6,0.2,0,1.0,0.0,0.0,1,7,0.0,6,9,2,3
3068,32.0,1,6,4,-1.1,94.199,-37.5,0.882,4963.6,0.2,4,1.0,1.0,0.0,2,8,0.0,6,9,2,3
3069,49.0,1,999,0,1.4,94.465,-41.8,4.961,5228.1,999.0,0,0.0,0.0,1.0,2,5,0.0,9,6,1,1
3070,34.0,2,999,0,-1.8,92.893,-46.2,1.313,5099.1,999.0,0,0.0,0.0,0.0,2,5,0.0,6,5,1,1
3071,31.0,9,999,0,1.4,93.444,-36.1,4.964,5228.1,999.0,0,0.0,0.0,1.0,2,4,0.0,1,8,1,1
3072,31.0,1,999,0,1.1,93.994,-36.4,4.859,5191.0,999.0,0,1.0,0.0,1.0,2,3,0.0,4,5,1,1
3073,42.0,2,999,0,1.4,93.918,-42.7,4.968,5228.1,999.0,0,0.0,1.0,0.0,2,7,0.0,5,7,1,1
3074,34.0,1,999,0,-1.8,93.075,-47.1,1.453,5099.1,999.0,0,0.0,0.0,0.0,1,5,0.0,6,4,1,1
3075,31.0,13,999,0,1.1,93.994,-36.4,4.858,5191.0,999.0,0,0.0,0.0,1.0,2,2,0.0,4,5,1,1
3076,31.0,1,999,0,-0.1,93.2,-42.0,4.021,5195.8,999.0,0,0.0,0.0,0.0,2,8,0.0,4,11,1,1
3077,36.0,9,999,0,1.1,93.994,-36.4,4.858,5191.0,999.0,0,0.0,0.0,1.0,1,5,0.0,9,5,1,1
3078,37.0,5,999,1,-1.8,93.075,-47.1,1.405,5099.1,999.0,2,1.0,0.0,0.0,1,6,0.0,4,4,2,2
3079,47.0,1,999,0,1.4,94.465,-41.8,4.967,5228.1,999.0,0,0.0,0.0,1.0,2,4,0.0,5,6,1,1
3080,58.0,1,3,4,-1.8,93.876,-40.0,0.683,5008.7,0.1,4,0.0,0.0,0.0,2,7,0.0,3,5,1,3
3081,28.0,1,999,0,-1.8,93.075,-47.1,1.483,5099.1,999.0,0,1.0,0.0,1.0,1,5,0.0,4,4,1,1
3082,31.0,2,999,0,-1.1,94.199,-37.5,0.876,4963.6,999.0,0,0.0,0.0,0.0,2,8,0.0,6,9,1,1
3083,46.0,3,999,0,1.4,94.465,-41.8,4.955,5228.1,999.0,0,1.0,0.0,1.0,2,2,0.0,12,6,1,1
3084,31.0,2,999,1,-1.8,92.893,-46.2,1.313,5099.1,999.0,3,0.0,0.0,0.0,3,5,0.0,3,5,1,2
3085,41.0,1,999,2,-1.8,92.893,-46.2,1.344,5099.1,999.0,2,1.0,0.0,0.0,2,8,0.0,4,5,1,2
3086,33.0,4,999,0,1.1,93.994,-36.4,4.859,5191.0,999.0,0,1.0,0.0,1.0,2,8,0.0,4,5,1,1
3087,36.0,5,999,0,-1.8,92.893,-46.2,1.291,5099.1,999.0,0,1.0,0.0,0.0,2,8,0.0,6,5,1,1
3088,25.0,5,999,0,-1.8,92.893,-46.2,1.281,5099.1,999.0,0,0.0,0.0,0.0,1,3,0.0,4,5,1,1
3089,27.0,1,999,0,1.4,93.918,-42.7,4.962,5228.1,999.0,0,1.0,0.0,0.0,1,8,0.0,5,7,1,1
3090,42.0,10,999,0,1.4,93.918,-42.7,4.963,5228.1,999.0,0,0.0,0.0,0.0,2,8,0.0,4,7,1,1
3091,26.0,2,999,0,1.4,93.918,-42.7,4.96,5228.1,999.0,0,1.0,0.0,0.0,2,8,0.0,4,7,2,1
3092,55.0,1,999,0,1.4,93.918,-42.7,4.962,5228.1,999.0,0,1.0,1.0,0.0,2,5,0.0,10,7,1,1
3093,42.0,2,999,0,-0.1,93.2,-42.0,4.153,5195.8,999.0,0,1.0,0.0,0.0,3,7,0.0,1,11,1,1
3094,31.0,7,999,0,1.4,93.918,-42.7,4.962,5228.1,999.0,0,1.0,1.0,0.0,2,8,0.0,6,7,2,1
3095,39.0,2,999,0,-1.8,92.893,-46.2,1.299,5099.1,999.0,0,1.0,0.0,0.0,2,4,0.0,4,5,2,1
3096,34.0,1,999,0,1.4,93.444,-36.1,4.966,5228.1,999.0,0,0.0,0.0,0.0,2,8,0.0,5,8,1,1
3097,45.0,2,999,0,1.4,93.444,-36.1,4.963,5228.1,999.0,0,1.0,0.0,0.0,2,3,0.0,4,8,1,1
3098,47.0,7,999,0,1.4,93.444,-36.1,4.965,5228.1,999.0,0,1.0,0.0,0.0,2,7,0.0,1,8,1,1
3099,46.0,1,999,0,1.4,93.918,-42.7,4.961,5228.1,999.0,0,1.0,0.0,0.0,2,2,0.0,4,7,1,1
3100,35.0,3,999,0,1.4,94.465,-41.8,4.96,5228.1,999.0,0,0.0,0.0,1.0,3,8,0.0,4,6,2,1
3101,38.0,1,999,0,1.4,94.465,-41.8,4.865,5228.1,999.0,0,1.0,0.0,1.0,1,6,0.0,5,6,2,1
3102,41.0,1,999,0,1.1,93.994,-36.4,4.857,5191.0,999.0,0,1.0,0.0,1.0,1,8,0.0,5,5,2,1
3103,50.0,2,999,0,1.1,93.994,-36.4,4.856,5191.0,999.0,0,1.0,0.0,1.0,2,3,0.0,5,5,1,1
3104,45.0,1,999,0,1.1,93.994,-36.4,4.858,5191.0,999.0,0,1.0,0.0,1.0,1,6,0.0,6,5,1,1
3105,31.0,3,999,0,1.4,93.918,-42.7,4.958,5228.1,999.0,0,0.0,0.0,0.0,1,8,0.0,6,7,1,1
3106,38.0,1,999,0,1.4,93.444,-36.1,4.965,5228.1,999.0,0,0.0,0.0,0.0,2,7,0.0,5,8,1,1
3107,32.0,1,999,0,1.4,93.444,-36.1,4.97,5228.1,999.0,0,0.0,0.0,0.0,1,7,0.0,6,8,2,1
3108,31.0,1,999,0,1.4,94.465,-41.8,4.961,5228.1,999.0,0,1.0,1.0,1.0,2,5,0.0,9,6,1,1
3109,33.0,1,999,0,1.4,93.444,-36.1,4.963,5228.1,999.0,0,1.0,0.0,0.0,1,5,0.0,6,8,1,1
3110,33.0,4,999,0,1.4,93.444,-36.1,4.963,5228.1,999.0,0,0.0,0.0,0.0,3,6,0.0,10,8,1,1
3111,50.0,1,999,0,-0.1,93.2,-42.0,4.153,5195.8,999.0,0,1.0,0.0,0.0,2,5,0.0,9,11,1,1
3112,35.0,3,999,2,-1.8,92.893,-46.2,1.299,5099.1,999.0,12,1.0,0.0,0.0,2,5,0.0,7,5,2,2
3113,31.0,5,999,0,-1.8,92.893,-46.2,1.313,5099.1,999.0,0,0.0,0.0,0.0,1,5,0.0,9,5,1,1
3114,27.0,2,999,0,1.4,94.465,-41.8,4.947,5228.1,999.0,0,1.0,0.0,1.0,1,7,0.0,1,6,1,1
3115,31.0,2,999,0,1.4,93.918,-42.7,4.963,5228.1,999.0,0,1.0,0.0,0.0,2,8,0.0,6,7,1,1
3116,31.0,5,999,0,-1.8,92.893,-46.2,1.244,5099.1,999.0,0,0.0,0.0,0.0,1,8,0.0,6,5,2,1
3117,42.0,1,999,0,1.4,93.444,-36.1,4.963,5228.1,999.0,0,1.0,1.0,0.0,2,8,0.0,6,8,1,1
3118,35.0,1,999,0,1.4,93.444,-36.1,4.964,5228.1,999.0,0,0.0,0.0,0.0,1,8,0.0,5,8,1,1
3119,44.0,1,999,0,-0.1,93.2,-42.0,4.12,5195.8,999.0,0,1.0,0.0,0.0,1,8,0.0,6,11,1,1
3120,21.0,1,999,0,-1.8,93.075,-47.1,1.405,5099.1,999.0,0,1.0,1.0,0.0,1,8,0.0,1,4,1,1
3121,39.0,2,999,0,1.1,93.994,-36.4,4.857,5191.0,999.0,0,0.0,1.0,1.0,2,6,0.0,5,5,1,1
3122,31.0,1,999,0,1.4,93.444,-36.1,4.964,5228.1,999.0,0,1.0,0.0,0.0,1,7,0.0,6,8,1,1
3123,49.0,2,999,0,-1.8,92.893,-46.2,1.244,5099.1,999.0,0,1.0,0.0,0.0,2,8,0.0,8,5,2,1
3124,49.0,2,999,0,1.4,93.918,-42.7,4.962,5228.1,999.0,0,1.0,0.0,0.0,2,7,0.0,5,7,1,1
3125,31.0,4,999,0,1.1,93.994,-36.4,4.857,5191.0,999.0,0,1.0,1.0,1.0,1,7,0.0,6,5,1,1
3126,49.0,2,9,2,-1.8,92.893,-46.2,1.25,5099.1,0.3,2,0.0,0.0,0.0,2,4,0.0,4,5,1,2
3127,31.0,2,999,1,-0.1,93.2,-42.0,4.12,5195.8,999.0,2,1.0,0.0,0.0,2,7,0.0,6,11,1,2
3128,38.0,2,999,0,1.1,93.994,-36.4,4.857,5191.0,999.0,0,0.0,0.0,1.0,2,8,0.0,4,5,1,1
3129,42.0,1,999,0,-1.8,93.075,-47.1,1.405,5099.1,999.0,0,1.0,1.0,0.0,2,2,0.0,4,4,2,1
3130,56.0,3,999,0,1.1,93.994,-36.4,4.857,5191.0,999.0,0,1.0,0.0,1.0,2,3,0.0,8,5,1,1
3131,31.0,4,999,0,1.1,93.994,-36.4,4.857,5191.0,999.0,0,0.0,0.0,1.0,2,4,0.0,4,5,1,1
3132,38.0,1,999,0,-1.8,92.893,-46.2,1.25,5099.1,999.0,0,1.0,0.0,0.0,2,3,0.0,9,5,1,1
3133,58.0,1,999,0,-0.1,93.2,-42.0,4.191,5195.8,999.0,0,1.0,0.0,0.0,3,7,0.0,6,11,2,1
3134,31.0,2,999,0,1.4,93.918,-42.7,4.961,5228.1,999.0,0,1.0,1.0,0.0,1,7,0.0,6,7,1,1
3135,44.0,1,999,0,1.1,93.994,-36.4,4.856,5191.0,999.0,0,1.0,0.0,1.0,2,7,0.0,3,5,1,1
3136,40.0,1,999,0,1.1,93.994,-36.4,4.856,5191.0,999.0,0,1.0,1.0,1.0,3,4,0.0,4,5,1,1
3137,30.0,1,999,0,1.1,93.994,-36.4,4.86,5191.0,999.0,0,1.0,0.0,1.0,1,7,0.0,6,5,1,1
3138,31.0,3,999,1,-1.8,92.893,-46.2,1.281,5099.1,999.0,3,0.0,0.0,0.0,2,8,0.0,5,5,1,2
3139,31.0,1,999,0,1.1,93.994,-36.4,4.86,5191.0,999.0,0,1.0,1.0,1.0,1,5,0.0,6,5,1,1
3140,31.0,1,999,0,-1.8,92.893,-46.2,1.291,5099.1,999.0,0,0.0,0.0,0.0,2,2,0.0,4,5,1,1
3141,46.0,3,999,0,1.1,93.994,-36.4,4.855,5191.0,999.0,0,1.0,0.0,1.0,2,2,0.0,4,5,1,1
3142,81.0,2,3,2,-1.1,94.601,-49.5,0.987,4963.6,0.1,0,1.0,0.0,0.0,3,8,0.0,8,10,1,3
3143,31.0,6,999,0,1.4,93.444,-36.1,4.966,5228.1,999.0,0,0.0,1.0,0.0,2,6,0.0,5,8,1,1
3144,56.0,5,999,0,1.1,93.994,-36.4,4.86,5191.0,999.0,0,0.0,0.0,1.0,3,5,0.0,9,5,1,1
3145,37.0,2,999,0,1.1,93.994,-36.4,4.858,5191.0,999.0,0,1.0,0.0,1.0,3,5,0.0,9,5,2,1
3146,74.0,2,3,1,-3.4,92.431,-26.9,0.74,5017.5,0.1,3,1.0,0.0,0.0,2,6,0.0,8,10,1,3
3147,31.0,2,999,0,1.4,93.918,-42.7,4.963,5228.1,999.0,0,1.0,0.0,0.0,2,8,0.0,4,7,1,1
3148,31.0,2,999,0,1.4,93.918,-42.7,4.96,5228.1,999.0,0,1.0,0.0,0.0,3,8,0.0,9,7,2,1
3149,37.0,3,999,0,1.1,93.994,-36.4,4.859,5191.0,999.0,0,0.0,0.0,1.0,2,8,0.0,9,5,1,1
3150,31.0,6,999,0,1.4,93.444,-36.1,4.963,5228.1,999.0,0,0.0,0.0,0.0,1,7,0.0,6,8,1,1
3151,31.0,1,999,0,1.1,93.994,-36.4,4.859,5191.0,999.0,0,0.0,0.0,1.0,1,4,0.0,4,5,1,1
3152,36.0,1,999,0,-1.8,92.893,-46.2,1.354,5099.1,999.0,0,1.0,0.0,1.0,2,8,0.0,6,5,2,1
3153,55.0,1,999,0,1.4,93.918,-42.7,4.96,5228.1,999.0,0,0.0,0.0,0.0,2,2,0.0,4,7,2,1
3154,31.0,3,999,0,1.1,93.994,-36.4,4.857,5191.0,999.0,0,1.0,0.0,1.0,2,8,0.0,9,5,1,1
3155,37.0,1,999,0,1.1,93.994,-36.4,4.86,5191.0,999.0,0,1.0,0.0,1.0,2,6,0.0,1,5,1,1
3156,34.0,1,999,0,1.4,93.444,-36.1,4.964,5228.1,999.0,0,1.0,0.0,1.0,1,7,0.0,5,8,1,1
3157,31.0,1,999,0,1.4,93.918,-42.7,4.955,5228.1,999.0,0,0.0,0.0,1.0,2,7,0.0,6,7,1,1
3158,33.0,1,999,0,1.4,94.465,-41.8,4.961,5228.1,999.0,0,0.0,0.0,1.0,2,7,0.0,9,6,1,1
3159,31.0,3,999,0,1.4,93.918,-42.7,4.96,5228.1,999.0,0,0.0,1.0,0.0,2,5,0.0,6,7,2,1
3160,31.0,7,999,0,1.4,93.918,-42.7,4.962,5228.1,999.0,0,1.0,0.0,0.0,2,7,0.0,8,7,2,1
3161,35.0,1,999,0,1.4,93.918,-42.7,4.963,5228.1,999.0,0,0.0,0.0,0.0,2,8,0.0,6,7,1,1
3162,64.0,1,3,2,-1.8,93.369,-34.8,0.653,5008.7,0.1,2,0.0,0.0,0.0,2,7,0.0,8,3,1,3
3163,24.0,4,999,1,-1.8,92.893,-46.2,1.25,5099.1,999.0,3,0.0,0.0,0.0,1,5,0.0,9,5,1,2
3164,31.0,2,999,0,-0.1,93.2,-42.0,4.153,5195.8,999.0,0,0.0,0.0,0.0,2,4,0.0,7,11,1,1
3165,56.0,7,999,0,-3.4,92.649,-30.1,0.714,5017.5,999.0,0,1.0,0.0,0.0,3,8,0.0,3,11,1,1
3166,39.0,1,999,0,-1.8,93.075,-47.1,1.405,5099.1,999.0,0,1.0,0.0,1.0,2,5,0.0,9,4,1,1
3167,51.0,1,999,0,1.1,93.994,-36.4,4.857,5191.0,999.0,0,1.0,0.0,1.0,3,4,0.0,6,5,2,1
3168,31.0,1,999,0,-0.1,93.2,-42.0,4.191,5195.8,999.0,0,1.0,0.0,0.0,1,7,0.0,1,11,2,1
3169,51.0,1,999,0,1.4,93.444,-36.1,4.966,5228.1,999.0,0,0.0,0.0,0.0,2,8,0.0,2,8,1,1
3170,51.0,1,999,0,1.4,93.918,-42.7,4.96,5228.1,999.0,0,0.0,1.0,0.0,2,2,0.0,4,7,2,1
3171,37.0,1,999,1,-1.8,93.075,-47.1,1.466,5099.1,999.0,3,1.0,0.0,0.0,3,4,0.0,5,4,2,2
3172,31.0,2,999,0,-1.8,92.893,-46.2,1.313,5099.1,999.0,0,1.0,1.0,0.0,2,5,0.0,6,5,1,1
3173,39.0,1,999,0,-1.8,92.893,-46.2,1.344,5099.1,999.0,0,1.0,1.0,0.0,2,8,0.0,4,5,1,1
3174,31.0,2,999,0,-0.1,93.2,-42.0,4.12,5195.8,999.0,0,0.0,0.0,1.0,2,7,0.0,7,11,1,1
3175,48.0,2,999,0,-0.1,93.2,-42.0,4.12,5195.8,999.0,0,0.0,0.0,0.0,1,4,0.0,4,11,1,1
3176,32.0,1,999,0,1.1,93.994,-36.4,4.858,5191.0,999.0,0,0.0,0.0,1.0,1,6,0.0,6,5,2,1
3177,57.0,1,999,0,1.4,93.444,-36.1,4.964,5228.1,999.0,0,0.0,0.0,0.0,2,2,0.0,4,8,1,1
3178,56.0,5,999,0,1.4,93.444,-36.1,4.965,5228.1,999.0,0,1.0,0.0,0.0,3,8,0.0,9,8,1,1
3179,45.0,1,999,0,1.4,93.444,-36.1,4.965,5228.1,999.0,0,0.0,0.0,0.0,2,7,0.0,6,8,2,1
3180,27.0,1,999,0,1.4,93.918,-42.7,4.963,5228.1,999.0,0,0.0,0.0,0.0,1,8,0.0,5,7,1,1
3181,31.0,3,999,0,-0.1,93.2,-42.0,4.12,5195.8,999.0,0,1.0,0.0,0.0,2,6,0.0,3,11,1,1
3182,32.0,1,999,0,-0.1,93.2,-42.0,4.191,5195.8,999.0,0,1.0,0.0,1.0,2,5,0.0,4,11,2,1
3183,31.0,1,999,0,1.4,93.444,-36.1,4.966,5228.1,999.0,0,1.0,0.0,0.0,1,7,0.0,6,8,1,1
3184,36.0,2,999,0,1.1,93.994,-36.4,4.859,5191.0,999.0,0,1.0,0.0,1.0,2,8,0.0,6,5,1,1
3185,29.0,5,999,0,1.4,93.918,-42.7,4.961,5228.1,999.0,0,1.0,0.0,0.0,1,4,0.0,4,7,1,1
3186,34.0,1,999,1,-1.8,92.893,-46.2,1.264,5099.1,999.0,2,1.0,0.0,0.0,2,7,0.0,6,5,2,2
3187,21.0,1,999,0,-2.9,92.469,-33.6,1.059,5076.2,999.0,0,1.0,0.0,0.0,1,5,0.0,10,7,1,1
3188,57.0,1,999,0,-2.9,92.201,-31.4,0.883,5076.2,999.0,0,0.0,0.0,0.0,2,8,0.0,3,8,1,1
3189,45.0,2,999,0,1.4,94.465,-41.8,4.958,5228.1,999.0,0,0.0,0.0,1.0,1,8,0.0,4,6,1,1
3190,52.0,3,999,0,1.4,93.444,-36.1,4.965,5228.1,999.0,0,1.0,1.0,0.0,2,8,0.0,9,8,2,1
3191,52.0,20,999,0,1.4,93.918,-42.7,4.958,5228.1,999.0,0,1.0,0.0,1.0,2,6,0.0,5,7,1,1
3192,31.0,1,999,0,-2.9,92.201,-31.4,0.879,5076.2,999.0,0,1.0,0.0,1.0,1,8,0.0,9,8,1,1
3193,32.0,2,999,1,-1.7,94.215,-40.3,0.861,4991.6,999.0,3,0.0,0.0,0.0,1,8,0.0,3,7,1,2
3194,36.0,2,999,0,1.1,93.994,-36.4,4.855,5191.0,999.0,0,1.0,0.0,1.0,2,3,0.0,4,5,1,1
3195,49.0,1,999,0,1.4,93.918,-42.7,4.957,5228.1,999.0,0,1.0,0.0,0.0,3,8,0.0,4,7,1,1
3196,26.0,2,999,0,-2.9,92.963,-40.8,1.268,5076.2,999.0,0,1.0,1.0,0.0,1,5,0.0,6,6,1,1
3197,31.0,2,999,0,1.4,93.444,-36.1,4.965,5228.1,999.0,0,1.0,0.0,0.0,2,7,0.0,7,8,2,1
3198,48.0,1,999,1,-0.1,93.2,-42.0,4.021,5195.8,999.0,3,1.0,1.0,0.0,2,7,0.0,6,11,1,2
3199,53.0,2,999,0,-0.1,93.2,-42.0,4.12,5195.8,999.0,0,1.0,0.0,0.0,2,8,0.0,3,11,1,1
3200,40.0,2,999,0,-0.1,93.2,-42.0,4.076,5195.8,999.0,0,1.0,0.0,1.0,1,5,0.0,6,11,1,1
3201,31.0,4,999,0,1.4,94.465,-41.8,4.959,5228.1,999.0,0,1.0,0.0,1.0,3,7,0.0,8,6,1,1
3202,42.0,8,999,0,1.4,94.465,-41.8,4.959,5228.1,999.0,0,1.0,0.0,1.0,2,8,0.0,2,6,1,1
3203,31.0,2,999,0,1.4,93.918,-42.7,4.963,5228.1,999.0,0,0.0,0.0,1.0,2,2,0.0,4,7,1,1
3204,31.0,3,999,0,1.4,93.444,-36.1,4.964,5228.1,999.0,0,1.0,0.0,0.0,2,7,0.0,6,8,1,1
3205,54.0,1,999,0,1.1,93.994,-36.4,4.857,5191.0,999.0,0,1.0,0.0,1.0,2,5,0.0,8,5,1,1
3206,36.0,2,999,0,-1.8,92.893,-46.2,1.291,5099.1,999.0,0,1.0,0.0,0.0,1,8,0.0,9,5,1,1
3207,38.0,4,999,0,-1.8,92.893,-46.2,1.291,5099.1,999.0,0,1.0,0.0,0.0,1,8,0.0,6,5,1,1
3208,37.0,2,999,0,1.4,93.444,-36.1,4.965,5228.1,999.0,0,1.0,0.0,0.0,2,7,0.0,5,8,2,1
3209,47.0,1,999,0,-1.8,92.893,-46.2,1.313,5099.1,999.0,0,0.0,1.0,0.0,1,8,0.0,9,5,1,1
3210,31.0,6,999,0,1.4,94.465,-41.8,4.961,5228.1,999.0,0,0.0,0.0,1.0,2,5,0.0,9,6,1,1
3211,31.0,2,999,0,1.4,93.444,-36.1,4.963,5228.1,999.0,0,0.0,0.0,0.0,2,5,0.0,5,8,1,1
3212,42.0,2,999,0,1.4,93.444,-36.1,4.965,5228.1,999.0,0,1.0,1.0,0.0,3,6,0.0,5,8,2,1
3213,51.0,4,999,0,1.4,94.465,-41.8,4.959,5228.1,999.0,0,0.0,0.0,1.0,2,8,0.0,4,6,1,1
3214,27.0,3,999,0,1.4,94.465,-41.8,4.961,5228.1,999.0,0,0.0,0.0,1.0,1,7,0.0,1,6,1,1
3215,31.0,3,999,0,1.4,93.918,-42.7,4.962,5228.1,999.0,0,1.0,1.0,0.0,3,5,0.0,6,7,2,1
3216,43.0,1,999,0,1.1,93.994,-36.4,4.856,5191.0,999.0,0,1.0,1.0,1.0,1,8,0.0,1,5,1,1
3217,32.0,1,999,0,1.4,93.444,-36.1,4.965,5228.1,999.0,0,1.0,0.0,0.0,2,8,0.0,5,8,1,1
3218,44.0,1,999,0,-1.8,93.075,-47.1,1.453,5099.1,999.0,0,0.0,0.0,0.0,3,5,0.0,9,4,1,1
3219,39.0,1,999,0,1.4,94.465,-41.8,4.961,5228.1,999.0,0,1.0,0.0,1.0,1,5,0.0,9,6,2,1
3220,38.0,1,999,0,-1.8,92.893,-46.2,1.327,5099.1,999.0,0,1.0,0.0,0.0,3,5,0.0,4,5,1,1
3221,78.0,2,999,0,-3.4,92.431,-26.9,0.72,5017.5,999.0,0,0.0,0.0,0.0,3,8,0.0,8,10,1,1
3222,46.0,2,999,0,1.4,93.918,-42.7,4.961,5228.1,999.0,0,0.0,0.0,0.0,1,8,0.0,6,7,1,1
3223,57.0,5,999,0,1.4,94.465,-41.8,4.864,5228.1,999.0,0,1.0,0.0,1.0,2,8,0.0,4,6,1,1
3224,31.0,1,999,0,-0.1,93.2,-42.0,4.153,5195.8,999.0,0,1.0,1.0,0.0,2,8,0.0,1,11,1,1
3225,33.0,1,999,0,1.4,94.465,-41.8,4.958,5228.1,999.0,0,1.0,0.0,1.0,3,8,0.0,4,6,1,1
3226,40.0,2,999,0,1.1,93.994,-36.4,4.857,5191.0,999.0,0,1.0,0.0,1.0,3,7,0.0,6,5,1,1
3227,28.0,2,999,0,1.4,94.465,-41.8,4.947,5228.1,999.0,0,1.0,0.0,1.0,1,7,0.0,1,6,2,1
3228,36.0,3,999,0,1.4,94.465,-41.8,4.959,5228.1,999.0,0,1.0,0.0,1.0,2,2,0.0,4,6,1,1
3229,34.0,29,999,0,1.4,94.465,-41.8,4.96,5228.1,999.0,0,0.0,0.0,1.0,2,4,0.0,4,6,2,1
3230,31.0,4,999,1,-1.8,92.893,-46.2,1.25,5099.1,999.0,2,1.0,0.0,0.0,1,3,0.0,4,5,1,2
3231,51.0,1,999,0,1.4,93.444,-36.1,4.967,5228.1,999.0,0,1.0,0.0,0.0,1,7,0.0,6,8,1,1
3232,31.0,7,999,0,1.4,93.918,-42.7,4.962,5228.1,999.0,0,1.0,0.0,1.0,2,6,0.0,5,7,1,1
3233,50.0,2,7,2,-1.1,94.767,-50.8,1.049,4963.6,0.233333333333,6,1.0,0.0,1.0,3,6,0.0,4,11,1,3
3234,35.0,1,999,0,-1.1,94.199,-37.5,0.884,4963.6,999.0,0,1.0,0.0,1.0,2,7,0.0,9,9,1,1
3235,38.0,1,999,0,1.4,93.918,-42.7,4.963,5228.1,999.0,0,0.0,0.0,0.0,2,3,0.0,4,7,1,1
3236,52.0,2,999,0,1.4,94.465,-41.8,4.961,5228.1,999.0,0,1.0,1.0,1.0,2,4,0.0,4,6,2,1
3237,34.0,2,999,1,-1.8,93.075,-47.1,1.405,5099.1,999.0,0,1.0,0.0,0.0,1,8,0.0,4,4,2,2
3238,39.0,2,999,0,-1.7,94.055,-39.8,0.72,4991.6,999.0,0,1.0,0.0,0.0,2,8,0.0,5,6,2,1
3239,47.0,2,999,0,1.1,93.994,-36.4,4.858,5191.0,999.0,0,0.0,0.0,1.0,3,5,0.0,9,5,2,1
3240,43.0,2,999,0,1.1,93.994,-36.4,4.86,5191.0,999.0,0,1.0,0.0,1.0,2,7,0.0,6,5,1,1
3241,34.0,5,999,0,-1.8,92.893,-46.2,1.327,5099.1,999.0,0,1.0,0.0,0.0,2,8,0.0,3,5,1,1
3242,34.0,2,999,0,1.1,93.994,-36.4,4.857,5191.0,999.0,0,1.0,0.0,1.0,2,2,0.0,4,5,1,1
3243,80.0,2,999,0,-1.8,93.749,-34.6,0.642,5008.7,999.0,0,1.0,1.0,0.0,3,2,0.0,8,4,1,1
3244,55.0,1,999,0,1.4,93.918,-42.7,4.957,5228.1,999.0,0,1.0,0.0,0.0,2,4,0.0,3,7,1,1
3245,31.0,2,999,0,1.1,93.994,-36.4,4.857,5191.0,999.0,0,0.0,0.0,1.0,2,8,0.0,3,5,1,1
3246,36.0,3,999,0,1.4,93.918,-42.7,4.962,5228.1,999.0,0,1.0,0.0,0.0,2,7,0.0,6,7,1,1
3247,34.0,3,999,0,-1.8,93.876,-40.0,0.682,5008.7,999.0,0,1.0,0.0,1.0,2,8,0.0,5,5,1,1
3248,34.0,1,999,0,1.4,93.918,-42.7,4.962,5228.1,999.0,0,1.0,0.0,0.0,2,7,0.0,6,7,1,1
3249,32.0,1,999,0,1.4,94.465,-41.8,4.962,5228.1,999.0,0,0.0,0.0,1.0,2,5,0.0,4,6,1,1
3250,34.0,5,999,0,-1.1,94.199,-37.5,0.882,4963.6,999.0,0,1.0,0.0,1.0,2,7,0.0,10,9,2,1
3251,29.0,2,999,0,1.4,94.465,-41.8,4.96,5228.1,999.0,0,0.0,0.0,1.0,1,4,0.0,6,6,2,1
3252,35.0,1,999,0,-1.1,94.601,-49.5,1.032,4963.6,999.0,0,1.0,0.0,0.0,1,7,0.0,6,10,1,1
3253,48.0,1,999,0,1.1,93.994,-36.4,4.86,5191.0,999.0,0,1.0,1.0,1.0,2,3,0.0,4,5,1,1
3254,19.0,3,999,0,-1.8,93.075,-47.1,1.405,5099.1,999.0,0,1.0,0.0,0.0,1,8,0.0,11,4,2,1
3255,31.0,1,999,0,1.4,93.444,-36.1,4.964,5228.1,999.0,0,1.0,0.0,0.0,2,8,0.0,6,8,1,1
3256,31.0,12,999,0,1.1,93.994,-36.4,4.86,5191.0,999.0,0,1.0,0.0,1.0,1,5,0.0,9,5,1,1
3257,31.0,3,999,0,-1.8,93.876,-40.0,0.699,5008.7,999.0,0,1.0,1.0,0.0,1,7,0.0,6,5,1,1
3258,44.0,1,3,3,-1.1,94.199,-37.5,0.88,4963.6,0.1,6,0.0,0.0,0.0,2,7,0.0,3,9,1,3
3259,26.0,6,999,0,-1.8,93.075,-47.1,1.405,5099.1,999.0,0,0.0,0.0,1.0,1,8,0.0,6,4,1,1
3260,29.0,1,999,1,-2.9,92.201,-31.4,0.851,5076.2,999.0,2,1.0,0.0,0.0,2,7,0.0,6,8,1,2
3261,31.0,1,999,0,-1.8,93.075,-47.1,1.406,5099.1,999.0,0,0.0,0.0,0.0,2,8,0.0,6,4,1,1
3262,38.0,2,999,0,-0.1,93.2,-42.0,4.12,5195.8,999.0,0,0.0,0.0,0.0,1,8,0.0,4,11,1,1
3263,31.0,2,999,1,-1.8,92.893,-46.2,1.266,5099.1,999.0,3,1.0,1.0,0.0,1,7,0.0,6,5,1,2
3264,31.0,1,999,0,1.1,93.994,-36.4,4.858,5191.0,999.0,0,0.0,0.0,1.0,2,3,0.0,10,5,2,1
3265,63.0,1,999,0,-1.8,93.749,-34.6,0.645,5008.7,999.0,0,1.0,0.0,0.0,2,8,0.0,2,4,1,1
3266,44.0,1,999,0,1.1,93.994,-36.4,4.856,5191.0,999.0,0,1.0,0.0,1.0,2,6,0.0,5,5,1,1
3267,28.0,4,999,0,-1.8,92.893,-46.2,1.291,5099.1,999.0,0,0.0,0.0,0.0,1,7,0.0,11,5,1,1
3268,38.0,1,999,0,-1.8,93.075,-47.1,1.405,5099.1,999.0,0,1.0,0.0,0.0,1,7,0.0,6,4,2,1
3269,41.0,1,999,0,1.1,93.994,-36.4,4.856,5191.0,999.0,0,1.0,0.0,1.0,2,4,0.0,5,5,1,1
3270,40.0,3,999,0,1.4,94.465,-41.8,4.947,5228.1,999.0,0,0.0,0.0,1.0,2,8,0.0,4,6,2,1
3271,28.0,2,999,0,1.1,93.994,-36.4,4.857,5191.0,999.0,0,0.0,0.0,1.0,1,7,0.0,1,5,1,1
3272,49.0,1,999,0,-1.8,92.893,-46.2,1.354,5099.1,999.0,0,1.0,0.0,0.0,2,5,0.0,5,5,2,1
3273,31.0,5,999,1,-1.8,92.893,-46.2,1.25,5099.1,999.0,1,0.0,0.0,1.0,1,5,0.0,4,5,1,2
3274,58.0,13,999,0,1.4,94.465,-41.8,4.967,5228.1,999.0,0,1.0,1.0,1.0,2,5,0.0,9,6,1,1
3275,26.0,1,999,0,1.4,93.918,-42.7,4.963,5228.1,999.0,0,1.0,0.0,0.0,1,6,0.0,1,7,1,1
3276,31.0,1,999,0,-3.4,92.431,-26.9,0.73,5017.5,999.0,0,0.0,0.0,1.0,2,8,0.0,4,10,1,1
3277,47.0,2,999,0,1.1,93.994,-36.4,4.856,5191.0,999.0,0,0.0,0.0,1.0,3,7,0.0,3,5,1,1
3278,48.0,7,999,1,-1.8,92.893,-46.2,1.266,5099.1,999.0,2,1.0,0.0,0.0,1,2,0.0,9,5,1,2
3279,56.0,1,999,0,1.1,93.994,-36.4,4.859,5191.0,999.0,0,0.0,1.0,1.0,2,6,0.0,5,5,1,1
3280,32.0,2,999,0,1.1,93.994,-36.4,4.858,5191.0,999.0,0,0.0,0.0,1.0,2,6,0.0,5,5,1,1
3281,31.0,3,999,0,1.4,93.444,-36.1,4.965,5228.1,999.0,0,1.0,0.0,0.0,3,5,0.0,5,8,2,1
3282,32.0,3,999,0,1.4,93.918,-42.7,4.962,5228.1,999.0,0,0.0,0.0,1.0,1,7,0.0,6,7,2,1
3283,57.0,2,999,0,1.1,93.994,-36.4,4.857,5191.0,999.0,0,1.0,1.0,1.0,2,2,0.0,4,5,1,1
3284,31.0,2,999,0,1.4,93.918,-42.7,4.963,5228.1,999.0,0,0.0,1.0,0.0,1,5,0.0,6,7,1,1
3285,31.0,5,999,0,1.4,93.444,-36.1,4.962,5228.1,999.0,0,1.0,1.0,0.0,2,7,0.0,6,8,1,1
3286,57.0,2,999,0,1.4,93.444,-36.1,4.964,5228.1,999.0,0,0.0,0.0,0.0,2,2,0.0,8,8,1,1
3287,31.0,1,999,0,1.4,93.918,-42.7,4.963,5228.1,999.0,0,1.0,0.0,0.0,1,8,0.0,5,7,1,1
3288,31.0,28,999,0,1.4,94.465,-41.8,4.959,5228.1,999.0,0,1.0,0.0,1.0,2,5,0.0,9,6,1,1
3289,34.0,1,999,0,-0.1,93.2,-42.0,4.076,5195.8,999.0,0,0.0,0.0,0.0,2,5,0.0,5,11,1,1
3290,57.0,1,999,0,1.4,94.465,-41.8,4.961,5228.1,999.0,0,0.0,1.0,1.0,1,6,0.0,8,6,1,1
3291,46.0,2,999,0,1.4,94.465,-41.8,4.961,5228.1,999.0,0,1.0,0.0,1.0,2,7,0.0,7,6,1,1
3292,35.0,2,999,1,-0.1,93.2,-42.0,4.153,5195.8,999.0,1,1.0,0.0,0.0,2,6,0.0,4,11,1,2
3293,39.0,2,999,0,-3.4,92.379,-29.8,0.797,5017.5,999.0,0,0.0,0.0,0.0,2,7,0.0,6,9,2,1
3294,30.0,1,999,0,1.4,93.444,-36.1,4.965,5228.1,999.0,0,0.0,1.0,0.0,1,7,0.0,5,8,2,1
3295,29.0,1,999,0,1.4,93.918,-42.7,4.966,5228.1,999.0,0,1.0,0.0,1.0,1,8,0.0,5,7,1,1
3296,32.0,1,999,0,1.4,93.444,-36.1,4.968,5228.1,999.0,0,0.0,0.0,0.0,2,7,0.0,5,8,1,1
3297,25.0,3,999,0,1.4,93.918,-42.7,4.957,5228.1,999.0,0,1.0,0.0,0.0,1,8,0.0,9,7,1,1
3298,39.0,1,999,0,1.1,93.994,-36.4,4.859,5191.0,999.0,0,1.0,0.0,1.0,2,8,0.0,5,5,1,1
3299,30.0,1,999,0,1.4,94.465,-41.8,4.961,5228.1,999.0,0,1.0,1.0,1.0,2,8,0.0,6,6,2,1
3300,47.0,1,999,0,1.4,94.465,-41.8,4.962,5228.1,999.0,0,0.0,0.0,1.0,2,5,0.0,9,6,1,1
3301,58.0,1,3,1,-2.9,92.469,-33.6,1.072,5076.2,0.1,4,0.0,1.0,0.0,2,6,0.0,8,7,1,3
3302,51.0,2,999,0,1.1,93.994,-36.4,4.857,5191.0,999.0,0,0.0,0.0,1.0,3,8,0.0,4,5,1,1
3303,31.0,1,999,0,-0.1,93.2,-42.0,4.406,5195.8,999.0,0,1.0,1.0,1.0,1,8,0.0,11,11,2,1
3304,45.0,2,999,0,1.1,93.994,-36.4,4.857,5191.0,999.0,0,1.0,0.0,1.0,2,2,0.0,4,5,2,1
3305,40.0,3,999,0,-2.9,92.963,-40.8,1.215,5076.2,999.0,0,1.0,0.0,0.0,2,7,0.0,3,6,2,1
3306,60.0,2,999,0,1.1,93.994,-36.4,4.857,5191.0,999.0,0,0.0,0.0,1.0,3,8,0.0,8,5,1,1
3307,31.0,1,999,1,-0.1,93.2,-42.0,4.191,5195.8,999.0,1,1.0,0.0,0.0,1,8,0.0,1,11,2,2
3308,31.0,16,999,0,1.1,93.994,-36.4,4.864,5191.0,999.0,0,1.0,0.0,1.0,2,3,0.0,2,5,1,1
3309,31.0,1,999,0,1.4,94.465,-41.8,4.967,5228.1,999.0,0,0.0,0.0,1.0,1,5,0.0,6,6,1,1
3310,31.0,1,999,0,1.4,93.918,-42.7,4.963,5228.1,999.0,0,0.0,0.0,0.0,1,8,0.0,11,7,1,1
3311,50.0,2,999,0,1.1,93.994,-36.4,4.858,5191.0,999.0,0,0.0,0.0,1.0,2,2,0.0,4,5,1,1
3312,29.0,1,999,0,1.4,93.918,-42.7,4.96,5228.1,999.0,0,1.0,1.0,0.0,2,2,0.0,4,7,2,1
3313,34.0,1,999,0,-3.4,92.431,-26.9,0.72,5017.5,999.0,0,0.0,0.0,0.0,1,7,0.0,5,10,1,1
3314,26.0,2,999,0,1.1,93.994,-36.4,4.86,5191.0,999.0,0,0.0,0.0,1.0,2,8,0.0,7,5,1,1
3315,30.0,5,999,0,-0.1,93.2,-42.0,4.021,5195.8,999.0,0,1.0,0.0,0.0,1,7,0.0,4,11,1,1
3316,44.0,6,999,1,-0.1,93.2,-42.0,4.021,5195.8,999.0,3,0.0,0.0,0.0,2,8,0.0,2,11,1,2
3317,51.0,1,999,0,1.4,93.444,-36.1,4.968,5228.1,999.0,0,1.0,0.0,0.0,2,8,0.0,5,8,1,1
3318,36.0,1,999,0,-1.8,92.893,-46.2,1.25,5099.1,999.0,0,0.0,0.0,0.0,2,7,0.0,3,5,1,1
3319,24.0,1,999,0,1.1,93.994,-36.4,4.857,5191.0,999.0,0,0.0,1.0,1.0,2,5,0.0,6,5,2,1
3320,27.0,1,999,0,1.4,93.918,-42.7,4.961,5228.1,999.0,0,1.0,0.0,0.0,2,2,0.0,4,7,1,1
3321,39.0,3,999,0,-1.8,93.075,-47.1,1.445,5099.1,999.0,0,1.0,0.0,0.0,2,4,0.0,4,4,1,1
3322,30.0,1,999,0,1.4,94.465,-41.8,4.967,5228.1,999.0,0,0.0,0.0,1.0,2,7,0.0,6,6,1,1
3323,31.0,2,999,0,1.4,93.444,-36.1,4.964,5228.1,999.0,0,0.0,1.0,0.0,2,8,0.0,5,8,1,1
3324,41.0,1,999,0,1.1,93.994,-36.4,4.857,5191.0,999.0,0,0.0,0.0,1.0,2,3,0.0,4,5,1,1
3325,56.0,2,999,0,1.4,93.918,-42.7,4.961,5228.1,999.0,0,1.0,0.0,0.0,2,2,0.0,4,7,1,1
3326,47.0,2,999,0,1.4,93.444,-36.1,4.965,5228.1,999.0,0,1.0,1.0,0.0,2,5,0.0,5,8,2,1
3327,31.0,2,999,0,1.4,93.444,-36.1,4.963,5228.1,999.0,0,0.0,0.0,0.0,1,5,0.0,6,8,2,1
3328,46.0,1,999,0,1.1,93.994,-36.4,4.856,5191.0,999.0,0,1.0,0.0,1.0,2,3,0.0,4,5,1,1
3329,31.0,2,999,1,-1.8,92.893,-46.2,1.27,5099.1,999.0,1,1.0,0.0,0.0,3,8,0.0,12,5,1,2
3330,31.0,1,999,0,1.4,93.918,-42.7,4.963,5228.1,999.0,0,1.0,0.0,0.0,2,8,0.0,6,7,1,1
3331,31.0,2,999,0,1.4,94.465,-41.8,4.958,5228.1,999.0,0,0.0,0.0,1.0,2,7,0.0,5,6,1,1
3332,32.0,1,999,0,-1.7,94.215,-40.3,0.822,4991.6,999.0,0,1.0,0.0,0.0,1,7,0.0,6,7,1,1
3333,44.0,1,999,0,-1.8,93.075,-47.1,1.405,5099.1,999.0,0,1.0,1.0,0.0,2,4,0.0,4,4,1,1
3334,29.0,1,999,0,1.4,93.444,-36.1,4.964,5228.1,999.0,0,1.0,0.0,0.0,1,7,0.0,6,8,1,1
3335,29.0,1,999,0,1.4,93.918,-42.7,4.962,5228.1,999.0,0,1.0,0.0,1.0,1,8,0.0,9,7,1,1
3336,31.0,1,999,0,-2.9,92.201,-31.4,0.861,5076.2,999.0,0,1.0,0.0,0.0,1,7,0.0,5,8,2,1
3337,41.0,1,999,0,-1.8,93.749,-34.6,0.645,5008.7,999.0,0,1.0,0.0,0.0,2,8,0.0,6,4,1,1
3338,31.0,2,999,0,-0.1,93.2,-42.0,4.076,5195.8,999.0,0,1.0,1.0,0.0,2,8,0.0,6,11,1,1
3339,44.0,4,999,1,-0.1,93.2,-42.0,4.076,5195.8,999.0,3,1.0,0.0,0.0,2,4,0.0,1,11,1,2
3340,52.0,2,999,1,-3.4,92.649,-30.1,0.722,5017.5,999.0,0,0.0,0.0,0.0,2,8,0.0,3,11,2,2
3341,31.0,4,999,0,1.4,93.444,-36.1,4.966,5228.1,999.0,0,1.0,0.0,0.0,2,8,0.0,4,8,1,1
3342,44.0,3,999,0,1.4,93.918,-42.7,4.962,5228.1,999.0,0,0.0,0.0,0.0,2,5,0.0,7,7,2,1
3343,27.0,1,999,0,1.4,93.918,-42.7,4.958,5228.1,999.0,0,1.0,0.0,0.0,1,8,0.0,6,7,1,1
3344,41.0,1,999,0,1.4,94.465,-41.8,4.961,5228.1,999.0,0,0.0,1.0,1.0,1,3,0.0,12,6,2,1
3345,23.0,1,999,0,1.4,93.918,-42.7,4.963,5228.1,999.0,0,0.0,1.0,0.0,1,5,0.0,9,7,1,1
3346,48.0,1,999,0,-1.8,92.893,-46.2,1.25,5099.1,999.0,0,0.0,0.0,0.0,2,8,0.0,4,5,1,1
3347,59.0,10,999,0,1.4,93.918,-42.7,4.962,5228.1,999.0,0,0.0,0.0,0.0,2,7,0.0,5,7,1,1
3348,35.0,1,999,0,1.4,93.918,-42.7,4.961,5228.1,999.0,0,0.0,0.0,0.0,1,5,0.0,9,7,1,1
3349,48.0,1,999,0,-1.8,92.893,-46.2,1.344,5099.1,999.0,0,0.0,0.0,0.0,1,2,0.0,4,5,1,1
3350,34.0,2,999,0,1.4,93.444,-36.1,4.963,5228.1,999.0,0,0.0,0.0,0.0,2,5,0.0,5,8,1,1
3351,31.0,2,999,0,-0.1,93.2,-42.0,4.076,5195.8,999.0,0,1.0,0.0,0.0,2,7,0.0,6,11,1,1
3352,42.0,1,999,0,1.4,93.444,-36.1,4.963,5228.1,999.0,0,0.0,0.0,0.0,2,8,0.0,6,8,1,1
3353,53.0,3,999,0,1.4,93.918,-42.7,4.962,5228.1,999.0,0,1.0,0.0,1.0,3,8,0.0,6,7,2,1
3354,20.0,1,999,0,-1.8,92.843,-50.0,1.538,5099.1,999.0,0,1.0,0.0,0.0,1,4,0.0,11,3,1,1
3355,37.0,2,999,0,-3.4,92.431,-26.9,0.72,5017.5,999.0,0,1.0,0.0,0.0,1,7,0.0,6,10,1,1
3356,31.0,1,999,0,1.4,93.444,-36.1,4.964,5228.1,999.0,0,1.0,0.0,0.0,2,4,0.0,4,8,1,1
3357,33.0,2,999,0,1.1,93.994,-36.4,4.859,5191.0,999.0,0,1.0,1.0,1.0,2,5,0.0,6,5,1,1
3358,33.0,3,999,0,1.1,93.994,-36.4,4.859,5191.0,999.0,0,0.0,0.0,1.0,1,4,0.0,4,5,1,1
3359,52.0,5,999,0,1.4,93.444,-36.1,4.965,5228.1,999.0,0,1.0,1.0,0.0,2,5,0.0,9,8,2,1
3360,51.0,2,999,0,1.4,94.465,-41.8,4.96,5228.1,999.0,0,0.0,0.0,1.0,3,8,0.0,4,6,2,1
3361,34.0,3,999,0,1.1,93.994,-36.4,4.856,5191.0,999.0,0,0.0,0.0,1.0,2,4,0.0,4,5,1,1
3362,41.0,3,999,0,1.1,93.994,-36.4,4.859,5191.0,999.0,0,0.0,0.0,1.0,2,8,0.0,4,5,1,1
3363,57.0,1,2,1,-1.8,93.075,-47.1,1.365,5099.1,0.0666666666667,1,1.0,0.0,0.0,2,8,0.0,8,4,1,3
3364,57.0,7,999,0,1.4,93.918,-42.7,4.961,5228.1,999.0,0,1.0,0.0,0.0,2,6,0.0,6,7,1,1
3365,36.0,1,999,0,1.1,93.994,-36.4,4.855,5191.0,999.0,0,0.0,1.0,1.0,2,7,0.0,7,5,1,1
3366,31.0,10,999,0,1.4,93.444,-36.1,4.963,5228.1,999.0,0,0.0,1.0,0.0,2,7,0.0,6,8,2,1
3367,34.0,1,999,2,-1.1,94.767,-50.8,1.031,4963.6,999.0,0,1.0,0.0,0.0,1,8,0.0,11,11,1,2
3368,56.0,3,999,0,1.1,93.994,-36.4,4.86,5191.0,999.0,0,1.0,0.0,1.0,3,4,0.0,6,5,1,1
3369,31.0,3,999,0,1.4,93.444,-36.1,4.963,5228.1,999.0,0,0.0,0.0,0.0,2,4,0.0,6,8,1,1
3370,25.0,2,999,0,1.4,93.918,-42.7,4.96,5228.1,999.0,0,0.0,0.0,0.0,1,5,0.0,9,7,2,1
3371,31.0,4,999,0,1.1,93.994,-36.4,4.86,5191.0,999.0,0,1.0,0.0,1.0,1,5,0.0,6,5,1,1
3372,44.0,2,999,0,1.1,93.994,-36.4,4.859,5191.0,999.0,0,0.0,0.0,1.0,1,8,0.0,5,5,1,1
3373,23.0,1,999,0,1.4,93.918,-42.7,4.963,5228.1,999.0,0,0.0,0.0,0.0,1,6,0.0,6,7,1,1
3374,31.0,1,999,0,-2.9,92.201,-31.4,0.861,5076.2,999.0,0,0.0,0.0,0.0,2,8,0.0,5,8,2,1
3375,37.0,6,999,0,-1.8,92.893,-46.2,1.25,5099.1,999.0,0,1.0,0.0,0.0,2,5,0.0,6,5,1,1
3376,36.0,3,999,2,-1.8,93.075,-47.1,1.435,5099.1,999.0,8,1.0,0.0,0.0,1,7,0.0,6,4,1,2
3377,23.0,1,999,0,1.4,93.918,-42.7,4.962,5228.1,999.0,0,1.0,0.0,0.0,2,4,0.0,4,7,1,1
3378,33.0,2,999,0,1.1,93.994,-36.4,4.857,5191.0,999.0,0,0.0,0.0,1.0,1,3,0.0,9,5,2,1
3379,53.0,2,999,0,-0.1,93.2,-42.0,4.021,5195.8,999.0,0,1.0,1.0,1.0,3,5,0.0,6,11,1,1
3380,35.0,1,999,0,-1.8,92.893,-46.2,1.291,5099.1,999.0,0,0.0,0.0,0.0,2,4,0.0,5,5,1,1
3381,31.0,2,999,0,1.4,93.918,-42.7,4.963,5228.1,999.0,0,1.0,0.0,0.0,1,6,0.0,6,7,1,1
3382,35.0,1,999,0,1.4,93.918,-42.7,4.962,5228.1,999.0,0,0.0,0.0,0.0,1,8,0.0,9,7,1,1
3383,31.0,2,999,0,1.4,94.465,-41.8,4.961,5228.1,999.0,0,1.0,0.0,1.0,2,2,0.0,4,6,1,1
3384,31.0,3,999,0,-1.8,93.075,-47.1,1.415,5099.1,999.0,0,1.0,0.0,1.0,1,5,0.0,6,4,1,1
3385,30.0,1,999,0,1.4,93.444,-36.1,4.964,5228.1,999.0,0,1.0,1.0,0.0,2,7,0.0,6,8,1,1
3386,31.0,3,999,0,1.4,94.465,-41.8,4.958,5228.1,999.0,0,1.0,1.0,1.0,3,7,0.0,3,6,1,1
3387,41.0,3,999,0,1.4,93.918,-42.7,4.96,5228.1,999.0,0,0.0,0.0,0.0,2,2,0.0,4,7,2,1
3388,49.0,3,999,0,-1.8,92.893,-46.2,1.25,5099.1,999.0,0,0.0,0.0,0.0,2,5,0.0,1,5,1,1
3389,50.0,1,999,0,1.4,94.465,-41.8,4.866,5228.1,999.0,0,1.0,0.0,1.0,2,8,0.0,5,6,1,1
3390,31.0,1,999,0,1.4,94.465,-41.8,4.958,5228.1,999.0,0,1.0,0.0,1.0,2,5,0.0,5,6,1,1
3391,31.0,1,999,0,-2.9,92.963,-40.8,1.26,5076.2,999.0,0,0.0,0.0,0.0,2,6,0.0,8,6,1,1
3392,28.0,2,3,2,-1.8,93.876,-40.0,0.697,5008.7,0.1,0,0.0,0.0,0.0,1,7,0.0,6,5,1,3
3393,34.0,2,999,0,-1.8,93.075,-47.1,1.365,5099.1,999.0,0,0.0,0.0,0.0,1,6,0.0,6,4,1,1
3394,32.0,7,999,0,1.4,93.444,-36.1,4.963,5228.1,999.0,0,1.0,1.0,0.0,1,7,0.0,6,8,1,1
3395,46.0,5,999,0,1.4,94.465,-41.8,4.961,5228.1,999.0,0,1.0,1.0,1.0,2,7,0.0,4,6,1,1
3396,31.0,1,999,0,-1.8,92.893,-46.2,1.344,5099.1,999.0,0,1.0,0.0,0.0,2,4,0.0,4,5,1,1
3397,40.0,1,999,0,1.4,93.444,-36.1,4.968,5228.1,999.0,0,0.0,0.0,0.0,2,6,0.0,5,8,1,1
3398,31.0,1,999,0,1.4,93.444,-36.1,4.968,5228.1,999.0,0,1.0,0.0,0.0,1,8,0.0,5,8,1,1
3399,33.0,4,999,0,1.4,93.444,-36.1,4.963,5228.1,999.0,0,1.0,1.0,0.0,1,7,0.0,6,8,2,1
3400,48.0,1,999,0,1.4,93.918,-42.7,4.963,5228.1,999.0,0,1.0,0.0,1.0,3,6,0.0,5,7,1,1
3401,29.0,1,999,0,-1.8,92.893,-46.2,1.334,5099.1,999.0,0,0.0,1.0,0.0,2,4,0.0,4,5,1,1
3402,31.0,3,999,0,-1.8,92.893,-46.2,1.266,5099.1,999.0,0,1.0,0.0,0.0,2,7,0.0,6,5,1,1
3403,57.0,7,1,2,-1.8,92.893,-46.2,1.281,5099.1,0.0333333333333,6,1.0,0.0,0.0,2,5,0.0,9,5,1,3
3404,39.0,4,999,0,-0.1,93.2,-42.0,4.021,5195.8,999.0,0,0.0,0.0,1.0,2,6,0.0,1,11,1,1
3405,35.0,6,999,0,-0.1,93.2,-42.0,4.076,5195.8,999.0,0,0.0,0.0,0.0,2,6,0.0,5,11,1,1
3406,43.0,1,999,0,1.4,93.918,-42.7,4.958,5228.1,999.0,0,1.0,0.0,0.0,1,7,0.0,5,7,1,1
3407,58.0,1,999,0,1.4,93.918,-42.7,4.962,5228.1,999.0,0,1.0,0.0,1.0,2,8,0.0,8,7,2,1
3408,56.0,2,999,0,-0.1,93.2,-42.0,4.021,5195.8,999.0,0,1.0,1.0,0.0,2,8,0.0,10,11,1,1
3409,36.0,4,999,0,1.4,93.444,-36.1,4.968,5228.1,999.0,0,1.0,0.0,0.0,2,7,0.0,6,8,1,1
3410,42.0,1,999,0,1.4,94.465,-41.8,4.864,5228.1,999.0,0,0.0,0.0,1.0,2,7,0.0,5,6,1,1
3411,56.0,1,999,0,-0.1,93.2,-42.0,4.153,5195.8,999.0,0,1.0,0.0,0.0,2,5,0.0,6,11,1,1
3412,36.0,1,4,4,-1.7,94.055,-39.8,0.72,4991.6,0.133333333333,12,0.0,1.0,0.0,1,7,0.0,1,6,2,3
3413,36.0,1,999,0,-2.9,92.201,-31.4,0.869,5076.2,999.0,0,0.0,0.0,0.0,1,7,0.0,10,8,1,1
3414,31.0,2,999,1,-1.8,92.893,-46.2,1.327,5099.1,999.0,2,1.0,1.0,0.0,2,5,0.0,9,5,1,2
3415,56.0,1,999,0,-0.1,93.2,-42.0,4.076,5195.8,999.0,0,0.0,0.0,0.0,2,8,0.0,2,11,1,1
3416,51.0,4,999,0,1.4,93.918,-42.7,4.961,5228.1,999.0,0,1.0,0.0,0.0,3,8,0.0,6,7,1,1
3417,42.0,3,999,0,1.4,93.918,-42.7,4.962,5228.1,999.0,0,1.0,0.0,0.0,2,8,0.0,1,7,1,1
3418,29.0,4,999,0,1.1,93.994,-36.4,4.857,5191.0,999.0,0,1.0,0.0,1.0,2,5,0.0,9,5,1,1
3419,40.0,1,999,0,1.4,94.465,-41.8,4.865,5228.1,999.0,0,1.0,1.0,1.0,2,3,0.0,4,6,2,1
3420,31.0,1,999,0,-3.4,92.431,-26.9,0.728,5017.5,999.0,0,0.0,0.0,0.0,1,5,0.0,9,10,1,1
3421,36.0,2,999,0,1.4,93.444,-36.1,4.963,5228.1,999.0,0,1.0,0.0,0.0,3,8,0.0,6,8,2,1
3422,31.0,2,999,0,-1.8,92.893,-46.2,1.244,5099.1,999.0,0,1.0,0.0,0.0,2,5,0.0,6,5,2,1
3423,42.0,1,999,0,1.4,93.918,-42.7,4.957,5228.1,999.0,0,1.0,0.0,0.0,2,5,0.0,5,7,1,1
3424,31.0,1,999,0,-2.9,92.201,-31.4,0.883,5076.2,999.0,0,0.0,0.0,0.0,2,5,0.0,3,8,1,1
3425,38.0,2,999,0,1.4,93.444,-36.1,4.964,5228.1,999.0,0,0.0,0.0,0.0,1,8,0.0,5,8,1,1
3426,28.0,2,999,0,-1.1,94.601,-49.5,0.959,4963.6,999.0,0,0.0,0.0,0.0,1,8,0.0,6,10,1,1
3427,31.0,1,999,0,1.1,93.994,-36.4,4.856,5191.0,999.0,0,0.0,0.0,1.0,2,7,0.0,6,5,1,1
3428,55.0,5,999,0,1.4,93.444,-36.1,4.963,5228.1,999.0,0,1.0,1.0,0.0,2,5,0.0,8,8,1,1
3429,36.0,4,999,1,-1.8,92.893,-46.2,1.291,5099.1,999.0,1,0.0,0.0,0.0,2,5,0.0,4,5,1,2
3430,31.0,1,999,0,1.4,94.465,-41.8,4.967,5228.1,999.0,0,0.0,1.0,1.0,2,6,0.0,5,6,1,1
3431,31.0,3,999,0,1.1,93.994,-36.4,4.857,5191.0,999.0,0,0.0,0.0,1.0,2,4,0.0,5,5,2,1
3432,46.0,2,999,0,-0.1,93.2,-42.0,4.076,5195.8,999.0,0,1.0,1.0,0.0,1,7,0.0,3,11,1,1
3433,29.0,2,999,0,1.4,93.918,-42.7,4.962,5228.1,999.0,0,1.0,0.0,0.0,2,8,0.0,5,7,1,1
3434,43.0,2,999,0,1.4,93.444,-36.1,4.968,5228.1,999.0,0,1.0,0.0,0.0,1,8,0.0,6,8,1,1
3435,31.0,6,999,0,1.1,93.994,-36.4,4.86,5191.0,999.0,0,0.0,0.0,1.0,1,8,0.0,6,5,1,1
3436,24.0,2,999,0,1.4,93.918,-42.7,4.957,5228.1,999.0,0,1.0,0.0,0.0,1,5,0.0,9,7,1,1
3437,43.0,6,999,0,1.4,93.918,-42.7,4.959,5228.1,999.0,0,1.0,0.0,1.0,1,6,0.0,5,7,1,1
3438,41.0,1,999,0,-2.9,92.963,-40.8,1.262,5076.2,999.0,0,1.0,0.0,0.0,2,8,0.0,7,6,1,1
3439,32.0,3,999,0,-1.8,92.893,-46.2,1.25,5099.1,999.0,0,1.0,0.0,0.0,1,8,0.0,9,5,1,1
3440,30.0,1,999,0,1.1,93.994,-36.4,4.856,5191.0,999.0,0,0.0,0.0,1.0,1,8,0.0,6,5,1,1
3441,44.0,6,999,0,1.4,93.444,-36.1,4.962,5228.1,999.0,0,1.0,1.0,0.0,2,4,0.0,6,8,1,1
3442,31.0,1,999,0,1.4,93.444,-36.1,4.966,5228.1,999.0,0,0.0,0.0,0.0,2,5,0.0,5,8,1,1
3443,53.0,1,999,0,1.1,93.994,-36.4,4.86,5191.0,999.0,0,0.0,0.0,1.0,3,2,0.0,8,5,1,1
3444,29.0,1,999,0,1.1,93.994,-36.4,4.859,5191.0,999.0,0,0.0,0.0,1.0,3,5,0.0,9,5,1,1
3445,46.0,1,999,0,1.4,93.918,-42.7,4.959,5228.1,999.0,0,1.0,0.0,1.0,2,8,0.0,4,7,1,1
3446,33.0,2,999,1,-1.8,92.893,-46.2,1.266,5099.1,999.0,1,0.0,0.0,0.0,2,6,0.0,4,5,1,2
3447,32.0,2,999,0,-1.8,92.893,-46.2,1.313,5099.1,999.0,0,0.0,0.0,0.0,2,7,0.0,3,5,1,1
3448,43.0,1,999,1,-2.9,92.201,-31.4,0.884,5076.2,999.0,2,0.0,0.0,0.0,3,8,0.0,1,8,2,2
3449,42.0,2,999,0,-1.8,92.893,-46.2,1.244,5099.1,999.0,0,1.0,0.0,0.0,1,7,0.0,5,5,2,1
3450,49.0,2,999,0,1.4,93.444,-36.1,4.963,5228.1,999.0,0,0.0,0.0,0.0,2,3,0.0,4,8,1,1
3451,25.0,1,999,0,1.4,93.918,-42.7,4.958,5228.1,999.0,0,1.0,0.0,0.0,2,8,0.0,4,7,1,1
3452,56.0,7,999,0,-0.1,93.2,-42.0,4.021,5195.8,999.0,0,1.0,0.0,1.0,2,4,0.0,3,11,1,1
3453,38.0,2,999,0,1.1,93.994,-36.4,4.856,5191.0,999.0,0,1.0,0.0,1.0,1,7,0.0,4,5,1,1
3454,31.0,3,999,0,1.4,93.444,-36.1,4.966,5228.1,999.0,0,0.0,0.0,0.0,2,3,0.0,4,8,1,1
3455,31.0,2,999,0,-1.8,92.843,-50.0,1.531,5099.1,999.0,0,1.0,0.0,0.0,1,8,0.0,6,3,1,1
3456,38.0,12,999,0,1.1,93.994,-36.4,4.856,5191.0,999.0,0,1.0,0.0,1.0,1,8,0.0,5,5,1,1
3457,28.0,8,999,0,1.4,93.918,-42.7,4.968,5228.1,999.0,0,0.0,1.0,0.0,2,8,0.0,4,7,1,1
3458,31.0,2,999,0,1.4,93.444,-36.1,4.963,5228.1,999.0,0,1.0,0.0,0.0,2,6,0.0,5,8,1,1
3459,31.0,1,999,1,-1.8,92.893,-46.2,1.327,5099.1,999.0,2,1.0,0.0,0.0,2,5,0.0,7,5,1,2
3460,31.0,1,999,0,1.4,93.918,-42.7,4.957,5228.1,999.0,0,1.0,0.0,0.0,1,4,0.0,4,7,1,1
3461,32.0,3,999,0,-0.1,93.2,-42.0,4.153,5195.8,999.0,0,1.0,0.0,0.0,2,3,0.0,4,11,1,1
3462,32.0,4,999,0,-1.8,93.075,-47.1,1.453,5099.1,999.0,0,0.0,0.0,0.0,1,8,0.0,5,4,1,1
3463,30.0,3,999,0,-2.9,92.963,-40.8,1.26,5076.2,999.0,0,1.0,0.0,0.0,1,7,0.0,6,6,1,1
3464,31.0,3,999,0,-2.9,92.963,-40.8,1.252,5076.2,999.0,0,1.0,1.0,0.0,2,2,0.0,8,6,1,1
3465,29.0,1,999,1,-1.8,92.893,-46.2,1.291,5099.1,999.0,1,0.0,0.0,0.0,2,2,0.0,4,5,1,2
3466,31.0,2,999,0,1.4,94.465,-41.8,4.96,5228.1,999.0,0,0.0,0.0,1.0,2,4,0.0,4,6,1,1
3467,40.0,2,999,0,1.4,93.444,-36.1,4.968,5228.1,999.0,0,1.0,0.0,0.0,2,8,0.0,5,8,1,1
3468,55.0,3,3,1,-2.9,92.963,-40.8,1.268,5076.2,0.1,3,1.0,0.0,0.0,2,5,0.0,8,6,1,3
3469,79.0,2,3,1,-3.4,92.649,-30.1,0.715,5017.5,0.1,3,0.0,1.0,0.0,2,8,0.0,8,11,1,3
3470,27.0,3,999,0,1.4,93.918,-42.7,4.961,5228.1,999.0,0,1.0,0.0,1.0,3,5,0.0,9,7,1,1
3471,52.0,1,999,0,-0.1,93.2,-42.0,4.021,5195.8,999.0,0,1.0,0.0,0.0,2,8,0.0,5,11,1,1
3472,37.0,1,999,0,-1.8,92.893,-46.2,1.327,5099.1,999.0,0,0.0,0.0,0.0,1,8,0.0,4,5,1,1
3473,35.0,1,999,0,1.4,93.918,-42.7,4.961,5228.1,999.0,0,1.0,0.0,0.0,3,2,0.0,4,7,1,1
3474,34.0,21,999,0,1.4,93.918,-42.7,4.968,5228.1,999.0,0,1.0,0.0,0.0,3,8,0.0,5,7,1,1
3475,31.0,4,999,1,-1.8,92.893,-46.2,1.25,5099.1,999.0,0,0.0,0.0,1.0,1,4,0.0,4,5,1,2
3476,31.0,4,999,0,1.4,93.918,-42.7,4.962,5228.1,999.0,0,0.0,1.0,0.0,2,7,0.0,1,7,2,1
3477,51.0,2,999,0,-0.1,93.2,-42.0,4.12,5195.8,999.0,0,0.0,0.0,0.0,2,8,0.0,2,11,1,1
3478,31.0,2,999,0,1.4,93.918,-42.7,4.962,5228.1,999.0,0,0.0,0.0,0.0,2,7,0.0,3,7,1,1
3479,44.0,8,999,0,1.1,93.994,-36.4,4.856,5191.0,999.0,0,0.0,0.0,1.0,2,2,0.0,4,5,1,1
3480,27.0,1,999,0,1.4,93.918,-42.7,4.962,5228.1,999.0,0,0.0,0.0,0.0,1,5,0.0,6,7,1,1
3481,56.0,3,999,0,1.4,93.444,-36.1,4.966,5228.1,999.0,0,1.0,0.0,0.0,2,4,0.0,4,8,1,1
3482,31.0,2,999,0,-0.1,93.2,-42.0,4.076,5195.8,999.0,0,1.0,0.0,0.0,1,4,0.0,4,11,1,1
3483,35.0,2,999,0,1.4,93.918,-42.7,4.963,5228.1,999.0,0,0.0,0.0,0.0,2,8,0.0,4,7,1,1
3484,34.0,3,999,0,1.4,93.444,-36.1,4.968,5228.1,999.0,0,0.0,0.0,0.0,1,8,0.0,6,8,1,1
3485,31.0,1,999,0,-2.9,92.963,-40.8,1.215,5076.2,999.0,0,0.0,0.0,0.0,1,6,0.0,5,6,2,1
3486,31.0,1,999,0,1.1,93.994,-36.4,4.859,5191.0,999.0,0,0.0,0.0,1.0,1,8,0.0,4,5,1,1
3487,31.0,1,999,0,1.4,93.918,-42.7,4.958,5228.1,999.0,0,0.0,0.0,0.0,1,7,0.0,6,7,1,1
3488,41.0,1,999,0,1.4,93.918,-42.7,4.968,5228.1,999.0,0,1.0,0.0,0.0,3,5,0.0,9,7,1,1
3489,49.0,5,999,0,1.4,93.444,-36.1,4.965,5228.1,999.0,0,0.0,0.0,0.0,2,7,0.0,3,8,2,1
3490,45.0,5,999,0,1.4,93.918,-42.7,4.962,5228.1,999.0,0,0.0,0.0,1.0,2,6,0.0,5,7,1,1
3491,44.0,2,999,0,1.1,93.994,-36.4,4.86,5191.0,999.0,0,1.0,0.0,1.0,2,7,0.0,6,5,1,1
3492,31.0,2,999,0,1.1,93.994,-36.4,4.859,5191.0,999.0,0,1.0,0.0,1.0,1,8,0.0,9,5,1,1
3493,35.0,2,999,0,1.4,93.918,-42.7,4.963,5228.1,999.0,0,0.0,1.0,0.0,2,5,0.0,6,7,1,1
3494,53.0,2,999,0,1.1,93.994,-36.4,4.857,5191.0,999.0,0,0.0,1.0,1.0,2,8,0.0,7,5,1,1
3495,37.0,2,999,0,1.1,93.994,-36.4,4.857,5191.0,999.0,0,0.0,0.0,1.0,1,8,0.0,4,5,1,1
3496,36.0,1,999,0,1.1,93.994,-36.4,4.856,5191.0,999.0,0,0.0,0.0,1.0,2,4,0.0,4,5,1,1
3497,38.0,5,999,0,1.4,93.444,-36.1,4.964,5228.1,999.0,0,1.0,1.0,0.0,1,8,0.0,6,8,1,1
3498,56.0,2,999,0,1.4,93.918,-42.7,4.962,5228.1,999.0,0,0.0,0.0,0.0,2,7,0.0,9,7,2,1
3499,31.0,2,999,0,-1.7,94.215,-40.3,0.797,4991.6,999.0,0,1.0,0.0,0.0,1,8,0.0,11,7,1,1
3500,31.0,5,999,0,1.4,93.444,-36.1,4.963,5228.1,999.0,0,1.0,1.0,0.0,1,8,0.0,5,8,1,1
3501,31.0,1,999,0,1.4,93.444,-36.1,4.963,5228.1,999.0,0,0.0,1.0,0.0,1,7,0.0,6,8,1,1
3502,31.0,1,999,0,1.1,93.994,-36.4,4.859,5191.0,999.0,0,0.0,0.0,1.0,2,5,0.0,9,5,1,1
3503,31.0,1,999,0,-1.8,93.075,-47.1,1.453,5099.1,999.0,0,1.0,0.0,1.0,2,5,0.0,6,4,1,1
3504,51.0,2,999,0,1.1,93.994,-36.4,4.857,5191.0,999.0,0,0.0,1.0,1.0,3,7,0.0,7,5,2,1
3505,41.0,4,999,0,1.4,94.465,-41.8,4.864,5228.1,999.0,0,0.0,0.0,1.0,2,8,0.0,3,6,1,1
3506,58.0,1,999,0,-3.4,92.431,-26.9,0.74,5017.5,999.0,0,1.0,0.0,1.0,2,8,0.0,5,10,1,1
3507,51.0,1,999,0,1.4,93.918,-42.7,4.962,5228.1,999.0,0,1.0,1.0,0.0,2,8,0.0,5,7,1,1
3508,36.0,2,999,0,1.1,93.994,-36.4,4.857,5191.0,999.0,0,0.0,1.0,1.0,1,5,0.0,4,5,1,1
3509,31.0,2,999,0,1.4,93.444,-36.1,4.967,5228.1,999.0,0,1.0,0.0,0.0,1,7,0.0,6,8,1,1
3510,31.0,1,999,0,-2.9,92.469,-33.6,1.072,5076.2,999.0,0,0.0,1.0,0.0,2,3,0.0,2,7,1,1
3511,47.0,4,999,0,-1.8,92.893,-46.2,1.299,5099.1,999.0,0,0.0,0.0,0.0,2,2,0.0,4,5,2,1
3512,31.0,2,999,0,-1.8,93.075,-47.1,1.405,5099.1,999.0,0,1.0,0.0,0.0,2,8,0.0,3,4,1,1
3513,34.0,1,999,0,-1.8,92.893,-46.2,1.281,5099.1,999.0,0,0.0,0.0,0.0,2,5,0.0,4,5,1,1
3514,34.0,1,999,0,1.4,93.444,-36.1,4.963,5228.1,999.0,0,0.0,0.0,1.0,2,8,0.0,6,8,2,1
3515,57.0,7,999,0,1.1,93.994,-36.4,4.856,5191.0,999.0,0,1.0,1.0,1.0,2,2,0.0,4,5,1,1
3516,43.0,7,999,0,-1.8,93.075,-47.1,1.445,5099.1,999.0,0,1.0,0.0,1.0,2,5,0.0,9,4,1,1
3517,31.0,1,999,0,1.4,94.465,-41.8,4.959,5228.1,999.0,0,0.0,0.0,1.0,1,8,0.0,10,6,1,1
3518,34.0,5,999,0,1.4,93.918,-42.7,4.962,5228.1,999.0,0,1.0,0.0,0.0,2,6,0.0,5,7,1,1
3519,41.0,8,999,0,1.1,93.994,-36.4,4.859,5191.0,999.0,0,1.0,0.0,1.0,2,7,0.0,3,5,1,1
3520,35.0,1,999,0,1.4,94.465,-41.8,4.959,5228.1,999.0,0,0.0,1.0,1.0,1,5,0.0,9,6,1,1
3521,43.0,2,999,0,1.4,93.918,-42.7,4.962,5228.1,999.0,0,0.0,0.0,0.0,3,8,0.0,10,7,2,1
3522,27.0,4,999,0,-1.8,92.893,-46.2,1.291,5099.1,999.0,0,0.0,1.0,0.0,2,5,0.0,9,5,1,1
3523,44.0,1,999,0,1.1,93.994,-36.4,4.856,5191.0,999.0,0,1.0,0.0,1.0,3,8,0.0,6,5,1,1
3524,31.0,2,999,1,-0.1,93.2,-42.0,4.021,5195.8,999.0,2,0.0,0.0,0.0,2,3,0.0,4,11,1,2
3525,38.0,1,999,0,-0.1,93.2,-42.0,4.021,5195.8,999.0,0,1.0,0.0,0.0,1,6,0.0,5,11,1,1
3526,55.0,2,999,1,-1.8,93.749,-34.6,0.644,5008.7,999.0,1,1.0,0.0,0.0,2,6,0.0,5,4,1,2
3527,25.0,2,999,0,-1.8,92.893,-46.2,1.266,5099.1,999.0,0,1.0,0.0,0.0,1,5,0.0,4,5,1,1
3528,31.0,1,999,0,1.1,93.994,-36.4,4.857,5191.0,999.0,0,1.0,1.0,1.0,1,5,0.0,6,5,2,1
3529,38.0,1,999,0,1.1,93.994,-36.4,4.856,5191.0,999.0,0,0.0,0.0,1.0,2,3,0.0,4,5,1,1
3530,35.0,6,999,0,1.4,93.444,-36.1,4.963,5228.1,999.0,0,1.0,0.0,0.0,1,7,0.0,6,8,2,1
3531,50.0,1,999,0,-0.1,93.2,-42.0,4.153,5195.8,999.0,0,1.0,1.0,0.0,2,6,0.0,5,11,1,1
3532,43.0,1,999,0,1.1,93.994,-36.4,4.857,5191.0,999.0,0,1.0,0.0,1.0,2,8,0.0,4,5,1,1
3533,31.0,1,999,0,1.1,93.994,-36.4,4.857,5191.0,999.0,0,0.0,0.0,1.0,2,7,0.0,1,5,1,1
3534,48.0,1,999,0,1.4,94.465,-41.8,4.864,5228.1,999.0,0,1.0,1.0,1.0,2,5,0.0,6,6,1,1
3535,31.0,4,999,1,-1.8,92.893,-46.2,1.334,5099.1,999.0,1,0.0,1.0,0.0,2,3,0.0,4,5,1,2
3536,40.0,1,999,0,1.4,93.444,-36.1,4.962,5228.1,999.0,0,1.0,0.0,0.0,1,6,0.0,5,8,1,1
3537,50.0,1,999,0,-1.8,93.369,-34.8,0.653,5008.7,999.0,0,1.0,0.0,0.0,2,7,0.0,5,3,1,1
3538,35.0,3,999,0,-1.8,92.893,-46.2,1.299,5099.1,999.0,0,1.0,0.0,0.0,2,7,0.0,5,5,2,1
3539,31.0,4,999,0,1.1,93.994,-36.4,4.857,5191.0,999.0,0,0.0,1.0,1.0,2,7,0.0,5,5,1,1
3540,31.0,6,999,0,-1.8,92.893,-46.2,1.266,5099.1,999.0,0,1.0,0.0,0.0,2,3,0.0,9,5,1,1
3541,46.0,3,999,1,-1.8,92.893,-46.2,1.313,5099.1,999.0,2,1.0,0.0,0.0,2,2,0.0,9,5,1,2
3542,36.0,1,999,0,1.4,93.918,-42.7,4.963,5228.1,999.0,0,0.0,0.0,0.0,2,4,0.0,4,7,1,1
3543,49.0,3,999,0,1.4,93.918,-42.7,4.96,5228.1,999.0,0,1.0,1.0,0.0,2,8,0.0,4,7,1,1
3544,31.0,2,999,0,-1.8,93.075,-47.1,1.365,5099.1,999.0,0,1.0,0.0,0.0,2,5,0.0,3,4,1,1
3545,31.0,1,999,0,-1.8,92.893,-46.2,1.327,5099.1,999.0,0,1.0,1.0,0.0,1,7,0.0,6,5,1,1
3546,50.0,1,999,1,-1.8,92.893,-46.2,1.327,5099.1,999.0,1,1.0,0.0,0.0,2,6,0.0,4,5,1,2
3547,41.0,2,999,0,-2.9,92.201,-31.4,0.883,5076.2,999.0,0,1.0,0.0,0.0,1,7,0.0,6,8,1,1
3548,35.0,1,999,0,1.1,93.994,-36.4,4.856,5191.0,999.0,0,1.0,0.0,1.0,2,2,0.0,4,5,1,1
3549,52.0,11,999,0,1.4,93.918,-42.7,4.962,5228.1,999.0,0,0.0,1.0,0.0,1,8,0.0,4,7,1,1
3550,37.0,2,999,2,-3.4,92.649,-30.1,0.719,5017.5,999.0,4,0.0,0.0,0.0,3,5,0.0,7,11,1,2
3551,26.0,2,999,0,1.4,93.918,-42.7,4.962,5228.1,999.0,0,0.0,0.0,1.0,2,4,0.0,4,7,1,1
3552,35.0,2,999,1,-1.8,92.893,-46.2,1.291,5099.1,999.0,2,1.0,1.0,1.0,1,5,0.0,6,5,1,2
3553,31.0,9,999,0,1.1,93.994,-36.4,4.86,5191.0,999.0,0,1.0,0.0,1.0,2,3,0.0,4,5,1,1
3554,32.0,2,999,0,1.1,93.994,-36.4,4.857,5191.0,999.0,0,1.0,0.0,1.0,1,8,0.0,4,5,1,1
3555,26.0,5,999,0,-1.8,92.893,-46.2,1.264,5099.1,999.0,0,1.0,0.0,0.0,1,8,0.0,6,5,2,1
3556,38.0,3,999,0,1.4,94.465,-41.8,4.96,5228.1,999.0,0,0.0,0.0,1.0,3,5,0.0,6,6,2,1
3557,31.0,4,999,0,1.1,93.994,-36.4,4.857,5191.0,999.0,0,1.0,0.0,1.0,2,7,0.0,9,5,1,1
3558,31.0,2,999,0,-1.8,93.075,-47.1,1.405,5099.1,999.0,0,1.0,0.0,0.0,2,8,0.0,3,4,1,1
3559,36.0,3,999,0,1.1,93.994,-36.4,4.864,5191.0,999.0,0,0.0,1.0,1.0,2,4,0.0,4,5,1,1
3560,44.0,1,999,0,1.4,93.918,-42.7,4.968,5228.1,999.0,0,0.0,0.0,0.0,2,8,0.0,9,7,1,1
3561,31.0,3,999,0,-1.8,92.893,-46.2,1.281,5099.1,999.0,0,1.0,1.0,0.0,3,3,0.0,10,5,1,1
3562,43.0,2,999,0,1.1,93.994,-36.4,4.856,5191.0,999.0,0,0.0,0.0,1.0,2,4,0.0,4,5,1,1
3563,31.0,1,999,1,-2.9,92.201,-31.4,0.879,5076.2,999.0,1,0.0,0.0,0.0,2,8,0.0,5,8,1,2
3564,46.0,1,999,1,-0.1,93.2,-42.0,4.12,5195.8,999.0,3,1.0,0.0,0.0,2,8,0.0,3,11,1,2
3565,46.0,4,999,0,1.1,93.994,-36.4,4.859,5191.0,999.0,0,1.0,0.0,1.0,3,7,0.0,6,5,1,1
3566,31.0,1,999,1,-0.1,93.2,-42.0,4.153,5195.8,999.0,0,0.0,0.0,0.0,2,7,0.0,3,11,1,2
3567,31.0,1,999,0,-1.1,94.199,-37.5,0.884,4963.6,999.0,0,1.0,0.0,1.0,2,8,0.0,8,9,1,1
3568,60.0,1,999,0,1.1,93.994,-36.4,4.857,5191.0,999.0,0,0.0,0.0,1.0,3,6,0.0,5,5,1,1
3569,31.0,12,999,0,1.4,94.465,-41.8,4.961,5228.1,999.0,0,0.0,0.0,1.0,2,4,0.0,4,6,2,1
3570,31.0,1,999,0,1.1,93.994,-36.4,4.856,5191.0,999.0,0,0.0,0.0,1.0,2,8,0.0,4,5,1,1
3571,30.0,1,999,0,-1.8,93.075,-47.1,1.365,5099.1,999.0,0,0.0,0.0,0.0,1,7,0.0,6,4,1,1
3572,31.0,1,999,1,-1.1,94.767,-50.8,1.047,4963.6,999.0,3,1.0,0.0,1.0,2,8,0.0,6,11,1,2
3573,40.0,1,999,0,1.1,93.994,-36.4,4.856,5191.0,999.0,0,1.0,0.0,1.0,2,6,0.0,6,5,1,1
3574,32.0,5,999,0,-1.8,92.893,-46.2,1.291,5099.1,999.0,0,0.0,0.0,0.0,1,7,0.0,6,5,1,1
3575,30.0,1,999,0,1.4,93.918,-42.7,4.963,5228.1,999.0,0,1.0,0.0,0.0,2,5,0.0,9,7,1,1
3576,54.0,1,999,0,1.4,93.918,-42.7,4.963,5228.1,999.0,0,0.0,0.0,0.0,2,5,0.0,4,7,1,1
3577,51.0,5,999,0,1.1,93.994,-36.4,4.857,5191.0,999.0,0,1.0,1.0,1.0,2,8,0.0,8,5,1,1
3578,34.0,1,999,0,-1.8,92.893,-46.2,1.281,5099.1,999.0,0,0.0,0.0,0.0,1,5,0.0,5,5,1,1
3579,30.0,4,999,0,1.1,93.994,-36.4,4.855,5191.0,999.0,0,1.0,0.0,1.0,2,5,0.0,6,5,1,1
3580,66.0,1,999,0,-1.8,93.075,-47.1,1.365,5099.1,999.0,0,1.0,0.0,0.0,1,8,0.0,10,4,1,1
3581,31.0,1,999,0,-1.8,92.893,-46.2,1.281,5099.1,999.0,0,1.0,0.0,0.0,3,8,0.0,9,5,1,1
3582,49.0,2,999,0,1.4,93.444,-36.1,4.968,5228.1,999.0,0,0.0,1.0,0.0,2,7,0.0,6,8,1,1
3583,54.0,1,999,0,1.4,93.444,-36.1,4.963,5228.1,999.0,0,0.0,1.0,0.0,2,2,0.0,4,8,1,1
3584,35.0,1,999,0,1.4,93.918,-42.7,4.961,5228.1,999.0,0,1.0,0.0,0.0,1,8,0.0,9,7,1,1
3585,31.0,1,999,0,-1.8,92.893,-46.2,1.313,5099.1,999.0,0,0.0,0.0,0.0,2,3,0.0,4,5,1,1
3586,36.0,11,999,0,1.4,93.918,-42.7,4.963,5228.1,999.0,0,1.0,0.0,0.0,2,5,0.0,4,7,1,1
3587,33.0,3,999,1,-1.8,92.893,-46.2,1.266,5099.1,999.0,7,0.0,1.0,0.0,2,7,0.0,5,5,1,2
3588,44.0,4,999,0,1.4,94.465,-41.8,4.955,5228.1,999.0,0,1.0,1.0,1.0,2,7,0.0,6,6,1,1
3589,38.0,2,999,0,-2.9,92.201,-31.4,0.851,5076.2,999.0,0,0.0,0.0,0.0,3,6,0.0,6,8,1,1
3590,57.0,1,999,0,1.4,93.444,-36.1,4.965,5228.1,999.0,0,1.0,0.0,0.0,1,8,0.0,6,8,1,1
3591,46.0,1,999,0,1.1,93.994,-36.4,4.86,5191.0,999.0,0,0.0,0.0,1.0,2,6,0.0,5,5,1,1
3592,36.0,1,999,0,1.1,93.994,-36.4,4.855,5191.0,999.0,0,1.0,0.0,1.0,2,4,0.0,4,5,1,1
3593,34.0,1,999,0,1.4,93.444,-36.1,4.968,5228.1,999.0,0,1.0,1.0,0.0,3,8,0.0,5,8,1,1
3594,31.0,3,999,0,1.4,93.918,-42.7,4.962,5228.1,999.0,0,1.0,0.0,0.0,2,7,0.0,7,7,2,1
3595,38.0,1,11,1,-1.8,92.893,-46.2,1.281,5099.1,0.366666666667,3,0.0,0.0,0.0,2,4,0.0,4,5,1,3
3596,26.0,4,999,0,1.4,94.465,-41.8,4.961,5228.1,999.0,0,0.0,0.0,1.0,1,8,0.0,4,6,1,1
3597,34.0,2,999,0,1.1,93.994,-36.4,4.856,5191.0,999.0,0,1.0,0.0,1.0,3,6,0.0,5,5,1,1
3598,53.0,2,999,0,1.1,93.994,-36.4,4.857,5191.0,999.0,0,1.0,1.0,1.0,1,8,0.0,6,5,1,1
3599,51.0,1,999,0,1.4,94.465,-41.8,4.865,5228.1,999.0,0,1.0,0.0,1.0,2,4,0.0,4,6,2,1
3600,31.0,2,999,0,1.4,93.918,-42.7,4.958,5228.1,999.0,0,0.0,0.0,0.0,2,8,0.0,6,7,1,1
3601,27.0,4,999,0,-1.8,92.893,-46.2,1.313,5099.1,999.0,0,1.0,0.0,0.0,1,8,0.0,9,5,1,1
3602,44.0,1,999,0,1.4,93.444,-36.1,4.964,5228.1,999.0,0,0.0,0.0,0.0,2,3,0.0,4,8,1,1
3603,37.0,3,999,0,1.4,93.444,-36.1,4.965,5228.1,999.0,0,1.0,1.0,0.0,1,7,0.0,6,8,1,1
3604,54.0,7,999,0,1.1,93.994,-36.4,4.857,5191.0,999.0,0,1.0,0.0,1.0,2,8,0.0,9,5,2,1
3605,31.0,4,999,0,-0.1,93.2,-42.0,4.153,5195.8,999.0,0,1.0,0.0,1.0,1,5,0.0,5,11,1,1
3606,19.0,1,6,2,-1.7,94.215,-40.3,0.827,4991.6,0.2,2,0.0,1.0,1.0,1,8,0.0,11,7,2,3
3607,31.0,1,999,0,1.1,93.994,-36.4,4.855,5191.0,999.0,0,1.0,0.0,1.0,2,8,0.0,10,5,1,1
3608,52.0,3,999,0,1.1,93.994,-36.4,4.864,5191.0,999.0,0,0.0,0.0,1.0,2,7,0.0,1,5,1,1
3609,31.0,1,999,0,1.1,93.994,-36.4,4.86,5191.0,999.0,0,1.0,0.0,1.0,2,4,0.0,3,5,1,1
3610,31.0,5,999,0,-1.8,92.893,-46.2,1.281,5099.1,999.0,0,0.0,0.0,0.0,2,7,0.0,6,5,1,1
3611,31.0,2,999,1,-1.8,92.893,-46.2,1.327,5099.1,999.0,0,1.0,1.0,0.0,2,7,0.0,6,5,1,2
3612,31.0,2,999,0,1.4,93.444,-36.1,4.962,5228.1,999.0,0,0.0,0.0,0.0,1,8,0.0,6,8,1,1
3613,31.0,3,999,0,1.1,93.994,-36.4,4.858,5191.0,999.0,0,1.0,0.0,1.0,2,2,0.0,4,5,2,1
3614,31.0,2,999,0,1.4,93.918,-42.7,4.962,5228.1,999.0,0,1.0,0.0,0.0,1,4,0.0,6,7,1,1
3615,40.0,2,999,1,-1.8,92.893,-46.2,1.334,5099.1,999.0,1,1.0,1.0,0.0,2,8,0.0,4,5,1,2
3616,34.0,5,999,0,1.1,93.994,-36.4,4.86,5191.0,999.0,0,1.0,0.0,1.0,1,7,0.0,6,5,1,1
3617,46.0,1,999,0,-0.1,93.2,-42.0,4.191,5195.8,999.0,0,1.0,0.0,0.0,2,8,0.0,3,11,2,1
3618,43.0,2,999,0,1.4,93.918,-42.7,4.962,5228.1,999.0,0,0.0,0.0,0.0,1,4,0.0,4,7,1,1
3619,31.0,4,999,1,-1.8,93.075,-47.1,1.41,5099.1,999.0,2,1.0,1.0,0.0,1,5,0.0,5,4,1,2
3620,29.0,4,999,0,1.1,93.994,-36.4,4.857,5191.0,999.0,0,1.0,1.0,1.0,2,2,0.0,4,5,1,1
3621,31.0,2,999,0,-1.1,94.601,-49.5,1.037,4963.6,999.0,0,0.0,0.0,0.0,1,5,0.0,11,10,1,1
3622,37.0,5,999,0,-3.4,92.431,-26.9,0.74,5017.5,999.0,0,0.0,0.0,0.0,2,3,0.0,4,10,1,1
3623,36.0,1,999,0,-1.8,93.075,-47.1,1.405,5099.1,999.0,0,1.0,0.0,0.0,2,8,0.0,4,4,2,1
3624,31.0,1,999,0,1.4,93.918,-42.7,4.96,5228.1,999.0,0,1.0,0.0,0.0,2,5,0.0,9,7,2,1
3625,42.0,3,999,0,1.4,93.918,-42.7,4.962,5228.1,999.0,0,1.0,0.0,0.0,3,7,0.0,3,7,2,1
3626,31.0,2,999,1,-1.8,92.893,-46.2,1.266,5099.1,999.0,1,0.0,0.0,0.0,1,8,0.0,7,5,1,2
3627,39.0,2,999,0,1.1,93.994,-36.4,4.857,5191.0,999.0,0,1.0,0.0,1.0,2,4,0.0,4,5,1,1
3628,40.0,2,999,0,1.4,93.918,-42.7,4.962,5228.1,999.0,0,0.0,0.0,0.0,2,3,0.0,9,7,1,1
3629,29.0,3,999,0,-1.8,93.075,-47.1,1.466,5099.1,999.0,0,1.0,0.0,0.0,1,6,0.0,5,4,2,1
3630,55.0,1,999,0,1.1,93.994,-36.4,4.857,5191.0,999.0,0,1.0,0.0,1.0,2,6,0.0,5,5,2,1
3631,57.0,1,999,0,1.1,93.994,-36.4,4.857,5191.0,999.0,0,0.0,1.0,1.0,2,2,0.0,5,5,1,1
3632,61.0,6,999,0,-1.8,92.843,-50.0,1.811,5099.1,999.0,0,1.0,0.0,0.0,2,7,0.0,6,3,2,1
3633,68.0,4,999,0,-3.0,92.713,-33.0,0.712,5023.5,999.0,0,0.0,0.0,0.0,2,8,0.0,5,12,1,1
3634,38.0,1,999,1,-1.8,93.075,-47.1,1.405,5099.1,999.0,3,1.0,0.0,0.0,1,7,0.0,5,4,1,2
3635,45.0,1,999,0,-1.8,93.075,-47.1,1.41,5099.1,999.0,0,0.0,0.0,0.0,2,7,0.0,7,4,1,1
3636,25.0,2,999,0,-1.8,93.369,-34.8,0.654,5008.7,999.0,0,0.0,0.0,0.0,1,4,0.0,4,3,1,1
3637,34.0,1,999,0,1.4,94.465,-41.8,4.865,5228.1,999.0,0,1.0,1.0,1.0,2,8,0.0,5,6,2,1
3638,31.0,1,999,1,-1.8,92.893,-46.2,1.291,5099.1,999.0,3,1.0,1.0,0.0,2,4,0.0,4,5,1,2
3639,31.0,2,999,0,1.4,93.444,-36.1,4.968,5228.1,999.0,0,1.0,0.0,0.0,2,7,0.0,6,8,1,1
3640,31.0,1,999,0,-1.8,93.075,-47.1,1.405,5099.1,999.0,0,1.0,0.0,0.0,1,5,0.0,6,4,1,1
3641,45.0,1,999,0,-2.9,92.963,-40.8,1.206,5076.2,999.0,0,1.0,1.0,0.0,2,6,0.0,5,6,1,1
3642,37.0,1,999,0,1.4,93.444,-36.1,4.967,5228.1,999.0,0,1.0,1.0,0.0,1,8,0.0,5,8,1,1
3643,34.0,2,999,0,1.4,93.918,-42.7,4.968,5228.1,999.0,0,0.0,0.0,1.0,2,6,0.0,5,7,1,1
3644,38.0,3,999,0,1.1,93.994,-36.4,4.86,5191.0,999.0,0,1.0,1.0,1.0,1,8,0.0,5,5,1,1
3645,49.0,1,3,1,-0.1,93.2,-42.0,4.021,5195.8,0.1,3,1.0,0.0,0.0,2,7,0.0,3,11,1,3
3646,29.0,2,999,0,-1.8,92.843,-50.0,1.556,5099.1,999.0,0,1.0,0.0,0.0,1,8,0.0,4,3,1,1
3647,30.0,4,999,0,1.4,93.918,-42.7,4.963,5228.1,999.0,0,0.0,0.0,0.0,2,8,0.0,4,7,1,1
3648,31.0,1,999,0,-1.7,94.055,-39.8,0.761,4991.6,999.0,0,0.0,0.0,1.0,1,6,0.0,5,6,1,1
3649,45.0,1,999,0,1.4,94.465,-41.8,4.864,5228.1,999.0,0,1.0,1.0,1.0,2,2,0.0,4,6,1,1
3650,54.0,1,999,0,1.1,93.994,-36.4,4.856,5191.0,999.0,0,1.0,1.0,1.0,1,7,0.0,5,5,1,1
3651,43.0,1,999,0,1.1,93.994,-36.4,4.857,5191.0,999.0,0,1.0,0.0,1.0,2,6,0.0,5,5,1,1
3652,58.0,1,999,0,-1.7,94.027,-38.3,0.888,4991.6,999.0,0,1.0,0.0,1.0,2,5,0.0,4,8,1,1
3653,32.0,3,999,0,-1.8,93.075,-47.1,1.405,5099.1,999.0,0,1.0,1.0,0.0,1,7,0.0,3,4,1,1
3654,59.0,8,999,0,1.4,94.465,-41.8,4.959,5228.1,999.0,0,1.0,0.0,1.0,2,8,0.0,8,6,1,1
3655,52.0,1,999,0,1.1,93.994,-36.4,4.858,5191.0,999.0,0,0.0,0.0,1.0,2,5,0.0,5,5,1,1
3656,35.0,9,999,0,1.1,93.994,-36.4,4.857,5191.0,999.0,0,1.0,0.0,1.0,2,5,0.0,6,5,1,1
3657,31.0,1,999,0,-3.4,92.649,-30.1,0.72,5017.5,999.0,0,1.0,0.0,0.0,2,6,0.0,8,11,1,1
3658,39.0,1,999,0,1.4,94.465,-41.8,4.961,5228.1,999.0,0,1.0,0.0,1.0,2,2,0.0,3,6,1,1
3659,33.0,1,999,0,1.4,93.444,-36.1,4.964,5228.1,999.0,0,1.0,1.0,0.0,2,8,0.0,6,8,1,1
3660,33.0,2,999,0,1.1,93.994,-36.4,4.857,5191.0,999.0,0,0.0,1.0,1.0,1,7,0.0,5,5,1,1
3661,32.0,3,999,0,1.1,93.994,-36.4,4.857,5191.0,999.0,0,1.0,1.0,1.0,2,4,0.0,10,5,2,1
3662,33.0,2,999,0,-1.8,93.075,-47.1,1.405,5099.1,999.0,0,0.0,0.0,0.0,1,8,0.0,5,4,1,1
3663,31.0,1,999,0,1.4,94.465,-41.8,4.958,5228.1,999.0,0,0.0,0.0,1.0,3,5,0.0,9,6,1,1
3664,36.0,2,999,0,1.1,93.994,-36.4,4.857,5191.0,999.0,0,1.0,0.0,1.0,1,4,0.0,4,5,1,1
3665,42.0,17,999,0,1.4,94.465,-41.8,4.959,5228.1,999.0,0,0.0,0.0,1.0,2,8,0.0,6,6,1,1
3666,25.0,1,999,0,1.4,94.465,-41.8,4.962,5228.1,999.0,0,1.0,0.0,1.0,2,8,0.0,9,6,1,1
3667,33.0,8,999,0,-1.8,92.843,-50.0,1.548,5099.1,999.0,0,1.0,0.0,0.0,2,7,0.0,6,3,1,1
3668,31.0,3,999,0,-0.1,93.2,-42.0,4.076,5195.8,999.0,0,0.0,0.0,0.0,1,8,0.0,1,11,1,1
3669,34.0,1,999,0,1.4,93.918,-42.7,4.963,5228.1,999.0,0,1.0,0.0,0.0,1,7,0.0,5,7,1,1
3670,38.0,4,999,0,1.1,93.994,-36.4,4.857,5191.0,999.0,0,1.0,0.0,1.0,2,8,0.0,7,5,1,1
3671,40.0,3,999,0,1.4,94.465,-41.8,4.967,5228.1,999.0,0,1.0,0.0,1.0,2,5,0.0,6,6,1,1
3672,32.0,9,999,0,1.4,94.465,-41.8,4.959,5228.1,999.0,0,0.0,0.0,1.0,2,7,0.0,6,6,1,1
3673,60.0,5,999,0,1.1,93.994,-36.4,4.855,5191.0,999.0,0,1.0,0.0,1.0,2,8,0.0,5,5,1,1
3674,41.0,5,999,0,1.4,93.918,-42.7,4.961,5228.1,999.0,0,1.0,1.0,0.0,3,5,0.0,2,7,1,1
3675,32.0,9,999,1,-1.8,92.893,-46.2,1.281,5099.1,999.0,2,1.0,1.0,0.0,2,7,0.0,3,5,1,2
3676,29.0,1,999,0,1.4,93.918,-42.7,4.963,5228.1,999.0,0,0.0,0.0,0.0,1,7,0.0,5,7,1,1
3677,24.0,1,999,0,-2.9,92.963,-40.8,1.268,5076.2,999.0,0,1.0,0.0,1.0,1,5,0.0,11,6,1,1
3678,77.0,1,999,0,-3.4,92.649,-30.1,0.714,5017.5,999.0,0,1.0,0.0,0.0,2,8,0.0,8,11,1,1
3679,67.0,4,999,1,-3.4,92.649,-30.1,0.718,5017.5,999.0,1,0.0,0.0,1.0,2,2,0.0,8,11,1,2
3680,33.0,8,999,0,1.4,94.465,-41.8,4.865,5228.1,999.0,0,1.0,0.0,1.0,2,7,0.0,6,6,2,1
3681,31.0,4,999,0,-0.1,93.2,-42.0,4.021,5195.8,999.0,0,1.0,0.0,0.0,1,8,0.0,6,11,1,1
3682,50.0,1,999,0,1.4,93.444,-36.1,4.968,5228.1,999.0,0,1.0,0.0,0.0,2,8,0.0,6,8,1,1
3683,28.0,1,999,0,1.4,93.918,-42.7,4.968,5228.1,999.0,0,0.0,1.0,1.0,2,5,0.0,9,7,1,1
3684,31.0,2,999,0,1.4,93.918,-42.7,4.963,5228.1,999.0,0,1.0,0.0,0.0,1,5,0.0,9,7,1,1
3685,32.0,1,999,1,-0.1,93.2,-42.0,4.191,5195.8,999.0,2,1.0,0.0,1.0,1,4,0.0,12,11,1,2
3686,33.0,3,999,0,1.4,94.465,-41.8,4.959,5228.1,999.0,0,1.0,0.0,1.0,2,8,0.0,6,6,1,1
3687,56.0,1,999,0,1.1,93.994,-36.4,4.857,5191.0,999.0,0,0.0,0.0,1.0,2,2,0.0,2,5,2,1
3688,29.0,4,999,0,1.4,94.465,-41.8,4.967,5228.1,999.0,0,1.0,0.0,1.0,1,8,0.0,6,6,1,1
3689,31.0,1,999,0,1.1,93.994,-36.4,4.857,5191.0,999.0,0,0.0,0.0,1.0,1,3,0.0,4,5,2,1
3690,31.0,2,999,0,1.4,93.444,-36.1,4.965,5228.1,999.0,0,1.0,0.0,0.0,2,5,0.0,9,8,1,1
3691,56.0,1,999,0,-3.0,92.713,-33.0,0.715,5023.5,999.0,0,0.0,0.0,0.0,2,8,0.0,3,12,1,1
3692,39.0,7,999,0,1.1,93.994,-36.4,4.86,5191.0,999.0,0,0.0,0.0,1.0,2,8,0.0,4,5,1,1
3693,48.0,3,999,0,-1.8,93.075,-47.1,1.365,5099.1,999.0,0,1.0,0.0,0.0,2,8,0.0,7,4,1,1
3694,29.0,4,999,0,-0.1,93.2,-42.0,4.12,5195.8,999.0,0,0.0,0.0,0.0,1,8,0.0,6,11,1,1
3695,50.0,1,999,0,1.4,93.918,-42.7,4.958,5228.1,999.0,0,1.0,0.0,0.0,2,6,0.0,5,7,1,1
3696,46.0,2,999,0,1.1,93.994,-36.4,4.864,5191.0,999.0,0,0.0,0.0,1.0,2,5,0.0,6,5,1,1
3697,53.0,6,999,0,1.1,93.994,-36.4,4.857,5191.0,999.0,0,1.0,0.0,1.0,2,6,0.0,5,5,1,1
3698,48.0,1,3,1,-3.4,92.649,-30.1,0.716,5017.5,0.1,2,1.0,0.0,0.0,3,7,0.0,3,11,1,3
3699,33.0,1,999,0,1.1,93.994,-36.4,4.858,5191.0,999.0,0,1.0,0.0,1.0,3,6,0.0,5,5,1,1
3700,34.0,4,999,0,1.1,93.994,-36.4,4.858,5191.0,999.0,0,0.0,0.0,1.0,2,8,0.0,3,5,2,1
3701,43.0,5,999,1,-1.8,93.075,-47.1,1.405,5099.1,999.0,3,1.0,0.0,1.0,3,6,0.0,5,4,2,2
3702,31.0,2,999,0,1.1,93.994,-36.4,4.856,5191.0,999.0,0,1.0,0.0,1.0,2,8,0.0,5,5,1,1
3703,31.0,1,999,0,-1.8,92.893,-46.2,1.291,5099.1,999.0,0,1.0,0.0,0.0,2,8,0.0,10,5,1,1
3704,31.0,4,999,0,-1.8,93.075,-47.1,1.483,5099.1,999.0,0,1.0,0.0,0.0,2,4,0.0,6,4,1,1
3705,34.0,4,999,0,1.4,93.444,-36.1,4.963,5228.1,999.0,0,1.0,0.0,0.0,3,7,0.0,6,8,2,1
3706,46.0,4,999,0,-1.8,92.893,-46.2,1.327,5099.1,999.0,0,0.0,0.0,1.0,2,2,0.0,4,5,1,1
3707,57.0,2,999,0,-0.1,93.2,-42.0,4.191,5195.8,999.0,0,1.0,1.0,0.0,2,7,0.0,8,11,1,1
3708,92.0,3,999,1,-1.8,93.876,-40.0,0.697,5008.7,999.0,3,0.0,0.0,0.0,3,8,0.0,8,5,1,2
3709,24.0,1,999,0,-2.9,92.963,-40.8,1.26,5076.2,999.0,0,1.0,0.0,0.0,1,8,0.0,11,6,2,1
3710,48.0,2,999,0,1.4,93.444,-36.1,4.964,5228.1,999.0,0,1.0,0.0,0.0,2,7,0.0,5,8,1,1
3711,37.0,2,999,0,1.1,93.994,-36.4,4.856,5191.0,999.0,0,1.0,1.0,1.0,2,8,0.0,4,5,1,1
3712,31.0,1,999,0,-1.8,92.893,-46.2,1.327,5099.1,999.0,0,1.0,0.0,0.0,1,8,0.0,4,5,1,1
3713,31.0,2,999,0,-1.7,94.215,-40.3,0.885,4991.6,999.0,0,1.0,0.0,0.0,2,7,0.0,6,7,1,1
3714,44.0,1,999,0,-1.8,93.075,-47.1,1.405,5099.1,999.0,0,1.0,0.0,0.0,2,4,0.0,4,4,1,1
3715,44.0,2,999,0,1.1,93.994,-36.4,4.859,5191.0,999.0,0,0.0,0.0,1.0,2,2,0.0,4,5,1,1
3716,44.0,25,999,0,1.4,94.465,-41.8,4.96,5228.1,999.0,0,1.0,0.0,1.0,2,2,0.0,4,6,2,1
3717,34.0,7,999,0,1.4,94.465,-41.8,4.967,5228.1,999.0,0,0.0,0.0,1.0,1,8,0.0,5,6,1,1
3718,33.0,2,999,0,1.4,93.918,-42.7,4.959,5228.1,999.0,0,1.0,0.0,0.0,2,8,0.0,9,7,1,1
3719,48.0,1,999,0,1.4,94.465,-41.8,4.961,5228.1,999.0,0,1.0,0.0,1.0,1,7,0.0,6,6,1,1
3720,31.0,1,999,0,1.4,93.444,-36.1,4.964,5228.1,999.0,0,1.0,1.0,0.0,1,7,0.0,5,8,1,1
3721,37.0,1,999,0,-2.9,92.201,-31.4,0.883,5076.2,999.0,0,1.0,1.0,0.0,2,8,0.0,4,8,1,1
3722,39.0,3,999,2,-1.8,93.075,-47.1,1.405,5099.1,999.0,4,0.0,0.0,0.0,2,7,0.0,6,4,2,2
3723,44.0,2,999,0,1.1,93.994,-36.4,4.86,5191.0,999.0,0,1.0,0.0,1.0,2,4,0.0,4,5,1,1
3724,46.0,1,999,0,1.4,94.465,-41.8,4.864,5228.1,999.0,0,1.0,0.0,1.0,2,3,0.0,10,6,1,1
3725,33.0,1,999,0,-2.9,92.201,-31.4,0.861,5076.2,999.0,0,0.0,0.0,0.0,1,8,0.0,10,8,1,1
3726,31.0,5,999,0,-3.4,92.649,-30.1,0.715,5017.5,999.0,0,1.0,0.0,0.0,2,5,0.0,6,11,1,1
3727,31.0,2,999,0,1.4,93.918,-42.7,4.963,5228.1,999.0,0,0.0,0.0,0.0,1,7,0.0,6,7,1,1
3728,29.0,3,999,0,1.1,93.994,-36.4,4.857,5191.0,999.0,0,0.0,0.0,1.0,2,7,0.0,2,5,1,1
3729,27.0,2,999,1,-1.8,92.893,-46.2,1.266,5099.1,999.0,2,1.0,1.0,0.0,2,8,0.0,6,5,1,2
3730,31.0,5,999,0,-1.8,92.893,-46.2,1.291,5099.1,999.0,0,0.0,0.0,0.0,1,4,0.0,4,5,1,1
3731,56.0,1,999,0,1.4,93.444,-36.1,4.97,5228.1,999.0,0,1.0,1.0,0.0,2,4,0.0,4,8,2,1
3732,31.0,1,999,0,-0.1,93.2,-42.0,4.12,5195.8,999.0,0,0.0,0.0,0.0,2,6,0.0,4,11,1,1
3733,30.0,4,999,0,1.1,93.994,-36.4,4.857,5191.0,999.0,0,1.0,0.0,1.0,1,6,0.0,5,5,2,1
3734,31.0,1,999,0,-1.7,94.215,-40.3,0.884,4991.6,999.0,0,1.0,1.0,0.0,2,7,0.0,6,7,1,1
3735,31.0,5,999,0,-0.1,93.2,-42.0,4.153,5195.8,999.0,0,1.0,0.0,0.0,2,2,0.0,7,11,1,1
3736,53.0,1,6,2,-1.7,94.215,-40.3,0.84,4991.6,0.2,2,0.0,0.0,1.0,1,8,0.0,4,7,1,3
3737,26.0,12,999,0,1.4,93.918,-42.7,4.962,5228.1,999.0,0,1.0,0.0,0.0,2,5,0.0,9,7,1,1
3738,36.0,1,999,0,1.1,93.994,-36.4,4.855,5191.0,999.0,0,0.0,0.0,1.0,2,5,0.0,4,5,1,1
3739,54.0,1,999,0,1.4,93.444,-36.1,4.966,5228.1,999.0,0,0.0,0.0,0.0,2,8,0.0,1,8,1,1
3740,22.0,1,999,0,-3.0,92.713,-33.0,0.706,5023.5,999.0,0,1.0,0.0,0.0,1,8,0.0,5,12,2,1
3741,31.0,1,999,0,1.1,93.994,-36.4,4.855,5191.0,999.0,0,1.0,0.0,1.0,2,8,0.0,2,5,1,1
3742,31.0,2,999,0,1.1,93.994,-36.4,4.86,5191.0,999.0,0,1.0,1.0,1.0,2,8,0.0,4,5,1,1
3743,32.0,4,999,0,-1.8,92.893,-46.2,1.25,5099.1,999.0,0,1.0,0.0,0.0,3,5,0.0,9,5,1,1
3744,31.0,1,999,1,-1.8,93.075,-47.1,1.41,5099.1,999.0,1,1.0,0.0,0.0,2,5,0.0,4,4,1,2
3745,39.0,1,999,0,-0.1,93.2,-42.0,4.12,5195.8,999.0,0,0.0,0.0,1.0,2,5,0.0,3,11,1,1
3746,31.0,2,999,0,1.4,93.444,-36.1,4.966,5228.1,999.0,0,0.0,0.0,0.0,2,7,0.0,3,8,1,1
3747,31.0,3,999,0,-1.8,93.075,-47.1,1.405,5099.1,999.0,0,1.0,0.0,0.0,2,4,0.0,9,4,2,1
3748,48.0,7,999,0,1.4,93.444,-36.1,4.963,5228.1,999.0,0,1.0,0.0,0.0,2,8,0.0,7,8,2,1
3749,48.0,1,999,0,1.4,93.918,-42.7,4.96,5228.1,999.0,0,0.0,0.0,0.0,2,8,0.0,4,7,2,1
3750,31.0,5,999,0,-1.1,94.767,-50.8,1.039,4963.6,999.0,0,0.0,0.0,1.0,1,7,0.0,2,11,2,1
3751,33.0,1,999,0,1.4,93.444,-36.1,4.964,5228.1,999.0,0,0.0,0.0,0.0,2,7,0.0,6,8,1,1
3752,31.0,1,999,2,-1.8,92.893,-46.2,1.334,5099.1,999.0,8,0.0,0.0,0.0,2,3,0.0,4,5,1,2
3753,33.0,8,999,0,1.4,93.444,-36.1,4.962,5228.1,999.0,0,0.0,1.0,0.0,2,8,0.0,9,8,1,1
3754,39.0,5,999,0,1.1,93.994,-36.4,4.857,5191.0,999.0,0,0.0,0.0,1.0,2,4,0.0,4,5,2,1
3755,32.0,2,999,0,1.1,93.994,-36.4,4.856,5191.0,999.0,0,0.0,0.0,1.0,2,3,0.0,12,5,1,1
3756,37.0,3,999,0,1.1,93.994,-36.4,4.86,5191.0,999.0,0,0.0,0.0,1.0,2,5,0.0,9,5,1,1
3757,26.0,2,999,0,1.1,93.994,-36.4,4.858,5191.0,999.0,0,1.0,0.0,1.0,2,8,0.0,10,5,2,1
3758,51.0,1,999,0,1.4,93.444,-36.1,4.964,5228.1,999.0,0,0.0,0.0,0.0,2,7,0.0,8,8,1,1
3759,31.0,1,999,0,1.4,94.465,-41.8,4.865,5228.1,999.0,0,1.0,0.0,1.0,2,6,0.0,4,6,2,1
3760,19.0,3,999,0,-1.8,93.075,-47.1,1.405,5099.1,999.0,0,1.0,1.0,0.0,1,8,0.0,11,4,2,1
3761,34.0,1,999,0,-2.9,92.201,-31.4,0.873,5076.2,999.0,0,0.0,0.0,0.0,2,7,0.0,3,8,1,1
3762,38.0,1,999,0,1.4,94.465,-41.8,4.864,5228.1,999.0,0,0.0,0.0,1.0,2,3,0.0,4,6,1,1
3763,43.0,1,999,0,1.4,93.444,-36.1,4.965,5228.1,999.0,0,1.0,0.0,0.0,2,5,0.0,6,8,2,1
3764,41.0,1,999,0,1.1,93.994,-36.4,4.86,5191.0,999.0,0,1.0,0.0,1.0,3,4,0.0,4,5,1,1
3765,31.0,29,999,0,1.4,93.918,-42.7,4.968,5228.1,999.0,0,1.0,0.0,0.0,2,5,0.0,9,7,1,1
3766,33.0,1,999,0,-0.1,93.2,-42.0,4.12,5195.8,999.0,0,1.0,1.0,0.0,1,8,0.0,5,11,1,1
3767,33.0,1,999,0,-1.8,92.893,-46.2,1.344,5099.1,999.0,0,1.0,0.0,0.0,2,5,0.0,6,5,1,1
3768,39.0,8,999,1,-1.8,92.893,-46.2,1.266,5099.1,999.0,1,1.0,0.0,0.0,2,8,0.0,9,5,1,2
3769,23.0,1,999,0,1.1,93.994,-36.4,4.859,5191.0,999.0,0,0.0,0.0,1.0,1,5,0.0,9,5,1,1
3770,31.0,2,999,0,-1.8,92.893,-46.2,1.327,5099.1,999.0,0,1.0,0.0,0.0,2,7,0.0,6,5,1,1
3771,34.0,1,999,0,1.1,93.994,-36.4,4.859,5191.0,999.0,0,0.0,0.0,1.0,2,4,0.0,4,5,1,1
3772,54.0,3,999,0,-3.4,92.649,-30.1,0.714,5017.5,999.0,0,1.0,1.0,0.0,2,4,0.0,9,11,2,1
3773,23.0,3,999,0,1.4,93.918,-42.7,4.962,5228.1,999.0,0,1.0,0.0,0.0,1,5,0.0,6,7,1,1
3774,36.0,1,999,0,-1.8,92.893,-46.2,1.327,5099.1,999.0,0,1.0,0.0,0.0,2,2,0.0,4,5,1,1
3775,31.0,2,999,0,-1.8,93.075,-47.1,1.365,5099.1,999.0,0,1.0,0.0,0.0,1,7,0.0,1,4,1,1
3776,50.0,3,999,1,-1.8,93.075,-47.1,1.405,5099.1,999.0,1,1.0,1.0,0.0,2,7,0.0,3,4,2,2
3777,38.0,2,999,1,-1.8,92.893,-46.2,1.266,5099.1,999.0,1,0.0,0.0,0.0,2,7,0.0,7,5,1,2
3778,53.0,1,999,0,1.4,93.918,-42.7,4.968,5228.1,999.0,0,0.0,0.0,0.0,2,8,0.0,6,7,1,1
3779,56.0,3,999,0,1.4,93.918,-42.7,4.96,5228.1,999.0,0,1.0,0.0,0.0,2,6,0.0,5,7,2,1
3780,42.0,4,999,0,1.4,93.918,-42.7,4.96,5228.1,999.0,0,1.0,0.0,0.0,2,5,0.0,9,7,1,1
3781,31.0,1,999,0,1.4,93.444,-36.1,4.966,5228.1,999.0,0,0.0,0.0,0.0,2,8,0.0,5,8,1,1
3782,52.0,1,999,0,-0.1,93.2,-42.0,4.076,5195.8,999.0,0,0.0,1.0,0.0,1,6,0.0,1,11,1,1
3783,26.0,1,999,0,1.1,93.994,-36.4,4.856,5191.0,999.0,0,0.0,0.0,1.0,1,5,0.0,4,5,1,1
3784,42.0,2,999,0,-1.8,92.893,-46.2,1.281,5099.1,999.0,0,0.0,0.0,0.0,1,6,0.0,5,5,1,1
3785,45.0,5,999,0,1.4,94.465,-41.8,4.962,5228.1,999.0,0,0.0,0.0,1.0,2,8,0.0,7,6,1,1
3786,39.0,1,999,0,1.1,93.994,-36.4,4.859,5191.0,999.0,0,1.0,0.0,1.0,2,2,0.0,4,5,1,1
3787,31.0,8,999,0,1.4,94.465,-41.8,4.961,5228.1,999.0,0,1.0,0.0,1.0,2,8,0.0,5,6,2,1
3788,31.0,3,999,0,-1.8,93.075,-47.1,1.405,5099.1,999.0,0,0.0,0.0,0.0,1,8,0.0,6,4,1,1
3789,56.0,3,999,0,1.4,94.465,-41.8,4.959,5228.1,999.0,0,1.0,1.0,1.0,2,3,0.0,8,6,1,1
3790,32.0,2,999,0,1.4,93.918,-42.7,4.963,5228.1,999.0,0,1.0,1.0,0.0,2,8,0.0,5,7,1,1
3791,31.0,2,999,0,1.1,93.994,-36.4,4.857,5191.0,999.0,0,1.0,0.0,1.0,2,8,0.0,6,5,1,1
3792,26.0,2,999,0,1.4,93.918,-42.7,4.96,5228.1,999.0,0,1.0,0.0,0.0,1,4,0.0,4,7,2,1
3793,36.0,3,999,0,1.4,93.918,-42.7,4.963,5228.1,999.0,0,0.0,0.0,0.0,2,8,0.0,9,7,1,1
3794,27.0,4,999,0,-1.8,92.893,-46.2,1.25,5099.1,999.0,0,1.0,0.0,1.0,1,3,0.0,6,5,1,1
3795,55.0,1,999,0,-1.8,92.893,-46.2,1.281,5099.1,999.0,0,1.0,1.0,1.0,2,8,0.0,4,5,1,1
3796,26.0,14,999,0,1.4,94.465,-41.8,4.959,5228.1,999.0,0,0.0,1.0,1.0,1,8,0.0,4,6,1,1
3797,31.0,3,999,0,-1.8,92.893,-46.2,1.266,5099.1,999.0,0,1.0,0.0,0.0,1,7,0.0,6,5,1,1
3798,41.0,13,999,0,1.4,93.444,-36.1,4.962,5228.1,999.0,0,0.0,0.0,0.0,2,7,0.0,6,8,1,1
3799,49.0,1,999,0,-0.1,93.2,-42.0,4.191,5195.8,999.0,0,0.0,0.0,0.0,2,4,0.0,6,11,2,1
3800,31.0,1,999,0,1.4,94.465,-41.8,4.961,5228.1,999.0,0,0.0,0.0,1.0,2,5,0.0,5,6,1,1
3801,37.0,1,999,0,1.1,93.994,-36.4,4.859,5191.0,999.0,0,1.0,0.0,1.0,2,8,0.0,5,5,1,1
3802,32.0,3,999,0,1.4,93.444,-36.1,4.963,5228.1,999.0,0,1.0,0.0,0.0,2,8,0.0,5,8,1,1
3803,40.0,1,999,0,1.4,93.444,-36.1,4.963,5228.1,999.0,0,0.0,0.0,0.0,2,5,0.0,6,8,1,1
3804,31.0,1,999,0,-1.8,93.876,-40.0,0.701,5008.7,999.0,0,0.0,0.0,0.0,1,5,0.0,12,5,1,1
3805,49.0,1,999,0,1.4,93.444,-36.1,4.964,5228.1,999.0,0,1.0,0.0,0.0,2,5,0.0,10,8,1,1
3806,41.0,2,999,0,1.4,93.444,-36.1,4.968,5228.1,999.0,0,0.0,0.0,0.0,2,7,0.0,1,8,1,1
3807,24.0,1,999,0,1.4,93.918,-42.7,4.96,5228.1,999.0,0,0.0,0.0,1.0,2,4,0.0,4,7,2,1
3808,51.0,1,999,0,1.4,94.465,-41.8,4.955,5228.1,999.0,0,0.0,1.0,1.0,2,7,0.0,3,6,1,1
3809,56.0,4,999,0,1.4,94.465,-41.8,4.959,5228.1,999.0,0,0.0,1.0,1.0,2,8,0.0,5,6,1,1
3810,25.0,3,999,0,1.4,93.918,-42.7,4.96,5228.1,999.0,0,1.0,1.0,0.0,1,5,0.0,9,7,2,1
3811,31.0,2,999,0,-1.8,92.893,-46.2,1.244,5099.1,999.0,0,1.0,0.0,0.0,2,8,0.0,6,5,1,1
3812,44.0,4,999,0,-0.1,93.2,-42.0,4.076,5195.8,999.0,0,1.0,0.0,0.0,1,6,0.0,6,11,1,1
3813,31.0,1,999,0,-1.8,93.876,-40.0,0.677,5008.7,999.0,0,0.0,0.0,1.0,2,6,0.0,8,5,1,1
3814,34.0,1,999,0,-0.1,93.2,-42.0,4.12,5195.8,999.0,0,0.0,0.0,0.0,2,8,0.0,6,11,1,1
3815,64.0,1,999,1,-3.4,92.431,-26.9,0.73,5017.5,999.0,4,1.0,0.0,0.0,2,8,0.0,6,10,1,2
3816,27.0,6,999,0,-1.8,92.893,-46.2,1.244,5099.1,999.0,0,0.0,0.0,1.0,1,8,0.0,6,5,2,1
3817,57.0,4,999,0,1.1,93.994,-36.4,4.86,5191.0,999.0,0,1.0,0.0,1.0,2,7,0.0,3,5,1,1
3818,23.0,1,999,0,1.4,93.918,-42.7,4.961,5228.1,999.0,0,1.0,1.0,0.0,1,5,0.0,11,7,1,1
3819,29.0,1,999,1,-0.1,93.2,-42.0,4.12,5195.8,999.0,1,0.0,0.0,0.0,2,7,0.0,3,11,1,2
3820,69.0,1,999,0,-2.9,92.201,-31.4,0.883,5076.2,999.0,0,1.0,0.0,0.0,2,5,0.0,8,8,1,1
3821,49.0,1,999,0,1.4,93.918,-42.7,4.962,5228.1,999.0,0,1.0,0.0,0.0,2,7,0.0,3,7,1,1
3822,58.0,1,999,0,-0.1,93.2,-42.0,4.076,5195.8,999.0,0,0.0,0.0,0.0,2,5,0.0,8,11,1,1
3823,31.0,4,999,0,1.4,94.465,-41.8,4.96,5228.1,999.0,0,0.0,0.0,1.0,2,3,0.0,4,6,2,1
3824,31.0,1,999,0,1.4,93.444,-36.1,4.963,5228.1,999.0,0,1.0,0.0,0.0,2,8,0.0,5,8,1,1
3825,31.0,1,999,0,-0.1,93.2,-42.0,4.153,5195.8,999.0,0,1.0,0.0,0.0,3,6,0.0,9,11,1,1
3826,31.0,1,999,0,-0.1,93.2,-42.0,4.12,5195.8,999.0,0,0.0,1.0,0.0,2,8,0.0,3,11,1,1
3827,32.0,2,999,0,-1.8,92.893,-46.2,1.27,5099.1,999.0,0,0.0,0.0,0.0,1,7,0.0,6,5,1,1
3828,46.0,1,999,0,1.4,94.465,-41.8,4.959,5228.1,999.0,0,0.0,0.0,1.0,2,3,0.0,4,6,1,1
3829,24.0,1,7,2,-1.8,93.876,-40.0,0.672,5008.7,0.233333333333,4,0.0,0.0,0.0,1,5,0.0,11,5,1,3
3830,32.0,3,999,0,1.4,94.465,-41.8,4.959,5228.1,999.0,0,1.0,0.0,1.0,1,3,0.0,9,6,1,1
3831,36.0,2,999,0,-1.8,92.893,-46.2,1.344,5099.1,999.0,0,1.0,0.0,1.0,2,4,0.0,4,5,1,1
3832,43.0,3,999,0,1.1,93.994,-36.4,4.858,5191.0,999.0,0,1.0,1.0,1.0,2,8,0.0,3,5,2,1
3833,60.0,2,999,0,1.1,93.994,-36.4,4.856,5191.0,999.0,0,1.0,0.0,1.0,2,5,0.0,8,5,1,1
3834,34.0,7,999,0,-1.8,92.893,-46.2,1.25,5099.1,999.0,0,0.0,0.0,0.0,2,2,0.0,4,5,1,1
3835,43.0,5,999,0,1.1,93.994,-36.4,4.856,5191.0,999.0,0,1.0,0.0,1.0,2,2,0.0,4,5,1,1
3836,34.0,1,999,0,-1.8,93.075,-47.1,1.405,5099.1,999.0,0,1.0,1.0,0.0,2,5,0.0,6,4,1,1
3837,37.0,1,999,0,-0.1,93.2,-42.0,4.153,5195.8,999.0,0,0.0,0.0,0.0,2,8,0.0,6,11,1,1
3838,34.0,1,999,0,-0.1,93.2,-42.0,4.076,5195.8,999.0,0,1.0,1.0,0.0,2,8,0.0,5,11,1,1
3839,31.0,2,999,0,1.4,93.918,-42.7,4.962,5228.1,999.0,0,0.0,0.0,0.0,2,8,0.0,2,7,1,1
3840,31.0,3,999,0,1.4,93.918,-42.7,4.962,5228.1,999.0,0,1.0,0.0,0.0,2,6,0.0,5,7,1,1
3841,53.0,2,999,0,-1.8,92.893,-46.2,1.266,5099.1,999.0,0,0.0,0.0,0.0,2,5,0.0,6,5,1,1
3842,40.0,4,999,0,-2.9,92.963,-40.8,1.244,5076.2,999.0,0,0.0,1.0,0.0,1,8,0.0,1,6,1,1
3843,48.0,1,999,0,-1.7,94.215,-40.3,0.899,4991.6,999.0,0,0.0,0.0,1.0,2,6,0.0,4,7,1,1
3844,43.0,1,999,0,1.4,94.465,-41.8,4.958,5228.1,999.0,0,1.0,0.0,1.0,2,4,0.0,4,6,1,1
3845,20.0,2,999,1,-2.9,92.963,-40.8,1.26,5076.2,999.0,0,1.0,1.0,0.0,1,8,0.0,11,6,1,2
3846,29.0,4,12,1,-1.8,92.893,-46.2,1.281,5099.1,0.4,1,0.0,0.0,0.0,1,8,0.0,5,5,1,3
3847,25.0,8,4,1,-1.7,94.027,-38.3,0.898,4991.6,0.133333333333,1,1.0,0.0,0.0,1,8,0.0,11,8,2,3
3848,42.0,17,999,0,1.4,93.918,-42.7,4.968,5228.1,999.0,0,0.0,1.0,1.0,3,7,0.0,6,7,1,1
3849,35.0,4,999,0,-1.8,93.075,-47.1,1.405,5099.1,999.0,0,1.0,0.0,0.0,2,7,0.0,5,4,2,1
3850,52.0,4,999,0,1.4,93.444,-36.1,4.967,5228.1,999.0,0,1.0,1.0,0.0,3,7,0.0,5,8,1,1
3851,46.0,5,999,0,-1.8,92.893,-46.2,1.244,5099.1,999.0,0,0.0,1.0,0.0,1,8,0.0,9,5,2,1
3852,31.0,2,999,0,1.1,93.994,-36.4,4.857,5191.0,999.0,0,0.0,1.0,1.0,1,8,0.0,4,5,1,1
3853,31.0,1,999,0,1.4,93.444,-36.1,4.963,5228.1,999.0,0,1.0,1.0,0.0,3,7,0.0,6,8,1,1
3854,31.0,1,999,1,-1.8,92.893,-46.2,1.266,5099.1,999.0,1,1.0,0.0,0.0,2,5,0.0,3,5,1,2
3855,31.0,2,999,0,1.4,93.918,-42.7,4.962,5228.1,999.0,0,1.0,1.0,0.0,2,3,0.0,9,7,2,1
3856,39.0,1,999,0,1.4,93.918,-42.7,4.968,5228.1,999.0,0,0.0,0.0,0.0,2,5,0.0,5,7,1,1
3857,37.0,1,999,1,-1.8,93.075,-47.1,1.405,5099.1,999.0,1,1.0,0.0,0.0,1,8,0.0,4,4,2,2
3858,36.0,3,999,0,-1.8,92.893,-46.2,1.281,5099.1,999.0,0,1.0,0.0,0.0,2,8,0.0,4,5,1,1
3859,50.0,1,999,0,1.4,93.918,-42.7,4.962,5228.1,999.0,0,0.0,0.0,0.0,2,8,0.0,5,7,1,1
3860,39.0,1,999,0,1.4,94.465,-41.8,4.958,5228.1,999.0,0,1.0,1.0,1.0,3,8,0.0,6,6,1,1
3861,31.0,1,999,0,1.4,93.444,-36.1,4.962,5228.1,999.0,0,0.0,0.0,0.0,2,7,0.0,5,8,1,1
3862,28.0,1,999,0,1.4,94.465,-41.8,4.959,5228.1,999.0,0,0.0,0.0,1.0,1,8,0.0,6,6,1,1
3863,31.0,1,999,0,-1.8,92.893,-46.2,1.266,5099.1,999.0,0,1.0,0.0,0.0,1,7,0.0,7,5,1,1
3864,31.0,1,999,0,1.1,93.994,-36.4,4.855,5191.0,999.0,0,1.0,1.0,1.0,1,7,0.0,6,5,1,1
3865,38.0,1,999,0,1.4,93.444,-36.1,4.965,5228.1,999.0,0,0.0,0.0,0.0,2,7,0.0,6,8,1,1
3866,53.0,4,999,0,-0.1,93.2,-42.0,4.021,5195.8,999.0,0,1.0,0.0,0.0,2,7,0.0,1,11,1,1
3867,30.0,1,999,0,1.4,93.918,-42.7,4.957,5228.1,999.0,0,0.0,0.0,0.0,2,5,0.0,6,7,1,1
3868,31.0,4,999,1,-1.8,92.893,-46.2,1.266,5099.1,999.0,3,1.0,0.0,0.0,1,7,0.0,3,5,1,2
3869,31.0,1,999,1,-1.8,92.893,-46.2,1.334,5099.1,999.0,0,0.0,0.0,0.0,1,5,0.0,4,5,1,2
3870,39.0,1,999,0,1.4,94.465,-41.8,4.958,5228.1,999.0,0,0.0,1.0,1.0,2,7,0.0,3,6,1,1
3871,36.0,1,999,0,-1.8,92.893,-46.2,1.266,5099.1,999.0,0,1.0,0.0,0.0,2,7,0.0,3,5,1,1
3872,31.0,3,999,0,1.4,93.918,-42.7,4.963,5228.1,999.0,0,1.0,1.0,0.0,3,6,0.0,5,7,1,1
3873,47.0,2,999,0,1.4,93.444,-36.1,4.963,5228.1,999.0,0,1.0,0.0,0.0,2,8,0.0,4,8,1,1
3874,29.0,2,999,0,1.4,93.444,-36.1,4.963,5228.1,999.0,0,0.0,0.0,0.0,2,5,0.0,6,8,2,1
3875,49.0,2,999,0,-1.8,92.893,-46.2,1.266,5099.1,999.0,0,1.0,1.0,0.0,2,5,0.0,9,5,1,1
3876,35.0,3,999,0,1.4,93.444,-36.1,4.966,5228.1,999.0,0,1.0,0.0,0.0,1,7,0.0,5,8,1,1
3877,28.0,1,999,0,1.4,93.918,-42.7,4.957,5228.1,999.0,0,1.0,1.0,0.0,2,5,0.0,9,7,1,1
3878,60.0,1,4,1,-2.9,92.201,-31.4,0.883,5076.2,0.133333333333,3,0.0,0.0,0.0,2,5,0.0,8,8,1,3
3879,46.0,3,999,0,1.1,93.994,-36.4,4.86,5191.0,999.0,0,1.0,0.0,1.0,2,7,0.0,3,5,1,1
3880,25.0,1,999,0,-1.8,92.893,-46.2,1.266,5099.1,999.0,0,1.0,1.0,0.0,1,8,0.0,6,5,1,1
3881,39.0,2,999,0,1.1,93.994,-36.4,4.857,5191.0,999.0,0,1.0,0.0,1.0,2,4,0.0,4,5,1,1
3882,58.0,1,999,1,-3.4,92.431,-26.9,0.737,5017.5,999.0,1,1.0,0.0,0.0,2,8,0.0,4,10,1,2
3883,56.0,2,999,0,1.1,93.994,-36.4,4.86,5191.0,999.0,0,1.0,0.0,1.0,3,4,0.0,3,5,1,1
3884,30.0,1,999,0,1.4,93.918,-42.7,4.959,5228.1,999.0,0,1.0,0.0,1.0,1,7,0.0,6,7,1,1
3885,42.0,1,999,0,-1.8,92.893,-46.2,1.266,5099.1,999.0,0,0.0,0.0,1.0,2,4,0.0,4,5,1,1
3886,31.0,5,999,0,1.4,94.465,-41.8,4.959,5228.1,999.0,0,0.0,1.0,1.0,3,8,0.0,6,6,1,1
3887,29.0,4,999,0,1.4,94.465,-41.8,4.947,5228.1,999.0,0,0.0,0.0,1.0,1,8,0.0,6,6,1,1
3888,31.0,7,999,0,1.1,93.994,-36.4,4.864,5191.0,999.0,0,0.0,0.0,1.0,1,4,0.0,4,5,1,1
3889,43.0,9,999,0,-0.1,93.2,-42.0,4.021,5195.8,999.0,0,0.0,0.0,0.0,2,8,0.0,5,11,1,1
3890,29.0,2,999,0,-1.8,93.369,-34.8,0.646,5008.7,999.0,0,0.0,0.0,0.0,1,7,0.0,6,3,2,1
3891,38.0,2,999,0,1.4,93.444,-36.1,4.963,5228.1,999.0,0,0.0,0.0,0.0,3,8,0.0,6,8,2,1
3892,44.0,1,999,0,1.4,93.918,-42.7,4.96,5228.1,999.0,0,1.0,0.0,0.0,2,5,0.0,6,7,2,1
3893,31.0,6,999,0,-0.1,93.2,-42.0,4.12,5195.8,999.0,0,1.0,0.0,0.0,3,3,0.0,4,11,1,1
3894,27.0,1,999,0,1.1,93.994,-36.4,4.855,5191.0,999.0,0,0.0,0.0,1.0,1,8,0.0,9,5,1,1
3895,32.0,2,999,1,-1.8,93.075,-47.1,1.365,5099.1,999.0,0,1.0,0.0,0.0,2,6,0.0,4,4,1,2
3896,37.0,1,999,0,1.1,93.994,-36.4,4.858,5191.0,999.0,0,1.0,0.0,1.0,2,4,0.0,4,5,2,1
3897,31.0,2,999,1,-1.8,93.749,-34.6,0.642,5008.7,999.0,3,1.0,0.0,0.0,1,7,0.0,6,4,2,2
3898,45.0,1,999,0,1.4,93.918,-42.7,4.958,5228.1,999.0,0,0.0,0.0,0.0,2,4,0.0,9,7,1,1
3899,31.0,1,999,0,1.4,93.918,-42.7,4.963,5228.1,999.0,0,1.0,1.0,0.0,1,5,0.0,4,7,1,1
3900,32.0,3,999,0,1.1,93.994,-36.4,4.857,5191.0,999.0,0,0.0,0.0,1.0,2,6,0.0,5,5,1,1
3901,34.0,1,999,0,1.1,93.994,-36.4,4.857,5191.0,999.0,0,0.0,0.0,1.0,2,5,0.0,9,5,1,1
3902,69.0,1,999,0,-3.4,92.431,-26.9,0.741,5017.5,999.0,0,1.0,0.0,0.0,2,6,0.0,5,10,1,1
3903,37.0,1,999,0,-1.8,92.893,-46.2,1.327,5099.1,999.0,0,0.0,0.0,0.0,3,7,0.0,3,5,1,1
3904,31.0,2,999,0,1.4,93.444,-36.1,4.966,5228.1,999.0,0,1.0,0.0,0.0,1,8,0.0,10,8,1,1
3905,45.0,4,999,0,1.1,93.994,-36.4,4.857,5191.0,999.0,0,1.0,0.0,1.0,2,8,0.0,6,5,1,1
3906,33.0,5,999,0,-1.8,93.075,-47.1,1.405,5099.1,999.0,0,1.0,1.0,0.0,2,5,0.0,9,4,2,1
3907,58.0,1,5,1,-0.1,93.2,-42.0,4.12,5195.8,0.166666666667,4,0.0,0.0,0.0,3,7,0.0,3,11,1,3
3908,45.0,2,999,0,-2.9,92.201,-31.4,0.825,5076.2,999.0,0,1.0,0.0,0.0,2,8,0.0,5,8,1,1
3909,32.0,5,999,0,1.4,94.465,-41.8,4.96,5228.1,999.0,0,1.0,0.0,1.0,3,4,0.0,4,6,2,1
3910,37.0,1,999,0,1.1,93.994,-36.4,4.855,5191.0,999.0,0,0.0,1.0,1.0,2,6,0.0,10,5,1,1
3911,20.0,7,999,0,-1.8,92.893,-46.2,1.266,5099.1,999.0,0,1.0,0.0,0.0,1,4,0.0,4,5,1,1
3912,43.0,1,999,0,-1.8,93.876,-40.0,0.699,5008.7,999.0,0,0.0,1.0,1.0,1,5,0.0,4,5,1,1
3913,31.0,1,999,1,-1.8,92.893,-46.2,1.334,5099.1,999.0,1,0.0,1.0,0.0,2,8,0.0,4,5,1,2
3914,39.0,1,999,0,1.1,93.994,-36.4,4.856,5191.0,999.0,0,0.0,0.0,1.0,3,4,0.0,4,5,1,1
3915,51.0,2,999,0,1.1,93.994,-36.4,4.857,5191.0,999.0,0,1.0,0.0,1.0,3,2,0.0,4,5,1,1
3916,42.0,2,999,0,-1.8,93.075,-47.1,1.405,5099.1,999.0,0,0.0,0.0,0.0,1,8,0.0,4,4,1,1
3917,33.0,2,999,0,1.1,93.994,-36.4,4.858,5191.0,999.0,0,0.0,1.0,1.0,1,5,0.0,9,5,2,1
3918,35.0,1,999,0,1.4,94.465,-41.8,4.866,5228.1,999.0,0,1.0,1.0,1.0,2,7,0.0,6,6,1,1
3919,28.0,1,999,0,1.1,93.994,-36.4,4.857,5191.0,999.0,0,1.0,0.0,1.0,1,7,0.0,11,5,2,1
3920,31.0,11,999,0,1.1,93.994,-36.4,4.859,5191.0,999.0,0,0.0,0.0,1.0,2,7,0.0,9,5,1,1
3921,31.0,1,999,0,1.1,93.994,-36.4,4.857,5191.0,999.0,0,1.0,0.0,1.0,1,8,0.0,6,5,1,1
3922,33.0,3,999,0,1.1,93.994,-36.4,4.857,5191.0,999.0,0,0.0,0.0,1.0,2,5,0.0,9,5,2,1
3923,40.0,5,999,0,1.4,94.465,-41.8,4.967,5228.1,999.0,0,0.0,0.0,1.0,3,4,0.0,6,6,1,1
3924,21.0,1,999,0,-1.8,92.893,-46.2,1.244,5099.1,999.0,0,0.0,0.0,0.0,1,4,0.0,4,5,2,1
3925,44.0,2,999,0,1.4,93.444,-36.1,4.963,5228.1,999.0,0,0.0,0.0,0.0,2,8,0.0,4,8,1,1
3926,40.0,1,999,0,1.4,93.918,-42.7,4.963,5228.1,999.0,0,0.0,1.0,1.0,2,8,0.0,4,7,1,1
3927,34.0,7,999,0,1.4,93.444,-36.1,4.964,5228.1,999.0,0,0.0,1.0,0.0,2,7,0.0,6,8,1,1
3928,45.0,1,999,1,-0.1,93.2,-42.0,4.191,5195.8,999.0,1,0.0,0.0,0.0,2,5,0.0,7,11,2,2
3929,53.0,2,999,0,-0.1,93.2,-42.0,4.12,5195.8,999.0,0,1.0,0.0,0.0,3,7,0.0,7,11,1,1
3930,31.0,2,999,0,1.1,93.994,-36.4,4.855,5191.0,999.0,0,1.0,0.0,1.0,2,5,0.0,6,5,1,1
3931,31.0,2,999,0,-3.4,92.649,-30.1,0.722,5017.5,999.0,0,0.0,0.0,0.0,3,5,0.0,6,11,2,1
3932,31.0,1,999,0,-1.8,92.893,-46.2,1.344,5099.1,999.0,0,0.0,0.0,0.0,1,8,0.0,9,5,1,1
3933,35.0,2,999,0,1.4,94.465,-41.8,4.865,5228.1,999.0,0,1.0,0.0,1.0,1,5,0.0,5,6,2,1
3934,46.0,1,999,0,-0.1,93.2,-42.0,4.153,5195.8,999.0,0,0.0,0.0,0.0,2,4,0.0,4,11,1,1
3935,36.0,1,999,0,1.4,93.444,-36.1,4.963,5228.1,999.0,0,0.0,0.0,0.0,1,5,0.0,5,8,1,1
3936,41.0,1,999,0,1.1,93.994,-36.4,4.857,5191.0,999.0,0,0.0,0.0,1.0,2,2,0.0,4,5,1,1
3937,32.0,2,999,0,1.4,93.444,-36.1,4.968,5228.1,999.0,0,1.0,0.0,0.0,2,6,0.0,5,8,1,1
3938,44.0,2,999,0,1.1,93.994,-36.4,4.855,5191.0,999.0,0,0.0,0.0,1.0,2,4,0.0,6,5,1,1
3939,33.0,6,999,0,1.4,93.918,-42.7,4.963,5228.1,999.0,0,1.0,0.0,1.0,1,5,0.0,6,7,1,1
3940,29.0,2,999,0,1.4,93.918,-42.7,4.957,5228.1,999.0,0,1.0,1.0,0.0,1,4,0.0,3,7,1,1
3941,41.0,2,999,0,1.1,93.994,-36.4,4.857,5191.0,999.0,0,0.0,0.0,1.0,2,2,0.0,4,5,1,1
3942,31.0,2,999,0,-2.9,92.201,-31.4,0.838,5076.2,999.0,0,0.0,0.0,0.0,2,6,0.0,8,8,1,1
3943,31.0,2,999,0,-0.1,93.2,-42.0,4.021,5195.8,999.0,0,1.0,0.0,0.0,3,5,0.0,6,11,1,1
3944,58.0,5,999,0,1.4,93.918,-42.7,4.957,5228.1,999.0,0,0.0,0.0,1.0,3,4,0.0,6,7,1,1
3945,35.0,1,999,0,1.1,93.994,-36.4,4.86,5191.0,999.0,0,0.0,0.0,1.0,2,5,0.0,9,5,1,1
3946,31.0,1,10,1,-1.8,93.369,-34.8,0.649,5008.7,0.333333333333,3,1.0,0.0,0.0,1,8,0.0,2,3,1,3
3947,31.0,1,999,0,-1.8,92.893,-46.2,1.291,5099.1,999.0,0,1.0,0.0,0.0,2,2,0.0,4,5,1,1
3948,36.0,1,999,2,-1.8,92.893,-46.2,1.327,5099.1,999.0,4,1.0,0.0,0.0,2,4,0.0,4,5,1,2
3949,54.0,1,999,0,1.4,93.918,-42.7,4.96,5228.1,999.0,0,1.0,1.0,0.0,2,2,0.0,8,7,2,1
3950,52.0,1,999,0,1.4,93.444,-36.1,4.966,5228.1,999.0,0,1.0,0.0,0.0,2,7,0.0,3,8,1,1
3951,31.0,9,999,0,1.1,93.994,-36.4,4.857,5191.0,999.0,0,0.0,0.0,1.0,2,2,0.0,4,5,1,1
3952,40.0,4,999,0,1.4,94.465,-41.8,4.959,5228.1,999.0,0,0.0,1.0,1.0,1,6,0.0,6,6,1,1
3953,32.0,1,999,0,1.4,93.918,-42.7,4.959,5228.1,999.0,0,0.0,0.0,1.0,2,8,0.0,2,7,1,1
3954,52.0,1,999,0,1.4,93.918,-42.7,4.962,5228.1,999.0,0,0.0,0.0,0.0,2,8,0.0,8,7,1,1
3955,45.0,3,999,0,1.1,93.994,-36.4,4.857,5191.0,999.0,0,1.0,0.0,1.0,2,5,0.0,5,5,1,1
3956,47.0,1,999,0,1.4,93.444,-36.1,4.966,5228.1,999.0,0,1.0,0.0,0.0,2,4,0.0,1,8,1,1
3957,79.0,1,999,0,-1.8,93.075,-47.1,1.365,5099.1,999.0,0,1.0,0.0,0.0,2,4,0.0,8,4,1,1
3958,34.0,2,999,0,1.4,93.918,-42.7,4.963,5228.1,999.0,0,1.0,0.0,0.0,1,8,0.0,5,7,1,1
3959,47.0,1,999,0,-2.9,92.963,-40.8,1.262,5076.2,999.0,0,0.0,0.0,0.0,2,4,0.0,3,6,1,1
3960,27.0,2,999,1,-1.7,94.055,-39.8,0.748,4991.6,999.0,0,1.0,0.0,0.0,1,7,0.0,6,6,1,2
3961,33.0,2,999,1,-1.8,93.075,-47.1,1.415,5099.1,999.0,0,0.0,0.0,0.0,2,4,0.0,4,4,1,2
3962,27.0,2,999,0,1.1,93.994,-36.4,4.864,5191.0,999.0,0,0.0,0.0,1.0,1,5,0.0,9,5,1,1
3963,31.0,3,999,0,-0.1,93.2,-42.0,4.153,5195.8,999.0,0,0.0,0.0,0.0,2,6,0.0,5,11,1,1
3964,34.0,1,999,0,1.4,93.918,-42.7,4.962,5228.1,999.0,0,1.0,0.0,0.0,2,4,0.0,4,7,1,1
3965,53.0,2,999,0,1.1,93.994,-36.4,4.859,5191.0,999.0,0,0.0,0.0,1.0,2,5,0.0,5,5,1,1
3966,33.0,2,999,0,1.1,93.994,-36.4,4.857,5191.0,999.0,0,0.0,0.0,1.0,2,6,0.0,5,5,2,1
3967,26.0,8,999,0,1.4,93.918,-42.7,4.963,5228.1,999.0,0,0.0,1.0,0.0,1,5,0.0,4,7,1,1
3968,31.0,20,999,0,1.4,94.465,-41.8,4.959,5228.1,999.0,0,1.0,1.0,1.0,2,4,0.0,4,6,1,1
3969,60.0,1,2,1,-1.8,93.075,-47.1,1.365,5099.1,0.0666666666667,1,1.0,1.0,0.0,2,5,0.0,6,4,1,3
3970,31.0,1,999,0,1.1,93.994,-36.4,4.864,5191.0,999.0,0,0.0,0.0,1.0,2,5,0.0,6,5,1,1
3971,31.0,1,999,0,-1.8,92.893,-46.2,1.327,5099.1,999.0,0,1.0,0.0,0.0,1,6,0.0,5,5,1,1
3972,24.0,5,999,0,-1.8,92.893,-46.2,1.266,5099.1,999.0,0,0.0,0.0,0.0,2,5,0.0,9,5,1,1
3973,35.0,2,999,1,-1.8,92.893,-46.2,1.327,5099.1,999.0,3,1.0,0.0,0.0,2,3,0.0,4,5,1,2
3974,36.0,2,999,0,1.4,93.444,-36.1,4.964,5228.1,999.0,0,1.0,0.0,0.0,2,6,0.0,5,8,1,1
3975,41.0,1,999,0,1.4,93.918,-42.7,4.96,5228.1,999.0,0,1.0,0.0,0.0,1,7,0.0,5,7,2,1
3976,40.0,2,999,0,1.4,93.918,-42.7,4.962,5228.1,999.0,0,1.0,1.0,0.0,2,8,0.0,4,7,1,1
3977,31.0,1,999,0,-3.4,92.431,-26.9,0.724,5017.5,999.0,0,1.0,0.0,0.0,2,8,0.0,3,10,1,1
3978,32.0,1,999,0,1.4,93.918,-42.7,4.96,5228.1,999.0,0,1.0,0.0,0.0,2,5,0.0,7,7,2,1
3979,32.0,3,999,0,1.4,93.918,-42.7,4.962,5228.1,999.0,0,0.0,0.0,0.0,2,4,0.0,4,7,1,1
3980,45.0,1,999,0,1.4,93.444,-36.1,4.967,5228.1,999.0,0,0.0,0.0,0.0,2,8,0.0,4,8,1,1
3981,31.0,13,999,0,1.4,93.444,-36.1,4.965,5228.1,999.0,0,0.0,0.0,0.0,2,4,0.0,1,8,1,1
3982,59.0,5,999,0,1.4,93.444,-36.1,4.965,5228.1,999.0,0,1.0,0.0,0.0,2,8,0.0,5,8,2,1
3983,53.0,16,999,0,1.1,93.994,-36.4,4.857,5191.0,999.0,0,1.0,0.0,1.0,3,7,0.0,9,5,1,1
3984,48.0,5,999,0,1.4,93.918,-42.7,4.963,5228.1,999.0,0,0.0,0.0,0.0,2,8,0.0,5,7,1,1
3985,28.0,9,999,0,1.4,93.918,-42.7,4.963,5228.1,999.0,0,1.0,0.0,0.0,1,8,0.0,3,7,1,1
3986,28.0,1,999,1,-1.8,92.893,-46.2,1.266,5099.1,999.0,1,0.0,0.0,0.0,1,2,0.0,4,5,1,2
3987,48.0,1,999,0,1.4,93.918,-42.7,4.963,5228.1,999.0,0,1.0,0.0,0.0,2,8,0.0,9,7,1,1
3988,30.0,3,999,0,-0.1,93.2,-42.0,4.12,5195.8,999.0,0,1.0,0.0,0.0,2,8,0.0,4,11,1,1
3989,44.0,3,999,0,1.4,94.465,-41.8,4.961,5228.1,999.0,0,0.0,0.0,1.0,2,8,0.0,6,6,2,1
3990,31.0,3,999,0,1.4,93.918,-42.7,4.96,5228.1,999.0,0,1.0,1.0,0.0,1,8,0.0,6,7,2,1
3991,31.0,2,999,0,1.4,93.444,-36.1,4.963,5228.1,999.0,0,0.0,1.0,0.0,1,7,0.0,5,8,1,1
3992,31.0,1,999,0,-1.8,92.893,-46.2,1.266,5099.1,999.0,0,1.0,0.0,0.0,2,2,0.0,4,5,1,1
3993,37.0,1,999,0,1.4,93.918,-42.7,4.961,5228.1,999.0,0,1.0,0.0,0.0,2,8,0.0,2,7,1,1
3994,31.0,10,999,0,1.4,93.918,-42.7,4.963,5228.1,999.0,0,1.0,0.0,0.0,2,3,0.0,4,7,1,1
3995,59.0,4,999,0,1.1,93.994,-36.4,4.86,5191.0,999.0,0,1.0,1.0,1.0,2,5,0.0,6,5,1,1
3996,49.0,2,999,0,1.4,94.465,-41.8,4.958,5228.1,999.0,0,1.0,1.0,1.0,2,8,0.0,5,6,1,1
3997,36.0,1,3,2,-2.9,92.201,-31.4,0.849,5076.2,0.1,2,1.0,0.0,0.0,1,8,0.0,6,8,1,3
3998,53.0,4,999,0,-1.8,92.893,-46.2,1.291,5099.1,999.0,0,1.0,0.0,0.0,2,3,0.0,5,5,1,1
3999,35.0,4,999,0,1.4,93.918,-42.7,4.961,5228.1,999.0,0,1.0,0.0,0.0,2,8,0.0,5,7,1,1
4000,26.0,3,999,0,-1.8,92.893,-46.2,1.25,5099.1,999.0,0,0.0,0.0,0.0,1,5,0.0,4,5,1,1
4001,31.0,2,999,0,1.1,93.994,-36.4,4.856,5191.0,999.0,0,0.0,0.0,1.0,4,8,0.0,4,5,1,1
4002,56.0,2,999,1,-0.1,93.2,-42.0,4.021,5195.8,999.0,1,1.0,1.0,0.0,2,4,0.0,3,11,1,2
4003,42.0,1,999,0,1.4,94.465,-41.8,4.866,5228.1,999.0,0,1.0,0.0,1.0,2,2,0.0,4,6,1,1
4004,26.0,1,999,0,1.4,94.465,-41.8,4.864,5228.1,999.0,0,1.0,0.0,1.0,2,7,0.0,1,6,1,1
4005,40.0,1,999,0,1.1,93.994,-36.4,4.855,5191.0,999.0,0,0.0,0.0,1.0,3,4,0.0,4,5,1,1
4006,50.0,17,999,0,1.4,94.465,-41.8,4.961,5228.1,999.0,0,0.0,0.0,1.0,2,5,0.0,3,6,1,1
4007,45.0,1,999,0,1.4,93.444,-36.1,4.964,5228.1,999.0,0,1.0,0.0,0.0,1,6,0.0,5,8,1,1
4008,39.0,4,999,0,1.4,94.465,-41.8,4.955,5228.1,999.0,0,1.0,0.0,1.0,3,8,0.0,1,6,1,1
4009,45.0,1,999,0,1.4,94.465,-41.8,4.865,5228.1,999.0,0,0.0,0.0,1.0,1,4,0.0,4,6,2,1
4010,32.0,3,999,0,1.4,93.918,-42.7,4.962,5228.1,999.0,0,1.0,0.0,1.0,1,8,0.0,6,7,2,1
4011,31.0,2,999,0,1.4,93.918,-42.7,4.962,5228.1,999.0,0,1.0,0.0,0.0,2,8,0.0,6,7,1,1
4012,29.0,2,999,0,-1.8,92.893,-46.2,1.313,5099.1,999.0,0,0.0,0.0,0.0,2,4,0.0,4,5,1,1
4013,31.0,1,999,0,1.1,93.994,-36.4,4.857,5191.0,999.0,0,0.0,1.0,1.0,1,4,0.0,4,5,1,1
4014,37.0,2,999,0,1.4,93.444,-36.1,4.964,5228.1,999.0,0,1.0,0.0,0.0,2,8,0.0,6,8,1,1
4015,31.0,1,999,1,-1.8,92.893,-46.2,1.266,5099.1,999.0,3,1.0,1.0,0.0,1,7,0.0,3,5,1,2
4016,26.0,1,999,0,1.4,93.918,-42.7,4.962,5228.1,999.0,0,0.0,0.0,0.0,2,4,0.0,4,7,1,1
4017,30.0,1,999,0,1.4,93.444,-36.1,4.965,5228.1,999.0,0,0.0,0.0,0.0,1,7,0.0,6,8,2,1
4018,37.0,1,999,2,-2.9,92.201,-31.4,0.859,5076.2,999.0,8,1.0,0.0,0.0,2,7,0.0,6,8,1,2
4019,49.0,3,999,0,1.1,93.994,-36.4,4.857,5191.0,999.0,0,1.0,0.0,1.0,2,2,0.0,4,5,1,1
4020,41.0,2,999,0,1.1,93.994,-36.4,4.859,5191.0,999.0,0,0.0,0.0,1.0,2,5,0.0,2,5,1,1
4021,48.0,4,999,1,-1.8,92.893,-46.2,1.281,5099.1,999.0,3,0.0,0.0,1.0,2,8,0.0,4,5,1,2
4022,32.0,5,999,0,1.4,93.444,-36.1,4.964,5228.1,999.0,0,0.0,1.0,0.0,1,6,0.0,5,8,1,1
4023,37.0,1,999,0,1.1,93.994,-36.4,4.86,5191.0,999.0,0,1.0,0.0,1.0,2,5,0.0,6,5,1,1
4024,36.0,2,999,0,1.1,93.994,-36.4,4.86,5191.0,999.0,0,0.0,0.0,1.0,2,5,0.0,9,5,1,1
4025,52.0,2,999,0,1.4,93.918,-42.7,4.962,5228.1,999.0,0,1.0,0.0,0.0,2,5,0.0,9,7,1,1
4026,30.0,1,999,0,-1.8,92.893,-46.2,1.354,5099.1,999.0,0,0.0,0.0,0.0,2,6,0.0,12,5,2,1
4027,31.0,1,999,0,-0.1,93.2,-42.0,4.12,5195.8,999.0,0,1.0,0.0,0.0,2,8,0.0,3,11,1,1
4028,29.0,1,999,0,-1.8,92.893,-46.2,1.327,5099.1,999.0,0,0.0,0.0,0.0,2,6,0.0,9,5,1,1
4029,31.0,4,999,0,-1.8,92.893,-46.2,1.313,5099.1,999.0,0,1.0,1.0,0.0,1,5,0.0,6,5,1,1
4030,31.0,3,999,0,1.4,93.444,-36.1,4.962,5228.1,999.0,0,0.0,0.0,0.0,1,7,0.0,6,8,1,1
4031,38.0,2,999,0,-1.8,93.075,-47.1,1.405,5099.1,999.0,0,0.0,0.0,0.0,1,7,0.0,5,4,1,1
4032,59.0,1,999,0,1.1,93.994,-36.4,4.857,5191.0,999.0,0,1.0,0.0,1.0,2,5,0.0,7,5,1,1
4033,33.0,1,999,0,1.4,93.444,-36.1,4.966,5228.1,999.0,0,0.0,1.0,0.0,2,8,0.0,5,8,1,1
4034,44.0,1,999,0,1.4,93.918,-42.7,4.968,5228.1,999.0,0,0.0,0.0,0.0,2,6,0.0,5,7,1,1
4035,34.0,8,999,0,1.4,93.444,-36.1,4.962,5228.1,999.0,0,0.0,0.0,0.0,2,7,0.0,5,8,1,1
4036,54.0,1,999,0,-1.8,92.843,-50.0,1.56,5099.1,999.0,0,1.0,0.0,0.0,2,7,0.0,6,3,2,1
4037,35.0,4,999,1,-1.8,92.893,-46.2,1.291,5099.1,999.0,2,0.0,0.0,1.0,1,5,0.0,6,5,1,2
4038,27.0,2,999,0,1.4,93.918,-42.7,4.958,5228.1,999.0,0,0.0,0.0,0.0,3,8,0.0,4,7,1,1
4039,31.0,1,999,0,1.1,93.994,-36.4,4.858,5191.0,999.0,0,0.0,0.0,1.0,3,4,0.0,4,5,2,1
4040,80.0,1,999,0,-1.8,93.749,-34.6,0.644,5008.7,999.0,0,1.0,0.0,0.0,3,2,0.0,8,4,1,1
4041,38.0,2,999,0,1.1,93.994,-36.4,4.86,5191.0,999.0,0,0.0,0.0,1.0,2,8,0.0,3,5,1,1
4042,30.0,3,999,0,1.1,93.994,-36.4,4.858,5191.0,999.0,0,1.0,0.0,1.0,2,7,0.0,5,5,1,1
4043,22.0,2,999,0,-1.8,93.075,-47.1,1.405,5099.1,999.0,0,1.0,1.0,0.0,2,5,0.0,6,4,1,1
4044,25.0,1,13,2,-1.7,94.055,-39.8,0.702,4991.6,0.433333333333,4,1.0,0.0,0.0,1,8,0.0,9,6,1,2
4045,32.0,1,999,0,-0.1,93.2,-42.0,4.153,5195.8,999.0,0,0.0,0.0,0.0,2,8,0.0,4,11,1,1
4046,23.0,2,15,1,-1.1,94.199,-37.5,0.876,4963.6,0.5,1,0.0,0.0,0.0,1,6,0.0,11,9,1,3
4047,41.0,1,999,0,1.1,93.994,-36.4,4.856,5191.0,999.0,0,0.0,1.0,1.0,3,5,0.0,9,5,1,1
4048,37.0,2,999,0,1.4,93.444,-36.1,4.967,5228.1,999.0,0,0.0,0.0,0.0,2,7,0.0,3,8,1,1
4049,31.0,5,999,0,-0.1,93.2,-42.0,4.12,5195.8,999.0,0,0.0,0.0,0.0,1,5,0.0,5,11,1,1
4050,43.0,1,999,0,1.4,94.465,-41.8,4.864,5228.1,999.0,0,0.0,1.0,1.0,2,4,0.0,4,6,1,1
4051,36.0,3,999,0,1.4,93.918,-42.7,4.968,5228.1,999.0,0,1.0,0.0,0.0,2,3,0.0,4,7,1,1
4052,31.0,1,999,0,1.4,93.444,-36.1,4.963,5228.1,999.0,0,1.0,1.0,0.0,2,4,0.0,1,8,1,1
4053,24.0,1,3,2,-2.9,92.201,-31.4,0.849,5076.2,0.1,6,1.0,1.0,0.0,1,8,0.0,11,8,1,3
4054,45.0,1,999,0,1.4,93.444,-36.1,4.968,5228.1,999.0,0,0.0,0.0,0.0,2,8,0.0,4,8,1,1
4055,59.0,1,999,0,-1.8,92.893,-46.2,1.266,5099.1,999.0,0,0.0,0.0,0.0,2,2,0.0,8,5,1,1
4056,52.0,1,999,0,1.4,93.444,-36.1,4.963,5228.1,999.0,0,0.0,0.0,0.0,2,8,0.0,6,8,1,1
4057,45.0,1,999,0,1.4,94.465,-41.8,4.864,5228.1,999.0,0,0.0,0.0,1.0,1,5,0.0,9,6,1,1
4058,31.0,2,3,1,-1.8,92.893,-46.2,1.27,5099.1,0.1,2,1.0,0.0,0.0,2,7,0.0,6,5,1,3
4059,25.0,1,999,0,1.4,94.465,-41.8,4.961,5228.1,999.0,0,1.0,1.0,1.0,1,2,0.0,4,6,2,1
4060,32.0,1,999,0,1.1,93.994,-36.4,4.857,5191.0,999.0,0,1.0,0.0,1.0,1,8,0.0,6,5,1,1
4061,44.0,2,999,0,-2.9,92.201,-31.4,0.884,5076.2,999.0,0,1.0,1.0,0.0,2,2,0.0,7,8,2,1
4062,45.0,3,999,0,1.4,93.444,-36.1,4.966,5228.1,999.0,0,0.0,0.0,0.0,2,7,0.0,6,8,1,1
4063,31.0,2,999,0,1.4,93.918,-42.7,4.956,5228.1,999.0,0,1.0,0.0,1.0,2,7,0.0,3,7,1,1
4064,33.0,1,999,0,-2.9,92.201,-31.4,0.873,5076.2,999.0,0,0.0,0.0,0.0,1,7,0.0,6,8,1,1
4065,50.0,1,999,0,1.4,93.918,-42.7,4.962,5228.1,999.0,0,1.0,0.0,0.0,1,5,0.0,6,7,1,1
4066,56.0,3,999,0,1.4,93.444,-36.1,4.963,5228.1,999.0,0,1.0,0.0,0.0,2,4,0.0,1,8,1,1
4067,30.0,1,999,0,1.4,93.918,-42.7,4.963,5228.1,999.0,0,0.0,0.0,0.0,2,8,0.0,4,7,1,1
4068,48.0,2,999,0,1.4,93.918,-42.7,4.968,5228.1,999.0,0,1.0,0.0,0.0,2,8,0.0,5,7,1,1
4069,31.0,2,999,0,1.4,93.918,-42.7,4.962,5228.1,999.0,0,0.0,0.0,0.0,2,8,0.0,6,7,1,1
4070,31.0,1,999,0,1.1,93.994,-36.4,4.857,5191.0,999.0,0,1.0,0.0,1.0,2,8,0.0,9,5,1,1
4071,46.0,1,999,1,-1.8,92.893,-46.2,1.334,5099.1,999.0,2,0.0,0.0,0.0,2,5,0.0,9,5,1,2
4072,35.0,2,4,3,-1.7,94.055,-39.8,0.72,4991.6,0.133333333333,3,0.0,1.0,0.0,1,8,0.0,6,6,2,3
4073,31.0,9,999,0,1.4,93.444,-36.1,4.963,5228.1,999.0,0,0.0,0.0,0.0,2,2,0.0,4,8,1,1
4074,30.0,1,999,0,1.1,93.994,-36.4,4.857,5191.0,999.0,0,0.0,0.0,1.0,2,7,0.0,5,5,2,1
4075,44.0,1,999,0,-0.1,93.2,-42.0,4.191,5195.8,999.0,0,1.0,0.0,0.0,2,8,0.0,3,11,2,1
4076,39.0,4,999,0,1.4,94.465,-41.8,4.865,5228.1,999.0,0,0.0,0.0,1.0,1,6,0.0,5,6,2,1
4077,32.0,1,999,1,-3.4,92.431,-26.9,0.728,5017.5,999.0,1,0.0,0.0,0.0,1,8,0.0,5,10,1,2
4078,35.0,1,999,0,1.4,93.444,-36.1,4.966,5228.1,999.0,0,0.0,0.0,1.0,2,5,0.0,5,8,1,1
4079,36.0,5,999,0,1.4,93.444,-36.1,4.964,5228.1,999.0,0,1.0,0.0,0.0,2,6,0.0,5,8,1,1
4080,49.0,2,999,0,-1.8,92.893,-46.2,1.291,5099.1,999.0,0,1.0,0.0,0.0,2,5,0.0,4,5,1,1
4081,43.0,1,999,0,1.4,94.465,-41.8,4.961,5228.1,999.0,0,1.0,1.0,1.0,1,6,0.0,5,6,1,1
4082,58.0,4,999,0,1.4,94.465,-41.8,4.865,5228.1,999.0,0,0.0,1.0,1.0,2,7,0.0,6,6,2,1
4083,38.0,3,999,0,1.4,93.444,-36.1,4.963,5228.1,999.0,0,0.0,0.0,0.0,2,7,0.0,6,8,1,1
4084,48.0,7,999,0,1.4,93.918,-42.7,4.962,5228.1,999.0,0,1.0,1.0,0.0,2,5,0.0,9,7,1,1
4085,56.0,1,999,0,-0.1,93.798,-40.4,4.936,5195.8,999.0,0,0.0,0.0,1.0,2,8,0.0,5,10,1,1
4086,31.0,4,999,0,1.4,93.918,-42.7,4.962,5228.1,999.0,0,0.0,0.0,0.0,3,4,0.0,4,7,2,1
4087,39.0,1,999,0,-1.8,92.893,-46.2,1.334,5099.1,999.0,0,1.0,0.0,0.0,1,4,0.0,4,5,1,1
4088,39.0,1,999,1,-1.8,93.075,-47.1,1.445,5099.1,999.0,3,1.0,0.0,0.0,2,4,0.0,4,4,1,2
4089,31.0,10,999,0,1.1,93.994,-36.4,4.859,5191.0,999.0,0,1.0,0.0,1.0,1,8,0.0,4,5,1,1
4090,31.0,3,999,0,-2.9,92.201,-31.4,0.879,5076.2,999.0,0,0.0,0.0,0.0,2,8,0.0,8,8,1,1
4091,31.0,1,999,1,-1.8,93.075,-47.1,1.435,5099.1,999.0,1,1.0,0.0,0.0,3,6,0.0,5,4,1,2
4092,31.0,1,999,1,-1.8,93.075,-47.1,1.41,5099.1,999.0,2,0.0,0.0,0.0,2,2,0.0,4,4,1,2
4093,41.0,1,999,1,-2.9,92.469,-33.6,1.044,5076.2,999.0,1,1.0,0.0,0.0,2,7,0.0,6,7,1,2
4094,46.0,15,999,0,1.4,93.444,-36.1,4.962,5228.1,999.0,0,0.0,0.0,0.0,3,6,0.0,5,8,1,1
4095,30.0,3,999,0,1.4,93.918,-42.7,4.96,5228.1,999.0,0,0.0,0.0,0.0,1,8,0.0,6,7,2,1
4096,35.0,4,999,0,1.1,93.994,-36.4,4.855,5191.0,999.0,0,1.0,0.0,1.0,2,8,0.0,6,5,1,1
4097,39.0,2,999,1,-1.8,92.893,-46.2,1.327,5099.1,999.0,1,0.0,0.0,0.0,2,6,0.0,5,5,1,2
4098,31.0,4,999,0,1.4,94.465,-41.8,4.959,5228.1,999.0,0,1.0,0.0,1.0,3,4,0.0,6,6,1,1
4099,45.0,1,999,0,-1.8,93.075,-47.1,1.405,5099.1,999.0,0,1.0,0.0,0.0,2,8,0.0,3,4,1,1
4100,29.0,4,999,0,1.4,94.465,-41.8,4.967,5228.1,999.0,0,0.0,0.0,1.0,2,5,0.0,6,6,1,1
4101,31.0,4,999,0,-1.8,92.893,-46.2,1.244,5099.1,999.0,0,0.0,0.0,0.0,3,8,0.0,9,5,2,1
4102,29.0,6,999,0,1.4,93.444,-36.1,4.963,5228.1,999.0,0,0.0,1.0,0.0,1,7,0.0,6,8,2,1
4103,32.0,1,999,0,-0.1,93.2,-42.0,4.12,5195.8,999.0,0,1.0,0.0,0.0,2,7,0.0,1,11,1,1
4104,39.0,1,999,0,1.4,93.444,-36.1,4.965,5228.1,999.0,0,0.0,0.0,0.0,2,6,0.0,5,8,1,1
4105,31.0,1,999,1,-1.8,92.893,-46.2,1.327,5099.1,999.0,2,0.0,0.0,0.0,1,3,0.0,4,5,1,2
4106,24.0,2,999,0,-1.8,93.876,-40.0,0.697,5008.7,999.0,0,0.0,1.0,0.0,1,5,0.0,10,5,2,1
4107,31.0,2,999,0,1.4,93.918,-42.7,4.962,5228.1,999.0,0,0.0,0.0,0.0,2,8,0.0,3,7,2,1
4108,21.0,2,999,0,-1.7,94.055,-39.8,0.767,4991.6,999.0,0,1.0,1.0,0.0,1,5,0.0,11,6,1,1
4109,46.0,2,999,1,-0.1,93.2,-42.0,4.12,5195.8,999.0,3,1.0,1.0,0.0,3,8,0.0,6,11,1,2
4110,56.0,2,999,0,1.4,93.918,-42.7,4.963,5228.1,999.0,0,1.0,0.0,0.0,2,6,0.0,8,7,1,1
4111,28.0,2,999,0,1.1,93.994,-36.4,4.859,5191.0,999.0,0,0.0,0.0,1.0,1,4,0.0,5,5,1,1
4112,36.0,2,999,0,1.4,93.444,-36.1,4.963,5228.1,999.0,0,0.0,0.0,0.0,1,8,0.0,5,8,2,1
4113,31.0,1,999,0,1.4,93.444,-36.1,4.962,5228.1,999.0,0,1.0,0.0,0.0,2,8,0.0,5,8,1,1
4114,31.0,1,999,0,1.1,93.994,-36.4,4.857,5191.0,999.0,0,0.0,0.0,1.0,2,3,0.0,3,5,2,1
4115,47.0,1,999,1,-0.1,93.2,-42.0,4.191,5195.8,999.0,5,1.0,0.0,0.0,2,8,0.0,6,11,2,2
4116,29.0,2,999,0,1.1,93.994,-36.4,4.855,5191.0,999.0,0,1.0,1.0,1.0,1,5,0.0,4,5,1,1
4117,31.0,3,999,0,-1.8,93.075,-47.1,1.405,5099.1,999.0,0,1.0,0.0,0.0,2,3,0.0,4,4,2,1
4118,29.0,2,999,0,1.4,93.918,-42.7,4.962,5228.1,999.0,0,1.0,0.0,0.0,2,7,0.0,7,7,1,1
4119,31.0,1,999,0,1.1,93.994,-36.4,4.857,5191.0,999.0,0,0.0,0.0,1.0,2,8,0.0,4,5,1,1
4120,31.0,1,999,0,1.1,93.994,-36.4,4.864,5191.0,999.0,0,1.0,0.0,1.0,2,8,0.0,12,5,1,1
4121,42.0,1,999,0,1.4,93.918,-42.7,4.963,5228.1,999.0,0,0.0,0.0,0.0,2,3,0.0,4,7,1,1
4122,31.0,2,999,0,1.1,93.994,-36.4,4.857,5191.0,999.0,0,1.0,0.0,1.0,1,4,0.0,4,5,1,1
4123,42.0,2,999,0,1.4,93.918,-42.7,4.962,5228.1,999.0,0,0.0,1.0,0.0,2,7,0.0,1,7,2,1
4124,40.0,2,999,0,1.4,93.444,-36.1,4.964,5228.1,999.0,0,0.0,1.0,0.0,2,6,0.0,5,8,1,1
4125,38.0,3,999,0,1.4,93.444,-36.1,4.968,5228.1,999.0,0,1.0,0.0,0.0,2,3,0.0,2,8,1,1
4126,31.0,4,999,0,-1.8,92.893,-46.2,1.266,5099.1,999.0,0,1.0,0.0,0.0,1,4,0.0,4,5,1,1
4127,42.0,2,999,0,-2.9,92.963,-40.8,1.26,5076.2,999.0,0,1.0,0.0,0.0,2,7,0.0,6,6,1,1
4128,51.0,3,999,0,1.4,93.918,-42.7,4.962,5228.1,999.0,0,0.0,1.0,1.0,2,8,0.0,6,7,2,1
4129,50.0,4,999,0,1.4,93.444,-36.1,4.963,5228.1,999.0,0,0.0,0.0,0.0,3,7,0.0,6,8,1,1
4130,40.0,6,999,0,1.1,93.994,-36.4,4.86,5191.0,999.0,0,0.0,0.0,1.0,3,8,0.0,4,5,1,1
4131,35.0,5,999,0,1.1,93.994,-36.4,4.86,5191.0,999.0,0,0.0,0.0,1.0,1,8,0.0,5,5,1,1
4132,42.0,1,999,1,-0.1,93.2,-42.0,4.191,5195.8,999.0,1,0.0,0.0,0.0,3,6,0.0,5,11,2,2
4133,31.0,1,999,0,-1.8,92.893,-46.2,1.291,5099.1,999.0,0,0.0,1.0,0.0,2,3,0.0,4,5,1,1
4134,59.0,4,999,0,1.1,93.994,-36.4,4.86,5191.0,999.0,0,1.0,0.0,1.0,2,8,0.0,3,5,1,1
4135,38.0,3,999,0,1.4,93.918,-42.7,4.961,5228.1,999.0,0,0.0,0.0,0.0,3,7,0.0,6,7,1,1
4136,48.0,2,999,0,1.1,93.994,-36.4,4.857,5191.0,999.0,0,0.0,0.0,1.0,2,5,0.0,6,5,2,1
4137,35.0,1,999,0,1.1,93.994,-36.4,4.857,5191.0,999.0,0,0.0,0.0,1.0,2,8,0.0,5,5,1,1
4138,48.0,2,999,0,1.4,93.444,-36.1,4.964,5228.1,999.0,0,0.0,0.0,0.0,2,4,0.0,4,8,1,1
4139,56.0,6,999,0,1.4,93.918,-42.7,4.963,5228.1,999.0,0,1.0,1.0,0.0,2,2,0.0,5,7,1,1
4140,31.0,1,999,0,1.4,93.444,-36.1,4.965,5228.1,999.0,0,0.0,0.0,0.0,1,5,0.0,5,8,1,1
4141,31.0,1,999,0,-3.0,92.713,-33.0,0.714,5023.5,999.0,0,0.0,0.0,0.0,2,2,0.0,2,12,1,1
4142,31.0,1,999,0,-1.8,92.893,-46.2,1.291,5099.1,999.0,0,0.0,0.0,0.0,1,4,0.0,9,5,1,1
4143,34.0,1,3,2,-1.7,94.055,-39.8,0.715,4991.6,0.1,8,0.0,0.0,0.0,2,7,0.0,6,6,1,3
4144,25.0,4,999,0,1.4,93.918,-42.7,4.962,5228.1,999.0,0,0.0,0.0,0.0,2,5,0.0,9,7,1,1
4145,31.0,1,999,0,1.4,93.918,-42.7,4.962,5228.1,999.0,0,0.0,1.0,0.0,1,7,0.0,5,7,1,1
4146,46.0,2,999,0,1.4,93.918,-42.7,4.963,5228.1,999.0,0,0.0,0.0,0.0,2,2,0.0,2,7,1,1
4147,31.0,3,999,0,1.4,93.918,-42.7,4.961,5228.1,999.0,0,1.0,0.0,1.0,2,7,0.0,6,7,1,1
4148,48.0,3,999,0,1.4,94.465,-41.8,4.959,5228.1,999.0,0,1.0,0.0,1.0,1,7,0.0,6,6,1,1
4149,31.0,1,999,0,-0.1,93.2,-42.0,4.021,5195.8,999.0,0,1.0,1.0,1.0,1,8,0.0,6,11,1,1
4150,26.0,1,999,2,-1.1,94.601,-49.5,0.959,4963.6,999.0,8,0.0,0.0,1.0,1,7,0.0,6,10,1,2
4151,88.0,1,999,0,-1.8,92.843,-50.0,1.663,5099.1,999.0,0,1.0,0.0,0.0,3,2,0.0,8,3,1,1
4152,29.0,2,1,1,-1.1,94.767,-50.8,1.046,4963.6,0.0333333333333,1,0.0,0.0,0.0,1,6,0.0,5,11,1,3
4153,33.0,11,999,0,1.1,93.994,-36.4,4.859,5191.0,999.0,0,1.0,0.0,1.0,2,8,0.0,1,5,1,1
4154,31.0,1,999,1,-0.1,93.2,-42.0,4.12,5195.8,999.0,0,1.0,0.0,0.0,1,5,0.0,6,11,1,2
4155,31.0,1,999,0,-0.1,93.2,-42.0,4.153,5195.8,999.0,0,1.0,0.0,0.0,3,2,0.0,2,11,1,1
4156,32.0,2,999,0,1.4,93.918,-42.7,4.958,5228.1,999.0,0,1.0,0.0,1.0,1,5,0.0,6,7,1,1
4157,53.0,1,999,0,1.1,93.994,-36.4,4.856,5191.0,999.0,0,1.0,0.0,1.0,2,4,0.0,4,5,1,1
4158,31.0,3,999,0,-1.8,93.075,-47.1,1.41,5099.1,999.0,0,1.0,1.0,1.0,2,7,0.0,6,4,1,1
4159,31.0,3,999,0,1.1,93.994,-36.4,4.858,5191.0,999.0,0,0.0,1.0,1.0,3,8,0.0,1,5,2,1
4160,39.0,5,999,0,1.4,93.918,-42.7,4.961,5228.1,999.0,0,1.0,0.0,0.0,2,8,0.0,4,7,1,1
4161,51.0,1,999,0,1.4,93.918,-42.7,4.963,5228.1,999.0,0,1.0,0.0,0.0,1,3,0.0,9,7,1,1
4162,31.0,1,999,1,-1.8,92.893,-46.2,1.266,5099.1,999.0,2,1.0,0.0,0.0,2,8,0.0,9,5,1,2
4163,31.0,3,999,0,1.4,93.918,-42.7,4.958,5228.1,999.0,0,0.0,1.0,0.0,4,6,0.0,1,7,1,1
4164,43.0,6,999,0,1.1,93.994,-36.4,4.857,5191.0,999.0,0,1.0,0.0,1.0,2,8,0.0,4,5,1,1
4165,31.0,2,999,0,1.4,93.918,-42.7,4.961,5228.1,999.0,0,1.0,0.0,0.0,2,2,0.0,4,7,1,1
4166,38.0,5,999,0,1.4,93.444,-36.1,4.965,5228.1,999.0,0,0.0,0.0,0.0,2,7,0.0,6,8,2,1
4167,31.0,3,999,0,-1.8,92.893,-46.2,1.266,5099.1,999.0,0,1.0,1.0,0.0,2,7,0.0,7,5,1,1
4168,34.0,1,11,1,-1.8,92.893,-46.2,1.334,5099.1,0.366666666667,2,1.0,0.0,0.0,1,8,0.0,6,5,1,3
4169,37.0,13,999,0,1.4,93.918,-42.7,4.961,5228.1,999.0,0,0.0,0.0,1.0,1,8,0.0,6,7,1,1
4170,31.0,3,999,0,1.4,93.918,-42.7,4.958,5228.1,999.0,0,1.0,1.0,0.0,1,7,0.0,6,7,1,1
4171,43.0,3,999,0,1.1,93.994,-36.4,4.859,5191.0,999.0,0,0.0,0.0,1.0,2,3,0.0,4,5,1,1
4172,41.0,8,999,0,-1.8,92.893,-46.2,1.281,5099.1,999.0,0,1.0,1.0,0.0,2,5,0.0,9,5,1,1
4173,32.0,3,3,4,-1.1,94.199,-37.5,0.88,4963.6,0.1,4,0.0,0.0,1.0,2,2,0.0,4,9,1,3
4174,44.0,1,999,1,-1.8,93.075,-47.1,1.415,5099.1,999.0,0,1.0,0.0,0.0,2,8,0.0,5,4,1,2
4175,60.0,1,999,0,1.4,93.918,-42.7,4.96,5228.1,999.0,0,0.0,1.0,0.0,2,5,0.0,6,7,2,1
4176,37.0,2,999,0,1.4,93.444,-36.1,4.968,5228.1,999.0,0,1.0,1.0,0.0,2,7,0.0,6,8,1,1
4177,45.0,4,999,0,1.1,93.994,-36.4,4.857,5191.0,999.0,0,1.0,0.0,1.0,2,6,0.0,5,5,1,1
4178,56.0,3,999,0,1.4,94.465,-41.8,4.961,5228.1,999.0,0,1.0,0.0,1.0,2,2,0.0,4,6,2,1
4179,40.0,3,3,2,-3.4,92.649,-30.1,0.714,5017.5,0.1,0,1.0,0.0,0.0,2,5,0.0,9,11,1,3
4180,31.0,22,999,0,1.4,93.918,-42.7,4.968,5228.1,999.0,0,1.0,1.0,0.0,2,5,0.0,6,7,1,1
4181,31.0,2,999,0,1.4,93.918,-42.7,4.96,5228.1,999.0,0,1.0,0.0,0.0,3,8,0.0,2,7,2,1
4182,43.0,2,3,2,-1.8,93.876,-40.0,0.668,5008.7,0.1,6,0.0,0.0,0.0,1,6,0.0,5,5,1,3
4183,31.0,3,999,0,1.4,93.918,-42.7,4.962,5228.1,999.0,0,1.0,1.0,0.0,1,7,0.0,6,7,1,1
4184,46.0,1,999,0,-1.8,92.893,-46.2,1.334,5099.1,999.0,0,0.0,0.0,0.0,2,8,0.0,6,5,1,1
4185,31.0,3,999,0,-0.1,93.2,-42.0,4.12,5195.8,999.0,0,1.0,0.0,0.0,2,8,0.0,9,11,1,1
4186,31.0,2,999,0,1.1,93.994,-36.4,4.857,5191.0,999.0,0,1.0,1.0,1.0,2,5,0.0,6,5,2,1
4187,31.0,2,999,1,-1.8,93.075,-47.1,1.41,5099.1,999.0,3,0.0,0.0,0.0,2,2,0.0,8,4,1,2
4188,35.0,1,999,1,-1.8,93.075,-47.1,1.453,5099.1,999.0,0,0.0,0.0,0.0,2,8,0.0,4,4,1,2
4189,47.0,1,999,1,-0.1,93.2,-42.0,4.153,5195.8,999.0,3,1.0,0.0,0.0,2,5,0.0,9,11,1,2
4190,31.0,1,999,0,-2.9,92.963,-40.8,1.262,5076.2,999.0,0,0.0,0.0,0.0,2,8,0.0,3,6,1,1
4191,45.0,2,999,0,1.4,93.918,-42.7,4.957,5228.1,999.0,0,0.0,0.0,0.0,2,7,0.0,3,7,1,1
4192,36.0,14,999,0,1.4,94.465,-41.8,4.959,5228.1,999.0,0,1.0,1.0,1.0,2,8,0.0,4,6,1,1
4193,41.0,1,999,0,1.4,93.918,-42.7,4.96,5228.1,999.0,0,1.0,0.0,0.0,3,5,0.0,5,7,2,1
4194,31.0,3,999,0,1.4,93.444,-36.1,4.965,5228.1,999.0,0,1.0,1.0,0.0,1,7,0.0,6,8,2,1
4195,40.0,2,999,0,1.4,93.918,-42.7,4.963,5228.1,999.0,0,1.0,0.0,0.0,2,3,0.0,2,7,1,1
4196,51.0,2,999,0,1.1,93.994,-36.4,4.86,5191.0,999.0,0,1.0,1.0,1.0,2,3,0.0,4,5,1,1
4197,30.0,4,999,0,-1.8,92.893,-46.2,1.354,5099.1,999.0,0,1.0,1.0,1.0,2,5,0.0,10,5,2,1
4198,37.0,3,999,0,1.1,93.994,-36.4,4.859,5191.0,999.0,0,0.0,0.0,1.0,1,4,0.0,4,5,1,1
4199,31.0,1,999,0,1.4,93.444,-36.1,4.965,5228.1,999.0,0,0.0,1.0,0.0,2,5,0.0,3,8,1,1
4200,31.0,1,999,0,-1.8,93.075,-47.1,1.41,5099.1,999.0,0,0.0,0.0,0.0,2,2,0.0,3,4,1,1
4201,24.0,2,999,0,1.4,93.918,-42.7,4.962,5228.1,999.0,0,1.0,0.0,0.0,1,8,0.0,4,7,1,1
4202,32.0,3,999,0,1.1,93.994,-36.4,4.858,5191.0,999.0,0,1.0,0.0,1.0,2,5,0.0,6,5,2,1
4203,31.0,5,999,0,1.4,93.918,-42.7,4.961,5228.1,999.0,0,1.0,0.0,0.0,1,5,0.0,9,7,1,1
4204,37.0,2,999,0,1.4,94.465,-41.8,4.866,5228.1,999.0,0,0.0,0.0,1.0,2,5,0.0,9,6,1,1
4205,27.0,1,999,0,-1.8,92.893,-46.2,1.266,5099.1,999.0,0,0.0,0.0,0.0,2,7,0.0,9,5,1,1
4206,35.0,5,999,0,-2.9,92.201,-31.4,0.854,5076.2,999.0,0,0.0,1.0,0.0,2,7,0.0,6,8,1,1
4207,42.0,3,999,0,1.4,93.444,-36.1,4.967,5228.1,999.0,0,0.0,0.0,0.0,2,5,0.0,3,8,1,1
4208,42.0,1,999,0,-1.8,93.075,-47.1,1.405,5099.1,999.0,0,1.0,0.0,0.0,2,5,0.0,9,4,2,1
4209,31.0,4,999,0,-1.7,94.215,-40.3,0.861,4991.6,999.0,0,1.0,1.0,0.0,2,5,0.0,6,7,1,1
4210,37.0,1,999,0,-1.8,92.893,-46.2,1.334,5099.1,999.0,0,0.0,0.0,0.0,2,7,0.0,6,5,1,1
4211,31.0,3,4,1,-3.4,92.431,-26.9,0.728,5017.5,0.133333333333,1,1.0,0.0,0.0,2,7,0.0,3,10,1,3
4212,31.0,4,999,0,-1.8,92.843,-50.0,1.811,5099.1,999.0,0,1.0,0.0,0.0,2,8,0.0,6,3,2,1
4213,35.0,2,999,0,1.4,94.465,-41.8,4.967,5228.1,999.0,0,0.0,0.0,1.0,2,8,0.0,6,6,1,1
4214,36.0,1,999,1,-1.8,92.893,-46.2,1.25,5099.1,999.0,2,0.0,0.0,0.0,2,7,0.0,6,5,1,2
4215,31.0,2,999,0,1.4,93.918,-42.7,4.963,5228.1,999.0,0,1.0,0.0,0.0,2,2,0.0,8,7,1,1
4216,28.0,3,999,0,1.4,93.918,-42.7,4.961,5228.1,999.0,0,0.0,0.0,0.0,2,6,0.0,5,7,1,1
4217,38.0,1,999,0,1.1,93.994,-36.4,4.86,5191.0,999.0,0,1.0,0.0,1.0,2,5,0.0,9,5,1,1
4218,56.0,3,999,1,-1.8,92.893,-46.2,1.244,5099.1,999.0,1,1.0,0.0,0.0,1,6,0.0,5,5,2,2
4219,49.0,9,999,0,-0.1,93.2,-42.0,4.021,5195.8,999.0,0,1.0,0.0,1.0,2,8,0.0,6,11,1,1
4220,24.0,3,999,0,-1.8,92.893,-46.2,1.313,5099.1,999.0,0,0.0,0.0,0.0,1,4,0.0,5,5,1,1
4221,56.0,1,999,0,1.4,93.918,-42.7,4.962,5228.1,999.0,0,0.0,0.0,0.0,2,8,0.0,6,7,1,1
4222,41.0,3,999,0,1.4,94.465,-41.8,4.961,5228.1,999.0,0,1.0,1.0,1.0,2,5,0.0,4,6,1,1
4223,53.0,1,999,0,-1.8,93.075,-47.1,1.392,5099.1,999.0,0,1.0,0.0,0.0,1,5,0.0,6,4,2,1
4224,39.0,4,999,0,1.4,93.444,-36.1,4.964,5228.1,999.0,0,1.0,0.0,0.0,2,7,0.0,6,8,1,1
4225,34.0,1,999,0,-1.8,93.075,-47.1,1.445,5099.1,999.0,0,0.0,0.0,0.0,1,6,0.0,6,4,1,1
4226,31.0,1,999,0,1.4,93.444,-36.1,4.967,5228.1,999.0,0,1.0,0.0,0.0,1,8,0.0,6,8,1,1
4227,21.0,1,999,1,-1.8,92.893,-46.2,1.291,5099.1,999.0,1,0.0,0.0,0.0,1,5,0.0,9,5,1,2
4228,58.0,3,999,0,1.4,93.444,-36.1,4.963,5228.1,999.0,0,1.0,1.0,0.0,2,8,0.0,8,8,1,1
4229,31.0,1,999,0,1.1,93.994,-36.4,4.857,5191.0,999.0,0,1.0,0.0,1.0,2,7,0.0,3,5,1,1
4230,31.0,1,999,0,1.1,93.994,-36.4,4.857,5191.0,999.0,0,0.0,0.0,1.0,2,5,0.0,2,5,1,1
4231,31.0,1,999,0,-0.1,93.2,-42.0,4.153,5195.8,999.0,0,1.0,1.0,0.0,2,8,0.0,10,11,1,1
4232,53.0,5,999,1,-1.8,92.893,-46.2,1.291,5099.1,999.0,1,0.0,0.0,0.0,2,6,0.0,5,5,1,2
4233,31.0,6,999,2,-1.8,92.893,-46.2,1.313,5099.1,999.0,4,1.0,0.0,0.0,1,5,0.0,6,5,1,2
4234,48.0,1,999,0,1.4,93.918,-42.7,4.962,5228.1,999.0,0,0.0,0.0,0.0,2,5,0.0,3,7,1,1
4235,59.0,1,999,0,1.4,94.465,-41.8,4.864,5228.1,999.0,0,0.0,1.0,1.0,1,8,0.0,8,6,1,1
4236,31.0,1,3,2,-1.1,94.767,-50.8,1.05,4963.6,0.1,6,0.0,0.0,1.0,1,7,0.0,5,11,2,3
4237,24.0,1,999,0,1.4,93.918,-42.7,4.962,5228.1,999.0,0,1.0,0.0,0.0,1,6,0.0,9,7,1,1
4238,31.0,5,999,0,-0.1,93.2,-42.0,4.021,5195.8,999.0,0,0.0,1.0,0.0,2,6,0.0,5,11,1,1
4239,29.0,3,999,0,-1.8,92.893,-46.2,1.244,5099.1,999.0,0,0.0,0.0,0.0,1,7,0.0,5,5,2,1
4240,33.0,1,999,0,-1.8,92.893,-46.2,1.344,5099.1,999.0,0,0.0,0.0,1.0,1,5,0.0,6,5,1,1
4241,45.0,2,999,0,1.1,93.994,-36.4,4.856,5191.0,999.0,0,1.0,0.0,1.0,2,2,0.0,4,5,1,1
4242,31.0,1,999,0,-1.8,92.893,-46.2,1.266,5099.1,999.0,0,0.0,0.0,0.0,2,5,0.0,6,5,1,1
4243,32.0,2,999,0,1.4,93.444,-36.1,4.966,5228.1,999.0,0,1.0,0.0,0.0,1,7,0.0,6,8,1,1
4244,31.0,1,999,0,1.4,93.444,-36.1,4.966,5228.1,999.0,0,0.0,0.0,0.0,2,7,0.0,7,8,1,1
4245,49.0,2,999,0,1.4,93.444,-36.1,4.966,5228.1,999.0,0,0.0,0.0,0.0,2,8,0.0,4,8,1,1
4246,31.0,1,999,0,-0.1,93.2,-42.0,4.12,5195.8,999.0,0,0.0,0.0,0.0,1,8,0.0,6,11,1,1
4247,31.0,1,5,1,-1.8,93.369,-34.8,0.634,5008.7,0.166666666667,2,0.0,0.0,0.0,1,7,0.0,6,3,1,3
4248,31.0,1,999,0,1.4,94.465,-41.8,4.958,5228.1,999.0,0,0.0,0.0,1.0,2,5,0.0,9,6,1,1
4249,49.0,1,999,0,1.4,93.918,-42.7,4.962,5228.1,999.0,0,0.0,1.0,0.0,2,4,0.0,4,7,1,1
4250,31.0,2,999,1,-1.8,93.369,-34.8,0.65,5008.7,999.0,2,0.0,1.0,1.0,2,7,0.0,6,3,1,2
4251,61.0,2,999,0,-1.8,93.749,-34.6,0.659,5008.7,999.0,0,0.0,0.0,0.0,2,4,0.0,8,4,1,1
4252,45.0,1,999,0,-0.1,93.2,-42.0,4.191,5195.8,999.0,0,1.0,0.0,1.0,2,8,0.0,5,11,2,1
4253,35.0,2,999,0,1.1,93.994,-36.4,4.857,5191.0,999.0,0,0.0,0.0,1.0,2,7,0.0,3,5,2,1
4254,41.0,3,999,0,-1.8,92.893,-46.2,1.27,5099.1,999.0,0,0.0,0.0,0.0,2,8,0.0,10,5,1,1
4255,28.0,1,999,1,-1.8,92.893,-46.2,1.299,5099.1,999.0,0,1.0,0.0,1.0,1,8,0.0,5,5,2,2
4256,60.0,2,999,0,-1.8,92.893,-46.2,1.264,5099.1,999.0,0,0.0,1.0,1.0,2,5,0.0,6,5,2,1
4257,28.0,1,999,0,1.4,94.465,-41.8,4.864,5228.1,999.0,0,0.0,0.0,1.0,1,2,0.0,4,6,1,1
4258,30.0,1,999,1,-1.8,93.876,-40.0,0.682,5008.7,999.0,1,1.0,0.0,0.0,1,8,0.0,6,5,1,2
4259,66.0,1,1,1,-2.9,92.201,-31.4,0.879,5076.2,0.0333333333333,2,1.0,0.0,0.0,2,8,0.0,8,8,1,3
4260,31.0,1,999,0,-1.8,92.893,-46.2,1.25,5099.1,999.0,0,0.0,0.0,0.0,3,8,0.0,7,5,1,1
4261,42.0,1,999,0,1.4,94.465,-41.8,4.961,5228.1,999.0,0,1.0,0.0,1.0,3,5,0.0,4,6,1,1
4262,26.0,1,999,0,-2.9,92.201,-31.4,0.879,5076.2,999.0,0,1.0,0.0,0.0,1,4,0.0,11,8,1,1
4263,31.0,2,999,0,1.1,93.994,-36.4,4.856,5191.0,999.0,0,1.0,0.0,1.0,2,8,0.0,3,5,1,1
4264,43.0,2,999,0,1.1,93.994,-36.4,4.864,5191.0,999.0,0,1.0,0.0,1.0,2,4,0.0,4,5,1,1
4265,30.0,2,999,0,-0.1,93.2,-42.0,4.153,5195.8,999.0,0,1.0,1.0,0.0,1,6,0.0,5,11,1,1
4266,45.0,5,999,0,1.1,93.994,-36.4,4.855,5191.0,999.0,0,1.0,0.0,1.0,2,5,0.0,4,5,1,1
4267,31.0,2,999,0,1.4,93.918,-42.7,4.963,5228.1,999.0,0,0.0,0.0,0.0,2,8,0.0,6,7,1,1
4268,30.0,3,999,0,1.4,93.918,-42.7,4.963,5228.1,999.0,0,0.0,0.0,1.0,1,7,0.0,6,7,1,1
4269,28.0,1,999,1,-1.8,92.893,-46.2,1.334,5099.1,999.0,5,1.0,0.0,0.0,1,6,0.0,5,5,1,2
4270,31.0,1,999,0,1.4,93.444,-36.1,4.968,5228.1,999.0,0,1.0,0.0,0.0,3,6,0.0,5,8,1,1
4271,31.0,2,999,0,1.1,93.994,-36.4,4.857,5191.0,999.0,0,1.0,0.0,1.0,2,8,0.0,5,5,1,1
4272,34.0,1,3,2,-1.8,92.893,-46.2,1.344,5099.1,0.1,6,1.0,0.0,0.0,2,5,0.0,4,5,1,3
4273,41.0,5,999,0,1.1,93.994,-36.4,4.856,5191.0,999.0,0,0.0,0.0,1.0,2,7,0.0,6,5,1,1
4274,49.0,1,999,0,1.4,93.444,-36.1,4.963,5228.1,999.0,0,1.0,0.0,0.0,2,4,0.0,4,8,1,1
4275,44.0,1,999,0,1.4,93.918,-42.7,4.962,5228.1,999.0,0,1.0,0.0,0.0,2,4,0.0,10,7,1,1
4276,31.0,1,999,0,-1.8,92.893,-46.2,1.344,5099.1,999.0,0,1.0,0.0,0.0,2,5,0.0,6,5,1,1
4277,48.0,1,999,0,1.4,93.918,-42.7,4.961,5228.1,999.0,0,0.0,1.0,0.0,2,3,0.0,4,7,1,1
4278,46.0,11,999,0,1.4,93.918,-42.7,4.963,5228.1,999.0,0,1.0,0.0,0.0,2,7,0.0,6,7,1,1
4279,34.0,3,999,0,1.4,94.465,-41.8,4.961,5228.1,999.0,0,1.0,0.0,1.0,2,8,0.0,6,6,1,1
4280,31.0,2,999,0,-0.1,93.2,-42.0,4.153,5195.8,999.0,0,1.0,0.0,0.0,3,7,0.0,6,11,1,1
4281,38.0,2,999,3,-1.1,94.601,-49.5,1.016,4963.6,999.0,3,0.0,0.0,0.0,3,4,0.0,6,10,1,2
4282,42.0,3,999,0,1.4,94.465,-41.8,4.961,5228.1,999.0,0,1.0,0.0,1.0,2,8,0.0,3,6,1,1
4283,22.0,1,3,1,-1.8,92.893,-46.2,1.266,5099.1,0.1,1,0.0,0.0,0.0,1,8,0.0,5,5,1,3
4284,31.0,4,999,0,1.4,93.444,-36.1,4.963,5228.1,999.0,0,1.0,0.0,0.0,2,7,0.0,6,8,2,1
4285,35.0,6,999,0,1.4,94.465,-41.8,4.958,5228.1,999.0,0,1.0,0.0,1.0,2,8,0.0,4,6,1,1
4286,55.0,1,999,0,1.4,94.465,-41.8,4.967,5228.1,999.0,0,1.0,0.0,1.0,2,5,0.0,9,6,1,1
4287,34.0,4,999,0,1.4,93.918,-42.7,4.959,5228.1,999.0,0,1.0,0.0,1.0,2,7,0.0,6,7,1,1
4288,32.0,6,999,0,1.4,93.918,-42.7,4.963,5228.1,999.0,0,0.0,0.0,0.0,1,8,0.0,6,7,1,1
4289,46.0,1,999,1,-0.1,93.2,-42.0,4.153,5195.8,999.0,0,1.0,0.0,0.0,2,3,0.0,1,11,1,2
4290,30.0,5,999,0,1.4,93.918,-42.7,4.968,5228.1,999.0,0,0.0,0.0,1.0,1,8,0.0,9,7,1,1
4291,31.0,4,999,0,-1.8,92.893,-46.2,1.334,5099.1,999.0,0,0.0,0.0,0.0,1,8,0.0,4,5,1,1
4292,31.0,1,999,0,1.4,94.465,-41.8,4.967,5228.1,999.0,0,1.0,1.0,1.0,1,5,0.0,5,6,1,1
4293,80.0,1,3,3,-1.8,93.876,-40.0,0.697,5008.7,0.1,18,0.0,0.0,0.0,2,8,0.0,8,5,2,3
4294,42.0,1,999,0,1.4,93.444,-36.1,4.965,5228.1,999.0,0,1.0,0.0,0.0,2,8,0.0,6,8,1,1
4295,36.0,2,999,0,1.4,93.444,-36.1,4.968,5228.1,999.0,0,1.0,0.0,0.0,3,7,0.0,6,8,1,1
4296,31.0,10,999,0,1.1,93.994,-36.4,4.857,5191.0,999.0,0,0.0,0.0,1.0,2,5,0.0,9,5,1,1
4297,35.0,4,999,0,1.1,93.994,-36.4,4.86,5191.0,999.0,0,0.0,0.0,1.0,2,5,0.0,9,5,1,1
4298,31.0,1,999,0,-0.1,93.2,-42.0,4.12,5195.8,999.0,0,0.0,0.0,0.0,2,7,0.0,9,11,1,1
4299,33.0,4,999,0,-1.8,92.893,-46.2,1.244,5099.1,999.0,0,0.0,0.0,0.0,1,7,0.0,6,5,2,1
4300,32.0,2,999,1,-2.9,92.201,-31.4,0.879,5076.2,999.0,2,0.0,0.0,0.0,1,6,0.0,5,8,1,2
4301,43.0,4,999,0,1.4,93.444,-36.1,4.965,5228.1,999.0,0,0.0,1.0,0.0,2,6,0.0,5,8,2,1
4302,42.0,1,999,0,1.1,93.994,-36.4,4.857,5191.0,999.0,0,1.0,0.0,1.0,1,5,0.0,5,5,1,1
4303,32.0,1,999,0,1.4,94.465,-41.8,4.866,5228.1,999.0,0,0.0,0.0,1.0,2,7,0.0,1,6,1,1
4304,40.0,1,999,0,1.1,93.994,-36.4,4.856,5191.0,999.0,0,1.0,0.0,1.0,2,5,0.0,2,5,1,1
4305,38.0,26,999,0,1.4,94.465,-41.8,4.866,5228.1,999.0,0,0.0,0.0,1.0,2,2,0.0,10,6,1,1
4306,31.0,1,999,0,1.4,93.918,-42.7,4.962,5228.1,999.0,0,0.0,0.0,0.0,2,8,0.0,4,7,1,1
4307,32.0,2,999,0,1.4,93.918,-42.7,4.957,5228.1,999.0,0,0.0,0.0,0.0,1,5,0.0,9,7,1,1
4308,44.0,2,999,0,-0.1,93.2,-42.0,4.021,5195.8,999.0,0,1.0,0.0,0.0,2,3,0.0,4,11,1,1
4309,57.0,1,999,0,1.4,93.444,-36.1,4.97,5228.1,999.0,0,0.0,0.0,0.0,2,2,0.0,8,8,2,1
4310,26.0,1,999,0,-1.8,92.893,-46.2,1.266,5099.1,999.0,0,1.0,0.0,0.0,1,8,0.0,4,5,1,1
4311,41.0,2,999,0,-0.1,93.2,-42.0,4.076,5195.8,999.0,0,1.0,0.0,0.0,2,5,0.0,9,11,1,1
4312,31.0,1,999,0,-0.1,93.2,-42.0,4.076,5195.8,999.0,0,0.0,0.0,0.0,2,8,0.0,4,11,1,1
4313,31.0,1,999,0,-1.8,92.893,-46.2,1.244,5099.1,999.0,0,0.0,0.0,0.0,2,8,0.0,4,5,2,1
4314,40.0,2,999,0,1.4,94.465,-41.8,4.961,5228.1,999.0,0,0.0,0.0,1.0,2,8,0.0,4,6,2,1
4315,31.0,2,999,0,-1.8,92.893,-46.2,1.327,5099.1,999.0,0,0.0,0.0,0.0,2,2,0.0,4,5,1,1
4316,41.0,4,999,0,1.1,93.994,-36.4,4.857,5191.0,999.0,0,0.0,0.0,1.0,1,7,0.0,6,5,1,1
4317,60.0,1,6,2,-1.7,94.215,-40.3,0.861,4991.6,0.2,4,0.0,0.0,0.0,2,7,0.0,6,7,1,3
4318,44.0,1,6,1,-2.9,92.201,-31.4,0.861,5076.2,0.2,3,0.0,0.0,0.0,1,7,0.0,6,8,2,3
4319,41.0,1,999,0,1.1,93.994,-36.4,4.859,5191.0,999.0,0,0.0,0.0,1.0,2,4,0.0,4,5,1,1
4320,31.0,7,999,0,1.4,94.465,-41.8,4.96,5228.1,999.0,0,0.0,0.0,1.0,2,8,0.0,4,6,2,1
4321,35.0,2,999,0,-1.8,92.893,-46.2,1.299,5099.1,999.0,0,1.0,1.0,0.0,1,2,0.0,4,5,2,1
4322,51.0,1,999,0,-1.8,92.893,-46.2,1.334,5099.1,999.0,0,1.0,0.0,0.0,2,8,0.0,4,5,1,1
4323,40.0,1,999,0,1.4,93.444,-36.1,4.963,5228.1,999.0,0,1.0,0.0,0.0,1,7,0.0,5,8,1,1
4324,30.0,1,999,1,-3.4,92.379,-29.8,0.797,5017.5,999.0,1,1.0,0.0,1.0,2,7,0.0,3,9,2,2
4325,31.0,2,999,0,1.4,94.465,-41.8,4.865,5228.1,999.0,0,1.0,0.0,1.0,2,3,0.0,2,6,2,1
4326,41.0,1,999,0,1.1,93.994,-36.4,4.858,5191.0,999.0,0,1.0,0.0,1.0,3,7,0.0,6,5,2,1
4327,54.0,1,999,1,-1.8,93.075,-47.1,1.405,5099.1,999.0,1,0.0,0.0,0.0,2,5,0.0,9,4,1,2
4328,31.0,2,999,0,-2.9,92.201,-31.4,0.861,5076.2,999.0,0,1.0,0.0,0.0,2,7,0.0,5,8,2,1
4329,31.0,10,999,0,1.4,94.465,-41.8,4.959,5228.1,999.0,0,0.0,0.0,1.0,2,2,0.0,2,6,1,1
4330,31.0,1,999,0,1.4,93.444,-36.1,4.968,5228.1,999.0,0,0.0,0.0,0.0,2,7,0.0,6,8,1,1
4331,32.0,2,999,0,1.1,93.994,-36.4,4.855,5191.0,999.0,0,0.0,0.0,1.0,2,8,0.0,9,5,1,1
4332,29.0,3,999,0,1.4,93.444,-36.1,4.963,5228.1,999.0,0,1.0,0.0,0.0,1,8,0.0,6,8,1,1
4333,32.0,5,999,0,1.4,93.444,-36.1,4.963,5228.1,999.0,0,0.0,0.0,0.0,2,8,0.0,5,8,1,1
4334,30.0,6,999,0,1.4,94.465,-41.8,4.947,5228.1,999.0,0,0.0,0.0,1.0,2,5,0.0,5,6,1,1
4335,37.0,2,999,0,-1.8,92.893,-46.2,1.327,5099.1,999.0,0,1.0,0.0,0.0,1,7,0.0,4,5,1,1
4336,39.0,1,999,0,1.4,94.465,-41.8,4.967,5228.1,999.0,0,0.0,0.0,1.0,2,7,0.0,3,6,1,1
4337,31.0,4,999,0,1.4,93.918,-42.7,4.957,5228.1,999.0,0,1.0,0.0,0.0,2,5,0.0,6,7,1,1
4338,31.0,4,999,0,1.4,93.444,-36.1,4.964,5228.1,999.0,0,1.0,0.0,0.0,1,7,0.0,5,8,1,1
4339,31.0,1,999,0,-1.8,92.893,-46.2,1.25,5099.1,999.0,0,1.0,1.0,0.0,3,7,0.0,8,5,1,1
4340,31.0,1,999,1,-1.8,92.893,-46.2,1.244,5099.1,999.0,2,0.0,0.0,0.0,2,3,0.0,6,5,2,2
4341,33.0,1,999,0,1.4,93.444,-36.1,4.964,5228.1,999.0,0,0.0,0.0,0.0,1,6,0.0,5,8,1,1
4342,36.0,1,999,0,1.4,93.918,-42.7,4.961,5228.1,999.0,0,1.0,0.0,0.0,2,8,0.0,4,7,1,1
4343,31.0,3,999,0,1.4,93.444,-36.1,4.968,5228.1,999.0,0,0.0,0.0,1.0,1,7,0.0,6,8,1,1
4344,24.0,2,999,0,1.4,93.918,-42.7,4.963,5228.1,999.0,0,1.0,0.0,0.0,1,5,0.0,6,7,1,1
4345,35.0,4,999,0,1.4,93.918,-42.7,4.962,5228.1,999.0,0,0.0,0.0,0.0,1,7,0.0,3,7,2,1
4346,44.0,2,999,0,1.4,94.465,-41.8,4.961,5228.1,999.0,0,1.0,0.0,1.0,2,6,0.0,5,6,1,1
4347,57.0,4,999,0,1.4,94.465,-41.8,4.865,5228.1,999.0,0,1.0,0.0,1.0,2,8,0.0,3,6,2,1
4348,30.0,1,999,0,1.4,93.444,-36.1,4.963,5228.1,999.0,0,0.0,0.0,0.0,2,8,0.0,5,8,1,1
4349,50.0,1,999,0,1.4,94.465,-41.8,4.958,5228.1,999.0,0,0.0,0.0,1.0,2,7,0.0,6,6,1,1
4350,32.0,3,999,0,1.4,93.918,-42.7,4.957,5228.1,999.0,0,0.0,0.0,0.0,2,7,0.0,1,7,1,1
4351,34.0,4,999,0,1.4,93.918,-42.7,4.962,5228.1,999.0,0,0.0,0.0,1.0,2,2,0.0,4,7,2,1
4352,37.0,1,999,0,1.4,93.918,-42.7,4.962,5228.1,999.0,0,1.0,0.0,0.0,2,7,0.0,6,7,2,1
4353,31.0,17,999,0,1.1,93.994,-36.4,4.859,5191.0,999.0,0,1.0,0.0,1.0,3,3,0.0,4,5,1,1
4354,45.0,3,999,0,1.4,94.465,-41.8,4.961,5228.1,999.0,0,1.0,1.0,1.0,2,6,0.0,1,6,2,1
4355,54.0,2,999,0,1.1,93.994,-36.4,4.858,5191.0,999.0,0,0.0,0.0,1.0,3,2,0.0,2,5,2,1
4356,32.0,2,999,0,1.1,93.994,-36.4,4.857,5191.0,999.0,0,0.0,0.0,1.0,1,8,0.0,3,5,1,1
4357,37.0,1,999,0,-1.8,92.893,-46.2,1.344,5099.1,999.0,0,1.0,0.0,0.0,1,7,0.0,3,5,1,1
4358,31.0,1,999,0,1.4,93.444,-36.1,4.968,5228.1,999.0,0,0.0,0.0,0.0,2,8,0.0,3,8,1,1
4359,31.0,3,999,0,-1.8,92.893,-46.2,1.281,5099.1,999.0,0,1.0,0.0,0.0,1,8,0.0,5,5,1,1
4360,33.0,1,999,0,-1.8,92.893,-46.2,1.299,5099.1,999.0,0,1.0,0.0,0.0,2,8,0.0,6,5,1,1
4361,33.0,4,999,0,1.1,93.994,-36.4,4.858,5191.0,999.0,0,0.0,0.0,1.0,3,8,0.0,1,5,1,1
4362,31.0,1,999,0,-1.8,92.893,-46.2,1.291,5099.1,999.0,0,0.0,0.0,0.0,1,5,0.0,6,5,1,1
4363,48.0,3,999,0,1.4,93.444,-36.1,4.968,5228.1,999.0,0,1.0,0.0,0.0,2,2,0.0,4,8,1,1
4364,41.0,1,999,1,-0.1,93.2,-42.0,4.12,5195.8,999.0,1,0.0,0.0,0.0,2,7,0.0,3,11,1,2
4365,31.0,2,999,0,-1.1,94.199,-37.5,0.879,4963.6,999.0,0,1.0,1.0,1.0,2,7,0.0,6,9,1,1
4366,31.0,1,999,0,1.1,93.994,-36.4,4.855,5191.0,999.0,0,0.0,0.0,1.0,2,8,0.0,6,5,1,1
4367,46.0,4,999,0,1.4,93.918,-42.7,4.961,5228.1,999.0,0,0.0,0.0,0.0,3,8,0.0,5,7,1,1
4368,33.0,2,999,2,-1.8,93.075,-47.1,1.365,5099.1,999.0,2,1.0,0.0,0.0,2,8,0.0,9,4,1,2
4369,39.0,1,999,0,-0.1,93.2,-42.0,4.076,5195.8,999.0,0,1.0,0.0,0.0,2,8,0.0,7,11,1,1
4370,52.0,3,999,0,1.4,94.465,-41.8,4.958,5228.1,999.0,0,0.0,0.0,1.0,2,8,0.0,4,6,1,1
4371,34.0,2,999,0,-1.8,93.369,-34.8,0.654,5008.7,999.0,0,1.0,0.0,0.0,1,7,0.0,5,3,1,1
4372,52.0,1,999,0,-0.1,93.2,-42.0,4.076,5195.8,999.0,0,0.0,0.0,1.0,2,7,0.0,3,11,1,1
4373,31.0,1,999,0,-1.8,93.075,-47.1,1.445,5099.1,999.0,0,1.0,0.0,0.0,1,8,0.0,6,4,1,1
4374,36.0,1,999,0,-0.1,93.2,-42.0,4.12,5195.8,999.0,0,0.0,0.0,0.0,3,5,0.0,6,11,1,1
4375,31.0,2,999,0,1.4,93.444,-36.1,4.963,5228.1,999.0,0,1.0,0.0,0.0,2,4,0.0,4,8,2,1
4376,36.0,5,999,0,1.4,94.465,-41.8,4.865,5228.1,999.0,0,0.0,0.0,1.0,2,3,0.0,4,6,2,1
4377,29.0,2,15,2,-1.7,94.215,-40.3,0.876,4991.6,0.5,4,0.0,1.0,0.0,1,6,0.0,5,7,1,2
4378,31.0,3,999,0,1.4,93.918,-42.7,4.957,5228.1,999.0,0,0.0,0.0,0.0,3,4,0.0,9,7,1,1
4379,43.0,1,999,1,-1.8,92.893,-46.2,1.244,5099.1,999.0,1,1.0,0.0,0.0,2,6,0.0,5,5,1,2
4380,31.0,2,999,0,1.4,94.465,-41.8,4.866,5228.1,999.0,0,1.0,0.0,1.0,1,6,0.0,5,6,1,1
4381,45.0,1,999,0,1.4,93.918,-42.7,4.962,5228.1,999.0,0,1.0,0.0,0.0,2,6,0.0,5,7,1,1
4382,52.0,1,999,0,1.4,94.465,-41.8,4.96,5228.1,999.0,0,1.0,0.0,1.0,2,8,0.0,4,6,2,1
4383,36.0,2,999,0,-3.4,92.431,-26.9,0.722,5017.5,999.0,0,1.0,1.0,0.0,2,8,0.0,5,10,1,1
4384,33.0,1,999,0,1.4,93.444,-36.1,4.962,5228.1,999.0,0,1.0,1.0,0.0,1,8,0.0,6,8,1,1
4385,48.0,6,999,0,1.4,93.918,-42.7,4.962,5228.1,999.0,0,1.0,0.0,0.0,2,8,0.0,9,7,2,1
4386,27.0,2,999,0,-1.8,92.893,-46.2,1.291,5099.1,999.0,0,0.0,0.0,0.0,2,8,0.0,4,5,1,1
4387,37.0,1,999,0,1.4,93.918,-42.7,4.968,5228.1,999.0,0,1.0,0.0,0.0,1,7,0.0,10,7,1,1
4388,31.0,3,999,0,1.1,93.994,-36.4,4.864,5191.0,999.0,0,0.0,0.0,1.0,3,5,0.0,2,5,1,1
4389,31.0,1,999,1,-1.8,92.893,-46.2,1.25,5099.1,999.0,2,0.0,1.0,0.0,2,4,0.0,4,5,1,2
4390,36.0,1,999,0,1.4,93.918,-42.7,4.96,5228.1,999.0,0,1.0,0.0,1.0,1,8,0.0,4,7,2,1
4391,36.0,1,999,0,-1.8,92.893,-46.2,1.25,5099.1,999.0,0,1.0,1.0,0.0,3,8,0.0,3,5,1,1
4392,31.0,1,999,0,1.4,93.444,-36.1,4.967,5228.1,999.0,0,0.0,0.0,0.0,1,8,0.0,6,8,1,1
4393,58.0,1,999,0,1.4,94.465,-41.8,4.866,5228.1,999.0,0,1.0,0.0,1.0,2,8,0.0,8,6,1,1
4394,31.0,3,999,0,-1.8,92.893,-46.2,1.281,5099.1,999.0,0,1.0,0.0,0.0,2,4,0.0,4,5,1,1
4395,42.0,1,999,0,1.1,93.994,-36.4,4.857,5191.0,999.0,0,1.0,0.0,1.0,2,5,0.0,6,5,1,1
4396,34.0,1,999,0,1.4,93.918,-42.7,4.958,5228.1,999.0,0,0.0,0.0,0.0,1,6,0.0,5,7,1,1
4397,31.0,1,999,0,-1.8,93.075,-47.1,1.365,5099.1,999.0,0,0.0,0.0,0.0,2,6,0.0,8,4,1,1
4398,55.0,1,999,0,1.4,93.918,-42.7,4.962,5228.1,999.0,0,1.0,1.0,0.0,3,5,0.0,9,7,1,1
4399,57.0,1,999,0,1.4,93.918,-42.7,4.959,5228.1,999.0,0,0.0,0.0,1.0,1,7,0.0,6,7,1,1
4400,33.0,1,999,0,1.4,93.444,-36.1,4.965,5228.1,999.0,0,0.0,0.0,0.0,2,7,0.0,6,8,2,1
4401,31.0,1,999,0,-2.9,92.963,-40.8,1.266,5076.2,999.0,0,1.0,0.0,0.0,2,8,0.0,9,6,2,1
4402,31.0,8,999,1,-0.1,93.2,-42.0,4.076,5195.8,999.0,3,1.0,0.0,1.0,2,8,0.0,5,11,1,2
4403,31.0,3,999,0,1.4,93.918,-42.7,4.961,5228.1,999.0,0,1.0,0.0,0.0,1,7,0.0,6,7,1,1
4404,31.0,2,999,0,1.4,94.465,-41.8,4.961,5228.1,999.0,0,1.0,0.0,1.0,2,6,0.0,10,6,1,1
4405,32.0,1,999,1,-1.8,92.893,-46.2,1.291,5099.1,999.0,2,1.0,0.0,0.0,1,5,0.0,4,5,1,2
4406,38.0,1,999,1,-0.1,93.2,-42.0,4.076,5195.8,999.0,2,0.0,0.0,0.0,2,6,0.0,1,11,1,2
4407,30.0,2,999,0,1.1,93.994,-36.4,4.858,5191.0,999.0,0,1.0,0.0,1.0,1,5,0.0,9,5,1,1
4408,36.0,1,999,0,-1.8,92.893,-46.2,1.25,5099.1,999.0,0,1.0,0.0,0.0,2,4,0.0,7,5,1,1
4409,32.0,1,999,0,-1.8,92.893,-46.2,1.244,5099.1,999.0,0,0.0,0.0,0.0,1,7,0.0,1,5,2,1
4410,47.0,1,999,0,1.4,93.918,-42.7,4.962,5228.1,999.0,0,1.0,0.0,0.0,2,3,0.0,6,7,1,1
4411,32.0,4,999,0,1.4,93.444,-36.1,4.965,5228.1,999.0,0,1.0,0.0,0.0,1,6,0.0,5,8,1,1
4412,28.0,2,999,0,-3.4,92.431,-26.9,0.74,5017.5,999.0,0,1.0,0.0,0.0,1,7,0.0,6,10,1,1
4413,43.0,2,999,0,1.4,94.465,-41.8,4.959,5228.1,999.0,0,1.0,0.0,1.0,2,8,0.0,9,6,1,1
4414,31.0,1,999,0,1.1,93.994,-36.4,4.856,5191.0,999.0,0,1.0,0.0,1.0,2,2,0.0,4,5,1,1
4415,44.0,2,999,0,-0.1,93.2,-42.0,4.12,5195.8,999.0,0,1.0,0.0,0.0,2,7,0.0,7,11,1,1
4416,26.0,2,999,0,1.4,93.918,-42.7,4.957,5228.1,999.0,0,0.0,0.0,0.0,1,6,0.0,5,7,1,1
4417,31.0,2,999,0,1.1,93.994,-36.4,4.857,5191.0,999.0,0,0.0,0.0,1.0,2,8,0.0,6,5,1,1
4418,36.0,1,999,0,-1.8,93.075,-47.1,1.453,5099.1,999.0,0,1.0,1.0,0.0,2,4,0.0,4,4,1,1
4419,51.0,1,999,0,-2.9,92.201,-31.4,0.829,5076.2,999.0,0,1.0,0.0,0.0,2,7,0.0,6,8,1,1
4420,29.0,2,999,0,1.4,94.465,-41.8,4.96,5228.1,999.0,0,0.0,0.0,1.0,1,7,0.0,6,6,2,1
4421,35.0,1,999,0,1.4,94.465,-41.8,4.864,5228.1,999.0,0,1.0,0.0,1.0,2,8,0.0,5,6,1,1
4422,33.0,2,999,0,-1.8,93.075,-47.1,1.405,5099.1,999.0,0,1.0,1.0,0.0,2,5,0.0,5,4,2,1
4423,31.0,1,999,0,1.4,94.465,-41.8,4.864,5228.1,999.0,0,1.0,1.0,1.0,1,5,0.0,4,6,1,1
4424,31.0,1,999,0,1.4,93.918,-42.7,4.96,5228.1,999.0,0,1.0,0.0,0.0,1,4,0.0,4,7,2,1
4425,26.0,2,999,2,-1.8,92.893,-46.2,1.334,5099.1,999.0,10,0.0,0.0,0.0,2,8,0.0,4,5,1,2
4426,31.0,2,999,0,1.4,94.465,-41.8,4.967,5228.1,999.0,0,1.0,0.0,1.0,2,8,0.0,6,6,1,1
4427,31.0,7,999,0,1.4,93.918,-42.7,4.957,5228.1,999.0,0,0.0,0.0,0.0,2,8,0.0,6,7,1,1
4428,31.0,1,999,0,1.4,94.465,-41.8,4.959,5228.1,999.0,0,0.0,0.0,1.0,1,8,0.0,3,6,1,1
4429,37.0,2,999,0,1.1,93.994,-36.4,4.856,5191.0,999.0,0,1.0,0.0,1.0,2,5,0.0,9,5,1,1
4430,39.0,1,999,0,-1.8,93.075,-47.1,1.365,5099.1,999.0,0,1.0,0.0,0.0,2,5,0.0,9,4,1,1
4431,31.0,8,999,1,-1.8,92.893,-46.2,1.25,5099.1,999.0,0,1.0,0.0,1.0,3,4,0.0,4,5,1,2
4432,31.0,1,999,0,-0.1,93.2,-42.0,4.12,5195.8,999.0,0,0.0,0.0,0.0,1,5,0.0,6,11,1,1
4433,33.0,1,999,0,1.4,93.444,-36.1,4.962,5228.1,999.0,0,1.0,0.0,0.0,2,8,0.0,9,8,1,1
4434,34.0,1,999,0,1.4,94.465,-41.8,4.961,5228.1,999.0,0,0.0,0.0,1.0,2,4,0.0,4,6,2,1
4435,51.0,2,999,0,1.1,93.994,-36.4,4.855,5191.0,999.0,0,1.0,0.0,1.0,2,4,0.0,4,5,1,1
4436,31.0,1,999,0,-1.8,92.893,-46.2,1.266,5099.1,999.0,0,1.0,0.0,0.0,2,7,0.0,6,5,1,1
4437,35.0,1,999,0,-1.8,92.893,-46.2,1.299,5099.1,999.0,0,1.0,0.0,0.0,3,7,0.0,9,5,2,1
4438,31.0,2,999,0,1.4,94.465,-41.8,4.961,5228.1,999.0,0,0.0,0.0,1.0,2,7,0.0,5,6,1,1
4439,35.0,2,999,0,1.4,93.444,-36.1,4.968,5228.1,999.0,0,0.0,0.0,0.0,1,8,0.0,5,8,1,1
4440,50.0,2,999,0,-1.8,93.075,-47.1,1.405,5099.1,999.0,0,1.0,0.0,0.0,2,3,0.0,3,4,1,1
4441,34.0,3,999,0,-1.8,92.893,-46.2,1.344,5099.1,999.0,0,1.0,0.0,0.0,2,8,0.0,4,5,1,1
4442,35.0,2,999,1,-1.8,92.893,-46.2,1.299,5099.1,999.0,0,1.0,0.0,0.0,1,4,0.0,4,5,2,2
4443,37.0,6,999,0,1.4,93.918,-42.7,4.955,5228.1,999.0,0,1.0,0.0,1.0,2,6,0.0,5,7,1,1
4444,41.0,9,999,0,1.4,93.444,-36.1,4.962,5228.1,999.0,0,1.0,0.0,0.0,2,7,0.0,6,8,1,1
4445,31.0,1,999,0,1.1,93.994,-36.4,4.859,5191.0,999.0,0,0.0,0.0,1.0,2,8,0.0,12,5,1,1
4446,31.0,1,999,1,-3.4,92.431,-26.9,0.74,5017.5,999.0,1,0.0,0.0,0.0,2,7,0.0,3,10,1,2
4447,31.0,1,999,0,-1.8,93.369,-34.8,0.646,5008.7,999.0,0,0.0,0.0,0.0,3,7,0.0,1,3,1,1
4448,31.0,1,999,0,-3.4,92.431,-26.9,0.728,5017.5,999.0,0,1.0,0.0,0.0,1,3,0.0,11,10,1,1
4449,29.0,1,999,0,1.1,93.994,-36.4,4.86,5191.0,999.0,0,1.0,0.0,1.0,3,4,0.0,7,5,1,1
4450,31.0,1,999,1,-1.8,92.893,-46.2,1.266,5099.1,999.0,1,0.0,0.0,0.0,1,8,0.0,9,5,1,2
4451,48.0,1,999,0,1.4,93.444,-36.1,4.963,5228.1,999.0,0,0.0,0.0,0.0,2,3,0.0,4,8,1,1
4452,50.0,5,999,1,-0.1,93.2,-42.0,4.021,5195.8,999.0,0,0.0,0.0,0.0,1,7,0.0,8,11,1,2
4453,55.0,3,999,0,1.4,94.465,-41.8,4.865,5228.1,999.0,0,0.0,0.0,1.0,2,2,0.0,4,6,2,1
4454,44.0,3,999,0,-0.1,93.2,-42.0,4.021,5195.8,999.0,0,0.0,1.0,0.0,2,8,0.0,4,11,1,1
4455,28.0,1,0,1,-1.7,94.027,-38.3,0.9,4991.6,0.0,2,1.0,0.0,0.0,1,4,0.0,11,8,1,3
4456,50.0,5,999,0,-0.1,93.2,-42.0,4.12,5195.8,999.0,0,0.0,0.0,0.0,2,3,0.0,3,11,1,1
4457,42.0,3,999,0,1.1,93.994,-36.4,4.856,5191.0,999.0,0,1.0,1.0,1.0,2,3,0.0,3,5,1,1
4458,38.0,1,999,0,-0.1,93.2,-42.0,4.12,5195.8,999.0,0,0.0,0.0,0.0,1,8,0.0,5,11,1,1
4459,31.0,2,999,0,-1.8,92.893,-46.2,1.299,5099.1,999.0,0,1.0,0.0,0.0,1,7,0.0,1,5,2,1
4460,31.0,8,999,0,-1.8,92.893,-46.2,1.334,5099.1,999.0,0,1.0,0.0,0.0,2,2,0.0,4,5,1,1
4461,37.0,4,999,0,-0.1,93.2,-42.0,4.153,5195.8,999.0,0,1.0,1.0,1.0,2,7,0.0,3,11,1,1
4462,27.0,2,3,3,-1.7,94.027,-38.3,0.905,4991.6,0.1,6,0.0,0.0,0.0,1,7,0.0,6,8,1,3
4463,31.0,3,999,0,1.1,93.994,-36.4,4.857,5191.0,999.0,0,0.0,0.0,1.0,2,7,0.0,5,5,2,1
4464,34.0,2,999,0,1.1,93.994,-36.4,4.857,5191.0,999.0,0,0.0,0.0,1.0,2,7,0.0,5,5,1,1
4465,31.0,1,999,0,-0.1,93.2,-42.0,4.191,5195.8,999.0,0,1.0,1.0,0.0,2,2,0.0,9,11,2,1
4466,35.0,1,999,0,1.4,93.918,-42.7,4.962,5228.1,999.0,0,1.0,0.0,0.0,1,7,0.0,3,7,1,1
4467,32.0,2,999,0,-1.8,92.893,-46.2,1.291,5099.1,999.0,0,1.0,1.0,0.0,1,5,0.0,6,5,1,1
4468,43.0,2,999,0,-1.8,92.893,-46.2,1.327,5099.1,999.0,0,1.0,1.0,0.0,3,8,0.0,6,5,1,1
4469,42.0,3,999,0,1.4,94.465,-41.8,4.864,5228.1,999.0,0,0.0,0.0,1.0,2,4,0.0,4,6,1,1
4470,34.0,1,999,1,-0.1,93.2,-42.0,4.076,5195.8,999.0,2,1.0,0.0,0.0,2,7,0.0,7,11,1,2
4471,31.0,1,999,0,-2.9,92.201,-31.4,0.873,5076.2,999.0,0,0.0,1.0,0.0,1,8,0.0,6,8,1,1
4472,30.0,3,999,0,1.4,93.444,-36.1,4.966,5228.1,999.0,0,0.0,0.0,0.0,1,6,0.0,5,8,1,1
4473,62.0,1,3,3,-3.4,92.649,-30.1,0.714,5017.5,0.1,9,1.0,0.0,0.0,2,7,0.0,2,11,1,3
4474,33.0,3,999,0,1.1,93.994,-36.4,4.857,5191.0,999.0,0,0.0,0.0,1.0,2,2,0.0,9,5,2,1
4475,26.0,1,999,0,-1.8,92.893,-46.2,1.299,5099.1,999.0,0,1.0,0.0,0.0,1,5,0.0,11,5,2,1
4476,35.0,3,999,0,1.1,93.994,-36.4,4.86,5191.0,999.0,0,0.0,0.0,1.0,2,8,0.0,4,5,1,1
4477,31.0,7,999,0,-1.8,92.893,-46.2,1.313,5099.1,999.0,0,0.0,0.0,0.0,2,7,0.0,5,5,1,1
4478,26.0,1,999,1,-1.8,92.893,-46.2,1.291,5099.1,999.0,2,1.0,0.0,0.0,1,4,0.0,9,5,1,2
4479,34.0,1,999,0,-0.1,93.2,-42.0,4.12,5195.8,999.0,0,1.0,0.0,0.0,2,8,0.0,3,11,1,1
4480,31.0,2,999,1,-0.1,93.2,-42.0,4.153,5195.8,999.0,2,0.0,0.0,0.0,2,7,0.0,3,11,1,2
4481,42.0,1,999,0,-1.8,92.893,-46.2,1.264,5099.1,999.0,0,1.0,0.0,0.0,2,8,0.0,7,5,2,1
4482,31.0,1,999,0,-1.1,94.199,-37.5,0.879,4963.6,999.0,0,0.0,1.0,1.0,1,8,0.0,5,9,1,1
4483,31.0,1,3,1,-1.1,94.601,-49.5,1.008,4963.6,0.1,2,1.0,1.0,0.0,1,7,0.0,6,10,1,3
4484,31.0,1,999,0,-0.1,93.2,-42.0,4.021,5195.8,999.0,0,1.0,0.0,0.0,1,5,0.0,6,11,1,1
4485,31.0,3,999,1,-1.8,92.893,-46.2,1.281,5099.1,999.0,3,1.0,1.0,0.0,2,4,0.0,4,5,1,2
4486,50.0,1,999,0,-0.1,93.2,-42.0,4.153,5195.8,999.0,0,0.0,1.0,0.0,2,6,0.0,5,11,1,1
4487,31.0,1,999,0,1.4,93.444,-36.1,4.97,5228.1,999.0,0,0.0,0.0,0.0,2,4,0.0,12,8,2,1
4488,32.0,1,999,0,1.4,93.444,-36.1,4.963,5228.1,999.0,0,0.0,0.0,0.0,2,8,0.0,5,8,1,1
4489,42.0,8,999,0,1.4,93.444,-36.1,4.965,5228.1,999.0,0,1.0,1.0,0.0,1,7,0.0,5,8,1,1
4490,34.0,1,10,1,-1.8,92.893,-46.2,1.281,5099.1,0.333333333333,3,1.0,0.0,0.0,1,5,0.0,4,5,1,3
4491,31.0,3,999,0,1.4,94.465,-41.8,4.864,5228.1,999.0,0,1.0,0.0,1.0,2,8,0.0,4,6,1,1
4492,53.0,2,999,0,-2.9,92.963,-40.8,1.26,5076.2,999.0,0,1.0,0.0,0.0,2,5,0.0,2,6,1,1
4493,37.0,1,999,0,1.1,93.994,-36.4,4.856,5191.0,999.0,0,1.0,0.0,1.0,2,5,0.0,9,5,1,1
4494,31.0,2,999,0,1.1,93.994,-36.4,4.856,5191.0,999.0,0,1.0,0.0,1.0,2,3,0.0,4,5,1,1
4495,31.0,1,999,1,-1.8,92.893,-46.2,1.244,5099.1,999.0,1,0.0,0.0,0.0,3,5,0.0,3,5,2,2
4496,41.0,1,999,0,-1.8,93.075,-47.1,1.445,5099.1,999.0,0,1.0,0.0,0.0,2,2,0.0,4,4,1,1
4497,30.0,2,999,0,1.1,93.994,-36.4,4.856,5191.0,999.0,0,0.0,1.0,1.0,2,5,0.0,9,5,1,1
4498,42.0,2,999,0,-1.8,92.893,-46.2,1.313,5099.1,999.0,0,0.0,0.0,0.0,2,8,0.0,5,5,1,1
4499,54.0,1,999,0,-2.9,92.201,-31.4,0.838,5076.2,999.0,0,0.0,0.0,0.0,2,6,0.0,8,8,1,1
4500,50.0,1,999,0,-0.1,93.2,-42.0,4.076,5195.8,999.0,0,1.0,1.0,0.0,4,4,0.0,10,11,1,1
4501,31.0,2,999,0,1.4,93.918,-42.7,4.957,5228.1,999.0,0,1.0,0.0,0.0,2,7,0.0,6,7,1,1
4502,35.0,1,999,0,-0.1,93.2,-42.0,4.12,5195.8,999.0,0,1.0,0.0,0.0,2,8,0.0,1,11,1,1
4503,59.0,4,999,0,1.4,94.465,-41.8,4.865,5228.1,999.0,0,0.0,1.0,1.0,2,8,0.0,8,6,2,1
4504,57.0,1,999,0,1.4,93.918,-42.7,4.961,5228.1,999.0,0,1.0,0.0,0.0,1,7,0.0,6,7,1,1
4505,36.0,4,999,0,1.4,93.444,-36.1,4.964,5228.1,999.0,0,1.0,1.0,0.0,2,8,0.0,6,8,1,1
4506,45.0,3,7,1,-1.8,93.749,-34.6,0.642,5008.7,0.233333333333,1,1.0,0.0,0.0,2,8,0.0,3,4,1,3
4507,32.0,1,999,0,1.1,93.994,-36.4,4.859,5191.0,999.0,0,1.0,0.0,1.0,2,6,0.0,9,5,1,1
4508,31.0,2,999,0,-1.7,94.027,-38.3,0.896,4991.6,999.0,0,0.0,0.0,0.0,2,8,0.0,6,8,1,1
4509,46.0,1,999,1,-1.8,92.893,-46.2,1.299,5099.1,999.0,2,0.0,1.0,0.0,2,3,0.0,6,5,2,2
4510,34.0,2,999,0,1.4,94.465,-41.8,4.959,5228.1,999.0,0,1.0,1.0,1.0,1,5,0.0,6,6,1,1
4511,31.0,2,999,0,-2.9,92.201,-31.4,0.859,5076.2,999.0,0,0.0,0.0,0.0,2,8,0.0,8,8,1,1
4512,40.0,1,999,0,1.1,93.994,-36.4,4.86,5191.0,999.0,0,1.0,0.0,1.0,2,2,0.0,5,5,1,1
4513,31.0,1,999,0,1.4,94.465,-41.8,4.866,5228.1,999.0,0,1.0,0.0,1.0,2,4,0.0,4,6,1,1
4514,33.0,1,999,0,-1.8,92.893,-46.2,1.266,5099.1,999.0,0,0.0,0.0,0.0,1,8,0.0,3,5,1,1
4515,35.0,1,999,0,-0.1,93.2,-42.0,4.153,5195.8,999.0,0,1.0,0.0,1.0,2,5,0.0,3,11,1,1
4516,55.0,1,999,0,1.1,93.994,-36.4,4.857,5191.0,999.0,0,1.0,1.0,1.0,2,8,0.0,5,5,1,1
4517,33.0,3,999,0,1.4,94.465,-41.8,4.865,5228.1,999.0,0,1.0,0.0,1.0,2,5,0.0,6,6,2,1
4518,34.0,2,999,0,1.4,94.465,-41.8,4.959,5228.1,999.0,0,1.0,0.0,1.0,2,5,0.0,4,6,1,1
4519,46.0,3,999,0,1.1,93.994,-36.4,4.856,5191.0,999.0,0,0.0,0.0,1.0,2,8,0.0,2,5,1,1
4520,36.0,1,999,0,1.1,93.994,-36.4,4.855,5191.0,999.0,0,1.0,0.0,1.0,2,8,0.0,7,5,1,1
4521,33.0,5,999,0,-1.8,93.075,-47.1,1.405,5099.1,999.0,0,1.0,1.0,0.0,2,5,0.0,4,4,2,1
4522,31.0,2,999,2,-1.8,93.075,-47.1,1.415,5099.1,999.0,4,0.0,0.0,0.0,3,8,0.0,5,4,1,2
4523,59.0,6,999,0,1.4,93.444,-36.1,4.965,5228.1,999.0,0,1.0,0.0,0.0,2,4,0.0,8,8,2,1
4524,25.0,1,999,0,1.4,94.465,-41.8,4.961,5228.1,999.0,0,0.0,0.0,1.0,1,5,0.0,9,6,2,1
4525,59.0,2,999,0,1.1,93.994,-36.4,4.857,5191.0,999.0,0,1.0,0.0,1.0,2,2,0.0,4,5,1,1
4526,25.0,1,999,0,1.1,93.994,-36.4,4.855,5191.0,999.0,0,0.0,0.0,1.0,1,8,0.0,4,5,1,1
4527,39.0,1,999,0,1.1,93.994,-36.4,4.859,5191.0,999.0,0,0.0,1.0,1.0,1,7,0.0,10,5,1,1
4528,50.0,2,999,0,1.4,94.465,-41.8,4.961,5228.1,999.0,0,1.0,0.0,1.0,2,5,0.0,6,6,1,1
4529,52.0,7,999,0,1.4,93.918,-42.7,4.968,5228.1,999.0,0,0.0,0.0,0.0,2,8,0.0,6,7,1,1
4530,36.0,1,999,0,1.1,93.994,-36.4,4.86,5191.0,999.0,0,0.0,0.0,1.0,2,8,0.0,4,5,1,1
4531,31.0,1,999,0,1.4,94.465,-41.8,4.864,5228.1,999.0,0,1.0,0.0,1.0,2,8,0.0,6,6,1,1
4532,59.0,2,999,0,1.4,93.918,-42.7,4.958,5228.1,999.0,0,0.0,0.0,0.0,1,5,0.0,8,7,1,1
4533,39.0,1,999,0,-1.8,92.893,-46.2,1.299,5099.1,999.0,0,1.0,0.0,0.0,1,8,0.0,4,5,2,1
4534,40.0,2,999,0,1.1,93.994,-36.4,4.857,5191.0,999.0,0,0.0,0.0,1.0,2,6,0.0,5,5,1,1
4535,51.0,2,999,0,1.4,93.918,-42.7,4.963,5228.1,999.0,0,1.0,0.0,1.0,1,2,0.0,4,7,1,1
4536,37.0,3,999,1,-1.8,93.075,-47.1,1.405,5099.1,999.0,0,0.0,1.0,0.0,2,8,0.0,4,4,2,2
4537,31.0,1,999,1,-1.8,93.075,-47.1,1.479,5099.1,999.0,2,1.0,0.0,0.0,1,5,0.0,5,4,1,2
4538,31.0,3,999,0,1.1,93.994,-36.4,4.857,5191.0,999.0,0,1.0,0.0,1.0,2,8,0.0,4,5,2,1
4539,35.0,1,999,0,1.4,93.918,-42.7,4.961,5228.1,999.0,0,0.0,0.0,0.0,2,6,0.0,6,7,1,1
4540,31.0,1,999,0,1.1,93.994,-36.4,4.86,5191.0,999.0,0,0.0,0.0,1.0,2,2,0.0,1,5,1,1
4541,31.0,3,999,0,1.4,93.444,-36.1,4.964,5228.1,999.0,0,0.0,0.0,0.0,2,7,0.0,3,8,1,1
4542,31.0,3,5,1,-1.1,94.199,-37.5,0.886,4963.6,0.166666666667,1,0.0,0.0,0.0,1,5,0.0,11,9,1,3
4543,41.0,1,999,0,-1.8,93.075,-47.1,1.405,5099.1,999.0,0,0.0,0.0,0.0,2,8,0.0,4,4,2,1
4544,47.0,2,999,0,1.1,93.994,-36.4,4.858,5191.0,999.0,0,0.0,0.0,1.0,3,4,0.0,4,5,1,1
4545,40.0,1,999,1,-0.1,93.2,-42.0,4.021,5195.8,999.0,0,1.0,0.0,0.0,2,7,0.0,3,11,1,2
4546,36.0,1,999,0,1.1,93.994,-36.4,4.86,5191.0,999.0,0,1.0,0.0,1.0,2,8,0.0,3,5,1,1
4547,48.0,5,999,0,1.4,93.918,-42.7,4.961,5228.1,999.0,0,1.0,0.0,0.0,2,8,0.0,4,7,1,1
4548,31.0,1,999,0,1.4,93.918,-42.7,4.968,5228.1,999.0,0,1.0,0.0,0.0,3,4,0.0,3,7,1,1
4549,31.0,2,999,0,1.4,93.918,-42.7,4.961,5228.1,999.0,0,1.0,0.0,0.0,3,7,0.0,9,7,1,1
4550,41.0,1,999,0,1.1,93.994,-36.4,4.86,5191.0,999.0,0,0.0,0.0,1.0,2,7,0.0,9,5,1,1
4551,28.0,18,999,0,1.1,93.994,-36.4,4.864,5191.0,999.0,0,0.0,1.0,1.0,2,5,0.0,6,5,1,1
4552,31.0,4,999,0,1.4,94.465,-41.8,4.864,5228.1,999.0,0,1.0,0.0,1.0,2,8,0.0,4,6,1,1
4553,42.0,3,999,0,1.4,94.465,-41.8,4.864,5228.1,999.0,0,0.0,0.0,1.0,3,2,0.0,4,6,1,1
4554,45.0,1,999,0,-1.8,92.893,-46.2,1.327,5099.1,999.0,0,0.0,0.0,0.0,2,8,0.0,5,5,1,1
4555,31.0,4,999,0,1.1,93.994,-36.4,4.857,5191.0,999.0,0,1.0,1.0,1.0,2,8,0.0,3,5,1,1
4556,52.0,1,999,0,1.4,93.444,-36.1,4.966,5228.1,999.0,0,1.0,0.0,0.0,3,7,0.0,6,8,1,1
4557,36.0,2,999,1,-1.8,92.893,-46.2,1.334,5099.1,999.0,1,1.0,0.0,0.0,1,8,0.0,6,5,1,2
4558,26.0,2,6,1,-1.7,94.215,-40.3,0.861,4991.6,0.2,3,0.0,0.0,0.0,1,7,0.0,5,7,1,3
4559,31.0,2,999,1,-0.1,93.2,-42.0,4.191,5195.8,999.0,2,1.0,0.0,1.0,2,5,0.0,7,11,2,2
4560,49.0,1,999,0,-2.9,92.963,-40.8,1.266,5076.2,999.0,0,0.0,0.0,0.0,2,7,0.0,3,6,2,1
4561,42.0,1,999,0,1.1,93.994,-36.4,4.86,5191.0,999.0,0,0.0,0.0,1.0,2,7,0.0,1,5,1,1
4562,60.0,1,999,0,1.1,93.994,-36.4,4.857,5191.0,999.0,0,0.0,1.0,1.0,3,8,0.0,8,5,1,1
4563,44.0,5,999,0,1.1,93.994,-36.4,4.86,5191.0,999.0,0,0.0,0.0,1.0,3,8,0.0,9,5,1,1
4564,31.0,3,999,0,1.1,93.994,-36.4,4.86,5191.0,999.0,0,1.0,0.0,1.0,2,6,0.0,7,5,1,1
4565,37.0,2,999,0,-2.9,92.963,-40.8,1.266,5076.2,999.0,0,1.0,1.0,0.0,2,7,0.0,6,6,2,1
4566,29.0,3,999,0,1.1,93.994,-36.4,4.858,5191.0,999.0,0,1.0,0.0,1.0,1,8,0.0,6,5,1,1
4567,31.0,2,999,0,1.1,93.994,-36.4,4.856,5191.0,999.0,0,1.0,0.0,1.0,2,4,0.0,4,5,1,1
4568,31.0,2,999,0,1.4,94.465,-41.8,4.967,5228.1,999.0,0,0.0,0.0,1.0,3,8,0.0,7,6,1,1
4569,44.0,4,999,0,1.4,93.918,-42.7,4.962,5228.1,999.0,0,0.0,0.0,0.0,2,4,0.0,4,7,2,1
4570,25.0,1,999,0,1.4,94.465,-41.8,4.864,5228.1,999.0,0,0.0,0.0,1.0,1,5,0.0,9,6,1,1
4571,31.0,5,999,0,1.4,94.465,-41.8,4.864,5228.1,999.0,0,0.0,0.0,1.0,2,2,0.0,4,6,1,1
4572,36.0,2,999,1,-1.8,92.893,-46.2,1.244,5099.1,999.0,6,1.0,0.0,0.0,2,5,0.0,6,5,2,2
4573,44.0,2,999,0,1.4,93.444,-36.1,4.965,5228.1,999.0,0,1.0,0.0,0.0,2,7,0.0,3,8,2,1
4574,31.0,4,999,0,1.1,93.994,-36.4,4.857,5191.0,999.0,0,0.0,1.0,1.0,2,3,0.0,4,5,1,1
4575,58.0,1,999,0,1.4,93.444,-36.1,4.964,5228.1,999.0,0,0.0,0.0,0.0,2,5,0.0,9,8,1,1
4576,31.0,1,999,0,1.4,93.918,-42.7,4.962,5228.1,999.0,0,0.0,0.0,0.0,2,3,0.0,4,7,1,1
4577,39.0,2,999,0,-1.8,93.075,-47.1,1.453,5099.1,999.0,0,1.0,0.0,0.0,2,3,0.0,5,4,1,1
4578,37.0,2,999,0,1.4,93.918,-42.7,4.963,5228.1,999.0,0,1.0,0.0,0.0,1,7,0.0,6,7,1,1
4579,39.0,4,999,0,-0.1,93.2,-42.0,4.076,5195.8,999.0,0,1.0,0.0,1.0,2,7,0.0,6,11,1,1
4580,45.0,1,999,0,-0.1,93.2,-42.0,4.12,5195.8,999.0,0,0.0,0.0,0.0,2,6,0.0,5,11,1,1
4581,45.0,4,999,0,1.4,93.444,-36.1,4.966,5228.1,999.0,0,1.0,0.0,0.0,2,7,0.0,3,8,1,1
4582,35.0,5,999,1,-1.8,92.893,-46.2,1.281,5099.1,999.0,2,1.0,0.0,0.0,1,5,0.0,6,5,1,2
4583,45.0,2,999,0,1.4,93.918,-42.7,4.963,5228.1,999.0,0,1.0,0.0,0.0,3,2,0.0,2,7,1,1
4584,40.0,1,999,0,1.4,93.918,-42.7,4.959,5228.1,999.0,0,0.0,0.0,1.0,1,8,0.0,4,7,1,1
4585,35.0,10,999,0,1.4,94.465,-41.8,4.962,5228.1,999.0,0,1.0,0.0,1.0,3,8,0.0,6,6,1,1
4586,32.0,4,999,1,-1.8,93.075,-47.1,1.405,5099.1,999.0,2,0.0,0.0,0.0,1,8,0.0,4,4,1,2
4587,31.0,1,999,0,1.1,93.994,-36.4,4.859,5191.0,999.0,0,0.0,0.0,1.0,2,2,0.0,7,5,1,1
4588,30.0,2,999,0,1.4,93.918,-42.7,4.959,5228.1,999.0,0,1.0,1.0,0.0,3,5,0.0,9,7,1,1
4589,37.0,1,999,0,1.4,94.465,-41.8,4.959,5228.1,999.0,0,0.0,0.0,1.0,1,5,0.0,6,6,1,1
4590,76.0,2,999,0,-2.9,92.201,-31.4,0.879,5076.2,999.0,0,0.0,0.0,0.0,2,2,0.0,8,8,1,1
4591,35.0,2,999,0,1.4,93.918,-42.7,4.962,5228.1,999.0,0,1.0,1.0,0.0,3,5,0.0,9,7,1,1
4592,56.0,12,999,0,-1.8,93.075,-47.1,1.415,5099.1,999.0,0,1.0,0.0,0.0,2,4,0.0,7,4,1,1
4593,45.0,1,999,0,1.4,93.918,-42.7,4.957,5228.1,999.0,0,0.0,0.0,0.0,3,2,0.0,2,7,1,1
4594,31.0,1,999,0,-2.9,92.963,-40.8,1.26,5076.2,999.0,0,1.0,0.0,0.0,2,8,0.0,5,6,1,1
4595,35.0,2,999,0,1.1,93.994,-36.4,4.858,5191.0,999.0,0,1.0,0.0,1.0,2,7,0.0,6,5,1,1
4596,37.0,2,999,0,1.1,93.994,-36.4,4.856,5191.0,999.0,0,0.0,0.0,1.0,2,3,0.0,4,5,1,1
4597,73.0,2,999,0,-3.4,92.379,-29.8,0.773,5017.5,999.0,0,1.0,0.0,0.0,2,2,0.0,8,9,1,1
4598,36.0,1,999,0,1.4,94.465,-41.8,4.959,5228.1,999.0,0,0.0,0.0,1.0,3,8,0.0,1,6,1,1
4599,58.0,6,999,0,-1.8,92.893,-46.2,1.344,5099.1,999.0,0,1.0,0.0,0.0,3,5,0.0,9,5,1,1
4600,48.0,6,999,0,1.4,94.465,-41.8,4.865,5228.1,999.0,0,1.0,0.0,1.0,1,2,0.0,10,6,1,1
4601,39.0,2,999,0,1.1,93.994,-36.4,4.858,5191.0,999.0,0,1.0,0.0,1.0,3,7,0.0,7,5,2,1
4602,33.0,1,999,0,-1.8,92.893,-46.2,1.327,5099.1,999.0,0,1.0,0.0,0.0,3,8,0.0,1,5,1,1
4603,31.0,1,999,0,-1.8,92.893,-46.2,1.266,5099.1,999.0,0,1.0,0.0,0.0,2,5,0.0,9,5,1,1
4604,37.0,1,999,0,-0.1,93.2,-42.0,4.191,5195.8,999.0,0,1.0,0.0,0.0,1,6,0.0,5,11,2,1
4605,48.0,3,999,0,-1.8,92.893,-46.2,1.334,5099.1,999.0,0,0.0,0.0,0.0,2,8,0.0,7,5,1,1
4606,72.0,1,6,1,-3.4,92.431,-26.9,0.72,5017.5,0.2,5,0.0,0.0,0.0,2,2,0.0,8,10,1,3
4607,42.0,2,999,0,1.4,93.918,-42.7,4.96,5228.1,999.0,0,1.0,0.0,0.0,1,8,0.0,6,7,2,1
4608,31.0,3,999,0,-1.8,92.893,-46.2,1.354,5099.1,999.0,0,0.0,0.0,1.0,2,5,0.0,9,5,2,1
4609,30.0,1,999,0,-1.8,92.893,-46.2,1.299,5099.1,999.0,0,1.0,0.0,0.0,1,6,0.0,5,5,2,1
4610,31.0,4,999,0,-2.9,92.963,-40.8,1.286,5076.2,999.0,0,1.0,0.0,0.0,1,8,0.0,11,6,1,1
4611,29.0,1,999,0,-0.1,93.2,-42.0,4.076,5195.8,999.0,0,1.0,1.0,0.0,2,4,0.0,9,11,1,1
4612,25.0,3,999,0,1.4,93.918,-42.7,4.958,5228.1,999.0,0,1.0,0.0,0.0,2,8,0.0,4,7,1,1
4613,31.0,1,999,0,-1.8,92.893,-46.2,1.266,5099.1,999.0,0,1.0,0.0,0.0,1,8,0.0,11,5,1,1
4614,31.0,2,999,0,1.4,93.918,-42.7,4.963,5228.1,999.0,0,1.0,1.0,0.0,1,7,0.0,6,7,1,1
4615,31.0,6,999,0,1.4,93.444,-36.1,4.962,5228.1,999.0,0,1.0,0.0,0.0,2,7,0.0,6,8,1,1
4616,31.0,7,999,0,1.4,93.918,-42.7,4.968,5228.1,999.0,0,0.0,1.0,0.0,2,6,0.0,9,7,1,1
4617,31.0,1,999,0,-0.2,92.756,-45.9,3.488,5176.3,999.0,0,1.0,1.0,1.0,2,2,0.0,4,12,2,1
4618,31.0,4,999,0,1.1,93.994,-36.4,4.857,5191.0,999.0,0,0.0,0.0,1.0,3,5,0.0,6,5,1,1
4619,83.0,3,999,0,-1.1,94.199,-37.5,0.879,4963.6,999.0,0,1.0,0.0,0.0,3,8,0.0,8,9,1,1
4620,46.0,1,999,1,-1.8,92.893,-46.2,1.344,5099.1,999.0,2,0.0,0.0,0.0,2,5,0.0,4,5,1,2
4621,31.0,6,999,0,1.4,93.918,-42.7,4.961,5228.1,999.0,0,1.0,0.0,0.0,3,4,0.0,4,7,1,1
4622,31.0,1,999,1,-1.8,92.893,-46.2,1.327,5099.1,999.0,2,0.0,0.0,1.0,2,5,0.0,9,5,1,2
4623,31.0,1,999,0,-0.1,93.2,-42.0,4.076,5195.8,999.0,0,1.0,0.0,0.0,2,8,0.0,9,11,1,1
4624,35.0,6,999,0,-0.1,93.2,-42.0,4.153,5195.8,999.0,0,1.0,1.0,0.0,3,4,0.0,9,11,1,1
4625,28.0,2,999,0,1.4,94.465,-41.8,4.959,5228.1,999.0,0,0.0,0.0,1.0,2,8,0.0,9,6,1,1
4626,31.0,1,999,0,1.4,93.918,-42.7,4.958,5228.1,999.0,0,1.0,0.0,0.0,2,4,0.0,9,7,1,1
4627,31.0,1,999,0,1.4,93.918,-42.7,4.961,5228.1,999.0,0,0.0,0.0,0.0,1,8,0.0,4,7,1,1
4628,29.0,1,999,0,-0.1,93.2,-42.0,4.12,5195.8,999.0,0,0.0,1.0,0.0,1,8,0.0,5,11,1,1
4629,29.0,2,999,0,1.4,93.918,-42.7,4.962,5228.1,999.0,0,1.0,0.0,0.0,1,5,0.0,6,7,1,1
4630,31.0,4,999,0,1.4,94.465,-41.8,4.864,5228.1,999.0,0,0.0,0.0,1.0,2,7,0.0,1,6,1,1
4631,50.0,1,999,0,-0.1,93.2,-42.0,4.153,5195.8,999.0,0,0.0,0.0,1.0,2,7,0.0,6,11,1,1
4632,36.0,1,999,0,1.1,93.994,-36.4,4.86,5191.0,999.0,0,0.0,0.0,1.0,2,3,0.0,6,5,1,1
4633,28.0,3,999,1,-1.8,92.893,-46.2,1.266,5099.1,999.0,4,0.0,0.0,0.0,1,4,0.0,4,5,1,2
4634,31.0,1,999,0,-0.1,93.2,-42.0,4.021,5195.8,999.0,0,0.0,0.0,1.0,1,7,0.0,5,11,1,1
4635,31.0,8,999,0,1.4,93.918,-42.7,4.962,5228.1,999.0,0,1.0,0.0,1.0,2,6,0.0,5,7,1,1
4636,48.0,2,999,0,-1.8,92.893,-46.2,1.291,5099.1,999.0,0,1.0,1.0,0.0,2,4,0.0,3,5,1,1
4637,28.0,5,999,0,-2.9,92.963,-40.8,1.281,5076.2,999.0,0,1.0,1.0,0.0,1,4,0.0,9,6,2,1
4638,31.0,1,999,0,1.4,93.444,-36.1,4.963,5228.1,999.0,0,0.0,0.0,0.0,2,8,0.0,5,8,2,1
4639,30.0,1,999,0,-1.8,92.893,-46.2,1.299,5099.1,999.0,0,1.0,0.0,0.0,1,4,0.0,5,5,1,1
4640,40.0,1,999,0,1.1,93.994,-36.4,4.855,5191.0,999.0,0,0.0,0.0,1.0,3,5,0.0,2,5,1,1
4641,31.0,1,999,0,-0.1,93.2,-42.0,4.12,5195.8,999.0,0,0.0,0.0,0.0,1,8,0.0,6,11,1,1
4642,31.0,7,999,1,-1.8,93.075,-47.1,1.405,5099.1,999.0,3,1.0,0.0,0.0,2,5,0.0,9,4,1,2
4643,70.0,3,999,1,-2.9,92.201,-31.4,0.843,5076.2,999.0,2,1.0,0.0,0.0,2,7,0.0,8,8,2,2
4644,28.0,1,999,0,1.1,93.994,-36.4,4.86,5191.0,999.0,0,1.0,0.0,1.0,2,8,0.0,7,5,1,1
4645,47.0,2,999,0,1.4,94.465,-41.8,4.865,5228.1,999.0,0,1.0,0.0,1.0,2,8,0.0,1,6,2,1
4646,31.0,4,999,0,-2.9,92.201,-31.4,0.834,5076.2,999.0,0,1.0,0.0,0.0,2,8,0.0,5,8,1,1
4647,50.0,1,999,0,-1.8,93.075,-47.1,1.405,5099.1,999.0,0,1.0,1.0,0.0,2,7,0.0,3,4,1,1
4648,30.0,1,999,0,-1.7,94.055,-39.8,0.72,4991.6,999.0,0,1.0,0.0,0.0,2,8,0.0,1,6,2,1
4649,31.0,3,999,0,-0.1,93.2,-42.0,4.12,5195.8,999.0,0,1.0,0.0,0.0,1,5,0.0,6,11,1,1
4650,29.0,8,999,0,1.1,93.994,-36.4,4.857,5191.0,999.0,0,0.0,0.0,1.0,1,5,0.0,11,5,1,1
4651,34.0,1,999,0,1.4,93.918,-42.7,4.963,5228.1,999.0,0,0.0,0.0,0.0,3,4,0.0,9,7,1,1
4652,37.0,8,999,0,1.1,93.994,-36.4,4.857,5191.0,999.0,0,0.0,0.0,1.0,2,8,0.0,9,5,1,1
4653,50.0,2,999,0,1.1,93.994,-36.4,4.855,5191.0,999.0,0,0.0,0.0,1.0,2,8,0.0,4,5,1,1
4654,53.0,2,3,1,-2.9,92.963,-40.8,1.26,5076.2,0.1,4,1.0,0.0,0.0,2,3,0.0,4,6,1,3
4655,36.0,2,999,0,1.4,94.465,-41.8,4.961,5228.1,999.0,0,0.0,0.0,1.0,1,7,0.0,7,6,1,1
4656,32.0,3,999,0,-0.1,93.2,-42.0,4.021,5195.8,999.0,0,1.0,0.0,0.0,2,7,0.0,3,11,1,1
4657,32.0,5,999,0,1.4,93.444,-36.1,4.963,5228.1,999.0,0,1.0,0.0,0.0,1,6,0.0,5,8,1,1
4658,25.0,1,999,0,1.4,94.465,-41.8,4.961,5228.1,999.0,0,1.0,0.0,1.0,1,5,0.0,9,6,2,1
4659,31.0,14,999,0,1.4,93.444,-36.1,4.962,5228.1,999.0,0,0.0,0.0,0.0,2,4,0.0,6,8,1,1
4660,34.0,1,999,1,-1.8,92.893,-46.2,1.299,5099.1,999.0,0,1.0,0.0,0.0,2,8,0.0,5,5,2,2
4661,27.0,1,999,0,1.4,93.918,-42.7,4.962,5228.1,999.0,0,0.0,0.0,0.0,1,8,0.0,6,7,1,1
4662,37.0,4,999,1,-3.4,92.649,-30.1,0.719,5017.5,999.0,3,0.0,0.0,0.0,3,5,0.0,7,11,1,2
4663,31.0,1,999,0,1.4,94.465,-41.8,4.959,5228.1,999.0,0,1.0,0.0,1.0,3,5,0.0,4,6,1,1
4664,29.0,2,999,0,1.1,93.994,-36.4,4.855,5191.0,999.0,0,0.0,0.0,1.0,2,5,0.0,6,5,1,1
4665,31.0,3,999,0,1.1,93.994,-36.4,4.86,5191.0,999.0,0,0.0,0.0,1.0,2,4,0.0,4,5,1,1
4666,51.0,12,999,0,1.4,94.465,-41.8,4.959,5228.1,999.0,0,0.0,0.0,1.0,2,5,0.0,6,6,1,1
4667,31.0,3,999,0,1.4,93.444,-36.1,4.966,5228.1,999.0,0,0.0,0.0,0.0,2,7,0.0,1,8,1,1
4668,53.0,2,999,0,1.1,93.994,-36.4,4.856,5191.0,999.0,0,1.0,0.0,1.0,1,7,0.0,6,5,1,1
4669,34.0,1,999,0,-0.1,93.2,-42.0,4.021,5195.8,999.0,0,0.0,0.0,0.0,3,7,0.0,6,11,1,1
4670,31.0,2,999,0,1.4,94.465,-41.8,4.961,5228.1,999.0,0,1.0,0.0,1.0,2,8,0.0,6,6,1,1
4671,32.0,2,999,1,-0.1,93.2,-42.0,4.153,5195.8,999.0,2,1.0,0.0,0.0,1,7,0.0,6,11,1,2
4672,23.0,1,999,0,1.4,93.918,-42.7,4.962,5228.1,999.0,0,0.0,0.0,0.0,1,8,0.0,6,7,1,1
4673,26.0,3,999,0,-1.8,92.893,-46.2,1.25,5099.1,999.0,0,1.0,0.0,0.0,2,8,0.0,9,5,1,1
4674,35.0,1,999,0,-1.8,93.075,-47.1,1.405,5099.1,999.0,0,1.0,0.0,0.0,2,8,0.0,9,4,1,1
4675,64.0,1,6,1,-3.0,92.713,-33.0,0.714,5023.5,0.2,2,0.0,1.0,0.0,2,2,0.0,2,12,1,3
4676,36.0,3,999,0,1.1,93.994,-36.4,4.858,5191.0,999.0,0,1.0,0.0,1.0,2,8,0.0,5,5,2,1
4677,49.0,1,999,0,1.4,93.444,-36.1,4.965,5228.1,999.0,0,0.0,0.0,0.0,2,5,0.0,9,8,2,1
4678,45.0,2,999,0,1.4,94.465,-41.8,4.961,5228.1,999.0,0,1.0,0.0,1.0,2,6,0.0,2,6,1,1
4679,37.0,2,999,0,1.1,93.994,-36.4,4.857,5191.0,999.0,0,0.0,0.0,1.0,2,7,0.0,3,5,2,1
4680,31.0,8,999,0,1.4,93.444,-36.1,4.962,5228.1,999.0,0,1.0,0.0,0.0,1,7,0.0,6,8,1,1
4681,43.0,2,999,0,-0.1,93.2,-42.0,4.021,5195.8,999.0,0,0.0,1.0,0.0,2,6,0.0,4,11,1,1
4682,22.0,5,999,0,1.4,93.918,-42.7,4.963,5228.1,999.0,0,1.0,0.0,1.0,1,8,0.0,6,7,1,1
4683,37.0,3,3,2,-1.7,94.055,-39.8,0.754,4991.6,0.1,4,1.0,0.0,0.0,2,7,0.0,10,6,2,3
4684,48.0,2,999,0,-0.1,93.2,-42.0,4.191,5195.8,999.0,0,1.0,0.0,0.0,1,8,0.0,6,11,2,1
4685,47.0,1,999,0,1.4,93.444,-36.1,4.97,5228.1,999.0,0,0.0,0.0,0.0,2,5,0.0,9,8,1,1
4686,31.0,3,999,0,-2.9,92.201,-31.4,0.873,5076.2,999.0,0,0.0,0.0,0.0,1,8,0.0,11,8,1,1
4687,47.0,3,999,0,-0.1,93.2,-42.0,4.021,5195.8,999.0,0,1.0,1.0,0.0,2,5,0.0,3,11,1,1
4688,36.0,1,999,1,-1.8,92.893,-46.2,1.327,5099.1,999.0,2,1.0,0.0,0.0,1,8,0.0,6,5,1,2
4689,49.0,1,999,0,-3.4,92.379,-29.8,0.768,5017.5,999.0,0,1.0,0.0,0.0,2,5,0.0,10,9,1,1
4690,30.0,3,999,0,-1.8,93.369,-34.8,0.646,5008.7,999.0,0,1.0,1.0,0.0,1,7,0.0,5,3,1,1
4691,31.0,3,999,0,1.4,93.918,-42.7,4.96,5228.1,999.0,0,1.0,1.0,0.0,2,4,0.0,4,7,1,1
4692,46.0,1,999,0,-1.8,92.893,-46.2,1.344,5099.1,999.0,0,0.0,0.0,0.0,3,8,0.0,6,5,1,1
4693,29.0,3,999,0,1.4,94.465,-41.8,4.96,5228.1,999.0,0,0.0,0.0,1.0,3,8,0.0,6,6,2,1
4694,26.0,1,999,0,-1.7,94.055,-39.8,0.713,4991.6,999.0,0,0.0,0.0,1.0,1,5,0.0,7,6,1,1
4695,47.0,3,999,1,-1.8,92.893,-46.2,1.25,5099.1,999.0,1,0.0,0.0,0.0,3,7,0.0,5,5,1,2
4696,31.0,1,999,0,1.4,93.444,-36.1,4.965,5228.1,999.0,0,1.0,1.0,0.0,1,7,0.0,6,8,2,1
4697,31.0,2,999,0,1.4,93.918,-42.7,4.961,5228.1,999.0,0,0.0,0.0,0.0,2,8,0.0,6,7,1,1
4698,34.0,1,999,0,-2.9,92.963,-40.8,1.266,5076.2,999.0,0,0.0,0.0,0.0,1,7,0.0,6,6,1,1
4699,39.0,1,999,0,1.4,93.918,-42.7,4.962,5228.1,999.0,0,1.0,0.0,0.0,1,5,0.0,6,7,1,1
4700,39.0,3,999,0,-1.8,93.075,-47.1,1.415,5099.1,999.0,0,1.0,0.0,0.0,1,6,0.0,5,4,1,1
4701,38.0,5,999,0,-1.8,92.893,-46.2,1.313,5099.1,999.0,0,1.0,0.0,0.0,2,5,0.0,6,5,1,1
4702,30.0,1,999,0,1.1,93.994,-36.4,4.855,5191.0,999.0,0,1.0,0.0,1.0,3,5,0.0,6,5,1,1
4703,31.0,1,999,0,1.4,93.918,-42.7,4.966,5228.1,999.0,0,0.0,0.0,1.0,2,8,0.0,5,7,1,1
4704,35.0,2,3,1,-1.8,92.893,-46.2,1.27,5099.1,0.1,2,1.0,0.0,0.0,2,8,0.0,6,5,1,3
4705,31.0,1,999,0,-0.1,93.2,-42.0,4.191,5195.8,999.0,0,0.0,0.0,0.0,1,7,0.0,3,11,2,1
4706,31.0,3,999,0,1.1,93.994,-36.4,4.864,5191.0,999.0,0,0.0,1.0,1.0,2,8,0.0,9,5,1,1
4707,31.0,1,999,0,1.1,93.994,-36.4,4.856,5191.0,999.0,0,1.0,1.0,1.0,2,2,0.0,8,5,1,1
4708,53.0,1,999,0,1.4,93.444,-36.1,4.962,5228.1,999.0,0,1.0,0.0,0.0,2,6,0.0,5,8,1,1
4709,52.0,11,999,0,1.4,93.918,-42.7,4.962,5228.1,999.0,0,0.0,1.0,0.0,2,8,0.0,4,7,2,1
4710,31.0,2,999,0,-1.8,92.893,-46.2,1.266,5099.1,999.0,0,0.0,0.0,0.0,2,8,0.0,4,5,1,1
4711,42.0,5,999,1,-1.8,93.075,-47.1,1.405,5099.1,999.0,2,0.0,1.0,0.0,2,8,0.0,4,4,1,2
4712,59.0,17,999,0,1.4,93.918,-42.7,4.962,5228.1,999.0,0,1.0,0.0,0.0,2,5,0.0,8,7,1,1
4713,35.0,4,999,0,1.4,93.444,-36.1,4.965,5228.1,999.0,0,1.0,0.0,0.0,2,6,0.0,5,8,1,1
4714,38.0,2,999,0,-2.9,92.201,-31.4,0.879,5076.2,999.0,0,0.0,0.0,0.0,2,5,0.0,6,8,1,1
4715,31.0,1,999,0,-0.1,93.2,-42.0,4.153,5195.8,999.0,0,0.0,1.0,0.0,1,8,0.0,5,11,1,1
4716,31.0,1,999,0,1.4,93.444,-36.1,4.966,5228.1,999.0,0,0.0,0.0,0.0,1,8,0.0,6,8,1,1
4717,69.0,3,999,0,-3.4,92.431,-26.9,0.72,5017.5,999.0,0,1.0,1.0,0.0,2,2,0.0,8,10,1,1
4718,36.0,2,999,0,1.4,93.918,-42.7,4.962,5228.1,999.0,0,0.0,0.0,0.0,3,6,0.0,5,7,2,1
4719,28.0,1,6,3,-1.7,94.027,-38.3,0.9,4991.6,0.2,6,0.0,1.0,0.0,1,4,0.0,11,8,1,2
4720,31.0,2,6,1,-1.7,94.215,-40.3,0.846,4991.6,0.2,4,1.0,1.0,0.0,1,8,0.0,6,7,1,3
4721,29.0,1,999,0,-1.8,92.893,-46.2,1.334,5099.1,999.0,0,1.0,1.0,0.0,1,5,0.0,6,5,1,1
4722,22.0,4,999,1,-2.9,92.963,-40.8,1.268,5076.2,999.0,5,1.0,0.0,0.0,1,7,0.0,5,6,1,2
4723,31.0,13,999,0,1.4,94.465,-41.8,4.865,5228.1,999.0,0,0.0,1.0,1.0,1,7,0.0,10,6,1,1
4724,31.0,2,999,0,-0.1,93.2,-42.0,4.153,5195.8,999.0,0,0.0,0.0,0.0,1,8,0.0,9,11,1,1
4725,31.0,1,999,0,1.4,93.444,-36.1,4.966,5228.1,999.0,0,1.0,0.0,0.0,1,7,0.0,6,8,1,1
4726,41.0,2,999,0,1.1,93.994,-36.4,4.857,5191.0,999.0,0,1.0,0.0,1.0,2,2,0.0,4,5,2,1
4727,34.0,1,999,0,1.1,93.994,-36.4,4.857,5191.0,999.0,0,1.0,0.0,1.0,2,2,0.0,4,5,2,1
4728,28.0,2,6,4,-1.8,93.749,-34.6,0.654,5008.7,0.2,12,1.0,0.0,0.0,1,8,0.0,6,4,1,3
4729,31.0,1,9,3,-1.7,94.215,-40.3,0.885,4991.6,0.3,3,0.0,0.0,0.0,1,7,0.0,6,7,1,2
4730,31.0,1,999,0,1.4,94.465,-41.8,4.961,5228.1,999.0,0,0.0,0.0,1.0,2,3,0.0,4,6,1,1
4731,32.0,4,999,0,-2.9,92.469,-33.6,1.018,5076.2,999.0,0,1.0,0.0,0.0,1,7,0.0,6,7,1,1
4732,31.0,7,999,0,-1.8,92.893,-46.2,1.354,5099.1,999.0,0,1.0,0.0,0.0,2,3,0.0,4,5,2,1
4733,47.0,1,999,0,1.1,93.994,-36.4,4.86,5191.0,999.0,0,1.0,0.0,1.0,2,8,0.0,4,5,1,1
4734,31.0,2,14,1,-2.9,92.201,-31.4,0.849,5076.2,0.466666666667,1,1.0,1.0,0.0,2,7,0.0,6,8,1,3
4735,56.0,1,999,1,-1.8,93.749,-34.6,0.635,5008.7,999.0,2,0.0,1.0,0.0,1,7,0.0,6,4,1,2
4736,37.0,1,999,1,-0.1,93.2,-42.0,4.191,5195.8,999.0,1,1.0,0.0,1.0,2,7,0.0,7,11,2,2
4737,31.0,5,999,0,-0.1,93.2,-42.0,4.076,5195.8,999.0,0,1.0,0.0,0.0,1,7,0.0,5,11,1,1
4738,29.0,2,999,0,-1.8,92.893,-46.2,1.281,5099.1,999.0,0,1.0,0.0,0.0,1,6,0.0,5,5,1,1
4739,29.0,1,999,0,1.4,93.918,-42.7,4.963,5228.1,999.0,0,1.0,0.0,0.0,2,8,0.0,5,7,1,1
4740,30.0,2,999,1,-1.8,93.075,-47.1,1.41,5099.1,999.0,2,0.0,0.0,0.0,2,5,0.0,9,4,1,2
4741,43.0,1,999,0,1.1,93.994,-36.4,4.857,5191.0,999.0,0,1.0,0.0,1.0,2,8,0.0,9,5,2,1
4742,31.0,1,10,1,-1.8,92.893,-46.2,1.281,5099.1,0.333333333333,6,1.0,0.0,0.0,2,4,0.0,6,5,1,3
4743,34.0,4,999,0,1.4,93.918,-42.7,4.961,5228.1,999.0,0,0.0,0.0,0.0,2,8,0.0,7,7,1,1
4744,36.0,1,999,0,-0.1,93.2,-42.0,4.12,5195.8,999.0,0,1.0,0.0,1.0,1,7,0.0,6,11,1,1
4745,30.0,2,999,0,1.4,93.918,-42.7,4.96,5228.1,999.0,0,0.0,0.0,0.0,2,8,0.0,4,7,2,1
4746,31.0,1,999,0,1.1,93.994,-36.4,4.857,5191.0,999.0,0,1.0,0.0,1.0,1,8,0.0,11,5,1,1
4747,42.0,2,999,1,-1.8,92.893,-46.2,1.291,5099.1,999.0,0,1.0,0.0,0.0,1,5,0.0,9,5,1,2
4748,48.0,2,999,0,1.4,93.444,-36.1,4.964,5228.1,999.0,0,0.0,0.0,0.0,2,5,0.0,6,8,1,1
4749,67.0,2,6,2,-1.1,94.199,-37.5,0.88,4963.6,0.2,8,1.0,0.0,0.0,3,8,0.0,12,9,1,3
4750,36.0,3,999,0,1.4,94.465,-41.8,4.962,5228.1,999.0,0,0.0,0.0,1.0,2,5,0.0,9,6,1,1
4751,53.0,1,999,0,-2.9,92.201,-31.4,0.883,5076.2,999.0,0,1.0,0.0,0.0,2,6,0.0,5,8,1,1
4752,75.0,4,999,0,-1.8,93.075,-47.1,1.405,5099.1,999.0,0,0.0,0.0,0.0,3,8,0.0,8,4,2,1
4753,39.0,1,999,0,-0.1,93.2,-42.0,4.191,5195.8,999.0,0,0.0,0.0,0.0,2,7,0.0,3,11,1,1
4754,56.0,12,999,0,1.4,93.918,-42.7,4.961,5228.1,999.0,0,0.0,0.0,0.0,3,2,0.0,12,7,1,1
4755,22.0,3,999,1,-1.7,94.215,-40.3,0.835,4991.6,999.0,3,0.0,0.0,0.0,1,6,0.0,9,7,1,2
4756,31.0,1,999,0,1.4,93.918,-42.7,4.96,5228.1,999.0,0,0.0,0.0,0.0,3,5,0.0,8,7,2,1
4757,31.0,3,999,0,1.4,93.444,-36.1,4.963,5228.1,999.0,0,0.0,0.0,0.0,2,8,0.0,6,8,1,1
4758,53.0,2,999,0,1.4,93.918,-42.7,4.966,5228.1,999.0,0,0.0,0.0,1.0,2,8,0.0,4,7,1,1
4759,31.0,3,999,0,1.4,94.465,-41.8,4.947,5228.1,999.0,0,0.0,0.0,1.0,1,7,0.0,6,6,2,1
4760,57.0,6,999,0,1.4,93.918,-42.7,4.962,5228.1,999.0,0,1.0,1.0,0.0,2,6,0.0,6,7,1,1
4761,74.0,2,999,0,-1.8,93.749,-34.6,0.643,5008.7,999.0,0,1.0,0.0,0.0,3,2,0.0,8,4,2,1
4762,32.0,1,999,0,-0.1,93.2,-42.0,4.153,5195.8,999.0,0,0.0,0.0,0.0,2,8,0.0,9,11,1,1
4763,31.0,6,999,0,-1.8,93.075,-47.1,1.405,5099.1,999.0,0,1.0,1.0,0.0,2,8,0.0,4,4,1,1
4764,31.0,2,999,0,-0.1,93.2,-42.0,4.021,5195.8,999.0,0,0.0,0.0,0.0,2,8,0.0,6,11,1,1
4765,39.0,1,999,0,-1.8,93.075,-47.1,1.405,5099.1,999.0,0,1.0,0.0,0.0,2,8,0.0,7,4,2,1
4766,73.0,1,999,1,-1.8,93.075,-47.1,1.365,5099.1,999.0,1,1.0,0.0,0.0,2,7,0.0,8,4,1,2
4767,41.0,1,999,0,-1.8,92.893,-46.2,1.344,5099.1,999.0,0,1.0,0.0,0.0,2,2,0.0,4,5,1,1
4768,41.0,1,999,0,1.4,93.918,-42.7,4.96,5228.1,999.0,0,0.0,0.0,0.0,2,2,0.0,7,7,2,1
4769,26.0,4,999,0,1.4,93.918,-42.7,4.962,5228.1,999.0,0,0.0,0.0,1.0,1,8,0.0,5,7,1,1
4770,30.0,2,999,0,-1.8,92.893,-46.2,1.266,5099.1,999.0,0,0.0,0.0,0.0,2,8,0.0,5,5,1,1
4771,40.0,1,999,0,1.1,93.994,-36.4,4.856,5191.0,999.0,0,0.0,0.0,1.0,3,8,0.0,2,5,1,1
4772,31.0,1,999,0,-1.8,92.893,-46.2,1.354,5099.1,999.0,0,1.0,0.0,0.0,2,8,0.0,12,5,2,1
4773,31.0,1,999,0,1.4,93.444,-36.1,4.967,5228.1,999.0,0,1.0,0.0,0.0,1,8,0.0,6,8,1,1
4774,31.0,3,999,0,1.4,94.465,-41.8,4.96,5228.1,999.0,0,1.0,0.0,1.0,2,4,0.0,4,6,2,1
4775,43.0,1,999,0,-1.8,92.893,-46.2,1.334,5099.1,999.0,0,0.0,1.0,0.0,2,8,0.0,3,5,1,1
4776,53.0,2,999,0,1.1,93.994,-36.4,4.86,5191.0,999.0,0,0.0,0.0,1.0,3,8,0.0,10,5,1,1
4777,46.0,3,999,0,1.4,93.918,-42.7,4.962,5228.1,999.0,0,0.0,0.0,0.0,2,7,0.0,1,7,2,1
4778,59.0,4,999,0,1.1,93.994,-36.4,4.86,5191.0,999.0,0,0.0,0.0,1.0,2,8,0.0,7,5,1,1
4779,37.0,2,999,0,1.4,93.918,-42.7,4.966,5228.1,999.0,0,0.0,0.0,1.0,2,4,0.0,5,7,1,1
4780,36.0,2,999,0,1.4,94.465,-41.8,4.967,5228.1,999.0,0,1.0,0.0,1.0,2,4,0.0,4,6,1,1
4781,31.0,3,999,0,-1.8,92.893,-46.2,1.291,5099.1,999.0,0,0.0,0.0,0.0,2,4,0.0,4,5,1,1
4782,38.0,2,999,0,1.1,93.994,-36.4,4.858,5191.0,999.0,0,1.0,0.0,1.0,3,8,0.0,6,5,2,1
4783,32.0,1,999,1,-1.7,94.055,-39.8,0.754,4991.6,999.0,2,0.0,0.0,0.0,1,5,0.0,4,6,2,2
4784,36.0,2,999,0,-2.9,92.201,-31.4,0.879,5076.2,999.0,0,1.0,0.0,0.0,3,7,0.0,6,8,1,1
4785,27.0,1,999,0,1.4,93.918,-42.7,4.961,5228.1,999.0,0,1.0,0.0,0.0,1,7,0.0,10,7,1,1
4786,30.0,1,999,0,1.4,93.918,-42.7,4.962,5228.1,999.0,0,0.0,0.0,0.0,2,8,0.0,4,7,1,1
4787,51.0,1,999,0,1.1,93.994,-36.4,4.855,5191.0,999.0,0,1.0,0.0,1.0,3,7,0.0,6,5,1,1
4788,31.0,2,999,0,1.1,93.994,-36.4,4.857,5191.0,999.0,0,1.0,1.0,1.0,3,8,0.0,6,5,1,1
4789,35.0,3,999,0,1.4,93.918,-42.7,4.962,5228.1,999.0,0,1.0,0.0,0.0,2,5,0.0,4,7,1,1
4790,33.0,9,999,2,-1.1,94.199,-37.5,0.879,4963.6,999.0,6,1.0,0.0,0.0,1,6,0.0,5,9,1,2
4791,50.0,1,999,0,1.1,93.994,-36.4,4.855,5191.0,999.0,0,1.0,0.0,1.0,2,4,0.0,10,5,1,1
4792,42.0,1,999,0,1.1,93.994,-36.4,4.856,5191.0,999.0,0,1.0,1.0,1.0,2,8,0.0,4,5,1,1
4793,32.0,1,999,0,-0.1,93.2,-42.0,4.153,5195.8,999.0,0,1.0,0.0,0.0,3,6,0.0,5,11,1,1
4794,45.0,2,999,0,1.1,93.994,-36.4,4.856,5191.0,999.0,0,1.0,0.0,1.0,2,8,0.0,9,5,1,1
4795,55.0,1,999,1,-3.4,92.649,-30.1,0.716,5017.5,999.0,4,1.0,0.0,0.0,2,7,0.0,3,11,1,2
4796,52.0,1,999,0,-0.1,93.2,-42.0,4.153,5195.8,999.0,0,1.0,1.0,0.0,3,8,0.0,6,11,1,1
4797,31.0,1,999,0,-1.8,92.893,-46.2,1.266,5099.1,999.0,0,0.0,0.0,1.0,2,8,0.0,6,5,1,1
4798,31.0,1,999,0,1.4,94.465,-41.8,4.959,5228.1,999.0,0,1.0,1.0,1.0,3,5,0.0,6,6,1,1
4799,48.0,6,999,0,-1.8,92.893,-46.2,1.281,5099.1,999.0,0,1.0,0.0,0.0,3,8,0.0,6,5,1,1
4800,31.0,6,999,0,1.4,93.444,-36.1,4.968,5228.1,999.0,0,0.0,0.0,0.0,2,4,0.0,6,8,1,1
4801,32.0,1,999,0,1.1,93.994,-36.4,4.858,5191.0,999.0,0,0.0,0.0,1.0,1,7,0.0,11,5,1,1
4802,35.0,4,999,0,1.1,93.994,-36.4,4.864,5191.0,999.0,0,0.0,0.0,1.0,1,7,0.0,6,5,1,1
4803,52.0,13,999,0,1.4,94.465,-41.8,4.959,5228.1,999.0,0,1.0,0.0,1.0,2,8,0.0,3,6,1,1
4804,38.0,2,999,0,-1.8,92.893,-46.2,1.299,5099.1,999.0,0,0.0,0.0,0.0,2,8,0.0,4,5,2,1
4805,27.0,1,3,2,-2.9,92.201,-31.4,0.884,5076.2,0.1,0,0.0,0.0,0.0,1,8,0.0,11,8,1,3
4806,34.0,2,999,0,1.4,94.465,-41.8,4.947,5228.1,999.0,0,0.0,0.0,1.0,2,4,0.0,4,6,1,1
4807,45.0,1,999,0,-1.8,93.075,-47.1,1.405,5099.1,999.0,0,1.0,0.0,0.0,1,4,0.0,1,4,1,1
4808,49.0,1,999,0,1.1,93.994,-36.4,4.857,5191.0,999.0,0,0.0,0.0,1.0,2,8,0.0,4,5,2,1
4809,31.0,2,999,0,1.4,93.444,-36.1,4.963,5228.1,999.0,0,1.0,0.0,0.0,3,8,0.0,6,8,1,1
4810,50.0,4,999,0,1.4,94.465,-41.8,4.96,5228.1,999.0,0,0.0,0.0,1.0,1,4,0.0,4,6,2,1
4811,35.0,1,999,0,1.4,93.444,-36.1,4.965,5228.1,999.0,0,1.0,1.0,0.0,2,7,0.0,6,8,1,1
4812,31.0,2,999,1,-1.8,93.075,-47.1,1.405,5099.1,999.0,2,1.0,0.0,0.0,2,6,0.0,4,4,1,2
4813,40.0,7,999,0,1.4,94.465,-41.8,4.959,5228.1,999.0,0,1.0,0.0,1.0,1,8,0.0,4,6,1,1
4814,30.0,1,12,2,-1.1,94.199,-37.5,0.877,4963.6,0.4,0,1.0,1.0,1.0,1,6,0.0,5,9,1,2
4815,34.0,1,999,0,-1.8,92.893,-46.2,1.266,5099.1,999.0,0,0.0,0.0,0.0,1,7,0.0,6,5,1,1
4816,61.0,1,2,1,-3.4,92.431,-26.9,0.724,5017.5,0.0666666666667,1,0.0,0.0,0.0,2,5,0.0,4,10,1,3
4817,31.0,3,999,0,-0.1,93.2,-42.0,4.191,5195.8,999.0,0,1.0,0.0,0.0,1,8,0.0,9,11,2,1
4818,33.0,3,999,0,-1.8,92.893,-46.2,1.281,5099.1,999.0,0,0.0,0.0,0.0,1,8,0.0,9,5,1,1
4819,31.0,1,999,0,-1.8,92.893,-46.2,1.25,5099.1,999.0,0,1.0,0.0,0.0,1,5,0.0,4,5,1,1
4820,31.0,3,999,0,1.1,93.994,-36.4,4.857,5191.0,999.0,0,0.0,0.0,1.0,3,3,0.0,3,5,1,1
4821,31.0,1,999,0,1.4,94.465,-41.8,4.961,5228.1,999.0,0,0.0,0.0,1.0,2,8,0.0,9,6,1,1
4822,35.0,3,999,0,1.1,93.994,-36.4,4.856,5191.0,999.0,0,1.0,0.0,1.0,1,8,0.0,6,5,1,1
4823,31.0,1,999,1,-1.8,92.893,-46.2,1.266,5099.1,999.0,0,0.0,1.0,0.0,2,8,0.0,5,5,1,2
4824,39.0,2,999,0,1.1,93.994,-36.4,4.859,5191.0,999.0,0,0.0,0.0,1.0,2,6,0.0,5,5,1,1
4825,32.0,4,999,0,1.1,93.994,-36.4,4.856,5191.0,999.0,0,0.0,0.0,1.0,3,2,0.0,3,5,1,1
4826,31.0,4,999,0,1.4,93.918,-42.7,4.961,5228.1,999.0,0,0.0,0.0,1.0,1,8,0.0,6,7,1,1
4827,26.0,9,999,0,1.4,93.918,-42.7,4.96,5228.1,999.0,0,1.0,0.0,0.0,1,7,0.0,6,7,2,1
4828,30.0,1,999,0,1.1,93.994,-36.4,4.86,5191.0,999.0,0,1.0,0.0,1.0,3,4,0.0,9,5,1,1
4829,50.0,1,999,0,1.1,93.994,-36.4,4.856,5191.0,999.0,0,1.0,1.0,1.0,2,4,0.0,7,5,1,1
4830,52.0,1,6,2,-1.8,93.369,-34.8,0.646,5008.7,0.2,2,0.0,0.0,0.0,2,7,0.0,6,3,1,3
4831,31.0,1,999,1,-2.9,92.963,-40.8,1.266,5076.2,999.0,1,0.0,0.0,0.0,1,5,0.0,11,6,2,2
4832,31.0,2,999,0,1.4,93.444,-36.1,4.965,5228.1,999.0,0,1.0,0.0,0.0,2,7,0.0,5,8,2,1
4833,31.0,1,999,0,-0.1,93.2,-42.0,4.021,5195.8,999.0,0,1.0,1.0,0.0,1,7,0.0,5,11,1,1
4834,31.0,1,999,0,1.1,93.994,-36.4,4.855,5191.0,999.0,0,0.0,0.0,1.0,1,8,0.0,10,5,1,1
4835,45.0,2,999,0,1.4,94.465,-41.8,4.955,5228.1,999.0,0,1.0,0.0,1.0,2,5,0.0,6,6,1,1
4836,29.0,1,999,0,1.4,94.465,-41.8,4.959,5228.1,999.0,0,0.0,0.0,1.0,1,8,0.0,4,6,1,1
4837,31.0,2,999,0,1.4,93.444,-36.1,4.964,5228.1,999.0,0,1.0,0.0,0.0,2,7,0.0,5,8,1,1
4838,42.0,5,999,0,1.4,94.465,-41.8,4.967,5228.1,999.0,0,1.0,0.0,1.0,2,4,0.0,4,6,1,1
4839,52.0,1,999,0,1.1,93.994,-36.4,4.857,5191.0,999.0,0,0.0,0.0,1.0,2,7,0.0,7,5,2,1
4840,46.0,3,999,0,-1.8,92.843,-50.0,1.556,5099.1,999.0,0,0.0,0.0,0.0,2,7,0.0,6,3,1,1
4841,41.0,6,999,0,-1.8,92.893,-46.2,1.244,5099.1,999.0,0,1.0,0.0,0.0,2,4,0.0,4,5,2,1
4842,31.0,3,999,0,1.4,94.465,-41.8,4.961,5228.1,999.0,0,1.0,0.0,1.0,1,5,0.0,10,6,2,1
4843,49.0,2,999,0,-2.9,92.963,-40.8,1.266,5076.2,999.0,0,1.0,0.0,1.0,2,7,0.0,3,6,2,1
4844,55.0,3,999,0,1.4,93.918,-42.7,4.962,5228.1,999.0,0,0.0,0.0,0.0,2,8,0.0,9,7,1,1
4845,31.0,2,999,0,1.4,94.465,-41.8,4.866,5228.1,999.0,0,1.0,0.0,1.0,2,5,0.0,6,6,1,1
4846,37.0,2,999,0,1.4,93.444,-36.1,4.966,5228.1,999.0,0,1.0,0.0,0.0,1,8,0.0,5,8,1,1
4847,39.0,3,999,0,1.4,94.465,-41.8,4.959,5228.1,999.0,0,1.0,0.0,1.0,2,8,0.0,4,6,1,1
4848,59.0,3,999,0,1.4,93.444,-36.1,4.97,5228.1,999.0,0,0.0,0.0,0.0,2,2,0.0,8,8,2,1
4849,38.0,5,999,0,-1.8,92.893,-46.2,1.281,5099.1,999.0,0,1.0,0.0,1.0,1,4,0.0,4,5,1,1
4850,31.0,1,999,0,1.1,93.994,-36.4,4.86,5191.0,999.0,0,0.0,0.0,1.0,3,8,0.0,5,5,1,1
4851,88.0,1,999,0,-1.1,94.199,-37.5,0.882,4963.6,999.0,0,0.0,0.0,0.0,2,8,0.0,8,9,2,1
4852,42.0,1,999,0,1.4,93.444,-36.1,4.963,5228.1,999.0,0,1.0,0.0,0.0,2,7,0.0,6,8,1,1
4853,35.0,1,999,1,-1.8,92.893,-46.2,1.266,5099.1,999.0,2,1.0,0.0,0.0,1,7,0.0,6,5,1,2
4854,31.0,4,999,0,1.1,93.994,-36.4,4.858,5191.0,999.0,0,1.0,0.0,1.0,2,8,0.0,5,5,1,1
4855,42.0,4,999,0,-1.8,92.893,-46.2,1.291,5099.1,999.0,0,0.0,0.0,1.0,2,2,0.0,4,5,1,1
4856,38.0,3,999,0,1.4,93.444,-36.1,4.964,5228.1,999.0,0,0.0,0.0,0.0,3,7,0.0,6,8,1,1
4857,33.0,1,999,0,-1.8,93.075,-47.1,1.498,5099.1,999.0,0,1.0,0.0,0.0,1,7,0.0,3,4,1,1
4858,40.0,1,999,0,-0.1,93.2,-42.0,4.191,5195.8,999.0,0,0.0,1.0,1.0,1,8,0.0,6,11,1,1
4859,31.0,3,999,0,1.1,93.994,-36.4,4.857,5191.0,999.0,0,0.0,0.0,1.0,2,8,0.0,4,5,1,1
4860,44.0,2,6,1,-3.4,92.649,-30.1,0.719,5017.5,0.2,2,1.0,0.0,1.0,3,5,0.0,6,11,2,3
4861,60.0,1,999,0,1.4,93.918,-42.7,4.962,5228.1,999.0,0,0.0,0.0,0.0,2,8,0.0,8,7,1,1
4862,31.0,1,999,0,1.4,94.465,-41.8,4.866,5228.1,999.0,0,0.0,1.0,1.0,2,5,0.0,6,6,1,1
4863,46.0,7,999,0,1.4,94.465,-41.8,4.967,5228.1,999.0,0,1.0,0.0,1.0,2,7,0.0,6,6,1,1
4864,46.0,3,999,0,1.1,93.994,-36.4,4.859,5191.0,999.0,0,0.0,0.0,1.0,2,2,0.0,4,5,1,1
4865,31.0,2,999,0,-1.8,92.893,-46.2,1.27,5099.1,999.0,0,1.0,0.0,0.0,2,8,0.0,5,5,1,1
4866,33.0,1,999,0,1.4,93.918,-42.7,4.958,5228.1,999.0,0,0.0,0.0,0.0,3,8,0.0,9,7,1,1
4867,48.0,3,999,0,1.4,93.444,-36.1,4.965,5228.1,999.0,0,1.0,0.0,0.0,2,4,0.0,2,8,1,1
4868,31.0,1,999,0,-3.4,92.431,-26.9,0.744,5017.5,999.0,0,1.0,0.0,0.0,2,2,0.0,12,10,1,1
4869,36.0,3,999,0,1.1,93.994,-36.4,4.855,5191.0,999.0,0,0.0,0.0,1.0,1,8,0.0,5,5,1,1
4870,31.0,1,999,0,1.4,93.444,-36.1,4.963,5228.1,999.0,0,1.0,0.0,0.0,2,7,0.0,1,8,1,1
4871,31.0,2,999,2,-1.8,93.075,-47.1,1.423,5099.1,999.0,6,0.0,0.0,0.0,1,8,0.0,4,4,1,2
4872,31.0,1,999,1,-1.8,93.075,-47.1,1.41,5099.1,999.0,0,0.0,1.0,0.0,1,8,0.0,11,4,1,2
4873,37.0,1,3,4,-1.1,94.199,-37.5,0.879,4963.6,0.1,8,0.0,0.0,0.0,1,8,0.0,6,9,1,3
4874,56.0,3,999,0,1.4,94.465,-41.8,4.967,5228.1,999.0,0,1.0,0.0,1.0,2,5,0.0,4,6,1,1
4875,31.0,1,999,0,1.4,93.918,-42.7,4.96,5228.1,999.0,0,1.0,0.0,0.0,2,3,0.0,7,7,2,1
4876,44.0,2,999,0,1.4,93.918,-42.7,4.961,5228.1,999.0,0,1.0,0.0,0.0,2,7,0.0,6,7,1,1
4877,31.0,1,999,0,-1.8,93.075,-47.1,1.365,5099.1,999.0,0,1.0,0.0,0.0,1,7,0.0,6,4,1,1
4878,60.0,3,999,0,1.1,93.994,-36.4,4.855,5191.0,999.0,0,0.0,0.0,1.0,2,5,0.0,2,5,1,1
4879,31.0,1,999,0,1.4,93.918,-42.7,4.962,5228.1,999.0,0,1.0,0.0,0.0,1,8,0.0,3,7,1,1
4880,52.0,2,999,0,-1.8,93.075,-47.1,1.41,5099.1,999.0,0,0.0,0.0,0.0,3,5,0.0,9,4,1,1
4881,31.0,1,999,0,-1.1,94.199,-37.5,0.879,4963.6,999.0,0,0.0,0.0,1.0,1,5,0.0,9,9,2,1
4882,31.0,1,999,0,1.4,94.465,-41.8,4.962,5228.1,999.0,0,0.0,0.0,1.0,2,8,0.0,4,6,1,1
4883,41.0,1,999,0,-1.8,92.893,-46.2,1.291,5099.1,999.0,0,0.0,0.0,0.0,2,3,0.0,4,5,1,1
4884,34.0,1,999,1,-1.8,93.075,-47.1,1.405,5099.1,999.0,2,0.0,0.0,0.0,2,7,0.0,7,4,1,2
4885,50.0,1,999,0,-1.8,93.075,-47.1,1.41,5099.1,999.0,0,1.0,0.0,0.0,1,3,0.0,9,4,1,1
4886,35.0,15,999,0,1.1,93.994,-36.4,4.86,5191.0,999.0,0,1.0,0.0,1.0,1,7,0.0,5,5,1,1
4887,52.0,2,999,0,-1.8,93.075,-47.1,1.435,5099.1,999.0,0,0.0,0.0,0.0,2,5,0.0,6,4,1,1
4888,29.0,11,999,0,1.4,93.918,-42.7,4.966,5228.1,999.0,0,1.0,0.0,1.0,1,7,0.0,7,7,1,1
4889,31.0,1,5,1,-1.8,93.075,-47.1,1.365,5099.1,0.166666666667,3,1.0,0.0,0.0,1,7,0.0,5,4,1,3
4890,25.0,1,999,0,1.4,93.918,-42.7,4.962,5228.1,999.0,0,1.0,0.0,0.0,1,7,0.0,9,7,1,1
4891,28.0,2,6,2,-1.7,94.027,-38.3,0.9,4991.6,0.2,6,0.0,0.0,1.0,1,4,0.0,11,8,1,3
4892,48.0,1,999,0,1.4,94.465,-41.8,4.866,5228.1,999.0,0,1.0,1.0,1.0,2,8,0.0,6,6,1,1
4893,31.0,3,999,0,-1.1,94.199,-37.5,0.882,4963.6,999.0,0,1.0,0.0,0.0,2,4,0.0,4,9,2,1
4894,34.0,1,18,2,-1.1,94.199,-37.5,0.886,4963.6,0.6,2,1.0,0.0,0.0,2,7,0.0,6,9,1,2
4895,31.0,1,999,0,1.1,93.994,-36.4,4.855,5191.0,999.0,0,1.0,0.0,1.0,2,4,0.0,6,5,1,1
4896,30.0,1,999,0,1.4,93.444,-36.1,4.965,5228.1,999.0,0,0.0,0.0,0.0,1,8,0.0,5,8,2,1
4897,29.0,1,999,0,-1.7,94.215,-40.3,0.84,4991.6,999.0,0,1.0,0.0,0.0,1,7,0.0,6,7,1,1
4898,52.0,4,999,3,-1.7,94.055,-39.8,0.767,4991.6,999.0,3,1.0,1.0,0.0,2,7,0.0,6,6,1,2
4899,48.0,1,999,0,1.4,93.918,-42.7,4.962,5228.1,999.0,0,1.0,0.0,1.0,2,7,0.0,7,7,1,1
4900,33.0,2,999,0,1.4,93.918,-42.7,4.961,5228.1,999.0,0,0.0,0.0,0.0,1,6,0.0,5,7,1,1
4901,31.0,2,999,0,1.4,93.444,-36.1,4.965,5228.1,999.0,0,1.0,0.0,0.0,2,4,0.0,2,8,1,1
4902,43.0,1,999,0,-1.8,93.075,-47.1,1.498,5099.1,999.0,0,1.0,0.0,0.0,2,8,0.0,1,4,1,1
4903,35.0,1,999,1,-1.8,93.075,-47.1,1.405,5099.1,999.0,4,1.0,0.0,0.0,1,8,0.0,6,4,2,2
4904,30.0,1,999,0,-1.8,93.075,-47.1,1.423,5099.1,999.0,0,0.0,0.0,0.0,2,7,0.0,6,4,1,1
4905,31.0,2,999,0,1.4,93.444,-36.1,4.962,5228.1,999.0,0,0.0,0.0,0.0,2,7,0.0,10,8,1,1
4906,31.0,1,999,1,-1.8,92.893,-46.2,1.25,5099.1,999.0,1,1.0,0.0,0.0,2,6,0.0,4,5,1,2
4907,31.0,7,999,1,-1.8,92.893,-46.2,1.266,5099.1,999.0,1,1.0,1.0,1.0,1,5,0.0,4,5,1,2
4908,27.0,2,999,1,-1.8,92.893,-46.2,1.354,5099.1,999.0,2,0.0,0.0,0.0,1,5,0.0,11,5,2,2
4909,31.0,2,999,0,1.4,93.444,-36.1,4.966,5228.1,999.0,0,0.0,0.0,0.0,1,7,0.0,6,8,1,1
4910,47.0,3,999,0,1.1,93.994,-36.4,4.857,5191.0,999.0,0,0.0,0.0,1.0,2,8,0.0,6,5,1,1
4911,45.0,5,999,0,1.4,94.465,-41.8,4.959,5228.1,999.0,0,0.0,0.0,1.0,3,5,0.0,9,6,1,1
4912,36.0,1,999,0,1.4,93.444,-36.1,4.964,5228.1,999.0,0,1.0,0.0,0.0,2,6,0.0,5,8,1,1
4913,31.0,1,999,0,-2.9,92.201,-31.4,0.881,5076.2,999.0,0,1.0,0.0,0.0,1,5,0.0,6,8,1,1
4914,31.0,1,999,2,-1.8,93.876,-40.0,0.668,5008.7,999.0,4,0.0,0.0,0.0,2,8,0.0,6,5,1,2
4915,44.0,4,999,0,1.4,94.465,-41.8,4.961,5228.1,999.0,0,1.0,0.0,1.0,2,8,0.0,5,6,1,1
4916,26.0,5,999,0,1.4,94.465,-41.8,4.959,5228.1,999.0,0,0.0,0.0,1.0,2,8,0.0,4,6,1,1
4917,49.0,3,999,0,1.4,93.918,-42.7,4.958,5228.1,999.0,0,1.0,0.0,0.0,3,3,0.0,4,7,1,1
4918,35.0,1,999,0,1.1,93.994,-36.4,4.859,5191.0,999.0,0,0.0,0.0,1.0,2,8,0.0,2,5,1,1
4919,30.0,2,999,0,1.4,94.465,-41.8,4.864,5228.1,999.0,0,0.0,0.0,1.0,1,5,0.0,6,6,1,1
4920,31.0,2,999,0,1.1,93.994,-36.4,4.857,5191.0,999.0,0,0.0,0.0,1.0,2,8,0.0,7,5,1,1
4921,48.0,3,999,0,1.4,94.465,-41.8,4.864,5228.1,999.0,0,0.0,0.0,1.0,3,8,0.0,6,6,1,1
4922,34.0,7,999,0,1.4,93.444,-36.1,4.965,5228.1,999.0,0,1.0,0.0,1.0,2,5,0.0,3,8,2,1
4923,29.0,2,999,0,1.1,93.994,-36.4,4.857,5191.0,999.0,0,1.0,0.0,1.0,2,8,0.0,5,5,2,1
4924,50.0,3,999,0,1.1,93.994,-36.4,4.857,5191.0,999.0,0,0.0,0.0,1.0,1,7,0.0,6,5,1,1
4925,31.0,4,999,0,1.4,94.465,-41.8,4.959,5228.1,999.0,0,0.0,0.0,1.0,2,8,0.0,9,6,1,1
4926,37.0,2,999,0,1.1,93.994,-36.4,4.855,5191.0,999.0,0,0.0,0.0,1.0,1,7,0.0,7,5,1,1
4927,47.0,1,999,0,1.4,93.444,-36.1,4.968,5228.1,999.0,0,0.0,0.0,0.0,2,7,0.0,3,8,1,1
4928,31.0,2,999,0,1.4,93.918,-42.7,4.962,5228.1,999.0,0,1.0,0.0,0.0,1,5,0.0,9,7,1,1
4929,35.0,2,999,0,1.4,93.918,-42.7,4.961,5228.1,999.0,0,0.0,1.0,0.0,3,4,0.0,4,7,1,1
4930,35.0,2,999,0,1.1,93.994,-36.4,4.864,5191.0,999.0,0,1.0,1.0,1.0,2,5,0.0,4,5,1,1
4931,31.0,1,999,0,1.4,93.444,-36.1,4.964,5228.1,999.0,0,1.0,1.0,1.0,2,6,0.0,5,8,1,1
4932,47.0,1,999,1,-1.8,93.075,-47.1,1.365,5099.1,999.0,4,1.0,0.0,0.0,2,7,0.0,6,4,1,2
4933,31.0,7,999,0,1.4,94.465,-41.8,4.959,5228.1,999.0,0,0.0,0.0,1.0,1,7,0.0,6,6,1,1
4934,32.0,2,999,0,1.4,93.444,-36.1,4.965,5228.1,999.0,0,1.0,1.0,0.0,3,8,0.0,5,8,2,1
4935,42.0,2,999,0,1.4,94.465,-41.8,4.864,5228.1,999.0,0,1.0,0.0,1.0,2,5,0.0,4,6,1,1
4936,28.0,2,999,0,-1.8,92.843,-50.0,1.811,5099.1,999.0,0,0.0,0.0,0.0,1,7,0.0,5,3,2,1
4937,31.0,1,999,1,-3.4,92.649,-30.1,0.719,5017.5,999.0,4,0.0,1.0,0.0,2,8,0.0,6,11,1,2
4938,37.0,2,999,0,1.4,93.918,-42.7,4.963,5228.1,999.0,0,0.0,0.0,1.0,1,7,0.0,6,7,1,1
4939,31.0,1,999,0,-0.1,93.2,-42.0,4.076,5195.8,999.0,0,0.0,0.0,0.0,2,7,0.0,3,11,1,1
4940,31.0,1,999,0,1.1,93.994,-36.4,4.857,5191.0,999.0,0,0.0,0.0,1.0,2,4,0.0,4,5,2,1
4941,36.0,4,999,0,1.4,94.465,-41.8,4.866,5228.1,999.0,0,0.0,0.0,1.0,2,8,0.0,6,6,1,1
4942,31.0,1,999,0,1.4,93.444,-36.1,4.966,5228.1,999.0,0,1.0,1.0,0.0,2,7,0.0,6,8,1,1
4943,24.0,2,999,0,-1.8,92.893,-46.2,1.266,5099.1,999.0,0,0.0,0.0,0.0,2,8,0.0,9,5,1,1
4944,34.0,3,999,0,1.1,93.994,-36.4,4.857,5191.0,999.0,0,0.0,0.0,1.0,1,8,0.0,5,5,2,1
4945,31.0,1,999,0,-1.8,93.075,-47.1,1.405,5099.1,999.0,0,1.0,0.0,0.0,3,8,0.0,9,4,2,1
4946,35.0,2,999,1,-1.8,93.075,-47.1,1.405,5099.1,999.0,1,1.0,0.0,0.0,2,2,0.0,4,4,1,2
4947,34.0,2,999,0,1.4,94.465,-41.8,4.865,5228.1,999.0,0,0.0,0.0,1.0,3,6,0.0,9,6,2,1
4948,44.0,1,999,0,1.4,94.465,-41.8,4.958,5228.1,999.0,0,0.0,0.0,1.0,2,8,0.0,5,6,1,1
4949,60.0,8,999,0,1.4,93.918,-42.7,4.962,5228.1,999.0,0,0.0,0.0,0.0,2,5,0.0,5,7,1,1
4950,29.0,4,999,0,1.4,93.444,-36.1,4.964,5228.1,999.0,0,0.0,0.0,0.0,1,6,0.0,5,8,1,1
4951,31.0,2,999,0,1.4,93.918,-42.7,4.957,5228.1,999.0,0,1.0,0.0,0.0,1,8,0.0,6,7,1,1
4952,42.0,1,999,0,1.4,94.465,-41.8,4.961,5228.1,999.0,0,0.0,0.0,1.0,2,3,0.0,5,6,1,1
4953,40.0,1,999,0,1.4,93.918,-42.7,4.963,5228.1,999.0,0,1.0,0.0,0.0,2,8,0.0,4,7,1,1
4954,34.0,2,999,0,1.4,93.444,-36.1,4.968,5228.1,999.0,0,1.0,1.0,0.0,1,8,0.0,5,8,1,1
4955,43.0,4,999,0,1.1,93.994,-36.4,4.857,5191.0,999.0,0,0.0,1.0,1.0,2,7,0.0,7,5,1,1
4956,44.0,3,999,0,1.4,94.465,-41.8,4.961,5228.1,999.0,0,0.0,0.0,1.0,3,8,0.0,9,6,1,1
4957,44.0,1,999,0,-1.8,92.893,-46.2,1.344,5099.1,999.0,0,1.0,0.0,0.0,2,8,0.0,3,5,1,1
4958,39.0,2,999,0,-0.1,93.2,-42.0,4.191,5195.8,999.0,0,0.0,1.0,0.0,3,5,0.0,4,11,2,1
4959,32.0,1,999,0,1.4,93.918,-42.7,4.962,5228.1,999.0,0,1.0,0.0,0.0,2,2,0.0,4,7,1,1
4960,58.0,1,999,0,1.4,94.465,-41.8,4.961,5228.1,999.0,0,0.0,0.0,1.0,2,2,0.0,8,6,1,1
4961,31.0,2,999,0,-0.1,93.2,-42.0,4.076,5195.8,999.0,0,1.0,1.0,0.0,2,5,0.0,10,11,1,1
4962,50.0,1,999,0,1.4,93.918,-42.7,4.962,5228.1,999.0,0,0.0,0.0,0.0,2,8,0.0,3,7,1,1
4963,43.0,3,999,0,1.4,94.465,-41.8,4.959,5228.1,999.0,0,1.0,0.0,1.0,1,6,0.0,5,6,1,1
4964,37.0,3,999,0,1.4,94.465,-41.8,4.959,5228.1,999.0,0,0.0,0.0,1.0,1,4,0.0,4,6,1,1
4965,53.0,1,999,0,-1.8,93.075,-47.1,1.41,5099.1,999.0,0,0.0,1.0,0.0,3,8,0.0,9,4,1,1
4966,31.0,1,999,1,-1.8,92.893,-46.2,1.344,5099.1,999.0,1,1.0,0.0,1.0,2,8,0.0,5,5,1,2
4967,31.0,1,1,2,-1.8,93.876,-40.0,0.672,5008.7,0.0333333333333,0,1.0,0.0,0.0,1,8,0.0,11,5,1,3
4968,32.0,2,999,0,1.4,93.444,-36.1,4.965,5228.1,999.0,0,1.0,1.0,0.0,2,8,0.0,5,8,2,1
4969,52.0,1,999,0,1.1,93.994,-36.4,4.857,5191.0,999.0,0,1.0,0.0,1.0,2,4,0.0,5,5,2,1
4970,31.0,5,999,0,1.4,94.465,-41.8,4.959,5228.1,999.0,0,1.0,0.0,1.0,2,7,0.0,3,6,1,1
4971,55.0,14,999,0,1.1,93.994,-36.4,4.858,5191.0,999.0,0,0.0,0.0,1.0,2,8,0.0,6,5,2,1
4972,38.0,2,999,0,-0.1,93.2,-42.0,4.076,5195.8,999.0,0,0.0,0.0,0.0,2,7,0.0,3,11,1,1
4973,28.0,2,999,0,1.4,93.918,-42.7,4.956,5228.1,999.0,0,0.0,0.0,1.0,2,5,0.0,9,7,1,1
4974,24.0,1,999,0,-1.8,92.893,-46.2,1.334,5099.1,999.0,0,0.0,0.0,0.0,1,4,0.0,11,5,1,1
4975,48.0,1,999,0,1.4,94.465,-41.8,4.961,5228.1,999.0,0,1.0,0.0,1.0,2,8,0.0,10,6,2,1
4976,29.0,2,999,0,-1.8,93.075,-47.1,1.405,5099.1,999.0,0,1.0,0.0,0.0,3,4,0.0,6,4,1,1
4977,41.0,3,999,0,-2.9,92.201,-31.4,0.873,5076.2,999.0,0,1.0,0.0,0.0,2,5,0.0,6,8,1,1
4978,28.0,2,999,0,1.1,93.994,-36.4,4.859,5191.0,999.0,0,1.0,0.0,1.0,2,8,0.0,6,5,1,1
4979,35.0,1,999,0,-1.8,93.075,-47.1,1.435,5099.1,999.0,0,0.0,0.0,0.0,2,8,0.0,9,4,1,1
4980,56.0,2,999,1,-1.8,92.893,-46.2,1.299,5099.1,999.0,4,1.0,0.0,0.0,3,5,0.0,9,5,2,2
4981,59.0,2,999,0,-2.9,92.963,-40.8,1.262,5076.2,999.0,0,0.0,0.0,0.0,3,7,0.0,8,6,1,1
4982,54.0,1,999,0,1.4,93.918,-42.7,4.962,5228.1,999.0,0,0.0,1.0,0.0,1,4,0.0,9,7,1,1
4983,24.0,1,999,1,-2.9,92.201,-31.4,0.869,5076.2,999.0,0,1.0,0.0,0.0,1,5,0.0,11,8,1,2
4984,42.0,1,999,1,-1.8,93.075,-47.1,1.405,5099.1,999.0,2,1.0,0.0,0.0,2,8,0.0,4,4,1,2
4985,41.0,1,999,0,1.4,93.918,-42.7,4.963,5228.1,999.0,0,1.0,0.0,0.0,3,8,0.0,7,7,1,1
4986,31.0,1,999,1,-3.0,92.713,-33.0,0.72,5023.5,999.0,2,0.0,1.0,0.0,3,7,0.0,3,12,1,2
4987,31.0,1,999,0,-1.8,92.893,-46.2,1.266,5099.1,999.0,0,1.0,0.0,0.0,1,7,0.0,5,5,1,1
4988,46.0,1,999,0,1.1,93.994,-36.4,4.86,5191.0,999.0,0,0.0,0.0,1.0,3,7,0.0,7,5,1,1
4989,40.0,1,999,0,-1.8,93.075,-47.1,1.453,5099.1,999.0,0,1.0,0.0,0.0,2,6,0.0,5,4,1,1
4990,35.0,1,999,0,1.4,94.465,-41.8,4.967,5228.1,999.0,0,0.0,0.0,1.0,2,2,0.0,4,6,1,1
4991,56.0,1,999,0,1.4,93.918,-42.7,4.968,5228.1,999.0,0,1.0,0.0,0.0,2,7,0.0,3,7,1,1
4992,27.0,2,999,0,1.4,93.918,-42.7,4.962,5228.1,999.0,0,1.0,0.0,0.0,1,6,0.0,6,7,1,1
4993,52.0,2,999,0,1.1,93.994,-36.4,4.857,5191.0,999.0,0,1.0,0.0,1.0,2,5,0.0,5,5,2,1
4994,56.0,3,999,0,-1.8,93.075,-47.1,1.405,5099.1,999.0,0,1.0,0.0,0.0,3,7,0.0,8,4,2,1
4995,51.0,2,999,0,1.4,93.918,-42.7,4.962,5228.1,999.0,0,0.0,0.0,0.0,2,7,0.0,6,7,1,1
4996,63.0,1,999,0,-3.4,92.431,-26.9,0.728,5017.5,999.0,0,1.0,0.0,0.0,2,8,0.0,5,10,1,1
4997,30.0,3,999,0,-0.1,93.2,-42.0,4.12,5195.8,999.0,0,1.0,0.0,0.0,1,8,0.0,7,11,1,1
4998,36.0,16,999,0,1.4,93.918,-42.7,4.968,5228.1,999.0,0,1.0,0.0,0.0,2,3,0.0,4,7,1,1
4999,32.0,1,999,0,-3.4,92.431,-26.9,0.739,5017.5,999.0,0,0.0,0.0,0.0,2,5,0.0,9,10,2,1
5000,32.0,2,999,1,-1.8,92.893,-46.2,1.313,5099.1,999.0,0,0.0,0.0,0.0,1,7,0.0,5,5,1,2
5001,40.0,4,999,0,1.4,93.918,-42.7,4.961,5228.1,999.0,0,0.0,0.0,0.0,2,7,0.0,3,7,1,1
5002,48.0,7,999,0,1.4,93.918,-42.7,4.961,5228.1,999.0,0,0.0,0.0,1.0,1,7,0.0,6,7,1,1
5003,43.0,1,999,0,1.1,93.994,-36.4,4.86,5191.0,999.0,0,0.0,0.0,1.0,2,8,0.0,10,5,1,1
5004,56.0,3,999,0,1.1,93.994,-36.4,4.857,5191.0,999.0,0,1.0,0.0,1.0,2,7,0.0,8,5,1,1
5005,31.0,1,999,0,1.1,93.994,-36.4,4.859,5191.0,999.0,0,0.0,0.0,1.0,1,6,0.0,1,5,1,1
5006,39.0,1,999,1,-1.8,93.075,-47.1,1.365,5099.1,999.0,0,1.0,0.0,0.0,2,6,0.0,5,4,1,2
5007,60.0,3,999,0,1.4,93.444,-36.1,4.965,5228.1,999.0,0,0.0,0.0,0.0,2,4,0.0,8,8,1,1
5008,31.0,1,999,0,-1.8,92.893,-46.2,1.299,5099.1,999.0,0,1.0,0.0,0.0,2,7,0.0,1,5,2,1
5009,55.0,3,999,0,-1.8,93.075,-47.1,1.466,5099.1,999.0,0,1.0,0.0,0.0,3,7,0.0,3,4,2,1
5010,32.0,1,999,0,1.4,93.918,-42.7,4.961,5228.1,999.0,0,0.0,0.0,0.0,1,8,0.0,9,7,1,1
5011,56.0,8,999,0,1.4,94.465,-41.8,4.959,5228.1,999.0,0,1.0,0.0,1.0,3,4,0.0,5,6,1,1
5012,31.0,3,999,0,1.4,93.918,-42.7,4.96,5228.1,999.0,0,0.0,0.0,0.0,2,8,0.0,4,7,2,1
5013,31.0,2,999,0,-0.1,93.2,-42.0,4.12,5195.8,999.0,0,1.0,0.0,0.0,1,5,0.0,6,11,1,1
5014,31.0,2,9,3,-1.7,94.027,-38.3,0.898,4991.6,0.3,18,1.0,0.0,0.0,1,8,0.0,5,8,2,3
5015,39.0,1,999,1,-0.1,93.2,-42.0,4.153,5195.8,999.0,1,0.0,0.0,0.0,2,4,0.0,10,11,1,2
5016,46.0,2,999,0,-0.1,93.2,-42.0,4.153,5195.8,999.0,0,1.0,0.0,0.0,2,7,0.0,7,11,1,1
5017,29.0,2,999,0,-1.8,92.893,-46.2,1.327,5099.1,999.0,0,0.0,0.0,0.0,2,8,0.0,9,5,1,1
5018,28.0,1,999,0,-1.8,92.893,-46.2,1.281,5099.1,999.0,0,1.0,1.0,0.0,1,5,0.0,9,5,1,1
5019,31.0,1,999,0,1.4,94.465,-41.8,4.961,5228.1,999.0,0,0.0,0.0,1.0,2,7,0.0,5,6,1,1
5020,31.0,1,0,3,-1.7,94.027,-38.3,0.9,4991.6,0.0,3,1.0,1.0,0.0,2,7,0.0,6,8,1,3
5021,52.0,1,6,1,-0.1,93.2,-42.0,4.153,5195.8,0.2,2,1.0,0.0,0.0,1,8,0.0,6,11,1,3
5022,41.0,1,3,2,-1.8,92.893,-46.2,1.354,5099.1,0.1,2,1.0,1.0,0.0,2,8,0.0,5,5,2,3
5023,31.0,1,999,0,1.1,93.994,-36.4,4.857,5191.0,999.0,0,1.0,1.0,1.0,2,3,0.0,4,5,2,1
5024,38.0,1,999,1,-1.8,93.075,-47.1,1.41,5099.1,999.0,2,1.0,0.0,0.0,2,2,0.0,4,4,1,2
5025,32.0,1,999,0,-2.9,92.201,-31.4,0.881,5076.2,999.0,0,1.0,1.0,0.0,2,8,0.0,6,8,1,1
5026,33.0,3,999,0,-0.1,93.2,-42.0,4.076,5195.8,999.0,0,1.0,0.0,1.0,3,7,0.0,6,11,1,1
5027,46.0,5,999,0,1.1,93.994,-36.4,4.864,5191.0,999.0,0,0.0,0.0,1.0,2,7,0.0,6,5,1,1
5028,58.0,2,999,0,1.4,93.918,-42.7,4.961,5228.1,999.0,0,1.0,0.0,0.0,2,2,0.0,8,7,1,1
5029,33.0,2,999,0,1.1,93.994,-36.4,4.857,5191.0,999.0,0,0.0,0.0,1.0,2,4,0.0,5,5,2,1
5030,53.0,2,999,0,1.4,94.465,-41.8,4.961,5228.1,999.0,0,0.0,0.0,1.0,2,8,0.0,4,6,2,1
5031,53.0,1,999,0,-1.8,93.075,-47.1,1.405,5099.1,999.0,0,0.0,0.0,0.0,2,5,0.0,4,4,2,1
5032,38.0,1,999,0,1.4,93.918,-42.7,4.963,5228.1,999.0,0,1.0,0.0,0.0,2,3,0.0,4,7,1,1
5033,31.0,1,999,2,-1.7,94.055,-39.8,0.707,4991.6,999.0,8,1.0,0.0,0.0,2,8,0.0,4,6,1,2
5034,28.0,1,999,0,1.4,94.465,-41.8,4.947,5228.1,999.0,0,0.0,0.0,1.0,2,5,0.0,4,6,1,1
5035,32.0,5,999,0,1.4,94.465,-41.8,4.962,5228.1,999.0,0,0.0,0.0,1.0,1,5,0.0,6,6,1,1
5036,27.0,1,999,0,1.1,93.994,-36.4,4.855,5191.0,999.0,0,0.0,0.0,1.0,1,5,0.0,9,5,1,1
5037,31.0,1,999,0,-3.4,92.431,-26.9,0.739,5017.5,999.0,0,0.0,1.0,0.0,1,5,0.0,11,10,2,1
5038,36.0,1,999,0,1.4,93.444,-36.1,4.968,5228.1,999.0,0,1.0,0.0,0.0,2,7,0.0,5,8,1,1
5039,33.0,1,999,0,1.1,93.994,-36.4,4.864,5191.0,999.0,0,0.0,0.0,1.0,2,8,0.0,6,5,1,1
5040,32.0,2,999,0,-0.1,93.2,-42.0,4.076,5195.8,999.0,0,1.0,0.0,0.0,2,6,0.0,6,11,1,1
5041,44.0,2,999,0,1.4,93.444,-36.1,4.967,5228.1,999.0,0,1.0,0.0,0.0,2,8,0.0,6,8,1,1
5042,54.0,3,999,0,1.4,93.444,-36.1,4.963,5228.1,999.0,0,0.0,0.0,0.0,2,8,0.0,4,8,1,1
5043,37.0,1,999,0,1.1,93.994,-36.4,4.858,5191.0,999.0,0,1.0,0.0,1.0,2,2,0.0,4,5,1,1
5044,36.0,2,999,0,1.1,93.994,-36.4,4.857,5191.0,999.0,0,0.0,0.0,1.0,1,7,0.0,6,5,1,1
5045,31.0,3,999,0,1.1,93.994,-36.4,4.855,5191.0,999.0,0,0.0,0.0,1.0,2,5,0.0,8,5,1,1
5046,41.0,1,999,1,-1.8,93.075,-47.1,1.405,5099.1,999.0,3,0.0,0.0,0.0,2,4,0.0,10,4,1,2
5047,38.0,1,999,0,1.4,94.465,-41.8,4.967,5228.1,999.0,0,0.0,0.0,1.0,2,4,0.0,9,6,1,1
5048,28.0,1,999,1,-1.8,92.893,-46.2,1.299,5099.1,999.0,1,1.0,1.0,1.0,2,8,0.0,4,5,2,2
5049,30.0,7,999,0,-0.1,93.2,-42.0,4.076,5195.8,999.0,0,1.0,0.0,1.0,2,8,0.0,9,11,1,1
5050,36.0,3,999,0,1.1,93.994,-36.4,4.86,5191.0,999.0,0,0.0,0.0,1.0,1,8,0.0,12,5,1,1
5051,31.0,5,999,1,-0.1,93.2,-42.0,4.076,5195.8,999.0,1,0.0,0.0,0.0,3,6,0.0,6,11,1,2
5052,34.0,2,999,0,1.1,93.994,-36.4,4.856,5191.0,999.0,0,1.0,1.0,1.0,2,8,0.0,9,5,1,1
5053,31.0,2,999,0,1.4,93.918,-42.7,4.963,5228.1,999.0,0,1.0,0.0,0.0,2,6,0.0,5,7,1,1
5054,31.0,1,999,0,1.4,93.918,-42.7,4.959,5228.1,999.0,0,0.0,0.0,0.0,2,8,0.0,10,7,1,1
5055,39.0,2,999,0,1.1,93.994,-36.4,4.86,5191.0,999.0,0,0.0,1.0,1.0,3,8,0.0,4,5,1,1
5056,52.0,6,999,0,1.1,93.994,-36.4,4.858,5191.0,999.0,0,1.0,0.0,1.0,2,5,0.0,9,5,2,1
5057,30.0,6,999,0,1.4,93.918,-42.7,4.962,5228.1,999.0,0,0.0,0.0,0.0,2,7,0.0,6,7,1,1
5058,57.0,5,12,1,-1.8,92.893,-46.2,1.244,5099.1,0.4,4,1.0,0.0,1.0,1,5,0.0,6,5,2,3
5059,31.0,4,999,0,1.4,93.918,-42.7,4.961,5228.1,999.0,0,1.0,0.0,0.0,2,5,0.0,6,7,1,1
5060,48.0,1,999,0,1.4,93.444,-36.1,4.963,5228.1,999.0,0,1.0,0.0,0.0,2,6,1.0,5,8,1,1
5061,32.0,3,999,0,1.4,93.918,-42.7,4.96,5228.1,999.0,0,0.0,0.0,0.0,1,8,0.0,6,7,2,1
5062,27.0,2,999,0,1.4,93.918,-42.7,4.962,5228.1,999.0,0,0.0,1.0,0.0,1,7,0.0,9,7,1,1
5063,35.0,1,999,0,1.1,93.994,-36.4,4.857,5191.0,999.0,0,0.0,0.0,1.0,2,5,0.0,7,5,1,1
5064,29.0,1,999,0,-0.1,93.2,-42.0,4.153,5195.8,999.0,0,1.0,0.0,0.0,1,7,0.0,6,11,1,1
5065,57.0,1,999,0,-1.8,93.075,-47.1,1.41,5099.1,999.0,0,1.0,0.0,0.0,2,7,0.0,5,4,1,1
5066,39.0,2,999,0,-1.8,93.075,-47.1,1.483,5099.1,999.0,0,1.0,0.0,0.0,1,8,0.0,4,4,1,1
5067,26.0,1,999,0,-2.9,92.201,-31.4,0.854,5076.2,999.0,0,1.0,1.0,0.0,1,7,0.0,5,8,1,1
5068,40.0,3,999,0,1.4,93.918,-42.7,4.962,5228.1,999.0,0,1.0,0.0,0.0,1,7,0.0,6,7,1,1
5069,54.0,1,999,0,1.1,93.994,-36.4,4.86,5191.0,999.0,0,1.0,0.0,1.0,2,8,0.0,8,5,1,1
5070,54.0,1,999,0,1.1,93.994,-36.4,4.86,5191.0,999.0,0,0.0,0.0,1.0,1,8,0.0,9,5,1,1
5071,32.0,5,999,0,1.4,93.444,-36.1,4.966,5228.1,999.0,0,1.0,0.0,0.0,1,8,0.0,1,8,1,1
5072,51.0,1,999,0,1.1,93.994,-36.4,4.856,5191.0,999.0,0,0.0,0.0,1.0,3,8,0.0,4,5,1,1
5073,48.0,2,999,0,-1.8,92.893,-46.2,1.334,5099.1,999.0,0,1.0,0.0,0.0,2,2,0.0,4,5,1,1
5074,47.0,9,999,0,1.4,93.444,-36.1,4.964,5228.1,999.0,0,1.0,1.0,0.0,3,6,0.0,5,8,1,1
5075,31.0,6,999,0,1.4,93.918,-42.7,4.963,5228.1,999.0,0,0.0,0.0,0.0,2,8,0.0,9,7,1,1
5076,30.0,3,999,0,1.4,93.918,-42.7,4.963,5228.1,999.0,0,1.0,0.0,1.0,1,8,0.0,6,7,1,1
5077,24.0,1,5,1,-1.1,94.199,-37.5,0.886,4963.6,0.166666666667,0,1.0,0.0,0.0,1,8,0.0,11,9,1,3
5078,54.0,2,999,0,1.4,93.444,-36.1,4.964,5228.1,999.0,0,0.0,0.0,0.0,3,7,0.0,6,8,1,1
5079,38.0,2,999,0,1.1,93.994,-36.4,4.855,5191.0,999.0,0,0.0,0.0,1.0,2,4,0.0,4,5,1,1
5080,57.0,2,999,0,-3.0,92.713,-33.0,0.706,5023.5,999.0,0,1.0,0.0,0.0,2,8,0.0,6,12,1,1
5081,41.0,5,999,0,1.4,93.444,-36.1,4.963,5228.1,999.0,0,1.0,1.0,0.0,2,7,0.0,1,8,2,1
5082,30.0,1,999,1,-0.1,93.2,-42.0,4.076,5195.8,999.0,4,1.0,0.0,0.0,2,8,0.0,9,11,1,2
5083,31.0,2,999,0,-3.4,92.431,-26.9,0.742,5017.5,999.0,0,0.0,1.0,1.0,2,8,0.0,5,10,1,1
5084,44.0,5,999,0,1.4,94.465,-41.8,4.865,5228.1,999.0,0,1.0,0.0,1.0,2,3,0.0,4,6,2,1
5085,42.0,1,999,0,1.1,93.994,-36.4,4.858,5191.0,999.0,0,1.0,0.0,1.0,2,8,0.0,4,5,2,1
5086,31.0,2,999,0,1.1,93.994,-36.4,4.857,5191.0,999.0,0,0.0,0.0,1.0,2,5,0.0,9,5,1,1
5087,31.0,19,999,0,1.4,93.918,-42.7,4.961,5228.1,999.0,0,0.0,0.0,0.0,2,6,0.0,5,7,1,1
5088,31.0,2,999,0,-0.1,93.2,-42.0,4.021,5195.8,999.0,0,0.0,1.0,0.0,2,8,0.0,10,11,1,1
5089,25.0,2,999,0,-1.7,94.215,-40.3,0.81,4991.6,999.0,0,0.0,0.0,0.0,1,5,0.0,6,7,1,1
5090,34.0,2,999,0,1.1,93.994,-36.4,4.857,5191.0,999.0,0,1.0,0.0,1.0,2,7,0.0,3,5,1,1
5091,26.0,1,999,0,1.4,93.918,-42.7,4.963,5228.1,999.0,0,1.0,1.0,1.0,1,8,0.0,9,7,1,1
5092,50.0,2,999,0,1.1,93.994,-36.4,4.855,5191.0,999.0,0,1.0,0.0,1.0,2,8,0.0,9,5,1,1
5093,34.0,8,999,0,1.4,93.444,-36.1,4.964,5228.1,999.0,0,1.0,0.0,0.0,2,8,0.0,5,8,1,1
5094,56.0,9,999,0,1.1,93.994,-36.4,4.859,5191.0,999.0,0,1.0,0.0,1.0,3,4,0.0,4,5,1,1
5095,41.0,2,999,0,1.1,93.994,-36.4,4.857,5191.0,999.0,0,0.0,0.0,1.0,2,5,0.0,3,5,2,1
5096,31.0,2,999,0,-3.4,92.431,-26.9,0.735,5017.5,999.0,0,1.0,0.0,1.0,2,7,0.0,6,10,1,1
5097,35.0,1,999,0,1.1,93.994,-36.4,4.86,5191.0,999.0,0,1.0,0.0,1.0,3,8,0.0,10,5,1,1
5098,31.0,2,999,0,-1.8,93.075,-47.1,1.405,5099.1,999.0,0,1.0,0.0,0.0,2,5,0.0,6,4,1,1
5099,29.0,2,999,0,-1.8,92.893,-46.2,1.244,5099.1,999.0,0,1.0,0.0,0.0,2,5,0.0,6,5,1,1
5100,46.0,4,999,0,1.1,93.994,-36.4,4.858,5191.0,999.0,0,1.0,0.0,1.0,2,8,0.0,6,5,1,1
5101,53.0,2,999,0,-0.1,93.2,-42.0,4.021,5195.8,999.0,0,1.0,0.0,0.0,2,8,0.0,4,11,1,1
5102,47.0,3,999,0,1.4,94.465,-41.8,4.959,5228.1,999.0,0,0.0,0.0,1.0,3,8,0.0,3,6,1,1
5103,69.0,1,999,0,-1.8,93.075,-47.1,1.405,5099.1,999.0,0,1.0,0.0,0.0,3,2,0.0,8,4,2,1
5104,38.0,1,999,0,1.4,93.444,-36.1,4.965,5228.1,999.0,0,1.0,1.0,0.0,1,5,0.0,5,8,1,1
5105,49.0,6,999,0,1.4,93.444,-36.1,4.965,5228.1,999.0,0,0.0,0.0,0.0,2,3,0.0,4,8,2,1
5106,27.0,4,999,0,1.4,93.444,-36.1,4.963,5228.1,999.0,0,0.0,0.0,0.0,2,7,0.0,6,8,1,1
5107,31.0,1,999,1,-0.1,93.2,-42.0,4.021,5195.8,999.0,0,1.0,0.0,0.0,2,5,0.0,5,11,1,2
5108,31.0,4,999,0,1.4,93.444,-36.1,4.964,5228.1,999.0,0,1.0,1.0,0.0,2,4,0.0,9,8,1,1
5109,23.0,4,999,0,-1.8,93.075,-47.1,1.405,5099.1,999.0,0,0.0,0.0,0.0,2,5,0.0,6,4,2,1
5110,35.0,10,999,0,1.4,94.465,-41.8,4.959,5228.1,999.0,0,1.0,0.0,1.0,2,3,0.0,9,6,1,1
5111,50.0,3,999,0,1.4,94.465,-41.8,4.96,5228.1,999.0,0,1.0,0.0,1.0,3,2,0.0,4,6,2,1
5112,31.0,15,999,0,1.4,93.444,-36.1,4.962,5228.1,999.0,0,1.0,0.0,0.0,1,7,0.0,6,8,1,1
5113,36.0,5,999,0,-1.8,92.893,-46.2,1.266,5099.1,999.0,0,1.0,0.0,0.0,2,3,0.0,4,5,1,1
5114,32.0,1,999,0,-0.1,93.2,-42.0,4.191,5195.8,999.0,0,1.0,0.0,0.0,2,4,0.0,4,11,1,1
5115,34.0,1,999,0,-0.1,93.2,-42.0,4.12,5195.8,999.0,0,1.0,0.0,0.0,2,7,0.0,6,11,1,1
5116,31.0,3,3,2,-3.4,92.649,-30.1,0.714,5017.5,0.1,6,0.0,0.0,0.0,1,8,0.0,11,11,1,3
5117,38.0,3,999,0,-1.8,92.893,-46.2,1.313,5099.1,999.0,0,1.0,0.0,1.0,2,8,0.0,4,5,1,1
5118,50.0,1,999,0,1.4,93.444,-36.1,4.966,5228.1,999.0,0,1.0,0.0,0.0,2,2,0.0,4,8,1,1
5119,34.0,2,999,0,1.1,93.994,-36.4,4.86,5191.0,999.0,0,0.0,0.0,1.0,2,7,0.0,5,5,1,1
5120,54.0,3,999,0,1.4,94.465,-41.8,4.961,5228.1,999.0,0,0.0,0.0,1.0,2,7,0.0,8,6,2,1
5121,30.0,7,999,0,1.4,93.918,-42.7,4.961,5228.1,999.0,0,1.0,0.0,0.0,1,5,0.0,6,7,1,1
5122,41.0,3,999,0,1.4,93.444,-36.1,4.964,5228.1,999.0,0,1.0,0.0,0.0,2,6,0.0,1,8,1,1
5123,40.0,3,999,0,1.1,93.994,-36.4,4.859,5191.0,999.0,0,0.0,0.0,1.0,2,5,0.0,4,5,1,1
5124,47.0,1,999,0,1.4,94.465,-41.8,4.865,5228.1,999.0,0,0.0,1.0,1.0,2,7,0.0,7,6,2,1
5125,31.0,1,999,0,1.4,94.465,-41.8,4.866,5228.1,999.0,0,1.0,0.0,1.0,3,7,0.0,2,6,1,1
5126,47.0,2,999,0,-2.9,92.201,-31.4,0.843,5076.2,999.0,0,1.0,0.0,0.0,2,7,0.0,1,8,2,1
5127,35.0,2,999,0,-1.8,93.075,-47.1,1.445,5099.1,999.0,0,1.0,0.0,0.0,2,5,0.0,9,4,1,1
5128,49.0,6,999,0,1.4,93.444,-36.1,4.963,5228.1,999.0,0,0.0,0.0,0.0,2,5,0.0,12,8,2,1
5129,29.0,1,999,0,-2.9,92.201,-31.4,0.859,5076.2,999.0,0,1.0,0.0,0.0,1,8,0.0,6,8,1,1
5130,32.0,1,999,1,-2.9,92.963,-40.8,1.262,5076.2,999.0,3,0.0,0.0,0.0,1,5,0.0,5,6,1,2
5131,54.0,2,999,0,-0.1,93.2,-42.0,4.153,5195.8,999.0,0,1.0,1.0,0.0,2,8,0.0,6,11,1,1
5132,38.0,1,999,0,-0.1,93.2,-42.0,4.12,5195.8,999.0,0,1.0,0.0,0.0,2,6,0.0,5,11,1,1
5133,60.0,3,999,0,1.4,93.444,-36.1,4.963,5228.1,999.0,0,0.0,0.0,0.0,2,2,0.0,8,8,1,1
5134,37.0,1,999,0,-1.8,93.075,-47.1,1.405,5099.1,999.0,0,0.0,0.0,0.0,1,8,0.0,4,4,1,1
5135,54.0,2,999,0,1.4,94.465,-41.8,4.967,5228.1,999.0,0,0.0,0.0,1.0,2,7,0.0,5,6,1,1
5136,31.0,1,999,0,1.4,93.444,-36.1,4.965,5228.1,999.0,0,1.0,0.0,0.0,2,7,0.0,6,8,1,1
5137,36.0,1,999,0,-2.9,92.963,-40.8,1.266,5076.2,999.0,0,1.0,1.0,1.0,2,8,0.0,3,6,1,1
5138,30.0,1,999,0,-0.1,93.2,-42.0,4.076,5195.8,999.0,0,0.0,0.0,0.0,2,4,0.0,4,11,1,1
5139,31.0,1,999,0,1.4,93.918,-42.7,4.957,5228.1,999.0,0,0.0,0.0,0.0,1,7,0.0,3,7,1,1
5140,32.0,1,999,0,1.4,93.918,-42.7,4.958,5228.1,999.0,0,1.0,0.0,0.0,1,7,0.0,1,7,1,1
5141,55.0,2,999,0,1.1,93.994,-36.4,4.857,5191.0,999.0,0,0.0,1.0,1.0,3,6,0.0,8,5,1,1
5142,38.0,1,6,3,-1.1,94.199,-37.5,0.879,4963.6,0.2,6,1.0,0.0,0.0,1,5,0.0,4,9,1,3
5143,33.0,4,999,0,1.4,93.444,-36.1,4.963,5228.1,999.0,0,1.0,0.0,0.0,1,6,0.0,5,8,2,1
5144,35.0,21,999,0,1.4,94.465,-41.8,4.959,5228.1,999.0,0,0.0,0.0,1.0,2,5,0.0,6,6,1,1
5145,36.0,3,999,0,1.4,93.444,-36.1,4.963,5228.1,999.0,0,0.0,0.0,0.0,2,8,0.0,6,8,1,1
5146,26.0,3,999,0,1.4,94.465,-41.8,4.961,5228.1,999.0,0,1.0,0.0,1.0,2,4,0.0,4,6,1,1
5147,44.0,1,999,1,-1.8,93.075,-47.1,1.405,5099.1,999.0,4,1.0,1.0,0.0,2,2,0.0,4,4,2,2
5148,29.0,2,999,0,-0.1,93.2,-42.0,4.021,5195.8,999.0,0,0.0,0.0,1.0,1,6,0.0,11,11,1,1
5149,31.0,1,999,0,-1.8,93.075,-47.1,1.365,5099.1,999.0,0,0.0,0.0,0.0,1,7,0.0,11,4,1,1
5150,27.0,2,999,0,-1.8,92.893,-46.2,1.291,5099.1,999.0,0,1.0,0.0,1.0,2,7,0.0,3,5,1,1
5151,29.0,2,999,0,1.4,93.444,-36.1,4.966,5228.1,999.0,0,0.0,0.0,0.0,1,8,0.0,6,8,1,1
5152,31.0,3,999,0,1.4,94.465,-41.8,4.864,5228.1,999.0,0,1.0,1.0,1.0,2,8,0.0,6,6,1,1
5153,31.0,5,999,0,1.4,93.444,-36.1,4.963,5228.1,999.0,0,1.0,0.0,0.0,2,6,0.0,5,8,1,1
5154,34.0,1,999,1,-2.9,92.963,-40.8,1.266,5076.2,999.0,1,0.0,0.0,0.0,1,7,0.0,6,6,2,2
5155,31.0,3,999,0,1.4,93.918,-42.7,4.961,5228.1,999.0,0,1.0,1.0,0.0,1,5,0.0,4,7,1,1
5156,31.0,1,999,2,-2.9,92.201,-31.4,0.843,5076.2,999.0,4,1.0,0.0,0.0,2,7,0.0,6,8,1,2
5157,59.0,1,999,0,1.4,93.918,-42.7,4.962,5228.1,999.0,0,1.0,0.0,0.0,2,2,0.0,6,7,1,1
5158,37.0,1,6,2,-1.1,94.601,-49.5,1.025,4963.6,0.2,12,0.0,0.0,0.0,2,7,0.0,2,10,1,3
5159,52.0,2,11,3,-1.8,93.369,-34.8,0.654,5008.7,0.366666666667,12,1.0,0.0,0.0,2,5,0.0,9,3,1,2
5160,39.0,7,999,0,-1.8,92.893,-46.2,1.266,5099.1,999.0,0,1.0,0.0,0.0,3,8,0.0,4,5,1,1
5161,48.0,1,8,1,-1.1,94.601,-49.5,0.977,4963.6,0.266666666667,2,1.0,1.0,0.0,2,6,0.0,5,10,2,3
5162,31.0,2,999,0,-1.8,92.893,-46.2,1.344,5099.1,999.0,0,1.0,0.0,0.0,1,7,0.0,6,5,1,1
5163,34.0,2,999,0,1.1,93.994,-36.4,4.856,5191.0,999.0,0,1.0,0.0,1.0,2,8,0.0,6,5,1,1
5164,24.0,1,999,0,1.4,93.918,-42.7,4.963,5228.1,999.0,0,1.0,0.0,0.0,1,4,0.0,4,7,1,1
5165,35.0,5,999,0,1.1,93.994,-36.4,4.857,5191.0,999.0,0,0.0,0.0,1.0,2,8,0.0,4,5,1,1
5166,58.0,1,999,0,1.1,93.994,-36.4,4.857,5191.0,999.0,0,0.0,0.0,1.0,2,7,0.0,8,5,2,1
5167,45.0,1,6,1,-3.4,92.431,-26.9,0.733,5017.5,0.2,1,0.0,0.0,0.0,2,8,0.0,5,10,1,3
5168,43.0,1,999,0,-1.8,92.893,-46.2,1.25,5099.1,999.0,0,1.0,0.0,0.0,2,8,0.0,9,5,1,1
5169,34.0,2,999,0,-1.8,92.893,-46.2,1.299,5099.1,999.0,0,1.0,0.0,0.0,1,7,0.0,4,5,2,1
5170,48.0,2,999,0,1.4,94.465,-41.8,4.866,5228.1,999.0,0,1.0,0.0,1.0,1,7,0.0,6,6,1,1
5171,44.0,1,999,0,1.4,94.465,-41.8,4.865,5228.1,999.0,0,0.0,0.0,1.0,2,6,0.0,4,6,1,1
5172,29.0,1,999,0,1.4,93.918,-42.7,4.962,5228.1,999.0,0,1.0,0.0,0.0,2,7,0.0,6,7,1,1
5173,31.0,1,999,0,1.4,93.918,-42.7,4.962,5228.1,999.0,0,1.0,0.0,0.0,2,5,0.0,6,7,2,1
5174,23.0,1,999,0,-1.7,94.215,-40.3,0.876,4991.6,999.0,0,0.0,0.0,1.0,1,8,0.0,10,7,1,1
5175,32.0,4,999,0,1.4,93.444,-36.1,4.964,5228.1,999.0,0,0.0,0.0,0.0,1,8,0.0,6,8,1,1
5176,31.0,2,999,0,-1.8,93.075,-47.1,1.405,5099.1,999.0,0,1.0,0.0,0.0,1,7,0.0,1,4,2,1
5177,49.0,2,999,0,1.4,93.918,-42.7,4.962,5228.1,999.0,0,1.0,0.0,1.0,2,7,0.0,3,7,1,1
5178,31.0,2,999,0,1.4,93.918,-42.7,4.96,5228.1,999.0,0,1.0,0.0,0.0,2,8,0.0,4,7,2,1
5179,31.0,4,999,0,1.1,93.994,-36.4,4.864,5191.0,999.0,0,0.0,0.0,1.0,2,8,0.0,4,5,1,1
5180,42.0,1,999,2,-1.8,92.893,-46.2,1.344,5099.1,999.0,10,1.0,0.0,0.0,3,3,0.0,5,5,1,2
5181,37.0,3,999,0,1.4,93.918,-42.7,4.961,5228.1,999.0,0,0.0,1.0,0.0,2,8,0.0,9,7,1,1
5182,45.0,1,999,1,-1.8,93.075,-47.1,1.453,5099.1,999.0,2,0.0,0.0,0.0,2,6,0.0,9,4,1,2
5183,31.0,1,999,0,1.1,93.994,-36.4,4.858,5191.0,999.0,0,1.0,1.0,1.0,1,8,0.0,6,5,1,1
5184,43.0,4,999,0,-0.1,93.2,-42.0,4.153,5195.8,999.0,0,1.0,0.0,0.0,2,8,0.0,7,11,1,1
5185,31.0,6,999,0,-1.8,92.893,-46.2,1.244,5099.1,999.0,0,0.0,0.0,0.0,2,8,0.0,4,5,2,1
5186,31.0,1,999,0,1.1,93.994,-36.4,4.859,5191.0,999.0,0,0.0,0.0,1.0,2,6,0.0,5,5,1,1
5187,31.0,2,999,0,-0.1,93.2,-42.0,4.076,5195.8,999.0,0,1.0,1.0,0.0,2,2,0.0,4,11,1,1
5188,31.0,1,999,0,1.4,93.444,-36.1,4.967,5228.1,999.0,0,0.0,0.0,0.0,1,5,0.0,5,8,1,1
5189,52.0,6,999,0,-2.9,92.201,-31.4,0.883,5076.2,999.0,0,0.0,0.0,0.0,2,6,0.0,5,8,1,1
5190,54.0,2,999,0,-1.8,93.075,-47.1,1.405,5099.1,999.0,0,1.0,0.0,0.0,2,6,0.0,5,4,1,1
5191,31.0,4,999,0,-0.1,93.2,-42.0,4.12,5195.8,999.0,0,0.0,0.0,0.0,2,7,0.0,5,11,1,1
5192,40.0,2,999,0,1.1,93.994,-36.4,4.858,5191.0,999.0,0,1.0,1.0,1.0,2,7,0.0,6,5,1,1
5193,31.0,3,999,0,1.4,93.444,-36.1,4.963,5228.1,999.0,0,1.0,0.0,0.0,1,6,0.0,1,8,2,1
5194,46.0,1,999,0,1.4,94.465,-41.8,4.961,5228.1,999.0,0,1.0,0.0,1.0,1,8,0.0,6,6,2,1
5195,44.0,1,999,0,-0.1,93.2,-42.0,4.12,5195.8,999.0,0,0.0,0.0,0.0,1,7,0.0,6,11,1,1
5196,35.0,4,999,0,1.4,93.444,-36.1,4.962,5228.1,999.0,0,1.0,1.0,1.0,1,8,0.0,5,8,1,1
5197,37.0,2,999,0,1.4,93.444,-36.1,4.965,5228.1,999.0,0,0.0,0.0,0.0,3,8,0.0,5,8,1,1
5198,55.0,1,999,0,1.4,94.465,-41.8,4.967,5228.1,999.0,0,1.0,1.0,1.0,2,5,0.0,6,6,1,1
5199,33.0,5,999,0,1.4,93.918,-42.7,4.961,5228.1,999.0,0,0.0,0.0,0.0,2,5,0.0,9,7,1,1
5200,46.0,12,999,0,1.4,93.918,-42.7,4.961,5228.1,999.0,0,0.0,1.0,0.0,2,7,0.0,1,7,1,1
5201,35.0,14,999,0,1.4,94.465,-41.8,4.864,5228.1,999.0,0,0.0,0.0,1.0,2,8,0.0,9,6,1,1
5202,31.0,4,999,0,1.1,93.994,-36.4,4.86,5191.0,999.0,0,0.0,0.0,1.0,2,8,0.0,9,5,1,1
5203,42.0,1,999,0,1.4,93.918,-42.7,4.957,5228.1,999.0,0,0.0,1.0,1.0,2,5,0.0,9,7,1,1
5204,31.0,1,999,0,-1.8,92.893,-46.2,1.299,5099.1,999.0,0,1.0,0.0,0.0,1,8,0.0,9,5,2,1
5205,40.0,1,999,1,-0.1,93.2,-42.0,4.153,5195.8,999.0,2,1.0,0.0,0.0,2,6,0.0,5,11,1,2
5206,49.0,1,999,2,-1.8,92.893,-46.2,1.266,5099.1,999.0,2,0.0,0.0,0.0,2,8,0.0,4,5,1,2
5207,31.0,1,999,0,1.1,93.994,-36.4,4.855,5191.0,999.0,0,1.0,0.0,1.0,1,5,0.0,9,5,1,1
5208,31.0,1,999,1,-0.1,93.2,-42.0,4.12,5195.8,999.0,2,1.0,0.0,0.0,2,4,0.0,4,11,1,2
5209,34.0,8,999,0,1.4,94.465,-41.8,4.958,5228.1,999.0,0,0.0,0.0,1.0,2,6,0.0,5,6,1,1
5210,47.0,1,999,0,-1.8,93.075,-47.1,1.445,5099.1,999.0,0,0.0,0.0,0.0,1,7,0.0,6,4,1,1
5211,27.0,1,999,0,1.4,94.465,-41.8,4.864,5228.1,999.0,0,0.0,0.0,1.0,2,4,0.0,4,6,1,1
5212,33.0,3,999,0,1.4,94.465,-41.8,4.961,5228.1,999.0,0,0.0,0.0,1.0,2,8,0.0,5,6,1,1
5213,31.0,1,999,0,-1.8,93.876,-40.0,0.672,5008.7,999.0,0,0.0,0.0,1.0,1,8,0.0,4,5,1,1
5214,37.0,1,999,1,-1.8,93.075,-47.1,1.405,5099.1,999.0,3,0.0,0.0,0.0,3,5,0.0,6,4,1,2
5215,31.0,2,999,0,1.4,93.444,-36.1,4.965,5228.1,999.0,0,0.0,0.0,0.0,2,8,0.0,2,8,2,1
5216,51.0,5,999,1,-1.8,92.893,-46.2,1.281,5099.1,999.0,4,0.0,0.0,0.0,3,8,0.0,4,5,1,2
5217,57.0,1,999,0,1.4,93.444,-36.1,4.964,5228.1,999.0,0,1.0,0.0,0.0,2,8,0.0,8,8,1,1
5218,35.0,1,999,0,1.4,94.465,-41.8,4.865,5228.1,999.0,0,1.0,0.0,1.0,3,8,0.0,4,6,2,1
5219,36.0,1,999,0,1.4,94.465,-41.8,4.967,5228.1,999.0,0,1.0,0.0,1.0,1,5,0.0,4,6,1,1
5220,31.0,6,999,0,1.4,93.444,-36.1,4.964,5228.1,999.0,0,0.0,0.0,0.0,3,6,0.0,5,8,1,1
5221,31.0,4,999,0,-1.8,92.893,-46.2,1.25,5099.1,999.0,0,0.0,0.0,1.0,1,7,0.0,5,5,1,1
5222,26.0,3,999,0,1.4,93.918,-42.7,4.961,5228.1,999.0,0,1.0,0.0,0.0,1,8,0.0,4,7,1,1
5223,36.0,2,999,0,1.4,93.444,-36.1,4.964,5228.1,999.0,0,1.0,0.0,0.0,2,5,0.0,5,8,1,1
5224,31.0,2,999,1,-2.9,92.963,-40.8,1.26,5076.2,999.0,0,0.0,0.0,0.0,2,7,0.0,6,6,1,2
5225,36.0,1,999,1,-1.8,92.893,-46.2,1.344,5099.1,999.0,5,1.0,0.0,0.0,1,5,0.0,6,5,1,2
5226,72.0,1,999,0,-3.4,92.649,-30.1,0.714,5017.5,999.0,0,0.0,0.0,0.0,2,5,0.0,8,11,2,1
5227,29.0,1,999,0,1.4,93.918,-42.7,4.963,5228.1,999.0,0,0.0,0.0,0.0,1,7,0.0,6,7,1,1
5228,31.0,7,999,0,-3.0,92.713,-33.0,0.71,5023.5,999.0,0,0.0,0.0,0.0,3,4,0.0,7,12,1,1
5229,57.0,4,999,0,1.4,93.918,-42.7,4.961,5228.1,999.0,0,0.0,0.0,0.0,2,8,0.0,4,7,1,1
5230,31.0,3,999,0,1.4,93.444,-36.1,4.967,5228.1,999.0,0,0.0,0.0,0.0,2,8,0.0,12,8,1,1
5231,42.0,1,999,0,1.4,93.444,-36.1,4.964,5228.1,999.0,0,0.0,1.0,0.0,2,8,0.0,6,8,1,1
5232,38.0,1,999,0,1.4,93.444,-36.1,4.963,5228.1,999.0,0,1.0,1.0,0.0,2,7,0.0,6,8,1,1
5233,31.0,2,999,0,1.1,93.994,-36.4,4.857,5191.0,999.0,0,1.0,0.0,1.0,1,6,0.0,5,5,1,1
5234,33.0,5,999,0,-1.8,93.876,-40.0,0.684,5008.7,999.0,0,1.0,0.0,0.0,1,8,0.0,6,5,1,1
5235,37.0,5,999,0,-0.1,93.2,-42.0,4.021,5195.8,999.0,0,1.0,0.0,0.0,2,7,0.0,1,11,1,1
5236,33.0,1,999,0,1.4,94.465,-41.8,4.959,5228.1,999.0,0,0.0,0.0,1.0,2,5,0.0,6,6,1,1
5237,31.0,3,999,0,1.4,93.444,-36.1,4.963,5228.1,999.0,0,1.0,0.0,0.0,1,8,0.0,5,8,1,1
5238,39.0,1,999,0,1.4,93.444,-36.1,4.967,5228.1,999.0,0,1.0,0.0,0.0,1,7,0.0,6,8,1,1
5239,31.0,2,999,0,1.4,93.918,-42.7,4.961,5228.1,999.0,0,0.0,0.0,0.0,1,7,0.0,6,7,1,1
5240,31.0,4,999,0,-1.8,93.075,-47.1,1.405,5099.1,999.0,0,1.0,1.0,1.0,2,2,0.0,8,4,1,1
5241,33.0,5,999,0,-1.1,94.601,-49.5,1.032,4963.6,999.0,0,1.0,0.0,0.0,1,7,0.0,6,10,1,1
5242,40.0,3,999,0,1.1,93.994,-36.4,4.855,5191.0,999.0,0,0.0,0.0,1.0,2,8,0.0,5,5,1,1
5243,51.0,1,999,0,-1.1,94.199,-37.5,0.879,4963.6,999.0,0,1.0,0.0,1.0,3,8,0.0,6,9,1,1
5244,31.0,3,999,0,-0.1,93.2,-42.0,4.153,5195.8,999.0,0,1.0,0.0,0.0,1,4,0.0,4,11,1,1
5245,53.0,12,999,0,1.4,93.444,-36.1,4.965,5228.1,999.0,0,1.0,0.0,0.0,2,8,0.0,3,8,2,1
5246,21.0,1,12,1,-1.7,94.215,-40.3,0.81,4991.6,0.4,5,0.0,0.0,1.0,1,8,0.0,11,7,1,3
5247,31.0,2,999,0,1.1,93.994,-36.4,4.857,5191.0,999.0,0,1.0,0.0,1.0,3,6,0.0,5,5,1,1
5248,38.0,1,999,0,-1.8,93.075,-47.1,1.405,5099.1,999.0,0,0.0,0.0,0.0,2,8,0.0,4,4,1,1
5249,58.0,2,999,0,1.1,93.994,-36.4,4.855,5191.0,999.0,0,0.0,0.0,1.0,2,4,0.0,4,5,1,1
5250,59.0,2,999,0,1.1,93.994,-36.4,4.859,5191.0,999.0,0,1.0,0.0,1.0,2,6,0.0,8,5,1,1
5251,31.0,3,999,0,1.4,93.918,-42.7,4.96,5228.1,999.0,0,1.0,0.0,0.0,2,4,0.0,4,7,2,1
5252,27.0,2,3,1,-1.8,92.893,-46.2,1.266,5099.1,0.1,5,0.0,0.0,0.0,2,7,0.0,9,5,1,3
5253,38.0,1,999,0,-1.8,93.075,-47.1,1.405,5099.1,999.0,0,0.0,0.0,0.0,2,5,0.0,9,4,1,1
5254,33.0,1,999,0,1.4,93.918,-42.7,4.963,5228.1,999.0,0,0.0,0.0,0.0,2,2,0.0,4,7,1,1
5255,60.0,1,999,1,-1.1,94.199,-37.5,0.879,4963.6,999.0,2,0.0,0.0,1.0,2,6,0.0,8,9,1,2
5256,42.0,1,999,0,-1.8,92.893,-46.2,1.299,5099.1,999.0,0,0.0,0.0,0.0,2,8,0.0,4,5,2,1
5257,31.0,2,999,0,-1.8,93.075,-47.1,1.423,5099.1,999.0,0,1.0,0.0,0.0,2,4,0.0,4,4,1,1
5258,49.0,5,999,0,-1.8,92.893,-46.2,1.354,5099.1,999.0,0,1.0,0.0,1.0,2,7,0.0,6,5,1,1
5259,31.0,3,999,0,1.4,93.444,-36.1,4.965,5228.1,999.0,0,1.0,0.0,0.0,2,8,0.0,1,8,2,1
5260,31.0,1,999,0,1.4,93.918,-42.7,4.96,5228.1,999.0,0,1.0,0.0,0.0,2,3,0.0,4,7,2,1
5261,31.0,1,999,0,1.1,93.994,-36.4,4.857,5191.0,999.0,0,0.0,0.0,1.0,2,8,0.0,5,5,1,1
5262,31.0,1,999,0,1.4,93.444,-36.1,4.966,5228.1,999.0,0,1.0,0.0,0.0,2,6,0.0,6,8,1,1
5263,36.0,1,999,0,1.4,94.465,-41.8,4.959,5228.1,999.0,0,1.0,0.0,1.0,2,7,0.0,3,6,1,1
5264,32.0,2,999,0,-1.8,92.893,-46.2,1.334,5099.1,999.0,0,1.0,1.0,0.0,2,8,0.0,6,5,1,1
5265,73.0,3,999,1,-2.9,92.201,-31.4,0.821,5076.2,999.0,1,1.0,1.0,0.0,2,2,0.0,8,8,2,2
5266,31.0,1,999,0,1.4,93.444,-36.1,4.968,5228.1,999.0,0,1.0,0.0,0.0,1,6,0.0,5,8,1,1
5267,44.0,1,999,0,1.4,93.918,-42.7,4.962,5228.1,999.0,0,0.0,0.0,0.0,2,8,0.0,10,7,1,1
5268,33.0,2,999,0,1.1,93.994,-36.4,4.858,5191.0,999.0,0,1.0,0.0,1.0,2,4,0.0,4,5,1,1
5269,32.0,2,999,0,-1.8,92.843,-50.0,1.556,5099.1,999.0,0,1.0,0.0,0.0,3,6,0.0,5,3,1,1
5270,35.0,19,999,0,1.1,93.994,-36.4,4.858,5191.0,999.0,0,0.0,0.0,1.0,2,8,0.0,6,5,1,1
5271,41.0,1,999,0,1.1,93.994,-36.4,4.857,5191.0,999.0,0,0.0,0.0,1.0,2,8,0.0,4,5,2,1
5272,41.0,4,999,0,1.1,93.994,-36.4,4.859,5191.0,999.0,0,0.0,0.0,1.0,2,7,0.0,3,5,1,1
5273,41.0,1,999,0,1.1,93.994,-36.4,4.86,5191.0,999.0,0,1.0,0.0,1.0,2,8,0.0,7,5,1,1
5274,31.0,1,999,0,1.1,93.994,-36.4,4.86,5191.0,999.0,0,0.0,0.0,1.0,1,5,0.0,9,5,1,1
5275,31.0,1,999,0,1.1,93.994,-36.4,4.856,5191.0,999.0,0,1.0,0.0,1.0,3,8,0.0,4,5,1,1
5276,50.0,4,999,0,1.1,93.994,-36.4,4.857,5191.0,999.0,0,1.0,0.0,1.0,2,5,0.0,6,5,1,1
5277,38.0,2,999,0,1.4,93.444,-36.1,4.963,5228.1,999.0,0,1.0,0.0,0.0,3,6,0.0,5,8,1,1
5278,32.0,12,999,0,1.4,93.444,-36.1,4.964,5228.1,999.0,0,1.0,1.0,0.0,3,8,0.0,5,8,1,1
5279,31.0,1,999,0,1.4,93.918,-42.7,4.968,5228.1,999.0,0,0.0,0.0,0.0,2,8,0.0,3,7,1,1
5280,50.0,1,999,0,-0.1,93.2,-42.0,4.021,5195.8,999.0,0,1.0,0.0,0.0,3,6,0.0,4,11,1,1
5281,31.0,1,999,0,1.4,93.918,-42.7,4.96,5228.1,999.0,0,1.0,0.0,0.0,1,3,0.0,4,7,2,1
5282,31.0,8,999,0,1.4,93.444,-36.1,4.962,5228.1,999.0,0,1.0,0.0,0.0,2,7,0.0,6,8,1,1
5283,53.0,2,999,0,1.4,93.444,-36.1,4.963,5228.1,999.0,0,1.0,0.0,0.0,2,8,0.0,4,8,2,1
5284,42.0,16,999,0,1.4,94.465,-41.8,4.959,5228.1,999.0,0,0.0,0.0,1.0,2,8,0.0,5,6,1,1
5285,35.0,3,999,0,-0.1,93.2,-42.0,4.153,5195.8,999.0,0,0.0,0.0,0.0,3,7,0.0,1,11,1,1
5286,31.0,2,999,0,1.4,93.444,-36.1,4.964,5228.1,999.0,0,1.0,1.0,1.0,2,7,0.0,6,8,1,1
5287,35.0,2,999,0,1.4,94.465,-41.8,4.961,5228.1,999.0,0,0.0,0.0,1.0,1,7,0.0,5,6,1,1
5288,38.0,2,999,0,1.4,93.444,-36.1,4.963,5228.1,999.0,0,0.0,0.0,0.0,3,8,0.0,6,8,2,1
5289,46.0,5,999,0,1.1,93.994,-36.4,4.858,5191.0,999.0,0,1.0,0.0,1.0,2,4,0.0,4,5,2,1
5290,31.0,2,999,0,1.1,93.994,-36.4,4.857,5191.0,999.0,0,1.0,0.0,1.0,2,3,0.0,4,5,1,1
5291,31.0,1,999,0,-2.9,92.963,-40.8,1.262,5076.2,999.0,0,1.0,0.0,0.0,1,7,0.0,6,6,1,1
5292,42.0,27,999,0,1.4,94.465,-41.8,4.959,5228.1,999.0,0,1.0,0.0,1.0,2,2,0.0,4,6,1,1
5293,30.0,1,999,0,-1.8,92.893,-46.2,1.299,5099.1,999.0,0,1.0,1.0,0.0,1,5,0.0,9,5,2,1
5294,31.0,6,999,0,-1.8,92.893,-46.2,1.354,5099.1,999.0,0,1.0,0.0,0.0,2,7,0.0,6,5,2,1
5295,31.0,7,999,0,-3.4,92.379,-29.8,0.803,5017.5,999.0,0,1.0,0.0,0.0,1,7,0.0,6,9,1,1
5296,53.0,2,999,0,1.1,93.994,-36.4,4.859,5191.0,999.0,0,1.0,1.0,1.0,3,8,0.0,8,5,1,1
5297,31.0,2,999,0,-1.8,92.893,-46.2,1.327,5099.1,999.0,0,0.0,0.0,0.0,2,6,0.0,5,5,1,1
5298,59.0,1,999,0,1.4,93.444,-36.1,4.963,5228.1,999.0,0,1.0,0.0,0.0,2,2,0.0,4,8,1,1
5299,52.0,1,999,0,-2.9,92.201,-31.4,0.884,5076.2,999.0,0,0.0,0.0,0.0,2,7,0.0,6,8,2,1
5300,41.0,3,999,0,1.4,93.444,-36.1,4.963,5228.1,999.0,0,1.0,1.0,0.0,2,6,0.0,5,8,2,1
5301,31.0,2,999,0,1.4,93.918,-42.7,4.959,5228.1,999.0,0,1.0,0.0,1.0,1,5,0.0,6,7,1,1
5302,31.0,3,999,0,-1.8,92.893,-46.2,1.266,5099.1,999.0,0,1.0,0.0,0.0,2,8,0.0,7,5,1,1
5303,27.0,19,999,0,1.4,94.465,-41.8,4.959,5228.1,999.0,0,0.0,0.0,1.0,2,8,0.0,4,6,1,1
5304,38.0,1,999,0,1.4,93.444,-36.1,4.966,5228.1,999.0,0,1.0,0.0,0.0,2,7,0.0,3,8,1,1
5305,33.0,3,999,0,1.4,93.918,-42.7,4.962,5228.1,999.0,0,1.0,1.0,1.0,1,4,0.0,4,7,1,1
5306,56.0,1,999,0,-0.1,93.2,-42.0,4.191,5195.8,999.0,0,1.0,0.0,0.0,2,8,0.0,9,11,2,1
5307,34.0,2,999,0,-1.8,92.893,-46.2,1.281,5099.1,999.0,0,1.0,0.0,0.0,2,8,0.0,4,5,1,1
5308,41.0,9,999,0,1.4,93.444,-36.1,4.963,5228.1,999.0,0,1.0,0.0,0.0,2,6,0.0,5,8,1,1
5309,34.0,2,999,0,-1.8,93.075,-47.1,1.405,5099.1,999.0,0,1.0,1.0,0.0,3,5,0.0,6,4,1,1
5310,49.0,1,3,1,-1.8,93.369,-34.8,0.652,5008.7,0.1,2,0.0,0.0,0.0,2,4,0.0,4,3,2,3
5311,27.0,1,999,0,1.4,93.918,-42.7,4.958,5228.1,999.0,0,0.0,0.0,0.0,1,8,0.0,4,7,1,1
5312,42.0,1,999,0,-0.1,93.2,-42.0,4.191,5195.8,999.0,0,0.0,0.0,0.0,2,8,0.0,6,11,2,1
5313,32.0,2,999,1,-1.8,92.893,-46.2,1.291,5099.1,999.0,6,1.0,0.0,0.0,1,7,0.0,6,5,1,2
5314,31.0,1,4,3,-2.9,92.201,-31.4,0.883,5076.2,0.133333333333,3,0.0,0.0,0.0,1,7,0.0,6,8,1,3
5315,25.0,1,999,0,1.4,94.465,-41.8,4.961,5228.1,999.0,0,0.0,0.0,1.0,1,6,0.0,4,6,1,1
5316,44.0,3,999,0,1.4,93.444,-36.1,4.962,5228.1,999.0,0,0.0,0.0,0.0,2,8,0.0,5,8,1,1
5317,30.0,1,999,0,-3.4,92.431,-26.9,0.724,5017.5,999.0,0,1.0,0.0,0.0,2,7,0.0,6,10,1,1
5318,33.0,7,999,0,1.4,93.918,-42.7,4.968,5228.1,999.0,0,1.0,0.0,0.0,2,7,0.0,5,7,1,1
5319,31.0,2,999,0,1.4,93.918,-42.7,4.96,5228.1,999.0,0,1.0,0.0,0.0,2,8,0.0,1,7,2,1
5320,31.0,1,999,0,1.4,94.465,-41.8,4.864,5228.1,999.0,0,0.0,0.0,1.0,2,2,0.0,2,6,1,1
5321,57.0,4,999,0,1.4,93.444,-36.1,4.965,5228.1,999.0,0,1.0,1.0,0.0,2,8,0.0,6,8,1,1
5322,30.0,1,999,0,1.1,93.994,-36.4,4.864,5191.0,999.0,0,0.0,0.0,1.0,2,4,0.0,4,5,1,1
5323,31.0,1,999,0,-0.1,93.2,-42.0,4.021,5195.8,999.0,0,1.0,0.0,0.0,2,8,0.0,4,11,1,1
5324,59.0,4,999,0,1.4,94.465,-41.8,4.959,5228.1,999.0,0,1.0,0.0,1.0,2,8,0.0,8,6,1,1
5325,31.0,1,999,0,1.1,93.994,-36.4,4.857,5191.0,999.0,0,1.0,0.0,1.0,2,7,0.0,2,5,1,1
5326,31.0,14,999,0,1.4,94.465,-41.8,4.959,5228.1,999.0,0,0.0,0.0,1.0,2,3,0.0,6,6,1,1
5327,33.0,1,999,0,-1.8,93.075,-47.1,1.405,5099.1,999.0,0,0.0,0.0,0.0,1,8,0.0,4,4,2,1
5328,39.0,1,999,0,-1.8,93.075,-47.1,1.405,5099.1,999.0,0,1.0,0.0,0.0,2,4,0.0,4,4,1,1
5329,47.0,1,999,0,1.4,93.444,-36.1,4.963,5228.1,999.0,0,1.0,0.0,0.0,2,7,0.0,6,8,2,1
5330,31.0,1,999,0,-0.1,93.2,-42.0,4.076,5195.8,999.0,0,0.0,0.0,0.0,2,8,0.0,8,11,1,1
5331,31.0,1,999,0,1.4,93.444,-36.1,4.964,5228.1,999.0,0,1.0,1.0,0.0,3,7,0.0,6,8,1,1
5332,51.0,1,999,0,1.4,93.918,-42.7,4.962,5228.1,999.0,0,1.0,0.0,0.0,2,7,0.0,3,7,1,1
5333,27.0,1,999,0,1.1,93.994,-36.4,4.856,5191.0,999.0,0,1.0,0.0,1.0,1,8,0.0,5,5,1,1
5334,25.0,1,999,1,-2.9,92.201,-31.4,0.869,5076.2,999.0,3,1.0,0.0,0.0,1,5,0.0,11,8,1,2
5335,31.0,2,999,0,1.1,93.994,-36.4,4.859,5191.0,999.0,0,1.0,0.0,1.0,2,7,0.0,6,5,1,1
5336,86.0,1,999,1,-3.4,92.649,-30.1,0.716,5017.5,999.0,0,1.0,0.0,0.0,3,2,0.0,8,11,1,2
5337,53.0,4,999,0,1.4,94.465,-41.8,4.959,5228.1,999.0,0,1.0,0.0,1.0,2,4,0.0,9,6,1,1
5338,41.0,7,6,3,-1.7,94.215,-40.3,0.896,4991.6,0.2,0,1.0,0.0,0.0,2,7,0.0,6,7,1,3
5339,31.0,3,999,0,1.4,94.465,-41.8,4.967,5228.1,999.0,0,1.0,0.0,1.0,2,8,0.0,5,6,1,1
5340,38.0,1,999,0,-1.8,92.893,-46.2,1.244,5099.1,999.0,0,1.0,0.0,0.0,2,8,0.0,4,5,2,1
5341,36.0,4,999,0,1.1,93.994,-36.4,4.859,5191.0,999.0,0,0.0,0.0,1.0,2,6,0.0,5,5,1,1
5342,39.0,1,999,0,-1.8,93.075,-47.1,1.498,5099.1,999.0,0,1.0,0.0,0.0,2,5,0.0,6,4,1,1
5343,29.0,1,999,0,1.4,93.918,-42.7,4.957,5228.1,999.0,0,0.0,0.0,0.0,1,5,0.0,5,7,1,1
5344,31.0,1,999,0,-1.8,92.893,-46.2,1.299,5099.1,999.0,0,1.0,1.0,0.0,2,8,0.0,6,5,2,1
5345,60.0,3,999,0,-1.8,93.075,-47.1,1.405,5099.1,999.0,0,0.0,0.0,0.0,2,7,0.0,6,4,1,1
5346,51.0,3,999,0,-1.8,92.893,-46.2,1.354,5099.1,999.0,0,1.0,0.0,0.0,2,2,0.0,4,5,2,1
5347,31.0,1,999,0,-1.8,92.893,-46.2,1.244,5099.1,999.0,0,1.0,1.0,0.0,2,6,0.0,5,5,1,1
5348,31.0,2,999,0,1.4,93.918,-42.7,4.963,5228.1,999.0,0,1.0,1.0,1.0,2,8,0.0,4,7,1,1
5349,31.0,1,999,0,-2.9,92.469,-33.6,1.072,5076.2,999.0,0,0.0,0.0,0.0,2,8,0.0,6,7,1,1
5350,44.0,2,999,0,-1.8,92.893,-46.2,1.327,5099.1,999.0,0,0.0,0.0,0.0,2,4,0.0,4,5,1,1
5351,31.0,1,999,1,-1.8,93.075,-47.1,1.405,5099.1,999.0,1,0.0,0.0,0.0,2,8,0.0,4,4,1,2
5352,30.0,2,3,2,-2.9,92.201,-31.4,0.821,5076.2,0.1,0,0.0,0.0,0.0,2,7,0.0,11,8,2,3
5353,31.0,1,999,0,-1.8,93.075,-47.1,1.41,5099.1,999.0,0,1.0,0.0,1.0,1,8,0.0,11,4,1,1
5354,31.0,3,999,0,1.1,93.994,-36.4,4.857,5191.0,999.0,0,1.0,1.0,1.0,2,8,0.0,5,5,1,1
5355,57.0,1,999,0,1.1,93.994,-36.4,4.86,5191.0,999.0,0,1.0,0.0,1.0,2,2,0.0,4,5,1,1
5356,36.0,2,999,0,1.1,93.994,-36.4,4.857,5191.0,999.0,0,0.0,0.0,1.0,2,5,0.0,6,5,1,1
5357,31.0,2,999,0,1.4,93.444,-36.1,4.966,5228.1,999.0,0,0.0,1.0,0.0,2,7,0.0,5,8,1,1
5358,31.0,1,999,1,-1.8,93.075,-47.1,1.405,5099.1,999.0,3,0.0,0.0,0.0,2,8,0.0,3,4,1,2
5359,32.0,1,999,0,-0.1,93.2,-42.0,4.021,5195.8,999.0,0,1.0,0.0,0.0,2,8,0.0,1,11,1,1
5360,31.0,3,999,0,1.1,93.994,-36.4,4.856,5191.0,999.0,0,1.0,1.0,1.0,2,8,0.0,7,5,1,1
5361,53.0,2,999,0,1.1,93.994,-36.4,4.86,5191.0,999.0,0,1.0,0.0,1.0,2,8,0.0,8,5,1,1
5362,31.0,3,999,0,1.1,93.994,-36.4,4.857,5191.0,999.0,0,0.0,0.0,1.0,2,4,0.0,4,5,1,1
5363,46.0,1,999,0,-0.1,93.2,-42.0,4.153,5195.8,999.0,0,0.0,0.0,0.0,2,4,0.0,5,11,1,1
5364,28.0,2,999,0,1.4,94.465,-41.8,4.961,5228.1,999.0,0,1.0,0.0,1.0,1,5,0.0,7,6,2,1
5365,45.0,3,999,0,-1.8,92.893,-46.2,1.299,5099.1,999.0,0,1.0,0.0,0.0,1,5,0.0,6,5,2,1
5366,26.0,2,999,0,1.1,93.994,-36.4,4.864,5191.0,999.0,0,1.0,0.0,1.0,1,8,0.0,9,5,1,1
5367,36.0,1,999,0,1.1,93.994,-36.4,4.859,5191.0,999.0,0,0.0,0.0,1.0,2,4,0.0,4,5,1,1
5368,39.0,1,999,0,1.4,93.918,-42.7,4.962,5228.1,999.0,0,0.0,0.0,0.0,3,8,0.0,7,7,1,1
5369,30.0,2,999,0,1.4,93.918,-42.7,4.96,5228.1,999.0,0,1.0,0.0,1.0,1,7,0.0,5,7,2,1
5370,31.0,1,999,0,1.4,93.918,-42.7,4.96,5228.1,999.0,0,1.0,0.0,0.0,1,7,0.0,3,7,2,1
5371,48.0,2,999,0,1.1,93.994,-36.4,4.856,5191.0,999.0,0,1.0,0.0,1.0,2,4,0.0,4,5,1,1
5372,52.0,2,999,0,1.4,93.444,-36.1,4.964,5228.1,999.0,0,0.0,0.0,0.0,2,8,0.0,5,8,1,1
5373,49.0,2,999,0,1.4,94.465,-41.8,4.865,5228.1,999.0,0,1.0,0.0,1.0,2,8,0.0,4,6,1,1
5374,31.0,1,999,1,-1.8,93.075,-47.1,1.453,5099.1,999.0,1,0.0,0.0,0.0,2,2,0.0,4,4,1,2
5375,32.0,2,999,0,1.4,94.465,-41.8,4.866,5228.1,999.0,0,0.0,0.0,1.0,2,6,0.0,5,6,1,1
5376,31.0,3,999,0,1.1,93.994,-36.4,4.859,5191.0,999.0,0,0.0,0.0,1.0,2,7,0.0,5,5,1,1
5377,29.0,5,999,0,-1.8,92.893,-46.2,1.281,5099.1,999.0,0,1.0,0.0,0.0,2,8,0.0,4,5,1,1
5378,34.0,5,999,0,1.4,93.918,-42.7,4.96,5228.1,999.0,0,0.0,1.0,0.0,1,8,0.0,5,7,2,1
5379,31.0,3,999,0,1.4,93.444,-36.1,4.966,5228.1,999.0,0,1.0,0.0,0.0,2,2,0.0,4,8,1,1
5380,41.0,5,999,0,1.4,93.444,-36.1,4.964,5228.1,999.0,0,1.0,0.0,0.0,3,8,0.0,6,8,1,1
5381,33.0,4,999,0,1.4,94.465,-41.8,4.962,5228.1,999.0,0,1.0,1.0,1.0,2,8,0.0,9,6,1,1
5382,37.0,1,999,0,1.1,93.994,-36.4,4.855,5191.0,999.0,0,0.0,0.0,1.0,3,7,0.0,6,5,1,1
5383,37.0,4,999,0,1.1,93.994,-36.4,4.858,5191.0,999.0,0,0.0,0.0,1.0,2,3,0.0,9,5,1,1
5384,39.0,4,999,0,1.4,93.918,-42.7,4.968,5228.1,999.0,0,1.0,0.0,0.0,2,5,0.0,5,7,1,1
5385,31.0,2,999,2,-1.8,93.075,-47.1,1.423,5099.1,999.0,0,0.0,0.0,0.0,1,8,0.0,4,4,1,2
5386,32.0,3,999,0,1.4,93.918,-42.7,4.962,5228.1,999.0,0,0.0,0.0,0.0,2,4,0.0,4,7,2,1
5387,31.0,3,999,0,1.1,93.994,-36.4,4.859,5191.0,999.0,0,0.0,0.0,1.0,2,4,0.0,4,5,1,1
5388,31.0,4,999,0,1.4,94.465,-41.8,4.961,5228.1,999.0,0,1.0,0.0,1.0,2,8,0.0,10,6,1,1
5389,29.0,3,999,1,-1.8,92.893,-46.2,1.313,5099.1,999.0,1,0.0,0.0,0.0,2,8,0.0,4,5,1,2
5390,53.0,3,999,0,1.4,94.465,-41.8,4.967,5228.1,999.0,0,0.0,0.0,1.0,3,2,0.0,4,6,1,1
5391,53.0,2,999,0,1.4,93.444,-36.1,4.965,5228.1,999.0,0,0.0,0.0,0.0,2,8,0.0,12,8,1,1
5392,26.0,7,999,0,1.1,93.994,-36.4,4.86,5191.0,999.0,0,0.0,0.0,1.0,1,6,0.0,10,5,1,1
5393,38.0,2,999,0,1.4,94.465,-41.8,4.866,5228.1,999.0,0,0.0,1.0,1.0,2,8,0.0,3,6,1,1
5394,24.0,1,999,0,-1.8,93.075,-47.1,1.365,5099.1,999.0,0,1.0,0.0,0.0,1,8,0.0,5,4,1,1
5395,31.0,1,999,0,1.1,93.994,-36.4,4.857,5191.0,999.0,0,1.0,1.0,1.0,2,3,0.0,6,5,1,1
5396,40.0,1,999,0,1.4,93.918,-42.7,4.961,5228.1,999.0,0,1.0,0.0,0.0,2,7,0.0,6,7,1,1
5397,46.0,3,999,0,1.4,94.465,-41.8,4.866,5228.1,999.0,0,1.0,0.0,1.0,2,7,0.0,3,6,1,1
5398,31.0,8,999,0,-0.1,93.2,-42.0,4.076,5195.8,999.0,0,0.0,1.0,0.0,1,8,0.0,3,11,1,1
5399,36.0,3,999,0,1.4,94.465,-41.8,4.967,5228.1,999.0,0,1.0,0.0,1.0,2,2,0.0,4,6,1,1
5400,48.0,1,999,0,1.4,93.918,-42.7,4.962,5228.1,999.0,0,1.0,0.0,0.0,2,2,0.0,4,7,1,1
5401,41.0,3,999,0,1.4,94.465,-41.8,4.959,5228.1,999.0,0,1.0,0.0,1.0,2,4,0.0,4,6,1,1
5402,53.0,5,999,0,1.4,93.918,-42.7,4.962,5228.1,999.0,0,1.0,0.0,0.0,2,8,0.0,5,7,1,1
5403,55.0,1,999,1,-1.8,93.075,-47.1,1.405,5099.1,999.0,1,1.0,0.0,0.0,2,2,0.0,6,4,1,2
5404,31.0,3,999,0,1.1,93.994,-36.4,4.864,5191.0,999.0,0,1.0,0.0,1.0,2,8,0.0,4,5,1,1
5405,32.0,10,999,0,1.4,93.444,-36.1,4.965,5228.1,999.0,0,0.0,0.0,0.0,1,5,0.0,5,8,1,1
5406,52.0,1,999,0,1.1,93.994,-36.4,4.857,5191.0,999.0,0,1.0,0.0,1.0,2,8,0.0,1,5,1,1
5407,32.0,2,999,1,-1.8,92.893,-46.2,1.313,5099.1,999.0,3,0.0,0.0,0.0,2,7,0.0,6,5,1,2
5408,25.0,3,999,1,-1.8,92.893,-46.2,1.313,5099.1,999.0,4,0.0,0.0,0.0,1,8,0.0,6,5,1,2
5409,29.0,2,999,1,-1.8,93.075,-47.1,1.405,5099.1,999.0,3,1.0,0.0,1.0,1,5,0.0,6,4,2,2
5410,34.0,1,999,0,-1.8,92.893,-46.2,1.281,5099.1,999.0,0,1.0,1.0,0.0,1,5,0.0,9,5,1,1
5411,31.0,1,999,0,1.1,93.994,-36.4,4.856,5191.0,999.0,0,1.0,0.0,1.0,2,8,0.0,1,5,1,1
5412,32.0,2,6,1,-3.4,92.431,-26.9,0.735,5017.5,0.2,2,1.0,0.0,0.0,2,7,0.0,6,10,1,3
5413,37.0,2,999,1,-1.8,92.893,-46.2,1.25,5099.1,999.0,2,0.0,0.0,0.0,3,8,0.0,6,5,1,2
5414,36.0,7,999,0,-0.1,93.2,-42.0,4.021,5195.8,999.0,0,1.0,0.0,0.0,1,8,0.0,5,11,1,1
5415,31.0,2,999,0,-1.8,93.075,-47.1,1.405,5099.1,999.0,0,1.0,0.0,0.0,2,8,0.0,4,4,1,1
5416,57.0,1,999,0,1.4,94.465,-41.8,4.967,5228.1,999.0,0,0.0,0.0,1.0,1,8,0.0,3,6,1,1
5417,26.0,1,999,0,1.4,93.918,-42.7,4.963,5228.1,999.0,0,0.0,1.0,0.0,1,5,0.0,11,7,1,1
5418,42.0,1,999,0,1.1,93.994,-36.4,4.859,5191.0,999.0,0,0.0,0.0,1.0,2,8,0.0,6,5,1,1
5419,45.0,2,999,0,1.4,93.918,-42.7,4.963,5228.1,999.0,0,1.0,0.0,0.0,2,8,0.0,3,7,1,1
5420,31.0,2,999,0,1.1,93.994,-36.4,4.857,5191.0,999.0,0,1.0,1.0,1.0,1,3,0.0,4,5,1,1
5421,45.0,4,999,0,-1.8,93.075,-47.1,1.405,5099.1,999.0,0,1.0,0.0,0.0,1,8,0.0,9,4,1,1
5422,35.0,2,999,0,1.4,93.918,-42.7,4.963,5228.1,999.0,0,1.0,0.0,0.0,2,3,0.0,4,7,1,1
5423,59.0,3,999,1,-2.9,92.201,-31.4,0.834,5076.2,999.0,0,1.0,0.0,1.0,2,6,0.0,5,8,1,2
5424,31.0,1,999,0,-1.7,94.027,-38.3,0.904,4991.6,999.0,0,0.0,0.0,0.0,3,5,0.0,6,8,1,1
5425,31.0,1,999,0,-1.8,93.075,-47.1,1.405,5099.1,999.0,0,1.0,1.0,0.0,2,7,0.0,3,4,1,1
5426,31.0,3,999,0,-1.8,92.893,-46.2,1.244,5099.1,999.0,0,1.0,0.0,0.0,3,8,0.0,9,5,2,1
5427,48.0,4,999,0,1.4,94.465,-41.8,4.864,5228.1,999.0,0,0.0,1.0,1.0,2,5,0.0,6,6,1,1
5428,58.0,2,999,0,-0.1,93.2,-42.0,4.191,5195.8,999.0,0,0.0,0.0,0.0,2,8,0.0,7,11,2,1
5429,59.0,1,999,0,1.1,93.994,-36.4,4.857,5191.0,999.0,0,1.0,1.0,1.0,2,8,0.0,3,5,1,1
5430,53.0,4,999,0,-1.8,92.893,-46.2,1.281,5099.1,999.0,0,1.0,0.0,0.0,1,8,0.0,4,5,1,1
5431,31.0,3,999,0,1.4,93.918,-42.7,4.961,5228.1,999.0,0,0.0,0.0,0.0,1,8,0.0,1,7,1,1
5432,31.0,5,999,0,1.4,94.465,-41.8,4.959,5228.1,999.0,0,0.0,0.0,1.0,2,5,0.0,4,6,1,1
5433,41.0,1,999,0,-0.1,93.2,-42.0,4.021,5195.8,999.0,0,1.0,0.0,0.0,1,4,0.0,4,11,1,1
5434,31.0,1,999,0,-2.9,92.201,-31.4,0.825,5076.2,999.0,0,0.0,0.0,0.0,1,8,0.0,11,8,1,1
5435,31.0,1,999,0,1.4,93.918,-42.7,4.963,5228.1,999.0,0,0.0,0.0,0.0,2,6,0.0,5,7,1,1
5436,37.0,1,999,1,-1.8,92.893,-46.2,1.344,5099.1,999.0,1,0.0,0.0,0.0,1,7,0.0,3,5,1,2
5437,59.0,1,999,0,1.1,93.994,-36.4,4.86,5191.0,999.0,0,1.0,0.0,1.0,3,2,0.0,8,5,1,1
5438,43.0,4,6,1,-3.0,92.713,-33.0,0.715,5023.5,0.2,1,1.0,0.0,0.0,2,5,0.0,6,12,1,3
5439,31.0,2,999,0,1.1,93.994,-36.4,4.859,5191.0,999.0,0,0.0,0.0,1.0,2,8,0.0,9,5,1,1
5440,33.0,1,999,1,-1.8,92.893,-46.2,1.299,5099.1,999.0,0,1.0,1.0,0.0,1,5,0.0,9,5,2,2
5441,35.0,4,2,3,-2.9,92.201,-31.4,0.884,5076.2,0.0666666666667,6,1.0,1.0,0.0,1,8,0.0,6,8,2,3
5442,31.0,1,999,0,1.4,93.444,-36.1,4.962,5228.1,999.0,0,1.0,0.0,0.0,1,8,0.0,6,8,1,1
5443,33.0,3,999,0,-2.9,92.201,-31.4,0.881,5076.2,999.0,0,1.0,0.0,0.0,1,8,0.0,6,8,1,1
5444,37.0,3,999,0,-1.8,92.893,-46.2,1.313,5099.1,999.0,0,0.0,0.0,0.0,2,4,0.0,4,5,1,1
5445,41.0,1,999,0,-1.8,93.075,-47.1,1.453,5099.1,999.0,0,0.0,0.0,0.0,2,7,0.0,6,4,1,1
5446,32.0,1,999,1,-1.8,92.893,-46.2,1.313,5099.1,999.0,0,0.0,0.0,0.0,2,8,0.0,4,5,1,2
5447,31.0,1,999,0,1.1,93.994,-36.4,4.855,5191.0,999.0,0,0.0,0.0,1.0,2,3,0.0,2,5,1,1
5448,43.0,1,3,1,-3.4,92.379,-29.8,0.788,5017.5,0.1,3,1.0,0.0,0.0,2,5,0.0,5,9,1,3
5449,34.0,3,999,0,1.4,93.444,-36.1,4.965,5228.1,999.0,0,1.0,0.0,0.0,2,4,0.0,1,8,2,1
5450,32.0,1,999,0,-3.4,92.649,-30.1,0.716,5017.5,999.0,0,0.0,0.0,0.0,2,7,0.0,3,11,1,1
5451,33.0,1,999,0,-0.1,93.2,-42.0,4.663,5195.8,999.0,0,1.0,1.0,1.0,2,8,0.0,4,11,1,1
5452,26.0,1,999,0,1.4,94.465,-41.8,4.864,5228.1,999.0,0,0.0,0.0,1.0,1,5,0.0,4,6,1,1
5453,52.0,1,999,0,1.4,93.918,-42.7,4.963,5228.1,999.0,0,0.0,0.0,0.0,3,8,0.0,6,7,1,1
5454,63.0,1,999,1,-2.9,92.201,-31.4,0.838,5076.2,999.0,1,1.0,0.0,0.0,2,8,0.0,5,8,1,2
5455,31.0,1,999,0,1.1,93.994,-36.4,4.86,5191.0,999.0,0,0.0,0.0,1.0,2,8,0.0,3,5,1,1
5456,27.0,1,999,0,1.4,93.918,-42.7,4.962,5228.1,999.0,0,1.0,0.0,0.0,1,8,0.0,5,7,1,1
5457,31.0,1,999,0,-0.1,93.2,-42.0,4.076,5195.8,999.0,0,1.0,0.0,0.0,3,6,0.0,4,11,1,1
5458,33.0,4,999,1,-1.8,92.893,-46.2,1.334,5099.1,999.0,0,0.0,0.0,0.0,2,5,0.0,6,5,1,2
5459,42.0,1,999,0,1.4,93.918,-42.7,4.963,5228.1,999.0,0,0.0,1.0,0.0,2,8,0.0,12,7,1,1
5460,32.0,1,999,0,1.1,93.994,-36.4,4.855,5191.0,999.0,0,0.0,1.0,1.0,2,7,0.0,5,5,1,1
5461,31.0,2,999,0,-0.1,93.2,-42.0,4.076,5195.8,999.0,0,1.0,0.0,0.0,1,5,0.0,6,11,1,1
5462,34.0,2,999,1,-1.8,92.893,-46.2,1.344,5099.1,999.0,1,1.0,1.0,0.0,4,5,0.0,9,5,1,2
5463,33.0,3,999,0,1.1,93.994,-36.4,4.857,5191.0,999.0,0,1.0,0.0,1.0,2,4,0.0,4,5,2,1
5464,24.0,1,999,0,1.4,93.918,-42.7,4.963,5228.1,999.0,0,1.0,1.0,0.0,1,8,0.0,4,7,1,1
5465,47.0,3,999,0,-0.1,93.2,-42.0,4.153,5195.8,999.0,0,0.0,0.0,0.0,2,7,0.0,6,11,1,1
5466,48.0,2,999,0,-0.1,93.2,-42.0,4.12,5195.8,999.0,0,1.0,0.0,0.0,3,8,0.0,3,11,1,1
5467,36.0,2,999,1,-1.8,92.893,-46.2,1.334,5099.1,999.0,2,0.0,1.0,0.0,1,8,0.0,4,5,1,2
5468,56.0,2,999,0,1.1,93.994,-36.4,4.86,5191.0,999.0,0,0.0,0.0,1.0,2,5,0.0,6,5,1,1
5469,27.0,1,999,0,-1.8,92.893,-46.2,1.327,5099.1,999.0,0,1.0,1.0,0.0,1,4,0.0,4,5,1,1
5470,44.0,4,999,0,-0.1,93.2,-42.0,4.021,5195.8,999.0,0,1.0,0.0,0.0,1,6,0.0,5,11,1,1
5471,43.0,2,999,0,1.4,93.918,-42.7,4.957,5228.1,999.0,0,1.0,0.0,0.0,2,4,0.0,4,7,1,1
5472,37.0,4,999,0,1.4,93.918,-42.7,4.963,5228.1,999.0,0,1.0,0.0,1.0,2,8,0.0,5,7,1,1
5473,56.0,2,999,1,-1.7,94.215,-40.3,0.87,4991.6,999.0,3,0.0,0.0,0.0,2,6,0.0,5,7,2,2
5474,31.0,1,999,0,1.4,93.444,-36.1,4.964,5228.1,999.0,0,0.0,0.0,0.0,2,8,0.0,4,8,1,1
5475,56.0,20,999,0,1.4,94.465,-41.8,4.967,5228.1,999.0,0,1.0,0.0,1.0,2,8,0.0,6,6,1,1
5476,49.0,1,999,0,-2.9,92.201,-31.4,0.859,5076.2,999.0,0,0.0,0.0,0.0,2,7,0.0,5,8,1,1
5477,57.0,1,999,0,1.4,93.444,-36.1,4.968,5228.1,999.0,0,1.0,0.0,0.0,2,8,0.0,6,8,1,1
5478,31.0,2,999,0,-2.9,92.469,-33.6,1.059,5076.2,999.0,0,1.0,0.0,1.0,3,8,0.0,6,7,1,1
5479,37.0,3,999,0,-0.1,93.2,-42.0,4.021,5195.8,999.0,0,1.0,0.0,0.0,1,7,0.0,10,11,1,1
5480,37.0,7,999,0,1.4,93.444,-36.1,4.965,5228.1,999.0,0,0.0,0.0,0.0,2,5,0.0,9,8,1,1
5481,42.0,1,999,1,-1.8,93.075,-47.1,1.365,5099.1,999.0,4,0.0,0.0,0.0,2,8,0.0,5,4,1,2
5482,49.0,1,999,0,1.1,93.994,-36.4,4.857,5191.0,999.0,0,0.0,0.0,1.0,2,8,0.0,4,5,1,1
5483,40.0,1,999,0,1.4,93.918,-42.7,4.963,5228.1,999.0,0,0.0,0.0,0.0,2,7,0.0,7,7,1,1
5484,31.0,16,999,0,1.4,94.465,-41.8,4.961,5228.1,999.0,0,0.0,0.0,1.0,2,8,0.0,4,6,1,1
5485,40.0,2,3,1,-2.9,92.963,-40.8,1.26,5076.2,0.1,1,0.0,0.0,0.0,3,6,0.0,4,6,1,3
5486,33.0,1,999,0,1.4,93.444,-36.1,4.963,5228.1,999.0,0,1.0,0.0,0.0,2,6,0.0,5,8,1,1
5487,31.0,1,999,0,-2.9,92.201,-31.4,0.879,5076.2,999.0,0,1.0,1.0,0.0,2,6,0.0,5,8,1,1
5488,31.0,6,999,0,1.4,93.918,-42.7,4.962,5228.1,999.0,0,0.0,0.0,0.0,3,5,0.0,8,7,1,1
5489,26.0,3,999,0,1.4,94.465,-41.8,4.961,5228.1,999.0,0,1.0,0.0,1.0,1,6,0.0,5,6,1,1
5490,31.0,1,999,0,1.1,93.994,-36.4,4.864,5191.0,999.0,0,0.0,0.0,1.0,2,5,0.0,6,5,1,1
5491,24.0,4,999,0,1.4,93.918,-42.7,4.96,5228.1,999.0,0,1.0,0.0,0.0,2,5,0.0,9,7,2,1
5492,44.0,1,999,0,-1.8,93.075,-47.1,1.405,5099.1,999.0,0,0.0,0.0,0.0,3,8,0.0,12,4,1,1
5493,47.0,5,999,0,1.1,93.994,-36.4,4.864,5191.0,999.0,0,0.0,0.0,1.0,3,5,0.0,5,5,1,1
5494,38.0,4,999,0,1.4,93.918,-42.7,4.962,5228.1,999.0,0,1.0,1.0,0.0,1,8,0.0,11,7,2,1
5495,34.0,4,999,1,-1.8,92.893,-46.2,1.281,5099.1,999.0,0,0.0,1.0,0.0,2,8,0.0,6,5,1,2
5496,47.0,4,999,0,1.4,93.918,-42.7,4.96,5228.1,999.0,0,1.0,1.0,0.0,2,8,0.0,4,7,2,1
5497,38.0,1,999,0,1.4,93.444,-36.1,4.964,5228.1,999.0,0,1.0,1.0,0.0,1,7,0.0,5,8,1,1
5498,39.0,4,999,0,-1.8,93.075,-47.1,1.445,5099.1,999.0,0,1.0,0.0,0.0,2,8,0.0,4,4,1,1
5499,54.0,1,999,0,1.1,93.994,-36.4,4.857,5191.0,999.0,0,0.0,1.0,1.0,2,4,0.0,8,5,1,1
5500,54.0,1,999,0,-1.8,93.075,-47.1,1.405,5099.1,999.0,0,1.0,0.0,0.0,2,8,0.0,8,4,1,1
5501,38.0,3,999,0,1.1,93.994,-36.4,4.855,5191.0,999.0,0,0.0,0.0,1.0,1,2,0.0,4,5,1,1
5502,31.0,1,999,0,-0.1,93.2,-42.0,4.153,5195.8,999.0,0,1.0,0.0,0.0,2,3,0.0,10,11,1,1
5503,31.0,9,999,0,1.4,93.918,-42.7,4.962,5228.1,999.0,0,1.0,1.0,0.0,3,7,0.0,6,7,1,1
5504,42.0,4,999,0,1.4,93.918,-42.7,4.96,5228.1,999.0,0,0.0,0.0,0.0,2,2,0.0,4,7,2,1
5505,36.0,2,999,0,1.4,94.465,-41.8,4.961,5228.1,999.0,0,1.0,0.0,1.0,2,7,0.0,5,6,2,1
5506,31.0,7,999,0,1.4,93.444,-36.1,4.964,5228.1,999.0,0,1.0,0.0,0.0,2,7,0.0,3,8,1,1
5507,23.0,2,999,0,1.4,93.918,-42.7,4.963,5228.1,999.0,0,1.0,0.0,0.0,1,6,0.0,6,7,1,1
5508,29.0,1,999,0,-0.1,93.2,-42.0,4.12,5195.8,999.0,0,1.0,0.0,1.0,1,8,0.0,3,11,1,1
5509,32.0,14,999,0,1.4,93.918,-42.7,4.961,5228.1,999.0,0,0.0,0.0,0.0,2,5,0.0,6,7,1,1
5510,52.0,2,999,0,1.1,93.994,-36.4,4.856,5191.0,999.0,0,1.0,0.0,1.0,2,2,0.0,3,5,1,1
5511,45.0,3,999,0,1.4,93.444,-36.1,4.968,5228.1,999.0,0,0.0,0.0,1.0,2,7,0.0,5,8,1,1
5512,31.0,3,999,0,1.1,93.994,-36.4,4.858,5191.0,999.0,0,0.0,0.0,1.0,2,5,0.0,5,5,1,1
5513,44.0,1,999,0,-1.8,92.893,-46.2,1.266,5099.1,999.0,0,1.0,1.0,0.0,2,7,0.0,7,5,1,1
5514,31.0,1,999,0,1.4,93.444,-36.1,4.963,5228.1,999.0,0,0.0,0.0,0.0,2,7,0.0,6,8,1,1
5515,31.0,9,999,0,1.4,93.444,-36.1,4.963,5228.1,999.0,0,0.0,1.0,0.0,2,7,0.0,6,8,1,1
5516,32.0,8,999,0,1.1,93.994,-36.4,4.864,5191.0,999.0,0,0.0,0.0,1.0,1,8,0.0,6,5,1,1
5517,30.0,9,999,0,1.4,93.444,-36.1,4.964,5228.1,999.0,0,1.0,0.0,0.0,1,6,0.0,5,8,1,1
5518,29.0,2,999,0,-0.1,93.2,-42.0,4.12,5195.8,999.0,0,1.0,1.0,0.0,1,6,0.0,5,11,1,1
5519,31.0,1,999,0,-1.8,93.075,-47.1,1.483,5099.1,999.0,0,1.0,1.0,0.0,1,5,0.0,4,4,1,1
5520,59.0,1,999,0,1.1,93.994,-36.4,4.855,5191.0,999.0,0,0.0,1.0,1.0,2,8,0.0,6,5,1,1
5521,40.0,1,999,0,1.4,93.918,-42.7,4.96,5228.1,999.0,0,1.0,0.0,0.0,1,7,0.0,6,7,2,1
5522,51.0,2,999,0,1.4,93.918,-42.7,4.962,5228.1,999.0,0,0.0,0.0,0.0,2,7,0.0,3,7,1,1
5523,31.0,1,999,1,-1.8,92.893,-46.2,1.25,5099.1,999.0,1,1.0,0.0,0.0,2,5,0.0,9,5,1,2
5524,52.0,2,999,0,1.4,94.465,-41.8,4.959,5228.1,999.0,0,0.0,0.0,1.0,3,5,0.0,4,6,1,1
5525,31.0,1,999,0,-1.8,93.075,-47.1,1.405,5099.1,999.0,0,1.0,0.0,0.0,1,8,0.0,4,4,1,1
5526,46.0,1,999,0,1.4,93.444,-36.1,4.966,5228.1,999.0,0,0.0,0.0,0.0,2,7,0.0,9,8,1,1
5527,37.0,1,999,1,-1.8,93.075,-47.1,1.41,5099.1,999.0,3,1.0,0.0,0.0,2,4,0.0,4,4,1,2
5528,31.0,2,999,0,1.4,93.918,-42.7,4.963,5228.1,999.0,0,1.0,0.0,1.0,2,7,0.0,3,7,1,1
5529,31.0,1,999,0,1.4,93.918,-42.7,4.962,5228.1,999.0,0,1.0,0.0,0.0,1,5,0.0,6,7,1,1
5530,42.0,1,999,0,1.4,93.444,-36.1,4.963,5228.1,999.0,0,1.0,0.0,0.0,2,5,0.0,3,8,1,1
5531,35.0,2,999,1,-1.8,93.075,-47.1,1.405,5099.1,999.0,3,1.0,1.0,0.0,1,7,0.0,6,4,2,2
5532,43.0,2,999,0,1.4,93.918,-42.7,4.962,5228.1,999.0,0,0.0,1.0,0.0,2,7,0.0,3,7,2,1
5533,31.0,3,999,0,1.4,93.444,-36.1,4.963,5228.1,999.0,0,1.0,0.0,0.0,3,8,0.0,6,8,2,1
5534,42.0,1,999,0,1.4,93.918,-42.7,4.962,5228.1,999.0,0,1.0,0.0,0.0,2,8,0.0,10,7,1,1
5535,57.0,1,999,0,1.1,93.994,-36.4,4.857,5191.0,999.0,0,0.0,0.0,1.0,2,8,0.0,3,5,2,1
5536,45.0,2,999,0,1.1,93.994,-36.4,4.858,5191.0,999.0,0,0.0,0.0,1.0,2,4,0.0,4,5,1,1
5537,49.0,1,999,0,1.4,93.444,-36.1,4.968,5228.1,999.0,0,0.0,0.0,0.0,3,7,0.0,6,8,1,1
5538,59.0,1,999,1,-1.8,93.075,-47.1,1.405,5099.1,999.0,1,1.0,0.0,0.0,3,7,0.0,6,4,1,2
5539,31.0,2,999,0,1.4,93.918,-42.7,4.961,5228.1,999.0,0,0.0,1.0,0.0,1,5,0.0,1,7,1,1
5540,30.0,2,999,0,-0.1,93.2,-42.0,4.021,5195.8,999.0,0,1.0,0.0,0.0,2,8,0.0,4,11,1,1
5541,39.0,2,999,0,1.4,94.465,-41.8,4.959,5228.1,999.0,0,0.0,0.0,1.0,2,8,0.0,4,6,1,1
5542,43.0,2,999,0,-1.8,92.893,-46.2,1.344,5099.1,999.0,0,1.0,0.0,0.0,2,2,0.0,4,5,1,1
5543,18.0,2,999,0,-3.4,92.379,-29.8,0.788,5017.5,999.0,0,0.0,0.0,1.0,1,8,0.0,11,9,1,1
5544,31.0,1,999,0,-3.4,92.431,-26.9,0.743,5017.5,999.0,0,0.0,0.0,0.0,1,7,0.0,3,10,2,1
5545,44.0,17,999,0,1.4,93.444,-36.1,4.964,5228.1,999.0,0,0.0,0.0,0.0,2,8,0.0,6,8,1,1
5546,30.0,1,999,0,1.4,93.444,-36.1,4.963,5228.1,999.0,0,1.0,0.0,0.0,1,7,0.0,6,8,1,1
5547,31.0,25,999,0,1.1,93.994,-36.4,4.864,5191.0,999.0,0,1.0,0.0,1.0,1,5,0.0,6,5,1,1
5548,31.0,1,999,0,-2.9,92.201,-31.4,0.861,5076.2,999.0,0,0.0,0.0,0.0,1,7,0.0,3,8,1,1
5549,23.0,8,999,0,-1.8,92.893,-46.2,1.25,5099.1,999.0,0,1.0,0.0,0.0,1,8,0.0,4,5,1,1
5550,42.0,1,999,0,1.4,93.444,-36.1,4.966,5228.1,999.0,0,1.0,1.0,0.0,3,6,0.0,5,8,1,1
5551,31.0,3,999,0,1.4,94.465,-41.8,4.959,5228.1,999.0,0,0.0,0.0,1.0,3,5,0.0,7,6,1,1
5552,26.0,3,999,0,1.4,94.465,-41.8,4.864,5228.1,999.0,0,0.0,0.0,1.0,1,7,0.0,5,6,1,1
5553,31.0,1,999,0,1.4,93.444,-36.1,4.966,5228.1,999.0,0,0.0,0.0,0.0,2,8,0.0,9,8,1,1
5554,50.0,2,999,0,1.4,93.918,-42.7,4.962,5228.1,999.0,0,1.0,0.0,0.0,1,5,0.0,6,7,1,1
5555,29.0,4,999,0,-2.9,92.963,-40.8,1.235,5076.2,999.0,0,0.0,1.0,0.0,1,7,0.0,6,6,1,1
5556,44.0,1,999,0,1.4,93.918,-42.7,4.963,5228.1,999.0,0,1.0,0.0,0.0,2,4,0.0,1,7,1,1
5557,25.0,5,999,0,1.4,93.918,-42.7,4.968,5228.1,999.0,0,1.0,0.0,0.0,2,7,0.0,6,7,1,1
5558,57.0,1,999,0,1.4,93.918,-42.7,4.962,5228.1,999.0,0,0.0,0.0,0.0,2,7,0.0,1,7,1,1
5559,31.0,3,999,0,1.4,93.918,-42.7,4.957,5228.1,999.0,0,1.0,0.0,0.0,2,5,0.0,9,7,1,1
5560,27.0,1,999,0,-1.8,92.893,-46.2,1.327,5099.1,999.0,0,1.0,1.0,0.0,1,4,0.0,4,5,1,1
5561,51.0,1,999,0,1.4,93.918,-42.7,4.962,5228.1,999.0,0,0.0,0.0,0.0,2,8,0.0,4,7,1,1
5562,56.0,1,999,0,1.1,93.994,-36.4,4.857,5191.0,999.0,0,0.0,0.0,1.0,2,2,0.0,4,5,2,1
5563,31.0,4,999,0,1.4,93.918,-42.7,4.96,5228.1,999.0,0,1.0,0.0,0.0,1,4,0.0,11,7,2,1
5564,26.0,2,999,0,1.1,93.994,-36.4,4.859,5191.0,999.0,0,0.0,0.0,1.0,1,8,0.0,11,5,1,1
5565,33.0,1,999,0,1.1,93.994,-36.4,4.856,5191.0,999.0,0,0.0,0.0,1.0,2,7,0.0,6,5,1,1
5566,47.0,2,999,0,1.4,93.444,-36.1,4.967,5228.1,999.0,0,1.0,0.0,0.0,2,5,0.0,6,8,1,1
5567,34.0,2,999,0,-0.1,93.2,-42.0,4.076,5195.8,999.0,0,0.0,0.0,0.0,2,6,0.0,5,11,1,1
5568,34.0,1,999,0,1.1,93.994,-36.4,4.857,5191.0,999.0,0,1.0,0.0,1.0,2,8,0.0,4,5,1,1
5569,55.0,1,999,0,1.4,93.444,-36.1,4.97,5228.1,999.0,0,1.0,0.0,0.0,2,2,0.0,4,8,2,1
5570,59.0,4,999,0,1.4,93.918,-42.7,4.96,5228.1,999.0,0,1.0,1.0,0.0,2,6,0.0,8,7,2,1
5571,31.0,1,999,0,-1.8,92.893,-46.2,1.27,5099.1,999.0,0,1.0,0.0,0.0,1,7,0.0,6,5,1,1
5572,31.0,1,999,0,1.4,93.918,-42.7,4.961,5228.1,999.0,0,1.0,0.0,0.0,2,6,0.0,4,7,1,1
5573,29.0,4,999,0,1.4,93.918,-42.7,4.968,5228.1,999.0,0,1.0,0.0,0.0,2,8,0.0,3,7,1,1
5574,33.0,1,999,0,1.4,93.918,-42.7,4.962,5228.1,999.0,0,0.0,0.0,0.0,2,5,0.0,6,7,1,1
5575,56.0,1,999,0,1.4,93.918,-42.7,4.957,5228.1,999.0,0,1.0,0.0,0.0,2,2,0.0,4,7,1,1
5576,56.0,2,999,0,-0.1,93.2,-42.0,4.021,5195.8,999.0,0,0.0,0.0,0.0,2,8,0.0,6,11,1,1
5577,28.0,1,999,0,1.1,93.994,-36.4,4.856,5191.0,999.0,0,1.0,0.0,1.0,2,8,0.0,6,5,1,1
5578,31.0,5,999,0,1.1,93.994,-36.4,4.857,5191.0,999.0,0,0.0,0.0,1.0,2,7,0.0,6,5,1,1
5579,31.0,3,999,0,1.1,93.994,-36.4,4.856,5191.0,999.0,0,0.0,0.0,1.0,1,4,0.0,1,5,1,1
5580,49.0,4,999,0,1.4,93.444,-36.1,4.963,5228.1,999.0,0,1.0,1.0,0.0,2,8,0.0,6,8,1,1
5581,56.0,1,999,0,1.4,93.918,-42.7,4.957,5228.1,999.0,0,1.0,1.0,0.0,2,7,0.0,6,7,1,1
5582,55.0,1,999,0,-3.4,92.431,-26.9,0.739,5017.5,999.0,0,1.0,0.0,0.0,2,6,0.0,7,10,2,1
5583,31.0,2,999,0,1.4,93.444,-36.1,4.964,5228.1,999.0,0,0.0,1.0,0.0,2,6,0.0,5,8,1,1
5584,39.0,1,999,0,1.1,93.994,-36.4,4.857,5191.0,999.0,0,1.0,0.0,1.0,2,3,0.0,4,5,1,1
5585,33.0,1,999,0,-1.8,93.075,-47.1,1.405,5099.1,999.0,0,0.0,0.0,0.0,2,5,0.0,4,4,2,1
5586,32.0,2,999,0,1.1,93.994,-36.4,4.857,5191.0,999.0,0,0.0,0.0,1.0,2,8,0.0,4,5,1,1
5587,35.0,3,999,0,1.4,93.444,-36.1,4.963,5228.1,999.0,0,1.0,1.0,0.0,1,7,0.0,5,8,2,1
5588,40.0,2,999,0,-0.1,93.2,-42.0,4.021,5195.8,999.0,0,0.0,0.0,0.0,2,7,0.0,3,11,1,1
5589,31.0,2,999,0,1.4,94.465,-41.8,4.958,5228.1,999.0,0,1.0,0.0,1.0,2,8,0.0,9,6,1,1
5590,52.0,4,999,0,1.1,93.994,-36.4,4.858,5191.0,999.0,0,1.0,0.0,1.0,2,7,0.0,1,5,2,1
5591,31.0,1,999,0,-2.9,92.201,-31.4,0.883,5076.2,999.0,0,0.0,0.0,0.0,1,8,0.0,6,8,1,1
5592,33.0,3,999,0,1.4,93.918,-42.7,4.962,5228.1,999.0,0,0.0,0.0,0.0,2,7,0.0,6,7,1,1
5593,31.0,1,999,0,1.4,94.465,-41.8,4.864,5228.1,999.0,0,1.0,1.0,1.0,1,7,0.0,6,6,1,1
5594,29.0,4,999,0,1.4,94.465,-41.8,4.96,5228.1,999.0,0,0.0,0.0,1.0,2,7,0.0,6,6,2,1
5595,45.0,2,999,0,1.1,93.994,-36.4,4.855,5191.0,999.0,0,1.0,0.0,1.0,2,8,0.0,4,5,1,1
5596,29.0,2,999,0,1.1,93.994,-36.4,4.857,5191.0,999.0,0,0.0,0.0,1.0,2,5,0.0,9,5,1,1
5597,31.0,4,999,0,1.4,93.444,-36.1,4.965,5228.1,999.0,0,1.0,0.0,0.0,2,2,0.0,2,8,2,1
5598,31.0,11,999,0,1.4,93.918,-42.7,4.963,5228.1,999.0,0,1.0,1.0,1.0,1,8,0.0,1,7,1,1
5599,32.0,5,999,0,1.4,93.444,-36.1,4.968,5228.1,999.0,0,1.0,1.0,0.0,1,7,0.0,6,8,1,1
5600,26.0,1,999,0,1.4,93.918,-42.7,4.962,5228.1,999.0,0,0.0,0.0,0.0,1,8,0.0,4,7,1,1
5601,39.0,1,999,1,-0.2,92.756,-45.9,3.743,5176.3,999.0,0,1.0,0.0,1.0,2,8,0.0,2,12,1,2
5602,31.0,1,999,1,-1.8,92.893,-46.2,1.327,5099.1,999.0,1,0.0,0.0,0.0,2,7,0.0,3,5,1,2
5603,38.0,6,999,1,-1.8,92.893,-46.2,1.291,5099.1,999.0,4,0.0,0.0,0.0,1,5,0.0,6,5,1,2
5604,43.0,3,999,0,1.4,94.465,-41.8,4.967,5228.1,999.0,0,0.0,0.0,1.0,3,7,0.0,6,6,1,1
5605,31.0,2,999,0,1.4,94.465,-41.8,4.967,5228.1,999.0,0,0.0,0.0,1.0,2,6,0.0,1,6,1,1
5606,31.0,6,999,0,1.4,94.465,-41.8,4.959,5228.1,999.0,0,0.0,0.0,1.0,2,5,0.0,9,6,1,1
5607,53.0,1,999,0,-0.1,93.2,-42.0,4.153,5195.8,999.0,0,1.0,0.0,0.0,2,2,0.0,1,11,1,1
5608,25.0,1,999,0,1.1,93.994,-36.4,4.857,5191.0,999.0,0,1.0,0.0,1.0,1,5,0.0,9,5,2,1
5609,32.0,2,999,0,1.1,93.994,-36.4,4.857,5191.0,999.0,0,1.0,0.0,1.0,3,2,0.0,3,5,1,1
5610,29.0,1,999,0,1.4,93.918,-42.7,4.962,5228.1,999.0,0,0.0,1.0,0.0,1,8,0.0,6,7,1,1
5611,31.0,2,999,0,-1.8,92.893,-46.2,1.334,5099.1,999.0,0,0.0,0.0,0.0,3,5,0.0,9,5,1,1
5612,26.0,4,999,0,-2.9,92.201,-31.4,0.854,5076.2,999.0,0,0.0,0.0,0.0,1,5,0.0,6,8,1,1
5613,30.0,3,999,0,1.1,93.994,-36.4,4.856,5191.0,999.0,0,1.0,0.0,1.0,2,7,0.0,9,5,1,1
5614,31.0,1,999,0,-0.1,93.2,-42.0,4.153,5195.8,999.0,0,0.0,0.0,0.0,2,6,0.0,5,11,1,1
5615,44.0,2,999,0,1.1,93.994,-36.4,4.858,5191.0,999.0,0,0.0,0.0,1.0,2,2,0.0,6,5,2,1
5616,53.0,1,999,0,1.4,93.918,-42.7,4.962,5228.1,999.0,0,1.0,0.0,1.0,2,8,0.0,3,7,1,1
5617,37.0,1,999,0,1.4,93.444,-36.1,4.968,5228.1,999.0,0,1.0,0.0,0.0,2,6,0.0,11,8,1,1
5618,43.0,2,999,0,1.4,93.444,-36.1,4.963,5228.1,999.0,0,0.0,1.0,0.0,2,8,0.0,6,8,1,1
5619,30.0,10,999,0,1.4,93.444,-36.1,4.964,5228.1,999.0,0,1.0,0.0,0.0,1,7,0.0,6,8,1,1
5620,31.0,4,999,0,1.1,93.994,-36.4,4.856,5191.0,999.0,0,0.0,0.0,1.0,2,7,0.0,5,5,1,1
5621,31.0,5,999,0,1.4,93.444,-36.1,4.963,5228.1,999.0,0,0.0,0.0,0.0,2,8,0.0,1,8,1,1
5622,38.0,1,999,0,1.4,93.444,-36.1,4.965,5228.1,999.0,0,1.0,0.0,0.0,2,7,0.0,6,8,1,1
5623,48.0,3,999,0,1.4,94.465,-41.8,4.967,5228.1,999.0,0,0.0,0.0,1.0,2,8,0.0,1,6,1,1
5624,41.0,1,999,1,-1.8,93.075,-47.1,1.405,5099.1,999.0,1,1.0,0.0,0.0,2,8,0.0,4,4,2,2
5625,47.0,3,999,1,-3.4,92.379,-29.8,0.803,5017.5,999.0,2,0.0,0.0,0.0,2,7,0.0,6,9,1,2
5626,20.0,1,999,0,-2.9,92.963,-40.8,1.26,5076.2,999.0,0,1.0,0.0,0.0,1,8,0.0,11,6,1,1
5627,42.0,1,999,0,1.1,93.994,-36.4,4.859,5191.0,999.0,0,0.0,0.0,1.0,2,4,0.0,8,5,1,1
5628,31.0,2,999,0,1.4,93.918,-42.7,4.957,5228.1,999.0,0,1.0,1.0,0.0,1,4,0.0,4,7,1,1
5629,47.0,6,999,0,-1.8,92.893,-46.2,1.327,5099.1,999.0,0,1.0,0.0,0.0,2,7,0.0,3,5,1,1
5630,31.0,2,999,0,1.4,93.918,-42.7,4.963,5228.1,999.0,0,1.0,0.0,0.0,1,4,0.0,4,7,1,1
5631,41.0,1,6,1,-1.1,94.199,-37.5,0.879,4963.6,0.2,4,1.0,1.0,0.0,2,8,0.0,10,9,1,3
5632,31.0,5,999,0,-0.1,93.2,-42.0,4.076,5195.8,999.0,0,1.0,0.0,0.0,2,7,0.0,6,11,1,1
5633,41.0,1,999,1,-0.1,93.2,-42.0,4.191,5195.8,999.0,3,1.0,0.0,0.0,2,5,0.0,4,11,2,2
5634,44.0,7,999,0,1.4,93.444,-36.1,4.962,5228.1,999.0,0,1.0,0.0,0.0,2,8,0.0,5,8,1,1
5635,36.0,3,999,0,1.1,93.994,-36.4,4.859,5191.0,999.0,0,0.0,0.0,1.0,2,6,0.0,5,5,1,1
5636,35.0,2,999,0,1.4,93.918,-42.7,4.962,5228.1,999.0,0,0.0,0.0,0.0,2,4,0.0,7,7,1,1
5637,45.0,1,999,0,1.1,93.994,-36.4,4.858,5191.0,999.0,0,1.0,0.0,1.0,2,8,0.0,4,5,1,1
5638,44.0,1,999,0,1.4,93.918,-42.7,4.962,5228.1,999.0,0,0.0,0.0,0.0,2,5,0.0,3,7,2,1
5639,34.0,2,999,0,1.4,93.918,-42.7,4.963,5228.1,999.0,0,0.0,0.0,0.0,1,2,0.0,4,7,1,1
5640,34.0,3,999,0,1.4,93.444,-36.1,4.966,5228.1,999.0,0,0.0,0.0,0.0,3,5,0.0,6,8,1,1
5641,57.0,3,999,0,1.1,93.994,-36.4,4.857,5191.0,999.0,0,0.0,0.0,1.0,3,5,0.0,9,5,2,1
5642,31.0,2,999,0,1.4,93.444,-36.1,4.963,5228.1,999.0,0,1.0,1.0,0.0,2,6,0.0,5,8,1,1
5643,31.0,2,999,0,-2.9,92.469,-33.6,1.029,5076.2,999.0,0,1.0,0.0,0.0,2,7,0.0,5,7,1,1
5644,31.0,1,999,0,-1.8,92.893,-46.2,1.313,5099.1,999.0,0,0.0,0.0,0.0,1,7,0.0,8,5,1,1
5645,50.0,1,999,0,1.4,93.918,-42.7,4.958,5228.1,999.0,0,1.0,0.0,0.0,2,8,0.0,4,7,1,1
5646,31.0,8,999,0,1.4,93.918,-42.7,4.962,5228.1,999.0,0,0.0,1.0,0.0,1,4,0.0,12,7,2,1
5647,57.0,4,999,0,1.4,93.444,-36.1,4.964,5228.1,999.0,0,1.0,0.0,0.0,2,6,0.0,8,8,1,1
5648,31.0,2,999,0,-1.8,92.893,-46.2,1.354,5099.1,999.0,0,0.0,0.0,0.0,1,5,0.0,6,5,2,1
5649,36.0,14,999,0,-1.8,92.893,-46.2,1.244,5099.1,999.0,0,0.0,0.0,0.0,2,5,0.0,6,5,2,1
5650,34.0,10,999,0,1.4,93.918,-42.7,4.962,5228.1,999.0,0,0.0,0.0,0.0,3,7,0.0,5,7,1,1
5651,29.0,1,999,0,1.4,93.918,-42.7,4.966,5228.1,999.0,0,1.0,0.0,1.0,3,5,0.0,4,7,1,1
5652,54.0,3,999,0,1.1,93.994,-36.4,4.858,5191.0,999.0,0,0.0,1.0,1.0,2,4,0.0,4,5,2,1
5653,39.0,3,999,0,1.4,94.465,-41.8,4.961,5228.1,999.0,0,1.0,0.0,1.0,2,2,0.0,1,6,2,1
5654,51.0,2,999,0,1.4,94.465,-41.8,4.959,5228.1,999.0,0,1.0,0.0,1.0,2,5,0.0,10,6,1,1
5655,29.0,3,999,1,-1.8,92.893,-46.2,1.25,5099.1,999.0,4,0.0,0.0,0.0,1,8,0.0,6,5,1,2
5656,31.0,2,999,0,1.4,93.444,-36.1,4.963,5228.1,999.0,0,1.0,1.0,0.0,2,6,0.0,5,8,2,1
5657,34.0,2,999,0,1.4,94.465,-41.8,4.947,5228.1,999.0,0,0.0,0.0,1.0,2,7,0.0,6,6,1,1
5658,37.0,1,999,0,1.4,94.465,-41.8,4.961,5228.1,999.0,0,1.0,1.0,1.0,2,6,0.0,10,6,1,1
5659,31.0,1,999,0,1.4,93.918,-42.7,4.957,5228.1,999.0,0,0.0,0.0,0.0,1,7,0.0,6,7,1,1
5660,54.0,3,999,0,-0.1,93.2,-42.0,4.153,5195.8,999.0,0,1.0,0.0,0.0,2,5,0.0,8,11,1,1
5661,38.0,3,999,0,-0.1,93.2,-42.0,4.12,5195.8,999.0,0,1.0,1.0,0.0,2,5,0.0,9,11,1,1
5662,31.0,1,999,1,-0.1,93.2,-42.0,4.153,5195.8,999.0,3,0.0,1.0,0.0,3,8,0.0,2,11,1,2
5663,34.0,1,999,0,-1.8,92.893,-46.2,1.291,5099.1,999.0,0,0.0,0.0,0.0,1,7,0.0,5,5,1,1
5664,33.0,3,999,0,1.4,93.918,-42.7,4.963,5228.1,999.0,0,0.0,0.0,1.0,2,5,0.0,3,7,1,1
5665,36.0,4,999,0,-1.8,93.075,-47.1,1.405,5099.1,999.0,0,0.0,0.0,1.0,2,8,0.0,4,4,1,1
5666,52.0,2,999,0,1.4,93.444,-36.1,4.963,5228.1,999.0,0,1.0,0.0,0.0,2,2,0.0,2,8,2,1
5667,46.0,1,999,0,1.4,94.465,-41.8,4.866,5228.1,999.0,0,1.0,0.0,1.0,2,8,0.0,2,6,1,1
5668,55.0,2,999,0,-2.9,92.963,-40.8,1.268,5076.2,999.0,0,1.0,1.0,0.0,2,5,0.0,8,6,1,1
5669,48.0,2,999,0,-1.8,92.893,-46.2,1.244,5099.1,999.0,0,1.0,0.0,0.0,2,5,0.0,9,5,2,1
5670,31.0,2,999,0,1.4,93.444,-36.1,4.965,5228.1,999.0,0,1.0,0.0,0.0,2,8,0.0,2,8,1,1
5671,31.0,1,999,0,1.4,93.444,-36.1,4.964,5228.1,999.0,0,0.0,0.0,0.0,2,8,0.0,8,8,1,1
5672,37.0,2,999,0,1.4,93.444,-36.1,4.965,5228.1,999.0,0,0.0,0.0,0.0,1,7,0.0,6,8,2,1
5673,36.0,5,999,0,1.4,93.918,-42.7,4.96,5228.1,999.0,0,1.0,0.0,0.0,2,6,0.0,4,7,2,1
5674,57.0,2,999,0,-0.1,93.2,-42.0,4.076,5195.8,999.0,0,0.0,0.0,0.0,3,7,0.0,6,11,1,1
5675,39.0,1,999,0,-0.1,93.2,-42.0,4.153,5195.8,999.0,0,1.0,0.0,0.0,1,6,0.0,5,11,1,1
5676,33.0,3,999,0,1.4,93.444,-36.1,4.966,5228.1,999.0,0,1.0,0.0,0.0,3,5,0.0,6,8,1,1
5677,25.0,3,999,0,-1.8,92.893,-46.2,1.327,5099.1,999.0,0,1.0,0.0,0.0,1,8,0.0,9,5,1,1
5678,60.0,2,999,0,1.4,94.465,-41.8,4.961,5228.1,999.0,0,0.0,0.0,1.0,2,7,0.0,3,6,2,1
5679,55.0,1,999,1,-1.8,93.075,-47.1,1.405,5099.1,999.0,2,1.0,0.0,0.0,2,7,0.0,6,4,2,2
5680,29.0,2,999,0,-1.8,92.843,-50.0,1.556,5099.1,999.0,0,1.0,1.0,0.0,2,2,0.0,4,3,1,1
5681,30.0,1,999,1,-1.8,92.893,-46.2,1.344,5099.1,999.0,0,0.0,1.0,0.0,1,8,0.0,4,5,1,2
5682,48.0,2,999,0,1.4,93.444,-36.1,4.967,5228.1,999.0,0,1.0,0.0,0.0,2,5,0.0,6,8,1,1
5683,36.0,3,999,0,1.1,93.994,-36.4,4.864,5191.0,999.0,0,0.0,0.0,1.0,1,4,0.0,4,5,1,1
5684,28.0,3,999,1,-1.8,92.893,-46.2,1.291,5099.1,999.0,0,0.0,0.0,0.0,2,8,0.0,6,5,1,2
5685,45.0,1,999,0,-2.9,92.469,-33.6,1.044,5076.2,999.0,0,0.0,0.0,0.0,2,5,0.0,5,7,1,1
5686,42.0,4,999,0,1.4,93.444,-36.1,4.966,5228.1,999.0,0,0.0,0.0,0.0,2,7,0.0,1,8,1,1
5687,33.0,3,999,0,-1.8,92.893,-46.2,1.281,5099.1,999.0,0,1.0,0.0,0.0,1,5,0.0,5,5,1,1
5688,30.0,2,999,0,1.4,93.918,-42.7,4.966,5228.1,999.0,0,0.0,1.0,1.0,2,8,0.0,9,7,1,1
5689,54.0,3,999,0,1.1,93.994,-36.4,4.856,5191.0,999.0,0,1.0,0.0,1.0,3,8,0.0,3,5,1,1
5690,44.0,2,999,1,-1.8,93.075,-47.1,1.41,5099.1,999.0,4,1.0,0.0,0.0,1,8,0.0,6,4,1,2
5691,23.0,1,999,0,1.4,93.918,-42.7,4.958,5228.1,999.0,0,0.0,1.0,0.0,1,7,0.0,3,7,1,1
5692,31.0,2,999,0,-1.8,92.893,-46.2,1.25,5099.1,999.0,0,1.0,1.0,0.0,3,7,0.0,7,5,1,1
5693,35.0,1,999,0,1.1,93.994,-36.4,4.857,5191.0,999.0,0,0.0,0.0,1.0,1,5,0.0,5,5,1,1
5694,35.0,3,999,0,1.1,93.994,-36.4,4.857,5191.0,999.0,0,0.0,1.0,1.0,2,8,0.0,6,5,2,1
5695,49.0,3,999,0,1.4,93.444,-36.1,4.964,5228.1,999.0,0,1.0,0.0,0.0,2,6,0.0,5,8,1,1
5696,31.0,1,999,0,-0.1,93.2,-42.0,4.153,5195.8,999.0,0,1.0,0.0,0.0,2,8,0.0,4,11,1,1
5697,43.0,1,999,0,-1.8,93.075,-47.1,1.365,5099.1,999.0,0,0.0,0.0,0.0,2,7,0.0,6,4,1,1
5698,31.0,1,999,1,-1.8,93.075,-47.1,1.405,5099.1,999.0,3,1.0,0.0,0.0,1,5,0.0,5,4,1,2
5699,31.0,2,999,0,1.4,93.918,-42.7,4.963,5228.1,999.0,0,1.0,0.0,0.0,2,7,0.0,3,7,1,1
5700,59.0,2,999,0,1.1,93.994,-36.4,4.857,5191.0,999.0,0,1.0,0.0,1.0,2,7,0.0,7,5,1,1
5701,31.0,4,999,0,1.1,93.994,-36.4,4.864,5191.0,999.0,0,1.0,0.0,1.0,2,6,0.0,5,5,1,1
5702,31.0,2,999,0,1.4,93.444,-36.1,4.968,5228.1,999.0,0,1.0,0.0,0.0,2,5,0.0,8,8,1,1
5703,31.0,3,999,0,1.1,93.994,-36.4,4.864,5191.0,999.0,0,0.0,0.0,1.0,3,8,0.0,1,5,1,1
5704,36.0,1,999,0,1.4,94.465,-41.8,4.864,5228.1,999.0,0,1.0,1.0,1.0,2,7,0.0,7,6,1,1
5705,31.0,2,999,0,1.1,93.994,-36.4,4.855,5191.0,999.0,0,1.0,0.0,1.0,2,4,0.0,10,5,1,1
5706,44.0,5,999,0,1.4,93.918,-42.7,4.961,5228.1,999.0,0,0.0,0.0,1.0,2,4,0.0,4,7,1,1
5707,32.0,1,999,1,-1.8,92.893,-46.2,1.281,5099.1,999.0,2,1.0,0.0,1.0,1,4,0.0,4,5,1,2
5708,39.0,3,999,0,1.1,93.994,-36.4,4.855,5191.0,999.0,0,1.0,0.0,1.0,3,8,0.0,4,5,1,1
5709,51.0,2,999,0,1.1,93.994,-36.4,4.859,5191.0,999.0,0,1.0,0.0,1.0,2,3,0.0,4,5,1,1
5710,33.0,3,999,0,-0.1,93.2,-42.0,4.076,5195.8,999.0,0,0.0,0.0,0.0,1,8,0.0,6,11,1,1
5711,44.0,1,999,0,1.1,93.994,-36.4,4.857,5191.0,999.0,0,1.0,1.0,1.0,2,8,0.0,1,5,1,1
5712,31.0,1,999,1,-1.8,93.075,-47.1,1.405,5099.1,999.0,3,0.0,0.0,0.0,1,7,0.0,6,4,1,2
5713,31.0,9,999,0,-0.1,93.2,-42.0,4.021,5195.8,999.0,0,1.0,0.0,1.0,1,8,0.0,10,11,1,1
5714,31.0,3,999,0,-1.8,92.893,-46.2,1.244,5099.1,999.0,0,0.0,0.0,0.0,2,2,0.0,4,5,2,1
5715,38.0,1,999,0,1.4,93.444,-36.1,4.963,5228.1,999.0,0,1.0,0.0,0.0,2,8,0.0,5,8,1,1
5716,31.0,2,999,0,1.1,93.994,-36.4,4.856,5191.0,999.0,0,1.0,0.0,1.0,2,6,0.0,5,5,1,1
5717,36.0,1,999,1,-1.8,92.893,-46.2,1.344,5099.1,999.0,2,1.0,0.0,0.0,3,5,0.0,6,5,1,2
5718,31.0,2,999,0,-1.8,93.075,-47.1,1.453,5099.1,999.0,0,1.0,0.0,0.0,2,5,0.0,4,4,1,1
5719,31.0,3,999,0,1.1,93.994,-36.4,4.859,5191.0,999.0,0,1.0,0.0,1.0,2,2,0.0,4,5,1,1
5720,60.0,1,999,0,-2.9,92.469,-33.6,1.072,5076.2,999.0,0,1.0,0.0,1.0,2,8,0.0,6,7,1,1
5721,57.0,1,999,0,1.4,94.465,-41.8,4.962,5228.1,999.0,0,1.0,0.0,1.0,2,4,0.0,10,6,1,1
5722,35.0,2,999,0,1.4,93.918,-42.7,4.961,5228.1,999.0,0,1.0,1.0,0.0,2,7,0.0,4,7,1,1
5723,37.0,2,999,1,-1.8,93.075,-47.1,1.365,5099.1,999.0,2,1.0,0.0,0.0,1,7,0.0,1,4,1,2
5724,31.0,1,999,0,-0.1,93.2,-42.0,4.191,5195.8,999.0,0,1.0,0.0,0.0,2,8,0.0,7,11,2,1
5725,31.0,3,999,0,-1.8,93.075,-47.1,1.405,5099.1,999.0,0,1.0,0.0,1.0,1,8,0.0,11,4,1,1
5726,34.0,2,999,0,1.4,93.918,-42.7,4.957,5228.1,999.0,0,0.0,0.0,0.0,1,7,0.0,6,7,1,1
5727,18.0,1,6,1,-1.8,93.876,-40.0,0.668,5008.7,0.2,3,1.0,0.0,0.0,1,8,0.0,11,5,1,3
5728,46.0,3,999,0,1.4,93.918,-42.7,4.968,5228.1,999.0,0,1.0,0.0,0.0,3,6,0.0,5,7,1,1
5729,31.0,1,999,0,1.4,93.918,-42.7,4.963,5228.1,999.0,0,0.0,0.0,0.0,2,5,0.0,6,7,1,1
5730,44.0,1,999,0,-0.1,93.2,-42.0,4.076,5195.8,999.0,0,0.0,0.0,0.0,2,8,0.0,4,11,1,1
5731,26.0,2,999,0,1.1,93.994,-36.4,4.864,5191.0,999.0,0,1.0,0.0,1.0,2,5,0.0,6,5,1,1
5732,36.0,2,999,0,-1.8,92.893,-46.2,1.344,5099.1,999.0,0,1.0,0.0,0.0,2,2,0.0,4,5,1,1
5733,36.0,1,999,1,-0.1,93.2,-42.0,4.12,5195.8,999.0,2,0.0,0.0,0.0,2,5,0.0,5,11,1,2
5734,28.0,2,999,0,1.1,93.994,-36.4,4.858,5191.0,999.0,0,0.0,0.0,1.0,1,7,0.0,6,5,1,1
5735,29.0,4,999,0,1.4,93.918,-42.7,4.962,5228.1,999.0,0,0.0,0.0,1.0,1,6,0.0,5,7,1,1
5736,46.0,2,999,1,-0.1,93.2,-42.0,4.021,5195.8,999.0,2,1.0,1.0,0.0,1,5,0.0,6,11,1,2
5737,25.0,2,999,0,1.1,93.994,-36.4,4.857,5191.0,999.0,0,0.0,0.0,1.0,1,5,0.0,4,5,1,1
5738,43.0,1,999,0,1.1,93.994,-36.4,4.859,5191.0,999.0,0,0.0,1.0,1.0,2,8,0.0,4,5,1,1
5739,41.0,2,999,0,-1.8,92.893,-46.2,1.327,5099.1,999.0,0,1.0,0.0,0.0,2,4,0.0,4,5,1,1
5740,39.0,1,999,0,1.1,93.994,-36.4,4.857,5191.0,999.0,0,1.0,0.0,1.0,1,5,0.0,5,5,2,1
5741,31.0,2,999,0,-0.1,93.2,-42.0,4.021,5195.8,999.0,0,0.0,1.0,0.0,2,8,0.0,5,11,1,1
5742,38.0,5,999,0,1.4,93.444,-36.1,4.963,5228.1,999.0,0,1.0,0.0,0.0,1,7,0.0,6,8,2,1
5743,31.0,10,999,0,1.1,93.994,-36.4,4.86,5191.0,999.0,0,0.0,0.0,1.0,2,8,0.0,2,5,1,1
5744,37.0,7,999,0,1.4,93.918,-42.7,4.957,5228.1,999.0,0,0.0,1.0,0.0,2,8,0.0,3,7,1,1
5745,35.0,3,999,0,1.1,93.994,-36.4,4.864,5191.0,999.0,0,0.0,0.0,1.0,2,3,0.0,5,5,1,1
5746,37.0,1,999,0,1.4,94.465,-41.8,4.961,5228.1,999.0,0,1.0,0.0,1.0,1,4,0.0,10,6,1,1
5747,31.0,1,999,0,1.1,93.994,-36.4,4.855,5191.0,999.0,0,0.0,0.0,1.0,2,2,0.0,12,5,1,1
5748,31.0,9,999,0,1.1,93.994,-36.4,4.864,5191.0,999.0,0,1.0,0.0,1.0,3,2,0.0,2,5,1,1
5749,38.0,1,999,1,-2.9,92.201,-31.4,0.821,5076.2,999.0,6,1.0,0.0,0.0,2,5,0.0,6,8,2,2
5750,31.0,2,999,0,1.1,93.994,-36.4,4.856,5191.0,999.0,0,0.0,0.0,1.0,2,3,0.0,6,5,1,1
5751,25.0,2,999,0,1.4,93.918,-42.7,4.958,5228.1,999.0,0,0.0,1.0,1.0,2,2,0.0,4,7,1,1
5752,35.0,2,999,0,1.4,93.918,-42.7,4.962,5228.1,999.0,0,1.0,0.0,0.0,2,8,0.0,4,7,2,1
5753,31.0,3,999,0,1.1,93.994,-36.4,4.86,5191.0,999.0,0,1.0,0.0,1.0,1,6,0.0,5,5,1,1
5754,31.0,1,999,0,1.1,93.994,-36.4,4.86,5191.0,999.0,0,1.0,0.0,1.0,1,2,0.0,1,5,1,1
5755,31.0,1,999,0,-1.8,92.893,-46.2,1.313,5099.1,999.0,0,0.0,0.0,0.0,1,7,0.0,11,5,1,1
5756,37.0,9,999,0,1.4,94.465,-41.8,4.96,5228.1,999.0,0,0.0,0.0,1.0,2,7,0.0,3,6,2,1
5757,25.0,2,3,1,-2.9,92.963,-40.8,1.268,5076.2,0.1,3,1.0,0.0,0.0,1,8,0.0,5,6,1,3
5758,50.0,1,999,0,1.1,93.994,-36.4,4.856,5191.0,999.0,0,0.0,0.0,1.0,2,8,0.0,9,5,1,1
5759,35.0,1,999,1,-1.8,92.893,-46.2,1.266,5099.1,999.0,3,0.0,0.0,0.0,1,8,0.0,5,5,1,2
5760,57.0,3,999,1,-0.1,93.2,-42.0,4.021,5195.8,999.0,1,1.0,0.0,0.0,2,8,0.0,1,11,1,2
5761,64.0,4,999,0,-1.8,93.075,-47.1,1.41,5099.1,999.0,0,1.0,0.0,0.0,2,3,0.0,8,4,1,1
5762,40.0,1,999,0,1.1,93.994,-36.4,4.86,5191.0,999.0,0,1.0,0.0,1.0,3,6,0.0,6,5,1,1
5763,26.0,2,3,1,-3.4,92.649,-30.1,0.714,5017.5,0.1,5,1.0,0.0,1.0,1,5,0.0,4,11,1,3
5764,31.0,3,999,0,-2.9,92.469,-33.6,1.029,5076.2,999.0,0,1.0,0.0,0.0,1,7,0.0,6,7,1,1
5765,31.0,1,999,0,-1.8,92.893,-46.2,1.327,5099.1,999.0,0,1.0,0.0,0.0,2,8,0.0,4,5,1,1
5766,57.0,12,999,0,1.1,93.994,-36.4,4.858,5191.0,999.0,0,1.0,0.0,1.0,2,2,0.0,8,5,2,1
5767,42.0,1,999,0,-1.8,92.893,-46.2,1.334,5099.1,999.0,0,0.0,0.0,0.0,2,2,0.0,4,5,1,1
5768,49.0,5,999,0,1.4,93.444,-36.1,4.965,5228.1,999.0,0,0.0,1.0,0.0,2,2,0.0,4,8,1,1
5769,31.0,8,999,0,-1.8,92.893,-46.2,1.25,5099.1,999.0,0,1.0,0.0,1.0,1,5,0.0,6,5,1,1
5770,37.0,2,1,1,-1.8,92.893,-46.2,1.27,5099.1,0.0333333333333,1,1.0,0.0,0.0,2,4,0.0,4,5,1,3
5771,48.0,3,999,0,-2.9,92.963,-40.8,1.286,5076.2,999.0,0,1.0,1.0,0.0,2,8,0.0,9,6,1,1
5772,31.0,2,999,0,1.4,94.465,-41.8,4.958,5228.1,999.0,0,1.0,0.0,1.0,2,4,0.0,6,6,1,1
5773,31.0,2,999,0,-1.8,92.893,-46.2,1.299,5099.1,999.0,0,1.0,0.0,1.0,3,8,0.0,2,5,2,1
5774,31.0,2,999,0,1.4,93.444,-36.1,4.965,5228.1,999.0,0,0.0,1.0,0.0,2,7,0.0,1,8,2,1
5775,30.0,1,999,0,1.4,93.444,-36.1,4.968,5228.1,999.0,0,0.0,0.0,0.0,2,5,0.0,5,8,1,1
5776,31.0,2,999,0,-0.1,93.2,-42.0,4.12,5195.8,999.0,0,1.0,0.0,0.0,3,8,0.0,6,11,1,1
5777,25.0,2,999,0,-1.8,93.075,-47.1,1.405,5099.1,999.0,0,1.0,0.0,1.0,3,8,0.0,1,4,2,1
5778,32.0,1,999,0,-1.8,92.893,-46.2,1.264,5099.1,999.0,0,0.0,0.0,0.0,2,7,0.0,6,5,2,1
5779,28.0,7,999,1,-1.8,92.893,-46.2,1.281,5099.1,999.0,1,1.0,0.0,0.0,2,8,0.0,4,5,1,2
5780,36.0,1,999,2,-1.8,93.369,-34.8,0.654,5008.7,999.0,6,0.0,0.0,0.0,2,7,0.0,3,3,1,2
5781,41.0,3,999,0,1.1,93.994,-36.4,4.859,5191.0,999.0,0,1.0,0.0,1.0,2,7,0.0,6,5,1,1
5782,32.0,2,999,0,1.4,93.444,-36.1,4.964,5228.1,999.0,0,1.0,0.0,0.0,1,7,0.0,5,8,1,1
5783,39.0,1,999,0,-0.1,93.2,-42.0,4.021,5195.8,999.0,0,0.0,1.0,0.0,2,5,0.0,9,11,1,1
5784,45.0,7,999,0,-0.1,93.2,-42.0,4.12,5195.8,999.0,0,1.0,0.0,1.0,2,7,0.0,7,11,1,1
5785,46.0,2,999,0,-0.1,93.2,-42.0,4.076,5195.8,999.0,0,0.0,0.0,0.0,1,2,0.0,4,11,1,1
5786,52.0,1,999,0,-2.9,92.201,-31.4,0.884,5076.2,999.0,0,0.0,0.0,0.0,2,7,0.0,3,8,1,1
5787,33.0,2,999,3,-1.8,93.876,-40.0,0.699,5008.7,999.0,9,1.0,0.0,0.0,2,7,0.0,6,5,1,2
5788,42.0,4,999,0,1.4,93.918,-42.7,4.958,5228.1,999.0,0,0.0,0.0,0.0,2,8,0.0,9,7,1,1
5789,41.0,4,10,1,-1.8,92.893,-46.2,1.244,5099.1,0.333333333333,2,0.0,0.0,0.0,2,6,0.0,10,5,2,3
5790,29.0,2,999,0,1.4,93.918,-42.7,4.96,5228.1,999.0,0,1.0,0.0,0.0,1,5,0.0,6,7,1,1
5791,28.0,2,4,1,-2.9,92.963,-40.8,1.26,5076.2,0.133333333333,1,0.0,0.0,0.0,1,3,0.0,9,6,1,3
5792,47.0,6,999,2,-1.8,92.893,-46.2,1.334,5099.1,999.0,10,1.0,1.0,0.0,2,4,0.0,4,5,1,2
5793,41.0,1,999,0,1.1,93.994,-36.4,4.857,5191.0,999.0,0,1.0,0.0,1.0,2,8,0.0,3,5,1,1
5794,36.0,5,999,0,1.4,93.918,-42.7,4.962,5228.1,999.0,0,1.0,0.0,0.0,2,7,0.0,6,7,1,1
5795,31.0,1,999,0,-1.8,92.893,-46.2,1.266,5099.1,999.0,0,1.0,0.0,0.0,1,8,0.0,4,5,1,1
5796,49.0,1,999,0,1.1,93.994,-36.4,4.857,5191.0,999.0,0,0.0,0.0,1.0,2,2,0.0,4,5,1,1
5797,29.0,9,999,0,1.4,93.444,-36.1,4.962,5228.1,999.0,0,0.0,0.0,0.0,1,7,0.0,6,8,1,1
5798,29.0,1,6,1,-1.8,92.893,-46.2,1.281,5099.1,0.2,0,0.0,0.0,0.0,2,4,0.0,4,5,1,3
5799,31.0,1,999,0,-1.8,93.075,-47.1,1.405,5099.1,999.0,0,1.0,0.0,0.0,2,5,0.0,6,4,1,1
5800,23.0,5,999,0,-1.8,92.893,-46.2,1.25,5099.1,999.0,0,1.0,0.0,0.0,1,5,0.0,9,5,1,1
5801,54.0,1,999,0,-1.8,92.893,-46.2,1.244,5099.1,999.0,0,0.0,0.0,0.0,2,2,0.0,4,5,2,1
5802,31.0,1,999,1,-1.8,93.075,-47.1,1.405,5099.1,999.0,4,0.0,0.0,0.0,1,6,0.0,6,4,1,2
5803,31.0,17,999,0,1.1,93.994,-36.4,4.864,5191.0,999.0,0,0.0,0.0,1.0,2,8,0.0,4,5,1,1
5804,44.0,1,999,0,1.1,93.994,-36.4,4.86,5191.0,999.0,0,0.0,1.0,1.0,3,8,0.0,4,5,1,1
5805,72.0,1,999,0,-1.8,93.075,-47.1,1.453,5099.1,999.0,0,0.0,0.0,1.0,2,2,0.0,8,4,1,1
5806,34.0,1,999,0,1.4,93.444,-36.1,4.966,5228.1,999.0,0,1.0,0.0,0.0,2,7,0.0,6,8,1,1
5807,59.0,1,999,0,1.4,94.465,-41.8,4.865,5228.1,999.0,0,1.0,0.0,1.0,2,7,0.0,8,6,2,1
5808,31.0,3,999,0,1.4,93.444,-36.1,4.963,5228.1,999.0,0,0.0,0.0,0.0,1,7,0.0,6,8,2,1
5809,54.0,1,999,0,-3.4,92.431,-26.9,0.735,5017.5,999.0,0,1.0,0.0,0.0,2,4,0.0,10,10,1,1
5810,34.0,4,999,0,1.4,94.465,-41.8,4.866,5228.1,999.0,0,0.0,0.0,1.0,3,6,0.0,4,6,1,1
5811,33.0,1,999,0,1.4,94.465,-41.8,4.961,5228.1,999.0,0,0.0,0.0,1.0,1,8,0.0,4,6,1,1
5812,42.0,3,999,0,1.1,93.994,-36.4,4.857,5191.0,999.0,0,0.0,0.0,1.0,2,8,0.0,3,5,1,1
5813,31.0,1,999,0,-0.1,93.2,-42.0,4.021,5195.8,999.0,0,1.0,0.0,0.0,3,4,0.0,4,11,1,1
5814,38.0,2,999,0,-1.8,93.075,-47.1,1.498,5099.1,999.0,0,1.0,0.0,0.0,2,5,0.0,9,4,1,1
5815,31.0,4,999,0,-1.8,92.893,-46.2,1.334,5099.1,999.0,0,0.0,0.0,0.0,2,6,0.0,4,5,1,1
5816,22.0,1,999,0,-2.9,92.201,-31.4,0.861,5076.2,999.0,0,0.0,0.0,1.0,1,8,0.0,11,8,2,1
5817,57.0,2,999,0,-1.8,92.893,-46.2,1.25,5099.1,999.0,0,0.0,0.0,0.0,2,4,0.0,4,5,1,1
5818,69.0,8,999,0,-3.4,92.379,-29.8,0.773,5017.5,999.0,0,1.0,0.0,0.0,2,7,0.0,8,9,1,1
5819,44.0,5,999,0,1.1,93.994,-36.4,4.857,5191.0,999.0,0,1.0,0.0,1.0,2,5,0.0,6,5,2,1
5820,28.0,1,999,1,-1.8,93.369,-34.8,0.651,5008.7,999.0,7,1.0,0.0,1.0,1,7,0.0,1,3,1,2
5821,55.0,1,999,1,-1.8,92.893,-46.2,1.299,5099.1,999.0,2,1.0,0.0,0.0,2,8,0.0,3,5,2,2
5822,31.0,1,999,0,-1.8,92.893,-46.2,1.327,5099.1,999.0,0,1.0,0.0,0.0,2,5,0.0,9,5,1,1
5823,40.0,1,999,0,1.4,93.918,-42.7,4.963,5228.1,999.0,0,1.0,0.0,0.0,2,3,0.0,4,7,1,1
5824,31.0,4,999,0,1.1,93.994,-36.4,4.856,5191.0,999.0,0,1.0,0.0,1.0,3,8,0.0,3,5,1,1
5825,31.0,5,999,0,-1.7,94.055,-39.8,0.767,4991.6,999.0,0,0.0,0.0,0.0,1,8,0.0,6,6,1,1
5826,33.0,1,999,0,1.1,93.994,-36.4,4.859,5191.0,999.0,0,1.0,0.0,1.0,2,7,0.0,6,5,1,1
5827,31.0,2,999,0,-1.8,92.893,-46.2,1.327,5099.1,999.0,0,0.0,0.0,0.0,1,4,0.0,7,5,1,1
5828,59.0,1,999,0,1.1,93.994,-36.4,4.856,5191.0,999.0,0,1.0,0.0,1.0,2,8,0.0,2,5,1,1
5829,37.0,1,999,0,-1.8,93.075,-47.1,1.405,5099.1,999.0,0,1.0,0.0,0.0,2,5,0.0,9,4,1,1
5830,53.0,2,999,0,1.4,93.918,-42.7,4.961,5228.1,999.0,0,0.0,0.0,0.0,2,7,0.0,3,7,1,1
5831,31.0,5,999,0,1.4,94.465,-41.8,4.961,5228.1,999.0,0,0.0,0.0,1.0,2,8,0.0,1,6,1,1
5832,30.0,2,999,0,1.4,93.918,-42.7,4.963,5228.1,999.0,0,0.0,0.0,0.0,1,8,0.0,6,7,1,1
5833,45.0,1,999,0,-1.8,92.893,-46.2,1.244,5099.1,999.0,0,0.0,1.0,0.0,3,7,0.0,6,5,1,1
5834,53.0,3,999,1,-2.9,92.963,-40.8,1.26,5076.2,999.0,0,0.0,0.0,0.0,2,3,0.0,4,6,1,2
5835,38.0,1,999,0,1.4,93.444,-36.1,4.966,5228.1,999.0,0,0.0,0.0,0.0,2,8,0.0,5,8,1,1
5836,45.0,1,999,0,1.1,93.994,-36.4,4.857,5191.0,999.0,0,0.0,0.0,1.0,2,7,0.0,10,5,1,1
5837,28.0,1,4,2,-2.9,92.201,-31.4,0.881,5076.2,0.133333333333,2,0.0,0.0,0.0,1,7,0.0,6,8,1,3
5838,58.0,1,999,0,-0.1,93.2,-42.0,4.153,5195.8,999.0,0,1.0,0.0,0.0,2,4,0.0,4,11,1,1
5839,50.0,4,999,0,1.4,93.444,-36.1,4.965,5228.1,999.0,0,1.0,0.0,0.0,2,7,0.0,3,8,2,1
5840,48.0,2,999,0,1.4,94.465,-41.8,4.959,5228.1,999.0,0,0.0,0.0,1.0,2,2,0.0,4,6,1,1
5841,31.0,2,999,1,-0.1,93.2,-42.0,4.153,5195.8,999.0,3,1.0,0.0,0.0,2,8,0.0,5,11,1,2
5842,58.0,6,999,0,1.4,94.465,-41.8,4.959,5228.1,999.0,0,0.0,0.0,1.0,4,4,0.0,4,6,1,1
5843,31.0,3,999,0,1.1,93.994,-36.4,4.864,5191.0,999.0,0,1.0,0.0,1.0,1,7,0.0,6,5,1,1
5844,56.0,1,999,0,1.4,93.918,-42.7,4.961,5228.1,999.0,0,0.0,0.0,0.0,3,8,0.0,6,7,1,1
5845,36.0,2,999,0,-0.1,93.2,-42.0,4.021,5195.8,999.0,0,1.0,0.0,0.0,2,4,0.0,4,11,1,1
5846,31.0,5,4,2,-1.7,94.215,-40.3,0.896,4991.6,0.133333333333,4,1.0,0.0,0.0,2,7,0.0,6,7,1,3
5847,31.0,1,999,0,1.4,93.444,-36.1,4.968,5228.1,999.0,0,0.0,0.0,0.0,2,5,0.0,3,8,1,1
5848,40.0,1,3,3,-1.8,93.876,-40.0,0.683,5008.7,0.1,3,1.0,0.0,0.0,1,8,0.0,6,5,1,3
5849,31.0,1,999,0,1.4,93.444,-36.1,4.963,5228.1,999.0,0,0.0,0.0,0.0,2,8,0.0,6,8,1,1
5850,51.0,3,999,0,-0.1,93.2,-42.0,4.12,5195.8,999.0,0,0.0,0.0,0.0,2,5,0.0,3,11,1,1
5851,28.0,2,999,0,1.1,93.994,-36.4,4.857,5191.0,999.0,0,0.0,0.0,1.0,1,8,0.0,4,5,1,1
5852,46.0,4,999,0,-0.1,93.2,-42.0,4.076,5195.8,999.0,0,1.0,0.0,0.0,3,8,0.0,7,11,1,1
5853,47.0,2,999,0,1.4,93.918,-42.7,4.963,5228.1,999.0,0,1.0,0.0,0.0,2,8,0.0,5,7,1,1
5854,31.0,2,999,0,1.4,93.918,-42.7,4.963,5228.1,999.0,0,1.0,0.0,1.0,2,3,0.0,4,7,1,1
5855,36.0,1,999,0,1.4,94.465,-41.8,4.864,5228.1,999.0,0,0.0,0.0,1.0,2,4,0.0,4,6,1,1
5856,31.0,1,999,1,-2.9,92.963,-40.8,1.26,5076.2,999.0,2,1.0,1.0,0.0,1,6,0.0,5,6,1,2
5857,30.0,20,999,0,1.4,93.918,-42.7,4.96,5228.1,999.0,0,0.0,0.0,0.0,1,7,0.0,5,7,2,1
5858,31.0,3,9,1,-1.8,92.893,-46.2,1.291,5099.1,0.3,1,1.0,0.0,0.0,1,4,0.0,6,5,1,3
5859,31.0,4,999,0,1.4,93.444,-36.1,4.965,5228.1,999.0,0,1.0,1.0,0.0,2,5,0.0,6,8,2,1
5860,31.0,2,999,0,1.4,94.465,-41.8,4.967,5228.1,999.0,0,0.0,1.0,1.0,1,7,0.0,2,6,1,1
5861,40.0,5,999,0,1.4,93.918,-42.7,4.962,5228.1,999.0,0,0.0,0.0,0.0,2,6,0.0,4,7,2,1
5862,32.0,4,999,0,1.4,93.918,-42.7,4.961,5228.1,999.0,0,1.0,0.0,0.0,3,8,0.0,3,7,1,1
5863,32.0,1,999,0,1.4,93.444,-36.1,4.964,5228.1,999.0,0,1.0,0.0,0.0,1,8,0.0,6,8,1,1
5864,31.0,2,4,1,-2.9,92.963,-40.8,1.262,5076.2,0.133333333333,3,0.0,0.0,0.0,1,8,0.0,6,6,1,3
5865,32.0,2,999,1,-1.8,92.893,-46.2,1.281,5099.1,999.0,0,0.0,0.0,0.0,1,5,0.0,9,5,1,2
5866,31.0,4,999,0,-1.7,94.215,-40.3,0.827,4991.6,999.0,0,0.0,0.0,0.0,1,6,0.0,5,7,2,1
5867,31.0,1,999,0,-0.1,93.2,-42.0,4.021,5195.8,999.0,0,1.0,0.0,0.0,2,7,0.0,3,11,1,1
5868,42.0,3,999,0,1.1,93.994,-36.4,4.857,5191.0,999.0,0,1.0,0.0,1.0,2,4,0.0,8,5,1,1
5869,33.0,1,999,0,1.1,93.994,-36.4,4.859,5191.0,999.0,0,1.0,0.0,1.0,2,5,0.0,3,5,1,1
5870,46.0,1,999,0,-1.8,93.075,-47.1,1.405,5099.1,999.0,0,0.0,0.0,1.0,2,5,0.0,9,4,2,1
5871,40.0,1,999,0,1.4,94.465,-41.8,4.866,5228.1,999.0,0,1.0,0.0,1.0,2,8,0.0,2,6,1,1
5872,29.0,1,999,0,1.1,93.994,-36.4,4.857,5191.0,999.0,0,1.0,0.0,1.0,2,7,0.0,6,5,1,1
5873,45.0,1,999,0,1.4,93.444,-36.1,4.965,5228.1,999.0,0,0.0,0.0,0.0,2,6,0.0,5,8,2,1
5874,31.0,1,999,0,1.1,93.994,-36.4,4.86,5191.0,999.0,0,0.0,0.0,1.0,2,5,0.0,6,5,1,1
5875,40.0,1,999,0,-1.7,94.055,-39.8,0.702,4991.6,999.0,0,1.0,0.0,1.0,2,8,0.0,4,6,1,1
5876,31.0,1,999,0,1.4,93.444,-36.1,4.964,5228.1,999.0,0,1.0,0.0,0.0,1,5,0.0,6,8,1,1
5877,31.0,3,999,0,-2.9,92.201,-31.4,0.854,5076.2,999.0,0,1.0,1.0,0.0,2,7,0.0,8,8,1,1
5878,27.0,2,999,1,-1.8,92.893,-46.2,1.327,5099.1,999.0,2,1.0,1.0,0.0,1,5,0.0,9,5,1,2
5879,31.0,2,999,0,-1.8,92.893,-46.2,1.25,5099.1,999.0,0,1.0,0.0,0.0,2,3,0.0,9,5,1,1
5880,55.0,1,999,0,1.4,93.918,-42.7,4.955,5228.1,999.0,0,1.0,0.0,1.0,2,2,0.0,4,7,1,1
5881,42.0,3,999,0,-0.1,93.2,-42.0,4.076,5195.8,999.0,0,0.0,0.0,0.0,2,3,0.0,9,11,1,1
5882,48.0,4,999,0,1.4,93.918,-42.7,4.96,5228.1,999.0,0,0.0,0.0,0.0,2,8,0.0,4,7,2,1
5883,27.0,2,999,0,1.1,93.994,-36.4,4.856,5191.0,999.0,0,1.0,0.0,1.0,2,8,0.0,4,5,1,1
5884,43.0,1,999,0,-0.1,93.2,-42.0,4.191,5195.8,999.0,0,0.0,0.0,0.0,2,7,0.0,3,11,2,1
5885,31.0,2,999,0,1.4,94.465,-41.8,4.967,5228.1,999.0,0,1.0,0.0,1.0,2,7,0.0,5,6,1,1
5886,54.0,43,999,0,1.4,93.918,-42.7,4.968,5228.1,999.0,0,1.0,0.0,0.0,2,7,0.0,6,7,1,1
5887,44.0,4,999,0,1.1,93.994,-36.4,4.86,5191.0,999.0,0,1.0,0.0,1.0,1,5,0.0,6,5,1,1
5888,50.0,1,999,0,-1.8,92.893,-46.2,1.291,5099.1,999.0,0,0.0,0.0,0.0,2,8,0.0,9,5,1,1
5889,31.0,8,999,0,-1.8,92.893,-46.2,1.327,5099.1,999.0,0,0.0,0.0,0.0,2,6,0.0,5,5,1,1
5890,27.0,1,999,0,1.1,93.994,-36.4,4.859,5191.0,999.0,0,1.0,0.0,1.0,2,5,0.0,9,5,1,1
5891,38.0,1,999,0,1.1,93.994,-36.4,4.857,5191.0,999.0,0,0.0,0.0,1.0,1,5,0.0,5,5,1,1
5892,28.0,5,999,0,1.1,93.994,-36.4,4.857,5191.0,999.0,0,1.0,1.0,1.0,1,8,0.0,11,5,1,1
5893,36.0,7,999,0,1.4,93.918,-42.7,4.963,5228.1,999.0,0,0.0,0.0,1.0,3,8,0.0,4,7,1,1
5894,34.0,4,999,0,-0.1,93.2,-42.0,4.076,5195.8,999.0,0,1.0,1.0,1.0,2,4,0.0,4,11,1,1
5895,57.0,2,999,0,1.1,93.994,-36.4,4.856,5191.0,999.0,0,1.0,0.0,1.0,2,8,0.0,4,5,1,1
5896,29.0,1,999,0,1.4,93.444,-36.1,4.964,5228.1,999.0,0,1.0,0.0,0.0,1,8,0.0,6,8,1,1
5897,58.0,12,999,0,1.4,94.465,-41.8,4.864,5228.1,999.0,0,1.0,0.0,1.0,2,7,0.0,5,6,1,1
5898,31.0,5,999,0,1.1,93.994,-36.4,4.859,5191.0,999.0,0,1.0,1.0,1.0,2,8,0.0,4,5,1,1
5899,34.0,2,999,0,1.4,94.465,-41.8,4.967,5228.1,999.0,0,0.0,0.0,1.0,2,4,0.0,4,6,1,1
5900,28.0,2,999,0,-1.8,92.893,-46.2,1.266,5099.1,999.0,0,1.0,0.0,0.0,1,7,0.0,11,5,1,1
5901,50.0,2,999,0,1.1,93.994,-36.4,4.856,5191.0,999.0,0,1.0,0.0,1.0,2,8,0.0,5,5,1,1
5902,40.0,3,999,0,1.1,93.994,-36.4,4.856,5191.0,999.0,0,0.0,0.0,1.0,2,5,0.0,3,5,1,1
5903,31.0,2,999,0,1.4,94.465,-41.8,4.864,5228.1,999.0,0,0.0,1.0,1.0,2,4,0.0,4,6,1,1
5904,27.0,2,999,0,1.1,93.994,-36.4,4.857,5191.0,999.0,0,0.0,0.0,1.0,2,6,0.0,9,5,1,1
5905,33.0,2,999,0,1.1,93.994,-36.4,4.856,5191.0,999.0,0,1.0,0.0,1.0,3,5,0.0,6,5,1,1
5906,52.0,5,999,0,1.4,93.444,-36.1,4.963,5228.1,999.0,0,1.0,0.0,0.0,2,5,0.0,9,8,1,1
5907,36.0,1,999,0,-3.4,92.431,-26.9,0.741,5017.5,999.0,0,0.0,0.0,0.0,2,6,0.0,5,10,1,1
5908,29.0,4,999,0,-1.8,92.893,-46.2,1.299,5099.1,999.0,0,0.0,0.0,1.0,1,8,0.0,11,5,1,1
5909,39.0,6,999,0,1.1,93.994,-36.4,4.857,5191.0,999.0,0,0.0,0.0,1.0,2,8,0.0,6,5,2,1
5910,38.0,1,999,0,1.4,93.444,-36.1,4.966,5228.1,999.0,0,0.0,0.0,0.0,2,8,0.0,6,8,1,1
5911,31.0,1,999,1,-1.8,92.893,-46.2,1.291,5099.1,999.0,4,0.0,0.0,0.0,1,2,0.0,4,5,1,2
5912,33.0,2,999,0,-1.8,93.075,-47.1,1.405,5099.1,999.0,0,1.0,0.0,0.0,1,2,0.0,4,4,2,1
5913,60.0,1,999,0,-3.4,92.431,-26.9,0.72,5017.5,999.0,0,1.0,0.0,0.0,2,2,0.0,8,10,1,1
5914,45.0,6,999,0,-1.8,92.893,-46.2,1.334,5099.1,999.0,0,0.0,0.0,0.0,2,7,0.0,7,5,1,1
5915,42.0,1,999,0,1.1,93.994,-36.4,4.859,5191.0,999.0,0,1.0,0.0,1.0,1,7,0.0,6,5,1,1
5916,57.0,1,999,0,1.1,93.994,-36.4,4.857,5191.0,999.0,0,0.0,0.0,1.0,2,5,0.0,8,5,1,1
5917,42.0,1,999,0,1.1,93.994,-36.4,4.856,5191.0,999.0,0,0.0,0.0,1.0,3,5,0.0,9,5,1,1
5918,42.0,2,999,0,-0.1,93.2,-42.0,4.12,5195.8,999.0,0,1.0,0.0,0.0,2,7,0.0,3,11,1,1
5919,38.0,3,999,0,-3.4,92.649,-30.1,0.719,5017.5,999.0,0,0.0,1.0,1.0,2,7,0.0,6,11,2,1
5920,31.0,1,999,0,1.1,93.994,-36.4,4.856,5191.0,999.0,0,1.0,0.0,1.0,2,8,0.0,9,5,1,1
5921,31.0,1,999,0,1.4,93.918,-42.7,4.962,5228.1,999.0,0,1.0,1.0,1.0,1,6,0.0,5,7,1,1
5922,35.0,2,3,1,-1.8,92.893,-46.2,1.354,5099.1,0.1,1,1.0,0.0,0.0,2,8,0.0,6,5,1,3
5923,31.0,2,999,0,1.1,93.994,-36.4,4.857,5191.0,999.0,0,0.0,1.0,1.0,2,3,0.0,4,5,1,1
5924,31.0,2,999,0,1.1,93.994,-36.4,4.86,5191.0,999.0,0,0.0,0.0,1.0,2,2,0.0,2,5,1,1
5925,31.0,2,999,1,-1.8,92.893,-46.2,1.327,5099.1,999.0,1,0.0,1.0,0.0,2,8,0.0,4,5,1,2
5926,57.0,2,999,0,-0.1,93.2,-42.0,4.076,5195.8,999.0,0,0.0,0.0,0.0,2,5,0.0,7,11,1,1
5927,50.0,3,999,1,-1.8,92.893,-46.2,1.291,5099.1,999.0,1,0.0,0.0,0.0,2,3,0.0,5,5,1,2
5928,39.0,2,999,0,-1.8,92.893,-46.2,1.313,5099.1,999.0,0,0.0,0.0,0.0,2,8,0.0,4,5,1,1
5929,48.0,2,999,0,1.4,94.465,-41.8,4.961,5228.1,999.0,0,0.0,0.0,1.0,2,2,0.0,4,6,2,1
5930,30.0,7,999,0,1.4,93.918,-42.7,4.96,5228.1,999.0,0,1.0,1.0,0.0,1,7,0.0,5,7,1,1
5931,31.0,2,999,0,1.1,93.994,-36.4,4.86,5191.0,999.0,0,0.0,0.0,1.0,2,7,0.0,3,5,1,1
5932,44.0,20,999,0,1.4,93.918,-42.7,4.961,5228.1,999.0,0,0.0,0.0,0.0,2,6,0.0,4,7,1,1
5933,55.0,1,999,0,1.4,93.444,-36.1,4.965,5228.1,999.0,0,1.0,0.0,0.0,3,7,0.0,5,8,1,1
5934,33.0,3,999,0,1.4,93.444,-36.1,4.965,5228.1,999.0,0,1.0,0.0,0.0,2,7,0.0,6,8,2,1
5935,31.0,5,999,1,-1.8,93.075,-47.1,1.405,5099.1,999.0,1,1.0,1.0,0.0,1,8,0.0,6,4,2,2
5936,31.0,1,999,0,1.4,93.918,-42.7,4.959,5228.1,999.0,0,0.0,1.0,1.0,2,2,0.0,4,7,1,1
5937,46.0,6,999,0,1.4,93.444,-36.1,4.962,5228.1,999.0,0,1.0,0.0,0.0,3,8,0.0,5,8,1,1
5938,50.0,4,999,0,1.4,93.444,-36.1,4.963,5228.1,999.0,0,1.0,1.0,0.0,2,7,0.0,6,8,1,1
5939,53.0,2,999,0,1.4,93.918,-42.7,4.968,5228.1,999.0,0,0.0,1.0,0.0,2,2,0.0,4,7,1,1
5940,54.0,5,999,0,1.4,93.444,-36.1,4.966,5228.1,999.0,0,1.0,0.0,0.0,2,2,0.0,4,8,1,1
5941,31.0,5,9,2,-3.4,92.649,-30.1,0.714,5017.5,0.3,12,1.0,0.0,0.0,1,6,0.0,5,11,1,2
5942,54.0,3,999,0,1.4,93.444,-36.1,4.97,5228.1,999.0,0,0.0,1.0,0.0,2,6,0.0,5,8,2,1
5943,28.0,1,999,0,-1.8,92.893,-46.2,1.291,5099.1,999.0,0,0.0,1.0,0.0,1,4,0.0,6,5,1,1
5944,38.0,3,999,0,1.1,93.994,-36.4,4.857,5191.0,999.0,0,1.0,0.0,1.0,1,5,0.0,4,5,1,1
5945,48.0,2,999,0,1.1,93.994,-36.4,4.857,5191.0,999.0,0,1.0,1.0,1.0,2,2,0.0,5,5,2,1
5946,61.0,1,999,0,-1.8,92.893,-46.2,1.27,5099.1,999.0,0,0.0,0.0,0.0,2,2,0.0,4,5,1,1
5947,28.0,1,999,0,1.1,93.994,-36.4,4.856,5191.0,999.0,0,1.0,0.0,1.0,2,5,0.0,6,5,1,1
5948,53.0,2,999,0,1.4,93.918,-42.7,4.957,5228.1,999.0,0,0.0,0.0,1.0,2,7,0.0,1,7,1,1
5949,42.0,2,999,0,1.4,94.465,-41.8,4.947,5228.1,999.0,0,0.0,0.0,1.0,1,5,0.0,6,6,1,1
5950,31.0,1,999,0,-1.8,93.075,-47.1,1.405,5099.1,999.0,0,0.0,0.0,0.0,2,4,0.0,5,4,2,1
5951,39.0,2,999,0,1.4,93.918,-42.7,4.962,5228.1,999.0,0,1.0,1.0,0.0,2,7,0.0,6,7,1,1
5952,34.0,1,999,0,1.4,93.444,-36.1,4.963,5228.1,999.0,0,0.0,0.0,0.0,2,6,0.0,5,8,1,1
5953,31.0,4,999,0,-1.8,92.893,-46.2,1.244,5099.1,999.0,0,0.0,0.0,0.0,1,7,0.0,5,5,2,1
5954,30.0,4,999,0,-0.1,93.2,-42.0,4.076,5195.8,999.0,0,1.0,0.0,0.0,1,7,0.0,6,11,1,1
5955,42.0,1,999,0,1.1,93.994,-36.4,4.855,5191.0,999.0,0,1.0,0.0,1.0,2,6,0.0,9,5,1,1
5956,57.0,4,999,0,-2.9,92.963,-40.8,1.26,5076.2,999.0,0,0.0,1.0,1.0,3,5,0.0,2,6,1,1
5957,29.0,2,999,0,1.4,94.465,-41.8,4.96,5228.1,999.0,0,0.0,0.0,1.0,2,8,0.0,4,6,2,1
5958,32.0,1,999,0,1.4,94.465,-41.8,4.961,5228.1,999.0,0,1.0,1.0,1.0,1,2,0.0,2,6,2,1
5959,51.0,11,999,0,1.4,93.444,-36.1,4.965,5228.1,999.0,0,1.0,0.0,0.0,1,7,0.0,6,8,1,1
5960,33.0,2,999,0,-3.4,92.379,-29.8,0.741,5017.5,999.0,0,0.0,0.0,0.0,1,4,0.0,5,9,1,1
5961,31.0,2,999,0,-1.8,92.893,-46.2,1.299,5099.1,999.0,0,1.0,0.0,0.0,2,3,0.0,4,5,2,1
5962,45.0,2,999,0,1.4,93.444,-36.1,4.963,5228.1,999.0,0,1.0,1.0,0.0,3,6,0.0,5,8,1,1
5963,55.0,5,999,0,1.4,93.918,-42.7,4.958,5228.1,999.0,0,1.0,0.0,0.0,3,8,0.0,2,7,1,1
5964,36.0,2,999,0,1.4,93.918,-42.7,4.963,5228.1,999.0,0,0.0,0.0,0.0,2,8,0.0,7,7,1,1
5965,34.0,1,999,0,1.4,93.918,-42.7,4.962,5228.1,999.0,0,1.0,0.0,0.0,2,5,0.0,6,7,1,1
5966,49.0,4,999,0,1.4,94.465,-41.8,4.959,5228.1,999.0,0,0.0,0.0,1.0,2,5,0.0,3,6,1,1
5967,50.0,2,999,0,1.4,93.918,-42.7,4.961,5228.1,999.0,0,0.0,0.0,0.0,1,7,0.0,5,7,1,1
5968,35.0,1,999,0,1.1,93.994,-36.4,4.855,5191.0,999.0,0,1.0,0.0,1.0,2,4,0.0,4,5,1,1
5969,32.0,1,999,0,1.4,93.918,-42.7,4.966,5228.1,999.0,0,0.0,0.0,1.0,2,4,0.0,2,7,1,1
5970,43.0,1,999,0,1.4,93.444,-36.1,4.963,5228.1,999.0,0,1.0,1.0,0.0,2,7,0.0,6,8,1,1
5971,31.0,1,999,0,1.1,93.994,-36.4,4.856,5191.0,999.0,0,1.0,1.0,1.0,1,7,0.0,6,5,1,1
5972,48.0,1,999,0,1.4,94.465,-41.8,4.961,5228.1,999.0,0,1.0,0.0,1.0,3,8,0.0,9,6,1,1
5973,31.0,7,999,0,1.1,93.994,-36.4,4.859,5191.0,999.0,0,0.0,1.0,1.0,2,2,0.0,1,5,1,1
5974,42.0,7,999,0,1.1,93.994,-36.4,4.86,5191.0,999.0,0,0.0,0.0,1.0,1,4,0.0,6,5,1,1
5975,31.0,2,999,0,1.4,94.465,-41.8,4.961,5228.1,999.0,0,1.0,1.0,1.0,2,2,0.0,4,6,1,1
5976,31.0,2,999,0,-1.8,92.893,-46.2,1.291,5099.1,999.0,0,1.0,1.0,0.0,3,7,0.0,6,5,1,1
5977,28.0,4,999,0,1.1,93.994,-36.4,4.855,5191.0,999.0,0,1.0,1.0,1.0,1,6,0.0,5,5,1,1
5978,48.0,2,999,0,1.4,93.444,-36.1,4.964,5228.1,999.0,0,1.0,1.0,0.0,1,7,0.0,6,8,1,1
5979,56.0,2,3,1,-3.4,92.649,-30.1,0.716,5017.5,0.1,0,0.0,0.0,0.0,3,8,0.0,5,11,1,3
5980,31.0,6,999,0,1.4,93.918,-42.7,4.957,5228.1,999.0,0,0.0,0.0,1.0,1,7,0.0,6,7,1,1
5981,35.0,2,999,1,-1.8,92.893,-46.2,1.291,5099.1,999.0,3,0.0,0.0,0.0,2,4,0.0,4,5,1,2
5982,32.0,3,999,1,-1.7,94.055,-39.8,0.754,4991.6,999.0,6,0.0,0.0,0.0,2,7,0.0,5,6,2,2
5983,31.0,3,999,0,1.4,93.918,-42.7,4.963,5228.1,999.0,0,0.0,0.0,0.0,2,2,0.0,2,7,1,1
5984,35.0,1,999,0,1.4,93.444,-36.1,4.963,5228.1,999.0,0,1.0,0.0,0.0,1,6,0.0,5,8,1,1
5985,54.0,1,999,0,1.4,93.918,-42.7,4.96,5228.1,999.0,0,0.0,0.0,0.0,2,2,0.0,4,7,2,1
5986,31.0,1,999,0,-0.1,93.2,-42.0,4.12,5195.8,999.0,0,0.0,0.0,0.0,2,4,0.0,4,11,1,1
5987,47.0,10,999,0,1.4,93.444,-36.1,4.964,5228.1,999.0,0,1.0,0.0,0.0,2,7,0.0,6,8,1,1
5988,31.0,1,999,0,1.1,93.994,-36.4,4.855,5191.0,999.0,0,1.0,1.0,1.0,2,8,0.0,4,5,1,1
5989,43.0,1,999,0,1.4,93.918,-42.7,4.962,5228.1,999.0,0,1.0,0.0,0.0,2,2,0.0,2,7,1,1
5990,26.0,2,999,0,1.4,93.918,-42.7,4.962,5228.1,999.0,0,1.0,1.0,0.0,1,8,0.0,4,7,1,1
5991,30.0,1,999,0,1.4,93.444,-36.1,4.964,5228.1,999.0,0,0.0,1.0,0.0,1,7,0.0,5,8,1,1
5992,41.0,1,999,0,1.1,93.994,-36.4,4.856,5191.0,999.0,0,1.0,0.0,1.0,2,7,0.0,7,5,1,1
5993,30.0,1,999,0,-3.4,92.379,-29.8,0.788,5017.5,999.0,0,1.0,0.0,0.0,1,7,0.0,1,9,1,1
5994,52.0,1,999,0,1.1,93.994,-36.4,4.855,5191.0,999.0,0,0.0,0.0,1.0,2,8,0.0,2,5,1,1
5995,51.0,3,999,0,1.4,94.465,-41.8,4.866,5228.1,999.0,0,0.0,0.0,1.0,2,8,0.0,10,6,1,1
5996,45.0,11,999,0,1.1,93.994,-36.4,4.86,5191.0,999.0,0,1.0,0.0,1.0,2,2,0.0,4,5,1,1
5997,48.0,1,999,0,1.4,93.918,-42.7,4.962,5228.1,999.0,0,1.0,0.0,0.0,2,5,0.0,6,7,1,1
5998,39.0,1,999,0,1.4,93.918,-42.7,4.963,5228.1,999.0,0,0.0,0.0,0.0,1,8,0.0,4,7,1,1
5999,31.0,2,999,0,-1.1,94.767,-50.8,1.044,4963.6,999.0,0,1.0,0.0,0.0,1,5,0.0,6,11,1,1
6000,23.0,3,999,0,-1.8,92.893,-46.2,1.266,5099.1,999.0,0,1.0,0.0,0.0,1,5,0.0,5,5,1,1
6001,31.0,4,999,0,-1.8,93.075,-47.1,1.405,5099.1,999.0,0,0.0,0.0,1.0,1,7,0.0,6,4,1,1
6002,31.0,3,999,0,1.4,94.465,-41.8,4.865,5228.1,999.0,0,1.0,0.0,1.0,2,3,0.0,2,6,2,1
6003,31.0,1,999,0,-3.4,92.649,-30.1,0.72,5017.5,999.0,0,0.0,1.0,0.0,1,7,0.0,6,11,1,1
6004,31.0,6,999,0,-1.8,92.893,-46.2,1.25,5099.1,999.0,0,1.0,0.0,1.0,1,3,0.0,4,5,1,1
6005,30.0,1,999,0,-0.1,93.2,-42.0,4.021,5195.8,999.0,0,0.0,0.0,0.0,1,7,0.0,6,11,1,1
6006,36.0,7,999,0,1.4,94.465,-41.8,4.865,5228.1,999.0,0,0.0,0.0,1.0,2,8,0.0,3,6,2,1
6007,31.0,1,999,0,-0.1,93.2,-42.0,4.153,5195.8,999.0,0,1.0,0.0,0.0,2,5,0.0,6,11,1,1
6008,31.0,2,999,0,1.4,93.444,-36.1,4.968,5228.1,999.0,0,0.0,0.0,0.0,1,7,0.0,6,8,1,1
6009,44.0,2,999,0,1.4,93.918,-42.7,4.955,5228.1,999.0,0,0.0,0.0,1.0,3,8,0.0,6,7,1,1
6010,28.0,12,999,0,1.4,93.918,-42.7,4.962,5228.1,999.0,0,0.0,1.0,0.0,1,5,0.0,6,7,1,1
6011,44.0,1,999,0,1.1,93.994,-36.4,4.856,5191.0,999.0,0,0.0,0.0,1.0,2,7,0.0,3,5,1,1
6012,52.0,2,999,0,1.4,94.465,-41.8,4.958,5228.1,999.0,0,1.0,0.0,1.0,2,8,0.0,4,6,1,1
6013,49.0,1,999,0,1.4,93.918,-42.7,4.962,5228.1,999.0,0,1.0,0.0,0.0,3,5,0.0,9,7,1,1
6014,38.0,1,999,0,1.4,93.444,-36.1,4.967,5228.1,999.0,0,0.0,0.0,0.0,2,8,0.0,6,8,1,1
6015,30.0,4,999,0,1.1,93.994,-36.4,4.857,5191.0,999.0,0,1.0,1.0,1.0,1,4,0.0,4,5,1,1
6016,45.0,2,999,0,1.4,94.465,-41.8,4.96,5228.1,999.0,0,1.0,0.0,1.0,2,8,0.0,4,6,2,1
6017,31.0,2,999,0,1.4,94.465,-41.8,4.865,5228.1,999.0,0,0.0,0.0,1.0,2,8,0.0,6,6,2,1
6018,34.0,2,999,0,-3.4,92.379,-29.8,0.773,5017.5,999.0,0,0.0,0.0,1.0,2,7,0.0,6,9,1,1
6019,31.0,2,999,1,-1.7,94.055,-39.8,0.715,4991.6,999.0,0,0.0,0.0,0.0,2,7,0.0,5,6,1,2
6020,53.0,33,999,0,1.4,93.918,-42.7,4.968,5228.1,999.0,0,1.0,0.0,0.0,2,8,0.0,6,7,1,1
6021,31.0,1,999,0,1.1,93.994,-36.4,4.86,5191.0,999.0,0,1.0,0.0,1.0,2,8,0.0,5,5,1,1
6022,39.0,3,999,0,1.4,93.444,-36.1,4.966,5228.1,999.0,0,1.0,0.0,0.0,3,8,0.0,5,8,1,1
6023,46.0,1,999,0,-1.8,92.893,-46.2,1.344,5099.1,999.0,0,1.0,0.0,0.0,2,5,0.0,4,5,1,1
6024,42.0,1,999,0,1.1,93.994,-36.4,4.859,5191.0,999.0,0,0.0,0.0,1.0,2,2,0.0,4,5,1,1
6025,31.0,2,999,0,1.4,93.444,-36.1,4.965,5228.1,999.0,0,1.0,0.0,0.0,2,8,0.0,3,8,1,1
6026,31.0,1,999,0,-2.9,92.963,-40.8,1.26,5076.2,999.0,0,1.0,0.0,0.0,2,8,0.0,6,6,1,1
6027,51.0,1,999,0,-1.8,93.075,-47.1,1.365,5099.1,999.0,0,1.0,0.0,0.0,2,6,0.0,5,4,1,1
6028,53.0,6,999,1,-1.8,92.893,-46.2,1.25,5099.1,999.0,2,1.0,0.0,1.0,3,2,0.0,4,5,1,2
6029,31.0,1,1,1,-3.4,92.379,-29.8,0.809,5017.5,0.0333333333333,1,1.0,0.0,0.0,1,7,0.0,6,9,1,3
6030,31.0,2,999,0,-1.8,92.893,-46.2,1.291,5099.1,999.0,0,1.0,1.0,0.0,2,8,0.0,4,5,1,1
6031,43.0,1,999,0,-1.8,92.893,-46.2,1.327,5099.1,999.0,0,1.0,1.0,0.0,2,3,0.0,4,5,1,1
6032,31.0,8,999,0,-1.8,92.893,-46.2,1.25,5099.1,999.0,0,0.0,0.0,0.0,2,4,0.0,9,5,1,1
6033,41.0,8,999,0,1.4,93.918,-42.7,4.962,5228.1,999.0,0,0.0,0.0,0.0,2,5,0.0,6,7,2,1
6034,58.0,6,999,0,1.1,93.994,-36.4,4.858,5191.0,999.0,0,1.0,1.0,1.0,3,7,0.0,6,5,1,1
6035,46.0,3,999,0,1.4,94.465,-41.8,4.961,5228.1,999.0,0,1.0,0.0,1.0,1,7,0.0,6,6,1,1
6036,36.0,1,999,0,1.4,93.444,-36.1,4.965,5228.1,999.0,0,1.0,0.0,0.0,4,8,0.0,6,8,1,1
6037,31.0,1,999,0,1.4,93.918,-42.7,4.96,5228.1,999.0,0,1.0,0.0,0.0,2,5,0.0,9,7,2,1
6038,24.0,3,999,2,-1.1,94.601,-49.5,1.008,4963.6,999.0,6,0.0,1.0,0.0,1,8,0.0,11,10,1,2
6039,29.0,1,999,0,-0.1,93.2,-42.0,4.021,5195.8,999.0,0,1.0,0.0,0.0,2,5,0.0,6,11,1,1
6040,26.0,1,999,0,1.1,93.994,-36.4,4.857,5191.0,999.0,0,0.0,0.0,1.0,3,6,0.0,9,5,2,1
6041,42.0,2,999,0,1.1,93.994,-36.4,4.86,5191.0,999.0,0,0.0,0.0,1.0,2,7,0.0,6,5,1,1
6042,35.0,3,999,0,1.4,93.918,-42.7,4.958,5228.1,999.0,0,0.0,0.0,0.0,2,7,0.0,1,7,1,1
6043,31.0,1,999,0,1.4,93.918,-42.7,4.96,5228.1,999.0,0,0.0,0.0,0.0,2,8,0.0,4,7,2,1
6044,29.0,3,999,0,1.1,93.994,-36.4,4.855,5191.0,999.0,0,0.0,0.0,1.0,1,8,0.0,4,5,1,1
6045,31.0,6,999,0,1.4,93.444,-36.1,4.964,5228.1,999.0,0,0.0,0.0,1.0,2,2,0.0,2,8,1,1
6046,54.0,3,999,0,-2.9,92.201,-31.4,0.869,5076.2,999.0,0,1.0,0.0,0.0,2,7,0.0,6,8,1,1
6047,31.0,1,9,3,-1.1,94.601,-49.5,1.032,4963.6,0.3,3,1.0,0.0,1.0,1,7,0.0,5,10,2,2
6048,31.0,2,999,0,-1.8,92.893,-46.2,1.27,5099.1,999.0,0,0.0,0.0,0.0,1,7,0.0,3,5,1,1
6049,56.0,1,999,0,1.1,93.994,-36.4,4.857,5191.0,999.0,0,0.0,1.0,1.0,2,2,0.0,5,5,1,1
6050,42.0,3,999,0,-1.8,93.075,-47.1,1.415,5099.1,999.0,0,0.0,0.0,0.0,2,8,0.0,4,4,1,1
6051,55.0,4,999,0,1.4,94.465,-41.8,4.961,5228.1,999.0,0,1.0,0.0,1.0,2,8,0.0,2,6,1,1
6052,31.0,3,999,0,1.4,93.444,-36.1,4.965,5228.1,999.0,0,0.0,0.0,1.0,2,2,0.0,4,8,1,1
6053,43.0,2,999,0,1.1,93.994,-36.4,4.858,5191.0,999.0,0,0.0,0.0,1.0,2,4,0.0,1,5,1,1
6054,31.0,3,999,0,1.4,93.918,-42.7,4.957,5228.1,999.0,0,1.0,0.0,0.0,2,7,0.0,6,7,1,1
6055,22.0,2,999,0,-1.8,92.893,-46.2,1.313,5099.1,999.0,0,0.0,0.0,0.0,1,8,0.0,11,5,1,1
6056,32.0,1,999,0,1.4,93.444,-36.1,4.965,5228.1,999.0,0,1.0,1.0,0.0,2,8,0.0,6,8,2,1
6057,46.0,1,999,0,-1.8,93.369,-34.8,0.65,5008.7,999.0,0,1.0,0.0,0.0,2,8,0.0,6,3,1,1
6058,47.0,1,999,0,-1.8,93.075,-47.1,1.405,5099.1,999.0,0,1.0,0.0,0.0,2,2,0.0,4,4,2,1
6059,31.0,5,999,0,1.4,93.918,-42.7,4.962,5228.1,999.0,0,1.0,0.0,0.0,2,8,0.0,4,7,2,1
6060,33.0,1,999,0,1.1,93.994,-36.4,4.859,5191.0,999.0,0,1.0,0.0,1.0,1,4,0.0,4,5,1,1
6061,31.0,1,999,0,1.4,93.444,-36.1,4.964,5228.1,999.0,0,0.0,1.0,0.0,2,7,0.0,6,8,1,1
6062,28.0,16,999,0,1.4,93.918,-42.7,4.962,5228.1,999.0,0,0.0,0.0,1.0,1,4,0.0,4,7,1,1
6063,52.0,11,999,0,1.4,93.444,-36.1,4.965,5228.1,999.0,0,0.0,0.0,0.0,2,3,0.0,2,8,1,1
6064,31.0,2,999,0,1.4,93.918,-42.7,4.962,5228.1,999.0,0,0.0,1.0,0.0,2,5,0.0,9,7,1,1
6065,31.0,3,999,0,1.4,93.444,-36.1,4.965,5228.1,999.0,0,1.0,0.0,0.0,2,8,0.0,3,8,2,1
6066,37.0,2,999,1,-0.1,93.2,-42.0,4.076,5195.8,999.0,4,1.0,0.0,0.0,2,8,0.0,5,11,1,2
6067,43.0,5,999,0,1.4,93.918,-42.7,4.968,5228.1,999.0,0,0.0,0.0,0.0,1,8,0.0,4,7,1,1
6068,26.0,1,999,0,1.4,93.918,-42.7,4.96,5228.1,999.0,0,0.0,0.0,0.0,1,5,0.0,9,7,2,1
6069,33.0,2,999,0,1.4,94.465,-41.8,4.958,5228.1,999.0,0,0.0,1.0,1.0,2,7,0.0,7,6,1,1
6070,31.0,6,999,0,1.1,93.994,-36.4,4.857,5191.0,999.0,0,1.0,0.0,1.0,2,8,0.0,8,5,1,1
6071,40.0,1,999,0,1.4,94.465,-41.8,4.961,5228.1,999.0,0,0.0,0.0,1.0,2,3,0.0,9,6,2,1
6072,39.0,2,999,0,1.4,94.465,-41.8,4.961,5228.1,999.0,0,0.0,0.0,1.0,2,2,0.0,4,6,2,1
6073,41.0,1,999,0,1.4,93.444,-36.1,4.963,5228.1,999.0,0,0.0,0.0,0.0,3,7,0.0,6,8,1,1
6074,55.0,1,999,0,1.1,93.994,-36.4,4.857,5191.0,999.0,0,1.0,0.0,1.0,2,2,0.0,4,5,2,1
6075,31.0,2,999,0,-0.1,93.2,-42.0,4.153,5195.8,999.0,0,0.0,0.0,0.0,2,7,0.0,3,11,1,1
6076,26.0,1,999,0,-3.4,92.431,-26.9,0.731,5017.5,999.0,0,1.0,1.0,0.0,2,5,0.0,6,10,2,1
6077,31.0,1,999,0,1.4,93.444,-36.1,4.962,5228.1,999.0,0,0.0,0.0,0.0,2,8,0.0,6,8,1,1
6078,54.0,4,999,0,1.1,93.994,-36.4,4.857,5191.0,999.0,0,1.0,0.0,1.0,3,5,0.0,8,5,2,1
6079,58.0,5,999,0,1.4,93.444,-36.1,4.965,5228.1,999.0,0,0.0,1.0,0.0,2,6,0.0,8,8,1,1
6080,31.0,10,999,0,1.4,93.444,-36.1,4.962,5228.1,999.0,0,0.0,0.0,0.0,2,6,0.0,5,8,1,1
6081,46.0,1,999,0,1.4,93.444,-36.1,4.964,5228.1,999.0,0,0.0,0.0,0.0,2,8,0.0,9,8,1,1
6082,27.0,2,999,0,-1.7,94.027,-38.3,0.905,4991.6,999.0,0,1.0,0.0,0.0,1,7,0.0,6,8,1,1
6083,41.0,1,999,0,-1.8,92.893,-46.2,1.25,5099.1,999.0,0,0.0,0.0,0.0,1,4,0.0,4,5,1,1
6084,39.0,1,999,0,-1.8,92.893,-46.2,1.25,5099.1,999.0,0,0.0,0.0,0.0,1,7,0.0,7,5,1,1
6085,31.0,3,999,0,1.4,94.465,-41.8,4.866,5228.1,999.0,0,0.0,0.0,1.0,2,4,0.0,1,6,1,1
6086,56.0,1,999,1,-0.1,93.2,-42.0,4.12,5195.8,999.0,1,1.0,1.0,0.0,3,5,0.0,9,11,1,2
6087,33.0,1,999,0,1.4,93.444,-36.1,4.966,5228.1,999.0,0,0.0,0.0,0.0,2,7,0.0,6,8,1,1
6088,34.0,4,999,0,1.4,94.465,-41.8,4.962,5228.1,999.0,0,1.0,0.0,1.0,2,8,0.0,6,6,1,1
6089,24.0,10,999,0,-1.8,93.749,-34.6,0.645,5008.7,999.0,0,0.0,0.0,0.0,1,8,0.0,4,4,2,1
6090,34.0,3,999,0,1.4,93.444,-36.1,4.966,5228.1,999.0,0,0.0,0.0,0.0,1,7,0.0,6,8,1,1
6091,44.0,1,999,1,-1.8,92.893,-46.2,1.344,5099.1,999.0,1,1.0,1.0,0.0,2,2,0.0,7,5,1,2
6092,47.0,1,999,0,1.1,93.994,-36.4,4.855,5191.0,999.0,0,1.0,0.0,1.0,2,8,0.0,10,5,1,1
6093,31.0,1,999,0,-2.9,92.963,-40.8,1.252,5076.2,999.0,0,1.0,0.0,0.0,2,7,0.0,6,6,1,1
6094,31.0,1,999,0,1.4,93.444,-36.1,4.965,5228.1,999.0,0,0.0,0.0,0.0,2,5,0.0,3,8,1,1
6095,48.0,2,999,1,-0.1,93.2,-42.0,4.076,5195.8,999.0,0,1.0,0.0,0.0,2,7,0.0,6,11,1,2
6096,59.0,7,999,0,1.4,94.465,-41.8,4.959,5228.1,999.0,0,1.0,0.0,1.0,2,5,0.0,9,6,1,1
6097,42.0,1,999,0,-1.8,92.893,-46.2,1.25,5099.1,999.0,0,1.0,0.0,0.0,2,6,0.0,1,5,1,1
6098,51.0,1,999,0,1.4,93.918,-42.7,4.962,5228.1,999.0,0,1.0,0.0,0.0,2,4,0.0,4,7,1,1
6099,27.0,1,999,0,1.4,93.918,-42.7,4.968,5228.1,999.0,0,1.0,0.0,0.0,1,2,0.0,4,7,1,1
6100,26.0,7,999,0,1.4,93.918,-42.7,4.963,5228.1,999.0,0,0.0,0.0,1.0,2,7,0.0,5,7,1,1
6101,31.0,2,999,0,-1.8,93.876,-40.0,0.699,5008.7,999.0,0,1.0,1.0,0.0,3,7,0.0,11,5,1,1
6102,44.0,1,999,0,1.1,93.994,-36.4,4.864,5191.0,999.0,0,1.0,0.0,1.0,3,8,0.0,6,5,1,1
6103,31.0,1,999,2,-1.8,92.893,-46.2,1.344,5099.1,999.0,2,1.0,1.0,0.0,2,7,0.0,3,5,1,2
6104,32.0,1,999,0,1.4,93.918,-42.7,4.963,5228.1,999.0,0,1.0,0.0,0.0,2,2,0.0,4,7,1,1
6105,52.0,6,999,0,1.4,93.918,-42.7,4.962,5228.1,999.0,0,0.0,0.0,1.0,1,8,0.0,8,7,1,1
6106,35.0,1,999,0,-1.8,92.893,-46.2,1.313,5099.1,999.0,0,0.0,0.0,0.0,2,8,0.0,4,5,1,1
6107,55.0,1,999,0,1.1,93.994,-36.4,4.858,5191.0,999.0,0,1.0,0.0,1.0,2,2,0.0,4,5,2,1
6108,55.0,3,999,0,1.4,93.918,-42.7,4.962,5228.1,999.0,0,0.0,0.0,0.0,2,8,0.0,8,7,1,1
6109,42.0,1,6,1,-1.7,94.027,-38.3,0.898,4991.6,0.2,3,1.0,0.0,0.0,2,4,0.0,4,8,1,3
6110,46.0,3,999,0,-1.8,92.893,-46.2,1.299,5099.1,999.0,0,0.0,0.0,0.0,2,8,0.0,4,5,2,1
6111,36.0,2,999,0,1.1,93.994,-36.4,4.859,5191.0,999.0,0,1.0,0.0,1.0,2,6,0.0,5,5,1,1
6112,36.0,6,999,0,-2.9,92.469,-33.6,0.908,5076.2,999.0,0,0.0,0.0,0.0,2,5,0.0,6,7,1,1
6113,34.0,5,999,0,-1.8,92.893,-46.2,1.291,5099.1,999.0,0,0.0,1.0,0.0,2,5,0.0,9,5,1,1
6114,31.0,1,999,0,-0.1,93.2,-42.0,4.076,5195.8,999.0,0,0.0,0.0,0.0,2,7,0.0,3,11,1,1
6115,32.0,2,999,0,1.4,93.918,-42.7,4.96,5228.1,999.0,0,0.0,0.0,0.0,2,6,0.0,5,7,2,1
6116,54.0,3,999,0,-1.8,93.369,-34.8,0.655,5008.7,999.0,0,1.0,0.0,1.0,1,8,0.0,5,3,1,1
6117,43.0,2,999,0,1.1,93.994,-36.4,4.857,5191.0,999.0,0,0.0,1.0,1.0,2,6,0.0,6,5,1,1
6118,48.0,3,999,0,1.4,93.918,-42.7,4.963,5228.1,999.0,0,1.0,0.0,0.0,3,7,0.0,6,7,1,1
6119,31.0,6,13,1,-2.9,92.469,-33.6,0.908,5076.2,0.433333333333,3,0.0,1.0,0.0,2,8,0.0,6,7,1,3
6120,33.0,3,999,0,1.4,94.465,-41.8,4.865,5228.1,999.0,0,0.0,0.0,1.0,1,5,0.0,9,6,2,1
6121,31.0,2,999,0,1.1,93.994,-36.4,4.855,5191.0,999.0,0,1.0,0.0,1.0,2,5,0.0,5,5,1,1
6122,57.0,1,999,0,-0.1,93.2,-42.0,4.021,5195.8,999.0,0,1.0,0.0,0.0,3,6,0.0,3,11,1,1
6123,48.0,2,999,0,-3.4,92.649,-30.1,0.715,5017.5,999.0,0,1.0,1.0,0.0,2,7,0.0,3,11,1,1
6124,31.0,7,999,0,-1.8,92.893,-46.2,1.327,5099.1,999.0,0,1.0,1.0,0.0,1,4,0.0,11,5,1,1
6125,52.0,6,999,0,1.4,93.444,-36.1,4.964,5228.1,999.0,0,0.0,0.0,0.0,3,6,0.0,5,8,1,1
6126,75.0,1,999,1,-1.8,93.075,-47.1,1.405,5099.1,999.0,2,0.0,0.0,0.0,2,2,0.0,8,4,1,2
6127,33.0,3,999,0,1.4,93.918,-42.7,4.968,5228.1,999.0,0,0.0,0.0,0.0,1,8,0.0,5,7,1,1
6128,31.0,1,999,0,1.1,93.994,-36.4,4.857,5191.0,999.0,0,1.0,0.0,1.0,2,6,0.0,4,5,2,1
6129,34.0,1,999,0,-1.7,94.055,-39.8,0.754,4991.6,999.0,0,1.0,0.0,0.0,1,7,0.0,6,6,1,1
6130,44.0,1,999,0,1.4,93.918,-42.7,4.962,5228.1,999.0,0,1.0,0.0,0.0,2,2,0.0,4,7,1,1
6131,31.0,2,999,1,-2.9,92.201,-31.4,0.881,5076.2,999.0,2,1.0,0.0,1.0,1,6,0.0,5,8,1,2
6132,43.0,5,999,0,1.4,93.918,-42.7,4.957,5228.1,999.0,0,0.0,1.0,1.0,2,4,0.0,5,7,1,1
6133,44.0,2,999,0,1.1,93.994,-36.4,4.858,5191.0,999.0,0,1.0,0.0,1.0,2,5,0.0,5,5,1,1
6134,29.0,3,999,0,1.4,93.444,-36.1,4.963,5228.1,999.0,0,0.0,0.0,0.0,2,6,0.0,9,8,1,1
6135,39.0,1,999,0,-0.1,93.2,-42.0,4.076,5195.8,999.0,0,0.0,0.0,0.0,2,8,0.0,3,11,1,1
6136,39.0,3,999,0,1.4,93.918,-42.7,4.962,5228.1,999.0,0,1.0,1.0,0.0,1,5,0.0,4,7,1,1
6137,35.0,1,999,0,-2.9,92.201,-31.4,0.869,5076.2,999.0,0,1.0,0.0,0.0,1,5,0.0,6,8,1,1
6138,31.0,2,999,0,-1.8,93.075,-47.1,1.41,5099.1,999.0,0,0.0,0.0,0.0,2,8,0.0,3,4,1,1
6139,58.0,5,999,0,1.4,93.918,-42.7,4.957,5228.1,999.0,0,1.0,0.0,1.0,3,8,0.0,3,7,1,1
6140,41.0,2,4,1,-0.1,93.2,-42.0,4.153,5195.8,0.133333333333,2,1.0,0.0,0.0,1,6,0.0,5,11,1,3
6141,33.0,2,999,0,1.4,93.444,-36.1,4.964,5228.1,999.0,0,1.0,1.0,0.0,2,7,0.0,6,8,1,1
6142,53.0,1,999,1,-1.8,92.893,-46.2,1.334,5099.1,999.0,1,1.0,0.0,0.0,2,7,0.0,6,5,1,2
6143,43.0,1,999,0,-0.1,93.2,-42.0,4.153,5195.8,999.0,0,1.0,1.0,0.0,2,4,0.0,7,11,1,1
6144,33.0,1,999,0,-0.1,93.2,-42.0,4.191,5195.8,999.0,0,0.0,0.0,0.0,1,8,0.0,5,11,2,1
6145,40.0,1,999,0,-1.8,93.075,-47.1,1.405,5099.1,999.0,0,1.0,0.0,0.0,1,5,0.0,6,4,2,1
6146,43.0,4,999,0,-1.8,93.075,-47.1,1.405,5099.1,999.0,0,1.0,0.0,1.0,2,7,0.0,3,4,1,1
6147,35.0,1,999,0,1.1,93.994,-36.4,4.858,5191.0,999.0,0,0.0,0.0,1.0,2,7,0.0,5,5,1,1
6148,34.0,2,999,0,1.4,93.444,-36.1,4.968,5228.1,999.0,0,1.0,0.0,0.0,1,7,0.0,6,8,1,1
6149,42.0,2,999,0,1.1,93.994,-36.4,4.859,5191.0,999.0,0,0.0,0.0,1.0,2,3,0.0,4,5,1,1
6150,39.0,2,999,0,1.4,93.444,-36.1,4.964,5228.1,999.0,0,0.0,0.0,0.0,2,8,0.0,5,8,1,1
6151,31.0,1,999,0,1.4,93.918,-42.7,4.966,5228.1,999.0,0,0.0,0.0,1.0,2,8,0.0,10,7,1,1
6152,32.0,2,999,0,1.1,93.994,-36.4,4.857,5191.0,999.0,0,1.0,0.0,1.0,3,2,0.0,3,5,2,1
6153,34.0,1,999,0,1.1,93.994,-36.4,4.856,5191.0,999.0,0,1.0,0.0,1.0,2,6,0.0,7,5,1,1
6154,38.0,2,999,0,1.1,93.994,-36.4,4.856,5191.0,999.0,0,0.0,0.0,1.0,2,4,0.0,2,5,1,1
6155,32.0,1,999,0,1.4,93.918,-42.7,4.963,5228.1,999.0,0,1.0,0.0,0.0,3,7,0.0,6,7,1,1
6156,53.0,2,999,0,-0.1,93.2,-42.0,4.021,5195.8,999.0,0,1.0,0.0,0.0,2,8,0.0,8,11,1,1
6157,31.0,1,999,0,1.4,94.465,-41.8,4.962,5228.1,999.0,0,1.0,0.0,1.0,2,8,0.0,2,6,1,1
6158,32.0,1,999,0,1.4,93.918,-42.7,4.963,5228.1,999.0,0,0.0,0.0,0.0,2,8,0.0,4,7,1,1
6159,53.0,2,999,0,1.4,93.444,-36.1,4.967,5228.1,999.0,0,0.0,0.0,0.0,2,2,0.0,4,8,1,1
6160,47.0,4,999,1,-1.8,92.893,-46.2,1.264,5099.1,999.0,3,1.0,0.0,0.0,3,5,0.0,6,5,2,2
6161,36.0,6,999,0,1.4,93.444,-36.1,4.965,5228.1,999.0,0,1.0,0.0,0.0,2,5,0.0,5,8,2,1
6162,34.0,1,999,0,1.1,93.994,-36.4,4.857,5191.0,999.0,0,1.0,0.0,1.0,2,8,0.0,4,5,1,1
6163,37.0,3,999,0,1.4,94.465,-41.8,4.959,5228.1,999.0,0,0.0,0.0,1.0,2,5,0.0,9,6,1,1
6164,44.0,3,999,0,-0.1,93.2,-42.0,4.191,5195.8,999.0,0,0.0,0.0,0.0,1,5,0.0,6,11,2,1
6165,59.0,4,999,0,1.1,93.994,-36.4,4.857,5191.0,999.0,0,0.0,0.0,1.0,2,7,0.0,8,5,1,1
6166,30.0,1,999,0,1.1,93.994,-36.4,4.857,5191.0,999.0,0,1.0,0.0,1.0,1,5,0.0,9,5,1,1
6167,46.0,2,999,0,-1.8,93.075,-47.1,1.41,5099.1,999.0,0,0.0,0.0,0.0,2,2,0.0,4,4,1,1
6168,31.0,6,999,0,-1.8,93.075,-47.1,1.405,5099.1,999.0,0,1.0,0.0,0.0,1,6,0.0,5,4,2,1
6169,31.0,2,999,0,1.4,93.444,-36.1,4.963,5228.1,999.0,0,1.0,1.0,0.0,2,2,0.0,2,8,2,1
6170,31.0,2,999,0,-3.4,92.649,-30.1,0.716,5017.5,999.0,0,0.0,0.0,0.0,1,7,0.0,6,11,1,1
6171,39.0,1,999,1,-1.8,92.893,-46.2,1.25,5099.1,999.0,2,1.0,1.0,0.0,1,8,0.0,7,5,1,2
6172,31.0,2,999,0,1.1,93.994,-36.4,4.855,5191.0,999.0,0,0.0,0.0,1.0,2,8,0.0,6,5,1,1
6173,31.0,6,999,1,-0.1,93.2,-42.0,4.076,5195.8,999.0,0,0.0,0.0,0.0,1,8,0.0,4,11,1,2
6174,33.0,1,999,0,1.1,93.994,-36.4,4.856,5191.0,999.0,0,1.0,1.0,1.0,2,4,0.0,4,5,1,1
6175,51.0,1,999,0,1.4,93.444,-36.1,4.964,5228.1,999.0,0,0.0,0.0,0.0,2,2,0.0,4,8,1,1
6176,34.0,6,999,0,-1.8,92.893,-46.2,1.299,5099.1,999.0,0,1.0,0.0,0.0,1,8,0.0,5,5,2,1
6177,30.0,2,999,1,-1.8,92.893,-46.2,1.313,5099.1,999.0,2,0.0,0.0,0.0,2,7,0.0,6,5,1,2
6178,27.0,2,999,0,-1.8,93.075,-47.1,1.365,5099.1,999.0,0,1.0,0.0,0.0,1,8,0.0,4,4,1,1
6179,45.0,2,999,0,1.4,93.918,-42.7,4.962,5228.1,999.0,0,0.0,0.0,0.0,3,8,0.0,5,7,1,1
6180,31.0,2,999,0,-1.1,94.601,-49.5,1.008,4963.6,999.0,0,1.0,1.0,0.0,2,8,0.0,5,10,1,1
6181,30.0,1,999,0,1.4,93.444,-36.1,4.963,5228.1,999.0,0,0.0,0.0,0.0,2,7,0.0,6,8,1,1
6182,32.0,1,999,0,1.4,93.444,-36.1,4.964,5228.1,999.0,0,0.0,0.0,0.0,1,7,0.0,6,8,1,1
6183,53.0,1,999,0,1.1,93.994,-36.4,4.855,5191.0,999.0,0,1.0,0.0,1.0,2,2,0.0,3,5,1,1
6184,31.0,4,999,0,-0.1,93.2,-42.0,4.076,5195.8,999.0,0,1.0,0.0,0.0,1,2,0.0,4,11,1,1
6185,46.0,1,999,0,-2.9,92.963,-40.8,1.262,5076.2,999.0,0,0.0,0.0,0.0,2,8,0.0,10,6,1,1
6186,28.0,2,999,0,1.4,93.918,-42.7,4.968,5228.1,999.0,0,0.0,0.0,0.0,1,8,0.0,6,7,1,1
6187,70.0,2,999,1,-1.8,93.075,-47.1,1.415,5099.1,999.0,1,0.0,0.0,0.0,2,8,0.0,8,4,1,2
6188,36.0,1,999,0,1.4,93.918,-42.7,4.96,5228.1,999.0,0,0.0,0.0,0.0,1,7,0.0,1,7,2,1
6189,29.0,2,999,0,-2.9,92.963,-40.8,1.286,5076.2,999.0,0,1.0,1.0,0.0,1,5,0.0,6,6,1,1
6190,28.0,3,999,0,1.4,93.918,-42.7,4.963,5228.1,999.0,0,0.0,0.0,0.0,2,8,0.0,1,7,1,1
6191,36.0,7,999,1,-0.1,93.2,-42.0,4.076,5195.8,999.0,2,0.0,0.0,0.0,1,3,0.0,4,11,1,2
6192,35.0,3,999,0,-1.8,92.893,-46.2,1.327,5099.1,999.0,0,1.0,0.0,0.0,2,8,0.0,4,5,1,1
6193,57.0,1,5,2,-2.9,92.201,-31.4,0.883,5076.2,0.166666666667,4,1.0,0.0,0.0,2,7,0.0,3,8,1,2
6194,28.0,8,999,0,-1.8,92.893,-46.2,1.25,5099.1,999.0,0,1.0,0.0,0.0,1,3,0.0,4,5,1,1
6195,29.0,1,999,0,-3.0,92.713,-33.0,0.714,5023.5,999.0,0,0.0,0.0,1.0,2,2,0.0,10,12,1,1
6196,50.0,2,999,0,1.4,94.465,-41.8,4.961,5228.1,999.0,0,0.0,0.0,1.0,3,5,0.0,9,6,1,1
6197,31.0,2,999,0,1.4,94.465,-41.8,4.864,5228.1,999.0,0,0.0,0.0,1.0,1,4,0.0,4,6,1,1
6198,39.0,1,999,0,1.4,93.918,-42.7,4.962,5228.1,999.0,0,0.0,0.0,0.0,2,8,0.0,2,7,1,1
6199,38.0,1,999,0,1.4,93.918,-42.7,4.955,5228.1,999.0,0,0.0,0.0,1.0,2,2,0.0,4,7,1,1
6200,39.0,4,999,0,1.1,93.994,-36.4,4.857,5191.0,999.0,0,1.0,0.0,1.0,2,7,0.0,3,5,1,1
6201,36.0,5,999,0,-1.8,92.893,-46.2,1.344,5099.1,999.0,0,1.0,0.0,0.0,3,8,0.0,6,5,1,1
6202,23.0,1,999,0,1.4,93.918,-42.7,4.963,5228.1,999.0,0,1.0,0.0,0.0,1,6,0.0,6,7,1,1
6203,31.0,1,999,0,1.4,93.918,-42.7,4.962,5228.1,999.0,0,0.0,0.0,0.0,1,8,0.0,5,7,1,1
6204,31.0,2,999,0,1.4,94.465,-41.8,4.961,5228.1,999.0,0,0.0,0.0,1.0,2,5,0.0,6,6,2,1
6205,31.0,2,999,0,-0.1,93.2,-42.0,4.153,5195.8,999.0,0,0.0,0.0,0.0,3,8,0.0,6,11,1,1
6206,31.0,1,999,0,-1.7,94.215,-40.3,0.861,4991.6,999.0,0,0.0,0.0,0.0,2,8,0.0,6,7,1,1
6207,30.0,1,999,0,1.4,93.444,-36.1,4.97,5228.1,999.0,0,0.0,0.0,0.0,2,7,0.0,6,8,2,1
6208,37.0,2,999,0,1.4,93.918,-42.7,4.957,5228.1,999.0,0,1.0,0.0,0.0,1,8,0.0,7,7,1,1
6209,36.0,2,999,0,1.4,93.918,-42.7,4.962,5228.1,999.0,0,0.0,0.0,0.0,1,4,0.0,4,7,2,1
6210,31.0,1,999,0,-2.9,92.963,-40.8,1.262,5076.2,999.0,0,1.0,0.0,0.0,1,5,0.0,6,6,1,1
6211,48.0,2,999,0,-2.9,92.201,-31.4,0.881,5076.2,999.0,0,0.0,0.0,0.0,1,4,0.0,10,8,1,1
6212,45.0,1,999,0,1.4,93.918,-42.7,4.959,5228.1,999.0,0,0.0,1.0,1.0,2,8,0.0,3,7,1,1
6213,46.0,3,999,0,1.4,93.444,-36.1,4.967,5228.1,999.0,0,1.0,0.0,0.0,2,8,0.0,4,8,1,1
6214,32.0,1,999,3,-3.4,92.431,-26.9,0.728,5017.5,999.0,6,0.0,0.0,0.0,1,7,0.0,6,10,1,2
6215,41.0,3,999,0,-1.7,94.215,-40.3,0.793,4991.6,999.0,0,0.0,0.0,0.0,3,8,0.0,6,7,2,1
6216,31.0,4,999,1,-1.8,92.893,-46.2,1.291,5099.1,999.0,2,1.0,0.0,0.0,2,3,0.0,2,5,1,2
6217,33.0,2,999,0,1.4,93.444,-36.1,4.963,5228.1,999.0,0,1.0,0.0,0.0,2,7,0.0,10,8,1,1
6218,56.0,4,999,0,1.4,93.918,-42.7,4.962,5228.1,999.0,0,0.0,0.0,0.0,2,2,0.0,8,7,1,1
6219,31.0,2,999,0,-1.8,93.075,-47.1,1.41,5099.1,999.0,0,0.0,0.0,0.0,2,8,0.0,6,4,1,1
6220,26.0,1,999,0,1.4,93.918,-42.7,4.962,5228.1,999.0,0,1.0,1.0,0.0,1,5,0.0,6,7,1,1
6221,31.0,2,999,0,1.4,94.465,-41.8,4.961,5228.1,999.0,0,0.0,0.0,1.0,2,8,0.0,1,6,1,1
6222,32.0,1,999,0,-0.1,93.2,-42.0,4.12,5195.8,999.0,0,0.0,1.0,0.0,2,5,0.0,9,11,1,1
6223,31.0,1,999,0,1.4,93.918,-42.7,4.961,5228.1,999.0,0,0.0,0.0,1.0,1,8,0.0,4,7,1,1
6224,31.0,12,999,0,1.4,93.444,-36.1,4.965,5228.1,999.0,0,1.0,0.0,0.0,2,7,0.0,6,8,1,1
6225,31.0,1,999,0,1.4,93.918,-42.7,4.958,5228.1,999.0,0,1.0,0.0,0.0,1,7,0.0,11,7,1,1
6226,33.0,1,999,0,1.1,93.994,-36.4,4.857,5191.0,999.0,0,1.0,0.0,1.0,2,8,0.0,6,5,2,1
6227,25.0,1,999,0,1.4,94.465,-41.8,4.96,5228.1,999.0,0,1.0,1.0,1.0,1,8,0.0,11,6,1,1
6228,30.0,2,999,0,-0.1,93.2,-42.0,4.12,5195.8,999.0,0,1.0,0.0,0.0,2,5,0.0,6,11,1,1
6229,39.0,3,999,0,1.4,93.918,-42.7,4.968,5228.1,999.0,0,1.0,0.0,0.0,2,7,0.0,6,7,1,1
6230,44.0,1,999,0,1.4,93.918,-42.7,4.96,5228.1,999.0,0,1.0,0.0,0.0,2,4,0.0,4,7,2,1
6231,54.0,13,999,0,1.4,94.465,-41.8,4.961,5228.1,999.0,0,0.0,0.0,1.0,2,7,0.0,3,6,2,1
6232,25.0,9,999,0,1.4,93.918,-42.7,4.955,5228.1,999.0,0,1.0,0.0,1.0,2,8,0.0,9,7,1,1
6233,31.0,1,999,0,-2.9,92.201,-31.4,0.825,5076.2,999.0,0,1.0,0.0,1.0,1,5,0.0,11,8,1,1
6234,52.0,3,999,0,1.4,93.444,-36.1,4.963,5228.1,999.0,0,0.0,0.0,0.0,2,6,0.0,5,8,1,1
6235,31.0,3,999,1,-1.8,93.369,-34.8,0.649,5008.7,999.0,1,1.0,0.0,0.0,1,7,0.0,9,3,1,2
6236,32.0,1,999,0,1.4,93.444,-36.1,4.965,5228.1,999.0,0,1.0,1.0,0.0,2,8,0.0,6,8,1,1
6237,39.0,6,999,0,-1.8,92.893,-46.2,1.25,5099.1,999.0,0,1.0,0.0,0.0,2,8,0.0,4,5,1,1
6238,31.0,1,2,1,-1.8,93.075,-47.1,1.365,5099.1,0.0666666666667,4,1.0,1.0,0.0,2,7,0.0,6,4,1,3
6239,25.0,1,999,0,-3.4,92.649,-30.1,0.716,5017.5,999.0,0,1.0,0.0,0.0,1,8,0.0,5,11,1,1
6240,32.0,2,999,0,-1.8,93.075,-47.1,1.405,5099.1,999.0,0,1.0,0.0,0.0,1,7,0.0,6,4,2,1
6241,31.0,2,999,0,1.1,93.994,-36.4,4.857,5191.0,999.0,0,1.0,0.0,1.0,2,5,0.0,9,5,1,1
6242,34.0,1,999,0,1.4,94.465,-41.8,4.864,5228.1,999.0,0,0.0,0.0,1.0,3,4,0.0,5,6,1,1
6243,25.0,1,999,0,1.4,94.465,-41.8,4.96,5228.1,999.0,0,1.0,0.0,1.0,1,5,0.0,10,6,2,1
6244,54.0,9,999,0,1.4,93.444,-36.1,4.964,5228.1,999.0,0,1.0,0.0,0.0,2,5,0.0,9,8,1,1
6245,29.0,2,999,0,1.1,93.994,-36.4,4.859,5191.0,999.0,0,1.0,0.0,1.0,2,6,0.0,4,5,1,1
6246,31.0,1,999,0,1.4,93.444,-36.1,4.97,5228.1,999.0,0,0.0,0.0,0.0,2,8,0.0,6,8,2,1
6247,46.0,1,999,0,-1.8,92.893,-46.2,1.244,5099.1,999.0,0,0.0,0.0,0.0,3,6,0.0,5,5,2,1
6248,49.0,1,999,0,1.1,93.994,-36.4,4.857,5191.0,999.0,0,1.0,0.0,1.0,2,6,0.0,5,5,1,1
6249,31.0,2,6,1,-3.4,92.431,-26.9,0.737,5017.5,0.2,3,1.0,0.0,0.0,2,2,0.0,5,10,1,3
6250,34.0,1,999,0,1.4,94.465,-41.8,4.961,5228.1,999.0,0,0.0,0.0,1.0,2,8,0.0,6,6,1,1
6251,38.0,2,999,0,1.4,93.918,-42.7,4.961,5228.1,999.0,0,0.0,1.0,1.0,1,8,0.0,6,7,1,1
6252,31.0,1,999,0,-2.9,92.201,-31.4,0.861,5076.2,999.0,0,0.0,0.0,0.0,2,7,0.0,3,8,2,1
6253,35.0,2,999,0,1.1,93.994,-36.4,4.856,5191.0,999.0,0,1.0,0.0,1.0,2,5,0.0,6,5,1,1
6254,36.0,1,999,0,1.4,93.444,-36.1,4.968,5228.1,999.0,0,1.0,0.0,0.0,2,8,0.0,6,8,1,1
6255,31.0,3,999,0,1.4,93.918,-42.7,4.957,5228.1,999.0,0,0.0,1.0,0.0,1,3,0.0,4,7,1,1
6256,40.0,3,999,0,1.4,93.444,-36.1,4.965,5228.1,999.0,0,1.0,0.0,0.0,2,8,0.0,5,8,2,1
6257,45.0,2,999,0,-0.1,93.2,-42.0,4.153,5195.8,999.0,0,0.0,0.0,0.0,2,7,0.0,3,11,1,1
6258,39.0,2,999,1,-1.8,92.893,-46.2,1.266,5099.1,999.0,3,1.0,0.0,1.0,2,2,0.0,3,5,1,2
6259,36.0,3,999,0,1.1,93.994,-36.4,4.86,5191.0,999.0,0,0.0,0.0,1.0,2,5,0.0,9,5,1,1
6260,23.0,4,999,1,-1.7,94.215,-40.3,0.846,4991.6,999.0,2,0.0,0.0,0.0,1,8,0.0,4,7,1,2
6261,30.0,1,999,0,1.1,93.994,-36.4,4.858,5191.0,999.0,0,0.0,0.0,1.0,2,6,0.0,7,5,1,1
6262,30.0,3,999,0,1.1,93.994,-36.4,4.858,5191.0,999.0,0,0.0,1.0,1.0,2,8,0.0,4,5,1,1
6263,43.0,8,999,0,1.4,93.444,-36.1,4.965,5228.1,999.0,0,0.0,0.0,1.0,2,7,0.0,6,8,1,1
6264,29.0,2,999,0,-1.8,92.893,-46.2,1.334,5099.1,999.0,0,0.0,0.0,0.0,1,4,0.0,11,5,1,1
6265,30.0,1,999,1,-1.8,92.893,-46.2,1.344,5099.1,999.0,0,1.0,1.0,0.0,1,8,0.0,3,5,1,2
6266,48.0,3,999,0,1.4,94.465,-41.8,4.96,5228.1,999.0,0,1.0,0.0,1.0,2,8,0.0,4,6,1,1
6267,44.0,5,999,0,1.4,93.444,-36.1,4.963,5228.1,999.0,0,1.0,0.0,0.0,3,7,0.0,5,8,1,1
6268,31.0,1,999,1,-0.1,93.2,-42.0,4.153,5195.8,999.0,2,1.0,0.0,0.0,2,4,0.0,4,11,1,2
6269,19.0,2,6,4,-1.1,94.199,-37.5,0.879,4963.6,0.2,4,1.0,0.0,0.0,1,3,0.0,11,9,1,3
6270,50.0,3,999,1,-1.8,93.075,-47.1,1.405,5099.1,999.0,0,1.0,0.0,0.0,2,4,0.0,4,4,1,2
6271,31.0,1,999,0,1.4,94.465,-41.8,4.864,5228.1,999.0,0,0.0,0.0,1.0,3,5,0.0,10,6,1,1
6272,59.0,1,999,0,1.4,93.918,-42.7,4.968,5228.1,999.0,0,1.0,0.0,0.0,2,5,0.0,9,7,1,1
6273,40.0,2,999,0,1.4,93.918,-42.7,4.968,5228.1,999.0,0,0.0,0.0,0.0,2,6,0.0,6,7,1,1
6274,31.0,1,999,0,1.4,94.465,-41.8,4.866,5228.1,999.0,0,1.0,0.0,1.0,2,7,0.0,3,6,1,1
6275,29.0,2,999,0,1.4,94.465,-41.8,4.864,5228.1,999.0,0,0.0,0.0,1.0,1,7,0.0,4,6,1,1
6276,43.0,1,999,0,1.1,93.994,-36.4,4.857,5191.0,999.0,0,1.0,0.0,1.0,2,2,0.0,4,5,1,1
6277,31.0,1,999,0,1.1,93.994,-36.4,4.864,5191.0,999.0,0,1.0,0.0,1.0,2,4,0.0,4,5,1,1
6278,44.0,3,999,0,1.4,93.444,-36.1,4.964,5228.1,999.0,0,1.0,0.0,0.0,1,7,0.0,5,8,1,1
6279,23.0,6,999,0,-1.8,92.893,-46.2,1.266,5099.1,999.0,0,0.0,1.0,0.0,1,2,0.0,2,5,1,1
6280,31.0,1,999,0,-1.8,93.075,-47.1,1.445,5099.1,999.0,0,1.0,0.0,0.0,1,6,0.0,10,4,1,1
6281,38.0,2,999,0,1.1,93.994,-36.4,4.857,5191.0,999.0,0,0.0,0.0,1.0,1,7,0.0,3,5,1,1
6282,43.0,1,999,0,-0.1,93.2,-42.0,4.153,5195.8,999.0,0,0.0,0.0,0.0,2,6,0.0,3,11,1,1
6283,31.0,1,999,0,1.4,93.918,-42.7,4.961,5228.1,999.0,0,0.0,0.0,0.0,2,8,0.0,4,7,1,1
6284,31.0,1,999,0,-1.8,93.075,-47.1,1.445,5099.1,999.0,0,1.0,0.0,0.0,1,5,0.0,11,4,1,1
6285,46.0,2,999,0,-1.8,92.893,-46.2,1.299,5099.1,999.0,0,0.0,0.0,0.0,2,8,0.0,3,5,2,1
6286,50.0,1,999,0,1.4,94.465,-41.8,4.96,5228.1,999.0,0,1.0,0.0,1.0,3,2,0.0,4,6,2,1
6287,48.0,1,999,0,1.4,93.444,-36.1,4.962,5228.1,999.0,0,0.0,0.0,0.0,2,4,0.0,9,8,1,1
6288,31.0,2,11,1,-1.8,92.893,-46.2,1.313,5099.1,0.366666666667,0,0.0,0.0,0.0,2,4,0.0,4,5,1,3
6289,40.0,2,999,1,-1.8,92.893,-46.2,1.291,5099.1,999.0,0,1.0,1.0,0.0,2,2,0.0,4,5,1,2
6290,36.0,1,999,1,-0.1,93.2,-42.0,4.153,5195.8,999.0,0,1.0,0.0,0.0,1,8,0.0,6,11,1,2
6291,27.0,1,999,0,-1.8,92.893,-46.2,1.299,5099.1,999.0,0,1.0,1.0,0.0,1,5,0.0,12,5,1,1
6292,31.0,3,999,0,1.4,93.444,-36.1,4.965,5228.1,999.0,0,1.0,0.0,0.0,1,5,0.0,6,8,1,1
6293,31.0,2,999,0,1.4,93.444,-36.1,4.963,5228.1,999.0,0,0.0,0.0,0.0,1,7,0.0,5,8,1,1
6294,31.0,4,999,0,1.4,93.444,-36.1,4.968,5228.1,999.0,0,0.0,0.0,0.0,1,8,0.0,6,8,1,1
6295,36.0,2,999,0,1.4,94.465,-41.8,4.958,5228.1,999.0,0,0.0,0.0,1.0,2,5,0.0,9,6,1,1
6296,36.0,1,999,0,1.4,94.465,-41.8,4.961,5228.1,999.0,0,1.0,0.0,1.0,2,8,0.0,4,6,1,1
6297,50.0,2,999,0,1.1,93.994,-36.4,4.855,5191.0,999.0,0,1.0,0.0,1.0,2,6,0.0,5,5,1,1
6298,37.0,1,999,0,-0.1,93.2,-42.0,4.191,5195.8,999.0,0,1.0,0.0,0.0,1,5,0.0,6,11,2,1
6299,38.0,1,999,0,1.1,93.994,-36.4,4.858,5191.0,999.0,0,1.0,1.0,1.0,2,6,0.0,5,5,1,1
6300,43.0,1,999,0,1.1,93.994,-36.4,4.856,5191.0,999.0,0,0.0,0.0,1.0,2,6,0.0,5,5,1,1
6301,36.0,1,999,0,1.4,93.444,-36.1,4.965,5228.1,999.0,0,1.0,0.0,0.0,2,5,0.0,5,8,2,1
6302,29.0,3,999,0,1.4,93.444,-36.1,4.964,5228.1,999.0,0,1.0,0.0,0.0,1,5,0.0,5,8,1,1
6303,55.0,2,999,0,-0.1,93.2,-42.0,4.153,5195.8,999.0,0,1.0,1.0,1.0,2,8,0.0,6,11,1,1
6304,32.0,1,999,0,1.4,94.465,-41.8,4.961,5228.1,999.0,0,0.0,0.0,1.0,2,8,0.0,4,6,2,1
6305,31.0,2,999,0,1.4,94.465,-41.8,4.866,5228.1,999.0,0,1.0,0.0,1.0,2,7,0.0,7,6,1,1
6306,31.0,1,999,0,-1.8,93.075,-47.1,1.365,5099.1,999.0,0,1.0,0.0,0.0,2,8,0.0,3,4,1,1
6307,31.0,1,999,0,-1.7,94.215,-40.3,0.84,4991.6,999.0,0,1.0,0.0,1.0,3,6,0.0,5,7,1,1
6308,39.0,3,999,0,1.4,93.918,-42.7,4.96,5228.1,999.0,0,0.0,0.0,1.0,2,7,0.0,6,7,1,1
6309,47.0,3,999,0,-1.8,93.075,-47.1,1.41,5099.1,999.0,0,0.0,0.0,0.0,2,7,0.0,7,4,1,1
6310,31.0,2,999,0,-3.4,92.431,-26.9,0.722,5017.5,999.0,0,0.0,0.0,0.0,1,8,0.0,6,10,1,1
6311,29.0,2,999,0,-1.8,93.075,-47.1,1.365,5099.1,999.0,0,1.0,0.0,0.0,1,8,0.0,6,4,1,1
6312,31.0,2,999,0,-3.4,92.379,-29.8,0.813,5017.5,999.0,0,1.0,0.0,0.0,2,8,0.0,6,9,1,1
6313,31.0,2,999,0,1.4,93.918,-42.7,4.962,5228.1,999.0,0,1.0,0.0,0.0,1,8,0.0,5,7,2,1
6314,45.0,2,999,0,-1.8,93.075,-47.1,1.405,5099.1,999.0,0,1.0,0.0,0.0,2,2,0.0,2,4,2,1
6315,44.0,2,999,0,1.1,93.994,-36.4,4.857,5191.0,999.0,0,0.0,0.0,1.0,2,4,0.0,3,5,1,1
6316,34.0,1,999,0,1.1,93.994,-36.4,4.86,5191.0,999.0,0,0.0,0.0,1.0,3,3,0.0,2,5,1,1
6317,34.0,1,999,0,1.4,93.444,-36.1,4.965,5228.1,999.0,0,1.0,0.0,0.0,1,6,0.0,5,8,1,1
6318,34.0,3,999,0,-0.1,93.2,-42.0,4.021,5195.8,999.0,0,0.0,0.0,0.0,1,7,0.0,6,11,1,1
6319,27.0,1,999,0,-1.8,92.893,-46.2,1.299,5099.1,999.0,0,0.0,0.0,0.0,2,8,0.0,4,5,2,1
6320,31.0,4,999,0,-1.8,92.893,-46.2,1.266,5099.1,999.0,0,0.0,1.0,0.0,2,8,0.0,6,5,1,1
6321,32.0,1,999,0,1.4,93.918,-42.7,4.96,5228.1,999.0,0,0.0,0.0,0.0,1,5,0.0,5,7,2,1
6322,31.0,1,999,0,1.1,93.994,-36.4,4.857,5191.0,999.0,0,1.0,0.0,1.0,2,2,0.0,4,5,2,1
6323,31.0,5,999,0,1.4,94.465,-41.8,4.962,5228.1,999.0,0,0.0,0.0,1.0,2,5,0.0,4,6,1,1
6324,46.0,2,999,0,-1.8,93.075,-47.1,1.445,5099.1,999.0,0,1.0,0.0,0.0,2,8,0.0,9,4,1,1
6325,47.0,11,999,0,1.1,93.994,-36.4,4.856,5191.0,999.0,0,1.0,0.0,1.0,2,6,0.0,4,5,1,1
6326,54.0,1,999,0,1.4,93.918,-42.7,4.961,5228.1,999.0,0,1.0,1.0,1.0,2,8,0.0,3,7,1,1
6327,41.0,1,999,0,1.4,93.444,-36.1,4.968,5228.1,999.0,0,1.0,0.0,0.0,3,8,0.0,10,8,1,1
6328,32.0,2,999,0,-1.8,93.075,-47.1,1.405,5099.1,999.0,0,0.0,0.0,0.0,2,4,0.0,4,4,1,1
6329,31.0,1,999,0,1.4,93.444,-36.1,4.963,5228.1,999.0,0,1.0,0.0,0.0,2,4,0.0,6,8,1,1
6330,44.0,5,999,0,1.4,94.465,-41.8,4.958,5228.1,999.0,0,1.0,0.0,1.0,2,4,0.0,4,6,1,1
6331,36.0,3,999,0,1.4,93.918,-42.7,4.961,5228.1,999.0,0,1.0,0.0,0.0,2,7,0.0,6,7,1,1
6332,31.0,1,999,0,1.4,93.444,-36.1,4.967,5228.1,999.0,0,1.0,0.0,0.0,3,7,0.0,6,8,1,1
6333,33.0,2,999,0,-1.8,92.893,-46.2,1.354,5099.1,999.0,0,1.0,0.0,0.0,2,8,0.0,4,5,2,1
6334,25.0,5,999,0,-1.8,92.893,-46.2,1.244,5099.1,999.0,0,1.0,1.0,0.0,1,8,0.0,11,5,2,1
6335,49.0,2,999,0,1.1,93.994,-36.4,4.858,5191.0,999.0,0,0.0,0.0,1.0,3,4,0.0,9,5,2,1
6336,29.0,1,999,0,1.4,93.918,-42.7,4.957,5228.1,999.0,0,1.0,0.0,0.0,1,7,0.0,1,7,1,1
6337,31.0,2,999,0,-2.9,92.201,-31.4,0.821,5076.2,999.0,0,1.0,0.0,0.0,2,7,0.0,3,8,1,1
6338,43.0,19,999,0,1.4,93.918,-42.7,4.968,5228.1,999.0,0,0.0,0.0,0.0,2,8,0.0,9,7,1,1
6339,31.0,11,999,0,1.4,93.444,-36.1,4.965,5228.1,999.0,0,0.0,0.0,0.0,2,8,0.0,3,8,1,1
6340,40.0,1,999,0,1.1,93.994,-36.4,4.858,5191.0,999.0,0,0.0,0.0,1.0,3,6,0.0,6,5,1,1
6341,29.0,2,13,1,-1.8,93.369,-34.8,0.643,5008.7,0.433333333333,1,1.0,1.0,0.0,1,6,0.0,5,3,1,3
6342,37.0,2,999,0,-1.8,92.893,-46.2,1.344,5099.1,999.0,0,0.0,0.0,0.0,2,7,0.0,5,5,1,1
6343,32.0,3,999,0,1.4,93.444,-36.1,4.965,5228.1,999.0,0,1.0,0.0,0.0,2,8,0.0,5,8,2,1
6344,35.0,2,999,0,1.1,93.994,-36.4,4.857,5191.0,999.0,0,0.0,0.0,1.0,2,7,0.0,5,5,1,1
6345,42.0,2,999,0,-1.8,92.893,-46.2,1.313,5099.1,999.0,0,1.0,0.0,0.0,2,8,0.0,4,5,1,1
6346,36.0,2,999,1,-0.1,93.2,-42.0,4.076,5195.8,999.0,0,1.0,0.0,0.0,2,8,0.0,10,11,1,2
6347,31.0,1,15,1,-2.9,92.201,-31.4,0.884,5076.2,0.5,3,0.0,0.0,0.0,1,8,0.0,6,8,1,3
6348,31.0,4,999,0,1.4,94.465,-41.8,4.959,5228.1,999.0,0,0.0,1.0,1.0,3,5,0.0,6,6,1,1
6349,43.0,2,999,0,-1.8,92.843,-50.0,1.531,5099.1,999.0,0,1.0,0.0,0.0,2,7,0.0,6,3,1,1
6350,45.0,3,999,0,1.4,93.444,-36.1,4.963,5228.1,999.0,0,0.0,0.0,0.0,3,6,0.0,5,8,1,1
6351,85.0,1,999,0,-2.9,92.201,-31.4,0.883,5076.2,999.0,0,0.0,0.0,0.0,2,6,0.0,8,8,1,1
6352,44.0,4,999,0,-1.8,92.893,-46.2,1.327,5099.1,999.0,0,0.0,0.0,0.0,2,3,0.0,4,5,1,1
6353,60.0,1,999,0,1.4,93.444,-36.1,4.964,5228.1,999.0,0,0.0,0.0,0.0,2,6,0.0,8,8,1,1
6354,31.0,1,999,0,1.4,93.918,-42.7,4.957,5228.1,999.0,0,0.0,0.0,0.0,2,4,0.0,4,7,1,1
6355,44.0,1,999,0,1.4,93.444,-36.1,4.966,5228.1,999.0,0,1.0,0.0,0.0,2,8,0.0,3,8,1,1
6356,31.0,4,999,0,-1.7,94.055,-39.8,0.754,4991.6,999.0,0,0.0,0.0,0.0,2,8,0.0,6,6,2,1
6357,31.0,1,999,0,1.4,93.918,-42.7,4.963,5228.1,999.0,0,1.0,0.0,0.0,2,4,0.0,5,7,1,1
6358,31.0,2,999,0,1.4,93.444,-36.1,4.966,5228.1,999.0,0,1.0,0.0,0.0,1,7,0.0,10,8,1,1
6359,53.0,3,999,0,1.4,94.465,-41.8,4.967,5228.1,999.0,0,0.0,0.0,1.0,2,2,0.0,4,6,1,1
6360,36.0,2,999,0,1.1,93.994,-36.4,4.859,5191.0,999.0,0,1.0,1.0,1.0,2,4,0.0,1,5,1,1
6361,28.0,3,999,0,-1.8,92.893,-46.2,1.266,5099.1,999.0,0,0.0,1.0,0.0,2,3,0.0,4,5,1,1
6362,32.0,3,999,0,-1.8,93.075,-47.1,1.405,5099.1,999.0,0,0.0,0.0,0.0,2,3,0.0,1,4,1,1
6363,30.0,1,999,0,-1.8,92.893,-46.2,1.327,5099.1,999.0,0,1.0,0.0,0.0,1,7,0.0,5,5,1,1
6364,31.0,1,999,0,-2.9,92.963,-40.8,1.099,5076.2,999.0,0,1.0,0.0,1.0,1,8,0.0,6,6,1,1
6365,53.0,6,999,0,-1.7,94.215,-40.3,0.899,4991.6,999.0,0,1.0,0.0,0.0,2,5,0.0,6,7,1,1
6366,48.0,3,999,0,1.1,93.994,-36.4,4.857,5191.0,999.0,0,1.0,0.0,1.0,2,5,0.0,7,5,1,1
6367,49.0,2,999,0,1.1,93.994,-36.4,4.857,5191.0,999.0,0,1.0,1.0,1.0,1,5,0.0,2,5,2,1
6368,33.0,1,999,0,1.1,93.994,-36.4,4.856,5191.0,999.0,0,0.0,0.0,1.0,2,4,0.0,4,5,1,1
6369,38.0,4,999,0,1.4,93.918,-42.7,4.968,5228.1,999.0,0,0.0,0.0,1.0,1,8,0.0,4,7,1,1
6370,31.0,4,999,0,-1.7,94.055,-39.8,0.754,4991.6,999.0,0,0.0,0.0,1.0,2,7,0.0,1,6,2,1
6371,24.0,3,999,0,1.4,93.918,-42.7,4.958,5228.1,999.0,0,0.0,0.0,0.0,1,4,0.0,4,7,1,1
6372,44.0,3,3,1,-2.9,92.963,-40.8,1.268,5076.2,0.1,2,1.0,0.0,0.0,2,6,0.0,4,6,1,3
6373,31.0,1,999,0,1.4,94.465,-41.8,4.958,5228.1,999.0,0,0.0,0.0,1.0,2,2,0.0,4,6,1,1
6374,49.0,1,999,0,1.4,94.465,-41.8,4.961,5228.1,999.0,0,0.0,0.0,1.0,2,6,0.0,5,6,1,1
6375,52.0,4,999,0,1.4,93.918,-42.7,4.962,5228.1,999.0,0,0.0,0.0,0.0,3,4,0.0,4,7,1,1
6376,37.0,1,999,0,1.4,94.465,-41.8,4.967,5228.1,999.0,0,1.0,0.0,1.0,2,4,0.0,4,6,1,1
6377,31.0,2,999,0,1.4,93.918,-42.7,4.962,5228.1,999.0,0,0.0,0.0,0.0,2,8,0.0,3,7,1,1
6378,45.0,1,999,0,-1.8,92.893,-46.2,1.259,5099.1,999.0,0,1.0,0.0,0.0,2,8,0.0,6,5,1,1
6379,31.0,4,999,0,1.4,93.918,-42.7,4.968,5228.1,999.0,0,0.0,0.0,0.0,2,7,0.0,3,7,1,1
6380,31.0,1,999,0,1.1,93.994,-36.4,4.857,5191.0,999.0,0,0.0,0.0,1.0,1,5,0.0,6,5,2,1
6381,34.0,1,999,0,1.4,93.918,-42.7,4.962,5228.1,999.0,0,1.0,0.0,0.0,1,7,0.0,6,7,1,1
6382,37.0,1,999,0,-0.1,93.2,-42.0,4.153,5195.8,999.0,0,0.0,0.0,0.0,3,4,0.0,8,11,1,1
6383,26.0,2,999,0,1.4,94.465,-41.8,4.866,5228.1,999.0,0,1.0,0.0,1.0,2,8,0.0,1,6,1,1
6384,45.0,7,999,0,1.4,93.918,-42.7,4.968,5228.1,999.0,0,0.0,0.0,0.0,2,7,0.0,6,7,1,1
6385,39.0,1,999,0,1.4,93.918,-42.7,4.963,5228.1,999.0,0,1.0,0.0,0.0,2,8,0.0,4,7,1,1
6386,30.0,2,999,1,-1.8,92.893,-46.2,1.281,5099.1,999.0,0,1.0,0.0,0.0,1,4,0.0,4,5,1,2
6387,36.0,1,999,0,-1.8,93.075,-47.1,1.405,5099.1,999.0,0,1.0,0.0,0.0,2,4,0.0,7,4,1,1
6388,29.0,1,999,0,-1.7,94.215,-40.3,0.84,4991.6,999.0,0,1.0,0.0,0.0,1,4,0.0,5,7,1,1
6389,34.0,2,999,0,-1.7,94.055,-39.8,0.761,4991.6,999.0,0,1.0,0.0,0.0,1,7,0.0,10,6,1,1
6390,31.0,4,999,0,1.4,93.918,-42.7,4.961,5228.1,999.0,0,0.0,0.0,0.0,2,8,0.0,2,7,1,1
6391,36.0,1,999,1,-1.8,92.893,-46.2,1.313,5099.1,999.0,4,1.0,0.0,0.0,2,8,0.0,5,5,1,2
6392,29.0,2,999,1,-1.8,93.369,-34.8,0.652,5008.7,999.0,3,0.0,1.0,0.0,1,8,0.0,4,3,1,2
6393,31.0,2,999,0,1.1,93.994,-36.4,4.857,5191.0,999.0,0,0.0,0.0,1.0,2,2,0.0,4,5,2,1
6394,45.0,1,999,0,1.4,93.444,-36.1,4.965,5228.1,999.0,0,0.0,0.0,0.0,2,8,0.0,9,8,2,1
6395,31.0,1,999,0,1.4,93.918,-42.7,4.963,5228.1,999.0,0,1.0,0.0,0.0,1,8,0.0,4,7,1,1
6396,52.0,1,999,0,-1.7,94.055,-39.8,0.702,4991.6,999.0,0,1.0,0.0,1.0,3,7,0.0,6,6,1,1
6397,33.0,2,999,2,-1.8,92.893,-46.2,1.334,5099.1,999.0,0,1.0,0.0,0.0,1,6,0.0,5,5,1,2
6398,31.0,7,999,1,-1.8,92.893,-46.2,1.25,5099.1,999.0,3,1.0,0.0,1.0,2,4,0.0,4,5,1,2
6399,52.0,1,999,0,-3.4,92.649,-30.1,0.715,5017.5,999.0,0,0.0,0.0,0.0,3,7,0.0,6,11,1,1
6400,31.0,1,999,0,-0.1,93.2,-42.0,4.076,5195.8,999.0,0,0.0,0.0,0.0,1,7,0.0,6,11,1,1
6401,30.0,1,999,0,-1.7,94.027,-38.3,0.904,4991.6,999.0,0,0.0,0.0,1.0,1,6,0.0,5,8,2,1
6402,31.0,1,999,0,-1.8,92.893,-46.2,1.299,5099.1,999.0,0,1.0,0.0,0.0,2,7,0.0,5,5,2,1
6403,49.0,1,999,0,-1.8,92.893,-46.2,1.344,5099.1,999.0,0,0.0,0.0,0.0,2,5,0.0,7,5,1,1
6404,36.0,2,999,0,1.4,93.918,-42.7,4.968,5228.1,999.0,0,0.0,0.0,0.0,2,7,0.0,10,7,1,1
6405,38.0,13,999,0,1.4,94.465,-41.8,4.959,5228.1,999.0,0,1.0,0.0,1.0,2,3,0.0,4,6,1,1
6406,34.0,2,999,0,-1.8,92.893,-46.2,1.291,5099.1,999.0,0,0.0,0.0,0.0,2,6,0.0,5,5,1,1
6407,41.0,1,999,1,-1.8,93.075,-47.1,1.435,5099.1,999.0,2,0.0,1.0,0.0,2,7,0.0,5,4,1,2
6408,31.0,1,999,0,1.4,93.444,-36.1,4.964,5228.1,999.0,0,0.0,0.0,0.0,2,7,0.0,5,8,1,1
6409,31.0,1,999,0,-1.8,92.893,-46.2,1.299,5099.1,999.0,0,1.0,0.0,0.0,1,7,0.0,3,5,2,1
6410,31.0,2,999,0,1.1,93.994,-36.4,4.858,5191.0,999.0,0,0.0,0.0,1.0,3,8,0.0,4,5,1,1
6411,29.0,1,999,0,1.4,93.918,-42.7,4.96,5228.1,999.0,0,1.0,0.0,0.0,2,4,0.0,4,7,2,1
6412,26.0,1,999,0,-2.9,92.201,-31.4,0.825,5076.2,999.0,0,0.0,0.0,0.0,1,8,0.0,11,8,1,1
6413,23.0,1,999,1,-1.8,92.893,-46.2,1.266,5099.1,999.0,3,0.0,0.0,0.0,2,8,0.0,4,5,1,2
6414,31.0,3,999,0,1.4,93.444,-36.1,4.963,5228.1,999.0,0,1.0,0.0,0.0,2,7,0.0,6,8,1,1
6415,33.0,1,999,0,1.4,93.918,-42.7,4.961,5228.1,999.0,0,1.0,0.0,0.0,1,6,0.0,5,7,1,1
6416,36.0,1,999,0,1.4,93.444,-36.1,4.968,5228.1,999.0,0,0.0,0.0,0.0,2,8,0.0,6,8,1,1
6417,51.0,1,999,0,1.1,93.994,-36.4,4.857,5191.0,999.0,0,0.0,0.0,1.0,2,8,0.0,4,5,2,1
6418,41.0,3,999,0,1.4,93.444,-36.1,4.963,5228.1,999.0,0,0.0,0.0,0.0,2,5,0.0,5,8,2,1
6419,31.0,4,999,0,1.1,93.994,-36.4,4.855,5191.0,999.0,0,0.0,0.0,1.0,1,5,0.0,4,5,1,1
6420,31.0,2,999,0,1.1,93.994,-36.4,4.856,5191.0,999.0,0,1.0,0.0,1.0,3,8,0.0,6,5,1,1
6421,38.0,4,999,0,1.4,93.444,-36.1,4.964,5228.1,999.0,0,1.0,0.0,0.0,3,7,0.0,6,8,1,1
6422,35.0,2,999,0,-1.8,92.893,-46.2,1.327,5099.1,999.0,0,1.0,1.0,0.0,2,4,0.0,4,5,1,1
6423,35.0,3,999,0,1.4,93.918,-42.7,4.96,5228.1,999.0,0,1.0,0.0,0.0,2,8,0.0,6,7,2,1
6424,30.0,1,999,0,-1.8,92.893,-46.2,1.244,5099.1,999.0,0,0.0,0.0,0.0,1,7,0.0,5,5,2,1
6425,52.0,2,999,0,-1.8,92.893,-46.2,1.334,5099.1,999.0,0,1.0,0.0,0.0,2,3,0.0,9,5,1,1
6426,30.0,1,999,2,-2.9,92.201,-31.4,0.883,5076.2,999.0,8,0.0,0.0,0.0,1,7,0.0,6,8,1,2
6427,43.0,2,999,0,-2.9,92.201,-31.4,0.884,5076.2,999.0,0,1.0,0.0,1.0,3,3,0.0,9,8,1,1
6428,26.0,1,999,0,-2.9,92.963,-40.8,1.262,5076.2,999.0,0,0.0,0.0,0.0,3,8,0.0,5,6,1,1
6429,51.0,1,999,0,-2.9,92.963,-40.8,1.268,5076.2,999.0,0,1.0,0.0,0.0,1,8,0.0,5,6,1,1
6430,33.0,1,999,0,1.4,93.444,-36.1,4.963,5228.1,999.0,0,1.0,0.0,1.0,1,8,0.0,10,8,1,1
6431,31.0,4,999,0,-0.1,93.2,-42.0,4.076,5195.8,999.0,0,1.0,0.0,0.0,2,2,0.0,4,11,1,1
6432,31.0,4,999,0,-1.8,92.893,-46.2,1.291,5099.1,999.0,0,1.0,0.0,0.0,2,8,0.0,4,5,1,1
6433,52.0,2,999,0,1.4,93.444,-36.1,4.968,5228.1,999.0,0,1.0,0.0,0.0,3,3,0.0,9,8,1,1
6434,26.0,1,999,0,1.4,94.465,-41.8,4.961,5228.1,999.0,0,0.0,0.0,1.0,1,8,0.0,11,6,2,1
6435,31.0,1,999,0,1.1,93.994,-36.4,4.857,5191.0,999.0,0,0.0,1.0,1.0,1,5,0.0,11,5,2,1
6436,52.0,2,999,0,1.4,93.918,-42.7,4.963,5228.1,999.0,0,0.0,0.0,0.0,2,6,0.0,5,7,1,1
6437,37.0,1,999,0,1.4,93.444,-36.1,4.965,5228.1,999.0,0,0.0,0.0,0.0,3,6,0.0,5,8,1,1
6438,31.0,2,999,0,1.1,93.994,-36.4,4.856,5191.0,999.0,0,0.0,0.0,1.0,2,8,0.0,1,5,1,1
6439,31.0,3,999,0,1.4,93.918,-42.7,4.962,5228.1,999.0,0,1.0,0.0,1.0,1,5,0.0,6,7,2,1
6440,27.0,1,999,0,-0.1,93.798,-40.4,5.045,5195.8,999.0,0,0.0,0.0,1.0,1,7,0.0,1,10,1,1
6441,31.0,1,999,0,1.4,94.465,-41.8,4.967,5228.1,999.0,0,0.0,0.0,1.0,2,6,0.0,1,6,1,1
6442,33.0,1,999,0,1.4,93.918,-42.7,4.962,5228.1,999.0,0,1.0,1.0,0.0,1,4,0.0,4,7,1,1
6443,46.0,1,999,0,1.4,93.918,-42.7,4.962,5228.1,999.0,0,1.0,1.0,0.0,2,7,0.0,5,7,1,1
6444,45.0,1,999,0,1.4,94.465,-41.8,4.961,5228.1,999.0,0,1.0,0.0,1.0,3,8,0.0,6,6,1,1
6445,25.0,2,999,0,1.1,93.994,-36.4,4.857,5191.0,999.0,0,0.0,0.0,1.0,1,7,0.0,1,5,1,1
6446,34.0,2,999,0,-1.8,93.075,-47.1,1.405,5099.1,999.0,0,1.0,0.0,0.0,2,8,0.0,4,4,1,1
6447,31.0,2,999,1,-1.8,92.893,-46.2,1.334,5099.1,999.0,2,1.0,1.0,0.0,3,5,0.0,6,5,1,2
6448,39.0,2,999,0,-1.8,92.893,-46.2,1.25,5099.1,999.0,0,1.0,0.0,0.0,2,7,0.0,6,5,1,1
6449,31.0,1,999,0,1.1,93.994,-36.4,4.857,5191.0,999.0,0,0.0,0.0,1.0,2,8,0.0,8,5,1,1
6450,44.0,2,999,0,1.4,93.444,-36.1,4.965,5228.1,999.0,0,1.0,0.0,0.0,2,7,0.0,6,8,1,1
6451,29.0,1,999,0,1.4,93.918,-42.7,4.963,5228.1,999.0,0,0.0,0.0,0.0,2,8,0.0,7,7,1,1
6452,31.0,3,999,0,1.4,93.444,-36.1,4.965,5228.1,999.0,0,1.0,0.0,0.0,1,8,0.0,10,8,2,1
6453,49.0,3,999,0,1.4,93.444,-36.1,4.97,5228.1,999.0,0,0.0,0.0,0.0,2,8,0.0,6,8,2,1
6454,28.0,2,999,0,1.1,93.994,-36.4,4.857,5191.0,999.0,0,0.0,0.0,1.0,2,8,0.0,9,5,1,1
6455,52.0,4,999,0,-0.1,93.2,-42.0,4.076,5195.8,999.0,0,0.0,1.0,0.0,2,8,0.0,6,11,1,1
6456,37.0,2,999,1,-1.8,92.893,-46.2,1.25,5099.1,999.0,1,0.0,0.0,0.0,2,7,0.0,3,5,1,2
6457,31.0,3,999,0,-1.8,93.075,-47.1,1.405,5099.1,999.0,0,0.0,0.0,0.0,2,4,0.0,4,4,2,1
6458,29.0,3,999,0,1.1,93.994,-36.4,4.864,5191.0,999.0,0,0.0,0.0,1.0,2,6,0.0,5,5,1,1
6459,30.0,1,6,1,-1.1,94.199,-37.5,0.877,4963.6,0.2,4,0.0,0.0,0.0,1,8,0.0,5,9,1,3
6460,35.0,5,999,0,1.4,94.465,-41.8,4.961,5228.1,999.0,0,1.0,0.0,1.0,2,2,0.0,4,6,1,1
6461,30.0,2,999,0,1.4,93.918,-42.7,4.968,5228.1,999.0,0,0.0,0.0,0.0,1,4,0.0,4,7,1,1
6462,57.0,5,999,1,-1.8,92.893,-46.2,1.291,5099.1,999.0,1,1.0,0.0,1.0,3,4,0.0,8,5,1,2
6463,54.0,1,999,0,1.4,94.465,-41.8,4.865,5228.1,999.0,0,0.0,0.0,1.0,2,5,0.0,4,6,2,1
6464,45.0,3,999,1,-0.1,93.2,-42.0,4.076,5195.8,999.0,3,1.0,0.0,0.0,1,4,0.0,3,11,1,2
6465,41.0,5,999,0,-1.8,92.893,-46.2,1.244,5099.1,999.0,0,0.0,0.0,0.0,2,4,0.0,4,5,2,1
6466,31.0,1,999,0,-1.8,92.893,-46.2,1.313,5099.1,999.0,0,0.0,0.0,0.0,2,7,0.0,3,5,1,1
6467,36.0,1,999,0,-1.8,92.893,-46.2,1.327,5099.1,999.0,0,0.0,0.0,1.0,2,8,0.0,4,5,1,1
6468,31.0,1,999,0,1.4,93.444,-36.1,4.963,5228.1,999.0,0,0.0,0.0,0.0,1,8,0.0,6,8,1,1
6469,36.0,2,999,0,-1.8,92.893,-46.2,1.291,5099.1,999.0,0,0.0,0.0,0.0,2,6,0.0,5,5,1,1
6470,31.0,3,4,1,-2.9,92.201,-31.4,0.883,5076.2,0.133333333333,2,0.0,0.0,0.0,2,7,0.0,3,8,1,3
6471,56.0,2,999,0,1.4,94.465,-41.8,4.967,5228.1,999.0,0,0.0,0.0,1.0,2,2,0.0,4,6,1,1
6472,30.0,2,999,0,-0.1,93.2,-42.0,4.076,5195.8,999.0,0,1.0,1.0,0.0,1,4,0.0,4,11,1,1
6473,58.0,3,999,0,1.4,94.465,-41.8,4.955,5228.1,999.0,0,1.0,0.0,1.0,1,6,0.0,8,6,1,1
6474,26.0,3,999,0,1.1,93.994,-36.4,4.855,5191.0,999.0,0,1.0,0.0,1.0,2,6,0.0,5,5,1,1
6475,41.0,3,999,0,1.4,94.465,-41.8,4.959,5228.1,999.0,0,0.0,0.0,1.0,2,6,0.0,5,6,1,1
6476,21.0,1,999,0,-1.7,94.027,-38.3,0.888,4991.6,999.0,0,1.0,0.0,1.0,1,8,0.0,9,8,2,1
6477,29.0,1,999,0,-1.8,93.075,-47.1,1.405,5099.1,999.0,0,0.0,0.0,0.0,2,8,0.0,4,4,2,1
6478,31.0,3,999,0,1.4,93.444,-36.1,4.964,5228.1,999.0,0,0.0,0.0,0.0,2,5,0.0,7,8,1,1
6479,43.0,1,999,1,-0.1,93.2,-42.0,4.12,5195.8,999.0,1,1.0,1.0,0.0,2,8,0.0,3,11,1,2
6480,30.0,4,999,0,1.4,93.444,-36.1,4.963,5228.1,999.0,0,0.0,0.0,0.0,1,5,0.0,5,8,2,1
6481,29.0,3,999,0,1.4,93.918,-42.7,4.962,5228.1,999.0,0,0.0,1.0,1.0,2,5,0.0,6,7,1,1
6482,62.0,1,999,1,-2.9,92.201,-31.4,0.854,5076.2,999.0,3,1.0,0.0,0.0,2,5,0.0,10,8,1,2
6483,30.0,6,999,0,1.4,93.444,-36.1,4.964,5228.1,999.0,0,0.0,1.0,0.0,1,7,0.0,5,8,1,1
6484,33.0,2,999,1,-1.8,92.893,-46.2,1.281,5099.1,999.0,3,1.0,1.0,0.0,2,5,0.0,6,5,1,2
6485,31.0,1,999,0,-2.9,92.963,-40.8,1.266,5076.2,999.0,0,1.0,0.0,0.0,1,5,0.0,6,6,1,1
6486,36.0,1,999,0,1.4,94.465,-41.8,4.865,5228.1,999.0,0,1.0,0.0,1.0,2,5,0.0,2,6,2,1
6487,34.0,2,999,0,1.4,93.918,-42.7,4.962,5228.1,999.0,0,1.0,0.0,0.0,2,4,0.0,4,7,1,1
6488,27.0,2,999,0,1.1,93.994,-36.4,4.857,5191.0,999.0,0,0.0,0.0,1.0,2,5,0.0,9,5,1,1
6489,27.0,3,999,0,1.1,93.994,-36.4,4.857,5191.0,999.0,0,1.0,0.0,1.0,1,6,0.0,5,5,1,1
6490,64.0,1,999,3,-1.7,94.055,-39.8,0.761,4991.6,999.0,18,0.0,0.0,0.0,2,6,0.0,8,6,1,2
6491,40.0,1,999,0,-0.1,93.2,-42.0,4.12,5195.8,999.0,0,0.0,0.0,0.0,2,8,0.0,5,11,1,1
6492,31.0,3,999,0,1.1,93.994,-36.4,4.855,5191.0,999.0,0,0.0,0.0,1.0,2,2,0.0,4,5,1,1
6493,30.0,1,999,0,-1.8,92.893,-46.2,1.344,5099.1,999.0,0,1.0,0.0,0.0,1,7,0.0,5,5,1,1
6494,43.0,1,999,0,1.4,94.465,-41.8,4.961,5228.1,999.0,0,1.0,0.0,1.0,2,5,0.0,9,6,1,1
6495,31.0,2,999,0,1.1,93.994,-36.4,4.857,5191.0,999.0,0,0.0,0.0,1.0,2,3,0.0,4,5,1,1
6496,31.0,7,999,0,1.4,93.918,-42.7,4.96,5228.1,999.0,0,0.0,0.0,0.0,2,8,0.0,6,7,2,1
6497,38.0,1,999,0,-0.1,93.2,-42.0,4.12,5195.8,999.0,0,0.0,0.0,1.0,2,8,0.0,5,11,1,1
6498,38.0,2,999,0,-1.8,92.893,-46.2,1.266,5099.1,999.0,0,0.0,0.0,0.0,1,8,0.0,4,5,1,1
6499,55.0,1,999,0,1.4,94.465,-41.8,4.962,5228.1,999.0,0,1.0,0.0,1.0,2,8,0.0,4,6,1,1
6500,31.0,1,999,0,1.4,93.918,-42.7,4.962,5228.1,999.0,0,1.0,0.0,1.0,2,7,0.0,1,7,2,1
6501,30.0,2,999,0,1.4,93.918,-42.7,4.963,5228.1,999.0,0,0.0,0.0,0.0,2,4,0.0,10,7,1,1
6502,31.0,1,999,0,1.4,93.918,-42.7,4.968,5228.1,999.0,0,1.0,1.0,0.0,2,7,0.0,6,7,1,1
6503,50.0,1,999,0,1.1,93.994,-36.4,4.856,5191.0,999.0,0,0.0,0.0,1.0,2,3,0.0,4,5,1,1
6504,27.0,3,999,0,1.4,93.918,-42.7,4.968,5228.1,999.0,0,0.0,0.0,0.0,2,8,0.0,6,7,1,1
6505,31.0,4,999,0,-3.4,92.379,-29.8,0.773,5017.5,999.0,0,1.0,0.0,0.0,2,8,0.0,5,9,1,1
6506,44.0,1,999,0,-1.8,92.893,-46.2,1.281,5099.1,999.0,0,1.0,1.0,0.0,2,8,0.0,5,5,1,1
6507,43.0,2,999,0,1.4,93.918,-42.7,4.962,5228.1,999.0,0,1.0,0.0,0.0,2,5,0.0,6,7,2,1
6508,53.0,1,999,0,1.4,93.918,-42.7,4.962,5228.1,999.0,0,1.0,0.0,0.0,2,5,0.0,9,7,2,1
6509,31.0,3,999,0,1.1,93.994,-36.4,4.858,5191.0,999.0,0,1.0,0.0,1.0,2,2,0.0,4,5,2,1
6510,47.0,1,999,0,1.4,93.918,-42.7,4.96,5228.1,999.0,0,0.0,0.0,0.0,3,5,0.0,6,7,1,1
6511,31.0,2,999,4,-1.8,93.876,-40.0,0.697,5008.7,999.0,4,1.0,0.0,0.0,2,7,0.0,3,5,2,2
6512,36.0,1,999,0,1.1,93.994,-36.4,4.86,5191.0,999.0,0,1.0,0.0,1.0,2,8,0.0,6,5,1,1
6513,31.0,3,999,1,-1.8,92.893,-46.2,1.281,5099.1,999.0,0,1.0,0.0,0.0,1,8,0.0,4,5,1,2
6514,37.0,1,999,0,1.1,93.994,-36.4,4.856,5191.0,999.0,0,0.0,0.0,1.0,2,8,0.0,6,5,1,1
6515,35.0,1,999,1,-1.8,92.893,-46.2,1.299,5099.1,999.0,1,1.0,0.0,0.0,1,7,0.0,6,5,2,2
6516,28.0,1,999,0,1.4,93.918,-42.7,4.963,5228.1,999.0,0,0.0,0.0,0.0,1,5,0.0,6,7,1,1
6517,31.0,1,999,1,-1.8,92.893,-46.2,1.313,5099.1,999.0,1,1.0,0.0,0.0,2,5,0.0,4,5,1,2
6518,44.0,4,999,0,1.1,93.994,-36.4,4.859,5191.0,999.0,0,1.0,0.0,1.0,3,2,0.0,4,5,1,1
6519,74.0,1,999,0,-1.8,93.876,-40.0,0.688,5008.7,999.0,0,1.0,0.0,0.0,3,8,0.0,8,5,1,1
6520,31.0,2,999,0,-2.9,92.201,-31.4,0.851,5076.2,999.0,0,1.0,0.0,0.0,1,8,0.0,6,8,1,1
6521,56.0,3,999,0,1.1,93.994,-36.4,4.857,5191.0,999.0,0,1.0,0.0,1.0,2,8,0.0,3,5,1,1
6522,31.0,1,999,0,1.1,93.994,-36.4,4.86,5191.0,999.0,0,0.0,0.0,1.0,2,8,0.0,2,5,1,1
6523,40.0,1,999,1,-1.8,93.075,-47.1,1.405,5099.1,999.0,3,1.0,0.0,0.0,2,8,0.0,4,4,2,2
6524,53.0,1,999,0,1.1,93.994,-36.4,4.86,5191.0,999.0,0,1.0,1.0,1.0,2,4,0.0,6,5,1,1
6525,57.0,1,999,0,1.1,93.994,-36.4,4.857,5191.0,999.0,0,0.0,0.0,1.0,3,5,0.0,3,5,1,1
6526,36.0,9,999,0,1.4,94.465,-41.8,4.959,5228.1,999.0,0,1.0,0.0,1.0,2,7,0.0,6,6,1,1
6527,40.0,3,999,0,1.4,93.918,-42.7,4.962,5228.1,999.0,0,1.0,0.0,0.0,2,8,0.0,4,7,2,1
6528,31.0,2,999,0,1.4,94.465,-41.8,4.958,5228.1,999.0,0,1.0,0.0,1.0,3,8,0.0,7,6,1,1
6529,31.0,1,999,0,-1.8,92.893,-46.2,1.25,5099.1,999.0,0,0.0,1.0,0.0,2,3,0.0,3,5,1,1
6530,31.0,1,999,1,-1.8,92.893,-46.2,1.313,5099.1,999.0,1,0.0,0.0,0.0,2,8,0.0,3,5,1,2
6531,50.0,1,999,0,1.1,93.994,-36.4,4.856,5191.0,999.0,0,0.0,0.0,1.0,2,8,0.0,9,5,1,1
6532,31.0,1,999,0,-2.9,92.963,-40.8,1.26,5076.2,999.0,0,0.0,0.0,0.0,2,8,0.0,6,6,1,1
6533,31.0,4,999,0,1.4,94.465,-41.8,4.959,5228.1,999.0,0,1.0,0.0,1.0,2,3,0.0,4,6,1,1
6534,39.0,1,3,2,-3.4,92.649,-30.1,0.714,5017.5,0.1,4,0.0,0.0,0.0,2,5,0.0,6,11,1,3
6535,26.0,3,999,0,-1.8,92.893,-46.2,1.291,5099.1,999.0,0,0.0,0.0,1.0,2,2,0.0,1,5,1,1
6536,23.0,1,3,2,-3.4,92.649,-30.1,0.715,5017.5,0.1,4,1.0,0.0,0.0,1,7,0.0,11,11,1,3
6537,49.0,2,999,0,1.4,94.465,-41.8,4.866,5228.1,999.0,0,0.0,0.0,1.0,2,4,0.0,4,6,1,1
6538,29.0,2,999,0,-0.1,93.2,-42.0,4.153,5195.8,999.0,0,0.0,1.0,0.0,1,5,0.0,5,11,1,1
6539,41.0,3,999,0,1.4,93.918,-42.7,4.96,5228.1,999.0,0,0.0,0.0,0.0,2,4,0.0,4,7,2,1
6540,43.0,5,999,0,1.1,93.994,-36.4,4.857,5191.0,999.0,0,0.0,0.0,1.0,2,4,0.0,7,5,2,1
6541,51.0,3,999,0,1.1,93.994,-36.4,4.857,5191.0,999.0,0,0.0,0.0,1.0,2,8,0.0,10,5,1,1
6542,31.0,11,999,0,1.4,94.465,-41.8,4.865,5228.1,999.0,0,1.0,0.0,1.0,2,8,0.0,5,6,2,1
6543,56.0,3,999,0,1.4,93.444,-36.1,4.967,5228.1,999.0,0,1.0,0.0,0.0,2,4,0.0,4,8,1,1
6544,47.0,3,999,0,1.4,93.918,-42.7,4.957,5228.1,999.0,0,1.0,0.0,0.0,2,6,0.0,5,7,1,1
6545,31.0,2,999,0,1.1,93.994,-36.4,4.857,5191.0,999.0,0,0.0,0.0,1.0,1,6,0.0,5,5,2,1
6546,73.0,2,999,0,-3.4,92.379,-29.8,0.773,5017.5,999.0,0,1.0,0.0,0.0,2,2,0.0,8,9,1,1
6547,52.0,2,999,0,1.4,94.465,-41.8,4.865,5228.1,999.0,0,1.0,0.0,1.0,2,8,0.0,7,6,2,1
6548,31.0,3,999,0,1.4,93.444,-36.1,4.965,5228.1,999.0,0,1.0,0.0,0.0,1,7,0.0,6,8,1,1
6549,31.0,2,999,0,-0.1,93.2,-42.0,4.076,5195.8,999.0,0,0.0,0.0,0.0,2,8,0.0,6,11,1,1
6550,31.0,5,999,0,1.4,93.918,-42.7,4.958,5228.1,999.0,0,0.0,1.0,0.0,2,4,0.0,5,7,1,1
6551,37.0,5,999,0,1.4,93.918,-42.7,4.961,5228.1,999.0,0,1.0,0.0,0.0,1,5,0.0,6,7,1,1
6552,42.0,1,999,0,-1.8,93.075,-47.1,1.405,5099.1,999.0,0,1.0,0.0,0.0,1,8,0.0,6,4,1,1
6553,43.0,10,999,0,1.4,93.444,-36.1,4.964,5228.1,999.0,0,1.0,0.0,0.0,2,8,0.0,6,8,1,1
6554,29.0,1,999,0,1.4,93.918,-42.7,4.962,5228.1,999.0,0,1.0,0.0,0.0,3,8,0.0,9,7,1,1
6555,36.0,1,999,1,-3.4,92.379,-29.8,0.773,5017.5,999.0,1,1.0,0.0,0.0,1,7,0.0,6,9,1,2
6556,31.0,1,999,0,-0.1,93.2,-42.0,4.12,5195.8,999.0,0,1.0,0.0,0.0,2,4,0.0,4,11,1,1
6557,31.0,1,999,0,1.4,93.444,-36.1,4.965,5228.1,999.0,0,1.0,0.0,0.0,2,7,0.0,5,8,1,1
6558,31.0,5,999,0,1.4,93.444,-36.1,4.963,5228.1,999.0,0,1.0,0.0,0.0,1,7,0.0,6,8,1,1
6559,27.0,3,999,0,1.1,93.994,-36.4,4.857,5191.0,999.0,0,0.0,0.0,1.0,2,8,0.0,5,5,1,1
6560,33.0,1,999,1,-0.1,93.2,-42.0,4.12,5195.8,999.0,0,1.0,0.0,0.0,1,8,0.0,5,11,1,2
6561,41.0,3,999,2,-1.8,92.893,-46.2,1.334,5099.1,999.0,4,0.0,1.0,0.0,2,2,0.0,4,5,1,2
6562,58.0,6,999,0,1.4,94.465,-41.8,4.96,5228.1,999.0,0,0.0,0.0,1.0,1,2,0.0,10,6,2,1
6563,31.0,1,999,0,-0.1,93.2,-42.0,4.12,5195.8,999.0,0,1.0,0.0,0.0,2,7,0.0,5,11,1,1
6564,34.0,2,999,0,1.4,93.444,-36.1,4.963,5228.1,999.0,0,1.0,0.0,0.0,2,7,0.0,6,8,1,1
6565,58.0,1,999,0,1.1,93.994,-36.4,4.855,5191.0,999.0,0,1.0,0.0,1.0,3,7,0.0,8,5,1,1
6566,29.0,23,999,0,1.4,93.918,-42.7,4.968,5228.1,999.0,0,0.0,0.0,0.0,2,7,0.0,5,7,1,1
6567,50.0,1,999,0,-0.1,93.2,-42.0,4.153,5195.8,999.0,0,0.0,0.0,0.0,2,7,0.0,3,11,1,1
6568,25.0,1,999,0,1.4,94.465,-41.8,4.864,5228.1,999.0,0,0.0,1.0,1.0,2,5,0.0,4,6,1,1
6569,52.0,3,999,0,1.1,93.994,-36.4,4.855,5191.0,999.0,0,1.0,0.0,1.0,2,4,0.0,4,5,1,1
6570,44.0,2,999,0,1.4,93.918,-42.7,4.962,5228.1,999.0,0,0.0,0.0,0.0,3,7,0.0,5,7,1,1
6571,39.0,1,999,0,1.1,93.994,-36.4,4.858,5191.0,999.0,0,0.0,0.0,1.0,2,7,0.0,2,5,2,1
6572,47.0,1,999,0,-2.9,92.963,-40.8,1.266,5076.2,999.0,0,1.0,0.0,0.0,2,7,0.0,3,6,2,1
6573,31.0,2,999,0,-1.8,92.893,-46.2,1.313,5099.1,999.0,0,1.0,0.0,0.0,2,7,0.0,3,5,1,1
6574,48.0,6,999,0,1.4,93.918,-42.7,4.962,5228.1,999.0,0,1.0,0.0,0.0,2,8,0.0,9,7,2,1
6575,36.0,1,999,0,1.4,94.465,-41.8,4.961,5228.1,999.0,0,1.0,0.0,1.0,2,7,0.0,3,6,1,1
6576,42.0,1,999,0,1.4,94.465,-41.8,4.865,5228.1,999.0,0,0.0,0.0,1.0,3,8,0.0,3,6,1,1
6577,31.0,2,999,0,1.4,93.444,-36.1,4.963,5228.1,999.0,0,0.0,0.0,0.0,2,2,0.0,8,8,1,1
6578,40.0,4,999,0,1.4,93.444,-36.1,4.965,5228.1,999.0,0,1.0,0.0,0.0,2,7,0.0,5,8,2,1
6579,40.0,2,999,0,1.4,93.918,-42.7,4.963,5228.1,999.0,0,1.0,0.0,1.0,1,8,0.0,5,7,1,1
6580,48.0,14,999,0,1.1,93.994,-36.4,4.857,5191.0,999.0,0,0.0,0.0,1.0,2,8,0.0,4,5,1,1
6581,55.0,1,999,0,1.1,93.994,-36.4,4.855,5191.0,999.0,0,0.0,0.0,1.0,2,8,0.0,8,5,1,1
6582,31.0,7,999,0,1.1,93.994,-36.4,4.857,5191.0,999.0,0,1.0,0.0,1.0,1,5,0.0,4,5,2,1
6583,30.0,2,999,0,-0.1,93.2,-42.0,4.12,5195.8,999.0,0,1.0,0.0,0.0,2,2,0.0,4,11,1,1
6584,31.0,7,999,0,1.4,93.444,-36.1,4.965,5228.1,999.0,0,1.0,0.0,0.0,2,2,0.0,2,8,1,1
6585,39.0,3,999,0,1.1,93.994,-36.4,4.856,5191.0,999.0,0,1.0,0.0,1.0,2,6,0.0,4,5,1,1
6586,56.0,3,999,0,1.4,94.465,-41.8,4.961,5228.1,999.0,0,0.0,0.0,1.0,2,8,0.0,8,6,1,1
6587,31.0,2,999,0,1.1,93.994,-36.4,4.856,5191.0,999.0,0,1.0,0.0,1.0,2,8,0.0,4,5,1,1
6588,40.0,1,999,1,-0.1,93.2,-42.0,4.153,5195.8,999.0,4,0.0,0.0,0.0,2,8,0.0,1,11,1,2
6589,28.0,5,999,0,1.1,93.994,-36.4,4.857,5191.0,999.0,0,0.0,0.0,1.0,1,7,0.0,1,5,1,1
6590,31.0,4,999,0,1.1,93.994,-36.4,4.856,5191.0,999.0,0,1.0,0.0,1.0,2,6,0.0,9,5,1,1
6591,31.0,3,999,0,-2.9,92.963,-40.8,1.26,5076.2,999.0,0,1.0,1.0,0.0,1,8,0.0,6,6,1,1
6592,31.0,2,999,0,1.1,93.994,-36.4,4.858,5191.0,999.0,0,1.0,0.0,1.0,2,4,0.0,6,5,1,1
6593,31.0,1,999,0,1.4,93.444,-36.1,4.966,5228.1,999.0,0,0.0,0.0,0.0,2,8,0.0,5,8,1,1
6594,37.0,3,999,0,-1.8,93.075,-47.1,1.405,5099.1,999.0,0,0.0,0.0,0.0,2,8,0.0,9,4,2,1
6595,33.0,1,999,0,1.4,93.444,-36.1,4.968,5228.1,999.0,0,1.0,0.0,0.0,2,7,0.0,6,8,1,1
6596,37.0,3,999,0,-3.0,92.713,-33.0,0.715,5023.5,999.0,0,0.0,0.0,0.0,2,8,0.0,3,12,1,1
6597,31.0,2,999,0,-2.9,92.201,-31.4,0.873,5076.2,999.0,0,0.0,0.0,0.0,2,5,0.0,6,8,1,1
6598,48.0,2,999,0,1.4,93.444,-36.1,4.964,5228.1,999.0,0,1.0,0.0,0.0,2,8,0.0,9,8,1,1
6599,43.0,2,999,0,-1.8,92.893,-46.2,1.291,5099.1,999.0,0,0.0,0.0,0.0,1,8,0.0,6,5,1,1
6600,40.0,1,999,1,-1.8,93.075,-47.1,1.479,5099.1,999.0,3,1.0,0.0,0.0,2,8,0.0,9,4,1,2
6601,31.0,2,999,0,1.1,93.994,-36.4,4.857,5191.0,999.0,0,0.0,0.0,1.0,1,7,0.0,6,5,2,1
6602,35.0,4,999,0,1.4,93.918,-42.7,4.962,5228.1,999.0,0,1.0,0.0,0.0,1,8,0.0,5,7,1,1
6603,28.0,1,999,0,1.4,93.918,-42.7,4.955,5228.1,999.0,0,0.0,0.0,1.0,2,5,0.0,6,7,1,1
6604,47.0,1,999,0,1.4,94.465,-41.8,4.961,5228.1,999.0,0,1.0,0.0,1.0,3,8,0.0,6,6,1,1
6605,29.0,1,999,0,-0.1,93.2,-42.0,4.076,5195.8,999.0,0,0.0,0.0,0.0,1,8,0.0,9,11,1,1
6606,37.0,1,999,0,-1.8,92.893,-46.2,1.244,5099.1,999.0,0,1.0,0.0,0.0,3,7,0.0,6,5,2,1
6607,29.0,9,999,0,1.4,93.444,-36.1,4.963,5228.1,999.0,0,0.0,0.0,0.0,1,8,0.0,5,8,2,1
6608,71.0,2,999,0,-3.4,92.649,-30.1,0.715,5017.5,999.0,0,1.0,0.0,0.0,2,8,0.0,2,11,1,1
6609,21.0,1,999,1,-1.1,94.199,-37.5,0.878,4963.6,999.0,6,0.0,0.0,0.0,1,8,0.0,11,9,1,2
6610,30.0,2,999,0,-1.8,92.893,-46.2,1.244,5099.1,999.0,0,1.0,0.0,0.0,1,7,0.0,6,5,1,1
6611,54.0,1,999,0,1.1,93.994,-36.4,4.857,5191.0,999.0,0,0.0,0.0,1.0,2,5,0.0,8,5,1,1
6612,33.0,1,999,0,1.4,93.444,-36.1,4.964,5228.1,999.0,0,1.0,0.0,0.0,1,6,0.0,6,8,1,1
6613,31.0,2,999,0,1.1,93.994,-36.4,4.86,5191.0,999.0,0,1.0,0.0,1.0,2,4,0.0,4,5,1,1
6614,42.0,1,999,0,1.1,93.994,-36.4,4.86,5191.0,999.0,0,0.0,0.0,1.0,2,5,0.0,6,5,1,1
6615,35.0,2,999,0,1.1,93.994,-36.4,4.86,5191.0,999.0,0,1.0,1.0,1.0,2,8,0.0,7,5,1,1
6616,28.0,19,999,0,1.4,93.918,-42.7,4.963,5228.1,999.0,0,1.0,0.0,1.0,1,7,0.0,1,7,1,1
6617,31.0,3,999,0,1.4,93.444,-36.1,4.963,5228.1,999.0,0,1.0,0.0,0.0,2,3,0.0,4,8,1,1
6618,62.0,2,999,2,-1.8,93.369,-34.8,0.635,5008.7,999.0,0,0.0,0.0,0.0,2,8,0.0,4,3,1,2
6619,31.0,5,999,0,1.4,93.918,-42.7,4.968,5228.1,999.0,0,1.0,0.0,1.0,1,5,0.0,9,7,1,1
6620,28.0,4,999,0,1.4,94.465,-41.8,4.947,5228.1,999.0,0,0.0,0.0,1.0,2,7,0.0,3,6,2,1
6621,31.0,1,999,0,1.1,93.994,-36.4,4.856,5191.0,999.0,0,1.0,0.0,1.0,2,6,0.0,5,5,1,1
6622,34.0,1,999,0,1.4,94.465,-41.8,4.967,5228.1,999.0,0,0.0,1.0,1.0,2,3,0.0,10,6,1,1
6623,36.0,2,3,1,-2.9,92.963,-40.8,1.206,5076.2,0.1,3,0.0,1.0,0.0,2,8,0.0,9,6,1,3
6624,36.0,1,999,0,-1.8,93.075,-47.1,1.405,5099.1,999.0,0,1.0,1.0,0.0,2,8,0.0,5,4,2,1
6625,31.0,5,999,0,1.4,93.918,-42.7,4.963,5228.1,999.0,0,1.0,1.0,0.0,2,8,0.0,11,7,1,1
6626,24.0,1,999,0,-2.9,92.963,-40.8,1.262,5076.2,999.0,0,1.0,0.0,0.0,1,6,0.0,5,6,1,1
6627,82.0,6,999,0,-1.8,93.749,-34.6,0.638,5008.7,999.0,0,1.0,1.0,0.0,3,8,0.0,2,4,1,1
6628,46.0,1,999,0,1.4,93.918,-42.7,4.961,5228.1,999.0,0,0.0,0.0,0.0,2,6,0.0,10,7,1,1
6629,57.0,6,999,0,1.4,93.918,-42.7,4.958,5228.1,999.0,0,1.0,1.0,0.0,2,4,0.0,5,7,1,1
6630,26.0,1,999,0,1.1,93.994,-36.4,4.857,5191.0,999.0,0,0.0,0.0,1.0,2,7,0.0,5,5,2,1
6631,31.0,1,999,0,-1.8,93.075,-47.1,1.41,5099.1,999.0,0,1.0,0.0,0.0,2,4,0.0,5,4,1,1
6632,47.0,3,999,0,1.4,94.465,-41.8,4.96,5228.1,999.0,0,1.0,0.0,1.0,2,8,0.0,4,6,2,1
6633,41.0,2,999,0,1.4,93.918,-42.7,4.962,5228.1,999.0,0,1.0,0.0,0.0,1,5,0.0,7,7,1,1
6634,59.0,2,999,0,1.4,93.444,-36.1,4.964,5228.1,999.0,0,1.0,0.0,0.0,2,2,0.0,8,8,1,1
6635,50.0,1,999,0,-2.9,92.469,-33.6,1.029,5076.2,999.0,0,0.0,0.0,0.0,2,6,0.0,5,7,1,1
6636,30.0,5,999,0,-1.8,93.075,-47.1,1.372,5099.1,999.0,0,0.0,0.0,0.0,1,7,0.0,5,4,1,1
6637,51.0,1,999,0,1.4,94.465,-41.8,4.962,5228.1,999.0,0,1.0,1.0,1.0,2,8,0.0,3,6,1,1
6638,47.0,2,999,0,1.1,93.994,-36.4,4.859,5191.0,999.0,0,1.0,0.0,1.0,2,4,0.0,4,5,1,1
6639,59.0,4,999,0,-1.8,93.075,-47.1,1.453,5099.1,999.0,0,0.0,0.0,1.0,2,8,0.0,8,4,1,1
6640,31.0,1,999,0,-1.8,92.893,-46.2,1.327,5099.1,999.0,0,0.0,0.0,0.0,2,2,0.0,4,5,1,1
6641,31.0,1,999,0,1.1,93.994,-36.4,4.857,5191.0,999.0,0,0.0,1.0,1.0,1,8,0.0,6,5,1,1
6642,35.0,1,999,0,1.4,93.918,-42.7,4.961,5228.1,999.0,0,0.0,0.0,0.0,2,6,0.0,6,7,1,1
6643,63.0,4,999,2,-3.4,92.649,-30.1,0.715,5017.5,999.0,6,1.0,0.0,0.0,2,2,0.0,3,11,1,2
6644,55.0,4,999,0,1.4,93.444,-36.1,4.965,5228.1,999.0,0,1.0,1.0,0.0,2,8,0.0,3,8,1,1
6645,34.0,1,999,0,1.1,93.994,-36.4,4.859,5191.0,999.0,0,0.0,0.0,1.0,2,5,0.0,7,5,1,1
6646,56.0,4,999,0,1.4,93.918,-42.7,4.962,5228.1,999.0,0,1.0,0.0,0.0,3,3,0.0,5,7,2,1
6647,40.0,3,999,0,-0.1,93.2,-42.0,4.021,5195.8,999.0,0,0.0,0.0,0.0,1,8,0.0,3,11,1,1
6648,50.0,1,999,0,1.4,93.444,-36.1,4.968,5228.1,999.0,0,0.0,0.0,0.0,2,4,0.0,4,8,1,1
6649,46.0,4,999,0,1.4,94.465,-41.8,4.959,5228.1,999.0,0,0.0,0.0,1.0,2,5,0.0,6,6,1,1
6650,50.0,2,999,0,1.1,93.994,-36.4,4.86,5191.0,999.0,0,0.0,0.0,1.0,2,8,0.0,4,5,1,1
6651,42.0,1,999,0,1.1,93.994,-36.4,4.857,5191.0,999.0,0,0.0,0.0,1.0,2,4,0.0,4,5,1,1
6652,41.0,2,999,0,1.4,94.465,-41.8,4.865,5228.1,999.0,0,1.0,1.0,1.0,2,5,0.0,6,6,2,1
6653,41.0,3,999,0,1.1,93.994,-36.4,4.857,5191.0,999.0,0,0.0,0.0,1.0,2,6,0.0,5,5,2,1
6654,31.0,1,999,0,-1.8,92.893,-46.2,1.244,5099.1,999.0,0,0.0,0.0,0.0,3,3,0.0,10,5,2,1
6655,31.0,1,999,0,-1.8,92.893,-46.2,1.266,5099.1,999.0,0,1.0,0.0,0.0,3,8,0.0,6,5,1,1
6656,31.0,2,999,0,1.4,94.465,-41.8,4.96,5228.1,999.0,0,0.0,0.0,1.0,2,5,0.0,4,6,2,1
6657,22.0,2,6,1,-3.4,92.431,-26.9,0.73,5017.5,0.2,6,0.0,0.0,0.0,1,4,0.0,11,10,1,3
6658,56.0,1,999,0,1.4,94.465,-41.8,4.958,5228.1,999.0,0,0.0,0.0,1.0,2,8,0.0,4,6,1,1
6659,30.0,2,999,0,1.4,93.918,-42.7,4.961,5228.1,999.0,0,1.0,0.0,1.0,1,5,0.0,7,7,1,1
6660,31.0,2,999,1,-1.7,94.215,-40.3,0.802,4991.6,999.0,2,1.0,1.0,1.0,2,8,0.0,6,7,1,2
6661,31.0,2,999,2,-1.7,94.055,-39.8,0.702,4991.6,999.0,10,1.0,0.0,0.0,1,8,0.0,9,6,1,2
6662,40.0,1,999,0,1.4,93.444,-36.1,4.968,5228.1,999.0,0,1.0,0.0,0.0,3,4,0.0,2,8,1,1
6663,24.0,9,999,0,1.4,93.918,-42.7,4.958,5228.1,999.0,0,1.0,0.0,1.0,1,8,0.0,5,7,1,1
6664,31.0,1,999,0,1.4,94.465,-41.8,4.962,5228.1,999.0,0,0.0,1.0,1.0,2,6,0.0,1,6,1,1
6665,35.0,5,999,0,-1.8,92.893,-46.2,1.25,5099.1,999.0,0,0.0,0.0,0.0,1,2,0.0,4,5,1,1
6666,31.0,3,999,0,-1.8,92.893,-46.2,1.266,5099.1,999.0,0,1.0,0.0,0.0,1,5,0.0,4,5,1,1
6667,45.0,1,999,0,-0.1,93.2,-42.0,4.191,5195.8,999.0,0,1.0,0.0,0.0,2,4,0.0,3,11,2,1
6668,31.0,2,999,0,1.1,93.994,-36.4,4.857,5191.0,999.0,0,1.0,1.0,1.0,1,8,0.0,9,5,1,1
6669,32.0,2,999,0,-1.1,94.601,-49.5,0.959,4963.6,999.0,0,1.0,0.0,0.0,2,6,0.0,5,10,1,1
6670,26.0,1,999,0,-1.8,92.893,-46.2,1.266,5099.1,999.0,0,1.0,0.0,0.0,1,6,0.0,5,5,1,1
6671,27.0,8,999,0,-1.8,92.893,-46.2,1.27,5099.1,999.0,0,1.0,0.0,0.0,1,7,0.0,5,5,1,1
6672,31.0,1,999,0,1.1,93.994,-36.4,4.856,5191.0,999.0,0,1.0,0.0,1.0,1,7,0.0,6,5,1,1
6673,52.0,4,999,0,-1.8,93.075,-47.1,1.405,5099.1,999.0,0,1.0,0.0,1.0,3,8,0.0,7,4,2,1
6674,51.0,3,999,0,-0.1,93.2,-42.0,4.021,5195.8,999.0,0,1.0,0.0,0.0,2,8,0.0,3,11,1,1
6675,50.0,1,999,0,-0.1,93.2,-42.0,4.021,5195.8,999.0,0,0.0,0.0,0.0,2,8,0.0,5,11,1,1
6676,26.0,2,999,0,-1.8,92.893,-46.2,1.281,5099.1,999.0,0,1.0,0.0,0.0,1,6,0.0,4,5,1,1
6677,33.0,1,999,0,1.4,93.918,-42.7,4.962,5228.1,999.0,0,1.0,0.0,0.0,1,8,0.0,5,7,1,1
6678,49.0,1,999,0,1.1,93.994,-36.4,4.857,5191.0,999.0,0,1.0,0.0,1.0,2,2,0.0,4,5,1,1
6679,54.0,1,999,0,-3.0,92.713,-33.0,0.721,5023.5,999.0,0,1.0,0.0,0.0,2,5,0.0,10,12,1,1
6680,52.0,3,999,0,1.1,93.994,-36.4,4.86,5191.0,999.0,0,0.0,0.0,1.0,2,4,0.0,9,5,1,1
6681,45.0,8,999,0,1.4,93.444,-36.1,4.963,5228.1,999.0,0,1.0,0.0,0.0,2,5,0.0,6,8,1,1
6682,31.0,28,999,0,1.4,94.465,-41.8,4.961,5228.1,999.0,0,0.0,0.0,1.0,2,8,0.0,5,6,1,1
6683,35.0,12,999,0,1.4,93.918,-42.7,4.962,5228.1,999.0,0,0.0,0.0,0.0,1,8,0.0,6,7,1,1
6684,31.0,2,999,0,1.1,93.994,-36.4,4.858,5191.0,999.0,0,0.0,0.0,1.0,2,3,0.0,4,5,1,1
6685,50.0,1,3,1,-0.1,93.2,-42.0,4.191,5195.8,0.1,2,1.0,0.0,0.0,2,7,0.0,7,11,2,3
6686,30.0,2,999,0,1.4,93.918,-42.7,4.958,5228.1,999.0,0,0.0,0.0,0.0,1,8,0.0,6,7,1,1
6687,56.0,2,999,0,1.1,93.994,-36.4,4.856,5191.0,999.0,0,0.0,0.0,1.0,2,2,0.0,8,5,1,1
6688,28.0,1,999,0,1.4,93.918,-42.7,4.962,5228.1,999.0,0,1.0,0.0,0.0,2,5,0.0,9,7,1,1
6689,50.0,4,999,0,1.4,93.444,-36.1,4.962,5228.1,999.0,0,0.0,0.0,0.0,2,4,0.0,10,8,1,1
6690,31.0,1,999,0,1.4,93.918,-42.7,4.96,5228.1,999.0,0,0.0,0.0,0.0,2,5,0.0,9,7,2,1
6691,43.0,1,999,0,-1.8,92.893,-46.2,1.281,5099.1,999.0,0,1.0,1.0,0.0,1,5,0.0,5,5,1,1
6692,53.0,1,999,0,1.1,93.994,-36.4,4.858,5191.0,999.0,0,1.0,0.0,1.0,2,8,0.0,1,5,1,1
6693,37.0,3,999,0,1.4,94.465,-41.8,4.959,5228.1,999.0,0,0.0,0.0,1.0,2,8,0.0,4,6,1,1
6694,36.0,5,999,0,1.4,93.918,-42.7,4.96,5228.1,999.0,0,0.0,1.0,0.0,2,6,0.0,1,7,2,1
6695,32.0,1,999,0,1.4,93.444,-36.1,4.966,5228.1,999.0,0,0.0,0.0,0.0,2,7,0.0,6,8,1,1
6696,34.0,5,999,0,-1.8,92.893,-46.2,1.344,5099.1,999.0,0,0.0,0.0,0.0,2,8,0.0,9,5,1,1
6697,32.0,1,999,0,-3.4,92.649,-30.1,0.722,5017.5,999.0,0,1.0,1.0,0.0,2,7,0.0,6,11,2,1
6698,29.0,1,999,0,-0.1,93.2,-42.0,4.12,5195.8,999.0,0,1.0,0.0,0.0,1,4,0.0,5,11,1,1
6699,24.0,1,3,1,-2.9,92.963,-40.8,1.266,5076.2,0.1,0,1.0,1.0,0.0,1,8,0.0,4,6,2,3
6700,27.0,2,999,0,1.1,93.994,-36.4,4.857,5191.0,999.0,0,0.0,1.0,1.0,1,2,0.0,4,5,1,1
6701,37.0,1,999,0,1.4,93.444,-36.1,4.968,5228.1,999.0,0,0.0,0.0,0.0,2,5,0.0,2,8,1,1
6702,45.0,1,999,0,1.4,93.444,-36.1,4.964,5228.1,999.0,0,0.0,0.0,0.0,2,8,0.0,4,8,1,1
6703,54.0,4,999,0,1.4,93.444,-36.1,4.967,5228.1,999.0,0,0.0,0.0,0.0,2,5,0.0,8,8,1,1
6704,34.0,23,999,0,1.4,94.465,-41.8,4.967,5228.1,999.0,0,0.0,0.0,1.0,3,6,0.0,4,6,1,1
6705,39.0,5,999,0,1.4,94.465,-41.8,4.967,5228.1,999.0,0,0.0,0.0,1.0,1,7,0.0,6,6,1,1
6706,31.0,1,999,0,1.4,93.444,-36.1,4.968,5228.1,999.0,0,0.0,0.0,0.0,2,4,0.0,4,8,1,1
6707,38.0,1,999,0,1.1,93.994,-36.4,4.857,5191.0,999.0,0,1.0,0.0,1.0,2,6,0.0,5,5,2,1
6708,35.0,1,999,0,1.1,93.994,-36.4,4.859,5191.0,999.0,0,1.0,1.0,1.0,2,5,0.0,6,5,1,1
6709,31.0,1,999,0,1.4,93.444,-36.1,4.963,5228.1,999.0,0,0.0,0.0,0.0,2,8,0.0,10,8,1,1
6710,29.0,3,999,0,-1.8,92.893,-46.2,1.25,5099.1,999.0,0,0.0,0.0,0.0,3,8,0.0,4,5,1,1
6711,31.0,6,999,0,1.4,93.918,-42.7,4.961,5228.1,999.0,0,0.0,0.0,0.0,2,8,0.0,4,7,1,1
6712,23.0,1,999,0,-1.8,93.876,-40.0,0.699,5008.7,999.0,0,0.0,0.0,1.0,2,5,0.0,10,5,1,1
6713,40.0,2,999,0,-1.8,92.893,-46.2,1.299,5099.1,999.0,0,1.0,0.0,0.0,3,5,0.0,9,5,2,1
6714,39.0,1,999,0,-0.1,93.2,-42.0,4.153,5195.8,999.0,0,0.0,0.0,0.0,2,8,0.0,6,11,1,1
6715,37.0,1,999,0,-1.8,93.075,-47.1,1.365,5099.1,999.0,0,1.0,0.0,1.0,1,7,0.0,1,4,1,1
6716,32.0,4,999,0,1.4,93.918,-42.7,4.961,5228.1,999.0,0,1.0,1.0,1.0,1,8,0.0,4,7,1,1
6717,56.0,1,999,0,1.1,93.994,-36.4,4.857,5191.0,999.0,0,0.0,0.0,1.0,2,7,0.0,7,5,1,1
6718,36.0,3,999,0,1.4,93.444,-36.1,4.965,5228.1,999.0,0,1.0,0.0,0.0,1,7,0.0,5,8,2,1
6719,43.0,1,999,0,1.1,93.994,-36.4,4.857,5191.0,999.0,0,0.0,0.0,1.0,3,8,0.0,6,5,2,1
6720,31.0,2,999,0,1.4,93.444,-36.1,4.963,5228.1,999.0,0,0.0,0.0,0.0,2,8,0.0,2,8,2,1
6721,27.0,2,999,0,-2.9,92.201,-31.4,0.861,5076.2,999.0,0,0.0,0.0,0.0,1,7,0.0,1,8,2,1
6722,30.0,1,999,0,1.4,94.465,-41.8,4.961,5228.1,999.0,0,0.0,0.0,1.0,2,5,0.0,6,6,1,1
6723,29.0,4,999,0,1.4,93.444,-36.1,4.963,5228.1,999.0,0,0.0,0.0,0.0,1,8,0.0,6,8,1,1
6724,75.0,3,999,3,-1.1,94.601,-49.5,0.959,4963.6,999.0,12,1.0,0.0,0.0,2,2,0.0,8,10,1,2
6725,31.0,1,999,0,1.1,93.994,-36.4,4.855,5191.0,999.0,0,0.0,0.0,1.0,2,2,0.0,4,5,1,1
6726,40.0,2,999,0,1.1,93.994,-36.4,4.855,5191.0,999.0,0,0.0,0.0,1.0,2,4,0.0,4,5,1,1
6727,29.0,1,999,0,-1.8,92.893,-46.2,1.313,5099.1,999.0,0,1.0,0.0,0.0,3,5,0.0,9,5,1,1
6728,36.0,2,999,0,1.4,93.918,-42.7,4.963,5228.1,999.0,0,1.0,0.0,0.0,1,5,0.0,9,7,1,1
6729,30.0,3,999,0,1.4,94.465,-41.8,4.961,5228.1,999.0,0,1.0,0.0,1.0,2,6,0.0,7,6,1,1
6730,38.0,3,999,0,1.4,93.444,-36.1,4.965,5228.1,999.0,0,1.0,1.0,0.0,1,5,0.0,5,8,2,1
6731,33.0,2,999,0,1.4,93.918,-42.7,4.96,5228.1,999.0,0,1.0,0.0,0.0,3,8,0.0,6,7,2,1
6732,31.0,10,999,0,1.4,93.918,-42.7,4.962,5228.1,999.0,0,1.0,0.0,1.0,2,8,0.0,1,7,1,1
6733,31.0,1,7,1,-3.4,92.649,-30.1,0.714,5017.5,0.233333333333,3,1.0,0.0,0.0,1,7,0.0,5,11,2,3
6734,53.0,1,999,0,1.4,93.444,-36.1,4.963,5228.1,999.0,0,0.0,0.0,0.0,2,8,0.0,1,8,1,1
6735,31.0,2,999,0,-1.8,93.075,-47.1,1.405,5099.1,999.0,0,0.0,0.0,0.0,2,2,0.0,4,4,2,1
6736,42.0,1,999,0,1.4,93.918,-42.7,4.958,5228.1,999.0,0,1.0,0.0,0.0,2,2,0.0,7,7,1,1
6737,47.0,1,999,0,-0.1,93.2,-42.0,4.12,5195.8,999.0,0,1.0,0.0,0.0,2,8,0.0,6,11,1,1
6738,54.0,6,999,0,1.4,94.465,-41.8,4.959,5228.1,999.0,0,1.0,0.0,1.0,3,2,0.0,2,6,1,1
6739,19.0,1,999,0,-1.8,93.075,-47.1,1.405,5099.1,999.0,0,1.0,1.0,0.0,1,8,0.0,11,4,2,1
6740,45.0,3,999,0,1.4,94.465,-41.8,4.866,5228.1,999.0,0,0.0,0.0,1.0,2,6,0.0,5,6,1,1
6741,31.0,11,999,0,1.4,94.465,-41.8,4.959,5228.1,999.0,0,0.0,0.0,1.0,2,8,0.0,9,6,1,1
6742,31.0,4,4,3,-1.7,94.055,-39.8,0.754,4991.6,0.133333333333,3,1.0,0.0,0.0,2,5,0.0,4,6,2,3
6743,33.0,1,999,0,-1.8,93.075,-47.1,1.498,5099.1,999.0,0,1.0,1.0,0.0,1,7,0.0,3,4,1,1
6744,55.0,1,999,0,1.4,93.918,-42.7,4.959,5228.1,999.0,0,1.0,0.0,1.0,2,7,0.0,5,7,1,1
6745,31.0,12,999,0,-1.8,93.075,-47.1,1.405,5099.1,999.0,0,1.0,0.0,1.0,1,8,0.0,5,4,2,1
6746,31.0,1,999,1,-1.8,92.893,-46.2,1.334,5099.1,999.0,1,1.0,0.0,0.0,2,8,0.0,9,5,1,2
6747,54.0,1,999,0,1.4,94.465,-41.8,4.961,5228.1,999.0,0,1.0,0.0,1.0,2,7,0.0,3,6,1,1
6748,33.0,1,999,0,-1.8,92.893,-46.2,1.291,5099.1,999.0,0,1.0,0.0,0.0,3,8,0.0,5,5,1,1
6749,31.0,1,999,0,1.1,93.994,-36.4,4.857,5191.0,999.0,0,1.0,0.0,1.0,2,5,0.0,9,5,2,1
6750,43.0,1,999,0,-1.8,92.893,-46.2,1.281,5099.1,999.0,0,1.0,0.0,0.0,2,5,0.0,6,5,1,1
6751,40.0,1,999,1,-1.8,92.893,-46.2,1.259,5099.1,999.0,1,1.0,0.0,0.0,1,6,0.0,5,5,1,2
6752,31.0,3,999,0,1.1,93.994,-36.4,4.857,5191.0,999.0,0,1.0,0.0,1.0,2,2,0.0,4,5,2,1
6753,45.0,1,999,0,1.4,94.465,-41.8,4.961,5228.1,999.0,0,0.0,0.0,1.0,2,7,0.0,5,6,1,1
6754,48.0,1,999,0,-1.8,93.075,-47.1,1.405,5099.1,999.0,0,1.0,0.0,0.0,1,7,0.0,6,4,1,1
6755,27.0,1,999,1,-1.8,92.893,-46.2,1.266,5099.1,999.0,1,0.0,0.0,0.0,2,5,0.0,6,5,1,2
6756,50.0,1,999,0,-0.1,93.2,-42.0,4.191,5195.8,999.0,0,0.0,0.0,0.0,2,4,0.0,4,11,2,1
6757,31.0,3,999,0,1.4,93.444,-36.1,4.963,5228.1,999.0,0,1.0,0.0,0.0,1,7,0.0,1,8,1,1
6758,47.0,2,999,0,1.4,93.918,-42.7,4.958,5228.1,999.0,0,1.0,0.0,0.0,3,4,0.0,4,7,1,1
6759,52.0,1,999,0,-1.8,92.893,-46.2,1.327,5099.1,999.0,0,0.0,0.0,0.0,2,8,0.0,5,5,1,1
6760,31.0,3,999,0,1.4,93.444,-36.1,4.963,5228.1,999.0,0,0.0,0.0,0.0,2,8,0.0,5,8,2,1
6761,32.0,4,999,0,1.4,93.918,-42.7,4.968,5228.1,999.0,0,0.0,0.0,1.0,2,8,0.0,5,7,1,1
6762,31.0,5,999,0,-1.8,92.893,-46.2,1.291,5099.1,999.0,0,1.0,0.0,1.0,1,5,0.0,10,5,1,1
6763,54.0,27,999,0,1.4,93.918,-42.7,4.968,5228.1,999.0,0,1.0,0.0,0.0,2,7,0.0,6,7,1,1
6764,34.0,2,999,2,-1.1,94.767,-50.8,1.046,4963.6,999.0,0,1.0,0.0,0.0,2,8,0.0,5,11,1,2
6765,45.0,1,999,0,-0.1,93.2,-42.0,4.12,5195.8,999.0,0,0.0,0.0,0.0,3,4,0.0,9,11,1,1
6766,63.0,1,6,1,-1.7,94.215,-40.3,0.846,4991.6,0.2,1,1.0,0.0,0.0,2,2,0.0,8,7,1,3
6767,57.0,4,999,0,1.4,93.444,-36.1,4.965,5228.1,999.0,0,0.0,0.0,0.0,2,4,0.0,8,8,1,1
6768,46.0,1,999,0,1.4,93.444,-36.1,4.968,5228.1,999.0,0,1.0,0.0,0.0,2,4,0.0,1,8,1,1
6769,30.0,1,999,0,1.4,94.465,-41.8,4.866,5228.1,999.0,0,1.0,1.0,1.0,1,6,0.0,5,6,1,1
6770,36.0,1,999,0,-2.9,92.963,-40.8,1.26,5076.2,999.0,0,0.0,0.0,0.0,2,7,0.0,6,6,1,1
6771,31.0,3,999,0,1.4,93.918,-42.7,4.961,5228.1,999.0,0,1.0,0.0,0.0,2,2,0.0,4,7,1,1
6772,31.0,1,999,0,1.4,93.444,-36.1,4.963,5228.1,999.0,0,1.0,0.0,0.0,2,7,0.0,6,8,1,1
6773,31.0,1,999,1,-1.7,94.215,-40.3,0.793,4991.6,999.0,1,0.0,0.0,1.0,1,5,0.0,6,7,2,2
6774,44.0,1,999,0,-2.9,92.469,-33.6,1.029,5076.2,999.0,0,1.0,0.0,1.0,1,8,0.0,4,7,1,1
6775,28.0,1,999,2,-1.8,93.075,-47.1,1.483,5099.1,999.0,2,1.0,0.0,0.0,1,6,0.0,5,4,1,2
6776,28.0,1,999,0,-1.8,92.893,-46.2,1.244,5099.1,999.0,0,1.0,0.0,0.0,1,7,0.0,10,5,2,1
6777,36.0,4,999,0,1.1,93.994,-36.4,4.86,5191.0,999.0,0,1.0,0.0,1.0,2,2,0.0,4,5,1,1
6778,44.0,1,999,0,1.4,93.918,-42.7,4.96,5228.1,999.0,0,1.0,0.0,0.0,2,8,0.0,6,7,2,1
6779,31.0,1,999,0,1.4,93.444,-36.1,4.964,5228.1,999.0,0,1.0,0.0,1.0,2,8,0.0,4,8,1,1
6780,31.0,3,999,0,1.4,94.465,-41.8,4.962,5228.1,999.0,0,0.0,0.0,1.0,1,8,0.0,9,6,1,1
6781,50.0,2,999,0,1.1,93.994,-36.4,4.855,5191.0,999.0,0,1.0,0.0,1.0,2,7,0.0,5,5,1,1
6782,53.0,4,999,0,-1.8,92.893,-46.2,1.25,5099.1,999.0,0,1.0,0.0,0.0,2,6,0.0,4,5,1,1
6783,39.0,1,999,1,-1.8,92.893,-46.2,1.291,5099.1,999.0,0,1.0,0.0,0.0,1,2,0.0,4,5,1,2
6784,54.0,2,999,0,1.1,93.994,-36.4,4.857,5191.0,999.0,0,1.0,1.0,1.0,2,6,0.0,5,5,2,1
6785,41.0,2,999,0,1.1,93.994,-36.4,4.859,5191.0,999.0,0,1.0,1.0,1.0,3,3,0.0,4,5,1,1
6786,38.0,3,999,0,1.4,94.465,-41.8,4.967,5228.1,999.0,0,0.0,0.0,1.0,2,7,0.0,3,6,1,1
6787,25.0,6,999,1,-1.8,92.893,-46.2,1.266,5099.1,999.0,1,1.0,0.0,0.0,1,8,0.0,6,5,1,2
6788,59.0,1,999,0,-2.9,92.201,-31.4,0.884,5076.2,999.0,0,1.0,1.0,0.0,3,8,0.0,8,8,1,1
6789,79.0,1,999,2,-1.8,93.876,-40.0,0.668,5008.7,999.0,12,0.0,0.0,0.0,2,4,0.0,8,5,1,2
6790,39.0,1,999,0,1.4,93.444,-36.1,4.965,5228.1,999.0,0,1.0,0.0,0.0,3,6,0.0,5,8,2,1
6791,44.0,4,999,0,1.4,93.918,-42.7,4.958,5228.1,999.0,0,0.0,0.0,1.0,2,8,0.0,4,7,1,1
6792,38.0,2,999,0,1.1,93.994,-36.4,4.856,5191.0,999.0,0,1.0,1.0,1.0,2,6,0.0,5,5,1,1
6793,36.0,1,999,1,-3.4,92.379,-29.8,0.781,5017.5,999.0,2,0.0,0.0,0.0,2,8,0.0,10,9,1,2
6794,31.0,2,999,0,1.4,93.918,-42.7,4.962,5228.1,999.0,0,0.0,0.0,0.0,3,7,0.0,5,7,2,1
6795,44.0,6,999,0,1.4,94.465,-41.8,4.959,5228.1,999.0,0,1.0,0.0,1.0,1,7,0.0,6,6,1,1
6796,52.0,2,999,0,1.4,93.444,-36.1,4.964,5228.1,999.0,0,0.0,0.0,0.0,2,8,0.0,6,8,1,1
6797,36.0,4,999,0,-1.8,93.075,-47.1,1.435,5099.1,999.0,0,1.0,0.0,0.0,2,7,0.0,6,4,1,1
6798,31.0,1,999,0,1.1,93.994,-36.4,4.864,5191.0,999.0,0,1.0,0.0,1.0,2,4,0.0,3,5,1,1
6799,41.0,1,999,0,1.4,93.444,-36.1,4.966,5228.1,999.0,0,1.0,0.0,0.0,2,6,0.0,5,8,1,1
6800,29.0,1,999,0,-1.8,92.893,-46.2,1.266,5099.1,999.0,0,0.0,0.0,0.0,1,8,0.0,5,5,1,1
6801,44.0,2,999,0,-0.1,93.2,-42.0,4.021,5195.8,999.0,0,0.0,0.0,0.0,2,8,0.0,6,11,1,1
6802,31.0,5,999,0,1.1,93.994,-36.4,4.859,5191.0,999.0,0,1.0,0.0,1.0,2,8,0.0,9,5,1,1
6803,53.0,1,999,0,1.4,93.918,-42.7,4.962,5228.1,999.0,0,0.0,0.0,0.0,2,8,0.0,6,7,1,1
6804,55.0,2,999,0,-0.1,93.2,-42.0,4.076,5195.8,999.0,0,1.0,1.0,0.0,2,4,0.0,6,11,1,1
6805,32.0,5,999,0,-1.8,92.843,-50.0,1.778,5099.1,999.0,0,0.0,1.0,1.0,2,6,0.0,5,3,1,1
6806,33.0,2,999,0,1.1,93.994,-36.4,4.858,5191.0,999.0,0,1.0,0.0,1.0,1,5,0.0,6,5,2,1
6807,49.0,1,999,0,-0.1,93.2,-42.0,4.153,5195.8,999.0,0,1.0,0.0,0.0,2,7,0.0,3,11,1,1
6808,33.0,2,999,1,-2.9,92.201,-31.4,0.881,5076.2,999.0,0,1.0,0.0,0.0,1,5,0.0,6,8,1,2
6809,33.0,1,999,0,-0.1,93.2,-42.0,4.021,5195.8,999.0,0,1.0,1.0,0.0,1,7,0.0,5,11,1,1
6810,49.0,2,999,0,1.4,94.465,-41.8,4.958,5228.1,999.0,0,1.0,0.0,1.0,2,6,0.0,5,6,1,1
6811,31.0,1,4,1,-2.9,92.963,-40.8,1.262,5076.2,0.133333333333,1,0.0,0.0,0.0,2,8,0.0,6,6,1,3
6812,29.0,1,999,0,-2.9,92.963,-40.8,1.26,5076.2,999.0,0,1.0,0.0,0.0,1,7,0.0,5,6,1,1
6813,31.0,2,999,0,1.4,93.918,-42.7,4.962,5228.1,999.0,0,1.0,0.0,0.0,3,6,0.0,5,7,1,1
6814,58.0,2,999,1,-1.8,92.893,-46.2,1.313,5099.1,999.0,3,0.0,0.0,0.0,2,4,0.0,4,5,1,2
6815,58.0,1,999,0,1.4,93.444,-36.1,4.966,5228.1,999.0,0,0.0,0.0,0.0,2,2,0.0,8,8,1,1
6816,32.0,1,999,0,-3.4,92.649,-30.1,0.714,5017.5,999.0,0,1.0,0.0,1.0,1,7,0.0,6,11,1,1
6817,44.0,2,999,0,1.4,93.444,-36.1,4.965,5228.1,999.0,0,0.0,0.0,0.0,2,3,0.0,4,8,1,1
6818,45.0,1,999,0,1.4,93.444,-36.1,4.967,5228.1,999.0,0,0.0,0.0,0.0,2,2,0.0,4,8,1,1
6819,42.0,3,999,0,1.4,94.465,-41.8,4.864,5228.1,999.0,0,1.0,0.0,1.0,2,7,0.0,6,6,1,1
6820,46.0,2,999,0,1.4,93.444,-36.1,4.964,5228.1,999.0,0,0.0,0.0,0.0,1,8,0.0,6,8,1,1
6821,31.0,3,999,0,1.4,93.444,-36.1,4.963,5228.1,999.0,0,1.0,0.0,0.0,1,5,0.0,6,8,1,1
6822,46.0,2,999,0,1.4,93.918,-42.7,4.959,5228.1,999.0,0,1.0,0.0,1.0,2,8,0.0,9,7,1,1
6823,45.0,1,999,1,-1.8,92.893,-46.2,1.299,5099.1,999.0,1,0.0,0.0,0.0,4,3,0.0,5,5,2,2
6824,36.0,7,999,0,1.4,93.918,-42.7,4.968,5228.1,999.0,0,1.0,1.0,0.0,1,8,0.0,6,7,1,1
6825,39.0,3,999,0,-1.8,93.075,-47.1,1.405,5099.1,999.0,0,0.0,0.0,0.0,2,7,0.0,6,4,2,1
6826,41.0,1,999,0,1.1,93.994,-36.4,4.855,5191.0,999.0,0,1.0,0.0,1.0,1,4,0.0,4,5,1,1
6827,34.0,1,6,2,-1.8,93.369,-34.8,0.652,5008.7,0.2,2,0.0,0.0,0.0,1,8,0.0,6,3,1,3
6828,31.0,2,999,0,-1.8,93.075,-47.1,1.405,5099.1,999.0,0,0.0,0.0,0.0,1,5,0.0,6,4,1,1
6829,31.0,1,999,0,1.4,93.918,-42.7,4.962,5228.1,999.0,0,1.0,0.0,0.0,3,2,0.0,8,7,1,1
6830,31.0,2,999,0,-1.8,92.893,-46.2,1.281,5099.1,999.0,0,0.0,1.0,0.0,3,8,0.0,5,5,1,1
6831,32.0,1,999,0,1.4,94.465,-41.8,4.865,5228.1,999.0,0,1.0,1.0,1.0,1,2,0.0,4,6,2,1
6832,39.0,1,999,0,-1.8,93.075,-47.1,1.405,5099.1,999.0,0,1.0,1.0,0.0,1,8,0.0,6,4,1,1
6833,25.0,4,999,1,-1.8,92.893,-46.2,1.281,5099.1,999.0,1,1.0,0.0,0.0,2,5,0.0,6,5,1,2
6834,52.0,1,999,0,-0.1,93.2,-42.0,4.153,5195.8,999.0,0,1.0,0.0,0.0,2,5,0.0,5,11,1,1
6835,43.0,3,999,0,1.4,94.465,-41.8,4.961,5228.1,999.0,0,1.0,1.0,1.0,2,3,0.0,4,6,1,1
6836,31.0,1,999,1,-2.9,92.201,-31.4,0.849,5076.2,999.0,3,1.0,1.0,0.0,2,2,0.0,8,8,1,2
6837,39.0,1,999,0,1.4,93.918,-42.7,4.968,5228.1,999.0,0,1.0,0.0,0.0,2,5,0.0,7,7,1,1
6838,49.0,1,999,0,1.4,93.918,-42.7,4.963,5228.1,999.0,0,1.0,0.0,0.0,3,4,0.0,6,7,1,1
6839,47.0,5,999,0,1.4,93.444,-36.1,4.965,5228.1,999.0,0,0.0,0.0,0.0,2,2,0.0,4,8,2,1
6840,36.0,1,999,0,-2.9,92.963,-40.8,1.26,5076.2,999.0,0,0.0,0.0,0.0,1,7,0.0,1,6,2,1
6841,34.0,2,8,2,-3.4,92.649,-30.1,0.722,5017.5,0.266666666667,4,1.0,0.0,0.0,1,5,0.0,6,11,2,2
6842,31.0,2,999,0,1.4,93.444,-36.1,4.968,5228.1,999.0,0,0.0,0.0,0.0,2,8,0.0,6,8,1,1
6843,43.0,1,999,0,-0.1,93.2,-42.0,4.021,5195.8,999.0,0,0.0,1.0,0.0,3,8,0.0,6,11,1,1
6844,31.0,5,999,0,1.4,93.918,-42.7,4.961,5228.1,999.0,0,0.0,0.0,0.0,2,5,0.0,6,7,1,1
6845,37.0,3,999,0,-1.8,93.075,-47.1,1.423,5099.1,999.0,0,0.0,0.0,0.0,1,7,0.0,6,4,1,1
6846,42.0,1,999,1,-1.8,92.893,-46.2,1.266,5099.1,999.0,1,1.0,0.0,0.0,2,7,0.0,6,5,1,2
6847,35.0,5,999,0,1.1,93.994,-36.4,4.857,5191.0,999.0,0,1.0,0.0,1.0,2,8,0.0,9,5,2,1
6848,32.0,1,999,0,1.4,94.465,-41.8,4.866,5228.1,999.0,0,0.0,0.0,1.0,2,8,0.0,2,6,1,1
6849,38.0,1,999,0,-1.8,92.893,-46.2,1.327,5099.1,999.0,0,1.0,1.0,0.0,2,8,0.0,6,5,1,1
6850,32.0,1,12,2,-1.7,94.055,-39.8,0.737,4991.6,0.4,10,0.0,0.0,0.0,1,7,0.0,6,6,1,3
6851,30.0,3,999,0,1.4,94.465,-41.8,4.866,5228.1,999.0,0,1.0,0.0,1.0,3,6,0.0,5,6,1,1
6852,58.0,10,999,0,1.4,93.444,-36.1,4.965,5228.1,999.0,0,1.0,0.0,0.0,2,6,0.0,2,8,1,1
6853,60.0,1,999,0,1.4,93.918,-42.7,4.962,5228.1,999.0,0,0.0,0.0,0.0,2,5,0.0,6,7,1,1
6854,34.0,1,999,0,1.4,93.918,-42.7,4.962,5228.1,999.0,0,1.0,0.0,0.0,2,4,0.0,4,7,1,1
6855,33.0,2,999,0,-0.1,93.2,-42.0,4.12,5195.8,999.0,0,1.0,1.0,0.0,2,7,0.0,7,11,1,1
6856,27.0,4,999,0,-1.8,92.893,-46.2,1.266,5099.1,999.0,0,1.0,0.0,0.0,1,7,0.0,6,5,1,1
6857,55.0,4,999,0,-0.1,93.2,-42.0,4.021,5195.8,999.0,0,1.0,1.0,1.0,1,6,0.0,5,11,1,1
6858,51.0,6,999,0,-1.8,92.893,-46.2,1.244,5099.1,999.0,0,1.0,0.0,0.0,2,5,0.0,5,5,2,1
6859,31.0,2,999,1,-1.1,94.199,-37.5,0.879,4963.6,999.0,2,1.0,0.0,0.0,2,8,0.0,6,9,2,2
6860,31.0,2,999,0,1.4,93.444,-36.1,4.964,5228.1,999.0,0,0.0,1.0,0.0,2,6,0.0,5,8,1,1
6861,47.0,1,999,0,1.4,93.444,-36.1,4.966,5228.1,999.0,0,1.0,1.0,0.0,2,5,0.0,9,8,1,1
6862,48.0,2,999,0,1.4,93.918,-42.7,4.96,5228.1,999.0,0,1.0,0.0,0.0,3,5,0.0,9,7,2,1
6863,54.0,1,999,0,1.4,93.918,-42.7,4.958,5228.1,999.0,0,1.0,0.0,0.0,2,8,0.0,4,7,1,1
6864,33.0,3,999,0,1.4,93.918,-42.7,4.962,5228.1,999.0,0,1.0,1.0,0.0,2,7,0.0,7,7,2,1
6865,43.0,7,999,0,-1.8,92.893,-46.2,1.291,5099.1,999.0,0,0.0,0.0,0.0,2,3,0.0,4,5,1,1
6866,36.0,1,999,0,1.4,93.444,-36.1,4.966,5228.1,999.0,0,1.0,0.0,0.0,3,8,0.0,5,8,1,1
6867,31.0,2,999,0,-2.9,92.201,-31.4,0.825,5076.2,999.0,0,0.0,0.0,0.0,1,8,0.0,11,8,1,1
6868,31.0,2,999,0,-2.9,92.469,-33.6,1.007,5076.2,999.0,0,0.0,0.0,0.0,1,5,0.0,4,7,1,1
6869,41.0,2,999,0,1.1,93.994,-36.4,4.857,5191.0,999.0,0,0.0,0.0,1.0,2,4,0.0,10,5,1,1
6870,41.0,2,999,0,-0.1,93.2,-42.0,4.153,5195.8,999.0,0,1.0,0.0,0.0,2,7,0.0,3,11,1,1
6871,34.0,2,999,0,1.4,93.444,-36.1,4.964,5228.1,999.0,0,0.0,0.0,1.0,1,8,0.0,5,8,1,1
6872,32.0,4,999,1,-3.0,92.713,-33.0,0.706,5023.5,999.0,4,1.0,0.0,0.0,1,8,0.0,1,12,2,2
6873,31.0,1,999,0,1.1,93.994,-36.4,4.855,5191.0,999.0,0,0.0,0.0,1.0,1,8,0.0,7,5,1,1
6874,31.0,5,999,0,-2.9,92.201,-31.4,0.851,5076.2,999.0,0,1.0,0.0,0.0,1,8,0.0,9,8,1,1
6875,50.0,2,999,0,1.4,93.918,-42.7,4.963,5228.1,999.0,0,1.0,0.0,0.0,2,8,0.0,2,7,1,1
6876,34.0,4,999,0,-1.8,92.893,-46.2,1.313,5099.1,999.0,0,0.0,0.0,0.0,2,4,0.0,4,5,1,1
6877,31.0,3,999,1,-0.1,93.2,-42.0,4.12,5195.8,999.0,2,1.0,0.0,0.0,2,6,0.0,9,11,1,2
6878,33.0,2,999,0,1.4,94.465,-41.8,4.967,5228.1,999.0,0,0.0,0.0,1.0,2,2,0.0,4,6,1,1
6879,49.0,4,999,0,1.1,93.994,-36.4,4.857,5191.0,999.0,0,1.0,0.0,1.0,2,5,0.0,7,5,2,1
6880,31.0,5,999,0,1.4,93.918,-42.7,4.962,5228.1,999.0,0,0.0,0.0,1.0,2,8,0.0,5,7,1,1
6881,41.0,2,999,0,-1.8,92.893,-46.2,1.334,5099.1,999.0,0,1.0,1.0,0.0,2,2,0.0,4,5,1,1
6882,34.0,1,999,0,1.4,93.444,-36.1,4.965,5228.1,999.0,0,0.0,0.0,0.0,2,6,0.0,5,8,2,1
6883,31.0,1,999,0,1.1,93.994,-36.4,4.856,5191.0,999.0,0,0.0,0.0,1.0,2,8,0.0,8,5,1,1
6884,26.0,2,999,0,-2.9,92.963,-40.8,1.26,5076.2,999.0,0,1.0,0.0,0.0,1,6,0.0,4,6,1,1
6885,31.0,1,999,0,1.4,93.444,-36.1,4.965,5228.1,999.0,0,0.0,0.0,0.0,2,8,0.0,6,8,2,1
6886,33.0,2,999,0,1.4,93.918,-42.7,4.963,5228.1,999.0,0,0.0,0.0,0.0,2,5,0.0,9,7,1,1
6887,38.0,3,999,0,1.4,93.918,-42.7,4.957,5228.1,999.0,0,0.0,0.0,0.0,2,5,0.0,9,7,1,1
6888,45.0,7,999,0,-1.8,92.893,-46.2,1.281,5099.1,999.0,0,1.0,0.0,0.0,2,5,0.0,9,5,1,1
6889,32.0,6,999,0,1.4,93.444,-36.1,4.963,5228.1,999.0,0,1.0,0.0,0.0,2,5,0.0,5,8,2,1
6890,46.0,2,999,0,1.4,94.465,-41.8,4.866,5228.1,999.0,0,0.0,0.0,1.0,3,8,0.0,6,6,1,1
6891,42.0,4,999,0,1.1,93.994,-36.4,4.856,5191.0,999.0,0,1.0,0.0,1.0,2,2,0.0,4,5,1,1
6892,35.0,1,999,0,1.1,93.994,-36.4,4.857,5191.0,999.0,0,1.0,0.0,1.0,2,4,0.0,4,5,1,1
6893,34.0,3,999,0,1.4,94.465,-41.8,4.865,5228.1,999.0,0,0.0,1.0,1.0,2,8,0.0,4,6,2,1
6894,31.0,8,999,0,1.1,93.994,-36.4,4.857,5191.0,999.0,0,0.0,0.0,1.0,1,8,0.0,6,5,1,1
6895,36.0,6,999,0,1.4,93.918,-42.7,4.96,5228.1,999.0,0,1.0,0.0,0.0,2,2,0.0,4,7,2,1
6896,28.0,1,999,0,1.1,93.994,-36.4,4.857,5191.0,999.0,0,0.0,0.0,1.0,1,4,0.0,4,5,1,1
6897,29.0,2,999,0,-1.8,92.893,-46.2,1.281,5099.1,999.0,0,1.0,0.0,0.0,2,8,0.0,4,5,1,1
6898,31.0,1,999,0,-1.7,94.027,-38.3,0.904,4991.6,999.0,0,0.0,0.0,0.0,2,7,0.0,3,8,1,1
6899,34.0,19,999,0,1.1,93.994,-36.4,4.859,5191.0,999.0,0,0.0,1.0,1.0,2,8,0.0,4,5,1,1
6900,31.0,1,999,1,-3.4,92.431,-26.9,0.722,5017.5,999.0,3,0.0,1.0,0.0,2,6,0.0,8,10,1,2
6901,31.0,10,999,0,1.1,93.994,-36.4,4.856,5191.0,999.0,0,1.0,0.0,1.0,2,3,0.0,4,5,1,1
6902,31.0,2,999,0,-1.8,92.893,-46.2,1.299,5099.1,999.0,0,0.0,0.0,0.0,2,8,0.0,4,5,2,1
6903,32.0,4,999,0,1.4,93.918,-42.7,4.963,5228.1,999.0,0,1.0,0.0,0.0,2,3,0.0,4,7,1,1
6904,31.0,1,999,0,-3.4,92.379,-29.8,0.77,5017.5,999.0,0,1.0,0.0,1.0,2,7,0.0,7,9,1,1
6905,74.0,2,999,1,-2.9,92.201,-31.4,0.851,5076.2,999.0,4,0.0,0.0,0.0,2,4,0.0,8,8,1,2
6906,31.0,6,999,0,1.4,93.918,-42.7,4.96,5228.1,999.0,0,0.0,1.0,0.0,2,8,0.0,4,7,1,1
6907,42.0,7,999,0,1.4,93.444,-36.1,4.963,5228.1,999.0,0,0.0,0.0,0.0,3,8,0.0,6,8,1,1
6908,51.0,1,999,0,1.4,93.918,-42.7,4.962,5228.1,999.0,0,1.0,0.0,0.0,2,4,0.0,8,7,1,1
6909,31.0,1,999,0,-2.9,92.201,-31.4,0.873,5076.2,999.0,0,0.0,0.0,0.0,2,6,0.0,4,8,1,1
6910,34.0,1,999,0,1.4,93.918,-42.7,4.962,5228.1,999.0,0,1.0,0.0,1.0,1,5,0.0,9,7,1,1
6911,38.0,2,999,0,1.4,94.465,-41.8,4.961,5228.1,999.0,0,1.0,0.0,1.0,2,6,0.0,5,6,2,1
6912,38.0,1,999,0,1.4,93.444,-36.1,4.966,5228.1,999.0,0,1.0,0.0,0.0,3,6,0.0,5,8,1,1
6913,47.0,1,999,0,1.1,93.994,-36.4,4.857,5191.0,999.0,0,1.0,0.0,1.0,2,8,0.0,6,5,2,1
6914,59.0,3,999,0,1.4,94.465,-41.8,4.959,5228.1,999.0,0,0.0,1.0,1.0,2,2,0.0,8,6,1,1
6915,33.0,3,999,0,1.4,93.444,-36.1,4.966,5228.1,999.0,0,0.0,0.0,0.0,3,8,0.0,5,8,1,1
6916,46.0,10,999,0,1.4,93.918,-42.7,4.957,5228.1,999.0,0,0.0,0.0,0.0,1,7,0.0,6,7,1,1
6917,31.0,1,999,0,1.1,93.994,-36.4,4.855,5191.0,999.0,0,0.0,0.0,1.0,2,3,0.0,4,5,1,1
6918,31.0,1,999,0,1.1,93.994,-36.4,4.856,5191.0,999.0,0,0.0,0.0,1.0,1,8,0.0,3,5,1,1
6919,46.0,2,999,0,1.4,93.444,-36.1,4.965,5228.1,999.0,0,1.0,0.0,0.0,2,2,0.0,4,8,2,1
6920,32.0,2,999,0,1.4,94.465,-41.8,4.967,5228.1,999.0,0,0.0,0.0,1.0,2,5,0.0,4,6,1,1
6921,36.0,2,999,0,-1.7,94.215,-40.3,0.802,4991.6,999.0,0,0.0,0.0,1.0,2,5,0.0,9,7,1,1
6922,31.0,4,999,0,1.4,94.465,-41.8,4.96,5228.1,999.0,0,0.0,0.0,1.0,2,8,0.0,6,6,1,1
6923,44.0,1,999,0,-0.1,93.2,-42.0,4.191,5195.8,999.0,0,1.0,0.0,1.0,2,8,0.0,10,11,2,1
6924,31.0,1,999,0,-2.9,92.201,-31.4,0.883,5076.2,999.0,0,1.0,0.0,0.0,2,2,0.0,8,8,1,1
6925,28.0,2,999,0,-1.8,92.893,-46.2,1.313,5099.1,999.0,0,1.0,1.0,0.0,1,8,0.0,11,5,1,1
6926,31.0,2,999,0,1.4,93.444,-36.1,4.967,5228.1,999.0,0,0.0,0.0,0.0,1,6,0.0,5,8,1,1
6927,43.0,1,999,0,1.4,93.918,-42.7,4.962,5228.1,999.0,0,0.0,1.0,0.0,3,3,0.0,2,7,1,1
6928,20.0,1,7,1,-3.4,92.649,-30.1,0.715,5017.5,0.233333333333,4,1.0,0.0,0.0,1,5,0.0,11,11,1,3
6929,57.0,1,999,0,1.4,93.444,-36.1,4.97,5228.1,999.0,0,1.0,0.0,0.0,2,5,0.0,6,8,2,1
6930,32.0,2,999,0,1.1,93.994,-36.4,4.855,5191.0,999.0,0,1.0,1.0,1.0,1,5,0.0,6,5,1,1
6931,55.0,1,999,0,1.4,93.918,-42.7,4.968,5228.1,999.0,0,1.0,1.0,0.0,2,7,0.0,3,7,1,1
6932,32.0,1,999,0,1.4,94.465,-41.8,4.866,5228.1,999.0,0,0.0,0.0,1.0,2,8,0.0,2,6,1,1
6933,31.0,2,999,0,-1.8,93.075,-47.1,1.41,5099.1,999.0,0,1.0,0.0,0.0,2,8,0.0,9,4,1,1
6934,38.0,10,999,0,1.4,93.444,-36.1,4.963,5228.1,999.0,0,0.0,0.0,1.0,2,7,0.0,5,8,2,1
6935,40.0,2,999,0,1.1,93.994,-36.4,4.864,5191.0,999.0,0,0.0,0.0,1.0,2,8,0.0,3,5,1,1
6936,31.0,1,999,0,-1.1,94.199,-37.5,0.878,4963.6,999.0,0,0.0,0.0,0.0,1,8,0.0,11,9,1,1
6937,42.0,3,999,0,-1.8,93.075,-47.1,1.405,5099.1,999.0,0,0.0,0.0,0.0,2,8,0.0,6,4,1,1
6938,31.0,2,999,0,-1.1,94.199,-37.5,0.879,4963.6,999.0,0,1.0,1.0,0.0,2,8,0.0,5,9,1,1
6939,24.0,1,999,0,1.1,93.994,-36.4,4.86,5191.0,999.0,0,0.0,0.0,1.0,1,5,0.0,11,5,1,1
6940,26.0,1,999,0,1.4,93.918,-42.7,4.962,5228.1,999.0,0,0.0,0.0,0.0,2,4,0.0,4,7,1,1
6941,31.0,4,999,0,1.4,93.918,-42.7,4.962,5228.1,999.0,0,1.0,1.0,0.0,2,4,0.0,4,7,1,1
6942,34.0,1,999,0,-0.1,93.2,-42.0,4.191,5195.8,999.0,0,1.0,0.0,0.0,2,7,0.0,6,11,2,1
6943,31.0,3,999,0,1.4,93.444,-36.1,4.964,5228.1,999.0,0,0.0,0.0,0.0,1,8,0.0,5,8,1,1
6944,33.0,1,999,0,-1.8,92.893,-46.2,1.344,5099.1,999.0,0,1.0,0.0,0.0,2,5,0.0,6,5,1,1
6945,31.0,6,999,0,1.4,94.465,-41.8,4.864,5228.1,999.0,0,1.0,0.0,1.0,2,7,0.0,6,6,1,1
6946,31.0,8,999,0,1.4,93.918,-42.7,4.963,5228.1,999.0,0,1.0,0.0,0.0,2,8,0.0,7,7,1,1
6947,39.0,2,999,0,1.4,93.444,-36.1,4.964,5228.1,999.0,0,1.0,0.0,0.0,2,8,0.0,2,8,1,1
6948,31.0,2,999,0,1.1,93.994,-36.4,4.858,5191.0,999.0,0,0.0,0.0,1.0,2,5,0.0,4,5,1,1
6949,32.0,1,999,1,-0.1,93.2,-42.0,4.12,5195.8,999.0,0,0.0,1.0,0.0,2,7,0.0,5,11,1,2
6950,44.0,3,999,0,1.4,93.918,-42.7,4.957,5228.1,999.0,0,0.0,0.0,0.0,3,5,0.0,9,7,1,1
6951,56.0,1,999,0,-1.8,92.893,-46.2,1.25,5099.1,999.0,0,1.0,1.0,0.0,2,8,0.0,3,5,1,1
6952,31.0,1,999,0,-1.8,93.876,-40.0,0.699,5008.7,999.0,0,1.0,0.0,1.0,1,5,0.0,9,5,1,1
6953,48.0,1,999,0,1.4,93.444,-36.1,4.965,5228.1,999.0,0,1.0,0.0,0.0,2,4,0.0,2,8,1,1
6954,30.0,1,999,0,-0.1,93.2,-42.0,4.076,5195.8,999.0,0,1.0,0.0,0.0,2,8,0.0,6,11,1,1
6955,56.0,5,999,0,-0.1,93.2,-42.0,4.021,5195.8,999.0,0,1.0,0.0,0.0,3,8,0.0,6,11,1,1
6956,31.0,1,6,2,-1.7,94.215,-40.3,0.835,4991.6,0.2,2,1.0,0.0,0.0,2,8,0.0,8,7,1,3
6957,31.0,2,999,0,-1.8,92.893,-46.2,1.313,5099.1,999.0,0,0.0,0.0,0.0,1,5,0.0,9,5,1,1
6958,37.0,1,999,0,1.4,93.444,-36.1,4.967,5228.1,999.0,0,0.0,0.0,0.0,2,7,0.0,6,8,1,1
6959,32.0,1,999,0,-2.9,92.201,-31.4,0.884,5076.2,999.0,0,0.0,0.0,0.0,2,5,0.0,9,8,1,1
6960,48.0,3,999,0,-0.1,93.2,-42.0,4.191,5195.8,999.0,0,1.0,1.0,0.0,2,8,0.0,3,11,2,1
6961,51.0,3,999,0,1.4,93.918,-42.7,4.968,5228.1,999.0,0,0.0,0.0,0.0,2,8,0.0,8,7,1,1
6962,36.0,7,999,0,1.4,93.444,-36.1,4.963,5228.1,999.0,0,0.0,0.0,0.0,2,3,0.0,1,8,1,1
6963,38.0,2,999,0,1.4,93.444,-36.1,4.963,5228.1,999.0,0,0.0,0.0,0.0,3,8,0.0,5,8,1,1
6964,45.0,1,999,0,-0.1,93.2,-42.0,4.12,5195.8,999.0,0,1.0,0.0,0.0,2,3,0.0,1,11,1,1
6965,45.0,1,999,0,1.4,93.444,-36.1,4.966,5228.1,999.0,0,1.0,1.0,0.0,2,5,0.0,6,8,1,1
6966,35.0,2,999,0,-1.8,93.749,-34.6,0.659,5008.7,999.0,0,1.0,0.0,0.0,1,8,0.0,6,4,1,1
6967,43.0,7,999,0,1.4,94.465,-41.8,4.959,5228.1,999.0,0,0.0,0.0,1.0,2,5,0.0,9,6,1,1
6968,32.0,2,999,0,-0.1,93.2,-42.0,4.12,5195.8,999.0,0,0.0,0.0,0.0,2,8,0.0,4,11,1,1
6969,36.0,3,999,0,1.4,94.465,-41.8,4.959,5228.1,999.0,0,1.0,0.0,1.0,1,8,0.0,6,6,1,1
6970,52.0,5,999,1,-1.8,93.075,-47.1,1.405,5099.1,999.0,1,1.0,1.0,0.0,3,8,0.0,6,4,2,2
6971,32.0,2,999,0,1.4,93.918,-42.7,4.963,5228.1,999.0,0,0.0,0.0,0.0,1,7,0.0,6,7,1,1
6972,44.0,6,12,1,-1.8,92.893,-46.2,1.354,5099.1,0.4,2,0.0,0.0,0.0,1,8,0.0,1,5,2,3
6973,41.0,2,999,0,-1.8,92.893,-46.2,1.244,5099.1,999.0,0,0.0,0.0,0.0,1,5,0.0,6,5,2,1
6974,33.0,9,999,1,-1.8,92.893,-46.2,1.25,5099.1,999.0,2,0.0,0.0,0.0,1,5,0.0,6,5,1,2
6975,31.0,1,999,0,1.1,93.994,-36.4,4.856,5191.0,999.0,0,0.0,1.0,1.0,2,5,0.0,4,5,1,1
6976,31.0,4,999,0,-1.8,92.893,-46.2,1.25,5099.1,999.0,0,0.0,0.0,0.0,1,5,0.0,9,5,1,1
6977,32.0,2,999,0,-0.1,93.2,-42.0,4.021,5195.8,999.0,0,0.0,0.0,0.0,1,8,0.0,7,11,1,1
6978,41.0,1,999,1,-0.1,93.2,-42.0,4.191,5195.8,999.0,1,1.0,0.0,0.0,2,7,0.0,7,11,2,2
6979,33.0,1,999,0,1.4,93.444,-36.1,4.964,5228.1,999.0,0,0.0,0.0,0.0,1,8,0.0,6,8,1,1
6980,31.0,10,999,0,1.4,93.918,-42.7,4.957,5228.1,999.0,0,1.0,0.0,0.0,2,5,0.0,5,7,1,1
6981,32.0,2,999,0,1.4,93.918,-42.7,4.959,5228.1,999.0,0,0.0,0.0,1.0,1,8,0.0,4,7,1,1
6982,49.0,3,999,0,1.4,94.465,-41.8,4.864,5228.1,999.0,0,1.0,0.0,1.0,3,7,0.0,3,6,1,1
6983,52.0,4,999,0,1.4,93.444,-36.1,4.968,5228.1,999.0,0,1.0,0.0,0.0,3,6,0.0,5,8,1,1
6984,52.0,2,999,0,1.1,93.994,-36.4,4.864,5191.0,999.0,0,0.0,0.0,1.0,1,8,0.0,4,5,1,1
6985,43.0,1,999,0,1.4,94.465,-41.8,4.961,5228.1,999.0,0,0.0,0.0,1.0,2,6,0.0,5,6,1,1
6986,33.0,1,999,0,-2.9,92.963,-40.8,1.26,5076.2,999.0,0,1.0,1.0,0.0,2,6,0.0,4,6,1,1
6987,37.0,3,999,0,1.1,93.994,-36.4,4.86,5191.0,999.0,0,1.0,0.0,1.0,1,7,0.0,5,5,1,1
6988,30.0,1,999,0,1.4,94.465,-41.8,4.864,5228.1,999.0,0,0.0,0.0,1.0,1,6,0.0,9,6,1,1
6989,31.0,5,999,0,1.1,93.994,-36.4,4.855,5191.0,999.0,0,0.0,0.0,1.0,3,7,0.0,2,5,1,1
6990,39.0,3,999,0,1.4,94.465,-41.8,4.959,5228.1,999.0,0,0.0,0.0,1.0,2,2,0.0,4,6,1,1
6991,36.0,4,999,0,-0.1,93.2,-42.0,4.12,5195.8,999.0,0,1.0,0.0,0.0,2,7,0.0,3,11,1,1
6992,31.0,1,999,0,1.4,93.918,-42.7,4.962,5228.1,999.0,0,1.0,0.0,0.0,1,6,0.0,9,7,1,1
6993,36.0,1,999,0,1.4,93.444,-36.1,4.963,5228.1,999.0,0,1.0,0.0,0.0,2,5,0.0,1,8,2,1
6994,59.0,1,999,0,1.1,93.994,-36.4,4.86,5191.0,999.0,0,0.0,0.0,1.0,2,7,0.0,7,5,1,1
6995,48.0,2,999,0,1.4,94.465,-41.8,4.866,5228.1,999.0,0,1.0,1.0,1.0,3,8,0.0,6,6,1,1
6996,71.0,4,999,0,-3.4,92.379,-29.8,0.773,5017.5,999.0,0,1.0,0.0,0.0,2,8,0.0,8,9,1,1
6997,32.0,1,999,0,-1.8,92.893,-46.2,1.281,5099.1,999.0,0,1.0,0.0,0.0,2,8,0.0,5,5,1,1
6998,31.0,1,999,0,1.1,93.994,-36.4,4.857,5191.0,999.0,0,1.0,0.0,1.0,2,5,0.0,9,5,1,1
6999,51.0,1,999,0,1.4,93.918,-42.7,4.963,5228.1,999.0,0,0.0,0.0,0.0,1,2,0.0,4,7,1,1
7000,62.0,2,999,0,-2.9,92.201,-31.4,0.879,5076.2,999.0,0,1.0,1.0,0.0,2,7,0.0,3,8,1,1
7001,35.0,3,999,0,1.4,93.444,-36.1,4.968,5228.1,999.0,0,0.0,0.0,0.0,3,8,0.0,5,8,1,1
7002,31.0,1,999,0,-0.1,93.2,-42.0,4.191,5195.8,999.0,0,1.0,1.0,0.0,3,5,0.0,9,11,2,1
7003,31.0,1,999,0,1.1,93.994,-36.4,4.858,5191.0,999.0,0,0.0,0.0,1.0,2,8,0.0,6,5,1,1
7004,48.0,2,999,0,1.4,93.918,-42.7,4.961,5228.1,999.0,0,0.0,1.0,0.0,1,8,0.0,7,7,1,1
7005,34.0,1,999,0,-0.1,93.2,-42.0,4.076,5195.8,999.0,0,1.0,0.0,0.0,2,4,0.0,4,11,1,1
7006,49.0,1,999,0,-1.8,93.075,-47.1,1.479,5099.1,999.0,0,0.0,0.0,0.0,2,2,0.0,2,4,1,1
7007,31.0,1,999,0,-1.8,92.893,-46.2,1.334,5099.1,999.0,0,0.0,0.0,0.0,2,5,0.0,9,5,1,1
7008,48.0,7,999,0,1.4,93.444,-36.1,4.967,5228.1,999.0,0,1.0,0.0,0.0,2,7,0.0,6,8,1,1
7009,45.0,1,999,0,1.1,93.994,-36.4,4.857,5191.0,999.0,0,1.0,0.0,1.0,2,2,0.0,4,5,1,1
7010,31.0,1,999,1,-2.9,92.201,-31.4,0.884,5076.2,999.0,1,1.0,0.0,0.0,1,8,0.0,5,8,1,2
7011,33.0,1,999,0,1.4,93.444,-36.1,4.964,5228.1,999.0,0,0.0,0.0,0.0,2,7,0.0,10,8,1,1
7012,36.0,2,999,0,-0.1,93.2,-42.0,4.153,5195.8,999.0,0,1.0,0.0,0.0,2,8,0.0,6,11,1,1
7013,35.0,5,999,0,1.4,93.444,-36.1,4.962,5228.1,999.0,0,0.0,0.0,0.0,2,7,0.0,6,8,1,1
7014,57.0,1,999,0,1.4,94.465,-41.8,4.961,5228.1,999.0,0,0.0,1.0,1.0,2,2,0.0,8,6,2,1
7015,54.0,2,999,0,1.1,93.994,-36.4,4.856,5191.0,999.0,0,1.0,1.0,1.0,2,8,0.0,3,5,1,1
7016,30.0,1,999,0,-1.8,93.075,-47.1,1.483,5099.1,999.0,0,0.0,1.0,0.0,2,8,0.0,6,4,1,1
7017,31.0,3,999,0,-1.8,93.075,-47.1,1.415,5099.1,999.0,0,0.0,0.0,1.0,2,7,0.0,6,4,1,1
7018,55.0,6,999,0,-0.1,93.2,-42.0,4.076,5195.8,999.0,0,0.0,1.0,0.0,2,5,0.0,8,11,1,1
7019,36.0,2,999,0,-1.8,92.893,-46.2,1.344,5099.1,999.0,0,1.0,0.0,1.0,3,5,0.0,6,5,1,1
7020,54.0,1,999,0,1.4,93.444,-36.1,4.964,5228.1,999.0,0,0.0,1.0,0.0,3,7,0.0,6,8,1,1
7021,33.0,2,999,0,-1.8,92.893,-46.2,1.327,5099.1,999.0,0,0.0,0.0,0.0,2,6,0.0,4,5,1,1
7022,45.0,1,999,0,-1.1,94.199,-37.5,0.886,4963.6,999.0,0,1.0,1.0,0.0,1,5,0.0,4,9,1,1
7023,56.0,1,999,0,1.1,93.994,-36.4,4.856,5191.0,999.0,0,1.0,1.0,1.0,2,2,0.0,5,5,1,1
7024,50.0,1,999,0,1.4,94.465,-41.8,4.961,5228.1,999.0,0,0.0,0.0,1.0,1,8,0.0,4,6,2,1
7025,37.0,2,999,0,1.4,93.444,-36.1,4.965,5228.1,999.0,0,1.0,0.0,0.0,1,6,0.0,5,8,2,1
7026,36.0,1,999,0,1.1,93.994,-36.4,4.856,5191.0,999.0,0,1.0,0.0,1.0,2,7,0.0,6,5,1,1
7027,31.0,34,999,0,1.4,93.918,-42.7,4.96,5228.1,999.0,0,1.0,0.0,0.0,2,7,0.0,3,7,2,1
7028,38.0,2,999,0,1.1,93.994,-36.4,4.857,5191.0,999.0,0,1.0,0.0,1.0,3,7,0.0,7,5,1,1
7029,32.0,3,999,0,1.4,93.444,-36.1,4.965,5228.1,999.0,0,1.0,0.0,0.0,3,7,0.0,6,8,1,1
7030,27.0,9,999,0,-1.8,92.893,-46.2,1.354,5099.1,999.0,0,1.0,0.0,1.0,1,7,0.0,5,5,2,1
7031,45.0,1,999,0,1.4,93.444,-36.1,4.966,5228.1,999.0,0,1.0,0.0,0.0,2,6,0.0,5,8,1,1
7032,51.0,1,999,0,1.4,93.444,-36.1,4.963,5228.1,999.0,0,0.0,0.0,0.0,2,7,0.0,3,8,1,1
7033,35.0,1,999,0,-1.8,93.075,-47.1,1.405,5099.1,999.0,0,0.0,0.0,0.0,2,7,0.0,6,4,1,1
7034,34.0,2,999,0,-0.1,93.2,-42.0,4.021,5195.8,999.0,0,0.0,0.0,0.0,3,7,0.0,6,11,1,1
7035,33.0,1,999,0,-1.8,93.075,-47.1,1.405,5099.1,999.0,0,0.0,1.0,0.0,1,8,0.0,6,4,1,1
7036,33.0,1,999,0,-1.8,92.893,-46.2,1.266,5099.1,999.0,0,0.0,0.0,0.0,3,7,0.0,6,5,1,1
7037,72.0,4,8,1,-1.7,94.215,-40.3,0.822,4991.6,0.266666666667,2,0.0,1.0,0.0,2,8,0.0,8,7,1,3
7038,33.0,2,999,0,1.4,93.444,-36.1,4.963,5228.1,999.0,0,0.0,0.0,0.0,1,8,0.0,5,8,2,1
7039,41.0,2,999,1,-1.8,93.075,-47.1,1.479,5099.1,999.0,1,0.0,0.0,0.0,2,8,0.0,6,4,1,2
7040,42.0,21,999,0,1.4,94.465,-41.8,4.864,5228.1,999.0,0,0.0,0.0,1.0,2,8,0.0,6,6,1,1
7041,32.0,1,999,0,-2.9,92.201,-31.4,0.881,5076.2,999.0,0,0.0,0.0,0.0,1,6,0.0,5,8,1,1
7042,39.0,1,999,0,1.1,93.994,-36.4,4.857,5191.0,999.0,0,1.0,1.0,1.0,1,8,0.0,1,5,1,1
7043,31.0,1,999,0,1.4,94.465,-41.8,4.866,5228.1,999.0,0,1.0,0.0,1.0,2,8,0.0,2,6,1,1
7044,33.0,2,999,0,1.4,93.918,-42.7,4.957,5228.1,999.0,0,1.0,0.0,0.0,2,8,0.0,7,7,1,1
7045,29.0,2,999,0,1.4,93.918,-42.7,4.961,5228.1,999.0,0,1.0,0.0,0.0,1,8,0.0,4,7,1,1
7046,48.0,1,999,0,1.4,94.465,-41.8,4.961,5228.1,999.0,0,1.0,0.0,1.0,2,8,0.0,6,6,1,1
7047,31.0,1,999,0,1.4,93.444,-36.1,4.966,5228.1,999.0,0,0.0,0.0,0.0,1,8,0.0,5,8,1,1
7048,52.0,3,999,0,1.4,93.918,-42.7,4.96,5228.1,999.0,0,1.0,0.0,0.0,2,7,0.0,7,7,2,1
7049,23.0,3,999,0,-1.8,92.893,-46.2,1.299,5099.1,999.0,0,1.0,0.0,0.0,1,8,0.0,9,5,2,1
7050,54.0,3,999,0,1.4,93.918,-42.7,4.962,5228.1,999.0,0,1.0,0.0,0.0,2,7,0.0,3,7,1,1
7051,48.0,3,999,0,1.4,93.444,-36.1,4.963,5228.1,999.0,0,1.0,1.0,0.0,2,3,0.0,4,8,1,1
7052,28.0,2,999,0,1.4,94.465,-41.8,4.962,5228.1,999.0,0,0.0,0.0,1.0,1,7,0.0,5,6,1,1
7053,28.0,2,999,0,-2.9,92.201,-31.4,0.869,5076.2,999.0,0,0.0,0.0,0.0,2,6,0.0,10,8,1,1
7054,45.0,5,999,0,1.4,93.918,-42.7,4.962,5228.1,999.0,0,0.0,0.0,0.0,3,5,0.0,6,7,1,1
7055,34.0,6,999,0,1.4,93.918,-42.7,4.968,5228.1,999.0,0,1.0,0.0,0.0,3,8,0.0,5,7,1,1
7056,33.0,2,999,0,1.4,93.444,-36.1,4.97,5228.1,999.0,0,1.0,0.0,0.0,3,6,0.0,5,8,2,1
7057,44.0,3,999,0,-1.8,92.893,-46.2,1.299,5099.1,999.0,0,0.0,0.0,0.0,2,6,0.0,5,5,2,1
7058,45.0,1,999,0,1.4,94.465,-41.8,4.864,5228.1,999.0,0,1.0,0.0,1.0,3,8,0.0,4,6,1,1
7059,46.0,2,999,0,1.4,93.444,-36.1,4.968,5228.1,999.0,0,0.0,0.0,0.0,1,7,0.0,5,8,1,1
7060,32.0,2,999,0,-1.8,92.893,-46.2,1.299,5099.1,999.0,0,0.0,0.0,0.0,2,5,0.0,9,5,2,1
7061,31.0,1,999,0,1.4,93.918,-42.7,4.96,5228.1,999.0,0,0.0,0.0,0.0,2,2,0.0,4,7,2,1
7062,37.0,1,999,0,-0.1,93.798,-40.4,4.936,5195.8,999.0,0,1.0,0.0,1.0,1,5,0.0,6,10,1,1
7063,42.0,1,999,0,1.4,93.918,-42.7,4.968,5228.1,999.0,0,1.0,0.0,0.0,2,4,0.0,3,7,1,1
7064,32.0,1,999,0,1.4,93.444,-36.1,4.965,5228.1,999.0,0,1.0,1.0,0.0,2,8,0.0,5,8,1,1
7065,42.0,2,999,0,1.4,94.465,-41.8,4.959,5228.1,999.0,0,1.0,0.0,1.0,2,4,0.0,4,6,1,1
7066,31.0,3,999,0,1.4,93.918,-42.7,4.962,5228.1,999.0,0,1.0,0.0,0.0,2,8,0.0,4,7,2,1
7067,34.0,2,999,0,-1.8,93.369,-34.8,0.652,5008.7,999.0,0,1.0,0.0,0.0,1,8,0.0,6,3,1,1
7068,43.0,1,999,0,-0.1,93.2,-42.0,4.153,5195.8,999.0,0,1.0,0.0,0.0,2,4,0.0,4,11,1,1
7069,36.0,8,999,0,1.4,93.918,-42.7,4.968,5228.1,999.0,0,1.0,0.0,0.0,1,8,0.0,6,7,1,1
7070,34.0,1,999,0,1.1,93.994,-36.4,4.857,5191.0,999.0,0,0.0,0.0,1.0,2,5,0.0,9,5,1,1
7071,39.0,2,999,1,-1.8,93.075,-47.1,1.405,5099.1,999.0,2,0.0,1.0,0.0,2,7,0.0,6,4,1,2
7072,31.0,1,999,0,-0.1,93.2,-42.0,4.12,5195.8,999.0,0,1.0,0.0,0.0,2,8,0.0,3,11,1,1
7073,56.0,1,999,1,-2.9,92.963,-40.8,1.268,5076.2,999.0,3,1.0,0.0,0.0,2,4,0.0,6,6,1,2
7074,39.0,4,999,0,1.1,93.994,-36.4,4.859,5191.0,999.0,0,0.0,0.0,1.0,2,4,0.0,4,5,1,1
7075,48.0,7,999,0,1.4,93.918,-42.7,4.962,5228.1,999.0,0,0.0,1.0,0.0,1,5,0.0,6,7,1,1
7076,30.0,2,9,2,-1.8,93.876,-40.0,0.701,5008.7,0.3,0,0.0,1.0,0.0,2,7,0.0,6,5,2,3
7077,31.0,1,999,0,-0.1,93.2,-42.0,4.153,5195.8,999.0,0,0.0,0.0,0.0,3,3,0.0,4,11,1,1
7078,43.0,1,999,1,-1.8,93.075,-47.1,1.415,5099.1,999.0,1,0.0,0.0,0.0,2,8,0.0,3,4,1,2
7079,32.0,2,999,2,-2.9,92.201,-31.4,0.884,5076.2,999.0,4,0.0,0.0,0.0,2,8,0.0,7,8,2,2
7080,49.0,1,999,0,1.4,94.465,-41.8,4.958,5228.1,999.0,0,0.0,1.0,1.0,2,8,0.0,5,6,1,1
7081,44.0,1,999,0,1.1,93.994,-36.4,4.856,5191.0,999.0,0,0.0,1.0,1.0,2,8,0.0,4,5,1,1
7082,58.0,4,999,0,1.4,93.918,-42.7,4.961,5228.1,999.0,0,1.0,0.0,0.0,2,7,0.0,6,7,1,1
7083,28.0,4,999,0,-1.8,92.893,-46.2,1.291,5099.1,999.0,0,1.0,0.0,0.0,1,5,0.0,9,5,1,1
7084,56.0,2,999,0,-0.1,93.2,-42.0,4.12,5195.8,999.0,0,1.0,0.0,0.0,2,7,0.0,7,11,1,1
7085,31.0,1,999,0,-1.8,92.893,-46.2,1.281,5099.1,999.0,0,1.0,1.0,0.0,2,4,0.0,3,5,1,1
7086,24.0,2,999,0,1.4,94.465,-41.8,4.864,5228.1,999.0,0,1.0,0.0,1.0,1,5,0.0,5,6,1,1
7087,35.0,1,4,1,-2.9,92.201,-31.4,0.884,5076.2,0.133333333333,3,0.0,0.0,0.0,2,5,0.0,6,8,2,3
7088,34.0,6,999,0,1.4,94.465,-41.8,4.962,5228.1,999.0,0,0.0,0.0,1.0,2,8,0.0,4,6,1,1
7089,31.0,1,999,0,-0.1,93.2,-42.0,4.153,5195.8,999.0,0,1.0,0.0,0.0,2,4,0.0,4,11,1,1
7090,49.0,2,999,0,-1.8,93.075,-47.1,1.405,5099.1,999.0,0,1.0,1.0,0.0,1,3,0.0,6,4,1,1
7091,49.0,1,999,0,-1.8,93.075,-47.1,1.405,5099.1,999.0,0,1.0,0.0,0.0,2,7,0.0,7,4,2,1
7092,24.0,2,999,0,1.4,93.918,-42.7,4.957,5228.1,999.0,0,0.0,0.0,0.0,2,4,0.0,4,7,1,1
7093,76.0,2,3,1,-3.4,92.379,-29.8,0.781,5017.5,0.1,0,1.0,0.0,0.0,2,8,0.0,8,9,1,3
7094,29.0,1,999,0,-1.8,93.075,-47.1,1.405,5099.1,999.0,0,0.0,0.0,0.0,1,8,0.0,5,4,1,1
7095,40.0,3,999,0,1.1,93.994,-36.4,4.864,5191.0,999.0,0,0.0,1.0,1.0,2,8,0.0,6,5,1,1
7096,31.0,3,999,0,-1.8,92.893,-46.2,1.327,5099.1,999.0,0,1.0,0.0,0.0,2,4,0.0,9,5,1,1
7097,40.0,3,999,0,1.4,93.918,-42.7,4.962,5228.1,999.0,0,0.0,0.0,0.0,2,8,0.0,7,7,2,1
7098,38.0,1,999,1,-0.1,93.2,-42.0,4.12,5195.8,999.0,2,1.0,0.0,0.0,2,7,0.0,3,11,1,2
7099,56.0,1,999,0,1.4,93.918,-42.7,4.962,5228.1,999.0,0,0.0,0.0,1.0,3,6,0.0,10,7,1,1
7100,28.0,1,999,0,1.4,94.465,-41.8,4.961,5228.1,999.0,0,1.0,0.0,1.0,2,4,0.0,7,6,1,1
7101,47.0,1,999,0,1.1,93.994,-36.4,4.857,5191.0,999.0,0,1.0,1.0,1.0,2,8,0.0,3,5,1,1
7102,31.0,1,999,0,-0.1,93.2,-42.0,4.153,5195.8,999.0,0,1.0,0.0,0.0,2,8,0.0,9,11,1,1
7103,54.0,3,999,0,-0.1,93.2,-42.0,4.076,5195.8,999.0,0,1.0,1.0,1.0,3,8,0.0,7,11,1,1
7104,40.0,1,999,0,1.4,93.444,-36.1,4.965,5228.1,999.0,0,0.0,0.0,0.0,3,7,0.0,6,8,2,1
7105,34.0,1,999,1,-1.8,92.893,-46.2,1.27,5099.1,999.0,4,1.0,0.0,0.0,2,7,0.0,6,5,1,2
7106,33.0,2,999,0,1.4,93.444,-36.1,4.965,5228.1,999.0,0,1.0,1.0,0.0,1,7,0.0,6,8,2,1
7107,31.0,3,999,1,-2.9,92.201,-31.4,0.873,5076.2,999.0,0,1.0,0.0,0.0,3,7,0.0,6,8,1,2
7108,31.0,1,999,0,-1.8,92.893,-46.2,1.299,5099.1,999.0,0,1.0,0.0,0.0,1,8,0.0,4,5,2,1
7109,31.0,2,999,0,1.1,93.994,-36.4,4.855,5191.0,999.0,0,1.0,0.0,1.0,1,8,0.0,6,5,1,1
7110,37.0,1,999,2,-1.8,93.075,-47.1,1.479,5099.1,999.0,8,1.0,0.0,0.0,2,5,0.0,3,4,1,2
7111,31.0,2,999,0,1.1,93.994,-36.4,4.86,5191.0,999.0,0,1.0,0.0,1.0,2,6,0.0,5,5,1,1
7112,33.0,2,999,0,1.4,93.444,-36.1,4.963,5228.1,999.0,0,1.0,0.0,0.0,3,8,0.0,10,8,2,1
7113,45.0,2,999,0,1.1,93.994,-36.4,4.856,5191.0,999.0,0,0.0,0.0,1.0,2,8,0.0,10,5,1,1
7114,31.0,2,999,0,1.1,93.994,-36.4,4.857,5191.0,999.0,0,0.0,0.0,1.0,3,4,0.0,6,5,1,1
7115,38.0,1,999,0,1.1,93.994,-36.4,4.857,5191.0,999.0,0,0.0,0.0,1.0,2,4,0.0,4,5,1,1
7116,38.0,1,999,0,1.4,93.918,-42.7,4.962,5228.1,999.0,0,0.0,0.0,0.0,3,5,0.0,6,7,1,1
7117,46.0,2,17,1,-1.7,94.027,-38.3,0.904,4991.6,0.566666666667,1,0.0,0.0,0.0,1,8,0.0,6,8,1,3
7118,31.0,1,999,0,1.4,93.918,-42.7,4.963,5228.1,999.0,0,1.0,0.0,0.0,2,4,0.0,5,7,1,1
7119,46.0,2,999,0,1.4,93.918,-42.7,4.961,5228.1,999.0,0,1.0,0.0,0.0,2,7,0.0,6,7,1,1
7120,31.0,3,999,0,1.4,94.465,-41.8,4.947,5228.1,999.0,0,1.0,0.0,1.0,1,6,0.0,5,6,1,1
7121,34.0,2,999,0,1.1,93.994,-36.4,4.857,5191.0,999.0,0,1.0,1.0,1.0,1,5,0.0,9,5,1,1
7122,32.0,3,999,0,-1.8,92.893,-46.2,1.299,5099.1,999.0,0,1.0,0.0,0.0,2,8,0.0,5,5,2,1
7123,47.0,2,999,0,1.4,93.444,-36.1,4.963,5228.1,999.0,0,0.0,0.0,0.0,2,8,0.0,4,8,1,1
7124,27.0,2,999,0,1.4,93.918,-42.7,4.962,5228.1,999.0,0,1.0,0.0,0.0,2,5,0.0,6,7,2,1
7125,59.0,1,999,2,-3.4,92.431,-26.9,0.754,5017.5,999.0,0,0.0,0.0,0.0,1,3,0.0,5,10,1,2
7126,33.0,1,999,1,-1.8,92.893,-46.2,1.25,5099.1,999.0,2,1.0,1.0,0.0,2,8,0.0,9,5,1,2
7127,48.0,4,999,0,1.4,93.444,-36.1,4.963,5228.1,999.0,0,0.0,0.0,0.0,2,3,0.0,4,8,1,1
7128,31.0,6,999,0,1.4,93.444,-36.1,4.963,5228.1,999.0,0,0.0,1.0,0.0,1,7,0.0,5,8,1,1
7129,31.0,1,3,1,-2.9,92.963,-40.8,1.262,5076.2,0.1,1,1.0,1.0,0.0,2,7,0.0,6,6,1,3
7130,51.0,1,999,0,1.1,93.994,-36.4,4.857,5191.0,999.0,0,1.0,0.0,1.0,2,8,0.0,4,5,1,1
7131,33.0,1,999,0,-0.1,93.2,-42.0,4.12,5195.8,999.0,0,1.0,0.0,0.0,1,4,0.0,4,11,1,1
7132,22.0,6,999,0,1.4,93.918,-42.7,4.968,5228.1,999.0,0,0.0,0.0,0.0,1,5,0.0,10,7,1,1
7133,31.0,1,6,1,-3.4,92.431,-26.9,0.74,5017.5,0.2,0,0.0,0.0,0.0,2,7,0.0,3,10,1,3
7134,31.0,1,999,0,1.4,93.444,-36.1,4.966,5228.1,999.0,0,1.0,0.0,0.0,1,7,0.0,6,8,1,1
7135,27.0,4,999,0,-1.8,92.893,-46.2,1.244,5099.1,999.0,0,1.0,0.0,0.0,3,5,0.0,6,5,1,1
7136,31.0,1,999,0,-0.1,93.2,-42.0,4.076,5195.8,999.0,0,0.0,0.0,0.0,2,2,0.0,4,11,1,1
7137,42.0,5,999,0,1.4,93.444,-36.1,4.965,5228.1,999.0,0,1.0,0.0,0.0,3,7,0.0,6,8,2,1
7138,35.0,1,999,1,-1.1,94.199,-37.5,0.881,4963.6,999.0,2,1.0,1.0,0.0,1,7,0.0,1,9,1,2
7139,31.0,4,999,0,-1.8,92.893,-46.2,1.327,5099.1,999.0,0,1.0,0.0,0.0,2,2,0.0,3,5,1,1
7140,31.0,2,999,0,1.4,94.465,-41.8,4.961,5228.1,999.0,0,0.0,1.0,1.0,2,3,0.0,3,6,1,1
7141,31.0,2,999,0,-1.8,92.893,-46.2,1.299,5099.1,999.0,0,1.0,0.0,0.0,2,8,0.0,4,5,2,1
7142,39.0,1,999,0,1.4,94.465,-41.8,4.961,5228.1,999.0,0,1.0,0.0,1.0,2,3,0.0,4,6,1,1
7143,41.0,4,999,0,1.4,93.444,-36.1,4.962,5228.1,999.0,0,1.0,0.0,0.0,3,6,0.0,5,8,1,1
7144,29.0,2,999,0,1.4,94.465,-41.8,4.962,5228.1,999.0,0,0.0,0.0,1.0,2,7,0.0,3,6,1,1
7145,35.0,1,999,0,-0.1,93.2,-42.0,4.191,5195.8,999.0,0,1.0,0.0,0.0,2,8,0.0,4,11,2,1
7146,37.0,2,999,0,-1.8,93.075,-47.1,1.406,5099.1,999.0,0,1.0,0.0,1.0,1,8,0.0,5,4,1,1
7147,31.0,2,999,0,1.4,93.444,-36.1,4.964,5228.1,999.0,0,1.0,1.0,0.0,2,2,0.0,2,8,1,1
7148,28.0,6,999,0,-1.8,92.893,-46.2,1.244,5099.1,999.0,0,1.0,0.0,0.0,1,5,0.0,9,5,2,1
7149,31.0,4,999,0,1.4,93.918,-42.7,4.961,5228.1,999.0,0,0.0,0.0,0.0,1,6,0.0,5,7,1,1
7150,31.0,6,999,0,-2.9,92.201,-31.4,0.869,5076.2,999.0,0,1.0,0.0,1.0,2,8,0.0,10,8,1,1
7151,42.0,1,999,0,-0.1,93.2,-42.0,4.076,5195.8,999.0,0,1.0,0.0,0.0,1,8,0.0,4,11,1,1
7152,31.0,2,999,0,-0.1,93.2,-42.0,4.076,5195.8,999.0,0,1.0,0.0,0.0,2,5,0.0,7,11,1,1
7153,31.0,5,999,0,1.4,94.465,-41.8,4.958,5228.1,999.0,0,0.0,0.0,1.0,1,7,0.0,3,6,1,1
7154,31.0,2,999,0,-1.8,92.893,-46.2,1.291,5099.1,999.0,0,1.0,0.0,0.0,2,8,0.0,6,5,1,1
7155,52.0,1,999,0,-0.1,93.2,-42.0,4.153,5195.8,999.0,0,1.0,0.0,1.0,2,5,0.0,9,11,1,1
7156,27.0,1,999,0,1.4,93.918,-42.7,4.961,5228.1,999.0,0,1.0,0.0,0.0,1,7,0.0,6,7,1,1
7157,31.0,1,999,0,-1.7,94.027,-38.3,0.89,4991.6,999.0,0,0.0,0.0,1.0,3,5,0.0,6,8,1,1
7158,39.0,4,999,0,1.1,93.994,-36.4,4.857,5191.0,999.0,0,0.0,1.0,1.0,1,8,0.0,6,5,1,1
7159,26.0,2,999,0,-1.8,92.893,-46.2,1.266,5099.1,999.0,0,0.0,0.0,0.0,1,8,0.0,4,5,1,1
7160,41.0,1,999,0,-1.8,92.893,-46.2,1.291,5099.1,999.0,0,1.0,1.0,0.0,2,8,0.0,3,5,1,1
7161,31.0,6,999,0,1.4,93.918,-42.7,4.961,5228.1,999.0,0,1.0,0.0,0.0,1,6,0.0,5,7,1,1
7162,39.0,1,999,0,-1.8,92.843,-50.0,1.51,5099.1,999.0,0,1.0,0.0,0.0,2,5,0.0,6,3,1,1
7163,49.0,1,999,0,-2.9,92.963,-40.8,1.268,5076.2,999.0,0,0.0,0.0,0.0,2,6,0.0,10,6,1,1
7164,42.0,1,999,0,1.4,94.465,-41.8,4.864,5228.1,999.0,0,0.0,0.0,1.0,1,8,0.0,6,6,1,1
7165,71.0,1,999,0,-2.9,92.201,-31.4,0.829,5076.2,999.0,0,1.0,0.0,0.0,2,7,0.0,8,8,1,1
7166,29.0,1,999,0,-0.1,93.2,-42.0,4.021,5195.8,999.0,0,1.0,1.0,0.0,2,7,0.0,1,11,1,1
7167,31.0,1,999,2,-2.9,92.963,-40.8,1.262,5076.2,999.0,2,1.0,1.0,0.0,1,7,0.0,12,6,1,2
7168,45.0,9,999,0,1.4,94.465,-41.8,4.959,5228.1,999.0,0,0.0,0.0,1.0,2,2,0.0,4,6,1,1
7169,21.0,1,999,0,-1.8,93.749,-34.6,0.663,5008.7,999.0,0,1.0,0.0,0.0,1,5,0.0,11,4,1,1
7170,31.0,1,999,0,-0.1,93.2,-42.0,4.076,5195.8,999.0,0,1.0,0.0,0.0,1,8,0.0,9,11,1,1
7171,39.0,1,999,0,1.1,93.994,-36.4,4.857,5191.0,999.0,0,0.0,1.0,1.0,2,8,0.0,2,5,2,1
7172,35.0,1,999,0,-0.1,93.2,-42.0,4.153,5195.8,999.0,0,0.0,0.0,0.0,1,7,0.0,6,11,1,1
7173,31.0,1,999,0,1.1,93.994,-36.4,4.864,5191.0,999.0,0,0.0,1.0,1.0,2,8,0.0,9,5,1,1
7174,31.0,1,999,0,-1.8,92.893,-46.2,1.327,5099.1,999.0,0,0.0,0.0,0.0,2,4,0.0,4,5,1,1
7175,42.0,1,999,0,-0.1,93.2,-42.0,4.191,5195.8,999.0,0,1.0,0.0,0.0,2,8,0.0,5,11,2,1
7176,35.0,2,999,1,-1.8,92.893,-46.2,1.299,5099.1,999.0,4,0.0,0.0,0.0,2,4,0.0,9,5,1,2
7177,31.0,2,999,0,1.4,93.918,-42.7,4.962,5228.1,999.0,0,1.0,1.0,1.0,3,8,0.0,10,7,2,1
7178,31.0,1,999,0,1.4,93.918,-42.7,4.96,5228.1,999.0,0,1.0,1.0,0.0,2,3,0.0,7,7,2,1
7179,31.0,2,999,0,1.1,93.994,-36.4,4.859,5191.0,999.0,0,1.0,0.0,1.0,1,8,0.0,1,5,1,1
7180,52.0,2,999,0,1.4,93.444,-36.1,4.965,5228.1,999.0,0,1.0,0.0,1.0,2,6,0.0,5,8,2,1
7181,43.0,2,999,0,-1.8,92.893,-46.2,1.25,5099.1,999.0,0,0.0,0.0,0.0,1,5,0.0,4,5,1,1
7182,37.0,4,999,0,1.4,94.465,-41.8,4.959,5228.1,999.0,0,0.0,0.0,1.0,2,4,0.0,4,6,1,1
7183,37.0,1,999,0,1.1,93.994,-36.4,4.856,5191.0,999.0,0,0.0,0.0,1.0,2,8,0.0,3,5,1,1
7184,31.0,2,999,0,-0.1,93.2,-42.0,4.191,5195.8,999.0,0,0.0,0.0,0.0,2,5,0.0,4,11,2,1
7185,35.0,2,999,0,1.1,93.994,-36.4,4.86,5191.0,999.0,0,0.0,0.0,1.0,2,8,0.0,5,5,1,1
7186,47.0,3,999,0,1.4,93.444,-36.1,4.964,5228.1,999.0,0,1.0,0.0,0.0,2,6,0.0,5,8,1,1
7187,39.0,4,999,0,1.4,93.918,-42.7,4.961,5228.1,999.0,0,1.0,1.0,0.0,2,8,0.0,4,7,1,1
7188,28.0,4,999,0,1.4,93.918,-42.7,4.963,5228.1,999.0,0,1.0,0.0,0.0,1,7,0.0,6,7,1,1
7189,48.0,1,999,0,1.4,93.918,-42.7,4.961,5228.1,999.0,0,1.0,0.0,0.0,2,8,0.0,4,7,1,1
7190,35.0,1,999,1,-1.8,92.893,-46.2,1.313,5099.1,999.0,5,1.0,1.0,0.0,2,4,0.0,4,5,1,2
7191,31.0,1,999,0,1.1,93.994,-36.4,4.859,5191.0,999.0,0,0.0,0.0,1.0,1,4,0.0,4,5,1,1
7192,50.0,2,999,0,-1.8,92.893,-46.2,1.244,5099.1,999.0,0,1.0,1.0,0.0,2,8,0.0,6,5,2,1
7193,45.0,1,999,0,1.1,93.994,-36.4,4.864,5191.0,999.0,0,0.0,0.0,1.0,3,4,0.0,4,5,1,1
7194,30.0,3,999,1,-1.8,92.893,-46.2,1.299,5099.1,999.0,1,1.0,0.0,0.0,2,7,0.0,3,5,2,2
7195,31.0,1,999,0,-1.8,92.893,-46.2,1.334,5099.1,999.0,0,0.0,1.0,0.0,2,5,0.0,6,5,1,1
7196,38.0,4,999,0,1.4,94.465,-41.8,4.967,5228.1,999.0,0,0.0,0.0,1.0,2,7,0.0,6,6,1,1
7197,36.0,2,999,0,1.1,93.994,-36.4,4.858,5191.0,999.0,0,0.0,0.0,1.0,2,5,0.0,6,5,2,1
7198,37.0,1,999,0,1.1,93.994,-36.4,4.857,5191.0,999.0,0,1.0,0.0,1.0,2,7,0.0,3,5,1,1
7199,31.0,1,999,1,-0.1,93.2,-42.0,4.021,5195.8,999.0,2,1.0,0.0,0.0,2,4,0.0,4,11,1,2
7200,31.0,1,999,0,1.1,93.994,-36.4,4.857,5191.0,999.0,0,1.0,0.0,1.0,2,7,0.0,8,5,1,1
7201,34.0,2,999,0,-1.8,93.075,-47.1,1.405,5099.1,999.0,0,1.0,0.0,0.0,1,7,0.0,6,4,2,1
7202,37.0,4,999,0,1.1,93.994,-36.4,4.86,5191.0,999.0,0,0.0,0.0,1.0,2,7,0.0,5,5,1,1
7203,29.0,1,999,0,1.4,94.465,-41.8,4.864,5228.1,999.0,0,0.0,1.0,1.0,1,7,0.0,9,6,1,1
7204,30.0,1,999,0,1.4,93.444,-36.1,4.968,5228.1,999.0,0,0.0,0.0,0.0,2,7,0.0,6,8,1,1
7205,31.0,1,999,0,1.4,93.918,-42.7,4.958,5228.1,999.0,0,0.0,0.0,0.0,3,8,0.0,5,7,1,1
7206,31.0,1,999,1,-2.9,92.201,-31.4,0.849,5076.2,999.0,1,1.0,1.0,0.0,2,7,0.0,8,8,1,2
7207,31.0,4,999,0,1.4,93.444,-36.1,4.964,5228.1,999.0,0,1.0,0.0,0.0,2,8,0.0,4,8,1,1
7208,37.0,1,999,1,-3.4,92.431,-26.9,0.744,5017.5,999.0,1,1.0,0.0,0.0,1,7,0.0,2,10,1,2
7209,31.0,1,999,0,1.4,94.465,-41.8,4.864,5228.1,999.0,0,1.0,0.0,1.0,2,2,0.0,4,6,1,1
7210,31.0,2,999,0,1.1,93.994,-36.4,4.858,5191.0,999.0,0,1.0,0.0,1.0,2,6,0.0,7,5,1,1
7211,53.0,6,999,0,-1.8,93.749,-34.6,0.64,5008.7,999.0,0,1.0,1.0,0.0,3,8,0.0,3,4,1,1
7212,34.0,4,999,0,1.1,93.994,-36.4,4.859,5191.0,999.0,0,0.0,0.0,1.0,2,8,0.0,4,5,1,1
7213,54.0,1,999,1,-0.1,93.2,-42.0,4.153,5195.8,999.0,0,1.0,0.0,0.0,1,7,0.0,6,11,1,2
7214,50.0,3,999,0,-1.8,92.893,-46.2,1.334,5099.1,999.0,0,1.0,0.0,0.0,3,7,0.0,6,5,1,1
7215,58.0,1,999,0,-1.1,94.601,-49.5,0.953,4963.6,999.0,0,1.0,0.0,1.0,2,8,0.0,6,10,2,1
7216,31.0,2,999,0,1.1,93.994,-36.4,4.855,5191.0,999.0,0,1.0,0.0,1.0,1,7,0.0,3,5,1,1
7217,31.0,2,999,0,1.1,93.994,-36.4,4.858,5191.0,999.0,0,1.0,1.0,1.0,2,4,0.0,9,5,1,1
7218,72.0,4,999,0,-1.8,93.876,-40.0,0.672,5008.7,999.0,0,1.0,0.0,0.0,2,8,0.0,8,5,1,1
7219,31.0,1,999,0,1.1,93.994,-36.4,4.857,5191.0,999.0,0,1.0,0.0,1.0,1,8,0.0,6,5,1,1
7220,41.0,1,999,0,1.1,93.994,-36.4,4.86,5191.0,999.0,0,1.0,0.0,1.0,1,8,0.0,6,5,1,1
7221,35.0,1,999,0,-0.1,93.2,-42.0,4.076,5195.8,999.0,0,0.0,0.0,0.0,2,2,0.0,10,11,1,1
7222,42.0,2,999,0,1.4,93.918,-42.7,4.962,5228.1,999.0,0,1.0,0.0,0.0,2,8,0.0,12,7,2,1
7223,32.0,2,999,1,-1.8,93.075,-47.1,1.435,5099.1,999.0,0,1.0,0.0,0.0,2,5,0.0,4,4,1,2
7224,31.0,1,999,0,-3.4,92.649,-30.1,0.715,5017.5,999.0,0,0.0,1.0,1.0,1,8,0.0,2,11,2,1
7225,39.0,5,999,0,1.1,93.994,-36.4,4.86,5191.0,999.0,0,0.0,1.0,1.0,2,8,0.0,4,5,1,1
7226,31.0,1,6,2,-1.8,93.749,-34.6,0.644,5008.7,0.2,2,0.0,0.0,1.0,2,8,0.0,6,4,1,3
7227,31.0,2,999,1,-1.1,94.199,-37.5,0.884,4963.6,999.0,4,0.0,0.0,0.0,2,4,0.0,6,9,1,2
7228,33.0,1,999,0,1.1,93.994,-36.4,4.856,5191.0,999.0,0,1.0,0.0,1.0,3,3,0.0,4,5,1,1
7229,33.0,4,999,0,1.1,93.994,-36.4,4.857,5191.0,999.0,0,0.0,0.0,1.0,3,7,0.0,6,5,1,1
7230,54.0,5,999,0,-1.8,92.893,-46.2,1.299,5099.1,999.0,0,1.0,0.0,0.0,2,3,0.0,3,5,2,1
7231,30.0,3,999,0,1.1,93.994,-36.4,4.857,5191.0,999.0,0,1.0,0.0,1.0,2,5,0.0,5,5,1,1
7232,39.0,1,999,1,-0.1,93.2,-42.0,4.191,5195.8,999.0,2,1.0,0.0,0.0,2,7,0.0,6,11,2,2
7233,44.0,2,999,1,-1.8,92.893,-46.2,1.327,5099.1,999.0,0,1.0,0.0,0.0,2,6,0.0,9,5,1,2
7234,30.0,3,999,0,-1.1,94.199,-37.5,0.879,4963.6,999.0,0,1.0,0.0,1.0,1,6,0.0,11,9,2,1
7235,31.0,4,999,1,-0.1,93.2,-42.0,4.153,5195.8,999.0,1,1.0,0.0,0.0,2,8,0.0,1,11,1,2
7236,30.0,1,999,0,1.1,93.994,-36.4,4.859,5191.0,999.0,0,1.0,0.0,1.0,3,4,0.0,4,5,1,1
7237,33.0,1,999,0,1.4,93.918,-42.7,4.963,5228.1,999.0,0,1.0,0.0,1.0,1,7,0.0,6,7,1,1
7238,45.0,3,999,0,1.4,93.444,-36.1,4.968,5228.1,999.0,0,0.0,0.0,0.0,2,8,0.0,4,8,1,1
7239,31.0,4,999,1,-0.1,93.2,-42.0,4.191,5195.8,999.0,2,0.0,0.0,0.0,3,8,0.0,4,11,2,2
7240,73.0,1,999,0,-2.9,92.201,-31.4,0.881,5076.2,999.0,0,1.0,0.0,0.0,2,2,0.0,8,8,1,1
7241,37.0,6,999,0,1.1,93.994,-36.4,4.86,5191.0,999.0,0,0.0,0.0,1.0,4,5,0.0,3,5,1,1
7242,57.0,5,999,0,-1.8,92.893,-46.2,1.327,5099.1,999.0,0,1.0,0.0,0.0,2,8,0.0,6,5,1,1
7243,31.0,4,999,0,1.1,93.994,-36.4,4.855,5191.0,999.0,0,0.0,0.0,1.0,2,5,0.0,9,5,1,1
7244,48.0,1,999,0,1.4,93.444,-36.1,4.965,5228.1,999.0,0,1.0,0.0,0.0,2,8,0.0,7,8,2,1
7245,29.0,4,999,0,-1.8,93.075,-47.1,1.405,5099.1,999.0,0,1.0,1.0,1.0,1,8,0.0,6,4,1,1
7246,31.0,1,999,1,-1.8,92.893,-46.2,1.299,5099.1,999.0,1,1.0,0.0,0.0,2,7,0.0,6,5,1,2
7247,26.0,1,15,1,-2.9,92.201,-31.4,0.883,5076.2,0.5,1,0.0,0.0,0.0,1,7,0.0,6,8,1,3
7248,32.0,2,999,0,1.4,94.465,-41.8,4.866,5228.1,999.0,0,0.0,0.0,1.0,2,5,0.0,9,6,1,1
7249,46.0,2,999,0,1.1,93.994,-36.4,4.86,5191.0,999.0,0,1.0,0.0,1.0,2,2,0.0,4,5,1,1
7250,20.0,2,999,0,-2.9,92.963,-40.8,1.268,5076.2,999.0,0,1.0,0.0,0.0,1,5,0.0,11,6,1,1
7251,45.0,2,999,0,1.1,93.994,-36.4,4.857,5191.0,999.0,0,0.0,1.0,1.0,2,1,0.0,4,5,1,1
7252,38.0,1,999,0,1.4,93.444,-36.1,4.968,5228.1,999.0,0,1.0,0.0,0.0,1,8,0.0,9,8,1,1
7253,28.0,2,999,0,-1.8,92.893,-46.2,1.313,5099.1,999.0,0,0.0,0.0,0.0,2,8,0.0,9,5,1,1
7254,42.0,1,999,0,1.1,93.994,-36.4,4.86,5191.0,999.0,0,0.0,0.0,1.0,2,7,0.0,3,5,1,1
7255,31.0,2,999,0,1.4,94.465,-41.8,4.96,5228.1,999.0,0,1.0,0.0,1.0,1,7,0.0,11,6,2,1
7256,39.0,1,999,0,-1.8,92.893,-46.2,1.25,5099.1,999.0,0,1.0,0.0,0.0,1,5,0.0,5,5,1,1
7257,39.0,3,999,0,1.4,93.918,-42.7,4.968,5228.1,999.0,0,0.0,0.0,0.0,2,8,0.0,1,7,1,1
7258,53.0,1,999,0,1.4,93.444,-36.1,4.964,5228.1,999.0,0,0.0,0.0,0.0,2,7,0.0,6,8,1,1
7259,35.0,2,999,0,1.1,93.994,-36.4,4.857,5191.0,999.0,0,0.0,0.0,1.0,2,8,0.0,4,5,1,1
7260,52.0,2,999,0,1.4,93.918,-42.7,4.963,5228.1,999.0,0,0.0,0.0,0.0,2,4,0.0,6,7,1,1
7261,36.0,1,999,0,1.1,93.994,-36.4,4.856,5191.0,999.0,0,0.0,0.0,1.0,3,6,0.0,5,5,1,1
7262,31.0,1,999,0,1.4,93.444,-36.1,4.962,5228.1,999.0,0,0.0,0.0,0.0,1,7,0.0,3,8,1,1
7263,30.0,1,999,0,-0.1,93.2,-42.0,4.076,5195.8,999.0,0,1.0,1.0,0.0,2,8,0.0,4,11,1,1
7264,31.0,4,999,0,1.4,93.444,-36.1,4.965,5228.1,999.0,0,0.0,0.0,0.0,2,8,0.0,5,8,1,1
7265,31.0,1,999,0,1.4,93.918,-42.7,4.963,5228.1,999.0,0,1.0,0.0,0.0,1,8,0.0,4,7,1,1
7266,31.0,6,6,1,-1.8,93.749,-34.6,0.642,5008.7,0.2,1,0.0,0.0,0.0,2,2,0.0,2,4,1,3
7267,24.0,2,999,0,-1.8,92.893,-46.2,1.266,5099.1,999.0,0,0.0,0.0,0.0,1,5,0.0,6,5,1,1
7268,34.0,1,999,0,1.4,93.918,-42.7,4.963,5228.1,999.0,0,1.0,1.0,0.0,1,7,0.0,5,7,1,1
7269,31.0,2,999,0,1.4,93.444,-36.1,4.965,5228.1,999.0,0,1.0,1.0,0.0,2,7,0.0,6,8,2,1
7270,36.0,3,999,0,1.4,93.444,-36.1,4.965,5228.1,999.0,0,0.0,0.0,0.0,1,6,0.0,5,8,2,1
7271,32.0,16,999,0,1.4,93.918,-42.7,4.962,5228.1,999.0,0,0.0,0.0,0.0,3,8,0.0,7,7,1,1
7272,31.0,2,999,0,1.4,93.444,-36.1,4.963,5228.1,999.0,0,1.0,0.0,0.0,2,8,0.0,6,8,1,1
7273,35.0,2,999,0,1.4,93.444,-36.1,4.965,5228.1,999.0,0,1.0,0.0,0.0,3,7,0.0,3,8,2,1
7274,52.0,1,3,1,-2.9,92.963,-40.8,1.26,5076.2,0.1,3,1.0,0.0,0.0,2,7,0.0,1,6,2,3
7275,31.0,3,999,2,-1.8,92.893,-46.2,1.344,5099.1,999.0,4,1.0,0.0,0.0,2,4,0.0,4,5,1,2
7276,31.0,2,999,0,1.4,94.465,-41.8,4.955,5228.1,999.0,0,0.0,1.0,1.0,1,6,0.0,5,6,1,1
7277,31.0,2,999,0,1.1,93.994,-36.4,4.857,5191.0,999.0,0,1.0,0.0,1.0,3,8,0.0,3,5,1,1
7278,31.0,1,999,0,-1.8,93.075,-47.1,1.479,5099.1,999.0,0,1.0,0.0,0.0,2,8,0.0,5,4,1,1
7279,30.0,1,12,1,-1.7,94.055,-39.8,0.732,4991.6,0.4,1,1.0,0.0,0.0,2,5,0.0,6,6,1,3
7280,31.0,2,999,0,-1.8,92.893,-46.2,1.299,5099.1,999.0,0,0.0,0.0,0.0,2,4,0.0,4,5,2,1
7281,48.0,1,999,0,1.1,93.994,-36.4,4.856,5191.0,999.0,0,0.0,0.0,1.0,2,8,0.0,5,5,1,1
7282,55.0,3,999,0,1.4,93.918,-42.7,4.961,5228.1,999.0,0,1.0,0.0,0.0,3,5,0.0,8,7,1,1
7283,33.0,2,999,0,1.1,93.994,-36.4,4.857,5191.0,999.0,0,0.0,0.0,1.0,2,4,0.0,4,5,2,1
7284,32.0,1,999,0,1.1,93.994,-36.4,4.855,5191.0,999.0,0,0.0,0.0,1.0,2,5,0.0,9,5,1,1
7285,31.0,3,999,0,-3.4,92.649,-30.1,0.714,5017.5,999.0,0,1.0,0.0,0.0,1,5,0.0,11,11,2,1
7286,27.0,1,999,0,-1.8,93.075,-47.1,1.41,5099.1,999.0,0,1.0,0.0,0.0,1,8,0.0,4,4,1,1
7287,31.0,1,999,0,-1.8,92.893,-46.2,1.327,5099.1,999.0,0,1.0,0.0,0.0,1,8,0.0,9,5,1,1
7288,34.0,2,999,0,1.4,93.918,-42.7,4.962,5228.1,999.0,0,0.0,1.0,0.0,2,4,0.0,4,7,1,1
7289,31.0,6,999,0,-1.8,93.075,-47.1,1.435,5099.1,999.0,0,1.0,0.0,0.0,1,8,0.0,6,4,1,1
7290,61.0,2,999,0,-1.8,92.843,-50.0,1.556,5099.1,999.0,0,0.0,1.0,0.0,2,4,0.0,8,3,1,1
7291,62.0,3,6,1,-1.8,93.369,-34.8,0.646,5008.7,0.2,3,0.0,0.0,0.0,2,8,0.0,5,3,2,3
7292,34.0,3,999,0,1.4,93.444,-36.1,4.964,5228.1,999.0,0,1.0,0.0,0.0,1,7,0.0,6,8,1,1
7293,52.0,5,999,0,1.1,93.994,-36.4,4.855,5191.0,999.0,0,0.0,0.0,1.0,2,7,0.0,5,5,1,1
7294,39.0,1,999,0,-1.8,93.075,-47.1,1.405,5099.1,999.0,0,1.0,0.0,0.0,2,7,0.0,3,4,1,1
7295,45.0,1,999,0,1.1,93.994,-36.4,4.86,5191.0,999.0,0,0.0,1.0,1.0,2,8,0.0,12,5,1,1
7296,31.0,7,999,0,1.4,94.465,-41.8,4.967,5228.1,999.0,0,1.0,0.0,1.0,2,8,0.0,6,6,1,1
7297,31.0,4,999,0,1.4,93.444,-36.1,4.964,5228.1,999.0,0,1.0,0.0,0.0,3,6,0.0,5,8,1,1
7298,29.0,2,999,0,-2.9,92.963,-40.8,1.26,5076.2,999.0,0,1.0,1.0,1.0,1,8,0.0,6,6,1,1
7299,56.0,3,999,0,1.4,94.465,-41.8,4.864,5228.1,999.0,0,0.0,0.0,1.0,2,7,0.0,7,6,1,1
7300,42.0,1,999,0,1.4,93.918,-42.7,4.962,5228.1,999.0,0,1.0,0.0,0.0,2,5,0.0,5,7,1,1
7301,32.0,1,999,0,-0.1,93.2,-42.0,4.12,5195.8,999.0,0,0.0,0.0,0.0,1,7,0.0,11,11,1,1
7302,31.0,2,999,0,-0.1,93.2,-42.0,4.191,5195.8,999.0,0,0.0,0.0,0.0,2,8,0.0,6,11,2,1
7303,49.0,2,999,0,1.4,94.465,-41.8,4.959,5228.1,999.0,0,0.0,0.0,1.0,3,7,0.0,6,6,1,1
7304,34.0,3,999,0,1.4,93.918,-42.7,4.962,5228.1,999.0,0,1.0,1.0,0.0,2,8,0.0,4,7,2,1
7305,36.0,1,999,0,-1.8,92.893,-46.2,1.299,5099.1,999.0,0,1.0,0.0,0.0,1,8,0.0,5,5,2,1
7306,40.0,1,999,0,1.4,94.465,-41.8,4.961,5228.1,999.0,0,1.0,0.0,1.0,2,8,0.0,5,6,2,1
7307,35.0,4,999,0,1.4,94.465,-41.8,4.959,5228.1,999.0,0,0.0,0.0,1.0,2,7,0.0,6,6,1,1
7308,31.0,4,999,0,1.4,93.444,-36.1,4.965,5228.1,999.0,0,0.0,0.0,0.0,2,8,0.0,6,8,2,1
7309,38.0,2,999,1,-0.1,93.2,-42.0,4.153,5195.8,999.0,0,0.0,0.0,0.0,2,8,0.0,4,11,1,2
7310,32.0,1,999,0,1.4,94.465,-41.8,4.947,5228.1,999.0,0,0.0,0.0,1.0,1,5,0.0,9,6,1,1
7311,38.0,3,999,0,1.4,93.918,-42.7,4.96,5228.1,999.0,0,0.0,0.0,0.0,2,6,0.0,6,7,2,1
7312,48.0,3,999,0,1.4,93.444,-36.1,4.964,5228.1,999.0,0,0.0,0.0,0.0,2,5,0.0,1,8,1,1
7313,35.0,4,999,0,1.4,94.465,-41.8,4.864,5228.1,999.0,0,1.0,1.0,1.0,2,4,0.0,10,6,1,1
7314,37.0,1,999,0,1.4,94.465,-41.8,4.866,5228.1,999.0,0,0.0,0.0,1.0,2,5,0.0,9,6,1,1
7315,31.0,3,999,0,1.4,94.465,-41.8,4.959,5228.1,999.0,0,0.0,0.0,1.0,2,2,0.0,4,6,1,1
7316,31.0,2,999,0,1.1,93.994,-36.4,4.857,5191.0,999.0,0,0.0,0.0,1.0,2,8,0.0,4,5,1,1
7317,29.0,3,999,0,1.4,93.444,-36.1,4.964,5228.1,999.0,0,1.0,0.0,1.0,1,7,0.0,5,8,1,1
7318,22.0,2,999,1,-2.9,92.201,-31.4,0.861,5076.2,999.0,2,1.0,0.0,0.0,1,8,0.0,11,8,2,2
7319,37.0,2,999,0,-0.1,93.2,-42.0,4.12,5195.8,999.0,0,0.0,1.0,0.0,2,7,0.0,3,11,1,1
7320,33.0,2,999,0,-1.8,93.075,-47.1,1.445,5099.1,999.0,0,0.0,0.0,0.0,1,8,0.0,6,4,1,1
7321,41.0,1,999,0,1.1,93.994,-36.4,4.856,5191.0,999.0,0,1.0,0.0,1.0,2,5,0.0,4,5,1,1
7322,42.0,1,999,0,1.1,93.994,-36.4,4.856,5191.0,999.0,0,0.0,0.0,1.0,2,8,0.0,6,5,1,1
7323,31.0,1,999,0,-0.1,93.2,-42.0,4.153,5195.8,999.0,0,1.0,1.0,0.0,1,8,0.0,11,11,1,1
7324,51.0,1,999,0,1.1,93.994,-36.4,4.857,5191.0,999.0,0,0.0,1.0,1.0,2,4,0.0,7,5,1,1
7325,38.0,1,999,0,1.1,93.994,-36.4,4.856,5191.0,999.0,0,0.0,0.0,1.0,2,4,0.0,7,5,1,1
7326,31.0,1,999,0,1.4,94.465,-41.8,4.866,5228.1,999.0,0,0.0,0.0,1.0,2,2,0.0,4,6,1,1
7327,55.0,13,999,0,1.4,93.444,-36.1,4.964,5228.1,999.0,0,0.0,0.0,0.0,2,4,0.0,9,8,1,1
7328,33.0,2,999,0,1.4,93.918,-42.7,4.962,5228.1,999.0,0,1.0,1.0,0.0,2,8,0.0,7,7,2,1
7329,31.0,1,999,0,-0.1,93.2,-42.0,4.153,5195.8,999.0,0,0.0,0.0,0.0,1,4,0.0,4,11,1,1
7330,53.0,1,999,0,1.1,93.994,-36.4,4.857,5191.0,999.0,0,0.0,0.0,1.0,2,8,0.0,5,5,1,1
7331,23.0,2,999,0,1.4,93.918,-42.7,4.966,5228.1,999.0,0,1.0,0.0,1.0,1,6,0.0,5,7,1,1
7332,31.0,1,999,0,1.1,93.994,-36.4,4.859,5191.0,999.0,0,1.0,0.0,1.0,2,2,0.0,4,5,1,1
7333,28.0,1,999,1,-1.8,93.369,-34.8,0.651,5008.7,999.0,0,1.0,1.0,0.0,1,7,0.0,1,3,1,2
7334,33.0,5,999,0,1.1,93.994,-36.4,4.855,5191.0,999.0,0,1.0,0.0,1.0,2,5,0.0,9,5,1,1
7335,49.0,12,999,0,1.4,93.918,-42.7,4.961,5228.1,999.0,0,1.0,0.0,0.0,2,8,0.0,4,7,1,1
7336,31.0,2,999,0,1.4,93.918,-42.7,4.963,5228.1,999.0,0,0.0,0.0,0.0,1,3,0.0,4,7,1,1
7337,42.0,1,999,0,1.1,93.994,-36.4,4.856,5191.0,999.0,0,0.0,0.0,1.0,3,7,0.0,6,5,1,1
7338,41.0,2,999,1,-1.8,92.893,-46.2,1.291,5099.1,999.0,1,1.0,0.0,0.0,1,6,0.0,5,5,1,2
7339,88.0,2,999,0,-1.8,92.843,-50.0,1.663,5099.1,999.0,0,0.0,0.0,0.0,3,2,0.0,8,3,1,1
7340,69.0,4,999,1,-1.8,93.075,-47.1,1.372,5099.1,999.0,3,1.0,0.0,0.0,2,5,0.0,8,4,1,2
7341,33.0,7,999,0,1.4,93.444,-36.1,4.966,5228.1,999.0,0,0.0,0.0,0.0,2,8,0.0,5,8,1,1
7342,31.0,1,999,0,1.4,93.918,-42.7,4.963,5228.1,999.0,0,1.0,0.0,0.0,2,4,0.0,4,7,1,1
7343,27.0,3,10,1,-3.0,92.713,-33.0,0.708,5023.5,0.333333333333,0,1.0,0.0,0.0,1,7,0.0,5,12,1,3
7344,31.0,3,999,0,1.1,93.994,-36.4,4.86,5191.0,999.0,0,0.0,0.0,1.0,1,7,0.0,6,5,1,1
7345,31.0,2,999,0,-1.8,93.075,-47.1,1.453,5099.1,999.0,0,0.0,0.0,0.0,1,5,0.0,11,4,1,1
7346,55.0,2,999,0,1.1,93.994,-36.4,4.86,5191.0,999.0,0,0.0,0.0,1.0,2,4,0.0,4,5,1,1
7347,45.0,5,999,0,-0.1,93.2,-42.0,4.021,5195.8,999.0,0,0.0,0.0,0.0,2,7,0.0,1,11,1,1
7348,48.0,2,999,0,1.4,93.444,-36.1,4.966,5228.1,999.0,0,0.0,0.0,0.0,2,7,0.0,5,8,1,1
7349,38.0,4,999,0,1.1,93.994,-36.4,4.857,5191.0,999.0,0,0.0,0.0,1.0,2,4,0.0,2,5,1,1
7350,31.0,1,999,0,1.1,93.994,-36.4,4.864,5191.0,999.0,0,1.0,1.0,1.0,1,8,0.0,5,5,1,1
7351,46.0,2,999,0,1.4,93.444,-36.1,4.965,5228.1,999.0,0,1.0,0.0,0.0,2,7,0.0,6,8,1,1
7352,31.0,1,999,0,-1.8,92.893,-46.2,1.327,5099.1,999.0,0,1.0,0.0,0.0,1,8,0.0,6,5,1,1
7353,39.0,1,999,0,1.1,93.994,-36.4,4.855,5191.0,999.0,0,0.0,0.0,1.0,2,3,0.0,4,5,1,1
7354,47.0,1,999,1,-1.8,93.749,-34.6,0.645,5008.7,999.0,3,1.0,0.0,0.0,2,5,0.0,6,4,1,2
7355,36.0,4,999,0,1.4,94.465,-41.8,4.947,5228.1,999.0,0,1.0,1.0,1.0,2,5,0.0,6,6,1,1
7356,33.0,3,999,0,-1.8,93.075,-47.1,1.365,5099.1,999.0,0,0.0,0.0,0.0,1,5,0.0,6,4,1,1
7357,31.0,1,999,1,-1.8,92.893,-46.2,1.313,5099.1,999.0,2,0.0,0.0,0.0,2,3,0.0,4,5,1,2
7358,31.0,4,999,0,1.4,94.465,-41.8,4.865,5228.1,999.0,0,0.0,0.0,1.0,2,8,0.0,4,6,2,1
7359,31.0,1,999,0,-1.8,92.893,-46.2,1.281,5099.1,999.0,0,1.0,0.0,1.0,2,4,0.0,10,5,1,1
7360,57.0,1,999,0,1.1,93.994,-36.4,4.859,5191.0,999.0,0,0.0,0.0,1.0,2,7,0.0,8,5,1,1
7361,44.0,1,999,0,1.4,93.444,-36.1,4.963,5228.1,999.0,0,0.0,1.0,0.0,2,8,0.0,4,8,1,1
7362,34.0,2,999,0,-0.1,93.2,-42.0,4.191,5195.8,999.0,0,1.0,0.0,0.0,2,8,0.0,10,11,2,1
7363,31.0,2,7,1,-1.8,92.893,-46.2,1.27,5099.1,0.233333333333,3,0.0,0.0,0.0,2,7,0.0,6,5,1,3
7364,31.0,3,999,0,1.4,94.465,-41.8,4.967,5228.1,999.0,0,1.0,0.0,1.0,1,5,0.0,4,6,1,1
7365,31.0,1,999,0,1.1,93.994,-36.4,4.857,5191.0,999.0,0,1.0,0.0,1.0,2,8,0.0,4,5,1,1
7366,35.0,2,999,0,-0.1,93.2,-42.0,4.191,5195.8,999.0,0,1.0,0.0,0.0,2,5,0.0,7,11,2,1
7367,29.0,1,999,0,1.4,93.444,-36.1,4.963,5228.1,999.0,0,0.0,1.0,0.0,1,7,0.0,3,8,1,1
7368,37.0,1,999,0,1.4,93.918,-42.7,4.962,5228.1,999.0,0,1.0,0.0,0.0,2,7,0.0,6,7,1,1
7369,38.0,1,999,0,1.4,94.465,-41.8,4.961,5228.1,999.0,0,0.0,0.0,1.0,2,6,0.0,4,6,1,1
7370,75.0,9,999,1,-1.1,94.199,-37.5,0.883,4963.6,999.0,2,0.0,0.0,1.0,2,4,0.0,8,9,1,2
7371,31.0,2,999,0,1.4,93.918,-42.7,4.962,5228.1,999.0,0,0.0,0.0,1.0,2,8,0.0,3,7,1,1
7372,31.0,2,999,0,1.4,93.444,-36.1,4.962,5228.1,999.0,0,1.0,0.0,0.0,2,8,0.0,3,8,1,1
7373,31.0,1,999,0,1.1,93.994,-36.4,4.856,5191.0,999.0,0,1.0,1.0,1.0,2,8,0.0,8,5,1,1
7374,31.0,1,999,0,1.4,93.918,-42.7,4.962,5228.1,999.0,0,0.0,0.0,1.0,2,5,0.0,3,7,2,1
7375,31.0,2,999,0,1.4,93.918,-42.7,4.963,5228.1,999.0,0,0.0,0.0,1.0,1,5,0.0,4,7,1,1
7376,48.0,3,999,0,1.4,93.444,-36.1,4.963,5228.1,999.0,0,0.0,0.0,0.0,2,7,0.0,3,8,1,1
7377,31.0,16,999,0,1.4,93.918,-42.7,4.968,5228.1,999.0,0,0.0,0.0,0.0,1,7,0.0,6,7,1,1
7378,37.0,1,999,0,1.1,93.994,-36.4,4.864,5191.0,999.0,0,1.0,0.0,1.0,3,8,0.0,1,5,1,1
7379,38.0,4,999,0,1.4,93.444,-36.1,4.963,5228.1,999.0,0,1.0,0.0,0.0,1,8,0.0,5,8,1,1
7380,32.0,1,999,0,-2.9,92.963,-40.8,1.215,5076.2,999.0,0,1.0,1.0,0.0,1,8,0.0,5,6,2,1
7381,35.0,2,999,0,1.4,94.465,-41.8,4.961,5228.1,999.0,0,0.0,1.0,1.0,2,8,0.0,4,6,2,1
7382,32.0,1,999,0,1.4,93.444,-36.1,4.964,5228.1,999.0,0,1.0,0.0,0.0,2,6,0.0,5,8,1,1
7383,31.0,1,999,0,-1.8,93.369,-34.8,0.655,5008.7,999.0,0,1.0,0.0,0.0,3,6,0.0,6,3,1,1
7384,46.0,1,999,0,-1.8,93.075,-47.1,1.365,5099.1,999.0,0,0.0,0.0,0.0,2,8,0.0,6,4,1,1
7385,33.0,2,999,0,-1.8,92.893,-46.2,1.313,5099.1,999.0,0,0.0,0.0,1.0,2,5,0.0,6,5,1,1
7386,40.0,2,999,0,-1.8,93.075,-47.1,1.405,5099.1,999.0,0,1.0,1.0,0.0,2,3,0.0,2,4,1,1
7387,42.0,1,999,0,1.1,93.994,-36.4,4.864,5191.0,999.0,0,1.0,0.0,1.0,2,6,0.0,9,5,1,1
7388,49.0,9,999,0,1.4,94.465,-41.8,4.959,5228.1,999.0,0,0.0,0.0,1.0,2,8,0.0,4,6,1,1
7389,31.0,5,999,0,1.1,93.994,-36.4,4.858,5191.0,999.0,0,1.0,0.0,1.0,2,2,0.0,4,5,1,1
7390,33.0,1,999,0,1.4,93.918,-42.7,4.96,5228.1,999.0,0,0.0,0.0,0.0,3,8,0.0,9,7,2,1
7391,44.0,2,999,0,1.4,93.444,-36.1,4.962,5228.1,999.0,0,0.0,0.0,0.0,2,8,0.0,5,8,1,1
7392,44.0,1,999,0,1.4,93.444,-36.1,4.97,5228.1,999.0,0,0.0,1.0,0.0,2,6,0.0,9,8,2,1
7393,69.0,3,6,1,-1.1,94.199,-37.5,0.879,4963.6,0.2,2,0.0,0.0,0.0,2,2,0.0,8,9,2,3
7394,23.0,1,999,0,1.4,93.918,-42.7,4.963,5228.1,999.0,0,0.0,0.0,0.0,1,8,0.0,4,7,1,1
7395,31.0,1,999,0,-1.8,92.893,-46.2,1.266,5099.1,999.0,0,0.0,1.0,0.0,2,4,0.0,4,5,1,1
7396,30.0,3,999,1,-1.8,92.893,-46.2,1.25,5099.1,999.0,2,0.0,0.0,0.0,1,5,0.0,9,5,1,2
7397,46.0,1,999,0,-2.9,92.469,-33.6,1.044,5076.2,999.0,0,0.0,0.0,0.0,3,5,0.0,6,7,1,1
7398,55.0,2,999,0,1.4,93.444,-36.1,4.965,5228.1,999.0,0,1.0,0.0,0.0,2,7,0.0,3,8,1,1
7399,29.0,7,999,1,-1.8,92.893,-46.2,1.281,5099.1,999.0,0,1.0,0.0,0.0,1,5,0.0,6,5,1,2
7400,31.0,1,999,0,-0.1,93.2,-42.0,4.021,5195.8,999.0,0,0.0,0.0,0.0,1,5,0.0,6,11,1,1
7401,51.0,2,999,1,-1.8,92.893,-46.2,1.327,5099.1,999.0,1,1.0,0.0,0.0,2,5,0.0,1,5,1,2
7402,47.0,1,3,2,-3.4,92.379,-29.8,0.771,5017.5,0.1,6,1.0,0.0,0.0,2,7,0.0,3,9,2,3
7403,37.0,8,999,0,-0.1,93.2,-42.0,4.021,5195.8,999.0,0,1.0,0.0,0.0,2,7,0.0,3,11,1,1
7404,29.0,1,999,0,1.4,93.918,-42.7,4.968,5228.1,999.0,0,1.0,0.0,1.0,2,8,0.0,5,7,1,1
7405,31.0,1,999,0,-1.8,92.893,-46.2,1.299,5099.1,999.0,0,0.0,0.0,0.0,1,8,0.0,4,5,2,1
7406,33.0,2,999,0,1.4,93.918,-42.7,4.962,5228.1,999.0,0,0.0,1.0,0.0,1,4,0.0,4,7,1,1
7407,50.0,1,999,0,-1.8,93.749,-34.6,0.644,5008.7,999.0,0,1.0,0.0,1.0,1,7,0.0,5,4,1,1
7408,38.0,1,999,0,-1.8,93.075,-47.1,1.41,5099.1,999.0,0,1.0,0.0,0.0,2,5,0.0,9,4,1,1
7409,36.0,5,999,0,1.4,93.918,-42.7,4.968,5228.1,999.0,0,0.0,1.0,0.0,3,7,0.0,11,7,1,1
7410,44.0,1,999,0,1.1,93.994,-36.4,4.857,5191.0,999.0,0,1.0,1.0,1.0,2,5,0.0,6,5,2,1
7411,41.0,1,999,0,-3.4,92.379,-29.8,0.797,5017.5,999.0,0,1.0,0.0,0.0,2,7,0.0,6,9,2,1
7412,26.0,1,999,0,1.4,93.918,-42.7,4.958,5228.1,999.0,0,0.0,0.0,0.0,2,8,0.0,2,7,1,1
7413,40.0,3,999,0,1.4,93.918,-42.7,4.96,5228.1,999.0,0,1.0,0.0,0.0,2,7,0.0,3,7,2,1
7414,29.0,1,999,1,-1.8,92.893,-46.2,1.281,5099.1,999.0,2,0.0,0.0,0.0,2,5,0.0,6,5,1,2
7415,52.0,1,999,0,1.4,94.465,-41.8,4.967,5228.1,999.0,0,1.0,0.0,1.0,2,2,0.0,12,6,1,1
7416,31.0,1,999,0,-1.8,93.075,-47.1,1.41,5099.1,999.0,0,1.0,0.0,0.0,1,8,0.0,9,4,1,1
7417,34.0,4,999,0,1.4,93.444,-36.1,4.963,5228.1,999.0,0,1.0,0.0,0.0,2,7,0.0,6,8,1,1
7418,39.0,1,999,0,-1.8,92.893,-46.2,1.281,5099.1,999.0,0,1.0,0.0,0.0,2,5,0.0,4,5,1,1
7419,32.0,2,999,0,1.4,93.444,-36.1,4.966,5228.1,999.0,0,1.0,0.0,0.0,1,7,0.0,5,8,1,1
7420,50.0,1,999,0,1.1,93.994,-36.4,4.855,5191.0,999.0,0,1.0,1.0,1.0,2,5,0.0,6,5,1,1
7421,31.0,1,999,0,1.4,93.444,-36.1,4.965,5228.1,999.0,0,1.0,0.0,0.0,1,8,0.0,6,8,1,1
7422,48.0,1,999,0,1.4,93.444,-36.1,4.963,5228.1,999.0,0,1.0,0.0,0.0,2,7,0.0,3,8,1,1
7423,26.0,1,999,0,-2.9,92.963,-40.8,1.26,5076.2,999.0,0,0.0,1.0,0.0,1,7,0.0,6,6,1,1
7424,64.0,1,999,1,-2.9,92.201,-31.4,0.859,5076.2,999.0,1,0.0,0.0,0.0,2,5,0.0,8,8,1,2
7425,48.0,6,999,0,1.1,93.994,-36.4,4.858,5191.0,999.0,0,1.0,0.0,1.0,2,4,0.0,4,5,1,1
7426,39.0,2,999,0,-1.8,93.075,-47.1,1.423,5099.1,999.0,0,1.0,1.0,0.0,2,7,0.0,6,4,1,1
7427,46.0,3,999,0,1.4,93.918,-42.7,4.963,5228.1,999.0,0,0.0,0.0,0.0,1,8,0.0,6,7,1,1
7428,49.0,1,999,0,-1.7,94.027,-38.3,0.89,4991.6,999.0,0,1.0,0.0,1.0,2,7,0.0,6,8,1,1
7429,31.0,3,999,0,1.4,93.444,-36.1,4.965,5228.1,999.0,0,1.0,0.0,0.0,3,8,0.0,6,8,2,1
7430,42.0,1,999,0,1.4,93.444,-36.1,4.97,5228.1,999.0,0,1.0,0.0,0.0,3,6,0.0,5,8,2,1
7431,39.0,3,999,0,1.1,93.994,-36.4,4.857,5191.0,999.0,0,0.0,0.0,1.0,2,8,0.0,7,5,2,1
7432,31.0,1,999,0,-1.8,92.893,-46.2,1.313,5099.1,999.0,0,1.0,0.0,0.0,2,5,0.0,9,5,1,1
7433,31.0,4,999,0,-0.1,93.2,-42.0,4.153,5195.8,999.0,0,1.0,0.0,0.0,2,2,0.0,7,11,1,1
7434,45.0,1,999,0,1.4,93.444,-36.1,4.965,5228.1,999.0,0,1.0,0.0,0.0,2,5,0.0,12,8,1,1
7435,31.0,1,999,1,-1.8,92.893,-46.2,1.266,5099.1,999.0,2,1.0,0.0,0.0,1,7,0.0,6,5,1,2
7436,31.0,1,999,0,-1.8,92.893,-46.2,1.25,5099.1,999.0,0,1.0,0.0,0.0,1,2,0.0,4,5,1,1
7437,31.0,3,999,0,1.1,93.994,-36.4,4.857,5191.0,999.0,0,1.0,0.0,1.0,2,8,0.0,6,5,1,1
7438,34.0,2,8,1,-3.4,92.431,-26.9,0.735,5017.5,0.266666666667,4,1.0,0.0,0.0,2,8,0.0,5,10,1,3
7439,51.0,1,999,0,-3.4,92.649,-30.1,0.719,5017.5,999.0,0,0.0,0.0,0.0,2,6,0.0,5,11,1,1
7440,41.0,1,999,0,1.4,93.444,-36.1,4.963,5228.1,999.0,0,1.0,1.0,1.0,2,5,0.0,5,8,2,1
7441,39.0,2,999,0,-1.8,92.843,-50.0,1.687,5099.1,999.0,0,1.0,0.0,0.0,1,5,0.0,6,3,1,1
7442,32.0,1,999,0,1.4,93.444,-36.1,4.965,5228.1,999.0,0,1.0,0.0,0.0,1,6,0.0,5,8,1,1
7443,33.0,2,999,0,-1.8,92.893,-46.2,1.291,5099.1,999.0,0,1.0,0.0,0.0,2,4,0.0,4,5,1,1
7444,40.0,4,999,0,1.4,93.444,-36.1,4.965,5228.1,999.0,0,1.0,0.0,0.0,2,7,0.0,6,8,1,1
7445,47.0,2,999,0,1.4,94.465,-41.8,4.864,5228.1,999.0,0,0.0,1.0,1.0,3,4,0.0,4,6,1,1
7446,35.0,5,999,0,1.1,93.994,-36.4,4.857,5191.0,999.0,0,1.0,0.0,1.0,2,8,0.0,4,5,1,1
7447,31.0,1,999,0,1.4,93.444,-36.1,4.965,5228.1,999.0,0,1.0,0.0,0.0,2,8,0.0,4,8,1,1
7448,32.0,1,999,0,1.4,93.918,-42.7,4.963,5228.1,999.0,0,1.0,0.0,0.0,1,7,0.0,6,7,1,1
7449,35.0,1,999,0,1.4,94.465,-41.8,4.959,5228.1,999.0,0,0.0,0.0,1.0,2,7,0.0,7,6,1,1
7450,43.0,1,999,0,1.1,93.994,-36.4,4.857,5191.0,999.0,0,1.0,1.0,1.0,2,2,0.0,2,5,1,1
7451,39.0,10,999,0,1.4,94.465,-41.8,4.959,5228.1,999.0,0,0.0,0.0,1.0,1,5,0.0,9,6,1,1
7452,57.0,1,12,1,-2.9,92.963,-40.8,1.266,5076.2,0.4,1,0.0,0.0,0.0,3,2,0.0,4,6,2,3
7453,33.0,6,999,1,-1.8,92.893,-46.2,1.266,5099.1,999.0,2,0.0,0.0,1.0,1,4,0.0,5,5,1,2
7454,58.0,3,999,0,1.4,94.465,-41.8,4.962,5228.1,999.0,0,0.0,0.0,1.0,2,8,0.0,4,6,1,1
7455,31.0,1,999,0,1.1,93.994,-36.4,4.859,5191.0,999.0,0,0.0,0.0,1.0,2,8,0.0,9,5,1,1
7456,43.0,5,999,0,-1.8,92.893,-46.2,1.266,5099.1,999.0,0,1.0,0.0,0.0,2,2,0.0,4,5,1,1
7457,52.0,3,999,0,-1.8,92.893,-46.2,1.344,5099.1,999.0,0,1.0,0.0,0.0,2,2,0.0,3,5,1,1
7458,61.0,2,999,0,-1.8,93.075,-47.1,1.365,5099.1,999.0,0,0.0,0.0,0.0,3,7,0.0,8,4,1,1
7459,31.0,1,999,0,1.1,93.994,-36.4,4.86,5191.0,999.0,0,0.0,0.0,1.0,1,2,0.0,2,5,1,1
7460,43.0,1,999,0,-3.4,92.431,-26.9,0.744,5017.5,999.0,0,1.0,0.0,0.0,1,7,0.0,3,10,1,1
7461,30.0,2,11,1,-1.8,92.893,-46.2,1.299,5099.1,0.366666666667,3,0.0,0.0,0.0,3,5,0.0,9,5,2,3
7462,68.0,1,999,0,-2.9,92.469,-33.6,1.029,5076.2,999.0,0,1.0,0.0,0.0,2,2,0.0,8,7,1,1
7463,51.0,2,999,0,1.4,93.918,-42.7,4.963,5228.1,999.0,0,0.0,0.0,0.0,3,5,0.0,7,7,1,1
7464,60.0,1,999,0,1.1,93.994,-36.4,4.858,5191.0,999.0,0,1.0,0.0,1.0,2,8,0.0,7,5,1,1
7465,31.0,17,999,0,1.4,93.918,-42.7,4.968,5228.1,999.0,0,0.0,1.0,0.0,1,5,0.0,9,7,1,1
7466,55.0,2,999,0,1.4,93.444,-36.1,4.963,5228.1,999.0,0,0.0,1.0,0.0,2,7,0.0,6,8,1,1
7467,24.0,4,999,0,1.4,94.465,-41.8,4.962,5228.1,999.0,0,1.0,1.0,1.0,2,8,0.0,7,6,1,1
7468,34.0,1,999,1,-1.8,93.075,-47.1,1.405,5099.1,999.0,2,1.0,0.0,0.0,2,8,0.0,4,4,2,2
7469,29.0,1,999,1,-1.8,92.893,-46.2,1.344,5099.1,999.0,2,1.0,0.0,0.0,1,8,0.0,6,5,1,2
7470,27.0,2,999,0,1.1,93.994,-36.4,4.857,5191.0,999.0,0,1.0,1.0,1.0,2,4,0.0,4,5,2,1
7471,49.0,2,999,0,1.1,93.994,-36.4,4.857,5191.0,999.0,0,1.0,0.0,1.0,2,6,0.0,3,5,1,1
7472,31.0,1,999,0,1.4,93.444,-36.1,4.964,5228.1,999.0,0,0.0,0.0,0.0,2,3,0.0,4,8,1,1
7473,39.0,1,999,0,-1.8,92.893,-46.2,1.291,5099.1,999.0,0,0.0,0.0,0.0,1,6,0.0,5,5,1,1
7474,41.0,9,999,0,1.4,93.444,-36.1,4.963,5228.1,999.0,0,1.0,0.0,1.0,2,7,0.0,6,8,1,1
7475,58.0,4,6,1,-1.1,94.199,-37.5,0.878,4963.6,0.2,5,0.0,0.0,0.0,2,7,0.0,6,9,1,3
7476,32.0,3,999,0,1.1,93.994,-36.4,4.856,5191.0,999.0,0,1.0,0.0,1.0,2,6,0.0,9,5,1,1
7477,29.0,3,999,0,1.4,93.918,-42.7,4.968,5228.1,999.0,0,1.0,1.0,0.0,1,5,0.0,6,7,1,1
7478,48.0,7,999,0,1.1,93.994,-36.4,4.86,5191.0,999.0,0,0.0,0.0,1.0,2,6,0.0,5,5,1,1
7479,33.0,2,999,0,1.1,93.994,-36.4,4.855,5191.0,999.0,0,1.0,0.0,1.0,2,7,0.0,9,5,1,1
7480,31.0,1,999,1,-3.4,92.649,-30.1,0.715,5017.5,999.0,1,0.0,1.0,0.0,2,8,0.0,6,11,1,2
7481,51.0,2,999,0,1.4,93.444,-36.1,4.968,5228.1,999.0,0,1.0,1.0,0.0,2,2,0.0,4,8,1,1
7482,46.0,4,999,0,1.4,93.444,-36.1,4.965,5228.1,999.0,0,1.0,1.0,0.0,2,4,0.0,6,8,1,1
7483,31.0,8,999,0,1.4,94.465,-41.8,4.865,5228.1,999.0,0,1.0,1.0,1.0,2,5,0.0,4,6,2,1
7484,30.0,6,999,0,1.4,93.918,-42.7,4.962,5228.1,999.0,0,1.0,0.0,1.0,2,2,0.0,4,7,1,1
7485,31.0,2,999,0,1.4,93.918,-42.7,4.963,5228.1,999.0,0,0.0,0.0,0.0,1,5,0.0,4,7,1,1
7486,43.0,1,999,0,1.4,93.918,-42.7,4.962,5228.1,999.0,0,1.0,1.0,1.0,2,8,0.0,6,7,1,1
7487,31.0,1,3,1,-1.1,94.601,-49.5,1.029,4963.6,0.1,1,1.0,0.0,0.0,1,5,0.0,11,10,1,3
7488,35.0,2,999,0,1.1,93.994,-36.4,4.857,5191.0,999.0,0,0.0,0.0,1.0,2,4,0.0,4,5,2,1
7489,36.0,3,999,0,-0.1,93.2,-42.0,4.191,5195.8,999.0,0,1.0,0.0,0.0,2,8,0.0,4,11,2,1
7490,31.0,4,999,0,1.1,93.994,-36.4,4.86,5191.0,999.0,0,1.0,0.0,1.0,2,4,0.0,4,5,1,1
7491,36.0,1,999,1,-1.8,92.893,-46.2,1.291,5099.1,999.0,3,0.0,0.0,0.0,3,5,0.0,6,5,1,2
7492,47.0,2,999,1,-1.8,92.893,-46.2,1.327,5099.1,999.0,4,0.0,0.0,0.0,1,4,0.0,6,5,1,2
7493,38.0,1,999,0,-1.8,93.369,-34.8,0.655,5008.7,999.0,0,1.0,0.0,1.0,1,5,0.0,4,3,1,1
7494,48.0,8,999,0,1.4,93.444,-36.1,4.964,5228.1,999.0,0,0.0,0.0,0.0,2,6,0.0,5,8,1,1
7495,27.0,1,999,0,-1.1,94.199,-37.5,0.88,4963.6,999.0,0,0.0,0.0,1.0,3,8,0.0,11,9,1,1
7496,32.0,2,999,0,-0.1,93.2,-42.0,4.153,5195.8,999.0,0,0.0,0.0,1.0,2,4,0.0,4,11,1,1
7497,37.0,2,999,0,1.1,93.994,-36.4,4.857,5191.0,999.0,0,1.0,0.0,1.0,1,4,0.0,4,5,1,1
7498,36.0,4,999,0,-1.8,92.893,-46.2,1.281,5099.1,999.0,0,1.0,0.0,0.0,1,8,0.0,9,5,1,1
7499,25.0,1,999,0,-1.8,92.843,-50.0,1.531,5099.1,999.0,0,1.0,0.0,0.0,2,8,0.0,6,3,1,1
7500,41.0,2,999,0,-1.8,92.893,-46.2,1.344,5099.1,999.0,0,1.0,0.0,0.0,3,8,0.0,4,5,1,1
7501,30.0,9,999,0,1.4,93.918,-42.7,4.96,5228.1,999.0,0,1.0,1.0,1.0,2,5,0.0,9,7,2,1
7502,39.0,2,999,0,1.4,93.918,-42.7,4.96,5228.1,999.0,0,1.0,0.0,1.0,2,4,0.0,9,7,2,1
7503,43.0,6,999,0,1.4,94.465,-41.8,4.961,5228.1,999.0,0,1.0,0.0,1.0,2,8,0.0,6,6,1,1
7504,45.0,2,999,0,-2.9,92.963,-40.8,1.281,5076.2,999.0,0,0.0,0.0,0.0,1,8,0.0,9,6,2,1
7505,31.0,1,999,0,1.4,93.918,-42.7,4.963,5228.1,999.0,0,1.0,0.0,0.0,1,3,0.0,4,7,1,1
7506,58.0,1,999,0,-0.1,93.2,-42.0,4.406,5195.8,999.0,0,1.0,0.0,1.0,3,4,0.0,8,11,2,1
7507,58.0,2,999,0,1.4,94.465,-41.8,4.959,5228.1,999.0,0,0.0,0.0,1.0,2,2,0.0,8,6,1,1
7508,49.0,1,999,0,-1.8,93.075,-47.1,1.365,5099.1,999.0,0,0.0,1.0,0.0,2,8,0.0,3,4,1,1
7509,61.0,1,15,1,-2.9,92.201,-31.4,0.849,5076.2,0.5,1,1.0,0.0,0.0,2,2,0.0,8,8,1,3
7510,33.0,2,999,0,1.4,93.918,-42.7,4.962,5228.1,999.0,0,0.0,0.0,1.0,1,4,0.0,4,7,1,1
7511,79.0,1,999,1,-1.8,93.876,-40.0,0.697,5008.7,999.0,1,1.0,1.0,0.0,2,4,0.0,8,5,2,2
7512,39.0,4,999,0,1.4,94.465,-41.8,4.865,5228.1,999.0,0,1.0,0.0,1.0,2,7,0.0,10,6,2,1
7513,48.0,2,999,0,1.4,93.918,-42.7,4.962,5228.1,999.0,0,1.0,0.0,0.0,2,8,0.0,3,7,2,1
7514,47.0,1,999,0,1.4,93.918,-42.7,4.955,5228.1,999.0,0,0.0,0.0,1.0,3,4,0.0,4,7,1,1
7515,40.0,1,999,0,-1.8,93.075,-47.1,1.405,5099.1,999.0,0,1.0,1.0,0.0,2,6,0.0,5,4,2,1
7516,33.0,1,999,0,1.4,93.918,-42.7,4.963,5228.1,999.0,0,0.0,0.0,0.0,2,8,0.0,1,7,1,1
7517,50.0,1,999,0,1.4,94.465,-41.8,4.958,5228.1,999.0,0,1.0,0.0,1.0,2,8,0.0,7,6,1,1
7518,34.0,1,999,0,1.4,93.918,-42.7,4.961,5228.1,999.0,0,0.0,0.0,0.0,2,8,0.0,6,7,1,1
7519,48.0,3,999,0,1.4,93.444,-36.1,4.967,5228.1,999.0,0,0.0,0.0,0.0,2,5,0.0,6,8,1,1
7520,57.0,2,999,0,1.1,93.994,-36.4,4.864,5191.0,999.0,0,1.0,0.0,1.0,3,5,0.0,9,5,1,1
7521,41.0,3,999,1,-1.8,93.876,-40.0,0.684,5008.7,999.0,0,1.0,0.0,1.0,2,8,0.0,6,5,1,2
7522,32.0,1,999,0,1.1,93.994,-36.4,4.857,5191.0,999.0,0,0.0,0.0,1.0,2,6,0.0,4,5,2,1
7523,26.0,1,999,0,-2.9,92.963,-40.8,1.26,5076.2,999.0,0,1.0,0.0,0.0,1,8,0.0,5,6,1,1
7524,31.0,3,999,0,1.4,93.444,-36.1,4.963,5228.1,999.0,0,0.0,0.0,0.0,2,7,0.0,3,8,2,1
7525,31.0,1,999,0,1.4,93.444,-36.1,4.963,5228.1,999.0,0,0.0,0.0,0.0,1,6,0.0,5,8,1,1
7526,32.0,2,999,0,-1.8,92.893,-46.2,1.244,5099.1,999.0,0,1.0,0.0,0.0,2,6,0.0,4,5,2,1
7527,36.0,1,999,0,1.4,93.918,-42.7,4.961,5228.1,999.0,0,0.0,0.0,0.0,1,8,0.0,6,7,1,1
7528,35.0,2,999,0,1.4,93.444,-36.1,4.964,5228.1,999.0,0,1.0,0.0,0.0,2,7,0.0,1,8,1,1
7529,31.0,3,999,0,1.4,94.465,-41.8,4.865,5228.1,999.0,0,0.0,0.0,1.0,2,7,0.0,6,6,2,1
7530,27.0,5,999,0,1.4,94.465,-41.8,4.959,5228.1,999.0,0,0.0,0.0,1.0,1,7,0.0,7,6,1,1
7531,35.0,1,999,1,-1.8,92.893,-46.2,1.25,5099.1,999.0,2,1.0,0.0,0.0,2,3,0.0,4,5,1,2
7532,31.0,2,999,0,-0.1,93.2,-42.0,4.076,5195.8,999.0,0,0.0,1.0,0.0,2,7,0.0,5,11,1,1
7533,31.0,2,999,0,1.1,93.994,-36.4,4.856,5191.0,999.0,0,0.0,0.0,1.0,2,8,0.0,9,5,1,1
7534,31.0,2,999,0,1.1,93.994,-36.4,4.855,5191.0,999.0,0,1.0,0.0,1.0,1,4,0.0,4,5,1,1
7535,35.0,3,999,0,1.1,93.994,-36.4,4.857,5191.0,999.0,0,1.0,1.0,1.0,2,7,0.0,6,5,2,1
7536,42.0,2,999,0,1.4,94.465,-41.8,4.961,5228.1,999.0,0,0.0,0.0,1.0,3,5,0.0,9,6,1,1
7537,38.0,1,999,0,1.1,93.994,-36.4,4.86,5191.0,999.0,0,1.0,0.0,1.0,2,8,0.0,12,5,1,1
7538,48.0,1,999,0,1.4,93.444,-36.1,4.963,5228.1,999.0,0,1.0,0.0,0.0,2,8,0.0,9,8,1,1
7539,31.0,3,999,0,1.4,94.465,-41.8,4.962,5228.1,999.0,0,0.0,0.0,1.0,2,8,0.0,6,6,1,1
7540,52.0,7,999,0,-1.8,93.075,-47.1,1.372,5099.1,999.0,0,1.0,0.0,0.0,3,6,0.0,3,4,1,1
7541,30.0,1,999,1,-1.8,92.893,-46.2,1.299,5099.1,999.0,2,1.0,0.0,0.0,2,8,0.0,4,5,2,2
7542,20.0,1,999,0,-3.4,92.431,-26.9,0.739,5017.5,999.0,0,0.0,1.0,0.0,1,5,0.0,11,10,2,1
7543,41.0,1,999,0,1.1,93.994,-36.4,4.857,5191.0,999.0,0,0.0,0.0,1.0,2,5,0.0,3,5,1,1
7544,31.0,1,3,2,-3.4,92.649,-30.1,0.715,5017.5,0.1,4,1.0,0.0,0.0,3,7,0.0,6,11,1,3
7545,35.0,2,999,0,1.1,93.994,-36.4,4.857,5191.0,999.0,0,0.0,1.0,1.0,1,6,0.0,4,5,1,1
7546,31.0,5,999,0,-3.4,92.379,-29.8,0.819,5017.5,999.0,0,0.0,0.0,1.0,2,8,0.0,6,9,1,1
7547,31.0,1,999,0,1.4,93.444,-36.1,4.966,5228.1,999.0,0,1.0,0.0,0.0,2,3,0.0,2,8,1,1
7548,31.0,1,999,0,1.1,93.994,-36.4,4.859,5191.0,999.0,0,0.0,0.0,1.0,1,8,0.0,6,5,1,1
7549,31.0,1,999,1,-1.8,92.893,-46.2,1.291,5099.1,999.0,3,0.0,0.0,0.0,1,7,0.0,6,5,1,2
7550,31.0,2,999,0,1.1,93.994,-36.4,4.857,5191.0,999.0,0,1.0,0.0,1.0,2,2,0.0,2,5,2,1
7551,37.0,1,999,0,1.1,93.994,-36.4,4.857,5191.0,999.0,0,0.0,0.0,1.0,2,5,0.0,6,5,2,1
7552,34.0,16,999,0,1.4,94.465,-41.8,4.866,5228.1,999.0,0,0.0,0.0,1.0,1,7,0.0,6,6,1,1
7553,50.0,1,999,0,1.4,93.444,-36.1,4.965,5228.1,999.0,0,0.0,0.0,0.0,2,5,0.0,6,8,1,1
7554,42.0,3,999,0,1.1,93.994,-36.4,4.86,5191.0,999.0,0,0.0,0.0,1.0,1,8,0.0,6,5,1,1
7555,37.0,1,999,0,1.4,94.465,-41.8,4.961,5228.1,999.0,0,1.0,0.0,1.0,2,8,0.0,4,6,1,1
7556,29.0,5,999,0,-1.8,92.893,-46.2,1.266,5099.1,999.0,0,1.0,0.0,0.0,1,5,0.0,5,5,1,1
7557,43.0,1,999,0,1.4,93.918,-42.7,4.962,5228.1,999.0,0,1.0,0.0,0.0,1,8,0.0,6,7,1,1
7558,31.0,2,999,0,1.4,94.465,-41.8,4.864,5228.1,999.0,0,1.0,0.0,1.0,2,8,0.0,4,6,1,1
7559,32.0,12,999,0,1.4,93.444,-36.1,4.966,5228.1,999.0,0,0.0,0.0,0.0,1,7,0.0,5,8,1,1
7560,31.0,2,999,0,1.1,93.994,-36.4,4.856,5191.0,999.0,0,0.0,1.0,1.0,2,2,0.0,4,5,1,1
7561,31.0,1,999,0,-1.1,94.601,-49.5,0.987,4963.6,999.0,0,1.0,0.0,0.0,2,6,0.0,5,10,1,1
7562,31.0,1,999,0,-1.8,92.893,-46.2,1.266,5099.1,999.0,0,1.0,0.0,0.0,1,7,0.0,6,5,1,1
7563,37.0,1,999,0,1.1,93.994,-36.4,4.86,5191.0,999.0,0,0.0,1.0,1.0,2,6,0.0,5,5,1,1
7564,31.0,1,999,0,1.4,93.918,-42.7,4.958,5228.1,999.0,0,1.0,0.0,0.0,1,7,0.0,6,7,1,1
7565,25.0,1,999,0,1.4,94.465,-41.8,4.961,5228.1,999.0,0,1.0,0.0,1.0,1,6,0.0,5,6,2,1
7566,31.0,1,999,0,1.4,93.918,-42.7,4.962,5228.1,999.0,0,1.0,0.0,0.0,1,8,0.0,4,7,1,1
7567,39.0,2,999,0,-1.8,92.893,-46.2,1.334,5099.1,999.0,0,0.0,0.0,0.0,1,8,0.0,6,5,1,1
7568,32.0,7,999,0,1.4,93.444,-36.1,4.962,5228.1,999.0,0,1.0,0.0,0.0,2,6,0.0,5,8,1,1
7569,35.0,2,999,0,1.1,93.994,-36.4,4.857,5191.0,999.0,0,0.0,1.0,1.0,3,5,0.0,9,5,1,1
7570,31.0,1,999,0,1.4,93.444,-36.1,4.965,5228.1,999.0,0,1.0,1.0,0.0,2,6,0.0,5,8,2,1
7571,33.0,2,999,0,1.4,93.918,-42.7,4.957,5228.1,999.0,0,0.0,0.0,0.0,2,5,0.0,6,7,1,1
7572,27.0,2,999,0,-2.9,92.963,-40.8,1.266,5076.2,999.0,0,1.0,0.0,0.0,2,8,0.0,6,6,2,1
7573,21.0,2,999,0,1.4,93.918,-42.7,4.963,5228.1,999.0,0,1.0,0.0,0.0,2,8,0.0,4,7,1,1
7574,55.0,1,999,0,1.4,93.918,-42.7,4.962,5228.1,999.0,0,0.0,0.0,0.0,2,2,0.0,6,7,1,1
7575,28.0,3,999,0,1.1,93.994,-36.4,4.857,5191.0,999.0,0,0.0,0.0,1.0,1,5,0.0,9,5,1,1
7576,26.0,3,6,2,-1.7,94.027,-38.3,0.904,4991.6,0.2,8,1.0,0.0,0.0,1,8,0.0,10,8,1,3
7577,31.0,1,999,0,1.4,93.918,-42.7,4.962,5228.1,999.0,0,1.0,0.0,0.0,2,8,0.0,3,7,1,1
7578,55.0,2,999,0,-1.8,92.893,-46.2,1.291,5099.1,999.0,0,1.0,0.0,1.0,2,2,0.0,4,5,1,1
7579,36.0,6,999,0,1.4,93.918,-42.7,4.968,5228.1,999.0,0,1.0,0.0,0.0,1,7,0.0,6,7,1,1
7580,40.0,2,999,0,1.4,93.918,-42.7,4.961,5228.1,999.0,0,0.0,0.0,0.0,2,7,0.0,3,7,1,1
7581,45.0,1,999,0,-1.8,93.075,-47.1,1.405,5099.1,999.0,0,0.0,0.0,1.0,1,8,0.0,9,4,1,1
7582,32.0,1,999,0,1.1,93.994,-36.4,4.857,5191.0,999.0,0,1.0,0.0,1.0,1,5,0.0,5,5,1,1
7583,31.0,3,999,0,-1.1,94.199,-37.5,0.886,4963.6,999.0,0,0.0,1.0,0.0,2,7,0.0,6,9,1,1
7584,50.0,3,999,0,1.4,93.444,-36.1,4.965,5228.1,999.0,0,1.0,0.0,0.0,2,6,0.0,5,8,2,1
7585,36.0,1,999,0,-1.8,92.893,-46.2,1.25,5099.1,999.0,0,0.0,0.0,0.0,2,8,0.0,3,5,1,1
7586,44.0,2,999,1,-0.1,93.2,-42.0,4.021,5195.8,999.0,5,1.0,1.0,0.0,2,3,0.0,4,11,1,2
7587,31.0,1,999,1,-1.8,92.893,-46.2,1.281,5099.1,999.0,2,0.0,0.0,1.0,1,4,0.0,6,5,1,2
7588,41.0,3,999,0,1.1,93.994,-36.4,4.858,5191.0,999.0,0,1.0,1.0,1.0,2,4,0.0,4,5,1,1
7589,37.0,5,999,0,-1.8,92.893,-46.2,1.299,5099.1,999.0,0,1.0,0.0,1.0,1,8,0.0,6,5,2,1
7590,29.0,11,999,0,-1.8,92.893,-46.2,1.266,5099.1,999.0,0,1.0,0.0,0.0,1,5,0.0,6,5,1,1
7591,31.0,4,999,3,-1.8,93.369,-34.8,0.65,5008.7,999.0,3,1.0,0.0,0.0,2,8,0.0,1,3,1,2
7592,38.0,1,999,0,1.1,93.994,-36.4,4.856,5191.0,999.0,0,0.0,0.0,1.0,2,4,0.0,4,5,1,1
7593,40.0,2,999,0,1.4,94.465,-41.8,4.959,5228.1,999.0,0,0.0,1.0,1.0,2,8,0.0,3,6,1,1
7594,28.0,3,999,0,1.4,93.918,-42.7,4.963,5228.1,999.0,0,1.0,1.0,0.0,2,7,0.0,1,7,1,1
7595,28.0,2,999,0,1.4,93.918,-42.7,4.962,5228.1,999.0,0,1.0,0.0,0.0,1,6,0.0,5,7,1,1
7596,31.0,1,999,0,1.4,94.465,-41.8,4.961,5228.1,999.0,0,0.0,0.0,1.0,2,8,0.0,6,6,1,1
7597,30.0,1,999,0,-1.8,93.075,-47.1,1.435,5099.1,999.0,0,0.0,0.0,0.0,1,7,0.0,1,4,1,1
7598,31.0,1,999,0,1.4,93.918,-42.7,4.963,5228.1,999.0,0,1.0,1.0,0.0,1,8,0.0,5,7,1,1
7599,71.0,2,999,0,-1.1,94.601,-49.5,0.977,4963.6,999.0,0,1.0,0.0,0.0,2,6,0.0,8,10,2,1
7600,33.0,2,999,0,1.4,93.918,-42.7,4.962,5228.1,999.0,0,0.0,0.0,0.0,1,8,0.0,6,7,2,1
7601,33.0,6,999,0,-1.8,92.893,-46.2,1.291,5099.1,999.0,0,0.0,0.0,0.0,2,3,0.0,9,5,1,1
7602,33.0,3,999,1,-1.8,92.893,-46.2,1.327,5099.1,999.0,2,1.0,0.0,1.0,2,7,0.0,5,5,1,2
7603,31.0,2,999,0,-0.1,93.2,-42.0,4.076,5195.8,999.0,0,0.0,0.0,1.0,2,7,0.0,7,11,1,1
7604,31.0,1,3,2,-3.4,92.649,-30.1,0.714,5017.5,0.1,8,0.0,0.0,0.0,1,7,0.0,6,11,1,3
7605,38.0,3,999,0,1.1,93.994,-36.4,4.855,5191.0,999.0,0,1.0,1.0,1.0,2,8,0.0,4,5,1,1
7606,30.0,3,999,0,1.1,93.994,-36.4,4.86,5191.0,999.0,0,1.0,0.0,1.0,1,7,0.0,6,5,1,1
7607,31.0,1,999,0,1.1,93.994,-36.4,4.857,5191.0,999.0,0,0.0,1.0,1.0,1,8,0.0,4,5,2,1
7608,31.0,1,999,0,1.4,94.465,-41.8,4.958,5228.1,999.0,0,0.0,0.0,1.0,2,8,0.0,4,6,1,1
7609,42.0,1,999,0,-0.1,93.798,-40.4,4.76,5195.8,999.0,0,0.0,0.0,1.0,2,7,0.0,3,10,1,1
7610,47.0,2,999,0,1.4,93.918,-42.7,4.962,5228.1,999.0,0,1.0,0.0,0.0,3,5,0.0,5,7,1,1
7611,44.0,1,999,0,-1.8,92.893,-46.2,1.266,5099.1,999.0,0,0.0,1.0,0.0,2,8,0.0,9,5,1,1
7612,31.0,4,6,2,-1.1,94.199,-37.5,0.88,4963.6,0.2,4,0.0,0.0,0.0,2,5,0.0,10,9,1,3
7613,31.0,1,13,1,-1.8,93.749,-34.6,0.659,5008.7,0.433333333333,0,1.0,1.0,0.0,1,5,0.0,6,4,1,3
7614,39.0,2,999,0,1.4,93.444,-36.1,4.968,5228.1,999.0,0,1.0,0.0,0.0,2,8,0.0,6,8,1,1
7615,50.0,1,999,0,-0.1,93.2,-42.0,4.153,5195.8,999.0,0,0.0,0.0,1.0,2,8,0.0,1,11,1,1
7616,31.0,3,999,0,-1.8,93.876,-40.0,0.684,5008.7,999.0,0,1.0,1.0,0.0,2,8,0.0,8,5,1,1
7617,51.0,1,999,0,1.4,93.918,-42.7,4.962,5228.1,999.0,0,0.0,0.0,0.0,2,2,0.0,4,7,1,1
7618,31.0,2,999,0,1.1,93.994,-36.4,4.858,5191.0,999.0,0,0.0,0.0,1.0,1,5,0.0,6,5,1,1
7619,29.0,2,999,0,1.4,93.444,-36.1,4.966,5228.1,999.0,0,0.0,0.0,0.0,1,7,0.0,6,8,1,1
7620,42.0,1,999,0,1.1,93.994,-36.4,4.856,5191.0,999.0,0,0.0,0.0,1.0,1,8,0.0,5,5,1,1
7621,31.0,1,999,0,-2.9,92.963,-40.8,1.268,5076.2,999.0,0,0.0,0.0,0.0,1,7,0.0,6,6,1,1
7622,49.0,8,999,0,1.4,93.444,-36.1,4.966,5228.1,999.0,0,1.0,1.0,1.0,3,8,0.0,8,8,1,1
7623,31.0,1,999,0,1.4,93.444,-36.1,4.968,5228.1,999.0,0,1.0,0.0,0.0,2,8,0.0,4,8,1,1
7624,41.0,1,999,0,-0.1,93.2,-42.0,4.592,5195.8,999.0,0,1.0,0.0,1.0,1,8,0.0,6,11,1,1
7625,31.0,1,999,0,1.4,93.918,-42.7,4.962,5228.1,999.0,0,1.0,0.0,0.0,2,6,0.0,5,7,1,1
7626,31.0,5,999,1,-1.8,93.075,-47.1,1.405,5099.1,999.0,2,0.0,0.0,0.0,1,8,0.0,6,4,1,2
7627,21.0,2,999,0,-1.8,92.843,-50.0,1.52,5099.1,999.0,0,0.0,0.0,0.0,1,2,0.0,11,3,2,1
7628,28.0,1,999,0,-1.8,92.893,-46.2,1.354,5099.1,999.0,0,1.0,0.0,0.0,1,7,0.0,1,5,2,1
7629,80.0,2,3,1,-3.4,92.649,-30.1,0.714,5017.5,0.1,2,1.0,1.0,0.0,3,8,0.0,8,11,1,3
7630,37.0,6,999,0,1.1,93.994,-36.4,4.859,5191.0,999.0,0,1.0,0.0,1.0,3,5,0.0,5,5,1,1
7631,35.0,3,999,0,1.1,93.994,-36.4,4.856,5191.0,999.0,0,1.0,0.0,1.0,1,8,0.0,4,5,1,1
7632,31.0,1,999,1,-1.8,92.893,-46.2,1.244,5099.1,999.0,2,1.0,1.0,0.0,3,5,0.0,6,5,2,2
7633,55.0,2,999,1,-1.7,94.215,-40.3,0.79,4991.6,999.0,2,1.0,1.0,0.0,2,8,0.0,6,7,1,2
7634,40.0,1,999,0,1.4,93.444,-36.1,4.963,5228.1,999.0,0,1.0,0.0,0.0,1,7,0.0,5,8,1,1
7635,45.0,1,999,0,1.1,93.994,-36.4,4.856,5191.0,999.0,0,0.0,0.0,1.0,2,8,0.0,6,5,1,1
7636,37.0,3,999,0,1.1,93.994,-36.4,4.859,5191.0,999.0,0,0.0,0.0,1.0,2,5,0.0,9,5,1,1
7637,45.0,10,999,0,1.4,93.444,-36.1,4.963,5228.1,999.0,0,1.0,0.0,0.0,3,6,0.0,5,8,1,1
7638,52.0,2,999,0,1.1,93.994,-36.4,4.857,5191.0,999.0,0,0.0,0.0,1.0,2,5,0.0,6,5,1,1
7639,36.0,2,999,0,1.4,94.465,-41.8,4.962,5228.1,999.0,0,0.0,0.0,1.0,2,8,0.0,4,6,1,1
7640,31.0,6,999,0,1.1,93.994,-36.4,4.856,5191.0,999.0,0,0.0,0.0,1.0,1,4,0.0,7,5,1,1
7641,54.0,1,999,0,1.4,93.444,-36.1,4.965,5228.1,999.0,0,1.0,1.0,0.0,2,2,0.0,4,8,1,1
7642,30.0,2,999,1,-1.8,92.893,-46.2,1.266,5099.1,999.0,1,0.0,0.0,0.0,2,3,0.0,4,5,1,2
7643,37.0,1,999,0,1.4,93.444,-36.1,4.962,5228.1,999.0,0,1.0,1.0,0.0,1,7,0.0,5,8,1,1
7644,39.0,2,999,0,1.1,93.994,-36.4,4.859,5191.0,999.0,0,1.0,1.0,1.0,2,5,0.0,9,5,1,1
7645,37.0,1,999,0,1.4,94.465,-41.8,4.96,5228.1,999.0,0,0.0,0.0,1.0,3,7,0.0,6,6,2,1
7646,31.0,1,999,0,1.4,93.918,-42.7,4.961,5228.1,999.0,0,0.0,0.0,0.0,1,8,0.0,6,7,1,1
7647,31.0,2,999,0,1.1,93.994,-36.4,4.857,5191.0,999.0,0,1.0,0.0,1.0,3,2,0.0,4,5,2,1
7648,51.0,1,999,0,-1.8,93.075,-47.1,1.365,5099.1,999.0,0,1.0,1.0,0.0,2,8,0.0,5,4,1,1
7649,32.0,1,999,0,1.1,93.994,-36.4,4.858,5191.0,999.0,0,0.0,0.0,1.0,2,6,0.0,5,5,1,1
7650,31.0,2,999,0,1.4,93.918,-42.7,4.962,5228.1,999.0,0,0.0,0.0,1.0,2,4,0.0,4,7,1,1
7651,28.0,2,999,0,1.1,93.994,-36.4,4.859,5191.0,999.0,0,0.0,0.0,1.0,2,8,0.0,9,5,1,1
7652,31.0,1,999,0,1.4,93.918,-42.7,4.958,5228.1,999.0,0,1.0,0.0,0.0,1,6,0.0,5,7,1,1
7653,42.0,4,999,0,-1.8,92.893,-46.2,1.244,5099.1,999.0,0,1.0,0.0,0.0,1,7,0.0,5,5,2,1
7654,33.0,2,999,1,-1.8,92.893,-46.2,1.334,5099.1,999.0,0,1.0,1.0,0.0,2,5,0.0,9,5,1,2
7655,34.0,1,999,0,-1.8,92.893,-46.2,1.299,5099.1,999.0,0,1.0,0.0,0.0,1,8,0.0,4,5,2,1
7656,48.0,4,999,0,-1.8,92.893,-46.2,1.344,5099.1,999.0,0,0.0,0.0,0.0,2,2,0.0,9,5,1,1
7657,31.0,3,999,0,1.1,93.994,-36.4,4.855,5191.0,999.0,0,1.0,0.0,1.0,1,7,0.0,2,5,1,1
7658,47.0,1,999,0,1.4,93.918,-42.7,4.962,5228.1,999.0,0,1.0,0.0,1.0,3,5,0.0,5,7,1,1
7659,31.0,1,999,0,1.4,94.465,-41.8,4.961,5228.1,999.0,0,0.0,1.0,1.0,1,6,0.0,5,6,1,1
7660,59.0,3,999,0,1.1,93.994,-36.4,4.856,5191.0,999.0,0,0.0,0.0,1.0,2,7,0.0,5,5,1,1
7661,33.0,1,999,0,1.4,93.918,-42.7,4.963,5228.1,999.0,0,0.0,0.0,0.0,2,7,0.0,6,7,1,1
7662,24.0,3,3,2,-1.1,94.601,-49.5,0.993,4963.6,0.1,4,1.0,0.0,0.0,1,8,0.0,6,10,1,3
7663,62.0,2,999,0,-2.9,92.201,-31.4,0.873,5076.2,999.0,0,1.0,1.0,0.0,2,7,0.0,8,8,1,1
7664,31.0,2,999,0,1.4,93.918,-42.7,4.961,5228.1,999.0,0,0.0,0.0,0.0,2,3,0.0,12,7,1,1
7665,31.0,1,999,0,1.4,93.918,-42.7,4.957,5228.1,999.0,0,0.0,0.0,0.0,2,4,0.0,4,7,1,1
7666,32.0,4,999,0,1.4,93.918,-42.7,4.968,5228.1,999.0,0,1.0,1.0,0.0,3,8,0.0,6,7,1,1
7667,30.0,2,999,0,1.1,93.994,-36.4,4.857,5191.0,999.0,0,0.0,0.0,1.0,2,8,0.0,6,5,2,1
7668,31.0,2,999,0,1.4,93.918,-42.7,4.962,5228.1,999.0,0,0.0,0.0,0.0,1,8,0.0,6,7,1,1
7669,41.0,3,999,0,-0.1,93.2,-42.0,4.076,5195.8,999.0,0,1.0,0.0,0.0,1,8,0.0,9,11,1,1
7670,68.0,1,999,0,-1.8,92.843,-50.0,1.602,5099.1,999.0,0,0.0,0.0,0.0,2,7,0.0,8,3,1,1
7671,31.0,2,999,0,-1.8,92.893,-46.2,1.27,5099.1,999.0,0,0.0,0.0,0.0,1,8,0.0,11,5,1,1
7672,42.0,3,999,0,1.4,93.918,-42.7,4.962,5228.1,999.0,0,0.0,0.0,0.0,2,8,0.0,10,7,1,1
7673,23.0,1,3,1,-1.1,94.601,-49.5,1.029,4963.6,0.1,1,0.0,1.0,0.0,1,5,0.0,11,10,1,3
7674,57.0,3,999,0,1.1,93.994,-36.4,4.857,5191.0,999.0,0,1.0,0.0,1.0,3,2,0.0,2,5,1,1
7675,31.0,2,999,2,-1.8,92.893,-46.2,1.327,5099.1,999.0,6,0.0,0.0,0.0,2,5,0.0,9,5,1,2
7676,23.0,4,999,0,-1.8,93.075,-47.1,1.415,5099.1,999.0,0,1.0,0.0,0.0,1,2,0.0,11,4,1,1
7677,33.0,1,999,1,-1.8,92.893,-46.2,1.266,5099.1,999.0,2,0.0,0.0,0.0,1,4,0.0,4,5,1,2
7678,31.0,3,999,0,1.1,93.994,-36.4,4.855,5191.0,999.0,0,1.0,0.0,1.0,2,7,0.0,5,5,1,1
7679,31.0,16,999,0,1.1,93.994,-36.4,4.864,5191.0,999.0,0,0.0,0.0,1.0,1,7,0.0,3,5,1,1
7680,48.0,2,999,0,1.4,94.465,-41.8,4.864,5228.1,999.0,0,1.0,0.0,1.0,2,4,0.0,4,6,1,1
7681,31.0,5,999,0,1.4,93.918,-42.7,4.962,5228.1,999.0,0,0.0,1.0,0.0,2,2,0.0,8,7,1,1
7682,51.0,2,999,0,-0.1,93.2,-42.0,4.191,5195.8,999.0,0,0.0,0.0,0.0,2,2,0.0,3,11,2,1
7683,25.0,1,999,0,-1.8,92.893,-46.2,1.266,5099.1,999.0,0,1.0,0.0,0.0,1,5,0.0,11,5,1,1
7684,46.0,3,999,0,1.4,93.444,-36.1,4.963,5228.1,999.0,0,1.0,0.0,0.0,2,3,0.0,4,8,1,1
7685,35.0,1,999,0,1.4,93.918,-42.7,4.962,5228.1,999.0,0,0.0,0.0,0.0,1,5,0.0,9,7,1,1
7686,35.0,2,999,0,-0.1,93.2,-42.0,4.12,5195.8,999.0,0,1.0,0.0,0.0,2,7,0.0,6,11,1,1
7687,62.0,2,999,0,-3.0,92.713,-33.0,0.714,5023.5,999.0,0,1.0,0.0,0.0,2,6,0.0,2,12,1,1
7688,51.0,1,999,0,1.4,94.465,-41.8,4.864,5228.1,999.0,0,1.0,0.0,1.0,2,8,0.0,1,6,1,1
7689,31.0,1,999,0,-1.8,92.893,-46.2,1.327,5099.1,999.0,0,1.0,0.0,0.0,2,6,0.0,5,5,1,1
7690,81.0,2,7,1,-1.1,94.199,-37.5,0.886,4963.6,0.233333333333,1,0.0,0.0,0.0,3,2,0.0,8,9,1,3
7691,36.0,1,999,0,-1.8,92.893,-46.2,1.344,5099.1,999.0,0,1.0,0.0,0.0,2,4,0.0,4,5,1,1
7692,52.0,2,999,0,1.4,93.918,-42.7,4.957,5228.1,999.0,0,1.0,0.0,0.0,2,5,0.0,6,7,1,1
7693,31.0,4,999,1,-1.8,92.893,-46.2,1.244,5099.1,999.0,0,0.0,0.0,0.0,1,7,0.0,7,5,2,2
7694,29.0,1,999,0,-2.9,92.963,-40.8,1.266,5076.2,999.0,0,1.0,0.0,0.0,2,5,0.0,6,6,2,1
7695,31.0,1,999,0,-1.8,93.075,-47.1,1.453,5099.1,999.0,0,1.0,0.0,0.0,2,8,0.0,4,4,1,1
7696,59.0,1,999,0,-1.1,94.601,-49.5,0.942,4963.6,999.0,0,1.0,1.0,0.0,2,4,0.0,10,10,1,1
7697,37.0,6,999,0,1.4,94.465,-41.8,4.959,5228.1,999.0,0,0.0,0.0,1.0,2,8,0.0,5,6,1,1
7698,37.0,4,999,0,-0.1,93.2,-42.0,4.076,5195.8,999.0,0,1.0,0.0,0.0,3,8,0.0,3,11,1,1
7699,34.0,1,999,0,1.4,93.444,-36.1,4.965,5228.1,999.0,0,1.0,0.0,0.0,1,7,0.0,6,8,2,1
7700,30.0,1,999,0,-1.8,92.893,-46.2,1.244,5099.1,999.0,0,1.0,1.0,0.0,1,6,0.0,5,5,2,1
7701,38.0,1,999,0,1.1,93.994,-36.4,4.858,5191.0,999.0,0,0.0,0.0,1.0,2,8,0.0,3,5,2,1
7702,51.0,3,999,0,1.4,93.444,-36.1,4.968,5228.1,999.0,0,1.0,0.0,0.0,3,8,0.0,5,8,1,1
7703,26.0,3,14,1,-1.1,94.601,-49.5,1.029,4963.6,0.466666666667,0,1.0,0.0,0.0,1,8,0.0,10,10,1,3
7704,59.0,9,999,0,1.4,94.465,-41.8,4.864,5228.1,999.0,0,1.0,0.0,1.0,2,8,0.0,8,6,1,1
7705,45.0,2,999,0,-2.9,92.963,-40.8,1.215,5076.2,999.0,0,1.0,0.0,1.0,2,4,0.0,6,6,2,1
7706,40.0,2,999,0,1.4,93.918,-42.7,4.962,5228.1,999.0,0,0.0,0.0,0.0,2,6,0.0,4,7,2,1
7707,39.0,3,999,0,1.4,93.918,-42.7,4.962,5228.1,999.0,0,0.0,0.0,0.0,2,7,0.0,1,7,1,1
7708,27.0,1,999,0,-1.1,94.601,-49.5,0.977,4963.6,999.0,0,0.0,0.0,0.0,1,7,0.0,6,10,2,1
7709,57.0,1,999,0,-1.8,93.075,-47.1,1.423,5099.1,999.0,0,1.0,0.0,0.0,2,8,0.0,5,4,1,1
7710,31.0,1,999,0,1.4,93.444,-36.1,4.963,5228.1,999.0,0,0.0,0.0,0.0,2,8,0.0,5,8,1,1
7711,39.0,1,999,0,-0.1,93.2,-42.0,4.245,5195.8,999.0,0,0.0,0.0,1.0,1,5,0.0,6,11,1,1
7712,35.0,1,999,0,1.4,94.465,-41.8,4.959,5228.1,999.0,0,0.0,0.0,1.0,2,8,0.0,4,6,1,1
7713,55.0,1,999,0,1.4,93.918,-42.7,4.96,5228.1,999.0,0,0.0,0.0,0.0,2,8,0.0,6,7,2,1
7714,39.0,2,999,0,1.1,93.994,-36.4,4.857,5191.0,999.0,0,1.0,1.0,1.0,2,5,0.0,6,5,1,1
7715,34.0,2,999,1,-1.8,93.075,-47.1,1.445,5099.1,999.0,2,0.0,0.0,0.0,2,5,0.0,9,4,1,2
7716,56.0,1,999,1,-0.1,93.2,-42.0,4.021,5195.8,999.0,2,1.0,1.0,0.0,2,2,0.0,9,11,1,2
7717,23.0,2,999,0,-3.0,92.713,-33.0,0.708,5023.5,999.0,0,1.0,0.0,0.0,1,4,0.0,11,12,1,1
7718,33.0,2,999,1,-1.8,92.893,-46.2,1.313,5099.1,999.0,0,1.0,0.0,1.0,2,8,0.0,6,5,1,2
7719,31.0,1,999,0,-3.4,92.431,-26.9,0.741,5017.5,999.0,0,1.0,0.0,1.0,3,8,0.0,3,10,1,1
7720,31.0,1,999,1,-1.8,92.893,-46.2,1.334,5099.1,999.0,2,0.0,0.0,0.0,2,8,0.0,4,5,1,2
7721,34.0,2,999,0,1.1,93.994,-36.4,4.857,5191.0,999.0,0,0.0,0.0,1.0,3,7,0.0,6,5,1,1
7722,33.0,5,999,0,1.1,93.994,-36.4,4.857,5191.0,999.0,0,0.0,0.0,1.0,2,8,0.0,6,5,1,1
7723,31.0,1,999,0,1.1,93.994,-36.4,4.856,5191.0,999.0,0,0.0,0.0,1.0,2,3,0.0,6,5,1,1
7724,31.0,3,999,0,-1.8,92.893,-46.2,1.354,5099.1,999.0,0,1.0,0.0,1.0,2,8,0.0,8,5,2,1
7725,50.0,1,999,0,1.1,93.994,-36.4,4.859,5191.0,999.0,0,1.0,0.0,1.0,2,2,0.0,4,5,1,1
7726,29.0,4,999,0,1.4,94.465,-41.8,4.865,5228.1,999.0,0,0.0,0.0,1.0,1,8,0.0,5,6,2,1
7727,33.0,2,999,0,-1.8,92.893,-46.2,1.291,5099.1,999.0,0,1.0,0.0,0.0,3,8,0.0,5,5,1,1
7728,50.0,1,999,0,1.4,94.465,-41.8,4.864,5228.1,999.0,0,1.0,0.0,1.0,2,5,0.0,9,6,1,1
7729,31.0,3,999,0,1.4,93.444,-36.1,4.965,5228.1,999.0,0,0.0,0.0,0.0,2,8,0.0,1,8,2,1
7730,31.0,1,999,0,1.4,93.444,-36.1,4.963,5228.1,999.0,0,0.0,0.0,0.0,3,7,0.0,6,8,1,1
7731,31.0,1,999,0,1.1,93.994,-36.4,4.858,5191.0,999.0,0,0.0,0.0,1.0,2,6,0.0,4,5,2,1
7732,59.0,1,999,0,1.4,93.918,-42.7,4.968,5228.1,999.0,0,1.0,0.0,0.0,2,5,0.0,9,7,1,1
7733,38.0,2,999,0,1.1,93.994,-36.4,4.858,5191.0,999.0,0,1.0,0.0,1.0,1,4,0.0,9,5,1,1
7734,66.0,1,999,0,-1.8,92.893,-46.2,1.259,5099.1,999.0,0,1.0,0.0,0.0,2,5,0.0,2,5,1,1
7735,30.0,1,999,0,-0.1,93.2,-42.0,4.076,5195.8,999.0,0,1.0,0.0,0.0,2,7,0.0,6,11,1,1
7736,31.0,2,999,0,1.4,94.465,-41.8,4.866,5228.1,999.0,0,1.0,0.0,1.0,3,4,0.0,4,6,1,1
7737,55.0,1,999,0,1.4,93.444,-36.1,4.965,5228.1,999.0,0,0.0,0.0,0.0,3,8,0.0,5,8,1,1
7738,18.0,1,999,0,-0.1,93.2,-42.0,4.245,5195.8,999.0,0,0.0,0.0,1.0,1,5,0.0,11,11,1,1
7739,31.0,1,999,0,1.1,93.994,-36.4,4.855,5191.0,999.0,0,1.0,0.0,1.0,2,2,0.0,2,5,1,1
7740,54.0,1,999,0,-1.8,92.893,-46.2,1.27,5099.1,999.0,0,0.0,0.0,1.0,2,4,0.0,10,5,1,1
7741,39.0,1,999,0,1.4,94.465,-41.8,4.864,5228.1,999.0,0,1.0,1.0,1.0,2,8,0.0,6,6,1,1
7742,35.0,2,999,0,1.1,93.994,-36.4,4.856,5191.0,999.0,0,1.0,0.0,1.0,2,5,0.0,6,5,1,1
7743,35.0,4,999,0,1.4,93.918,-42.7,4.961,5228.1,999.0,0,0.0,0.0,0.0,3,8,0.0,6,7,1,1
7744,31.0,2,999,0,-2.9,92.963,-40.8,1.268,5076.2,999.0,0,1.0,0.0,0.0,1,8,0.0,5,6,1,1
7745,35.0,1,999,0,-1.8,93.075,-47.1,1.423,5099.1,999.0,0,1.0,0.0,0.0,2,4,0.0,4,4,1,1
7746,31.0,2,999,0,-1.8,92.893,-46.2,1.264,5099.1,999.0,0,1.0,0.0,0.0,2,8,0.0,1,5,2,1
7747,31.0,2,999,0,-1.8,93.075,-47.1,1.405,5099.1,999.0,0,0.0,0.0,0.0,1,5,0.0,6,4,1,1
7748,49.0,2,999,0,-1.8,92.893,-46.2,1.327,5099.1,999.0,0,0.0,0.0,0.0,2,4,0.0,4,5,1,1
7749,31.0,1,999,0,1.4,93.918,-42.7,4.962,5228.1,999.0,0,0.0,0.0,0.0,2,4,0.0,9,7,1,1
7750,31.0,2,999,0,1.4,93.918,-42.7,4.963,5228.1,999.0,0,1.0,1.0,1.0,2,5,0.0,6,7,1,1
7751,39.0,2,999,0,1.4,93.444,-36.1,4.968,5228.1,999.0,0,0.0,0.0,0.0,2,8,0.0,6,8,1,1
7752,33.0,1,999,0,-2.9,92.963,-40.8,1.262,5076.2,999.0,0,1.0,1.0,0.0,1,8,0.0,3,6,1,1
7753,61.0,2,7,1,-1.7,94.027,-38.3,0.9,4991.6,0.233333333333,2,0.0,0.0,1.0,2,7,0.0,8,8,1,3
7754,46.0,2,999,0,1.4,93.444,-36.1,4.962,5228.1,999.0,0,1.0,1.0,0.0,2,8,0.0,6,8,1,1
7755,54.0,1,999,0,1.4,94.465,-41.8,4.958,5228.1,999.0,0,0.0,0.0,1.0,2,2,0.0,2,6,1,1
7756,28.0,1,999,0,-1.8,92.893,-46.2,1.291,5099.1,999.0,0,1.0,0.0,0.0,1,4,0.0,5,5,1,1
7757,33.0,4,999,0,1.4,94.465,-41.8,4.958,5228.1,999.0,0,0.0,0.0,1.0,2,8,0.0,5,6,1,1
7758,31.0,1,999,0,-1.1,94.199,-37.5,0.876,4963.6,999.0,0,0.0,0.0,0.0,2,7,0.0,5,9,1,1
7759,31.0,1,999,0,1.1,93.994,-36.4,4.856,5191.0,999.0,0,1.0,0.0,1.0,2,2,0.0,4,5,1,1
7760,22.0,3,999,0,1.4,93.918,-42.7,4.963,5228.1,999.0,0,0.0,0.0,1.0,1,5,0.0,10,7,1,1
7761,43.0,3,999,0,1.4,93.444,-36.1,4.962,5228.1,999.0,0,0.0,0.0,0.0,2,6,0.0,5,8,1,1
7762,35.0,2,999,0,1.4,93.918,-42.7,4.963,5228.1,999.0,0,0.0,0.0,0.0,1,8,0.0,11,7,1,1
7763,35.0,1,999,0,1.4,93.444,-36.1,4.965,5228.1,999.0,0,1.0,1.0,0.0,2,8,0.0,5,8,2,1
7764,31.0,1,999,0,1.1,93.994,-36.4,4.858,5191.0,999.0,0,0.0,0.0,1.0,2,7,0.0,5,5,1,1
7765,36.0,1,999,1,-1.8,92.893,-46.2,1.354,5099.1,999.0,1,1.0,0.0,0.0,2,7,0.0,3,5,2,2
7766,38.0,1,999,0,1.4,94.465,-41.8,4.958,5228.1,999.0,0,0.0,0.0,1.0,1,8,0.0,6,6,1,1
7767,28.0,2,999,0,-1.8,92.893,-46.2,1.334,5099.1,999.0,0,1.0,1.0,0.0,1,5,0.0,6,5,1,1
7768,52.0,2,999,0,1.4,93.918,-42.7,4.962,5228.1,999.0,0,1.0,0.0,0.0,3,7,0.0,6,7,1,1
7769,31.0,1,999,0,1.1,93.994,-36.4,4.855,5191.0,999.0,0,0.0,1.0,1.0,2,8,0.0,10,5,1,1
7770,24.0,1,999,0,1.4,93.918,-42.7,4.963,5228.1,999.0,0,0.0,0.0,0.0,1,8,0.0,11,7,1,1
7771,33.0,2,999,0,-1.8,93.075,-47.1,1.405,5099.1,999.0,0,0.0,1.0,0.0,2,2,0.0,4,4,1,1
7772,31.0,1,999,0,1.4,93.444,-36.1,4.966,5228.1,999.0,0,0.0,0.0,0.0,1,7,0.0,6,8,1,1
7773,57.0,9,999,0,1.4,93.444,-36.1,4.964,5228.1,999.0,0,0.0,0.0,0.0,2,5,0.0,8,8,1,1
7774,31.0,2,999,0,1.4,94.465,-41.8,4.96,5228.1,999.0,0,1.0,1.0,1.0,2,4,0.0,4,6,2,1
7775,34.0,3,999,0,1.4,94.465,-41.8,4.96,5228.1,999.0,0,1.0,0.0,1.0,2,5,0.0,9,6,2,1
7776,41.0,2,999,0,1.1,93.994,-36.4,4.857,5191.0,999.0,0,1.0,0.0,1.0,1,8,0.0,4,5,1,1
7777,38.0,2,999,0,1.1,93.994,-36.4,4.86,5191.0,999.0,0,0.0,0.0,1.0,2,2,0.0,4,5,1,1
7778,47.0,2,999,0,1.1,93.994,-36.4,4.856,5191.0,999.0,0,0.0,0.0,1.0,2,8,0.0,9,5,1,1
7779,50.0,1,999,0,1.4,93.918,-42.7,4.96,5228.1,999.0,0,1.0,0.0,0.0,3,5,0.0,2,7,2,1
7780,39.0,2,999,0,1.4,93.918,-42.7,4.958,5228.1,999.0,0,1.0,0.0,0.0,2,2,0.0,4,7,1,1
7781,31.0,1,999,1,-2.9,92.201,-31.4,0.884,5076.2,999.0,1,0.0,1.0,0.0,2,7,0.0,3,8,2,2
7782,31.0,3,999,0,1.4,93.918,-42.7,4.961,5228.1,999.0,0,1.0,0.0,0.0,1,6,0.0,5,7,1,1
7783,28.0,7,999,0,1.4,94.465,-41.8,4.864,5228.1,999.0,0,0.0,0.0,1.0,2,3,0.0,4,6,1,1
7784,34.0,1,999,0,1.4,93.918,-42.7,4.962,5228.1,999.0,0,0.0,0.0,0.0,2,8,0.0,3,7,1,1
7785,55.0,1,999,0,1.4,93.444,-36.1,4.963,5228.1,999.0,0,1.0,0.0,0.0,2,8,0.0,12,8,1,1
7786,47.0,2,999,0,1.1,93.994,-36.4,4.857,5191.0,999.0,0,0.0,0.0,1.0,2,2,0.0,3,5,1,1
7787,33.0,3,999,0,-1.8,92.893,-46.2,1.291,5099.1,999.0,0,1.0,0.0,0.0,2,5,0.0,9,5,1,1
7788,38.0,4,999,0,1.4,94.465,-41.8,4.961,5228.1,999.0,0,0.0,0.0,1.0,1,6,0.0,5,6,1,1
7789,31.0,1,999,0,1.4,93.918,-42.7,4.962,5228.1,999.0,0,0.0,0.0,0.0,2,7,0.0,6,7,2,1
7790,37.0,1,999,1,-1.8,93.075,-47.1,1.405,5099.1,999.0,1,1.0,0.0,0.0,2,5,0.0,6,4,1,2
7791,43.0,1,999,1,-1.8,93.075,-47.1,1.483,5099.1,999.0,0,1.0,0.0,0.0,3,5,0.0,9,4,1,2
7792,60.0,1,999,0,-3.0,92.713,-33.0,0.721,5023.5,999.0,0,1.0,0.0,0.0,2,8,0.0,6,12,1,1
7793,32.0,1,999,0,1.4,94.465,-41.8,4.959,5228.1,999.0,0,1.0,0.0,1.0,2,4,0.0,4,6,1,1
7794,21.0,3,999,1,-1.8,92.893,-46.2,1.266,5099.1,999.0,3,1.0,0.0,0.0,1,5,0.0,11,5,1,2
7795,31.0,4,999,0,1.4,93.444,-36.1,4.965,5228.1,999.0,0,1.0,1.0,0.0,2,7,0.0,5,8,2,1
7796,31.0,1,999,0,1.1,93.994,-36.4,4.857,5191.0,999.0,0,0.0,1.0,1.0,2,2,0.0,4,5,1,1
7797,31.0,3,999,0,1.1,93.994,-36.4,4.857,5191.0,999.0,0,1.0,0.0,1.0,1,4,0.0,4,5,1,1
7798,49.0,1,999,0,1.4,93.918,-42.7,4.962,5228.1,999.0,0,0.0,1.0,0.0,2,8,0.0,6,7,1,1
7799,31.0,1,999,0,-0.1,93.2,-42.0,4.076,5195.8,999.0,0,1.0,0.0,0.0,1,8,0.0,10,11,1,1
7800,30.0,4,999,0,1.4,93.918,-42.7,4.958,5228.1,999.0,0,0.0,0.0,0.0,2,8,0.0,4,7,1,1
7801,37.0,2,999,0,-0.1,93.2,-42.0,4.021,5195.8,999.0,0,0.0,1.0,0.0,1,7,0.0,10,11,1,1
7802,58.0,1,6,1,-1.8,93.749,-34.6,0.644,5008.7,0.2,1,1.0,0.0,0.0,2,8,0.0,10,4,1,3
7803,31.0,11,999,0,1.4,94.465,-41.8,4.961,5228.1,999.0,0,0.0,0.0,1.0,2,5,0.0,6,6,1,1
7804,36.0,1,999,1,-1.8,93.075,-47.1,1.405,5099.1,999.0,2,1.0,1.0,0.0,2,8,0.0,9,4,1,2
7805,30.0,1,999,0,-1.8,93.075,-47.1,1.435,5099.1,999.0,0,0.0,0.0,0.0,1,7,0.0,1,4,1,1
7806,31.0,3,999,0,-0.1,93.2,-42.0,4.153,5195.8,999.0,0,1.0,0.0,0.0,1,5,0.0,3,11,1,1
7807,60.0,1,999,0,-1.8,92.843,-50.0,1.602,5099.1,999.0,0,1.0,1.0,0.0,1,7,0.0,3,3,1,1
7808,20.0,1,999,1,-2.9,92.201,-31.4,0.859,5076.2,999.0,5,1.0,0.0,0.0,1,5,0.0,11,8,1,2
7809,31.0,1,999,0,1.1,93.994,-36.4,4.857,5191.0,999.0,0,1.0,0.0,1.0,2,8,0.0,9,5,1,1
7810,49.0,3,999,0,1.4,94.465,-41.8,4.962,5228.1,999.0,0,0.0,0.0,1.0,2,8,0.0,5,6,1,1
7811,29.0,2,999,0,1.4,93.444,-36.1,4.965,5228.1,999.0,0,0.0,1.0,0.0,1,7,0.0,6,8,2,1
7812,43.0,3,999,0,1.4,93.918,-42.7,4.956,5228.1,999.0,0,0.0,0.0,1.0,1,8,0.0,4,7,1,1
7813,57.0,1,999,0,-0.1,93.2,-42.0,4.191,5195.8,999.0,0,0.0,1.0,0.0,2,8,0.0,6,11,1,1
7814,46.0,11,999,0,1.4,93.444,-36.1,4.962,5228.1,999.0,0,1.0,0.0,0.0,2,8,0.0,6,8,1,1
7815,28.0,1,999,0,1.4,94.465,-41.8,4.864,5228.1,999.0,0,1.0,0.0,1.0,2,3,0.0,4,6,1,1
7816,31.0,1,0,2,-1.7,94.027,-38.3,0.9,4991.6,0.0,4,1.0,0.0,0.0,1,8,0.0,6,8,1,3
7817,32.0,1,999,0,1.1,93.994,-36.4,4.86,5191.0,999.0,0,1.0,0.0,1.0,2,7,0.0,3,5,1,1
7818,78.0,2,3,1,-3.4,92.649,-30.1,0.714,5017.5,0.1,4,1.0,0.0,0.0,3,2,0.0,8,11,1,3
7819,31.0,2,999,0,1.4,93.918,-42.7,4.96,5228.1,999.0,0,0.0,0.0,0.0,2,7,0.0,3,7,1,1
7820,29.0,1,6,1,-1.7,94.215,-40.3,0.84,4991.6,0.2,3,1.0,0.0,1.0,1,4,0.0,5,7,1,3
7821,39.0,1,999,0,-1.8,92.893,-46.2,1.334,5099.1,999.0,0,1.0,0.0,0.0,3,6,0.0,5,5,1,1
7822,37.0,3,999,0,1.4,93.444,-36.1,4.963,5228.1,999.0,0,0.0,1.0,0.0,2,8,0.0,6,8,1,1
7823,35.0,1,999,0,1.4,93.918,-42.7,4.963,5228.1,999.0,0,0.0,0.0,0.0,1,7,0.0,6,7,1,1
7824,50.0,1,999,0,1.4,93.918,-42.7,4.962,5228.1,999.0,0,1.0,0.0,0.0,2,8,0.0,6,7,1,1
7825,33.0,2,999,0,-0.1,93.2,-42.0,4.153,5195.8,999.0,0,1.0,0.0,0.0,2,5,0.0,6,11,1,1
7826,48.0,3,999,0,1.4,94.465,-41.8,4.959,5228.1,999.0,0,0.0,0.0,1.0,2,8,0.0,4,6,1,1
7827,40.0,2,999,0,1.4,93.918,-42.7,4.958,5228.1,999.0,0,0.0,1.0,1.0,3,8,0.0,2,7,1,1
7828,28.0,10,999,0,1.4,93.918,-42.7,4.962,5228.1,999.0,0,1.0,0.0,1.0,1,8,0.0,6,7,2,1
7829,31.0,17,999,0,1.4,94.465,-41.8,4.959,5228.1,999.0,0,0.0,0.0,1.0,1,7,0.0,5,6,1,1
7830,37.0,2,999,0,1.4,93.918,-42.7,4.963,5228.1,999.0,0,1.0,0.0,0.0,2,4,0.0,4,7,1,1
7831,43.0,1,999,0,-2.9,92.201,-31.4,0.873,5076.2,999.0,0,0.0,0.0,0.0,2,7,0.0,5,8,1,1
7832,31.0,2,999,0,-1.8,93.075,-47.1,1.365,5099.1,999.0,0,1.0,0.0,0.0,2,8,0.0,8,4,1,1
7833,31.0,2,999,0,1.1,93.994,-36.4,4.858,5191.0,999.0,0,0.0,0.0,1.0,2,5,0.0,6,5,1,1
7834,26.0,2,999,0,1.4,94.465,-41.8,4.864,5228.1,999.0,0,1.0,1.0,1.0,2,8,0.0,6,6,1,1
7835,42.0,1,999,0,1.1,93.994,-36.4,4.855,5191.0,999.0,0,1.0,0.0,1.0,2,8,0.0,6,5,1,1
7836,45.0,2,999,0,1.1,93.994,-36.4,4.856,5191.0,999.0,0,1.0,0.0,1.0,2,2,0.0,1,5,1,1
7837,41.0,1,999,0,-1.8,92.893,-46.2,1.327,5099.1,999.0,0,1.0,1.0,0.0,2,8,0.0,4,5,1,1
7838,31.0,1,999,0,1.4,94.465,-41.8,4.961,5228.1,999.0,0,1.0,0.0,1.0,1,7,0.0,6,6,2,1
7839,30.0,2,999,0,1.4,93.918,-42.7,4.963,5228.1,999.0,0,1.0,0.0,0.0,2,7,0.0,6,7,1,1
7840,31.0,2,9,4,-1.7,94.027,-38.3,0.904,4991.6,0.3,4,0.0,0.0,0.0,1,5,0.0,6,8,1,2
7841,30.0,1,999,0,1.4,93.444,-36.1,4.964,5228.1,999.0,0,0.0,0.0,0.0,1,5,0.0,6,8,1,1
7842,39.0,1,3,1,-3.4,92.379,-29.8,0.788,5017.5,0.1,0,0.0,0.0,0.0,3,5,0.0,1,9,1,3
7843,30.0,1,999,0,-0.1,93.2,-42.0,4.153,5195.8,999.0,0,1.0,0.0,0.0,2,8,0.0,5,11,1,1
7844,49.0,1,999,0,-0.1,93.2,-42.0,4.153,5195.8,999.0,0,0.0,0.0,0.0,2,8,0.0,5,11,1,1
7845,36.0,1,999,0,1.4,93.918,-42.7,4.966,5228.1,999.0,0,0.0,0.0,1.0,2,8,0.0,8,7,1,1
7846,31.0,2,999,0,1.4,94.465,-41.8,4.959,5228.1,999.0,0,0.0,0.0,1.0,2,7,0.0,6,6,1,1
7847,31.0,1,999,0,-0.1,93.2,-42.0,4.733,5195.8,999.0,0,1.0,0.0,1.0,2,8,0.0,6,11,1,1
7848,59.0,5,999,0,1.4,93.918,-42.7,4.961,5228.1,999.0,0,0.0,0.0,0.0,2,2,0.0,8,7,1,1
7849,44.0,4,999,0,1.1,93.994,-36.4,4.864,5191.0,999.0,0,1.0,0.0,1.0,2,4,0.0,9,5,1,1
7850,24.0,2,999,0,1.1,93.994,-36.4,4.858,5191.0,999.0,0,0.0,0.0,1.0,1,8,0.0,9,5,2,1
7851,30.0,8,999,0,1.4,93.444,-36.1,4.965,5228.1,999.0,0,0.0,1.0,0.0,1,8,0.0,6,8,2,1
7852,31.0,1,999,0,1.1,93.994,-36.4,4.857,5191.0,999.0,0,1.0,1.0,1.0,1,5,0.0,9,5,1,1
7853,39.0,3,999,0,1.4,94.465,-41.8,4.959,5228.1,999.0,0,1.0,0.0,1.0,2,6,0.0,5,6,1,1
7854,31.0,10,999,0,1.4,93.918,-42.7,4.962,5228.1,999.0,0,1.0,0.0,0.0,2,4,0.0,4,7,1,1
7855,24.0,4,999,0,1.4,93.918,-42.7,4.963,5228.1,999.0,0,0.0,0.0,0.0,1,8,0.0,5,7,1,1
7856,31.0,3,999,1,-1.8,92.893,-46.2,1.291,5099.1,999.0,2,1.0,0.0,0.0,2,6,0.0,9,5,1,2
7857,25.0,7,999,0,-1.8,92.893,-46.2,1.264,5099.1,999.0,0,1.0,1.0,0.0,2,7,0.0,6,5,2,1
7858,45.0,2,999,0,1.4,94.465,-41.8,4.864,5228.1,999.0,0,0.0,0.0,1.0,2,5,0.0,7,6,1,1
7859,24.0,7,999,0,-1.8,92.893,-46.2,1.266,5099.1,999.0,0,1.0,1.0,0.0,1,4,0.0,4,5,1,1
7860,40.0,9,999,0,1.4,93.444,-36.1,4.965,5228.1,999.0,0,0.0,0.0,0.0,2,8,0.0,5,8,2,1
7861,49.0,2,999,0,-1.8,93.749,-34.6,0.642,5008.7,999.0,0,0.0,0.0,0.0,3,5,0.0,6,4,1,1
7862,33.0,3,999,0,-2.9,92.963,-40.8,1.268,5076.2,999.0,0,0.0,0.0,1.0,1,8,0.0,11,6,1,1
7863,31.0,4,999,0,1.1,93.994,-36.4,4.856,5191.0,999.0,0,0.0,0.0,1.0,2,7,0.0,3,5,1,1
7864,40.0,2,999,4,-1.1,94.767,-50.8,1.03,4963.6,999.0,12,1.0,0.0,0.0,3,8,0.0,3,11,1,2
7865,32.0,13,999,0,1.4,93.444,-36.1,4.964,5228.1,999.0,0,1.0,0.0,0.0,1,8,0.0,5,8,1,1
7866,39.0,4,999,0,-1.8,93.075,-47.1,1.405,5099.1,999.0,0,0.0,1.0,0.0,2,7,0.0,3,4,2,1
7867,47.0,1,17,2,-1.1,94.199,-37.5,0.884,4963.6,0.566666666667,4,0.0,0.0,0.0,2,7,0.0,3,9,1,3
7868,27.0,3,999,0,1.4,93.918,-42.7,4.958,5228.1,999.0,0,1.0,0.0,0.0,1,5,0.0,6,7,1,1
7869,31.0,3,999,0,-1.8,93.075,-47.1,1.405,5099.1,999.0,0,0.0,0.0,0.0,2,5,0.0,9,4,2,1
7870,31.0,4,999,0,1.4,93.918,-42.7,4.962,5228.1,999.0,0,0.0,0.0,1.0,2,7,0.0,6,7,2,1
7871,37.0,4,999,0,1.1,93.994,-36.4,4.857,5191.0,999.0,0,1.0,0.0,1.0,2,5,0.0,6,5,2,1
7872,32.0,2,999,0,1.4,94.465,-41.8,4.96,5228.1,999.0,0,0.0,0.0,1.0,2,3,0.0,4,6,1,1
7873,26.0,5,999,0,1.4,93.918,-42.7,4.961,5228.1,999.0,0,0.0,0.0,0.0,1,8,0.0,4,7,1,1
7874,31.0,3,999,0,1.4,93.918,-42.7,4.968,5228.1,999.0,0,1.0,0.0,0.0,1,8,0.0,6,7,1,1
7875,50.0,1,999,0,-0.1,93.2,-42.0,4.076,5195.8,999.0,0,1.0,0.0,0.0,2,2,0.0,7,11,1,1
7876,31.0,2,3,1,-1.7,94.055,-39.8,0.723,4991.6,0.1,1,1.0,0.0,0.0,2,6,0.0,5,6,1,3
7877,50.0,4,999,0,1.1,93.994,-36.4,4.859,5191.0,999.0,0,1.0,0.0,1.0,2,5,0.0,6,5,1,1
7878,33.0,17,999,0,1.4,93.918,-42.7,4.963,5228.1,999.0,0,1.0,1.0,0.0,3,5,0.0,6,7,1,1
7879,37.0,1,999,0,-0.1,93.2,-42.0,4.021,5195.8,999.0,0,1.0,1.0,0.0,1,8,0.0,6,11,1,1
7880,31.0,3,999,0,1.4,93.918,-42.7,4.968,5228.1,999.0,0,1.0,1.0,0.0,1,8,0.0,6,7,1,1
7881,25.0,1,999,0,1.1,93.994,-36.4,4.855,5191.0,999.0,0,0.0,0.0,1.0,1,8,0.0,5,5,1,1
7882,38.0,5,999,1,-1.8,92.893,-46.2,1.327,5099.1,999.0,2,0.0,0.0,1.0,2,8,0.0,3,5,1,2
7883,30.0,8,999,0,1.4,93.918,-42.7,4.963,5228.1,999.0,0,1.0,0.0,1.0,2,8,0.0,6,7,1,1
7884,31.0,4,999,0,-1.1,94.767,-50.8,1.039,4963.6,999.0,0,0.0,0.0,0.0,1,8,0.0,2,11,2,1
7885,54.0,1,12,1,-1.8,93.749,-34.6,0.643,5008.7,0.4,1,0.0,0.0,0.0,2,5,0.0,6,4,2,3
7886,30.0,1,999,0,1.4,93.918,-42.7,4.96,5228.1,999.0,0,0.0,0.0,0.0,2,8,0.0,9,7,2,1
7887,31.0,1,999,0,-1.8,92.893,-46.2,1.313,5099.1,999.0,0,1.0,0.0,0.0,1,2,0.0,4,5,1,1
7888,56.0,1,999,0,-0.1,93.2,-42.0,4.153,5195.8,999.0,0,0.0,1.0,0.0,1,2,0.0,4,11,1,1
7889,20.0,2,999,1,-2.9,92.201,-31.4,0.869,5076.2,999.0,3,0.0,0.0,0.0,1,5,0.0,11,8,1,2
7890,30.0,1,6,2,-1.7,94.215,-40.3,0.846,4991.6,0.2,2,0.0,0.0,0.0,1,8,0.0,6,7,1,3
7891,50.0,3,999,0,1.4,93.444,-36.1,4.963,5228.1,999.0,0,1.0,1.0,0.0,2,4,0.0,4,8,2,1
7892,53.0,6,999,0,1.4,94.465,-41.8,4.959,5228.1,999.0,0,0.0,0.0,1.0,2,8,0.0,5,6,1,1
7893,31.0,1,999,0,1.4,93.444,-36.1,4.963,5228.1,999.0,0,1.0,0.0,0.0,2,7,0.0,5,8,1,1
7894,31.0,2,999,0,-1.8,93.075,-47.1,1.405,5099.1,999.0,0,1.0,0.0,0.0,2,5,0.0,6,4,1,1
7895,36.0,2,999,0,1.1,93.994,-36.4,4.858,5191.0,999.0,0,1.0,1.0,1.0,2,4,0.0,3,5,2,1
7896,54.0,1,999,0,1.4,93.918,-42.7,4.96,5228.1,999.0,0,1.0,0.0,0.0,2,7,0.0,3,7,2,1
7897,31.0,6,999,0,1.4,93.918,-42.7,4.961,5228.1,999.0,0,1.0,0.0,1.0,3,8,0.0,4,7,1,1
7898,43.0,1,999,0,1.1,93.994,-36.4,4.855,5191.0,999.0,0,0.0,0.0,1.0,2,4,0.0,4,5,1,1
7899,32.0,1,999,0,-1.8,92.893,-46.2,1.281,5099.1,999.0,0,1.0,0.0,0.0,2,3,0.0,4,5,1,1
7900,45.0,1,999,0,1.1,93.994,-36.4,4.857,5191.0,999.0,0,1.0,1.0,1.0,2,8,0.0,3,5,1,1
7901,38.0,7,999,0,1.1,93.994,-36.4,4.858,5191.0,999.0,0,0.0,0.0,1.0,1,2,0.0,4,5,1,1
7902,25.0,5,999,2,-1.7,94.215,-40.3,0.896,4991.6,999.0,6,1.0,1.0,0.0,1,8,0.0,1,7,1,2
7903,31.0,3,999,0,1.1,93.994,-36.4,4.855,5191.0,999.0,0,0.0,0.0,1.0,2,4,0.0,12,5,1,1
7904,55.0,1,999,0,-2.9,92.963,-40.8,1.266,5076.2,999.0,0,0.0,0.0,0.0,2,8,0.0,6,6,2,1
7905,32.0,1,999,0,1.4,93.444,-36.1,4.965,5228.1,999.0,0,1.0,0.0,0.0,2,7,0.0,3,8,2,1
7906,31.0,3,999,0,1.4,93.444,-36.1,4.965,5228.1,999.0,0,0.0,0.0,0.0,2,7,0.0,3,8,1,1
7907,41.0,3,999,0,1.4,93.918,-42.7,4.962,5228.1,999.0,0,1.0,1.0,0.0,2,8,0.0,6,7,1,1
7908,41.0,1,999,0,1.1,93.994,-36.4,4.86,5191.0,999.0,0,0.0,0.0,1.0,2,8,0.0,4,5,1,1
7909,47.0,1,999,0,1.4,94.465,-41.8,4.866,5228.1,999.0,0,0.0,0.0,1.0,2,6,0.0,5,6,1,1
7910,31.0,7,999,0,1.4,94.465,-41.8,4.961,5228.1,999.0,0,0.0,1.0,1.0,1,5,0.0,6,6,1,1
7911,31.0,2,999,0,-2.9,92.201,-31.4,0.873,5076.2,999.0,0,1.0,1.0,0.0,2,8,0.0,9,8,1,1
7912,59.0,1,999,0,-1.8,92.893,-46.2,1.281,5099.1,999.0,0,0.0,0.0,0.0,3,6,0.0,8,5,1,1
7913,27.0,1,999,0,-2.9,92.469,-33.6,1.044,5076.2,999.0,0,1.0,0.0,1.0,1,8,0.0,6,7,1,1
7914,47.0,1,999,0,1.4,94.465,-41.8,4.967,5228.1,999.0,0,1.0,0.0,1.0,1,2,0.0,4,6,1,1
7915,29.0,1,999,0,1.1,93.994,-36.4,4.858,5191.0,999.0,0,1.0,0.0,1.0,2,4,0.0,4,5,1,1
7916,31.0,1,999,0,1.1,93.994,-36.4,4.86,5191.0,999.0,0,1.0,0.0,1.0,3,7,0.0,3,5,1,1
7917,29.0,1,999,0,-0.1,93.2,-42.0,4.076,5195.8,999.0,0,1.0,0.0,0.0,2,7,0.0,3,11,1,1
7918,48.0,3,999,0,1.4,93.918,-42.7,4.961,5228.1,999.0,0,1.0,1.0,0.0,2,7,0.0,10,7,1,1
7919,48.0,3,999,1,-0.1,93.2,-42.0,4.12,5195.8,999.0,0,0.0,0.0,0.0,2,6,0.0,5,11,1,2
7920,36.0,1,999,0,-1.8,92.893,-46.2,1.25,5099.1,999.0,0,1.0,0.0,0.0,1,4,0.0,4,5,1,1
7921,36.0,1,999,0,-0.1,93.2,-42.0,4.153,5195.8,999.0,0,0.0,0.0,0.0,2,3,0.0,4,11,1,1
7922,35.0,2,999,0,1.4,93.444,-36.1,4.97,5228.1,999.0,0,1.0,1.0,0.0,3,8,0.0,5,8,2,1
7923,47.0,2,999,0,1.4,93.444,-36.1,4.964,5228.1,999.0,0,1.0,0.0,0.0,2,8,0.0,5,8,1,1
7924,31.0,1,999,0,1.4,93.444,-36.1,4.963,5228.1,999.0,0,1.0,0.0,0.0,3,8,0.0,5,8,1,1
7925,38.0,3,999,0,1.1,93.994,-36.4,4.86,5191.0,999.0,0,0.0,0.0,1.0,2,4,0.0,5,5,1,1
7926,31.0,3,999,0,1.4,94.465,-41.8,4.864,5228.1,999.0,0,0.0,1.0,1.0,2,7,0.0,2,6,1,1
7927,31.0,6,999,0,-1.8,92.893,-46.2,1.244,5099.1,999.0,0,0.0,1.0,0.0,2,6,0.0,4,5,2,1
7928,33.0,3,999,0,-1.1,94.601,-49.5,0.987,4963.6,999.0,0,0.0,0.0,0.0,1,7,0.0,3,10,1,1
7929,33.0,1,999,0,1.1,93.994,-36.4,4.856,5191.0,999.0,0,1.0,0.0,1.0,2,4,0.0,1,5,1,1
7930,51.0,3,999,0,1.1,93.994,-36.4,4.859,5191.0,999.0,0,1.0,0.0,1.0,2,2,0.0,6,5,1,1
7931,47.0,1,999,0,-0.1,93.2,-42.0,4.021,5195.8,999.0,0,1.0,0.0,0.0,2,8,0.0,1,11,1,1
7932,56.0,2,999,0,1.1,93.994,-36.4,4.856,5191.0,999.0,0,0.0,1.0,1.0,2,8,0.0,10,5,1,1
7933,24.0,1,999,0,1.1,93.994,-36.4,4.859,5191.0,999.0,0,0.0,1.0,1.0,2,8,0.0,9,5,1,1
7934,31.0,3,999,0,-1.8,93.075,-47.1,1.365,5099.1,999.0,0,1.0,0.0,0.0,1,5,0.0,11,4,1,1
7935,56.0,2,999,0,1.4,93.444,-36.1,4.965,5228.1,999.0,0,0.0,0.0,0.0,2,6,0.0,8,8,1,1
7936,29.0,4,999,0,1.4,94.465,-41.8,4.865,5228.1,999.0,0,1.0,1.0,1.0,2,8,0.0,5,6,2,1
7937,26.0,3,999,0,-1.8,92.893,-46.2,1.266,5099.1,999.0,0,0.0,0.0,0.0,2,5,0.0,1,5,1,1
7938,56.0,1,999,0,1.4,93.444,-36.1,4.97,5228.1,999.0,0,1.0,0.0,0.0,2,7,0.0,8,8,2,1
7939,24.0,1,999,0,1.4,93.918,-42.7,4.962,5228.1,999.0,0,1.0,0.0,0.0,1,8,0.0,9,7,1,1
7940,31.0,3,999,0,1.4,93.918,-42.7,4.958,5228.1,999.0,0,1.0,0.0,1.0,3,8,0.0,6,7,1,1
7941,49.0,1,999,0,1.1,93.994,-36.4,4.856,5191.0,999.0,0,1.0,0.0,1.0,2,6,0.0,1,5,1,1
7942,38.0,1,999,0,1.4,94.465,-41.8,4.961,5228.1,999.0,0,0.0,0.0,1.0,2,5,0.0,6,6,1,1
7943,46.0,1,999,0,1.1,93.994,-36.4,4.857,5191.0,999.0,0,0.0,0.0,1.0,2,2,0.0,4,5,1,1
7944,42.0,1,999,0,1.1,93.994,-36.4,4.859,5191.0,999.0,0,1.0,0.0,1.0,2,3,0.0,4,5,1,1
7945,62.0,1,999,0,-3.4,92.379,-29.8,0.741,5017.5,999.0,0,0.0,0.0,0.0,2,8,0.0,1,9,1,1
7946,60.0,2,4,1,-1.1,94.767,-50.8,1.035,4963.6,0.133333333333,1,1.0,0.0,0.0,2,8,0.0,4,11,1,3
7947,31.0,1,999,0,-1.8,92.893,-46.2,1.266,5099.1,999.0,0,0.0,0.0,0.0,2,7,0.0,6,5,1,1
7948,50.0,1,999,0,1.1,93.994,-36.4,4.859,5191.0,999.0,0,0.0,0.0,1.0,3,8,0.0,2,5,1,1
7949,30.0,2,999,0,-2.9,92.963,-40.8,1.268,5076.2,999.0,0,0.0,0.0,0.0,1,7,0.0,6,6,1,1
7950,29.0,10,999,0,1.4,94.465,-41.8,4.961,5228.1,999.0,0,1.0,1.0,1.0,1,5,0.0,6,6,1,1
7951,31.0,3,999,0,-0.1,93.2,-42.0,4.153,5195.8,999.0,0,0.0,1.0,0.0,2,4,0.0,4,11,1,1
7952,31.0,3,999,0,1.4,93.444,-36.1,4.963,5228.1,999.0,0,0.0,0.0,0.0,2,7,0.0,6,8,1,1
7953,44.0,1,999,0,-1.8,92.893,-46.2,1.291,5099.1,999.0,0,0.0,0.0,0.0,2,4,0.0,3,5,1,1
7954,57.0,1,999,0,1.1,93.994,-36.4,4.856,5191.0,999.0,0,1.0,0.0,1.0,2,7,0.0,8,5,1,1
7955,31.0,1,999,0,1.1,93.994,-36.4,4.858,5191.0,999.0,0,0.0,0.0,1.0,2,4,0.0,4,5,2,1
7956,23.0,1,999,0,1.4,94.465,-41.8,4.961,5228.1,999.0,0,1.0,1.0,1.0,1,8,0.0,5,6,1,1
7957,35.0,1,999,0,-1.8,92.893,-46.2,1.334,5099.1,999.0,0,1.0,0.0,0.0,1,4,0.0,4,5,1,1
7958,31.0,1,999,0,-1.8,92.893,-46.2,1.244,5099.1,999.0,0,1.0,0.0,0.0,1,7,0.0,6,5,2,1
7959,29.0,1,999,0,1.1,93.994,-36.4,4.86,5191.0,999.0,0,1.0,0.0,1.0,1,8,0.0,9,5,1,1
7960,44.0,2,999,0,-1.8,93.075,-47.1,1.41,5099.1,999.0,0,1.0,0.0,0.0,3,8,0.0,5,4,1,1
7961,31.0,1,999,0,1.1,93.994,-36.4,4.858,5191.0,999.0,0,0.0,0.0,1.0,2,5,0.0,9,5,1,1
7962,31.0,4,999,0,1.4,93.918,-42.7,4.962,5228.1,999.0,0,1.0,0.0,0.0,2,8,0.0,9,7,1,1
7963,46.0,2,999,0,1.1,93.994,-36.4,4.855,5191.0,999.0,0,1.0,1.0,1.0,2,7,0.0,6,5,1,1
7964,25.0,1,999,0,1.4,93.918,-42.7,4.961,5228.1,999.0,0,1.0,0.0,0.0,1,5,0.0,6,7,1,1
7965,46.0,1,999,0,-0.1,93.2,-42.0,4.076,5195.8,999.0,0,0.0,0.0,0.0,3,7,0.0,6,11,1,1
7966,32.0,1,999,0,1.1,93.994,-36.4,4.859,5191.0,999.0,0,1.0,0.0,1.0,1,8,0.0,6,5,1,1
7967,39.0,1,999,1,-0.1,93.2,-42.0,4.12,5195.8,999.0,4,0.0,0.0,0.0,2,8,0.0,1,11,1,2
7968,56.0,1,999,0,-0.1,93.2,-42.0,4.076,5195.8,999.0,0,0.0,0.0,0.0,3,2,0.0,2,11,1,1
7969,44.0,1,999,0,-1.8,92.893,-46.2,1.25,5099.1,999.0,0,1.0,0.0,0.0,2,8,0.0,4,5,1,1
7970,27.0,1,999,0,-1.8,92.893,-46.2,1.327,5099.1,999.0,0,1.0,0.0,0.0,2,4,0.0,4,5,1,1
7971,34.0,2,999,0,-0.1,93.2,-42.0,4.191,5195.8,999.0,0,1.0,0.0,0.0,2,7,0.0,1,11,2,1
7972,35.0,1,999,1,-1.8,92.893,-46.2,1.344,5099.1,999.0,1,0.0,0.0,0.0,3,6,0.0,5,5,1,2
7973,66.0,1,999,0,-1.8,93.369,-34.8,0.655,5008.7,999.0,0,0.0,0.0,0.0,2,6,0.0,8,3,1,1
7974,31.0,2,999,0,-1.8,92.893,-46.2,1.344,5099.1,999.0,0,1.0,0.0,1.0,3,7,0.0,6,5,1,1
7975,26.0,8,999,0,-1.8,92.893,-46.2,1.25,5099.1,999.0,0,1.0,0.0,0.0,2,4,0.0,4,5,1,1
7976,88.0,7,999,0,-1.8,92.843,-50.0,1.663,5099.1,999.0,0,1.0,0.0,0.0,3,8,0.0,8,3,1,1
7977,36.0,2,999,0,-1.8,92.893,-46.2,1.266,5099.1,999.0,0,1.0,1.0,0.0,2,4,0.0,10,5,1,1
7978,31.0,3,999,0,1.1,93.994,-36.4,4.856,5191.0,999.0,0,0.0,0.0,1.0,1,8,0.0,4,5,1,1
7979,26.0,1,999,0,1.4,94.465,-41.8,4.864,5228.1,999.0,0,1.0,1.0,1.0,1,5,0.0,6,6,1,1
7980,35.0,1,999,0,-1.8,92.893,-46.2,1.299,5099.1,999.0,0,1.0,0.0,0.0,2,2,0.0,4,5,2,1
7981,59.0,2,999,0,-0.1,93.2,-42.0,4.076,5195.8,999.0,0,1.0,0.0,0.0,2,4,0.0,4,11,1,1
7982,42.0,2,999,0,-0.1,93.2,-42.0,4.153,5195.8,999.0,0,1.0,0.0,0.0,3,6,0.0,1,11,1,1
7983,31.0,8,999,0,1.4,93.918,-42.7,4.968,5228.1,999.0,0,1.0,1.0,1.0,2,2,0.0,6,7,1,1
7984,31.0,1,999,1,-1.8,93.369,-34.8,0.636,5008.7,999.0,2,1.0,0.0,0.0,1,8,0.0,4,3,1,2
7985,31.0,5,999,0,1.4,93.444,-36.1,4.966,5228.1,999.0,0,0.0,0.0,0.0,1,7,0.0,6,8,1,1
7986,31.0,2,6,1,-3.4,92.431,-26.9,0.735,5017.5,0.2,2,0.0,0.0,0.0,3,8,0.0,8,10,1,3
7987,49.0,1,999,0,1.4,93.444,-36.1,4.97,5228.1,999.0,0,1.0,1.0,0.0,3,6,0.0,6,8,2,1
7988,34.0,2,999,1,-3.4,92.649,-30.1,0.722,5017.5,999.0,3,1.0,0.0,0.0,2,8,0.0,5,11,2,2
7989,34.0,3,999,0,-1.8,93.075,-47.1,1.405,5099.1,999.0,0,1.0,0.0,0.0,2,8,0.0,7,4,1,1
7990,27.0,2,999,0,1.1,93.994,-36.4,4.856,5191.0,999.0,0,1.0,1.0,1.0,2,3,0.0,4,5,1,1
7991,29.0,3,999,2,-1.1,94.199,-37.5,0.879,4963.6,999.0,4,0.0,0.0,0.0,1,6,0.0,5,9,2,2
7992,48.0,2,999,0,1.1,93.994,-36.4,4.857,5191.0,999.0,0,0.0,1.0,1.0,2,7,0.0,6,5,2,1
7993,44.0,1,999,0,1.4,93.444,-36.1,4.967,5228.1,999.0,0,1.0,0.0,0.0,2,5,0.0,10,8,1,1
7994,35.0,1,999,0,1.4,93.444,-36.1,4.962,5228.1,999.0,0,1.0,1.0,0.0,2,5,0.0,5,8,1,1
7995,45.0,6,999,0,1.1,93.994,-36.4,4.856,5191.0,999.0,0,1.0,0.0,1.0,2,4,0.0,9,5,1,1
7996,51.0,1,999,0,1.4,93.918,-42.7,4.963,5228.1,999.0,0,0.0,0.0,0.0,2,4,0.0,4,7,1,1
7997,31.0,1,999,0,-2.9,92.201,-31.4,0.883,5076.2,999.0,0,1.0,0.0,0.0,2,8,0.0,7,8,1,1
7998,31.0,1,999,0,1.1,93.994,-36.4,4.857,5191.0,999.0,0,1.0,0.0,1.0,2,8,0.0,4,5,2,1
7999,31.0,2,999,0,1.1,93.994,-36.4,4.856,5191.0,999.0,0,1.0,0.0,1.0,2,3,0.0,4,5,1,1
8000,48.0,2,999,0,1.4,93.918,-42.7,4.96,5228.1,999.0,0,1.0,1.0,0.0,2,8,0.0,6,7,2,1
8001,36.0,2,999,0,-1.8,92.893,-46.2,1.344,5099.1,999.0,0,1.0,0.0,1.0,3,4,0.0,4,5,1,1
8002,47.0,4,999,0,1.4,94.465,-41.8,4.96,5228.1,999.0,0,1.0,0.0,1.0,2,2,0.0,4,6,2,1
8003,34.0,2,999,0,-1.8,92.843,-50.0,1.52,5099.1,999.0,0,0.0,0.0,0.0,1,7,0.0,5,3,2,1
8004,31.0,3,999,0,-0.1,93.2,-42.0,4.191,5195.8,999.0,0,1.0,0.0,0.0,2,8,0.0,3,11,2,1
8005,31.0,2,999,0,1.4,93.918,-42.7,4.963,5228.1,999.0,0,1.0,0.0,0.0,2,6,0.0,7,7,1,1
8006,34.0,1,999,1,-1.8,92.893,-46.2,1.299,5099.1,999.0,0,1.0,0.0,0.0,4,7,0.0,6,5,2,2
8007,31.0,1,999,1,-1.8,92.893,-46.2,1.313,5099.1,999.0,1,1.0,0.0,0.0,1,3,0.0,4,5,1,2
8008,36.0,1,999,0,-0.1,93.2,-42.0,4.12,5195.8,999.0,0,1.0,0.0,0.0,2,5,0.0,4,11,1,1
8009,51.0,1,999,0,1.1,93.994,-36.4,4.857,5191.0,999.0,0,1.0,0.0,1.0,2,8,0.0,4,5,2,1
8010,39.0,2,999,0,1.4,93.918,-42.7,4.963,5228.1,999.0,0,1.0,1.0,0.0,2,8,0.0,9,7,1,1
8011,31.0,4,999,0,-1.8,93.075,-47.1,1.405,5099.1,999.0,0,0.0,0.0,0.0,2,7,0.0,7,4,1,1
8012,57.0,4,999,1,-1.8,92.893,-46.2,1.344,5099.1,999.0,1,0.0,0.0,0.0,2,8,0.0,8,5,1,2
8013,44.0,6,999,0,1.4,93.918,-42.7,4.957,5228.1,999.0,0,0.0,0.0,0.0,3,7,0.0,6,7,1,1
8014,54.0,2,999,0,-1.8,92.893,-46.2,1.25,5099.1,999.0,0,0.0,0.0,0.0,2,7,0.0,3,5,1,1
8015,37.0,2,999,0,1.1,93.994,-36.4,4.86,5191.0,999.0,0,1.0,0.0,1.0,1,8,0.0,6,5,1,1
8016,31.0,2,999,0,1.4,94.465,-41.8,4.961,5228.1,999.0,0,1.0,0.0,1.0,2,4,0.0,5,6,1,1
8017,57.0,2,999,0,1.4,93.444,-36.1,4.965,5228.1,999.0,0,1.0,0.0,0.0,2,4,0.0,4,8,2,1
8018,32.0,1,999,0,-0.1,93.2,-42.0,4.153,5195.8,999.0,0,0.0,0.0,0.0,3,6,0.0,5,11,1,1
8019,31.0,1,999,0,-1.8,93.075,-47.1,1.41,5099.1,999.0,0,0.0,0.0,0.0,2,7,0.0,6,4,1,1
8020,39.0,2,999,1,-1.8,92.893,-46.2,1.327,5099.1,999.0,3,1.0,0.0,0.0,2,8,0.0,9,5,1,2
8021,31.0,3,999,0,1.1,93.994,-36.4,4.858,5191.0,999.0,0,0.0,0.0,1.0,2,6,0.0,9,5,1,1
8022,32.0,1,999,0,1.1,93.994,-36.4,4.856,5191.0,999.0,0,0.0,0.0,1.0,2,8,0.0,5,5,1,1
8023,31.0,1,999,0,-1.8,93.075,-47.1,1.483,5099.1,999.0,0,1.0,1.0,0.0,3,6,0.0,5,4,1,1
8024,35.0,1,999,0,1.4,93.444,-36.1,4.963,5228.1,999.0,0,0.0,1.0,0.0,3,6,0.0,9,8,1,1
8025,30.0,2,999,0,1.4,93.444,-36.1,4.963,5228.1,999.0,0,0.0,0.0,0.0,1,7,0.0,6,8,2,1
8026,31.0,2,999,0,1.4,93.918,-42.7,4.963,5228.1,999.0,0,0.0,0.0,0.0,2,5,0.0,9,7,1,1
8027,30.0,5,999,0,-1.8,92.893,-46.2,1.281,5099.1,999.0,0,1.0,0.0,1.0,1,5,0.0,5,5,1,1
8028,31.0,1,6,1,-1.7,94.027,-38.3,0.904,4991.6,0.2,3,0.0,0.0,0.0,1,7,0.0,9,8,2,3
8029,31.0,1,999,0,1.4,93.918,-42.7,4.957,5228.1,999.0,0,1.0,0.0,0.0,3,5,0.0,9,7,1,1
8030,31.0,2,999,0,-0.1,93.2,-42.0,4.076,5195.8,999.0,0,1.0,0.0,0.0,2,8,0.0,6,11,1,1
8031,78.0,2,999,2,-3.4,92.431,-26.9,0.72,5017.5,999.0,4,0.0,0.0,0.0,3,3,0.0,8,10,1,2
8032,65.0,1,3,1,-1.1,94.601,-49.5,0.977,4963.6,0.1,1,1.0,1.0,0.0,2,8,0.0,8,10,2,3
8033,32.0,3,999,0,-1.8,92.893,-46.2,1.299,5099.1,999.0,0,1.0,1.0,0.0,2,4,0.0,4,5,2,1
8034,31.0,1,999,0,1.4,93.918,-42.7,4.963,5228.1,999.0,0,1.0,0.0,0.0,2,5,0.0,6,7,1,1
8035,51.0,1,999,0,1.4,93.918,-42.7,4.962,5228.1,999.0,0,0.0,0.0,0.0,1,8,0.0,9,7,1,1
8036,29.0,1,999,1,-0.1,93.2,-42.0,4.076,5195.8,999.0,2,1.0,1.0,0.0,1,6,0.0,5,11,1,2
8037,28.0,2,999,0,1.1,93.994,-36.4,4.86,5191.0,999.0,0,1.0,0.0,1.0,1,8,0.0,5,5,1,1
8038,46.0,1,999,0,-1.8,92.893,-46.2,1.264,5099.1,999.0,0,0.0,1.0,0.0,1,8,0.0,6,5,2,1
8039,28.0,2,999,0,1.4,94.465,-41.8,4.961,5228.1,999.0,0,1.0,0.0,1.0,2,3,0.0,4,6,1,1
8040,31.0,2,999,0,1.4,93.444,-36.1,4.965,5228.1,999.0,0,0.0,0.0,0.0,2,8,0.0,4,8,1,1
8041,28.0,2,999,0,1.4,93.918,-42.7,4.957,5228.1,999.0,0,0.0,1.0,0.0,1,4,0.0,4,7,1,1
8042,49.0,3,999,0,1.1,93.994,-36.4,4.858,5191.0,999.0,0,0.0,1.0,1.0,2,4,0.0,4,5,1,1
8043,46.0,1,999,0,1.4,93.918,-42.7,4.963,5228.1,999.0,0,1.0,1.0,1.0,2,8,0.0,9,7,1,1
8044,36.0,2,999,0,1.4,94.465,-41.8,4.865,5228.1,999.0,0,1.0,1.0,1.0,3,7,0.0,1,6,1,1
8045,31.0,2,999,0,-0.1,93.2,-42.0,4.076,5195.8,999.0,0,1.0,0.0,0.0,3,5,0.0,9,11,1,1
8046,45.0,5,999,0,1.4,93.444,-36.1,4.964,5228.1,999.0,0,1.0,1.0,0.0,2,6,0.0,10,8,1,1
8047,31.0,1,999,0,1.1,93.994,-36.4,4.856,5191.0,999.0,0,0.0,0.0,1.0,2,8,0.0,3,5,1,1
8048,40.0,1,999,0,1.1,93.994,-36.4,4.857,5191.0,999.0,0,1.0,0.0,1.0,2,4,0.0,4,5,1,1
8049,27.0,3,999,0,-2.9,92.963,-40.8,1.26,5076.2,999.0,0,1.0,0.0,0.0,1,3,0.0,4,6,1,1
8050,40.0,4,999,0,1.4,93.918,-42.7,4.96,5228.1,999.0,0,0.0,0.0,0.0,2,8,0.0,4,7,2,1
8051,47.0,3,999,0,1.4,93.918,-42.7,4.962,5228.1,999.0,0,1.0,0.0,0.0,2,8,0.0,3,7,2,1
8052,53.0,5,999,0,1.1,93.994,-36.4,4.856,5191.0,999.0,0,0.0,0.0,1.0,2,8,0.0,4,5,1,1
8053,29.0,1,999,0,1.1,93.994,-36.4,4.856,5191.0,999.0,0,0.0,1.0,1.0,2,3,0.0,4,5,1,1
8054,32.0,1,999,0,1.1,93.994,-36.4,4.856,5191.0,999.0,0,0.0,1.0,1.0,1,3,0.0,9,5,1,1
8055,35.0,1,10,1,-1.8,93.749,-34.6,0.644,5008.7,0.333333333333,4,1.0,0.0,0.0,2,7,0.0,6,4,1,3
8056,37.0,1,999,0,-1.8,92.843,-50.0,1.614,5099.1,999.0,0,1.0,0.0,0.0,2,7,0.0,10,3,1,1
8057,51.0,3,999,0,1.4,93.444,-36.1,4.965,5228.1,999.0,0,0.0,0.0,0.0,2,5,0.0,9,8,1,1
8058,33.0,2,999,0,1.1,93.994,-36.4,4.857,5191.0,999.0,0,0.0,0.0,1.0,2,5,0.0,6,5,1,1
8059,31.0,5,999,0,-3.4,92.649,-30.1,0.714,5017.5,999.0,0,0.0,1.0,0.0,1,7,0.0,5,11,1,1
8060,30.0,3,999,0,1.4,93.918,-42.7,4.963,5228.1,999.0,0,0.0,0.0,1.0,2,6,0.0,4,7,1,1
8061,31.0,1,999,0,1.4,93.444,-36.1,4.962,5228.1,999.0,0,1.0,0.0,0.0,2,7,0.0,6,8,1,1
8062,31.0,1,999,0,-2.9,92.963,-40.8,1.26,5076.2,999.0,0,1.0,0.0,0.0,2,7,0.0,6,6,2,1
8063,40.0,3,999,0,1.4,93.444,-36.1,4.963,5228.1,999.0,0,0.0,0.0,0.0,3,7,0.0,5,8,1,1
8064,42.0,2,999,0,1.4,94.465,-41.8,4.955,5228.1,999.0,0,1.0,0.0,1.0,1,8,0.0,9,6,1,1
8065,50.0,1,999,0,-1.8,93.075,-47.1,1.479,5099.1,999.0,0,1.0,0.0,0.0,2,8,0.0,6,4,1,1
8066,35.0,1,999,0,-0.1,93.2,-42.0,4.12,5195.8,999.0,0,0.0,0.0,0.0,2,7,0.0,6,11,1,1
8067,31.0,1,999,0,1.4,93.918,-42.7,4.957,5228.1,999.0,0,1.0,0.0,0.0,1,5,0.0,10,7,1,1
8068,42.0,3,999,0,1.4,93.918,-42.7,4.96,5228.1,999.0,0,1.0,0.0,0.0,3,4,0.0,5,7,2,1
8069,26.0,2,999,0,-1.8,93.075,-47.1,1.41,5099.1,999.0,0,0.0,1.0,0.0,1,8,0.0,11,4,1,1
8070,31.0,24,999,0,1.4,93.918,-42.7,4.963,5228.1,999.0,0,1.0,0.0,0.0,2,2,0.0,4,7,1,1
8071,41.0,10,999,0,1.4,93.444,-36.1,4.962,5228.1,999.0,0,1.0,0.0,0.0,2,7,0.0,6,8,1,1
8072,31.0,1,999,0,1.4,93.444,-36.1,4.965,5228.1,999.0,0,0.0,0.0,0.0,2,7,0.0,3,8,1,1
8073,40.0,1,999,0,-1.8,92.893,-46.2,1.259,5099.1,999.0,0,1.0,1.0,0.0,2,8,0.0,3,5,1,1
8074,31.0,2,999,0,1.1,93.994,-36.4,4.855,5191.0,999.0,0,0.0,0.0,1.0,1,4,0.0,5,5,1,1
8075,31.0,1,999,0,-1.8,93.075,-47.1,1.365,5099.1,999.0,0,1.0,0.0,0.0,1,8,0.0,6,4,1,1
8076,31.0,2,999,1,-1.8,93.369,-34.8,0.651,5008.7,999.0,0,1.0,0.0,0.0,2,5,0.0,6,3,1,2
8077,40.0,15,999,0,1.4,93.918,-42.7,4.963,5228.1,999.0,0,1.0,0.0,0.0,2,8,0.0,4,7,1,1
8078,35.0,1,999,0,-1.8,93.749,-34.6,0.635,5008.7,999.0,0,1.0,1.0,1.0,3,8,0.0,6,4,1,1
8079,32.0,1,999,0,1.1,93.994,-36.4,4.855,5191.0,999.0,0,0.0,0.0,1.0,2,3,0.0,4,5,1,1
8080,54.0,8,999,0,1.1,93.994,-36.4,4.857,5191.0,999.0,0,0.0,0.0,1.0,2,8,0.0,12,5,2,1
8081,24.0,8,999,0,1.4,93.918,-42.7,4.958,5228.1,999.0,0,1.0,1.0,0.0,1,8,0.0,5,7,1,1
8082,31.0,3,999,0,-1.8,93.075,-47.1,1.405,5099.1,999.0,0,1.0,1.0,0.0,2,8,0.0,1,4,2,1
8083,36.0,4,999,0,1.1,93.994,-36.4,4.86,5191.0,999.0,0,1.0,1.0,1.0,2,5,0.0,9,5,1,1
8084,38.0,2,999,1,-1.8,92.893,-46.2,1.344,5099.1,999.0,2,1.0,1.0,0.0,3,6,0.0,5,5,1,2
8085,42.0,2,999,0,1.4,93.918,-42.7,4.962,5228.1,999.0,0,1.0,0.0,0.0,2,4,0.0,6,7,2,1
8086,45.0,5,999,0,1.1,93.994,-36.4,4.857,5191.0,999.0,0,1.0,0.0,1.0,2,4,0.0,4,5,1,1
8087,57.0,2,999,0,1.1,93.994,-36.4,4.857,5191.0,999.0,0,1.0,0.0,1.0,3,4,0.0,4,5,1,1
8088,31.0,2,999,0,1.4,93.918,-42.7,4.96,5228.1,999.0,0,0.0,0.0,0.0,1,4,0.0,9,7,2,1
8089,31.0,1,999,0,1.4,93.444,-36.1,4.968,5228.1,999.0,0,1.0,0.0,0.0,2,2,0.0,4,8,1,1
8090,31.0,1,999,0,-3.4,92.649,-30.1,0.716,5017.5,999.0,0,0.0,0.0,0.0,1,7,0.0,5,11,1,1
8091,28.0,1,999,0,1.4,93.918,-42.7,4.962,5228.1,999.0,0,1.0,0.0,0.0,2,5,0.0,9,7,1,1
8092,50.0,1,999,0,1.4,93.918,-42.7,4.968,5228.1,999.0,0,1.0,0.0,0.0,2,7,0.0,3,7,1,1
8093,31.0,1,999,0,1.4,93.918,-42.7,4.962,5228.1,999.0,0,1.0,0.0,0.0,1,8,0.0,9,7,1,1
8094,58.0,3,999,0,1.4,94.465,-41.8,4.959,5228.1,999.0,0,1.0,0.0,1.0,3,7,0.0,8,6,1,1
8095,31.0,5,999,0,1.1,93.994,-36.4,4.864,5191.0,999.0,0,1.0,0.0,1.0,1,8,0.0,12,5,1,1
8096,31.0,6,999,0,1.4,94.465,-41.8,4.962,5228.1,999.0,0,1.0,0.0,1.0,2,5,0.0,6,6,1,1
8097,31.0,1,999,0,1.1,93.994,-36.4,4.859,5191.0,999.0,0,0.0,0.0,1.0,2,8,0.0,4,5,1,1
8098,31.0,1,999,0,1.4,93.444,-36.1,4.965,5228.1,999.0,0,1.0,0.0,0.0,2,7,0.0,6,8,1,1
8099,31.0,2,999,1,-1.8,92.893,-46.2,1.281,5099.1,999.0,3,1.0,0.0,0.0,1,4,0.0,6,5,1,2
8100,40.0,2,999,0,1.4,93.918,-42.7,4.963,5228.1,999.0,0,1.0,0.0,0.0,2,7,0.0,9,7,1,1
8101,24.0,4,999,0,1.4,93.918,-42.7,4.963,5228.1,999.0,0,1.0,0.0,0.0,1,8,0.0,9,7,1,1
8102,43.0,1,999,0,1.4,93.918,-42.7,4.961,5228.1,999.0,0,0.0,0.0,1.0,2,5,0.0,6,7,1,1
8103,38.0,1,999,0,-1.8,92.893,-46.2,1.266,5099.1,999.0,0,1.0,1.0,0.0,2,2,0.0,4,5,1,1
8104,24.0,1,999,0,-2.9,92.963,-40.8,1.262,5076.2,999.0,0,1.0,1.0,0.0,1,8,0.0,12,6,1,1
8105,24.0,1,999,0,1.4,93.918,-42.7,4.962,5228.1,999.0,0,0.0,0.0,0.0,1,5,0.0,11,7,1,1
8106,43.0,1,999,0,1.4,94.465,-41.8,4.961,5228.1,999.0,0,1.0,0.0,1.0,2,6,0.0,10,6,1,1
8107,31.0,4,999,1,-3.4,92.431,-26.9,0.722,5017.5,999.0,4,1.0,0.0,1.0,4,8,0.0,7,10,1,2
8108,58.0,9,999,0,1.4,94.465,-41.8,4.962,5228.1,999.0,0,0.0,0.0,1.0,4,8,0.0,3,6,1,1
8109,30.0,2,999,0,-1.8,92.893,-46.2,1.27,5099.1,999.0,0,0.0,0.0,0.0,2,6,0.0,5,5,1,1
8110,31.0,2,999,0,1.4,94.465,-41.8,4.866,5228.1,999.0,0,0.0,0.0,1.0,2,7,0.0,5,6,1,1
8111,37.0,1,999,0,-2.9,92.201,-31.4,0.879,5076.2,999.0,0,1.0,0.0,0.0,1,7,0.0,3,8,1,1
8112,50.0,1,999,0,-0.1,93.2,-42.0,4.021,5195.8,999.0,0,0.0,0.0,0.0,2,7,0.0,6,11,1,1
8113,31.0,1,999,0,1.4,93.918,-42.7,4.963,5228.1,999.0,0,1.0,0.0,0.0,2,6,0.0,5,7,1,1
8114,31.0,2,999,0,1.1,93.994,-36.4,4.86,5191.0,999.0,0,0.0,1.0,1.0,2,2,0.0,4,5,1,1
8115,31.0,1,999,0,-1.8,92.893,-46.2,1.266,5099.1,999.0,0,1.0,0.0,0.0,2,5,0.0,6,5,1,1
8116,31.0,3,999,0,1.4,93.918,-42.7,4.962,5228.1,999.0,0,1.0,0.0,1.0,1,4,0.0,4,7,2,1
8117,25.0,7,999,0,1.4,93.918,-42.7,4.963,5228.1,999.0,0,1.0,1.0,0.0,1,5,0.0,9,7,1,1
8118,32.0,1,999,0,1.4,93.918,-42.7,4.963,5228.1,999.0,0,1.0,0.0,0.0,2,8,0.0,5,7,1,1
8119,44.0,3,999,0,1.1,93.994,-36.4,4.856,5191.0,999.0,0,0.0,0.0,1.0,2,4,0.0,4,5,1,1
8120,31.0,1,999,0,-2.9,92.963,-40.8,1.268,5076.2,999.0,0,1.0,0.0,1.0,2,6,0.0,5,6,1,1
8121,34.0,2,999,0,1.1,93.994,-36.4,4.864,5191.0,999.0,0,0.0,0.0,1.0,2,7,0.0,3,5,1,1
8122,39.0,1,999,0,-2.9,92.963,-40.8,1.26,5076.2,999.0,0,1.0,0.0,0.0,2,7,0.0,3,6,1,1
8123,31.0,1,999,0,1.4,94.465,-41.8,4.961,5228.1,999.0,0,0.0,0.0,1.0,1,5,0.0,5,6,1,1
8124,31.0,2,999,0,1.4,93.444,-36.1,4.966,5228.1,999.0,0,1.0,0.0,0.0,1,7,0.0,10,8,1,1
8125,41.0,1,999,0,1.1,93.994,-36.4,4.856,5191.0,999.0,0,1.0,0.0,1.0,3,8,0.0,5,5,1,1
8126,42.0,2,999,0,1.4,94.465,-41.8,4.866,5228.1,999.0,0,0.0,0.0,1.0,2,8,0.0,10,6,1,1
8127,56.0,1,999,0,1.4,93.918,-42.7,4.968,5228.1,999.0,0,1.0,0.0,0.0,2,8,0.0,3,7,1,1
8128,31.0,1,999,1,-0.1,93.2,-42.0,4.12,5195.8,999.0,3,0.0,0.0,0.0,2,8,0.0,5,11,1,2
8129,31.0,8,999,0,1.4,94.465,-41.8,4.959,5228.1,999.0,0,1.0,0.0,1.0,1,8,0.0,11,6,1,1
8130,28.0,1,3,5,-1.8,93.876,-40.0,0.69,5008.7,0.1,15,0.0,1.0,0.0,1,8,0.0,11,5,1,3
8131,35.0,3,999,0,1.4,93.918,-42.7,4.962,5228.1,999.0,0,0.0,0.0,0.0,2,2,0.0,4,7,1,1
8132,31.0,2,999,0,1.1,93.994,-36.4,4.857,5191.0,999.0,0,1.0,0.0,1.0,2,8,0.0,8,5,2,1
8133,56.0,2,999,0,1.1,93.994,-36.4,4.855,5191.0,999.0,0,0.0,0.0,1.0,3,8,0.0,9,5,1,1
8134,31.0,2,999,0,1.1,93.994,-36.4,4.857,5191.0,999.0,0,1.0,0.0,1.0,2,2,0.0,4,5,1,1
8135,73.0,1,15,1,-2.9,92.201,-31.4,0.881,5076.2,0.5,0,0.0,0.0,0.0,2,8,0.0,8,8,1,3
8136,35.0,3,999,0,1.4,94.465,-41.8,4.961,5228.1,999.0,0,1.0,0.0,1.0,2,6,0.0,5,6,1,1
8137,41.0,2,6,1,-1.1,94.767,-50.8,1.039,4963.6,0.2,3,0.0,0.0,0.0,2,8,0.0,5,11,2,3
8138,41.0,3,999,0,1.4,93.918,-42.7,4.96,5228.1,999.0,0,1.0,0.0,0.0,2,8,0.0,4,7,2,1
8139,34.0,1,999,0,1.1,93.994,-36.4,4.86,5191.0,999.0,0,0.0,0.0,1.0,1,2,0.0,11,5,1,1
8140,31.0,2,999,0,1.4,93.918,-42.7,4.962,5228.1,999.0,0,0.0,0.0,0.0,3,8,0.0,4,7,2,1
8141,31.0,7,999,0,1.1,93.994,-36.4,4.856,5191.0,999.0,0,1.0,0.0,1.0,3,6,0.0,4,5,1,1
8142,31.0,2,999,0,-0.1,93.2,-42.0,4.076,5195.8,999.0,0,1.0,0.0,0.0,2,8,0.0,7,11,1,1
8143,50.0,1,999,0,-2.9,92.963,-40.8,1.26,5076.2,999.0,0,1.0,0.0,0.0,2,4,0.0,4,6,1,1
8144,31.0,3,999,0,-1.8,92.893,-46.2,1.299,5099.1,999.0,0,0.0,0.0,0.0,2,8,0.0,2,5,2,1
8145,31.0,1,999,0,-0.1,93.2,-42.0,4.191,5195.8,999.0,0,1.0,0.0,0.0,2,7,0.0,3,11,1,1
8146,31.0,1,999,0,1.4,94.465,-41.8,4.967,5228.1,999.0,0,0.0,0.0,1.0,1,7,0.0,6,6,1,1
8147,31.0,1,6,1,-3.0,92.713,-33.0,0.72,5023.5,0.2,4,0.0,0.0,0.0,2,7,0.0,6,12,1,3
8148,37.0,1,999,0,1.1,93.994,-36.4,4.857,5191.0,999.0,0,1.0,0.0,1.0,1,7,0.0,1,5,1,1
8149,36.0,5,999,0,1.4,93.918,-42.7,4.962,5228.1,999.0,0,1.0,1.0,0.0,1,8,0.0,6,7,2,1
8150,43.0,1,999,0,1.4,93.918,-42.7,4.96,5228.1,999.0,0,1.0,0.0,0.0,2,5,0.0,6,7,1,1
8151,81.0,1,999,2,-1.1,94.601,-49.5,1.016,4963.6,999.0,2,1.0,0.0,0.0,2,2,0.0,8,10,1,2
8152,56.0,3,999,0,1.4,94.465,-41.8,4.864,5228.1,999.0,0,1.0,0.0,1.0,2,4,0.0,3,6,1,1
8153,46.0,1,999,0,1.4,93.918,-42.7,4.963,5228.1,999.0,0,1.0,0.0,0.0,3,7,0.0,6,7,1,1
8154,44.0,1,999,0,-1.8,92.893,-46.2,1.299,5099.1,999.0,0,1.0,0.0,0.0,2,8,0.0,6,5,2,1
8155,29.0,2,999,1,-1.8,92.893,-46.2,1.281,5099.1,999.0,1,1.0,0.0,0.0,2,7,0.0,6,5,1,2
8156,31.0,2,999,0,1.4,93.918,-42.7,4.963,5228.1,999.0,0,0.0,0.0,0.0,2,5,0.0,6,7,1,1
8157,31.0,1,999,0,1.4,93.918,-42.7,4.968,5228.1,999.0,0,1.0,0.0,0.0,1,5,0.0,5,7,1,1
8158,34.0,2,999,0,1.4,93.444,-36.1,4.965,5228.1,999.0,0,1.0,0.0,0.0,1,8,0.0,6,8,2,1
8159,28.0,1,999,1,-1.8,92.893,-46.2,1.313,5099.1,999.0,2,0.0,1.0,0.0,2,5,0.0,9,5,1,2
8160,44.0,10,999,0,1.4,93.444,-36.1,4.962,5228.1,999.0,0,1.0,1.0,0.0,2,4,0.0,6,8,1,1
8161,31.0,2,999,0,-1.8,92.893,-46.2,1.299,5099.1,999.0,0,0.0,1.0,0.0,2,8,0.0,3,5,2,1
8162,42.0,3,999,0,1.4,93.444,-36.1,4.965,5228.1,999.0,0,0.0,0.0,0.0,2,8,0.0,6,8,1,1
8163,41.0,1,999,0,1.1,93.994,-36.4,4.857,5191.0,999.0,0,1.0,0.0,1.0,2,6,0.0,5,5,2,1
8164,65.0,1,999,0,-2.9,92.201,-31.4,0.859,5076.2,999.0,0,1.0,0.0,0.0,3,2,0.0,2,8,1,1
8165,50.0,2,999,0,1.4,94.465,-41.8,4.961,5228.1,999.0,0,0.0,0.0,1.0,2,7,0.0,7,6,1,1
8166,31.0,2,999,0,1.1,93.994,-36.4,4.856,5191.0,999.0,0,0.0,0.0,1.0,3,7,0.0,6,5,1,1
8167,27.0,4,999,0,1.4,93.918,-42.7,4.963,5228.1,999.0,0,1.0,0.0,0.0,1,4,0.0,4,7,1,1
8168,32.0,1,999,1,-1.8,93.075,-47.1,1.405,5099.1,999.0,1,0.0,0.0,0.0,2,8,0.0,4,4,1,2
8169,33.0,2,999,0,1.4,93.918,-42.7,4.962,5228.1,999.0,0,1.0,0.0,0.0,2,4,0.0,9,7,1,1
8170,24.0,2,999,0,1.4,93.918,-42.7,4.963,5228.1,999.0,0,1.0,0.0,0.0,2,8,0.0,6,7,1,1
8171,31.0,43,999,0,1.4,93.918,-42.7,4.962,5228.1,999.0,0,1.0,1.0,1.0,1,7,0.0,5,7,1,1
8172,58.0,1,999,0,-2.9,92.201,-31.4,0.849,5076.2,999.0,0,1.0,0.0,0.0,2,7,0.0,8,8,1,1
8173,34.0,2,999,0,1.4,94.465,-41.8,4.865,5228.1,999.0,0,1.0,0.0,1.0,2,6,0.0,5,6,2,1
8174,31.0,2,999,0,-0.1,93.2,-42.0,4.12,5195.8,999.0,0,1.0,0.0,0.0,2,7,0.0,3,11,1,1
8175,36.0,1,999,0,1.4,93.444,-36.1,4.964,5228.1,999.0,0,1.0,1.0,0.0,2,8,0.0,6,8,1,1
8176,38.0,2,999,1,-1.8,93.075,-47.1,1.466,5099.1,999.0,5,1.0,0.0,0.0,1,5,0.0,6,4,2,2
8177,39.0,1,999,0,1.4,94.465,-41.8,4.866,5228.1,999.0,0,1.0,0.0,1.0,2,8,0.0,4,6,1,1
8178,44.0,2,999,0,-1.8,92.893,-46.2,1.281,5099.1,999.0,0,0.0,0.0,0.0,3,8,0.0,4,5,1,1
8179,55.0,2,999,1,-1.8,93.075,-47.1,1.466,5099.1,999.0,2,0.0,0.0,0.0,2,6,0.0,5,4,2,2
8180,45.0,1,999,0,-1.8,92.893,-46.2,1.291,5099.1,999.0,0,0.0,1.0,0.0,2,5,0.0,6,5,1,1
8181,31.0,1,999,2,-3.4,92.649,-30.1,0.716,5017.5,999.0,6,1.0,0.0,0.0,2,8,0.0,8,11,1,2
8182,31.0,2,999,0,-0.1,93.2,-42.0,4.12,5195.8,999.0,0,1.0,0.0,0.0,2,4,0.0,6,11,1,1
8183,31.0,1,999,0,1.1,93.994,-36.4,4.855,5191.0,999.0,0,0.0,0.0,1.0,2,8,0.0,4,5,1,1
8184,54.0,4,999,0,1.4,93.444,-36.1,4.964,5228.1,999.0,0,1.0,0.0,0.0,2,6,0.0,6,8,1,1
8185,44.0,2,999,0,-0.1,93.2,-42.0,4.153,5195.8,999.0,0,1.0,0.0,0.0,2,4,0.0,3,11,1,1
8186,29.0,3,12,1,-1.8,93.749,-34.6,0.645,5008.7,0.4,0,1.0,0.0,0.0,1,7,0.0,6,4,2,3
8187,31.0,1,999,0,1.4,93.918,-42.7,4.963,5228.1,999.0,0,0.0,0.0,0.0,1,5,0.0,6,7,1,1
8188,32.0,3,999,0,1.4,93.444,-36.1,4.962,5228.1,999.0,0,1.0,1.0,0.0,1,7,0.0,5,8,1,1
8189,69.0,1,999,0,-3.4,92.431,-26.9,0.741,5017.5,999.0,0,1.0,0.0,0.0,2,8,0.0,5,10,1,1
8190,59.0,1,999,0,1.4,93.918,-42.7,4.968,5228.1,999.0,0,1.0,1.0,0.0,2,2,0.0,2,7,1,1
8191,31.0,3,999,0,-0.1,93.2,-42.0,4.076,5195.8,999.0,0,1.0,1.0,0.0,2,6,0.0,4,11,1,1
8192,53.0,3,999,0,1.4,93.444,-36.1,4.964,5228.1,999.0,0,1.0,0.0,0.0,2,8,0.0,4,8,1,1
8193,31.0,3,999,0,1.4,93.444,-36.1,4.963,5228.1,999.0,0,1.0,0.0,0.0,2,6,0.0,5,8,1,1
8194,30.0,1,999,0,1.4,93.444,-36.1,4.967,5228.1,999.0,0,1.0,0.0,0.0,1,7,0.0,6,8,1,1
8195,48.0,4,999,0,1.1,93.994,-36.4,4.864,5191.0,999.0,0,1.0,0.0,1.0,3,7,0.0,6,5,1,1
8196,49.0,2,999,0,1.4,93.918,-42.7,4.957,5228.1,999.0,0,1.0,0.0,0.0,3,8,0.0,4,7,1,1
8197,32.0,1,999,1,-0.1,93.2,-42.0,4.153,5195.8,999.0,5,1.0,0.0,0.0,2,8,0.0,6,11,1,2
8198,58.0,1,999,0,1.4,94.465,-41.8,4.947,5228.1,999.0,0,0.0,0.0,1.0,2,8,0.0,4,6,1,1
8199,31.0,1,999,1,-0.1,93.2,-42.0,4.153,5195.8,999.0,3,1.0,0.0,0.0,1,8,0.0,6,11,1,2
8200,72.0,2,999,1,-1.7,94.215,-40.3,0.87,4991.6,999.0,2,1.0,0.0,0.0,2,2,0.0,8,7,2,2
8201,42.0,1,999,0,1.4,93.918,-42.7,4.961,5228.1,999.0,0,1.0,0.0,0.0,2,7,0.0,7,7,1,1
8202,31.0,1,999,0,1.4,94.465,-41.8,4.967,5228.1,999.0,0,1.0,1.0,1.0,2,5,0.0,3,6,1,1
8203,32.0,1,999,0,-0.1,93.2,-42.0,4.076,5195.8,999.0,0,0.0,0.0,0.0,2,7,0.0,3,11,1,1
8204,60.0,5,999,0,1.4,94.465,-41.8,4.959,5228.1,999.0,0,1.0,0.0,1.0,1,4,0.0,1,6,1,1
8205,37.0,1,999,0,-1.8,93.075,-47.1,1.365,5099.1,999.0,0,1.0,0.0,0.0,2,5,0.0,6,4,1,1
8206,33.0,2,999,0,1.1,93.994,-36.4,4.857,5191.0,999.0,0,1.0,0.0,1.0,1,3,0.0,9,5,1,1
8207,25.0,1,999,0,-2.9,92.201,-31.4,0.869,5076.2,999.0,0,0.0,0.0,0.0,1,5,0.0,11,8,1,1
8208,38.0,1,999,1,-1.8,92.893,-46.2,1.334,5099.1,999.0,0,1.0,0.0,0.0,2,5,0.0,4,5,1,2
8209,29.0,7,999,0,1.4,93.444,-36.1,4.965,5228.1,999.0,0,0.0,0.0,0.0,1,8,0.0,6,8,2,1
8210,31.0,2,999,1,-1.8,93.749,-34.6,0.659,5008.7,999.0,2,1.0,0.0,0.0,1,7,0.0,6,4,1,2
8211,31.0,5,999,0,-0.1,93.2,-42.0,4.12,5195.8,999.0,0,0.0,0.0,0.0,1,7,0.0,6,11,1,1
8212,31.0,5,999,0,1.1,93.994,-36.4,4.856,5191.0,999.0,0,0.0,0.0,1.0,1,5,0.0,6,5,1,1
8213,31.0,3,4,2,-2.9,92.201,-31.4,0.884,5076.2,0.133333333333,4,1.0,0.0,0.0,2,7,0.0,6,8,2,3
8214,42.0,7,999,0,1.4,93.444,-36.1,4.963,5228.1,999.0,0,0.0,1.0,0.0,2,8,0.0,6,8,1,1
8215,41.0,1,999,1,-1.8,92.893,-46.2,1.344,5099.1,999.0,0,0.0,0.0,0.0,1,4,0.0,3,5,1,2
8216,43.0,2,999,0,1.4,93.918,-42.7,4.961,5228.1,999.0,0,1.0,0.0,1.0,2,8,0.0,6,7,1,1
8217,50.0,1,999,1,-0.1,93.2,-42.0,4.191,5195.8,999.0,0,0.0,0.0,0.0,2,8,0.0,7,11,2,2
8218,31.0,4,999,0,-3.4,92.431,-26.9,0.74,5017.5,999.0,0,1.0,0.0,0.0,2,8,0.0,4,10,1,1
8219,28.0,2,999,0,1.1,93.994,-36.4,4.858,5191.0,999.0,0,0.0,0.0,1.0,1,4,0.0,1,5,2,1
8220,29.0,3,999,0,-0.1,93.2,-42.0,4.076,5195.8,999.0,0,1.0,1.0,0.0,2,7,0.0,7,11,1,1
8221,31.0,2,999,0,1.4,94.465,-41.8,4.961,5228.1,999.0,0,1.0,1.0,1.0,3,7,0.0,3,6,1,1
8222,44.0,1,999,0,-1.8,92.893,-46.2,1.244,5099.1,999.0,0,1.0,0.0,0.0,2,8,0.0,6,5,2,1
8223,58.0,2,999,2,-1.8,93.369,-34.8,0.635,5008.7,999.0,4,0.0,0.0,0.0,2,8,0.0,9,3,2,2
8224,28.0,8,999,0,-1.8,92.893,-46.2,1.25,5099.1,999.0,0,1.0,1.0,0.0,1,3,0.0,4,5,1,1
8225,31.0,6,999,0,1.4,94.465,-41.8,4.962,5228.1,999.0,0,0.0,1.0,1.0,2,5,0.0,5,6,1,1
8226,51.0,3,999,0,1.4,94.465,-41.8,4.959,5228.1,999.0,0,1.0,0.0,1.0,2,7,0.0,3,6,1,1
8227,31.0,1,999,0,-3.4,92.379,-29.8,0.741,5017.5,999.0,0,1.0,0.0,0.0,2,5,0.0,8,9,1,1
8228,58.0,5,999,0,1.1,93.994,-36.4,4.858,5191.0,999.0,0,0.0,0.0,1.0,2,8,0.0,3,5,1,1
8229,34.0,2,999,0,1.4,93.444,-36.1,4.964,5228.1,999.0,0,0.0,0.0,0.0,2,8,0.0,6,8,1,1
8230,31.0,4,999,0,1.4,94.465,-41.8,4.959,5228.1,999.0,0,0.0,0.0,1.0,1,8,0.0,9,6,1,1
8231,31.0,1,999,0,-1.8,92.893,-46.2,1.291,5099.1,999.0,0,0.0,0.0,0.0,3,5,0.0,6,5,1,1
8232,42.0,1,999,0,1.1,93.994,-36.4,4.857,5191.0,999.0,0,1.0,0.0,1.0,3,7,0.0,6,5,2,1
8233,30.0,2,999,0,1.4,93.918,-42.7,4.962,5228.1,999.0,0,1.0,0.0,0.0,1,8,0.0,6,7,1,1
8234,31.0,1,999,0,-1.8,92.893,-46.2,1.334,5099.1,999.0,0,1.0,0.0,0.0,1,8,0.0,4,5,1,1
8235,31.0,1,999,0,1.1,93.994,-36.4,4.856,5191.0,999.0,0,1.0,0.0,1.0,2,5,0.0,9,5,1,1
8236,31.0,2,999,0,1.4,93.444,-36.1,4.964,5228.1,999.0,0,1.0,1.0,0.0,2,7,0.0,5,8,1,1
8237,49.0,4,999,0,1.4,93.444,-36.1,4.963,5228.1,999.0,0,1.0,0.0,0.0,2,8,0.0,10,8,2,1
8238,57.0,3,999,0,1.4,93.444,-36.1,4.965,5228.1,999.0,0,1.0,0.0,0.0,2,8,0.0,6,8,2,1
8239,31.0,1,999,0,1.4,93.918,-42.7,4.955,5228.1,999.0,0,0.0,0.0,1.0,2,8,0.0,4,7,1,1
8240,45.0,8,999,0,1.4,93.444,-36.1,4.963,5228.1,999.0,0,0.0,0.0,0.0,2,8,0.0,6,8,2,1
8241,32.0,1,999,1,-2.9,92.963,-40.8,1.26,5076.2,999.0,3,1.0,0.0,0.0,2,8,0.0,5,6,1,2
8242,55.0,1,999,0,1.4,93.444,-36.1,4.964,5228.1,999.0,0,1.0,0.0,0.0,2,8,0.0,9,8,1,1
8243,49.0,2,999,0,1.4,93.918,-42.7,4.963,5228.1,999.0,0,1.0,0.0,0.0,2,8,0.0,12,7,1,1
8244,27.0,2,999,0,1.4,93.918,-42.7,4.962,5228.1,999.0,0,0.0,0.0,0.0,1,5,0.0,5,7,1,1
8245,51.0,1,10,1,-1.7,94.055,-39.8,0.702,4991.6,0.333333333333,1,1.0,0.0,0.0,2,7,0.0,5,6,1,3
8246,48.0,4,999,0,1.4,93.918,-42.7,4.96,5228.1,999.0,0,0.0,1.0,0.0,3,8,0.0,9,7,2,1
8247,31.0,5,999,0,1.4,93.918,-42.7,4.96,5228.1,999.0,0,0.0,0.0,0.0,2,5,0.0,6,7,1,1
8248,56.0,3,3,1,-1.8,92.893,-46.2,1.27,5099.1,0.1,0,0.0,0.0,0.0,2,8,0.0,5,5,1,3
8249,31.0,1,999,0,-0.1,93.2,-42.0,4.191,5195.8,999.0,0,1.0,0.0,0.0,2,8,0.0,1,11,2,1
8250,41.0,1,999,0,1.4,93.918,-42.7,4.96,5228.1,999.0,0,1.0,0.0,0.0,2,2,0.0,7,7,2,1
8251,42.0,3,999,0,1.4,93.444,-36.1,4.965,5228.1,999.0,0,1.0,0.0,0.0,2,7,0.0,6,8,1,1
8252,34.0,3,999,1,-1.8,92.893,-46.2,1.266,5099.1,999.0,7,0.0,0.0,0.0,2,5,0.0,4,5,1,2
8253,52.0,2,999,0,1.1,93.994,-36.4,4.857,5191.0,999.0,0,1.0,0.0,1.0,2,2,0.0,4,5,1,1
8254,31.0,2,999,0,1.4,93.918,-42.7,4.963,5228.1,999.0,0,1.0,1.0,0.0,3,4,0.0,4,7,1,1
8255,46.0,3,999,0,1.4,93.444,-36.1,4.965,5228.1,999.0,0,0.0,1.0,0.0,2,8,0.0,4,8,2,1
8256,45.0,4,999,0,1.4,94.465,-41.8,4.959,5228.1,999.0,0,1.0,1.0,1.0,3,2,0.0,2,6,1,1
8257,32.0,1,999,0,1.4,93.444,-36.1,4.964,5228.1,999.0,0,0.0,0.0,0.0,1,8,0.0,5,8,1,1
8258,29.0,1,999,0,-1.8,93.369,-34.8,0.652,5008.7,999.0,0,1.0,0.0,0.0,1,8,0.0,6,3,2,1
8259,41.0,1,999,0,1.4,93.444,-36.1,4.964,5228.1,999.0,0,1.0,0.0,1.0,2,2,0.0,2,8,1,1
8260,53.0,2,999,0,1.4,93.444,-36.1,4.965,5228.1,999.0,0,1.0,0.0,0.0,2,7,0.0,6,8,1,1
8261,36.0,1,999,0,1.4,93.918,-42.7,4.96,5228.1,999.0,0,1.0,0.0,0.0,3,5,0.0,9,7,2,1
8262,31.0,1,999,0,1.1,93.994,-36.4,4.858,5191.0,999.0,0,1.0,1.0,1.0,1,8,0.0,5,5,2,1
8263,33.0,3,999,0,1.4,93.918,-42.7,4.962,5228.1,999.0,0,0.0,0.0,0.0,2,7,0.0,6,7,2,1
8264,54.0,2,999,0,-1.8,92.843,-50.0,1.56,5099.1,999.0,0,0.0,0.0,0.0,2,7,0.0,6,3,2,1
8265,73.0,1,999,0,-1.7,94.027,-38.3,0.904,4991.6,999.0,0,1.0,0.0,1.0,3,8,0.0,8,8,2,1
8266,28.0,2,999,0,1.4,93.918,-42.7,4.962,5228.1,999.0,0,1.0,0.0,1.0,2,8,0.0,9,7,1,1
8267,34.0,2,999,0,1.1,93.994,-36.4,4.858,5191.0,999.0,0,1.0,0.0,1.0,2,6,0.0,4,5,2,1
8268,31.0,1,999,0,-1.8,92.893,-46.2,1.327,5099.1,999.0,0,1.0,0.0,0.0,2,8,0.0,4,5,1,1
8269,36.0,11,999,0,1.4,93.918,-42.7,4.962,5228.1,999.0,0,0.0,0.0,0.0,2,7,0.0,6,7,2,1
8270,32.0,3,999,0,-1.8,92.843,-50.0,1.52,5099.1,999.0,0,1.0,1.0,0.0,1,7,0.0,6,3,2,1
8271,59.0,1,999,0,-1.8,92.893,-46.2,1.291,5099.1,999.0,0,1.0,1.0,0.0,2,8,0.0,4,5,1,1
8272,31.0,2,999,0,1.4,93.918,-42.7,4.962,5228.1,999.0,0,1.0,1.0,0.0,2,7,0.0,3,7,1,1
8273,33.0,2,999,0,-2.9,92.963,-40.8,1.262,5076.2,999.0,0,0.0,0.0,0.0,2,6,0.0,5,6,1,1
8274,36.0,4,999,0,1.1,93.994,-36.4,4.857,5191.0,999.0,0,0.0,0.0,1.0,2,4,0.0,4,5,2,1
8275,38.0,5,999,0,-1.8,93.075,-47.1,1.405,5099.1,999.0,0,1.0,0.0,0.0,1,6,0.0,5,4,2,1
8276,37.0,6,999,0,1.4,94.465,-41.8,4.864,5228.1,999.0,0,1.0,0.0,1.0,2,4,0.0,1,6,1,1
8277,43.0,2,999,0,1.4,93.918,-42.7,4.96,5228.1,999.0,0,0.0,1.0,0.0,2,8,0.0,3,7,2,1
8278,42.0,2,999,0,1.4,93.918,-42.7,4.957,5228.1,999.0,0,1.0,0.0,0.0,2,7,0.0,6,7,1,1
8279,31.0,1,999,1,-0.1,93.2,-42.0,4.076,5195.8,999.0,1,0.0,0.0,0.0,2,6,0.0,5,11,1,2
8280,43.0,1,999,0,1.4,93.918,-42.7,4.962,5228.1,999.0,0,1.0,0.0,0.0,1,8,0.0,6,7,1,1
8281,52.0,3,999,0,1.4,94.465,-41.8,4.865,5228.1,999.0,0,1.0,0.0,1.0,2,8,0.0,5,6,1,1
8282,37.0,1,999,0,1.4,93.918,-42.7,4.963,5228.1,999.0,0,0.0,0.0,0.0,2,3,0.0,4,7,1,1
8283,46.0,4,999,1,-2.9,92.963,-40.8,1.262,5076.2,999.0,2,1.0,1.0,0.0,2,4,0.0,10,6,1,2
8284,48.0,9,999,0,-1.8,92.893,-46.2,1.291,5099.1,999.0,0,0.0,0.0,0.0,3,7,0.0,6,5,1,1
8285,41.0,1,9,3,-1.7,94.027,-38.3,0.899,4991.6,0.3,12,1.0,0.0,1.0,2,7,0.0,6,8,1,2
8286,31.0,1,999,1,-1.8,92.893,-46.2,1.25,5099.1,999.0,3,1.0,0.0,0.0,2,6,0.0,4,5,1,2
8287,30.0,1,999,0,1.1,93.994,-36.4,4.858,5191.0,999.0,0,1.0,0.0,1.0,2,6,0.0,5,5,1,1
8288,34.0,1,999,0,1.4,94.465,-41.8,4.958,5228.1,999.0,0,0.0,0.0,1.0,2,4,0.0,4,6,1,1
8289,28.0,4,999,0,1.1,93.994,-36.4,4.859,5191.0,999.0,0,1.0,0.0,1.0,1,5,0.0,11,5,1,1
8290,27.0,1,999,0,-1.8,93.876,-40.0,0.701,5008.7,999.0,0,1.0,1.0,0.0,1,4,0.0,11,5,2,1
8291,43.0,1,999,0,-0.1,93.2,-42.0,4.153,5195.8,999.0,0,1.0,0.0,0.0,2,6,0.0,3,11,1,1
8292,40.0,3,999,0,1.1,93.994,-36.4,4.856,5191.0,999.0,0,0.0,0.0,1.0,2,6,0.0,5,5,1,1
8293,34.0,2,999,0,1.4,94.465,-41.8,4.864,5228.1,999.0,0,0.0,0.0,1.0,2,7,0.0,3,6,1,1
8294,58.0,1,999,0,1.4,93.444,-36.1,4.963,5228.1,999.0,0,0.0,0.0,0.0,3,5,0.0,6,8,1,1
8295,31.0,1,999,0,-0.1,93.2,-42.0,4.12,5195.8,999.0,0,1.0,0.0,0.0,3,8,0.0,2,11,1,1
8296,49.0,5,999,0,-1.8,92.893,-46.2,1.354,5099.1,999.0,0,0.0,0.0,0.0,3,7,0.0,6,5,2,1
8297,34.0,1,999,0,1.4,93.918,-42.7,4.962,5228.1,999.0,0,1.0,0.0,0.0,2,7,0.0,6,7,1,1
8298,38.0,3,999,0,1.4,93.918,-42.7,4.962,5228.1,999.0,0,0.0,0.0,0.0,2,8,0.0,4,7,2,1
8299,40.0,5,999,0,1.4,94.465,-41.8,4.96,5228.1,999.0,0,0.0,0.0,1.0,1,4,0.0,4,6,2,1
8300,39.0,1,999,0,1.4,94.465,-41.8,4.961,5228.1,999.0,0,1.0,1.0,1.0,2,6,0.0,6,6,1,1
8301,31.0,1,999,0,1.1,93.994,-36.4,4.855,5191.0,999.0,0,0.0,0.0,1.0,2,4,0.0,4,5,1,1
8302,29.0,5,999,0,-0.1,93.2,-42.0,4.076,5195.8,999.0,0,0.0,0.0,0.0,2,7,0.0,7,11,1,1
8303,27.0,1,999,0,-2.9,92.963,-40.8,1.268,5076.2,999.0,0,1.0,0.0,1.0,1,7,0.0,6,6,1,1
8304,42.0,1,999,0,1.1,93.994,-36.4,4.856,5191.0,999.0,0,0.0,0.0,1.0,2,4,0.0,8,5,1,1
8305,32.0,3,999,0,1.4,93.444,-36.1,4.963,5228.1,999.0,0,0.0,0.0,0.0,1,7,0.0,6,8,2,1
8306,31.0,1,999,0,1.4,93.444,-36.1,4.965,5228.1,999.0,0,0.0,0.0,0.0,2,8,0.0,5,8,1,1
8307,33.0,1,999,0,1.1,93.994,-36.4,4.857,5191.0,999.0,0,1.0,0.0,1.0,2,8,0.0,6,5,1,1
8308,31.0,3,999,0,1.4,93.444,-36.1,4.967,5228.1,999.0,0,1.0,0.0,0.0,2,2,0.0,4,8,1,1
8309,50.0,1,999,0,1.4,93.918,-42.7,4.962,5228.1,999.0,0,0.0,0.0,0.0,2,6,0.0,3,7,1,1
8310,31.0,1,999,0,1.4,93.444,-36.1,4.965,5228.1,999.0,0,0.0,0.0,0.0,2,6,0.0,5,8,1,1
8311,31.0,1,999,1,-1.8,92.893,-46.2,1.281,5099.1,999.0,3,0.0,0.0,0.0,2,8,0.0,9,5,1,2
8312,29.0,1,999,0,1.4,93.444,-36.1,4.965,5228.1,999.0,0,0.0,0.0,0.0,1,6,0.0,5,8,2,1
8313,33.0,1,999,0,-0.1,93.2,-42.0,4.076,5195.8,999.0,0,0.0,0.0,0.0,2,4,0.0,4,11,1,1
8314,28.0,3,999,1,-3.4,92.379,-29.8,0.797,5017.5,999.0,1,1.0,1.0,0.0,2,7,0.0,6,9,2,2
8315,34.0,1,999,0,-1.8,92.893,-46.2,1.25,5099.1,999.0,0,0.0,0.0,0.0,2,7,0.0,6,5,1,1
8316,31.0,1,999,0,-1.8,92.893,-46.2,1.244,5099.1,999.0,0,1.0,0.0,0.0,2,6,0.0,4,5,2,1
8317,33.0,1,999,0,-1.8,92.893,-46.2,1.266,5099.1,999.0,0,1.0,0.0,0.0,1,5,0.0,6,5,1,1
8318,32.0,2,999,0,-0.1,93.2,-42.0,4.12,5195.8,999.0,0,1.0,1.0,0.0,2,3,0.0,7,11,1,1
8319,48.0,3,999,0,1.4,93.918,-42.7,4.961,5228.1,999.0,0,0.0,0.0,1.0,2,6,0.0,5,7,1,1
8320,30.0,1,999,0,1.4,93.444,-36.1,4.965,5228.1,999.0,0,1.0,0.0,0.0,2,8,0.0,6,8,2,1
8321,45.0,3,999,0,-1.8,92.893,-46.2,1.313,5099.1,999.0,0,0.0,0.0,0.0,1,8,0.0,5,5,1,1
8322,57.0,1,999,0,1.4,93.444,-36.1,4.964,5228.1,999.0,0,0.0,0.0,0.0,2,2,0.0,4,8,1,1
8323,36.0,4,999,0,1.4,93.918,-42.7,4.968,5228.1,999.0,0,1.0,1.0,0.0,2,8,0.0,9,7,1,1
8324,40.0,6,999,0,1.4,93.444,-36.1,4.962,5228.1,999.0,0,1.0,0.0,0.0,2,8,0.0,5,8,1,1
8325,31.0,1,999,0,1.4,93.444,-36.1,4.965,5228.1,999.0,0,1.0,0.0,0.0,1,7,0.0,5,8,2,1
8326,47.0,1,999,0,1.1,93.994,-36.4,4.857,5191.0,999.0,0,0.0,1.0,1.0,3,8,0.0,4,5,1,1
8327,31.0,2,999,0,1.4,93.444,-36.1,4.965,5228.1,999.0,0,1.0,0.0,0.0,1,6,0.0,5,8,2,1
8328,55.0,4,999,0,1.4,93.444,-36.1,4.965,5228.1,999.0,0,0.0,0.0,0.0,2,6,0.0,6,8,2,1
8329,31.0,2,999,1,-1.8,92.893,-46.2,1.334,5099.1,999.0,0,1.0,0.0,0.0,3,7,0.0,5,5,1,2
8330,31.0,3,999,0,1.4,93.444,-36.1,4.965,5228.1,999.0,0,1.0,0.0,0.0,2,6,0.0,7,8,1,1
8331,45.0,4,999,0,1.4,93.444,-36.1,4.962,5228.1,999.0,0,1.0,0.0,0.0,2,6,0.0,9,8,1,1
8332,33.0,2,999,0,1.4,93.444,-36.1,4.968,5228.1,999.0,0,0.0,1.0,0.0,2,8,0.0,6,8,1,1
8333,46.0,1,999,0,-1.8,93.075,-47.1,1.365,5099.1,999.0,0,0.0,0.0,0.0,2,5,0.0,9,4,1,1
8334,40.0,3,999,0,1.1,93.994,-36.4,4.857,5191.0,999.0,0,1.0,0.0,1.0,1,5,0.0,6,5,1,1
8335,31.0,2,999,0,-1.1,94.601,-49.5,1.0,4963.6,999.0,0,1.0,0.0,0.0,2,7,0.0,8,10,2,1
8336,31.0,1,999,0,-2.9,92.963,-40.8,1.266,5076.2,999.0,0,1.0,0.0,0.0,2,4,0.0,9,6,2,1
8337,37.0,1,999,0,1.4,93.444,-36.1,4.962,5228.1,999.0,0,0.0,0.0,0.0,2,7,0.0,6,8,1,1
8338,50.0,2,999,0,1.4,93.444,-36.1,4.965,5228.1,999.0,0,1.0,1.0,0.0,2,8,0.0,5,8,1,1
8339,31.0,2,999,0,1.4,93.918,-42.7,4.963,5228.1,999.0,0,1.0,0.0,0.0,1,7,0.0,6,7,1,1
8340,44.0,2,999,0,1.4,93.918,-42.7,4.962,5228.1,999.0,0,0.0,0.0,0.0,2,8,0.0,4,7,1,1
8341,35.0,1,999,0,-0.1,93.2,-42.0,4.12,5195.8,999.0,0,1.0,0.0,0.0,2,7,0.0,6,11,1,1
8342,46.0,8,999,0,1.1,93.994,-36.4,4.857,5191.0,999.0,0,1.0,0.0,1.0,2,2,0.0,2,5,1,1
8343,32.0,2,999,0,-1.8,92.893,-46.2,1.299,5099.1,999.0,0,0.0,0.0,0.0,2,6,0.0,6,5,1,1
8344,29.0,1,999,0,1.4,93.918,-42.7,4.96,5228.1,999.0,0,1.0,0.0,0.0,2,8,0.0,9,7,2,1
8345,31.0,1,999,0,-1.8,92.893,-46.2,1.266,5099.1,999.0,0,1.0,0.0,0.0,2,7,0.0,2,5,1,1
8346,47.0,3,999,0,1.1,93.994,-36.4,4.859,5191.0,999.0,0,0.0,0.0,1.0,2,6,0.0,5,5,1,1
8347,31.0,1,999,0,1.4,93.444,-36.1,4.966,5228.1,999.0,0,0.0,1.0,0.0,2,8,0.0,2,8,1,1
8348,37.0,4,999,2,-1.7,94.215,-40.3,0.782,4991.6,999.0,6,1.0,1.0,0.0,1,5,0.0,6,7,1,2
8349,32.0,1,999,0,1.1,93.994,-36.4,4.857,5191.0,999.0,0,1.0,0.0,1.0,3,8,0.0,4,5,2,1
8350,27.0,2,999,1,-1.8,92.893,-46.2,1.291,5099.1,999.0,1,0.0,0.0,0.0,2,3,0.0,9,5,1,2
8351,52.0,8,999,0,1.4,93.918,-42.7,4.963,5228.1,999.0,0,0.0,1.0,0.0,3,7,0.0,6,7,1,1
8352,28.0,1,999,0,1.1,93.994,-36.4,4.858,5191.0,999.0,0,1.0,0.0,1.0,1,7,0.0,6,5,2,1
8353,37.0,2,999,0,1.4,93.918,-42.7,4.96,5228.1,999.0,0,0.0,0.0,0.0,2,5,0.0,9,7,2,1
8354,32.0,5,999,0,1.4,93.444,-36.1,4.965,5228.1,999.0,0,0.0,0.0,0.0,1,5,0.0,5,8,1,1
8355,58.0,3,999,0,1.4,93.444,-36.1,4.967,5228.1,999.0,0,0.0,0.0,0.0,2,2,0.0,2,8,1,1
8356,40.0,6,999,0,1.4,94.465,-41.8,4.961,5228.1,999.0,0,0.0,0.0,1.0,2,8,0.0,9,6,1,1
8357,59.0,4,999,0,1.4,93.444,-36.1,4.965,5228.1,999.0,0,0.0,0.0,0.0,2,2,0.0,4,8,1,1
8358,31.0,2,999,0,-1.8,93.075,-47.1,1.405,5099.1,999.0,0,0.0,0.0,0.0,2,2,0.0,4,4,2,1
8359,35.0,1,999,0,1.4,93.918,-42.7,4.961,5228.1,999.0,0,1.0,0.0,0.0,1,5,0.0,9,7,1,1
8360,31.0,21,999,0,1.4,93.444,-36.1,4.964,5228.1,999.0,0,1.0,0.0,1.0,2,2,0.0,4,8,1,1
8361,31.0,1,999,1,-1.8,92.893,-46.2,1.344,5099.1,999.0,2,1.0,1.0,0.0,2,6,0.0,4,5,1,2
8362,31.0,1,999,0,1.4,93.444,-36.1,4.97,5228.1,999.0,0,1.0,0.0,0.0,2,8,0.0,6,8,1,1
8363,44.0,3,999,0,-1.8,92.893,-46.2,1.266,5099.1,999.0,0,1.0,1.0,0.0,2,6,0.0,5,5,1,1
8364,42.0,3,999,0,-0.1,93.2,-42.0,4.021,5195.8,999.0,0,1.0,0.0,0.0,2,8,0.0,1,11,1,1
8365,44.0,4,999,0,-1.8,92.893,-46.2,1.344,5099.1,999.0,0,1.0,0.0,0.0,1,8,0.0,6,5,1,1
8366,33.0,3,999,0,-1.8,92.893,-46.2,1.281,5099.1,999.0,0,0.0,0.0,0.0,3,2,0.0,4,5,1,1
8367,43.0,1,999,0,1.1,93.994,-36.4,4.856,5191.0,999.0,0,0.0,0.0,1.0,2,8,0.0,9,5,1,1
8368,43.0,2,999,0,1.4,94.465,-41.8,4.962,5228.1,999.0,0,1.0,0.0,1.0,2,8,0.0,4,6,1,1
8369,45.0,2,999,0,1.4,93.444,-36.1,4.963,5228.1,999.0,0,1.0,0.0,0.0,2,3,0.0,9,8,2,1
8370,47.0,1,999,0,1.4,93.444,-36.1,4.964,5228.1,999.0,0,0.0,0.0,0.0,2,8,0.0,9,8,1,1
8371,52.0,5,999,0,-1.8,93.075,-47.1,1.406,5099.1,999.0,0,0.0,0.0,0.0,2,3,0.0,4,4,1,1
8372,62.0,4,18,2,-1.1,94.601,-49.5,1.037,4963.6,0.6,4,0.0,0.0,0.0,2,5,0.0,6,10,1,2
8373,24.0,3,999,0,1.1,93.994,-36.4,4.859,5191.0,999.0,0,1.0,1.0,1.0,1,7,0.0,11,5,1,1
8374,31.0,6,999,0,1.1,93.994,-36.4,4.864,5191.0,999.0,0,1.0,0.0,1.0,1,8,0.0,3,5,1,1
8375,29.0,2,999,0,1.1,93.994,-36.4,4.86,5191.0,999.0,0,1.0,1.0,1.0,2,5,0.0,9,5,1,1
8376,31.0,1,999,0,1.4,93.444,-36.1,4.963,5228.1,999.0,0,1.0,0.0,0.0,2,8,0.0,6,8,1,1
8377,55.0,2,999,1,-0.1,93.2,-42.0,4.076,5195.8,999.0,1,0.0,0.0,0.0,3,7,0.0,3,11,1,2
8378,37.0,19,999,0,1.4,93.918,-42.7,4.961,5228.1,999.0,0,0.0,0.0,0.0,1,8,0.0,4,7,1,1
8379,32.0,1,999,0,-0.1,93.798,-40.4,4.912,5195.8,999.0,0,0.0,1.0,1.0,2,7,0.0,6,10,2,1
8380,47.0,1,999,0,1.4,94.465,-41.8,4.961,5228.1,999.0,0,1.0,0.0,1.0,2,8,0.0,4,6,2,1
8381,32.0,1,999,2,-3.4,92.431,-26.9,0.728,5017.5,999.0,4,1.0,0.0,1.0,1,7,0.0,6,10,1,2
8382,56.0,2,999,0,1.4,93.444,-36.1,4.964,5228.1,999.0,0,1.0,1.0,0.0,2,2,0.0,4,8,1,1
8383,29.0,1,999,0,1.1,93.994,-36.4,4.857,5191.0,999.0,0,0.0,0.0,1.0,1,8,0.0,9,5,1,1
8384,56.0,3,999,0,1.4,93.918,-42.7,4.968,5228.1,999.0,0,0.0,0.0,0.0,3,7,0.0,5,7,1,1
8385,32.0,1,999,0,-1.8,92.893,-46.2,1.344,5099.1,999.0,0,1.0,0.0,0.0,1,7,0.0,5,5,1,1
8386,41.0,1,999,0,-0.1,93.2,-42.0,4.153,5195.8,999.0,0,1.0,0.0,0.0,2,7,0.0,6,11,1,1
8387,31.0,1,999,0,-2.9,92.469,-33.6,1.072,5076.2,999.0,0,0.0,0.0,0.0,2,4,0.0,10,7,1,1
8388,40.0,4,999,0,1.4,93.444,-36.1,4.963,5228.1,999.0,0,1.0,1.0,0.0,3,8,0.0,6,8,1,1
8389,27.0,4,999,0,1.4,93.918,-42.7,4.958,5228.1,999.0,0,1.0,0.0,0.0,2,8,0.0,4,7,1,1
8390,33.0,1,999,0,-1.8,92.893,-46.2,1.344,5099.1,999.0,0,1.0,1.0,0.0,2,2,0.0,4,5,1,1
8391,31.0,2,999,0,-1.8,93.075,-47.1,1.423,5099.1,999.0,0,1.0,0.0,0.0,1,5,0.0,9,4,1,1
8392,52.0,1,999,0,-2.9,92.963,-40.8,1.26,5076.2,999.0,0,1.0,0.0,0.0,2,6,0.0,5,6,2,1
8393,38.0,1,999,0,1.4,94.465,-41.8,4.864,5228.1,999.0,0,1.0,1.0,1.0,1,7,0.0,11,6,1,1
8394,48.0,3,999,0,-0.1,93.2,-42.0,4.12,5195.8,999.0,0,0.0,0.0,0.0,2,7,0.0,3,11,1,1
8395,37.0,5,999,0,1.1,93.994,-36.4,4.86,5191.0,999.0,0,1.0,0.0,1.0,1,8,0.0,1,5,1,1
8396,38.0,3,999,0,-1.8,93.075,-47.1,1.483,5099.1,999.0,0,0.0,1.0,0.0,2,4,0.0,9,4,1,1
8397,29.0,1,999,0,1.4,94.465,-41.8,4.961,5228.1,999.0,0,0.0,1.0,1.0,2,2,0.0,4,6,2,1
8398,44.0,1,999,2,-1.8,93.075,-47.1,1.479,5099.1,999.0,6,1.0,0.0,0.0,2,5,0.0,9,4,1,2
8399,27.0,3,999,0,1.4,93.918,-42.7,4.962,5228.1,999.0,0,1.0,0.0,0.0,2,8,0.0,2,7,2,1
8400,49.0,1,999,0,1.4,94.465,-41.8,4.959,5228.1,999.0,0,0.0,1.0,1.0,2,6,0.0,1,6,1,1
8401,81.0,3,999,0,-2.9,92.201,-31.4,0.838,5076.2,999.0,0,0.0,0.0,0.0,2,5,0.0,8,8,1,1
8402,54.0,1,999,0,1.4,93.444,-36.1,4.963,5228.1,999.0,0,1.0,0.0,0.0,2,7,0.0,2,8,1,1
8403,40.0,2,999,0,1.1,93.994,-36.4,4.855,5191.0,999.0,0,0.0,0.0,1.0,2,8,0.0,5,5,1,1
8404,44.0,9,999,0,1.4,93.444,-36.1,4.963,5228.1,999.0,0,0.0,1.0,1.0,2,8,0.0,12,8,1,1
8405,35.0,3,999,1,-2.9,92.201,-31.4,0.879,5076.2,999.0,1,0.0,0.0,0.0,1,4,0.0,4,8,1,2
8406,48.0,4,999,0,1.1,93.994,-36.4,4.864,5191.0,999.0,0,0.0,0.0,1.0,1,3,0.0,4,5,1,1
8407,49.0,3,999,0,1.1,93.994,-36.4,4.857,5191.0,999.0,0,0.0,0.0,1.0,2,8,0.0,6,5,2,1
8408,31.0,2,999,0,-1.7,94.215,-40.3,0.827,4991.6,999.0,0,0.0,0.0,0.0,3,2,0.0,8,7,2,1
8409,30.0,9,999,0,1.1,93.994,-36.4,4.857,5191.0,999.0,0,1.0,0.0,1.0,2,4,0.0,3,5,1,1
8410,53.0,7,999,0,1.4,93.444,-36.1,4.962,5228.1,999.0,0,1.0,0.0,1.0,2,2,0.0,2,8,1,1
8411,31.0,1,999,0,-1.8,93.075,-47.1,1.423,5099.1,999.0,0,1.0,0.0,0.0,1,7,0.0,6,4,1,1
8412,47.0,3,999,0,1.4,94.465,-41.8,4.961,5228.1,999.0,0,1.0,0.0,1.0,2,5,0.0,4,6,2,1
8413,53.0,2,999,0,-1.8,92.893,-46.2,1.299,5099.1,999.0,0,0.0,0.0,0.0,3,2,0.0,1,5,2,1
8414,38.0,1,999,0,-0.1,93.2,-42.0,4.153,5195.8,999.0,0,1.0,0.0,0.0,1,7,0.0,10,11,1,1
8415,51.0,3,999,0,1.4,93.918,-42.7,4.962,5228.1,999.0,0,0.0,0.0,0.0,3,7,0.0,6,7,2,1
8416,29.0,3,999,0,-1.7,94.055,-39.8,0.727,4991.6,999.0,0,1.0,0.0,0.0,2,8,0.0,6,6,1,1
8417,33.0,2,999,0,-0.1,93.2,-42.0,4.076,5195.8,999.0,0,0.0,0.0,0.0,1,7,0.0,6,11,1,1
8418,31.0,2,999,0,-1.8,92.893,-46.2,1.291,5099.1,999.0,0,1.0,0.0,0.0,1,7,0.0,11,5,1,1
8419,41.0,2,999,0,1.1,93.994,-36.4,4.86,5191.0,999.0,0,0.0,0.0,1.0,2,5,0.0,6,5,1,1
8420,49.0,2,999,0,1.1,93.994,-36.4,4.857,5191.0,999.0,0,1.0,0.0,1.0,2,5,0.0,9,5,1,1
8421,26.0,5,999,0,-1.8,92.893,-46.2,1.266,5099.1,999.0,0,1.0,1.0,0.0,1,6,0.0,5,5,1,1
8422,48.0,2,999,0,1.1,93.994,-36.4,4.859,5191.0,999.0,0,1.0,0.0,1.0,2,2,0.0,4,5,1,1
8423,38.0,3,999,0,-1.8,92.893,-46.2,1.291,5099.1,999.0,0,1.0,1.0,0.0,2,8,0.0,6,5,1,1
8424,33.0,1,999,0,-1.8,92.893,-46.2,1.291,5099.1,999.0,0,1.0,0.0,0.0,1,6,0.0,5,5,1,1
8425,27.0,1,999,0,1.4,93.918,-42.7,4.958,5228.1,999.0,0,1.0,0.0,0.0,1,4,0.0,4,7,1,1
8426,36.0,1,999,0,-1.8,92.893,-46.2,1.334,5099.1,999.0,0,1.0,0.0,0.0,1,6,0.0,4,5,1,1
8427,32.0,8,999,0,1.4,93.918,-42.7,4.96,5228.1,999.0,0,0.0,0.0,1.0,1,7,0.0,3,7,2,1
8428,57.0,2,999,0,-0.1,93.2,-42.0,4.021,5195.8,999.0,0,1.0,0.0,0.0,2,8,0.0,5,11,1,1
8429,31.0,3,999,1,-3.4,92.431,-26.9,0.743,5017.5,999.0,0,1.0,0.0,0.0,2,8,0.0,5,10,2,2
8430,31.0,2,999,0,-1.8,92.893,-46.2,1.27,5099.1,999.0,0,1.0,1.0,0.0,2,8,0.0,12,5,1,1
8431,39.0,2,999,0,1.4,93.918,-42.7,4.962,5228.1,999.0,0,1.0,0.0,0.0,2,8,0.0,5,7,1,1
8432,50.0,1,999,0,1.1,93.994,-36.4,4.855,5191.0,999.0,0,1.0,1.0,1.0,1,4,0.0,4,5,1,1
8433,31.0,6,999,0,-1.8,92.893,-46.2,1.25,5099.1,999.0,0,1.0,0.0,0.0,2,8,0.0,4,5,1,1
8434,31.0,8,999,0,1.4,94.465,-41.8,4.959,5228.1,999.0,0,1.0,0.0,1.0,2,6,0.0,7,6,1,1
8435,31.0,2,999,0,1.4,93.444,-36.1,4.965,5228.1,999.0,0,0.0,0.0,0.0,1,7,0.0,3,8,2,1
8436,31.0,1,999,1,-1.8,92.893,-46.2,1.266,5099.1,999.0,1,0.0,0.0,0.0,2,6,0.0,3,5,1,2
8437,31.0,1,999,0,1.4,93.918,-42.7,4.963,5228.1,999.0,0,1.0,1.0,0.0,1,4,0.0,4,7,1,1
8438,33.0,2,3,1,-3.4,92.649,-30.1,0.715,5017.5,0.1,2,1.0,0.0,0.0,2,7,0.0,6,11,1,3
8439,31.0,4,999,0,1.4,93.444,-36.1,4.964,5228.1,999.0,0,1.0,0.0,0.0,2,8,0.0,6,8,1,1
8440,39.0,1,999,0,1.4,93.444,-36.1,4.963,5228.1,999.0,0,1.0,1.0,0.0,3,8,0.0,5,8,1,1
8441,27.0,1,999,0,1.1,93.994,-36.4,4.857,5191.0,999.0,0,1.0,0.0,1.0,1,4,0.0,4,5,1,1
8442,31.0,1,999,0,1.4,93.918,-42.7,4.962,5228.1,999.0,0,1.0,0.0,0.0,3,4,0.0,4,7,1,1
8443,31.0,1,999,1,-0.1,93.2,-42.0,4.021,5195.8,999.0,4,0.0,0.0,0.0,2,2,0.0,5,11,1,2
8444,55.0,1,999,0,-1.8,92.893,-46.2,1.281,5099.1,999.0,0,1.0,1.0,0.0,2,4,0.0,4,5,1,1
8445,47.0,3,999,0,-1.8,92.893,-46.2,1.281,5099.1,999.0,0,1.0,0.0,0.0,2,6,0.0,9,5,1,1
8446,35.0,2,999,0,-3.4,92.431,-26.9,0.742,5017.5,999.0,0,1.0,0.0,0.0,1,7,0.0,11,10,1,1
8447,24.0,1,999,1,-1.8,93.075,-47.1,1.423,5099.1,999.0,3,1.0,0.0,0.0,1,8,0.0,9,4,1,2
8448,39.0,1,999,0,-1.8,92.893,-46.2,1.354,5099.1,999.0,0,0.0,0.0,0.0,2,5,0.0,6,5,1,1
8449,31.0,4,999,0,-1.8,92.893,-46.2,1.344,5099.1,999.0,0,1.0,0.0,0.0,1,7,0.0,8,5,1,1
8450,50.0,2,999,0,-1.8,92.893,-46.2,1.281,5099.1,999.0,0,0.0,0.0,0.0,1,6,0.0,4,5,1,1
8451,43.0,28,999,0,1.4,94.465,-41.8,4.864,5228.1,999.0,0,0.0,0.0,1.0,2,4,0.0,10,6,1,1
8452,49.0,5,999,1,-1.8,93.075,-47.1,1.405,5099.1,999.0,3,0.0,0.0,0.0,2,3,0.0,10,4,2,2
8453,57.0,1,999,0,-0.1,93.2,-42.0,4.153,5195.8,999.0,0,1.0,0.0,0.0,2,8,0.0,3,11,1,1
8454,34.0,1,999,0,-1.8,92.893,-46.2,1.281,5099.1,999.0,0,0.0,0.0,0.0,1,5,0.0,4,5,1,1
8455,28.0,1,999,0,-1.7,94.055,-39.8,0.729,4991.6,999.0,0,1.0,0.0,0.0,1,8,0.0,3,6,1,1
8456,31.0,1,999,0,1.4,93.918,-42.7,4.96,5228.1,999.0,0,1.0,0.0,0.0,3,5,0.0,9,7,2,1
8457,24.0,2,999,0,-1.8,93.075,-47.1,1.41,5099.1,999.0,0,0.0,0.0,0.0,2,8,0.0,4,4,1,1
8458,37.0,2,999,0,1.4,94.465,-41.8,4.959,5228.1,999.0,0,0.0,0.0,1.0,2,4,0.0,6,6,1,1
8459,38.0,3,999,0,1.1,93.994,-36.4,4.864,5191.0,999.0,0,0.0,0.0,1.0,2,5,0.0,9,5,1,1
8460,44.0,1,999,0,-0.1,93.2,-42.0,4.153,5195.8,999.0,0,1.0,0.0,0.0,3,8,0.0,7,11,1,1
8461,31.0,2,999,0,1.4,93.918,-42.7,4.968,5228.1,999.0,0,1.0,0.0,0.0,1,6,0.0,5,7,1,1
8462,31.0,6,999,0,-1.8,92.893,-46.2,1.344,5099.1,999.0,0,1.0,0.0,1.0,1,8,0.0,6,5,1,1
8463,53.0,3,999,0,1.4,93.918,-42.7,4.961,5228.1,999.0,0,0.0,1.0,0.0,2,5,0.0,9,7,1,1
8464,31.0,1,999,0,1.4,93.444,-36.1,4.966,5228.1,999.0,0,0.0,0.0,0.0,2,5,0.0,5,8,1,1
8465,31.0,1,999,0,1.4,93.918,-42.7,4.962,5228.1,999.0,0,0.0,0.0,0.0,2,5,0.0,9,7,1,1
8466,46.0,5,999,0,1.1,93.994,-36.4,4.857,5191.0,999.0,0,1.0,0.0,1.0,2,8,0.0,3,5,1,1
8467,43.0,4,999,0,1.4,93.918,-42.7,4.963,5228.1,999.0,0,0.0,0.0,0.0,3,5,0.0,6,7,1,1
8468,33.0,2,999,0,-1.8,92.893,-46.2,1.327,5099.1,999.0,0,1.0,1.0,0.0,1,7,0.0,6,5,1,1
8469,41.0,1,999,0,1.1,93.994,-36.4,4.86,5191.0,999.0,0,0.0,0.0,1.0,2,8,0.0,4,5,1,1
8470,25.0,1,999,0,-1.8,92.893,-46.2,1.299,5099.1,999.0,0,1.0,0.0,0.0,1,5,0.0,4,5,2,1
8471,41.0,2,999,0,1.4,94.465,-41.8,4.864,5228.1,999.0,0,0.0,0.0,1.0,2,7,0.0,10,6,1,1
8472,47.0,3,999,0,1.4,94.465,-41.8,4.962,5228.1,999.0,0,0.0,1.0,1.0,2,6,0.0,7,6,1,1
8473,58.0,2,999,0,1.4,93.444,-36.1,4.965,5228.1,999.0,0,0.0,0.0,0.0,3,8,0.0,6,8,2,1
8474,59.0,4,999,0,1.4,93.444,-36.1,4.962,5228.1,999.0,0,1.0,0.0,0.0,2,7,0.0,8,8,1,1
8475,31.0,1,999,0,1.4,93.918,-42.7,4.957,5228.1,999.0,0,1.0,0.0,1.0,3,8,0.0,4,7,1,1
8476,36.0,1,999,0,1.4,93.444,-36.1,4.964,5228.1,999.0,0,1.0,0.0,0.0,2,6,0.0,5,8,1,1
8477,59.0,3,999,0,1.1,93.994,-36.4,4.86,5191.0,999.0,0,1.0,1.0,1.0,1,7,0.0,6,5,1,1
8478,44.0,1,999,0,1.4,93.444,-36.1,4.963,5228.1,999.0,0,1.0,0.0,0.0,2,2,0.0,4,8,1,1
8479,24.0,1,999,0,1.4,93.918,-42.7,4.961,5228.1,999.0,0,1.0,1.0,1.0,1,5,0.0,6,7,1,1
8480,38.0,5,999,0,1.4,93.444,-36.1,4.965,5228.1,999.0,0,1.0,0.0,0.0,2,7,0.0,6,8,1,1
8481,31.0,1,999,0,1.4,94.465,-41.8,4.961,5228.1,999.0,0,1.0,0.0,1.0,1,8,0.0,4,6,2,1
8482,33.0,4,999,0,1.4,93.918,-42.7,4.968,5228.1,999.0,0,1.0,0.0,0.0,1,8,0.0,6,7,1,1
8483,36.0,4,999,0,-1.8,93.075,-47.1,1.405,5099.1,999.0,0,1.0,0.0,0.0,2,6,0.0,5,4,1,1
8484,41.0,2,999,0,1.4,94.465,-41.8,4.961,5228.1,999.0,0,1.0,0.0,1.0,2,8,0.0,4,6,2,1
8485,37.0,1,999,1,-0.1,93.2,-42.0,4.12,5195.8,999.0,1,1.0,0.0,0.0,1,7,0.0,3,11,1,2
8486,31.0,6,999,0,1.4,93.918,-42.7,4.96,5228.1,999.0,0,1.0,0.0,0.0,2,4,0.0,4,7,2,1
8487,51.0,6,999,0,1.1,93.994,-36.4,4.859,5191.0,999.0,0,0.0,0.0,1.0,3,8,0.0,6,5,1,1
8488,31.0,3,999,1,-1.8,92.893,-46.2,1.299,5099.1,999.0,4,1.0,1.0,0.0,2,4,0.0,4,5,2,2
8489,50.0,1,999,0,1.4,94.465,-41.8,4.864,5228.1,999.0,0,1.0,0.0,1.0,2,7,0.0,6,6,1,1
8490,44.0,1,999,0,-0.1,93.2,-42.0,4.021,5195.8,999.0,0,1.0,0.0,0.0,2,8,0.0,9,11,1,1
8491,35.0,12,999,0,1.1,93.994,-36.4,4.857,5191.0,999.0,0,0.0,0.0,1.0,2,6,0.0,4,5,2,1
8492,45.0,1,999,0,1.4,93.918,-42.7,4.963,5228.1,999.0,0,0.0,0.0,0.0,3,5,0.0,4,7,1,1
8493,34.0,6,3,1,-2.9,92.201,-31.4,0.851,5076.2,0.1,1,1.0,0.0,0.0,1,7,0.0,6,8,1,3
8494,52.0,5,999,1,-1.8,93.876,-40.0,0.684,5008.7,999.0,0,0.0,0.0,0.0,2,8,0.0,3,5,1,2
8495,38.0,10,999,0,1.4,93.444,-36.1,4.962,5228.1,999.0,0,1.0,0.0,0.0,2,8,0.0,12,8,1,1
8496,43.0,2,999,0,-1.8,92.893,-46.2,1.291,5099.1,999.0,0,1.0,1.0,0.0,2,3,0.0,9,5,1,1
8497,55.0,2,999,0,-1.8,92.893,-46.2,1.244,5099.1,999.0,0,1.0,0.0,0.0,2,8,0.0,6,5,2,1
8498,42.0,2,999,0,1.1,93.994,-36.4,4.857,5191.0,999.0,0,0.0,0.0,1.0,2,8,0.0,6,5,2,1
8499,42.0,2,999,0,1.4,93.918,-42.7,4.962,5228.1,999.0,0,0.0,0.0,0.0,2,3,0.0,4,7,1,1
8500,31.0,2,999,0,1.4,93.444,-36.1,4.967,5228.1,999.0,0,1.0,1.0,0.0,1,8,0.0,5,8,1,1
8501,34.0,5,999,0,-1.8,92.893,-46.2,1.299,5099.1,999.0,0,0.0,1.0,0.0,1,7,0.0,6,5,2,1
8502,31.0,30,999,0,1.4,93.918,-42.7,4.962,5228.1,999.0,0,1.0,0.0,0.0,2,8,0.0,9,7,1,1
8503,31.0,2,999,0,-1.8,92.893,-46.2,1.334,5099.1,999.0,0,1.0,0.0,0.0,2,3,0.0,4,5,1,1
8504,25.0,1,999,1,-1.8,93.075,-47.1,1.405,5099.1,999.0,3,1.0,0.0,0.0,2,7,0.0,6,4,2,2
8505,33.0,2,999,0,1.4,94.465,-41.8,4.864,5228.1,999.0,0,0.0,0.0,1.0,2,7,0.0,6,6,1,1
8506,34.0,1,999,0,-1.8,92.893,-46.2,1.344,5099.1,999.0,0,1.0,1.0,0.0,2,7,0.0,3,5,1,1
8507,40.0,2,999,0,1.1,93.994,-36.4,4.857,5191.0,999.0,0,0.0,0.0,1.0,2,8,0.0,4,5,2,1
8508,26.0,1,999,0,1.4,93.918,-42.7,4.96,5228.1,999.0,0,1.0,0.0,0.0,1,8,0.0,9,7,1,1
8509,57.0,16,999,0,1.4,93.918,-42.7,4.962,5228.1,999.0,0,0.0,0.0,1.0,2,8,0.0,1,7,1,1
8510,53.0,13,999,1,-1.8,92.893,-46.2,1.281,5099.1,999.0,1,1.0,0.0,0.0,2,7,0.0,3,5,1,2
8511,31.0,1,999,2,-3.4,92.431,-26.9,0.742,5017.5,999.0,10,1.0,0.0,0.0,2,7,0.0,6,10,1,2
8512,31.0,3,999,0,-1.8,93.075,-47.1,1.392,5099.1,999.0,0,0.0,0.0,1.0,2,7,0.0,8,4,2,1
8513,31.0,1,999,0,1.1,93.994,-36.4,4.86,5191.0,999.0,0,1.0,0.0,1.0,1,5,0.0,4,5,1,1
8514,32.0,4,999,0,-0.1,93.2,-42.0,4.076,5195.8,999.0,0,1.0,0.0,1.0,1,7,0.0,1,11,1,1
8515,29.0,2,999,0,-0.1,93.2,-42.0,4.12,5195.8,999.0,0,0.0,0.0,0.0,2,8,0.0,4,11,1,1
8516,48.0,4,999,0,1.4,93.918,-42.7,4.962,5228.1,999.0,0,0.0,0.0,0.0,2,2,0.0,8,7,2,1
8517,31.0,7,999,0,1.1,93.994,-36.4,4.855,5191.0,999.0,0,1.0,1.0,1.0,1,2,0.0,10,5,1,1
8518,31.0,1,999,0,1.4,94.465,-41.8,4.96,5228.1,999.0,0,1.0,0.0,1.0,2,8,0.0,12,6,2,1
8519,45.0,5,999,0,1.4,93.444,-36.1,4.968,5228.1,999.0,0,0.0,0.0,0.0,2,8,0.0,6,8,1,1
8520,44.0,3,999,0,1.4,93.918,-42.7,4.962,5228.1,999.0,0,1.0,1.0,1.0,3,7,0.0,5,7,2,1
8521,56.0,4,999,0,1.1,93.994,-36.4,4.857,5191.0,999.0,0,1.0,1.0,1.0,2,8,0.0,8,5,1,1
8522,42.0,2,999,0,1.4,93.918,-42.7,4.962,5228.1,999.0,0,0.0,0.0,0.0,2,8,0.0,4,7,1,1
8523,47.0,1,999,0,1.4,93.444,-36.1,4.963,5228.1,999.0,0,1.0,0.0,0.0,2,8,0.0,4,8,1,1
8524,32.0,1,999,0,1.4,93.918,-42.7,4.957,5228.1,999.0,0,1.0,0.0,0.0,1,8,0.0,4,7,1,1
8525,31.0,2,999,0,1.4,93.918,-42.7,4.958,5228.1,999.0,0,0.0,0.0,0.0,1,5,0.0,9,7,1,1
8526,31.0,1,999,0,1.4,94.465,-41.8,4.959,5228.1,999.0,0,1.0,0.0,1.0,1,8,0.0,1,6,1,1
8527,24.0,1,999,2,-2.9,92.201,-31.4,0.873,5076.2,999.0,8,0.0,0.0,0.0,1,8,0.0,11,8,1,2
8528,46.0,4,999,0,-1.8,93.075,-47.1,1.479,5099.1,999.0,0,1.0,0.0,0.0,2,5,0.0,3,4,1,1
8529,31.0,1,999,0,1.1,93.994,-36.4,4.856,5191.0,999.0,0,1.0,0.0,1.0,2,8,0.0,4,5,1,1
8530,31.0,5,999,0,1.1,93.994,-36.4,4.858,5191.0,999.0,0,1.0,1.0,1.0,2,8,0.0,4,5,1,1
8531,31.0,5,999,0,1.4,93.444,-36.1,4.963,5228.1,999.0,0,1.0,0.0,0.0,2,2,0.0,4,8,1,1
8532,31.0,2,999,0,1.1,93.994,-36.4,4.856,5191.0,999.0,0,1.0,1.0,1.0,2,5,0.0,4,5,1,1
8533,33.0,2,999,0,1.4,94.465,-41.8,4.865,5228.1,999.0,0,0.0,0.0,1.0,1,8,0.0,9,6,2,1
8534,31.0,3,999,0,1.4,93.918,-42.7,4.962,5228.1,999.0,0,1.0,0.0,0.0,2,8,0.0,9,7,2,1
8535,29.0,1,999,0,1.4,93.444,-36.1,4.968,5228.1,999.0,0,0.0,0.0,0.0,1,7,0.0,6,8,1,1
8536,46.0,1,999,0,-1.8,93.075,-47.1,1.445,5099.1,999.0,0,0.0,1.0,0.0,3,4,0.0,4,4,1,1
8537,31.0,1,999,1,-3.4,92.649,-30.1,0.716,5017.5,999.0,1,0.0,1.0,0.0,2,4,0.0,12,11,1,2
8538,27.0,3,999,1,-1.8,92.893,-46.2,1.244,5099.1,999.0,0,1.0,1.0,0.0,1,5,0.0,9,5,2,2
8539,56.0,1,999,0,1.4,93.918,-42.7,4.961,5228.1,999.0,0,1.0,0.0,0.0,2,8,0.0,4,7,1,1
8540,45.0,1,999,0,1.4,93.918,-42.7,4.961,5228.1,999.0,0,1.0,1.0,0.0,3,7,0.0,3,7,1,1
8541,28.0,3,999,0,1.4,93.918,-42.7,4.96,5228.1,999.0,0,0.0,1.0,0.0,2,4,0.0,4,7,2,1
8542,55.0,1,999,0,1.1,93.994,-36.4,4.857,5191.0,999.0,0,0.0,0.0,1.0,3,8,0.0,2,5,2,1
8543,31.0,1,999,0,1.4,94.465,-41.8,4.864,5228.1,999.0,0,0.0,0.0,1.0,2,7,0.0,1,6,1,1
8544,53.0,3,999,0,1.4,93.918,-42.7,4.96,5228.1,999.0,0,0.0,0.0,0.0,3,7,0.0,1,7,2,1
8545,35.0,1,11,2,-1.7,94.215,-40.3,0.835,4991.6,0.366666666667,2,1.0,0.0,0.0,1,8,0.0,5,7,1,3
8546,31.0,1,999,0,1.1,93.994,-36.4,4.857,5191.0,999.0,0,1.0,0.0,1.0,1,2,0.0,10,5,1,1
8547,21.0,4,999,0,1.4,94.465,-41.8,4.959,5228.1,999.0,0,0.0,0.0,1.0,1,8,0.0,5,6,1,1
8548,31.0,4,999,0,-1.8,93.075,-47.1,1.405,5099.1,999.0,0,0.0,0.0,0.0,2,7,0.0,8,4,1,1
8549,43.0,4,3,1,-1.8,92.893,-46.2,1.354,5099.1,0.1,2,1.0,0.0,0.0,2,5,0.0,6,5,2,3
8550,35.0,2,999,0,1.4,93.444,-36.1,4.963,5228.1,999.0,0,1.0,0.0,0.0,2,7,0.0,6,8,1,1
8551,39.0,1,999,0,-1.8,92.893,-46.2,1.299,5099.1,999.0,0,1.0,1.0,0.0,1,7,0.0,6,5,2,1
8552,38.0,1,999,0,1.4,94.465,-41.8,4.961,5228.1,999.0,0,0.0,0.0,1.0,2,7,0.0,6,6,1,1
8553,61.0,3,999,0,-1.8,92.893,-46.2,1.266,5099.1,999.0,0,1.0,1.0,0.0,1,2,0.0,12,5,1,1
8554,28.0,7,999,0,1.1,93.994,-36.4,4.864,5191.0,999.0,0,1.0,0.0,1.0,2,3,0.0,4,5,1,1
8555,33.0,1,999,0,1.4,93.918,-42.7,4.962,5228.1,999.0,0,0.0,0.0,1.0,2,5,0.0,5,7,1,1
8556,46.0,2,999,0,1.1,93.994,-36.4,4.857,5191.0,999.0,0,0.0,0.0,1.0,2,4,0.0,3,5,2,1
8557,31.0,4,999,0,1.4,93.444,-36.1,4.965,5228.1,999.0,0,0.0,0.0,0.0,1,8,0.0,6,8,2,1
8558,31.0,3,999,0,1.4,93.918,-42.7,4.96,5228.1,999.0,0,1.0,0.0,0.0,2,4,0.0,6,7,2,1
8559,46.0,2,999,0,1.1,93.994,-36.4,4.858,5191.0,999.0,0,0.0,0.0,1.0,3,4,0.0,4,5,1,1
8560,31.0,3,999,0,1.4,93.918,-42.7,4.962,5228.1,999.0,0,1.0,0.0,0.0,1,4,0.0,4,7,2,1
8561,31.0,3,999,0,-2.9,92.201,-31.4,0.829,5076.2,999.0,0,0.0,0.0,0.0,1,8,0.0,1,8,1,1
8562,42.0,5,999,0,-1.8,92.893,-46.2,1.281,5099.1,999.0,0,0.0,0.0,0.0,2,8,0.0,6,5,1,1
8563,31.0,1,999,1,-1.8,92.893,-46.2,1.344,5099.1,999.0,3,1.0,0.0,0.0,1,7,0.0,3,5,1,2
8564,31.0,10,999,0,1.4,93.918,-42.7,4.962,5228.1,999.0,0,0.0,1.0,0.0,1,8,0.0,6,7,1,1
8565,34.0,2,999,0,1.1,93.994,-36.4,4.856,5191.0,999.0,0,1.0,0.0,1.0,2,4,0.0,4,5,1,1
8566,33.0,3,999,0,-1.8,93.075,-47.1,1.405,5099.1,999.0,0,0.0,0.0,0.0,1,7,0.0,6,4,1,1
8567,50.0,2,999,0,1.4,93.444,-36.1,4.968,5228.1,999.0,0,0.0,0.0,1.0,2,2,0.0,1,8,1,1
8568,45.0,2,999,0,1.4,93.444,-36.1,4.964,5228.1,999.0,0,0.0,0.0,0.0,2,5,0.0,3,8,1,1
8569,31.0,1,999,0,1.4,93.918,-42.7,4.962,5228.1,999.0,0,1.0,0.0,0.0,2,3,0.0,4,7,1,1
8570,31.0,1,999,1,-1.8,92.893,-46.2,1.281,5099.1,999.0,1,1.0,0.0,0.0,1,7,0.0,6,5,1,2
8571,44.0,1,999,0,1.4,93.444,-36.1,4.965,5228.1,999.0,0,0.0,0.0,0.0,2,3,0.0,4,8,1,1
8572,58.0,2,999,0,1.4,94.465,-41.8,4.961,5228.1,999.0,0,0.0,0.0,1.0,1,6,0.0,6,6,1,1
8573,31.0,6,999,1,-1.8,92.893,-46.2,1.266,5099.1,999.0,1,1.0,0.0,0.0,2,6,0.0,5,5,1,2
8574,31.0,6,999,0,1.4,93.918,-42.7,4.96,5228.1,999.0,0,0.0,0.0,0.0,1,8,0.0,4,7,2,1
8575,31.0,2,999,0,1.4,93.444,-36.1,4.965,5228.1,999.0,0,0.0,0.0,0.0,2,7,0.0,3,8,2,1
8576,54.0,1,999,0,1.1,93.994,-36.4,4.856,5191.0,999.0,0,0.0,1.0,1.0,2,6,0.0,5,5,1,1
8577,45.0,1,999,0,-1.8,93.075,-47.1,1.405,5099.1,999.0,0,1.0,0.0,0.0,2,8,0.0,4,4,1,1
8578,28.0,5,999,0,1.4,94.465,-41.8,4.864,5228.1,999.0,0,0.0,0.0,1.0,1,7,0.0,11,6,1,1
8579,31.0,6,999,0,-0.1,93.2,-42.0,4.076,5195.8,999.0,0,1.0,1.0,0.0,2,3,0.0,4,11,1,1
8580,33.0,1,999,0,1.4,93.444,-36.1,4.965,5228.1,999.0,0,0.0,0.0,0.0,3,7,0.0,6,8,1,1
8581,31.0,3,999,0,1.4,93.918,-42.7,4.962,5228.1,999.0,0,1.0,0.0,0.0,2,7,0.0,3,7,2,1
8582,38.0,1,999,0,-1.8,92.893,-46.2,1.313,5099.1,999.0,0,1.0,0.0,0.0,1,7,0.0,6,5,1,1
8583,30.0,1,999,3,-1.1,94.199,-37.5,0.878,4963.6,999.0,3,1.0,0.0,0.0,1,8,0.0,9,9,1,2
8584,27.0,1,999,0,1.4,93.918,-42.7,4.963,5228.1,999.0,0,0.0,0.0,0.0,1,7,0.0,5,7,1,1
8585,41.0,1,999,0,1.4,93.918,-42.7,4.963,5228.1,999.0,0,0.0,1.0,0.0,3,4,0.0,2,7,1,1
8586,31.0,1,999,0,-0.1,93.2,-42.0,4.12,5195.8,999.0,0,1.0,0.0,0.0,2,8,0.0,7,11,1,1
8587,31.0,2,999,0,1.4,94.465,-41.8,4.967,5228.1,999.0,0,1.0,0.0,1.0,2,6,0.0,5,6,1,1
8588,35.0,3,999,0,1.4,93.918,-42.7,4.963,5228.1,999.0,0,1.0,0.0,0.0,1,4,0.0,6,7,1,1
8589,48.0,3,999,0,1.4,93.918,-42.7,4.961,5228.1,999.0,0,1.0,0.0,0.0,2,8,0.0,10,7,1,1
8590,29.0,2,999,0,1.4,93.918,-42.7,4.96,5228.1,999.0,0,1.0,0.0,0.0,2,8,0.0,6,7,2,1
8591,24.0,1,999,0,-1.8,93.075,-47.1,1.365,5099.1,999.0,0,1.0,0.0,0.0,1,5,0.0,11,4,1,1
8592,29.0,1,999,0,1.4,94.465,-41.8,4.947,5228.1,999.0,0,1.0,0.0,1.0,1,4,0.0,4,6,1,1
8593,29.0,1,999,0,1.4,93.444,-36.1,4.968,5228.1,999.0,0,1.0,0.0,0.0,1,6,0.0,5,8,1,1
8594,34.0,1,999,0,1.4,94.465,-41.8,4.961,5228.1,999.0,0,0.0,0.0,1.0,2,3,0.0,9,6,1,1
8595,31.0,9,999,0,1.4,93.444,-36.1,4.964,5228.1,999.0,0,1.0,0.0,0.0,2,8,0.0,10,8,1,1
8596,36.0,1,999,0,-3.4,92.379,-29.8,0.773,5017.5,999.0,0,1.0,0.0,0.0,2,7,0.0,6,9,1,1
8597,30.0,3,999,0,1.4,93.444,-36.1,4.965,5228.1,999.0,0,1.0,0.0,0.0,2,5,0.0,4,8,2,1
8598,50.0,2,999,0,1.1,93.994,-36.4,4.857,5191.0,999.0,0,1.0,0.0,1.0,2,2,0.0,4,5,1,1
8599,31.0,1,999,0,-0.1,93.2,-42.0,4.12,5195.8,999.0,0,0.0,0.0,0.0,1,6,0.0,6,11,1,1
8600,37.0,3,999,0,-1.8,92.893,-46.2,1.313,5099.1,999.0,0,1.0,0.0,0.0,2,5,0.0,4,5,1,1
8601,38.0,3,999,0,1.1,93.994,-36.4,4.86,5191.0,999.0,0,1.0,0.0,1.0,2,5,0.0,6,5,1,1
8602,47.0,8,999,0,1.1,93.994,-36.4,4.857,5191.0,999.0,0,1.0,1.0,1.0,2,8,0.0,4,5,2,1
8603,31.0,7,999,0,-1.8,92.893,-46.2,1.266,5099.1,999.0,0,0.0,1.0,0.0,2,7,0.0,6,5,1,1
8604,31.0,5,999,0,1.4,93.444,-36.1,4.964,5228.1,999.0,0,0.0,0.0,0.0,1,6,0.0,5,8,1,1
8605,31.0,3,18,3,-1.7,94.027,-38.3,0.898,4991.6,0.6,3,1.0,0.0,0.0,1,8,0.0,11,8,2,2
8606,40.0,6,999,0,-0.1,93.2,-42.0,4.076,5195.8,999.0,0,1.0,0.0,0.0,2,8,0.0,6,11,1,1
8607,35.0,2,999,0,1.1,93.994,-36.4,4.857,5191.0,999.0,0,1.0,0.0,1.0,1,5,0.0,6,5,1,1
8608,52.0,1,999,1,-0.1,93.2,-42.0,4.191,5195.8,999.0,1,1.0,1.0,0.0,2,8,0.0,6,11,2,2
8609,50.0,2,999,0,1.4,94.465,-41.8,4.961,5228.1,999.0,0,1.0,0.0,1.0,2,7,0.0,6,6,1,1
8610,41.0,2,999,0,-1.8,93.075,-47.1,1.405,5099.1,999.0,0,0.0,0.0,0.0,2,6,0.0,6,4,2,1
8611,45.0,1,999,0,-0.1,93.2,-42.0,4.021,5195.8,999.0,0,0.0,0.0,0.0,2,4,0.0,5,11,1,1
8612,58.0,1,999,0,1.4,93.918,-42.7,4.962,5228.1,999.0,0,1.0,0.0,1.0,2,8,0.0,8,7,2,1
8613,42.0,2,999,0,-1.8,92.893,-46.2,1.266,5099.1,999.0,0,0.0,0.0,0.0,2,2,0.0,4,5,1,1
8614,34.0,6,999,0,1.4,93.918,-42.7,4.957,5228.1,999.0,0,0.0,0.0,0.0,2,8,0.0,4,7,1,1
8615,81.0,6,999,0,-3.4,92.649,-30.1,0.719,5017.5,999.0,0,1.0,0.0,0.0,3,2,0.0,2,11,1,1
8616,32.0,5,999,0,1.4,93.444,-36.1,4.963,5228.1,999.0,0,1.0,0.0,0.0,2,6,0.0,5,8,2,1
8617,31.0,1,999,0,1.4,93.918,-42.7,4.958,5228.1,999.0,0,0.0,0.0,0.0,2,5,0.0,6,7,1,1
8618,46.0,2,999,1,-0.1,93.2,-42.0,4.12,5195.8,999.0,1,1.0,0.0,1.0,1,5,0.0,6,11,1,2
8619,54.0,2,999,0,1.1,93.994,-36.4,4.86,5191.0,999.0,0,0.0,1.0,1.0,2,8,0.0,6,5,1,1
8620,31.0,5,999,0,-1.8,92.893,-46.2,1.313,5099.1,999.0,0,0.0,0.0,0.0,1,5,0.0,6,5,1,1
8621,31.0,3,999,0,1.1,93.994,-36.4,4.857,5191.0,999.0,0,1.0,0.0,1.0,2,2,0.0,2,5,2,1
8622,39.0,2,999,0,1.1,93.994,-36.4,4.857,5191.0,999.0,0,0.0,0.0,1.0,2,5,0.0,9,5,1,1
8623,36.0,1,999,0,1.4,93.918,-42.7,4.96,5228.1,999.0,0,1.0,0.0,0.0,2,8,0.0,5,7,1,1
8624,31.0,4,999,0,1.4,93.918,-42.7,4.96,5228.1,999.0,0,0.0,0.0,0.0,2,8,0.0,7,7,2,1
8625,45.0,1,999,0,1.4,94.465,-41.8,4.866,5228.1,999.0,0,1.0,0.0,1.0,2,4,0.0,4,6,1,1
8626,32.0,2,999,0,1.1,93.994,-36.4,4.859,5191.0,999.0,0,0.0,0.0,1.0,2,7,0.0,6,5,1,1
8627,42.0,3,999,0,1.1,93.994,-36.4,4.857,5191.0,999.0,0,1.0,0.0,1.0,2,6,0.0,5,5,1,1
8628,31.0,6,6,3,-3.4,92.431,-26.9,0.754,5017.5,0.2,3,1.0,0.0,0.0,2,8,0.0,5,10,1,2
8629,39.0,1,999,0,1.4,93.918,-42.7,4.96,5228.1,999.0,0,1.0,0.0,0.0,2,8,0.0,6,7,2,1
8630,25.0,1,999,0,-2.9,92.963,-40.8,1.26,5076.2,999.0,0,0.0,0.0,0.0,1,8,0.0,6,6,2,1
8631,48.0,8,999,0,1.1,93.994,-36.4,4.856,5191.0,999.0,0,0.0,0.0,1.0,2,7,0.0,1,5,1,1
8632,31.0,5,999,0,1.4,93.918,-42.7,4.963,5228.1,999.0,0,1.0,0.0,0.0,1,6,0.0,4,7,1,1
8633,38.0,1,999,0,1.1,93.994,-36.4,4.855,5191.0,999.0,0,1.0,0.0,1.0,2,3,0.0,7,5,1,1
8634,30.0,1,999,0,1.1,93.994,-36.4,4.857,5191.0,999.0,0,1.0,0.0,1.0,1,8,0.0,4,5,2,1
8635,34.0,2,999,0,1.4,93.444,-36.1,4.965,5228.1,999.0,0,0.0,0.0,0.0,1,7,0.0,6,8,2,1
8636,28.0,3,999,0,1.4,93.918,-42.7,4.962,5228.1,999.0,0,1.0,0.0,0.0,1,6,0.0,5,7,1,1
8637,34.0,1,999,0,1.4,93.918,-42.7,4.963,5228.1,999.0,0,0.0,1.0,0.0,2,5,0.0,5,7,1,1
8638,78.0,2,999,0,-3.4,92.431,-26.9,0.72,5017.5,999.0,0,0.0,0.0,1.0,3,3,0.0,8,10,1,1
8639,58.0,1,999,0,1.4,94.465,-41.8,4.864,5228.1,999.0,0,1.0,1.0,1.0,2,6,0.0,5,6,1,1
8640,41.0,1,999,0,1.4,93.444,-36.1,4.964,5228.1,999.0,0,0.0,0.0,0.0,3,7,0.0,6,8,1,1
8641,35.0,3,999,0,1.4,93.918,-42.7,4.963,5228.1,999.0,0,0.0,0.0,1.0,2,8,0.0,1,7,1,1
8642,49.0,2,999,0,-0.1,93.2,-42.0,4.12,5195.8,999.0,0,1.0,1.0,0.0,1,4,0.0,6,11,1,1
8643,42.0,2,999,0,1.1,93.994,-36.4,4.857,5191.0,999.0,0,1.0,0.0,1.0,2,5,0.0,9,5,1,1
8644,27.0,1,999,0,1.4,93.918,-42.7,4.962,5228.1,999.0,0,1.0,0.0,0.0,2,3,0.0,10,7,1,1
8645,30.0,3,999,0,1.4,93.444,-36.1,4.964,5228.1,999.0,0,0.0,0.0,0.0,2,7,0.0,6,8,1,1
8646,50.0,12,999,0,1.4,93.444,-36.1,4.964,5228.1,999.0,0,0.0,0.0,1.0,2,8,0.0,6,8,1,1
8647,56.0,5,999,0,1.4,93.444,-36.1,4.965,5228.1,999.0,0,0.0,0.0,0.0,2,8,0.0,9,8,2,1
8648,36.0,2,999,0,-1.8,93.075,-47.1,1.405,5099.1,999.0,0,0.0,0.0,0.0,2,8,0.0,4,4,1,1
8649,78.0,1,999,2,-1.1,94.199,-37.5,0.884,4963.6,999.0,6,0.0,0.0,0.0,3,5,0.0,8,9,1,2
8650,37.0,3,999,0,-1.8,92.893,-46.2,1.25,5099.1,999.0,0,0.0,0.0,0.0,3,8,0.0,9,5,1,1
8651,46.0,2,999,0,-2.9,92.201,-31.4,0.884,5076.2,999.0,0,0.0,1.0,0.0,2,8,0.0,12,8,1,1
8652,31.0,4,999,0,1.4,93.918,-42.7,4.961,5228.1,999.0,0,1.0,0.0,0.0,1,6,0.0,5,7,1,1
8653,45.0,1,999,0,-0.1,93.2,-42.0,4.12,5195.8,999.0,0,1.0,0.0,0.0,2,8,0.0,5,11,1,1
8654,38.0,2,999,0,1.4,93.918,-42.7,4.968,5228.1,999.0,0,0.0,0.0,0.0,2,8,0.0,9,7,1,1
8655,58.0,9,999,0,-1.8,92.893,-46.2,1.244,5099.1,999.0,0,1.0,0.0,1.0,3,8,0.0,3,5,2,1
8656,37.0,1,18,1,-1.8,93.749,-34.6,0.659,5008.7,0.6,1,0.0,0.0,0.0,2,6,0.0,5,4,1,3
8657,78.0,1,999,1,-3.4,92.379,-29.8,0.781,5017.5,999.0,1,1.0,0.0,0.0,2,8,0.0,12,9,1,2
8658,31.0,1,999,0,1.4,94.465,-41.8,4.962,5228.1,999.0,0,0.0,0.0,1.0,2,8,0.0,2,6,1,1
8659,34.0,3,999,1,-0.1,93.2,-42.0,4.153,5195.8,999.0,2,1.0,1.0,0.0,2,7,0.0,3,11,1,2
8660,38.0,2,999,0,-1.8,93.075,-47.1,1.365,5099.1,999.0,0,1.0,0.0,0.0,2,8,0.0,1,4,1,1
8661,36.0,1,999,0,1.4,93.444,-36.1,4.963,5228.1,999.0,0,1.0,0.0,0.0,3,8,0.0,6,8,2,1
8662,42.0,1,999,0,1.1,93.994,-36.4,4.856,5191.0,999.0,0,0.0,0.0,1.0,2,4,0.0,5,5,1,1
8663,46.0,5,999,2,-1.8,93.075,-47.1,1.405,5099.1,999.0,2,0.0,0.0,0.0,2,5,0.0,6,4,2,2
8664,33.0,2,999,0,1.4,93.444,-36.1,4.965,5228.1,999.0,0,1.0,0.0,0.0,1,7,0.0,6,8,2,1
8665,31.0,2,999,0,1.1,93.994,-36.4,4.857,5191.0,999.0,0,0.0,0.0,1.0,2,8,0.0,5,5,2,1
8666,55.0,4,999,0,1.4,94.465,-41.8,4.864,5228.1,999.0,0,1.0,0.0,1.0,3,8,0.0,8,6,1,1
8667,31.0,1,999,0,1.1,93.994,-36.4,4.857,5191.0,999.0,0,1.0,0.0,1.0,2,4,0.0,4,5,2,1
8668,57.0,13,999,0,1.4,93.918,-42.7,4.962,5228.1,999.0,0,1.0,1.0,0.0,3,8,0.0,7,7,1,1
8669,48.0,1,999,0,1.4,93.444,-36.1,4.97,5228.1,999.0,0,0.0,0.0,0.0,2,7,0.0,4,8,1,1
8670,47.0,1,999,0,1.1,93.994,-36.4,4.856,5191.0,999.0,0,0.0,0.0,1.0,3,2,0.0,12,5,1,1
8671,47.0,1,999,0,-0.1,93.2,-42.0,4.191,5195.8,999.0,0,0.0,0.0,0.0,2,4,0.0,3,11,1,1
8672,31.0,1,999,0,1.1,93.994,-36.4,4.856,5191.0,999.0,0,1.0,0.0,1.0,2,5,0.0,9,5,1,1
8673,31.0,3,999,0,-1.8,93.749,-34.6,0.645,5008.7,999.0,0,0.0,0.0,0.0,2,5,0.0,6,4,1,1
8674,38.0,2,999,0,1.4,93.444,-36.1,4.968,5228.1,999.0,0,0.0,0.0,0.0,2,7,0.0,6,8,1,1
8675,31.0,1,999,0,-2.9,92.201,-31.4,0.849,5076.2,999.0,0,1.0,1.0,0.0,1,8,0.0,11,8,1,1
8676,37.0,1,999,0,-1.8,92.893,-46.2,1.25,5099.1,999.0,0,1.0,1.0,0.0,2,7,0.0,10,5,1,1
8677,55.0,3,999,0,1.4,93.444,-36.1,4.963,5228.1,999.0,0,0.0,0.0,0.0,2,4,0.0,9,8,1,1
8678,33.0,3,999,0,-2.9,92.469,-33.6,0.927,5076.2,999.0,0,0.0,1.0,0.0,3,7,0.0,6,7,1,1
8679,31.0,2,999,0,1.4,93.444,-36.1,4.964,5228.1,999.0,0,0.0,0.0,0.0,3,6,0.0,5,8,1,1
8680,33.0,2,999,0,-1.8,92.893,-46.2,1.244,5099.1,999.0,0,0.0,0.0,0.0,1,5,0.0,4,5,2,1
8681,34.0,1,999,0,1.4,94.465,-41.8,4.961,5228.1,999.0,0,0.0,0.0,1.0,2,8,0.0,6,6,1,1
8682,31.0,5,999,0,-3.4,92.431,-26.9,0.739,5017.5,999.0,0,1.0,1.0,0.0,2,8,0.0,6,10,1,1
8683,48.0,1,999,0,1.1,93.994,-36.4,4.857,5191.0,999.0,0,0.0,0.0,1.0,2,5,0.0,5,5,1,1
8684,29.0,3,999,0,1.4,93.918,-42.7,4.962,5228.1,999.0,0,1.0,0.0,1.0,1,7,0.0,3,7,2,1
8685,31.0,2,999,0,-1.8,92.893,-46.2,1.259,5099.1,999.0,0,0.0,1.0,0.0,1,6,0.0,11,5,1,1
8686,40.0,1,999,0,1.1,93.994,-36.4,4.859,5191.0,999.0,0,0.0,0.0,1.0,2,7,0.0,6,5,1,1
8687,31.0,1,999,0,1.1,93.994,-36.4,4.857,5191.0,999.0,0,1.0,0.0,1.0,1,5,0.0,9,5,1,1
8688,47.0,1,999,0,-1.7,94.055,-39.8,0.742,4991.6,999.0,0,1.0,0.0,1.0,3,6,0.0,5,6,1,1
8689,34.0,1,7,1,-1.8,92.893,-46.2,1.27,5099.1,0.233333333333,2,1.0,1.0,0.0,2,7,0.0,6,5,1,3
8690,32.0,2,999,0,1.4,93.444,-36.1,4.964,5228.1,999.0,0,1.0,0.0,0.0,2,7,0.0,5,8,1,1
8691,31.0,3,999,0,1.1,93.994,-36.4,4.858,5191.0,999.0,0,0.0,0.0,1.0,2,6,0.0,6,5,2,1
8692,31.0,1,999,0,1.4,93.918,-42.7,4.96,5228.1,999.0,0,1.0,0.0,0.0,2,4,0.0,5,7,2,1
8693,40.0,1,999,0,-1.8,92.893,-46.2,1.313,5099.1,999.0,0,0.0,0.0,0.0,2,2,0.0,4,5,1,1
8694,39.0,2,999,1,-0.1,93.2,-42.0,4.076,5195.8,999.0,0,0.0,0.0,1.0,2,4,0.0,4,11,1,2
8695,38.0,8,999,0,1.4,93.918,-42.7,4.961,5228.1,999.0,0,0.0,0.0,0.0,3,8,0.0,6,7,1,1
8696,31.0,1,999,0,-1.7,94.055,-39.8,0.702,4991.6,999.0,0,0.0,0.0,1.0,1,8,0.0,5,6,1,1
8697,31.0,2,999,0,1.4,93.444,-36.1,4.966,5228.1,999.0,0,1.0,0.0,0.0,1,7,0.0,5,8,1,1
8698,31.0,2,999,0,1.4,93.918,-42.7,4.955,5228.1,999.0,0,1.0,0.0,1.0,2,6,0.0,5,7,1,1
8699,31.0,11,999,0,1.4,94.465,-41.8,4.866,5228.1,999.0,0,0.0,0.0,1.0,2,4,0.0,4,6,1,1
8700,52.0,2,999,0,1.4,94.465,-41.8,4.96,5228.1,999.0,0,0.0,0.0,1.0,2,2,0.0,12,6,2,1
8701,24.0,2,999,0,1.4,93.918,-42.7,4.963,5228.1,999.0,0,1.0,0.0,0.0,2,7,0.0,6,7,1,1
8702,31.0,1,999,0,-1.8,92.893,-46.2,1.299,5099.1,999.0,0,0.0,0.0,0.0,2,8,0.0,4,5,2,1
8703,26.0,5,999,0,1.4,93.918,-42.7,4.963,5228.1,999.0,0,0.0,0.0,1.0,1,7,0.0,6,7,1,1
8704,35.0,2,999,0,1.4,93.444,-36.1,4.963,5228.1,999.0,0,1.0,0.0,0.0,1,7,0.0,6,8,2,1
8705,54.0,1,999,0,1.4,93.444,-36.1,4.965,5228.1,999.0,0,1.0,0.0,0.0,2,8,0.0,4,8,1,1
8706,31.0,1,999,0,-0.1,93.2,-42.0,4.153,5195.8,999.0,0,0.0,0.0,0.0,3,6,0.0,5,11,1,1
8707,47.0,2,999,0,-0.1,93.2,-42.0,4.021,5195.8,999.0,0,0.0,0.0,0.0,2,7,0.0,5,11,1,1
8708,36.0,8,999,0,1.4,93.918,-42.7,4.96,5228.1,999.0,0,1.0,0.0,0.0,1,8,0.0,9,7,2,1
8709,42.0,2,999,0,1.1,93.994,-36.4,4.856,5191.0,999.0,0,1.0,0.0,1.0,2,4,0.0,4,5,1,1
8710,31.0,2,999,0,-1.8,93.075,-47.1,1.405,5099.1,999.0,0,0.0,0.0,0.0,2,8,0.0,3,4,1,1
8711,36.0,4,999,0,1.1,93.994,-36.4,4.856,5191.0,999.0,0,1.0,1.0,1.0,2,7,0.0,5,5,1,1
8712,50.0,1,999,0,-0.1,93.2,-42.0,4.021,5195.8,999.0,0,1.0,0.0,1.0,3,8,0.0,6,11,1,1
8713,31.0,3,999,0,1.1,93.994,-36.4,4.855,5191.0,999.0,0,1.0,0.0,1.0,2,7,0.0,6,5,1,1
8714,32.0,2,999,0,-1.8,92.893,-46.2,1.354,5099.1,999.0,0,0.0,1.0,0.0,1,8,0.0,11,5,2,1
8715,32.0,2,999,1,-2.9,92.963,-40.8,1.244,5076.2,999.0,2,1.0,1.0,0.0,1,8,0.0,6,6,1,2
8716,29.0,3,999,0,-1.8,93.075,-47.1,1.405,5099.1,999.0,0,1.0,0.0,0.0,3,7,0.0,6,4,1,1
8717,31.0,1,999,0,-3.4,92.379,-29.8,0.781,5017.5,999.0,0,1.0,1.0,0.0,1,8,0.0,6,9,1,1
8718,31.0,6,999,0,1.4,94.465,-41.8,4.959,5228.1,999.0,0,0.0,0.0,1.0,2,3,0.0,4,6,1,1
8719,34.0,2,999,0,-3.4,92.431,-26.9,0.742,5017.5,999.0,0,0.0,0.0,1.0,2,8,0.0,3,10,1,1
8720,40.0,2,999,0,1.4,93.444,-36.1,4.965,5228.1,999.0,0,1.0,0.0,0.0,1,5,0.0,6,8,1,1
8721,31.0,1,999,1,-1.8,92.893,-46.2,1.334,5099.1,999.0,2,1.0,0.0,0.0,2,8,0.0,9,5,1,2
8722,31.0,3,999,1,-1.8,92.893,-46.2,1.244,5099.1,999.0,3,1.0,0.0,0.0,1,7,0.0,6,5,2,2
8723,31.0,4,999,0,-0.1,93.2,-42.0,4.076,5195.8,999.0,0,0.0,0.0,0.0,1,8,0.0,3,11,1,1
8724,34.0,2,999,0,1.4,93.444,-36.1,4.968,5228.1,999.0,0,0.0,0.0,0.0,2,7,0.0,6,8,1,1
8725,31.0,1,999,0,1.4,93.918,-42.7,4.962,5228.1,999.0,0,1.0,0.0,0.0,1,8,0.0,6,7,1,1
8726,39.0,21,999,0,1.4,93.918,-42.7,4.968,5228.1,999.0,0,0.0,0.0,1.0,1,8,0.0,4,7,1,1
8727,38.0,2,999,0,-1.8,93.075,-47.1,1.384,5099.1,999.0,0,1.0,0.0,0.0,3,8,0.0,6,4,1,1
8728,29.0,10,999,0,-1.8,92.893,-46.2,1.266,5099.1,999.0,0,1.0,1.0,0.0,1,8,0.0,9,5,1,1
8729,36.0,1,10,1,-1.8,92.893,-46.2,1.244,5099.1,0.333333333333,1,1.0,1.0,0.0,2,8,0.0,6,5,2,3
8730,46.0,1,999,0,-0.1,93.2,-42.0,4.191,5195.8,999.0,0,1.0,0.0,0.0,2,5,0.0,6,11,2,1
8731,55.0,3,999,0,-0.1,93.2,-42.0,4.12,5195.8,999.0,0,0.0,0.0,0.0,3,8,0.0,6,11,1,1
8732,31.0,2,999,0,-1.8,93.075,-47.1,1.405,5099.1,999.0,0,1.0,0.0,0.0,2,4,0.0,5,4,2,1
8733,30.0,1,999,2,-1.1,94.199,-37.5,0.88,4963.6,999.0,0,0.0,0.0,0.0,1,8,0.0,11,9,1,2
8734,37.0,13,999,0,1.1,93.994,-36.4,4.864,5191.0,999.0,0,1.0,0.0,1.0,2,8,0.0,1,5,1,1
8735,34.0,1,999,0,-1.8,92.893,-46.2,1.327,5099.1,999.0,0,1.0,0.0,0.0,2,8,0.0,5,5,1,1
8736,34.0,3,999,0,1.4,93.444,-36.1,4.963,5228.1,999.0,0,1.0,0.0,0.0,2,8,0.0,5,8,1,1
8737,70.0,3,999,1,-1.8,92.843,-50.0,1.629,5099.1,999.0,1,0.0,0.0,0.0,2,8,0.0,8,3,2,2
8738,47.0,5,999,0,1.4,93.444,-36.1,4.964,5228.1,999.0,0,0.0,0.0,0.0,2,2,0.0,4,8,1,1
8739,45.0,3,999,0,1.4,93.444,-36.1,4.968,5228.1,999.0,0,1.0,1.0,0.0,2,8,0.0,4,8,1,1
8740,42.0,1,6,1,-1.1,94.601,-49.5,1.0,4963.6,0.2,1,1.0,1.0,0.0,2,6,0.0,5,10,1,3
8741,31.0,2,999,0,1.1,93.994,-36.4,4.86,5191.0,999.0,0,1.0,0.0,1.0,2,4,0.0,6,5,1,1
8742,48.0,3,999,0,-1.8,93.075,-47.1,1.405,5099.1,999.0,0,0.0,0.0,0.0,1,5,0.0,9,4,1,1
8743,31.0,2,999,0,1.4,94.465,-41.8,4.96,5228.1,999.0,0,1.0,0.0,1.0,1,5,0.0,6,6,1,1
8744,39.0,5,999,0,1.4,93.918,-42.7,4.968,5228.1,999.0,0,1.0,0.0,0.0,2,6,0.0,5,7,1,1
8745,30.0,1,999,0,-0.1,93.798,-40.4,4.936,5195.8,999.0,0,0.0,0.0,1.0,1,7,0.0,5,10,1,1
8746,31.0,2,999,0,-1.8,92.893,-46.2,1.354,5099.1,999.0,0,1.0,0.0,0.0,1,7,0.0,6,5,2,1
8747,38.0,1,999,0,-0.1,93.2,-42.0,4.153,5195.8,999.0,0,0.0,0.0,0.0,3,8,0.0,4,11,1,1
8748,29.0,1,999,0,-1.8,93.075,-47.1,1.405,5099.1,999.0,0,1.0,1.0,0.0,2,7,0.0,6,4,2,1
8749,31.0,1,999,0,-1.8,93.075,-47.1,1.392,5099.1,999.0,0,0.0,0.0,0.0,2,7,0.0,3,4,2,1
8750,40.0,1,999,0,1.4,93.918,-42.7,4.962,5228.1,999.0,0,0.0,0.0,0.0,2,6,0.0,5,7,1,1
8751,48.0,1,999,0,-0.1,93.2,-42.0,4.191,5195.8,999.0,0,1.0,0.0,0.0,2,8,0.0,9,11,2,1
8752,47.0,2,999,0,1.4,94.465,-41.8,4.961,5228.1,999.0,0,0.0,1.0,1.0,2,8,0.0,3,6,2,1
8753,31.0,2,999,0,-1.8,92.893,-46.2,1.266,5099.1,999.0,0,0.0,0.0,0.0,2,5,0.0,6,5,1,1
8754,31.0,2,999,0,1.4,94.465,-41.8,4.866,5228.1,999.0,0,1.0,0.0,1.0,2,8,0.0,9,6,1,1
8755,39.0,3,999,0,1.4,93.918,-42.7,4.962,5228.1,999.0,0,0.0,0.0,1.0,3,5,0.0,6,7,2,1
8756,58.0,1,999,0,1.1,93.994,-36.4,4.857,5191.0,999.0,0,0.0,0.0,1.0,2,4,0.0,6,5,1,1
8757,31.0,2,12,1,-1.8,92.893,-46.2,1.281,5099.1,0.4,1,0.0,0.0,1.0,2,4,0.0,1,5,1,3
8758,39.0,2,999,0,1.1,93.994,-36.4,4.855,5191.0,999.0,0,1.0,0.0,1.0,2,5,0.0,9,5,1,1
8759,41.0,3,999,0,1.4,94.465,-41.8,4.959,5228.1,999.0,0,0.0,0.0,1.0,2,8,0.0,2,6,1,1
8760,31.0,4,999,0,1.4,93.444,-36.1,4.963,5228.1,999.0,0,1.0,0.0,0.0,1,7,0.0,5,8,1,1
8761,31.0,2,999,0,-0.1,93.2,-42.0,4.076,5195.8,999.0,0,0.0,0.0,0.0,1,8,0.0,6,11,1,1
8762,31.0,3,999,0,1.4,93.918,-42.7,4.968,5228.1,999.0,0,1.0,0.0,0.0,1,8,0.0,6,7,1,1
8763,38.0,2,999,0,1.1,93.994,-36.4,4.857,5191.0,999.0,0,1.0,0.0,1.0,2,6,0.0,5,5,1,1
8764,43.0,1,999,0,1.1,93.994,-36.4,4.857,5191.0,999.0,0,0.0,0.0,1.0,2,6,0.0,3,5,1,1
8765,38.0,1,999,0,-1.8,92.893,-46.2,1.291,5099.1,999.0,0,1.0,0.0,0.0,2,8,0.0,7,5,1,1
8766,33.0,14,999,0,1.4,93.918,-42.7,4.968,5228.1,999.0,0,1.0,0.0,0.0,2,4,0.0,4,7,1,1
8767,31.0,1,999,0,1.4,93.444,-36.1,4.966,5228.1,999.0,0,1.0,0.0,0.0,2,8,0.0,1,8,1,1
8768,28.0,1,999,0,1.4,94.465,-41.8,4.961,5228.1,999.0,0,1.0,0.0,1.0,2,4,0.0,4,6,1,1
8769,24.0,2,999,0,1.1,93.994,-36.4,4.857,5191.0,999.0,0,0.0,0.0,1.0,1,8,0.0,5,5,1,1
8770,31.0,3,999,0,1.4,93.918,-42.7,4.962,5228.1,999.0,0,1.0,0.0,0.0,2,5,0.0,3,7,1,1
8771,29.0,1,999,0,1.4,94.465,-41.8,4.967,5228.1,999.0,0,0.0,0.0,1.0,2,8,0.0,5,6,1,1
8772,31.0,4,999,0,1.1,93.994,-36.4,4.857,5191.0,999.0,0,0.0,0.0,1.0,1,6,0.0,5,5,1,1
8773,31.0,2,999,0,-1.7,94.215,-40.3,0.846,4991.6,999.0,0,0.0,1.0,0.0,1,8,0.0,9,7,1,1
8774,31.0,10,999,0,1.4,93.918,-42.7,4.962,5228.1,999.0,0,0.0,0.0,0.0,2,3,0.0,4,7,2,1
8775,31.0,2,999,0,1.1,93.994,-36.4,4.857,5191.0,999.0,0,0.0,0.0,1.0,2,5,0.0,7,5,1,1
8776,55.0,9,999,0,1.1,93.994,-36.4,4.86,5191.0,999.0,0,1.0,0.0,1.0,2,7,0.0,5,5,1,1
8777,36.0,4,999,0,1.1,93.994,-36.4,4.857,5191.0,999.0,0,0.0,1.0,1.0,2,2,0.0,4,5,1,1
8778,40.0,1,999,0,-1.8,93.075,-47.1,1.405,5099.1,999.0,0,0.0,0.0,0.0,2,8,0.0,4,4,2,1
8779,31.0,1,999,0,1.4,93.918,-42.7,4.962,5228.1,999.0,0,1.0,1.0,0.0,2,8,0.0,4,7,1,1
8780,36.0,1,999,0,1.1,93.994,-36.4,4.857,5191.0,999.0,0,0.0,0.0,1.0,2,5,0.0,9,5,1,1
8781,31.0,1,999,0,1.1,93.994,-36.4,4.857,5191.0,999.0,0,1.0,0.0,1.0,2,5,0.0,9,5,1,1
8782,31.0,10,999,0,-0.1,93.2,-42.0,4.021,5195.8,999.0,0,1.0,0.0,0.0,2,2,0.0,10,11,1,1
8783,42.0,1,999,0,1.4,93.444,-36.1,4.965,5228.1,999.0,0,1.0,0.0,0.0,2,2,0.0,2,8,2,1
8784,30.0,1,999,0,1.4,94.465,-41.8,4.864,5228.1,999.0,0,1.0,0.0,1.0,2,8,0.0,6,6,1,1
8785,31.0,2,999,1,-0.1,93.2,-42.0,4.12,5195.8,999.0,1,1.0,0.0,0.0,2,8,0.0,6,11,1,2
8786,31.0,2,999,0,1.1,93.994,-36.4,4.856,5191.0,999.0,0,1.0,0.0,1.0,2,6,0.0,5,5,1,1
8787,30.0,1,999,0,-0.1,93.2,-42.0,4.12,5195.8,999.0,0,0.0,0.0,0.0,1,8,0.0,9,11,1,1
8788,56.0,2,999,0,1.4,94.465,-41.8,4.961,5228.1,999.0,0,0.0,0.0,1.0,2,2,0.0,8,6,1,1
8789,30.0,5,999,1,-0.1,93.2,-42.0,4.076,5195.8,999.0,2,0.0,0.0,0.0,1,7,0.0,3,11,1,2
8790,31.0,2,999,0,1.4,93.918,-42.7,4.962,5228.1,999.0,0,0.0,1.0,0.0,1,4,0.0,4,7,1,1
8791,36.0,2,999,0,-1.8,92.893,-46.2,1.344,5099.1,999.0,0,1.0,0.0,0.0,2,5,0.0,9,5,1,1
8792,51.0,3,999,0,-1.8,92.893,-46.2,1.313,5099.1,999.0,0,1.0,0.0,0.0,2,7,0.0,4,5,1,1
8793,31.0,6,999,0,1.4,93.444,-36.1,4.962,5228.1,999.0,0,1.0,0.0,0.0,2,4,0.0,6,8,1,1
8794,56.0,1,999,0,1.4,93.444,-36.1,4.963,5228.1,999.0,0,1.0,0.0,0.0,2,8,0.0,4,8,1,1
8795,44.0,2,999,0,1.4,93.444,-36.1,4.968,5228.1,999.0,0,0.0,0.0,0.0,2,8,0.0,10,8,1,1
8796,33.0,2,999,0,1.4,94.465,-41.8,4.947,5228.1,999.0,0,0.0,0.0,1.0,1,6,0.0,5,6,1,1
8797,31.0,5,999,0,1.4,93.918,-42.7,4.963,5228.1,999.0,0,1.0,1.0,0.0,2,8,0.0,6,7,1,1
8798,31.0,3,999,0,1.4,93.444,-36.1,4.965,5228.1,999.0,0,1.0,0.0,0.0,2,7,0.0,6,8,1,1
8799,31.0,1,999,0,1.4,94.465,-41.8,4.864,5228.1,999.0,0,1.0,0.0,1.0,2,2,0.0,4,6,1,1
8800,54.0,1,999,0,-1.8,92.893,-46.2,1.299,5099.1,999.0,0,0.0,0.0,0.0,2,8,0.0,4,5,2,1
8801,30.0,3,999,0,-1.8,92.843,-50.0,1.811,5099.1,999.0,0,1.0,0.0,0.0,2,7,0.0,3,3,2,1
8802,44.0,4,999,0,1.1,93.994,-36.4,4.857,5191.0,999.0,0,1.0,1.0,1.0,2,5,0.0,9,5,1,1
8803,31.0,5,999,0,1.4,93.918,-42.7,4.963,5228.1,999.0,0,0.0,1.0,0.0,1,5,0.0,9,7,1,1
8804,41.0,1,999,0,1.4,94.465,-41.8,4.96,5228.1,999.0,0,0.0,0.0,1.0,3,3,0.0,4,6,2,1
8805,59.0,2,999,0,1.1,93.994,-36.4,4.855,5191.0,999.0,0,0.0,0.0,1.0,2,7,0.0,3,5,1,1
8806,48.0,1,999,0,1.4,93.444,-36.1,4.963,5228.1,999.0,0,0.0,0.0,1.0,2,8,0.0,4,8,2,1
8807,32.0,1,999,0,1.1,93.994,-36.4,4.857,5191.0,999.0,0,0.0,1.0,1.0,2,6,0.0,4,5,1,1
8808,31.0,2,999,0,1.4,94.465,-41.8,4.864,5228.1,999.0,0,0.0,0.0,1.0,2,8,0.0,4,6,1,1
8809,34.0,2,999,0,1.4,93.918,-42.7,4.962,5228.1,999.0,0,0.0,0.0,0.0,1,7,0.0,5,7,1,1
8810,44.0,3,999,0,1.4,93.918,-42.7,4.963,5228.1,999.0,0,1.0,1.0,1.0,2,8,0.0,9,7,1,1
8811,31.0,2,999,0,-1.8,92.893,-46.2,1.334,5099.1,999.0,0,0.0,0.0,0.0,1,5,0.0,6,5,1,1
8812,38.0,1,999,0,1.4,93.444,-36.1,4.967,5228.1,999.0,0,0.0,1.0,0.0,2,8,0.0,5,8,1,1
8813,31.0,1,999,0,-1.8,93.075,-47.1,1.41,5099.1,999.0,0,1.0,0.0,0.0,2,2,0.0,7,4,1,1
8814,31.0,1,999,0,1.4,93.444,-36.1,4.962,5228.1,999.0,0,1.0,0.0,0.0,1,7,0.0,6,8,1,1
8815,42.0,1,999,0,1.1,93.994,-36.4,4.857,5191.0,999.0,0,0.0,1.0,1.0,3,2,0.0,4,5,1,1
8816,41.0,4,999,0,-1.8,92.893,-46.2,1.244,5099.1,999.0,0,1.0,0.0,1.0,1,8,0.0,6,5,2,1
8817,26.0,1,999,0,1.1,93.994,-36.4,4.855,5191.0,999.0,0,0.0,0.0,1.0,3,3,0.0,9,5,1,1
8818,31.0,2,999,0,1.1,93.994,-36.4,4.858,5191.0,999.0,0,0.0,1.0,1.0,2,8,0.0,6,5,2,1
8819,25.0,1,999,0,1.1,93.994,-36.4,4.857,5191.0,999.0,0,1.0,0.0,1.0,2,4,0.0,4,5,2,1
8820,57.0,8,999,0,1.1,93.994,-36.4,4.857,5191.0,999.0,0,0.0,0.0,1.0,2,8,0.0,8,5,1,1
8821,44.0,1,999,1,-0.1,93.2,-42.0,4.12,5195.8,999.0,1,0.0,0.0,0.0,2,5,0.0,7,11,1,2
8822,31.0,4,999,0,-1.8,92.893,-46.2,1.291,5099.1,999.0,0,1.0,0.0,0.0,1,5,0.0,9,5,1,1
8823,57.0,1,999,0,1.4,93.918,-42.7,4.962,5228.1,999.0,0,1.0,0.0,1.0,2,2,0.0,4,7,1,1
8824,31.0,3,999,0,1.1,93.994,-36.4,4.857,5191.0,999.0,0,1.0,0.0,1.0,2,4,0.0,4,5,1,1
8825,52.0,3,999,0,1.4,93.918,-42.7,4.957,5228.1,999.0,0,1.0,0.0,0.0,2,8,0.0,6,7,1,1
8826,29.0,2,999,0,-1.8,92.893,-46.2,1.266,5099.1,999.0,0,1.0,0.0,0.0,2,8,0.0,4,5,1,1
8827,33.0,3,999,0,1.4,93.444,-36.1,4.963,5228.1,999.0,0,1.0,1.0,0.0,1,5,0.0,6,8,1,1
8828,31.0,1,999,0,-2.9,92.201,-31.4,0.879,5076.2,999.0,0,0.0,0.0,0.0,2,5,0.0,6,8,1,1
8829,37.0,1,999,0,1.4,94.465,-41.8,4.866,5228.1,999.0,0,1.0,0.0,1.0,2,6,0.0,4,6,1,1
8830,53.0,2,999,0,-0.1,93.2,-42.0,4.076,5195.8,999.0,0,1.0,0.0,0.0,2,8,0.0,2,11,1,1
8831,32.0,11,999,0,1.1,93.994,-36.4,4.859,5191.0,999.0,0,1.0,1.0,1.0,2,3,0.0,4,5,1,1
8832,57.0,1,3,3,-3.4,92.649,-30.1,0.715,5017.5,0.1,6,1.0,0.0,0.0,2,5,0.0,6,11,2,3
8833,44.0,1,999,0,1.1,93.994,-36.4,4.859,5191.0,999.0,0,1.0,0.0,1.0,2,8,0.0,6,5,1,1
8834,52.0,7,999,0,1.1,93.994,-36.4,4.86,5191.0,999.0,0,0.0,0.0,1.0,2,4,0.0,8,5,1,1
8835,33.0,1,999,0,1.4,93.918,-42.7,4.958,5228.1,999.0,0,1.0,0.0,0.0,1,4,0.0,3,7,1,1
8836,31.0,1,999,0,-1.8,92.893,-46.2,1.266,5099.1,999.0,0,1.0,1.0,0.0,2,8,0.0,4,5,1,1
8837,33.0,1,999,0,1.1,93.994,-36.4,4.857,5191.0,999.0,0,1.0,0.0,1.0,2,5,0.0,1,5,1,1
8838,31.0,1,999,0,1.4,93.918,-42.7,4.962,5228.1,999.0,0,0.0,0.0,0.0,1,8,0.0,3,7,1,1
8839,31.0,2,999,0,1.1,93.994,-36.4,4.856,5191.0,999.0,0,1.0,0.0,1.0,2,4,0.0,4,5,1,1
8840,37.0,2,999,1,-2.9,92.201,-31.4,0.884,5076.2,999.0,1,0.0,0.0,0.0,2,5,0.0,6,8,1,2
8841,31.0,1,999,0,1.4,94.465,-41.8,4.961,5228.1,999.0,0,0.0,0.0,1.0,1,8,0.0,6,6,2,1
8842,25.0,3,999,0,1.1,93.994,-36.4,4.86,5191.0,999.0,0,1.0,1.0,1.0,1,8,0.0,9,5,1,1
8843,55.0,2,999,0,1.4,94.465,-41.8,4.961,5228.1,999.0,0,1.0,0.0,1.0,2,4,0.0,5,6,1,1
8844,34.0,1,999,0,1.4,93.444,-36.1,4.963,5228.1,999.0,0,1.0,0.0,0.0,2,7,0.0,6,8,1,1
8845,33.0,1,999,1,-1.8,92.893,-46.2,1.313,5099.1,999.0,1,0.0,0.0,0.0,2,7,0.0,3,5,1,2
8846,54.0,21,999,0,1.4,93.444,-36.1,4.962,5228.1,999.0,0,0.0,0.0,0.0,2,7,0.0,3,8,1,1
8847,40.0,2,999,0,-2.9,92.963,-40.8,1.252,5076.2,999.0,0,0.0,0.0,0.0,1,2,0.0,10,6,1,1
8848,41.0,1,999,0,1.1,93.994,-36.4,4.859,5191.0,999.0,0,1.0,0.0,1.0,1,7,0.0,6,5,1,1
8849,51.0,2,999,0,1.4,94.465,-41.8,4.961,5228.1,999.0,0,0.0,0.0,1.0,2,2,0.0,4,6,1,1
8850,54.0,2,999,0,1.4,93.918,-42.7,4.961,5228.1,999.0,0,1.0,1.0,0.0,3,2,0.0,2,7,1,1
8851,44.0,11,999,0,1.4,93.918,-42.7,4.968,5228.1,999.0,0,1.0,0.0,0.0,3,7,0.0,6,7,1,1
8852,31.0,2,999,0,-0.1,93.2,-42.0,4.021,5195.8,999.0,0,0.0,0.0,0.0,1,8,0.0,3,11,1,1
8853,26.0,1,999,0,-3.4,92.649,-30.1,0.714,5017.5,999.0,0,0.0,0.0,1.0,1,5,0.0,4,11,1,1
8854,31.0,3,999,0,1.4,93.444,-36.1,4.964,5228.1,999.0,0,1.0,1.0,0.0,3,7,0.0,6,8,1,1
8855,36.0,1,999,0,1.1,93.994,-36.4,4.857,5191.0,999.0,0,1.0,1.0,1.0,2,4,0.0,4,5,2,1
8856,29.0,1,999,1,-0.1,93.2,-42.0,4.12,5195.8,999.0,1,0.0,0.0,0.0,1,8,0.0,3,11,1,2
8857,30.0,6,999,0,1.1,93.994,-36.4,4.856,5191.0,999.0,0,1.0,0.0,1.0,2,7,0.0,9,5,1,1
8858,36.0,1,999,0,-1.8,92.893,-46.2,1.327,5099.1,999.0,0,0.0,0.0,0.0,2,4,0.0,4,5,1,1
8859,31.0,1,999,0,-2.9,92.963,-40.8,1.26,5076.2,999.0,0,0.0,0.0,0.0,2,7,0.0,3,6,1,1
8860,37.0,1,999,0,1.4,93.444,-36.1,4.963,5228.1,999.0,0,1.0,0.0,0.0,1,7,0.0,1,8,1,1
8861,31.0,1,999,0,-1.8,93.075,-47.1,1.405,5099.1,999.0,0,0.0,0.0,0.0,2,5,0.0,4,4,2,1
8862,50.0,3,999,0,1.1,93.994,-36.4,4.857,5191.0,999.0,0,1.0,0.0,1.0,2,8,0.0,5,5,1,1
8863,45.0,1,999,0,-1.8,92.893,-46.2,1.327,5099.1,999.0,0,1.0,0.0,0.0,2,7,0.0,3,5,1,1
8864,47.0,1,999,0,1.4,94.465,-41.8,4.865,5228.1,999.0,0,1.0,0.0,1.0,1,7,0.0,7,6,2,1
8865,46.0,1,999,1,-1.8,92.893,-46.2,1.334,5099.1,999.0,2,0.0,0.0,0.0,2,8,0.0,9,5,1,2
8866,31.0,1,999,0,1.1,93.994,-36.4,4.856,5191.0,999.0,0,0.0,0.0,1.0,3,7,0.0,6,5,1,1
8867,46.0,2,999,0,1.1,93.994,-36.4,4.864,5191.0,999.0,0,0.0,0.0,1.0,2,8,0.0,2,5,1,1
8868,40.0,1,999,0,-2.9,92.963,-40.8,1.26,5076.2,999.0,0,1.0,0.0,0.0,3,7,0.0,3,6,1,1
8869,42.0,2,999,0,1.1,93.994,-36.4,4.86,5191.0,999.0,0,1.0,1.0,1.0,2,8,0.0,1,5,1,1
8870,56.0,4,999,0,-0.1,93.2,-42.0,4.021,5195.8,999.0,0,0.0,0.0,0.0,3,8,0.0,6,11,1,1
8871,43.0,5,999,0,1.4,94.465,-41.8,4.962,5228.1,999.0,0,0.0,0.0,1.0,2,8,0.0,9,6,1,1
8872,31.0,3,999,0,1.4,93.444,-36.1,4.963,5228.1,999.0,0,1.0,1.0,0.0,2,6,0.0,5,8,1,1
8873,29.0,2,999,0,1.4,93.918,-42.7,4.963,5228.1,999.0,0,0.0,0.0,0.0,1,5,0.0,6,7,1,1
8874,24.0,3,999,0,1.4,93.918,-42.7,4.958,5228.1,999.0,0,0.0,0.0,0.0,1,8,0.0,9,7,1,1
8875,43.0,1,999,0,1.4,93.918,-42.7,4.957,5228.1,999.0,0,1.0,0.0,0.0,1,8,0.0,5,7,1,1
8876,31.0,4,999,0,1.1,93.994,-36.4,4.857,5191.0,999.0,0,1.0,1.0,1.0,2,6,0.0,5,5,2,1
8877,41.0,1,999,0,1.4,94.465,-41.8,4.864,5228.1,999.0,0,0.0,0.0,1.0,2,8,0.0,4,6,1,1
8878,52.0,5,999,0,-3.4,92.649,-30.1,0.714,5017.5,999.0,0,0.0,0.0,0.0,2,8,0.0,5,11,1,1
8879,55.0,5,999,0,-1.8,92.893,-46.2,1.266,5099.1,999.0,0,1.0,0.0,1.0,2,6,0.0,2,5,1,1
8880,31.0,3,999,0,-1.8,92.893,-46.2,1.327,5099.1,999.0,0,1.0,1.0,0.0,2,7,0.0,3,5,1,1
8881,34.0,2,999,1,-1.8,92.893,-46.2,1.313,5099.1,999.0,0,1.0,0.0,0.0,1,8,0.0,1,5,1,2
8882,35.0,1,999,0,-1.8,92.893,-46.2,1.327,5099.1,999.0,0,0.0,0.0,0.0,1,5,0.0,6,5,1,1
8883,43.0,3,999,1,-1.8,93.075,-47.1,1.405,5099.1,999.0,2,0.0,1.0,0.0,2,4,0.0,4,4,1,2
8884,50.0,3,999,0,1.4,94.465,-41.8,4.864,5228.1,999.0,0,1.0,0.0,1.0,2,7,0.0,6,6,1,1
8885,40.0,2,999,0,1.4,94.465,-41.8,4.866,5228.1,999.0,0,0.0,0.0,1.0,2,3,0.0,7,6,1,1
8886,32.0,2,999,2,-1.8,92.893,-46.2,1.266,5099.1,999.0,4,1.0,0.0,0.0,2,7,0.0,6,5,1,2
8887,32.0,1,999,0,1.4,93.918,-42.7,4.963,5228.1,999.0,0,1.0,1.0,0.0,2,4,0.0,4,7,1,1
8888,57.0,2,999,0,1.4,93.918,-42.7,4.963,5228.1,999.0,0,0.0,0.0,0.0,2,8,0.0,6,7,1,1
8889,34.0,2,999,0,-1.8,92.893,-46.2,1.299,5099.1,999.0,0,0.0,0.0,0.0,2,4,0.0,5,5,2,1
8890,31.0,3,999,0,1.4,93.918,-42.7,4.961,5228.1,999.0,0,1.0,0.0,0.0,2,5,0.0,9,7,1,1
8891,31.0,2,999,1,-1.8,93.075,-47.1,1.405,5099.1,999.0,4,1.0,1.0,0.0,3,8,0.0,2,4,1,2
8892,38.0,1,999,0,1.1,93.994,-36.4,4.856,5191.0,999.0,0,0.0,0.0,1.0,1,6,0.0,5,5,1,1
8893,42.0,1,999,1,-1.8,92.893,-46.2,1.281,5099.1,999.0,1,1.0,0.0,0.0,2,4,0.0,9,5,1,2
8894,48.0,1,999,0,1.1,93.994,-36.4,4.856,5191.0,999.0,0,0.0,0.0,1.0,2,8,0.0,6,5,1,1
8895,53.0,1,999,0,1.4,93.918,-42.7,4.962,5228.1,999.0,0,1.0,0.0,0.0,2,8,0.0,3,7,1,1
8896,47.0,1,999,0,-1.8,93.075,-47.1,1.41,5099.1,999.0,0,1.0,1.0,0.0,1,5,0.0,6,4,1,1
8897,31.0,4,999,1,-0.1,93.2,-42.0,4.021,5195.8,999.0,1,1.0,0.0,0.0,2,7,0.0,3,11,1,2
8898,54.0,3,999,0,1.4,94.465,-41.8,4.962,5228.1,999.0,0,0.0,0.0,1.0,2,8,0.0,3,6,1,1
8899,31.0,4,999,0,-1.8,92.893,-46.2,1.244,5099.1,999.0,0,1.0,0.0,1.0,2,7,0.0,5,5,2,1
8900,31.0,3,999,0,-1.8,92.893,-46.2,1.281,5099.1,999.0,0,1.0,0.0,1.0,1,5,0.0,9,5,1,1
8901,44.0,2,999,0,1.4,94.465,-41.8,4.961,5228.1,999.0,0,0.0,1.0,1.0,3,8,0.0,5,6,1,1
8902,34.0,1,999,0,1.1,93.994,-36.4,4.856,5191.0,999.0,0,1.0,0.0,1.0,3,7,0.0,3,5,1,1
8903,34.0,1,999,0,1.4,94.465,-41.8,4.864,5228.1,999.0,0,0.0,1.0,1.0,2,8,0.0,5,6,1,1
8904,56.0,3,999,0,-0.1,93.2,-42.0,4.153,5195.8,999.0,0,0.0,0.0,0.0,2,2,0.0,8,11,1,1
8905,37.0,1,999,0,1.4,94.465,-41.8,4.961,5228.1,999.0,0,1.0,0.0,1.0,3,7,0.0,6,6,2,1
8906,32.0,3,999,0,-0.1,93.2,-42.0,4.12,5195.8,999.0,0,0.0,0.0,1.0,1,8,0.0,6,11,1,1
8907,51.0,3,999,0,1.1,93.994,-36.4,4.859,5191.0,999.0,0,0.0,0.0,1.0,2,4,0.0,4,5,1,1
8908,29.0,2,999,0,-0.1,93.2,-42.0,4.153,5195.8,999.0,0,1.0,0.0,0.0,2,8,0.0,10,11,1,1
8909,29.0,1,999,0,1.1,93.994,-36.4,4.857,5191.0,999.0,0,1.0,0.0,1.0,2,3,0.0,1,5,1,1
8910,42.0,1,999,0,-1.8,93.075,-47.1,1.423,5099.1,999.0,0,1.0,0.0,0.0,1,6,0.0,6,4,1,1
8911,42.0,3,999,0,1.4,93.918,-42.7,4.962,5228.1,999.0,0,0.0,0.0,0.0,2,2,0.0,9,7,2,1
8912,46.0,5,999,0,1.4,93.444,-36.1,4.963,5228.1,999.0,0,1.0,0.0,0.0,2,8,0.0,9,8,2,1
8913,31.0,3,999,0,-1.8,92.893,-46.2,1.281,5099.1,999.0,0,1.0,1.0,0.0,2,2,0.0,3,5,1,1
8914,31.0,4,999,0,1.4,94.465,-41.8,4.961,5228.1,999.0,0,0.0,0.0,1.0,2,5,0.0,4,6,1,1
8915,39.0,6,999,0,1.1,93.994,-36.4,4.857,5191.0,999.0,0,1.0,0.0,1.0,2,5,0.0,9,5,1,1
8916,32.0,3,999,0,1.4,93.444,-36.1,4.963,5228.1,999.0,0,0.0,0.0,0.0,2,8,0.0,5,8,2,1
8917,31.0,1,999,0,1.4,93.918,-42.7,4.963,5228.1,999.0,0,1.0,0.0,0.0,2,4,0.0,4,7,1,1
8918,52.0,4,999,0,1.4,93.918,-42.7,4.966,5228.1,999.0,0,1.0,0.0,1.0,1,2,0.0,2,7,1,1
8919,32.0,4,999,0,1.4,93.918,-42.7,4.961,5228.1,999.0,0,1.0,0.0,0.0,3,8,0.0,4,7,1,1
8920,50.0,1,999,0,1.1,93.994,-36.4,4.857,5191.0,999.0,0,0.0,0.0,1.0,2,2,0.0,2,5,2,1
8921,58.0,2,999,0,1.4,93.444,-36.1,4.963,5228.1,999.0,0,0.0,1.0,0.0,2,8,0.0,8,8,1,1
8922,42.0,1,999,0,-1.8,92.893,-46.2,1.281,5099.1,999.0,0,1.0,0.0,0.0,2,2,0.0,4,5,1,1
8923,53.0,3,999,0,1.4,93.918,-42.7,4.961,5228.1,999.0,0,1.0,0.0,0.0,2,4,0.0,4,7,1,1
8924,34.0,2,999,0,1.4,93.918,-42.7,4.962,5228.1,999.0,0,0.0,0.0,0.0,1,8,0.0,3,7,1,1
8925,25.0,3,999,0,-2.9,92.963,-40.8,1.281,5076.2,999.0,0,0.0,0.0,0.0,1,8,0.0,11,6,2,1
8926,33.0,1,999,0,1.4,93.444,-36.1,4.966,5228.1,999.0,0,0.0,0.0,0.0,2,8,0.0,5,8,1,1
8927,39.0,1,999,0,-1.8,92.893,-46.2,1.344,5099.1,999.0,0,0.0,0.0,0.0,2,4,0.0,4,5,1,1
8928,31.0,1,999,0,1.1,93.994,-36.4,4.857,5191.0,999.0,0,0.0,0.0,1.0,1,8,0.0,6,5,2,1
8929,57.0,7,999,0,1.4,94.465,-41.8,4.961,5228.1,999.0,0,1.0,0.0,1.0,2,8,0.0,3,6,1,1
8930,37.0,1,999,0,1.4,93.918,-42.7,4.963,5228.1,999.0,0,1.0,1.0,0.0,1,8,0.0,10,7,1,1
8931,28.0,1,999,0,-1.8,93.075,-47.1,1.483,5099.1,999.0,0,0.0,0.0,0.0,1,6,0.0,5,4,1,1
8932,45.0,1,999,0,1.1,93.994,-36.4,4.857,5191.0,999.0,0,0.0,0.0,1.0,2,7,0.0,7,5,1,1
8933,37.0,1,999,0,1.1,93.994,-36.4,4.857,5191.0,999.0,0,1.0,0.0,1.0,2,8,0.0,4,5,1,1
8934,31.0,4,999,0,1.4,94.465,-41.8,4.865,5228.1,999.0,0,0.0,0.0,1.0,2,5,0.0,4,6,2,1
8935,32.0,1,999,0,-2.9,92.963,-40.8,1.268,5076.2,999.0,0,0.0,0.0,0.0,1,8,0.0,6,6,1,1
8936,31.0,1,999,0,1.4,93.918,-42.7,4.955,5228.1,999.0,0,0.0,1.0,1.0,3,5,0.0,9,7,1,1
8937,36.0,1,999,0,-1.8,92.893,-46.2,1.313,5099.1,999.0,0,1.0,1.0,0.0,2,8,0.0,6,5,1,1
8938,34.0,1,999,0,1.1,93.994,-36.4,4.858,5191.0,999.0,0,1.0,1.0,1.0,2,4,0.0,4,5,1,1
8939,34.0,6,999,1,-1.8,92.893,-46.2,1.266,5099.1,999.0,3,0.0,0.0,0.0,2,8,0.0,9,5,1,2
8940,52.0,3,999,0,1.4,93.918,-42.7,4.962,5228.1,999.0,0,1.0,0.0,0.0,2,8,0.0,4,7,1,1
8941,37.0,4,999,0,1.4,93.918,-42.7,4.961,5228.1,999.0,0,1.0,0.0,1.0,1,5,0.0,6,7,1,1
8942,28.0,1,999,0,1.1,93.994,-36.4,4.859,5191.0,999.0,0,1.0,0.0,1.0,1,8,0.0,9,5,1,1
8943,38.0,1,3,3,-3.4,92.649,-30.1,0.715,5017.5,0.1,12,1.0,0.0,0.0,2,7,0.0,6,11,1,3
8944,65.0,2,999,1,-2.9,92.201,-31.4,0.884,5076.2,999.0,5,0.0,0.0,0.0,2,3,0.0,8,8,2,2
8945,38.0,1,999,0,-1.8,92.893,-46.2,1.281,5099.1,999.0,0,1.0,0.0,0.0,3,7,0.0,2,5,1,1
8946,64.0,1,999,0,-3.0,92.713,-33.0,0.714,5023.5,999.0,0,0.0,0.0,1.0,2,2,0.0,2,12,1,1
8947,53.0,2,999,0,1.1,93.994,-36.4,4.86,5191.0,999.0,0,1.0,1.0,1.0,2,7,0.0,3,5,1,1
8948,31.0,6,999,0,1.4,93.444,-36.1,4.964,5228.1,999.0,0,0.0,0.0,0.0,2,8,0.0,4,8,1,1
8949,29.0,1,999,0,-1.8,92.893,-46.2,1.281,5099.1,999.0,0,0.0,0.0,0.0,2,4,0.0,4,5,1,1
8950,28.0,3,999,0,1.1,93.994,-36.4,4.86,5191.0,999.0,0,1.0,0.0,1.0,1,7,0.0,1,5,1,1
8951,31.0,1,999,0,-1.8,93.075,-47.1,1.41,5099.1,999.0,0,1.0,0.0,0.0,1,7,0.0,9,4,1,1
8952,47.0,2,999,0,-0.1,93.2,-42.0,4.076,5195.8,999.0,0,1.0,0.0,0.0,2,8,0.0,6,11,1,1
8953,24.0,7,999,0,1.1,93.994,-36.4,4.86,5191.0,999.0,0,1.0,0.0,1.0,1,5,0.0,9,5,1,1
8954,46.0,2,999,0,1.4,94.465,-41.8,4.864,5228.1,999.0,0,1.0,0.0,1.0,3,7,0.0,6,6,1,1
8955,35.0,3,999,0,-2.9,92.963,-40.8,1.26,5076.2,999.0,0,0.0,0.0,0.0,2,8,0.0,6,6,1,1
8956,31.0,1,999,0,1.4,94.465,-41.8,4.866,5228.1,999.0,0,1.0,0.0,1.0,2,4,0.0,4,6,1,1
8957,31.0,1,999,0,1.4,93.444,-36.1,4.963,5228.1,999.0,0,1.0,1.0,0.0,1,8,0.0,5,8,1,1
8958,31.0,3,999,0,1.4,94.465,-41.8,4.958,5228.1,999.0,0,1.0,0.0,1.0,3,8,0.0,7,6,1,1
8959,35.0,3,999,0,1.4,93.918,-42.7,4.958,5228.1,999.0,0,0.0,0.0,0.0,1,5,0.0,4,7,1,1
8960,31.0,2,999,0,1.1,93.994,-36.4,4.857,5191.0,999.0,0,0.0,1.0,1.0,2,6,0.0,5,5,1,1
8961,33.0,1,999,0,-0.1,93.2,-42.0,4.021,5195.8,999.0,0,0.0,0.0,0.0,1,8,0.0,4,11,1,1
8962,59.0,1,999,0,-2.9,92.201,-31.4,0.883,5076.2,999.0,0,0.0,0.0,0.0,3,8,0.0,6,8,1,1
8963,31.0,1,999,0,1.4,93.444,-36.1,4.964,5228.1,999.0,0,1.0,0.0,0.0,3,6,0.0,5,8,1,1
8964,35.0,2,999,0,1.1,93.994,-36.4,4.856,5191.0,999.0,0,1.0,1.0,1.0,1,8,0.0,6,5,1,1
8965,37.0,2,999,0,-3.4,92.649,-30.1,0.719,5017.5,999.0,0,0.0,0.0,0.0,3,5,0.0,7,11,1,1
8966,45.0,3,999,0,-0.1,93.2,-42.0,4.12,5195.8,999.0,0,1.0,0.0,0.0,2,7,0.0,6,11,1,1
8967,23.0,2,999,0,1.4,93.918,-42.7,4.957,5228.1,999.0,0,1.0,0.0,0.0,1,8,0.0,4,7,1,1
8968,38.0,2,999,0,1.1,93.994,-36.4,4.857,5191.0,999.0,0,1.0,0.0,1.0,2,5,0.0,9,5,1,1
8969,35.0,2,999,0,-1.8,92.893,-46.2,1.281,5099.1,999.0,0,0.0,0.0,0.0,1,5,0.0,6,5,1,1
8970,41.0,6,999,0,1.1,93.994,-36.4,4.857,5191.0,999.0,0,0.0,0.0,1.0,2,4,0.0,6,5,1,1
8971,31.0,1,999,0,1.1,93.994,-36.4,4.859,5191.0,999.0,0,0.0,1.0,1.0,2,7,0.0,6,5,1,1
8972,55.0,2,999,0,1.4,93.444,-36.1,4.963,5228.1,999.0,0,1.0,0.0,0.0,2,8,0.0,8,8,1,1
8973,53.0,5,999,0,1.4,93.918,-42.7,4.961,5228.1,999.0,0,0.0,0.0,0.0,1,8,0.0,3,7,1,1
8974,29.0,1,999,0,1.1,93.994,-36.4,4.857,5191.0,999.0,0,1.0,0.0,1.0,1,7,0.0,5,5,1,1
8975,45.0,1,999,0,1.4,93.444,-36.1,4.965,5228.1,999.0,0,1.0,0.0,0.0,1,7,0.0,6,8,1,1
8976,28.0,2,999,0,-3.4,92.649,-30.1,0.715,5017.5,999.0,0,0.0,0.0,0.0,2,5,0.0,6,11,1,1
8977,43.0,1,999,0,-1.8,93.075,-47.1,1.41,5099.1,999.0,0,0.0,0.0,0.0,2,8,0.0,3,4,1,1
8978,41.0,4,999,0,1.1,93.994,-36.4,4.857,5191.0,999.0,0,1.0,0.0,1.0,2,5,0.0,9,5,1,1
8979,32.0,4,999,0,1.1,93.994,-36.4,4.855,5191.0,999.0,0,0.0,0.0,1.0,4,7,0.0,12,5,1,1
8980,60.0,1,999,1,-1.7,94.027,-38.3,0.899,4991.6,999.0,1,1.0,0.0,0.0,2,2,0.0,4,8,1,2
8981,34.0,2,999,0,1.4,93.444,-36.1,4.963,5228.1,999.0,0,0.0,1.0,0.0,2,7,0.0,6,8,1,1
8982,32.0,1,999,0,-0.1,93.2,-42.0,4.153,5195.8,999.0,0,1.0,1.0,0.0,2,4,0.0,4,11,1,1
8983,31.0,2,999,0,-1.8,92.893,-46.2,1.354,5099.1,999.0,0,1.0,0.0,0.0,1,5,0.0,9,5,2,1
8984,31.0,1,999,0,1.1,93.994,-36.4,4.857,5191.0,999.0,0,1.0,0.0,1.0,2,2,0.0,4,5,1,1
8985,29.0,1,9,1,-3.4,92.649,-30.1,0.719,5017.5,0.3,3,1.0,0.0,0.0,2,7,0.0,3,11,1,3
8986,21.0,1,14,2,-1.7,94.055,-39.8,0.713,4991.6,0.466666666667,4,1.0,0.0,1.0,1,5,0.0,11,6,1,3
8987,33.0,2,999,0,-1.8,92.893,-46.2,1.327,5099.1,999.0,0,0.0,0.0,0.0,2,4,0.0,4,5,1,1
8988,67.0,1,999,0,-2.9,92.201,-31.4,0.861,5076.2,999.0,0,1.0,1.0,0.0,2,6,0.0,8,8,2,1
8989,54.0,1,999,0,1.4,93.444,-36.1,4.964,5228.1,999.0,0,0.0,0.0,0.0,2,2,0.0,4,8,1,1
8990,30.0,1,999,0,1.4,93.918,-42.7,4.963,5228.1,999.0,0,0.0,0.0,0.0,1,5,0.0,9,7,1,1
8991,31.0,1,999,0,1.4,93.918,-42.7,4.963,5228.1,999.0,0,1.0,1.0,1.0,2,7,0.0,3,7,1,1
8992,31.0,2,999,0,-2.9,92.201,-31.4,0.829,5076.2,999.0,0,1.0,0.0,0.0,2,8,0.0,1,8,1,1
8993,31.0,1,999,0,1.1,93.994,-36.4,4.858,5191.0,999.0,0,0.0,0.0,1.0,2,4,0.0,4,5,1,1
8994,57.0,4,999,0,1.4,93.918,-42.7,4.962,5228.1,999.0,0,0.0,1.0,0.0,2,6,0.0,8,7,1,1
8995,38.0,1,999,0,1.1,93.994,-36.4,4.859,5191.0,999.0,0,1.0,0.0,1.0,2,5,0.0,9,5,1,1
8996,46.0,1,999,0,-0.1,93.2,-42.0,4.191,5195.8,999.0,0,1.0,0.0,0.0,3,7,0.0,3,11,2,1
8997,31.0,3,999,0,-2.9,92.201,-31.4,0.838,5076.2,999.0,0,0.0,1.0,0.0,1,8,0.0,9,8,1,1
8998,31.0,3,999,0,1.4,93.918,-42.7,4.962,5228.1,999.0,0,0.0,0.0,1.0,2,4,0.0,4,7,2,1
8999,37.0,2,999,0,1.4,93.444,-36.1,4.968,5228.1,999.0,0,1.0,1.0,0.0,3,7,0.0,6,8,1,1
9000,31.0,1,999,0,-1.8,93.369,-34.8,0.646,5008.7,999.0,0,1.0,1.0,0.0,1,5,0.0,6,3,2,1
9001,32.0,1,999,1,-0.1,93.2,-42.0,4.12,5195.8,999.0,3,1.0,0.0,0.0,2,5,0.0,7,11,1,2
9002,31.0,3,999,0,-1.8,92.893,-46.2,1.266,5099.1,999.0,0,1.0,0.0,0.0,1,5,0.0,9,5,1,1
9003,39.0,1,999,0,1.1,93.994,-36.4,4.857,5191.0,999.0,0,1.0,1.0,1.0,2,8,0.0,6,5,1,1
9004,45.0,2,999,0,1.1,93.994,-36.4,4.857,5191.0,999.0,0,0.0,0.0,1.0,2,8,0.0,3,5,2,1
9005,57.0,5,999,0,1.4,93.444,-36.1,4.964,5228.1,999.0,0,0.0,0.0,0.0,2,8,0.0,6,8,1,1
9006,31.0,3,999,0,1.4,94.465,-41.8,4.96,5228.1,999.0,0,0.0,0.0,1.0,2,5,0.0,6,6,2,1
9007,31.0,1,999,0,1.1,93.994,-36.4,4.86,5191.0,999.0,0,1.0,0.0,1.0,2,2,0.0,8,5,1,1
9008,30.0,2,999,0,-1.7,94.027,-38.3,0.904,4991.6,999.0,0,1.0,1.0,0.0,1,7,0.0,1,8,2,1
9009,32.0,1,999,0,1.1,93.994,-36.4,4.859,5191.0,999.0,0,0.0,0.0,1.0,1,4,0.0,4,5,1,1
9010,39.0,1,999,0,-0.1,93.2,-42.0,4.021,5195.8,999.0,0,1.0,1.0,0.0,1,8,0.0,6,11,1,1
9011,31.0,2,999,0,-2.9,92.469,-33.6,1.029,5076.2,999.0,0,0.0,0.0,0.0,1,7,0.0,6,7,1,1
9012,31.0,1,999,1,-1.8,93.075,-47.1,1.405,5099.1,999.0,2,1.0,0.0,0.0,1,8,0.0,3,4,2,2
9013,52.0,2,999,0,-1.7,94.055,-39.8,0.767,4991.6,999.0,0,1.0,0.0,0.0,2,7,0.0,6,6,1,1
9014,47.0,4,999,0,1.4,93.918,-42.7,4.962,5228.1,999.0,0,1.0,1.0,0.0,2,8,0.0,4,7,2,1
9015,31.0,4,999,0,-0.1,93.2,-42.0,4.021,5195.8,999.0,0,0.0,0.0,0.0,2,7,0.0,3,11,1,1
9016,31.0,1,999,0,1.4,93.444,-36.1,4.963,5228.1,999.0,0,0.0,0.0,0.0,2,8,0.0,5,8,1,1
9017,45.0,9,999,1,-1.8,92.893,-46.2,1.244,5099.1,999.0,1,0.0,0.0,0.0,3,5,0.0,9,5,2,2
9018,57.0,1,999,0,1.4,93.444,-36.1,4.965,5228.1,999.0,0,0.0,0.0,0.0,2,4,0.0,4,8,1,1
9019,28.0,1,999,0,1.1,93.994,-36.4,4.855,5191.0,999.0,0,0.0,0.0,1.0,1,8,0.0,9,5,1,1
9020,44.0,5,999,0,1.1,93.994,-36.4,4.858,5191.0,999.0,0,1.0,0.0,1.0,3,8,0.0,5,5,2,1
9021,46.0,2,999,1,-1.8,93.075,-47.1,1.466,5099.1,999.0,1,0.0,0.0,0.0,3,5,0.0,9,4,2,2
9022,36.0,6,999,0,1.4,93.918,-42.7,4.968,5228.1,999.0,0,0.0,0.0,1.0,2,5,0.0,5,7,1,1
9023,56.0,3,999,0,1.4,94.465,-41.8,4.96,5228.1,999.0,0,0.0,0.0,1.0,1,3,0.0,4,6,2,1
9024,40.0,1,999,0,1.4,93.918,-42.7,4.963,5228.1,999.0,0,1.0,1.0,0.0,3,7,0.0,6,7,1,1
9025,31.0,2,999,0,1.4,94.465,-41.8,4.866,5228.1,999.0,0,1.0,0.0,1.0,2,8,0.0,8,6,1,1
9026,34.0,1,999,0,-1.8,92.893,-46.2,1.327,5099.1,999.0,0,1.0,0.0,0.0,2,7,0.0,6,5,1,1
9027,28.0,3,999,1,-1.8,92.893,-46.2,1.291,5099.1,999.0,3,1.0,1.0,0.0,1,5,0.0,9,5,1,2
9028,45.0,2,999,0,-1.8,92.893,-46.2,1.313,5099.1,999.0,0,1.0,0.0,0.0,1,8,0.0,4,5,1,1
9029,32.0,1,999,0,1.1,93.994,-36.4,4.857,5191.0,999.0,0,1.0,0.0,1.0,2,8,0.0,3,5,2,1
9030,35.0,3,999,0,1.1,93.994,-36.4,4.857,5191.0,999.0,0,0.0,0.0,1.0,2,8,0.0,5,5,1,1
9031,37.0,2,999,0,-0.1,93.2,-42.0,4.076,5195.8,999.0,0,0.0,0.0,0.0,3,8,0.0,9,11,1,1
9032,33.0,3,999,0,-1.8,93.075,-47.1,1.405,5099.1,999.0,0,1.0,0.0,0.0,2,8,0.0,2,4,2,1
9033,30.0,1,999,0,-2.9,92.963,-40.8,1.26,5076.2,999.0,0,0.0,0.0,0.0,1,6,0.0,5,6,1,1
9034,31.0,2,999,1,-1.8,93.075,-47.1,1.405,5099.1,999.0,2,1.0,0.0,0.0,2,7,0.0,6,4,2,2
9035,31.0,7,999,0,1.4,93.918,-42.7,4.957,5228.1,999.0,0,0.0,0.0,0.0,2,5,0.0,5,7,1,1
9036,35.0,1,999,0,-1.8,93.075,-47.1,1.365,5099.1,999.0,0,1.0,0.0,0.0,2,7,0.0,3,4,1,1
9037,29.0,1,999,2,-1.8,93.876,-40.0,0.668,5008.7,999.0,4,0.0,0.0,0.0,1,7,0.0,6,5,1,2
9038,52.0,2,999,0,1.4,93.918,-42.7,4.96,5228.1,999.0,0,0.0,0.0,0.0,3,4,0.0,2,7,2,1
9039,31.0,3,999,0,1.1,93.994,-36.4,4.86,5191.0,999.0,0,1.0,0.0,1.0,2,5,0.0,9,5,1,1
9040,32.0,2,999,0,-0.1,93.2,-42.0,4.12,5195.8,999.0,0,1.0,0.0,1.0,2,5,0.0,7,11,1,1
9041,24.0,1,999,3,-1.1,94.199,-37.5,0.882,4963.6,999.0,9,1.0,0.0,0.0,1,5,0.0,4,9,1,2
9042,26.0,1,999,0,-1.8,92.893,-46.2,1.266,5099.1,999.0,0,1.0,0.0,0.0,1,7,0.0,3,5,1,1
9043,48.0,1,999,0,-3.4,92.431,-26.9,0.722,5017.5,999.0,0,0.0,0.0,0.0,2,5,0.0,5,10,1,1
9044,26.0,1,999,0,1.1,93.994,-36.4,4.857,5191.0,999.0,0,0.0,0.0,1.0,1,8,0.0,5,5,1,1
9045,31.0,3,999,0,1.4,94.465,-41.8,4.959,5228.1,999.0,0,0.0,0.0,1.0,1,5,0.0,6,6,1,1
9046,31.0,1,999,0,-1.8,92.893,-46.2,1.291,5099.1,999.0,0,0.0,0.0,0.0,2,4,0.0,4,5,1,1
9047,35.0,4,999,0,1.4,93.918,-42.7,4.961,5228.1,999.0,0,1.0,0.0,0.0,3,8,0.0,6,7,1,1
9048,31.0,2,999,0,1.4,93.918,-42.7,4.962,5228.1,999.0,0,0.0,1.0,0.0,2,8,0.0,4,7,2,1
9049,42.0,2,999,0,-1.8,92.893,-46.2,1.299,5099.1,999.0,0,1.0,0.0,0.0,2,7,0.0,3,5,2,1
9050,31.0,1,999,0,-1.8,93.075,-47.1,1.365,5099.1,999.0,0,0.0,0.0,0.0,1,8,0.0,11,4,1,1
9051,60.0,2,999,0,1.1,93.994,-36.4,4.856,5191.0,999.0,0,0.0,0.0,1.0,2,2,0.0,8,5,1,1
9052,52.0,3,999,0,1.1,93.994,-36.4,4.86,5191.0,999.0,0,0.0,0.0,1.0,2,2,0.0,4,5,1,1
9053,44.0,1,999,1,-1.8,92.893,-46.2,1.327,5099.1,999.0,1,0.0,0.0,0.0,3,6,0.0,5,5,1,2
9054,52.0,2,999,0,-1.8,92.893,-46.2,1.313,5099.1,999.0,0,0.0,1.0,0.0,2,5,0.0,9,5,1,1
9055,31.0,2,999,0,1.1,93.994,-36.4,4.857,5191.0,999.0,0,0.0,0.0,1.0,2,5,0.0,9,5,1,1
9056,47.0,1,999,0,1.4,93.918,-42.7,4.96,5228.1,999.0,0,0.0,0.0,0.0,1,6,0.0,5,7,2,1
9057,36.0,1,999,0,-1.8,93.075,-47.1,1.392,5099.1,999.0,0,0.0,0.0,0.0,2,8,0.0,3,4,2,1
9058,38.0,3,999,0,1.1,93.994,-36.4,4.857,5191.0,999.0,0,1.0,0.0,1.0,2,5,0.0,9,5,2,1
9059,30.0,2,999,0,1.4,93.918,-42.7,4.963,5228.1,999.0,0,1.0,0.0,1.0,2,7,0.0,5,7,1,1
9060,31.0,1,999,0,1.4,93.918,-42.7,4.96,5228.1,999.0,0,1.0,1.0,0.0,2,8,0.0,4,7,2,1
9061,37.0,1,999,1,-1.8,93.075,-47.1,1.405,5099.1,999.0,1,0.0,1.0,0.0,2,5,0.0,6,4,1,2
9062,35.0,2,999,0,1.4,94.465,-41.8,4.967,5228.1,999.0,0,0.0,0.0,1.0,2,7,0.0,6,6,1,1
9063,20.0,1,3,4,-1.1,94.601,-49.5,0.982,4963.6,0.1,8,1.0,1.0,0.0,1,8,0.0,11,10,1,3
9064,39.0,6,999,0,-1.8,92.893,-46.2,1.281,5099.1,999.0,0,1.0,0.0,1.0,2,4,0.0,6,5,1,1
9065,31.0,2,999,0,-1.8,93.075,-47.1,1.41,5099.1,999.0,0,0.0,0.0,0.0,1,5,0.0,9,4,1,1
9066,32.0,2,999,0,1.4,93.918,-42.7,4.963,5228.1,999.0,0,0.0,0.0,0.0,2,6,0.0,5,7,1,1
9067,37.0,1,999,0,1.4,93.444,-36.1,4.963,5228.1,999.0,0,0.0,0.0,0.0,2,6,0.0,6,8,2,1
9068,42.0,2,999,0,1.1,93.994,-36.4,4.858,5191.0,999.0,0,0.0,0.0,1.0,2,7,0.0,1,5,1,1
9069,54.0,1,999,0,-0.1,93.2,-42.0,4.191,5195.8,999.0,0,1.0,0.0,0.0,2,8,0.0,6,11,1,1
9070,56.0,3,999,0,1.4,93.918,-42.7,4.961,5228.1,999.0,0,1.0,0.0,0.0,3,8,0.0,6,7,1,1
9071,31.0,1,999,0,1.4,93.918,-42.7,4.962,5228.1,999.0,0,1.0,0.0,0.0,2,2,0.0,4,7,1,1
9072,42.0,2,999,0,-2.9,92.201,-31.4,0.869,5076.2,999.0,0,1.0,0.0,0.0,2,6,0.0,5,8,1,1
9073,31.0,1,999,0,1.4,93.918,-42.7,4.963,5228.1,999.0,0,1.0,0.0,0.0,2,4,0.0,4,7,1,1
9074,47.0,2,999,0,-0.1,93.2,-42.0,4.076,5195.8,999.0,0,1.0,0.0,0.0,1,8,0.0,1,11,1,1
9075,31.0,1,999,0,1.4,93.444,-36.1,4.963,5228.1,999.0,0,1.0,0.0,0.0,3,8,0.0,6,8,1,1
9076,47.0,1,999,0,1.1,93.994,-36.4,4.857,5191.0,999.0,0,1.0,0.0,1.0,2,7,0.0,6,5,1,1
9077,59.0,3,999,0,1.1,93.994,-36.4,4.856,5191.0,999.0,0,1.0,0.0,1.0,3,2,0.0,8,5,1,1
9078,31.0,1,999,0,1.1,93.994,-36.4,4.857,5191.0,999.0,0,1.0,0.0,1.0,3,5,0.0,7,5,1,1
9079,35.0,1,999,0,1.4,94.465,-41.8,4.961,5228.1,999.0,0,1.0,0.0,1.0,3,8,0.0,10,6,2,1
9080,31.0,1,999,0,-0.1,93.2,-42.0,4.076,5195.8,999.0,0,0.0,1.0,0.0,1,7,0.0,5,11,1,1
9081,37.0,1,999,0,1.4,94.465,-41.8,4.961,5228.1,999.0,0,1.0,0.0,1.0,2,8,0.0,5,6,1,1
9082,58.0,2,999,0,1.1,93.994,-36.4,4.86,5191.0,999.0,0,1.0,0.0,1.0,3,7,0.0,8,5,1,1
9083,31.0,1,999,0,-1.8,93.075,-47.1,1.41,5099.1,999.0,0,1.0,0.0,0.0,2,8,0.0,4,4,1,1
9084,31.0,7,999,0,1.4,93.918,-42.7,4.958,5228.1,999.0,0,1.0,0.0,1.0,1,2,0.0,4,7,1,1
9085,50.0,4,999,0,1.4,93.444,-36.1,4.966,5228.1,999.0,0,1.0,0.0,0.0,2,8,0.0,4,8,1,1
9086,30.0,3,999,0,1.4,93.444,-36.1,4.964,5228.1,999.0,0,1.0,0.0,0.0,1,7,0.0,5,8,1,1
9087,31.0,2,999,0,-1.8,93.075,-47.1,1.405,5099.1,999.0,0,1.0,0.0,0.0,2,5,0.0,6,4,1,1
9088,35.0,2,999,0,-1.8,92.893,-46.2,1.25,5099.1,999.0,0,1.0,1.0,0.0,1,5,0.0,9,5,1,1
9089,30.0,1,999,0,1.4,94.465,-41.8,4.864,5228.1,999.0,0,0.0,0.0,1.0,2,3,0.0,4,6,1,1
9090,31.0,1,999,0,-0.1,93.2,-42.0,4.191,5195.8,999.0,0,1.0,1.0,0.0,2,6,0.0,8,11,1,1
9091,39.0,1,999,1,-1.8,92.893,-46.2,1.291,5099.1,999.0,4,1.0,0.0,0.0,1,7,0.0,3,5,1,2
9092,43.0,1,999,0,1.1,93.994,-36.4,4.864,5191.0,999.0,0,0.0,0.0,1.0,2,2,0.0,2,5,1,1
9093,33.0,1,999,0,1.4,93.918,-42.7,4.962,5228.1,999.0,0,1.0,0.0,0.0,1,7,0.0,6,7,1,1
9094,36.0,2,999,0,1.1,93.994,-36.4,4.86,5191.0,999.0,0,0.0,0.0,1.0,2,4,0.0,4,5,1,1
9095,37.0,1,999,0,-0.1,93.2,-42.0,4.021,5195.8,999.0,0,1.0,0.0,0.0,2,7,0.0,6,11,1,1
9096,31.0,13,999,0,1.4,93.918,-42.7,4.962,5228.1,999.0,0,1.0,0.0,0.0,4,8,0.0,12,7,2,1
9097,33.0,2,999,1,-1.8,93.075,-47.1,1.405,5099.1,999.0,6,0.0,1.0,0.0,2,8,0.0,4,4,2,2
9098,29.0,2,999,0,1.4,93.444,-36.1,4.965,5228.1,999.0,0,1.0,0.0,0.0,2,7,0.0,6,8,2,1
9099,53.0,2,3,1,-2.9,92.201,-31.4,0.838,5076.2,0.1,2,1.0,0.0,0.0,3,8,0.0,6,8,1,3
9100,36.0,2,999,0,1.4,93.918,-42.7,4.962,5228.1,999.0,0,1.0,1.0,0.0,2,8,0.0,3,7,1,1
9101,42.0,2,999,0,1.4,93.444,-36.1,4.965,5228.1,999.0,0,1.0,0.0,0.0,3,7,0.0,5,8,2,1
9102,20.0,3,3,3,-1.8,93.369,-34.8,0.635,5008.7,0.1,0,0.0,0.0,0.0,1,8,0.0,9,3,2,3
9103,31.0,1,999,0,1.4,94.465,-41.8,4.961,5228.1,999.0,0,1.0,1.0,1.0,2,8,0.0,8,6,2,1
9104,31.0,1,999,0,1.1,93.994,-36.4,4.858,5191.0,999.0,0,1.0,0.0,1.0,1,8,0.0,3,5,1,1
9105,29.0,1,999,0,-2.9,92.963,-40.8,1.26,5076.2,999.0,0,0.0,0.0,0.0,2,5,0.0,6,6,1,1
9106,39.0,1,999,1,-0.1,93.2,-42.0,4.191,5195.8,999.0,0,1.0,0.0,0.0,2,6,0.0,10,11,2,2
9107,30.0,10,999,0,1.4,94.465,-41.8,4.864,5228.1,999.0,0,1.0,0.0,1.0,2,5,0.0,6,6,1,1
9108,57.0,1,999,0,1.4,93.918,-42.7,4.961,5228.1,999.0,0,1.0,0.0,0.0,1,8,0.0,6,7,1,1
9109,31.0,1,999,1,-1.8,93.876,-40.0,0.668,5008.7,999.0,3,0.0,0.0,0.0,1,6,0.0,4,5,1,2
9110,31.0,1,999,0,1.4,93.918,-42.7,4.96,5228.1,999.0,0,0.0,0.0,0.0,2,7,0.0,1,7,2,1
9111,41.0,1,999,0,-0.1,93.2,-42.0,4.153,5195.8,999.0,0,1.0,0.0,0.0,2,7,0.0,7,11,1,1
9112,44.0,1,999,0,1.1,93.994,-36.4,4.857,5191.0,999.0,0,0.0,0.0,1.0,2,7,0.0,5,5,2,1
9113,31.0,1,999,0,-1.8,93.075,-47.1,1.405,5099.1,999.0,0,0.0,1.0,0.0,1,8,0.0,6,4,1,1
9114,54.0,1,999,1,-1.8,92.893,-46.2,1.344,5099.1,999.0,1,1.0,1.0,0.0,2,8,0.0,3,5,1,2
9115,31.0,2,999,1,-1.8,92.893,-46.2,1.25,5099.1,999.0,3,1.0,0.0,0.0,1,5,0.0,6,5,1,2
9116,18.0,1,999,0,-1.8,93.075,-47.1,1.365,5099.1,999.0,0,0.0,0.0,0.0,1,8,0.0,11,4,1,1
9117,31.0,1,999,0,-3.4,92.431,-26.9,0.744,5017.5,999.0,0,0.0,0.0,0.0,2,5,0.0,6,10,1,1
9118,22.0,2,999,0,1.4,93.918,-42.7,4.957,5228.1,999.0,0,1.0,0.0,0.0,1,8,0.0,6,7,1,1
9119,30.0,2,999,0,-0.1,93.2,-42.0,4.191,5195.8,999.0,0,1.0,0.0,0.0,1,4,0.0,4,11,2,1
9120,27.0,2,999,2,-2.9,92.963,-40.8,1.262,5076.2,999.0,2,0.0,0.0,0.0,1,6,0.0,1,6,1,2
9121,50.0,1,999,0,-2.9,92.963,-40.8,1.268,5076.2,999.0,0,0.0,0.0,1.0,2,8,0.0,7,6,1,1
9122,71.0,3,999,0,-1.8,93.075,-47.1,1.405,5099.1,999.0,0,1.0,0.0,0.0,1,8,0.0,8,4,1,1
9123,60.0,1,3,1,-3.4,92.379,-29.8,0.809,5017.5,0.1,0,1.0,0.0,0.0,2,6,0.0,8,9,1,3
9124,37.0,2,999,0,1.4,93.444,-36.1,4.966,5228.1,999.0,0,0.0,0.0,0.0,3,7,0.0,6,8,1,1
9125,32.0,5,999,0,1.4,93.444,-36.1,4.964,5228.1,999.0,0,0.0,0.0,0.0,3,8,0.0,6,8,1,1
9126,61.0,1,999,0,-1.8,93.075,-47.1,1.423,5099.1,999.0,0,1.0,0.0,0.0,2,8,0.0,8,4,1,1
9127,57.0,2,999,1,-0.1,93.2,-42.0,4.153,5195.8,999.0,1,1.0,1.0,0.0,2,7,0.0,3,11,1,2
9128,31.0,1,999,0,1.1,93.994,-36.4,4.864,5191.0,999.0,0,1.0,0.0,1.0,1,8,0.0,4,5,1,1
9129,52.0,2,999,0,1.4,93.444,-36.1,4.968,5228.1,999.0,0,0.0,0.0,0.0,2,8,0.0,5,8,1,1
9130,31.0,1,999,0,1.4,93.444,-36.1,4.963,5228.1,999.0,0,0.0,0.0,0.0,2,8,0.0,9,8,1,1
9131,49.0,2,999,0,1.4,94.465,-41.8,4.958,5228.1,999.0,0,1.0,1.0,1.0,2,8,0.0,6,6,1,1
9132,41.0,3,999,0,-1.8,93.075,-47.1,1.405,5099.1,999.0,0,1.0,0.0,0.0,2,8,0.0,4,4,1,1
9133,35.0,1,999,0,1.4,93.444,-36.1,4.964,5228.1,999.0,0,1.0,0.0,0.0,1,7,0.0,5,8,1,1
9134,56.0,2,3,1,-0.1,93.2,-42.0,4.076,5195.8,0.1,3,0.0,0.0,0.0,2,7,0.0,7,11,1,3
9135,39.0,1,999,0,-1.8,92.893,-46.2,1.266,5099.1,999.0,0,1.0,0.0,0.0,2,8,0.0,4,5,1,1
9136,58.0,2,999,0,-1.8,92.893,-46.2,1.334,5099.1,999.0,0,1.0,0.0,0.0,1,4,0.0,4,5,1,1
9137,31.0,3,999,1,-1.8,92.893,-46.2,1.266,5099.1,999.0,3,1.0,0.0,0.0,2,8,0.0,4,5,1,2
9138,43.0,1,999,0,-1.8,92.893,-46.2,1.327,5099.1,999.0,0,0.0,0.0,0.0,2,4,0.0,4,5,1,1
9139,50.0,3,999,0,-0.1,93.2,-42.0,4.153,5195.8,999.0,0,1.0,1.0,1.0,2,2,0.0,4,11,1,1
9140,57.0,1,999,0,1.1,93.994,-36.4,4.858,5191.0,999.0,0,0.0,1.0,1.0,2,8,0.0,2,5,1,1
9141,30.0,1,999,0,-0.1,93.798,-40.4,5.0,5195.8,999.0,0,1.0,1.0,1.0,1,7,0.0,6,10,1,1
9142,36.0,5,999,0,1.4,93.444,-36.1,4.962,5228.1,999.0,0,1.0,1.0,0.0,1,7,0.0,1,8,1,1
9143,35.0,1,999,0,1.1,93.994,-36.4,4.856,5191.0,999.0,0,0.0,0.0,1.0,2,8,0.0,10,5,1,1
9144,45.0,3,999,0,1.1,93.994,-36.4,4.856,5191.0,999.0,0,1.0,1.0,1.0,1,7,0.0,7,5,1,1
9145,54.0,1,999,0,1.4,93.918,-42.7,4.968,5228.1,999.0,0,1.0,0.0,1.0,2,4,0.0,4,7,1,1
9146,31.0,3,999,0,1.4,93.444,-36.1,4.964,5228.1,999.0,0,1.0,0.0,0.0,2,8,0.0,3,8,1,1
9147,56.0,2,999,0,1.4,93.444,-36.1,4.965,5228.1,999.0,0,1.0,0.0,0.0,2,8,0.0,6,8,1,1
9148,43.0,4,999,0,-1.8,92.893,-46.2,1.25,5099.1,999.0,0,0.0,0.0,0.0,2,6,0.0,7,5,1,1
9149,55.0,1,999,0,1.4,93.918,-42.7,4.962,5228.1,999.0,0,0.0,0.0,0.0,2,8,0.0,4,7,1,1
9150,35.0,2,999,0,1.4,93.918,-42.7,4.962,5228.1,999.0,0,0.0,0.0,0.0,1,4,0.0,9,7,1,1
9151,46.0,2,999,0,-1.8,92.893,-46.2,1.299,5099.1,999.0,0,1.0,1.0,1.0,2,4,0.0,4,5,2,1
9152,31.0,1,999,0,-1.8,92.893,-46.2,1.291,5099.1,999.0,0,0.0,0.0,0.0,1,2,0.0,4,5,1,1
9153,42.0,1,999,0,1.4,94.465,-41.8,4.96,5228.1,999.0,0,1.0,0.0,1.0,2,8,0.0,4,6,2,1
9154,44.0,2,999,0,1.4,93.444,-36.1,4.965,5228.1,999.0,0,0.0,1.0,0.0,2,2,0.0,4,8,2,1
9155,32.0,3,999,0,1.4,94.465,-41.8,4.961,5228.1,999.0,0,1.0,1.0,1.0,2,4,0.0,4,6,1,1
9156,25.0,2,999,0,-2.9,92.963,-40.8,1.268,5076.2,999.0,0,1.0,0.0,0.0,1,4,0.0,5,6,1,1
9157,40.0,2,999,0,1.1,93.994,-36.4,4.855,5191.0,999.0,0,0.0,0.0,1.0,2,4,0.0,9,5,1,1
9158,53.0,1,999,0,-0.1,93.2,-42.0,4.153,5195.8,999.0,0,0.0,0.0,0.0,2,7,0.0,3,11,1,1
9159,52.0,1,999,0,1.1,93.994,-36.4,4.857,5191.0,999.0,0,0.0,0.0,1.0,2,8,0.0,9,5,1,1
9160,44.0,3,999,0,1.4,93.444,-36.1,4.963,5228.1,999.0,0,1.0,0.0,0.0,2,2,0.0,4,8,1,1
9161,31.0,8,999,0,1.4,93.444,-36.1,4.962,5228.1,999.0,0,0.0,0.0,0.0,2,8,0.0,6,8,1,1
9162,31.0,1,999,0,1.4,93.444,-36.1,4.965,5228.1,999.0,0,1.0,0.0,0.0,2,6,0.0,5,8,1,1
9163,50.0,9,999,0,1.4,93.444,-36.1,4.963,5228.1,999.0,0,1.0,1.0,0.0,2,4,0.0,6,8,1,1
9164,70.0,2,999,0,-3.4,92.379,-29.8,0.741,5017.5,999.0,0,0.0,0.0,0.0,3,7,0.0,8,9,1,1
9165,31.0,1,999,0,1.1,93.994,-36.4,4.855,5191.0,999.0,0,1.0,0.0,1.0,1,7,0.0,11,5,1,1
9166,36.0,1,999,0,-1.8,92.893,-46.2,1.313,5099.1,999.0,0,0.0,1.0,0.0,2,4,0.0,4,5,1,1
9167,27.0,1,999,0,1.4,93.918,-42.7,4.963,5228.1,999.0,0,0.0,0.0,0.0,2,5,0.0,6,7,1,1
9168,51.0,1,999,0,-0.1,93.2,-42.0,4.076,5195.8,999.0,0,1.0,0.0,0.0,2,4,0.0,8,11,1,1
9169,30.0,3,999,0,1.4,93.918,-42.7,4.962,5228.1,999.0,0,0.0,0.0,0.0,2,8,0.0,6,7,2,1
9170,31.0,3,999,0,1.1,93.994,-36.4,4.859,5191.0,999.0,0,0.0,0.0,1.0,2,7,0.0,3,5,1,1
9171,29.0,1,999,0,1.4,94.465,-41.8,4.864,5228.1,999.0,0,0.0,1.0,1.0,1,7,0.0,6,6,1,1
9172,23.0,1,999,3,-2.9,92.201,-31.4,0.881,5076.2,999.0,9,1.0,0.0,0.0,1,5,0.0,11,8,1,2
9173,31.0,1,999,0,-1.8,93.075,-47.1,1.365,5099.1,999.0,0,0.0,0.0,0.0,1,7,0.0,6,4,1,1
9174,25.0,1,999,0,-1.8,93.075,-47.1,1.405,5099.1,999.0,0,0.0,0.0,0.0,3,7,0.0,1,4,2,1
9175,48.0,3,999,1,-3.4,92.379,-29.8,0.819,5017.5,999.0,5,0.0,0.0,0.0,2,4,0.0,5,9,1,2
9176,47.0,1,999,0,-1.8,92.893,-46.2,1.344,5099.1,999.0,0,1.0,0.0,0.0,2,8,0.0,7,5,1,1
9177,56.0,11,999,0,1.4,93.444,-36.1,4.962,5228.1,999.0,0,1.0,0.0,0.0,2,5,0.0,4,8,1,1
9178,37.0,2,999,0,-1.8,92.893,-46.2,1.25,5099.1,999.0,0,0.0,0.0,0.0,2,8,0.0,9,5,1,1
9179,32.0,1,999,0,-0.1,93.2,-42.0,4.076,5195.8,999.0,0,0.0,0.0,1.0,2,5,0.0,9,11,1,1
9180,44.0,1,999,0,-2.9,92.201,-31.4,0.873,5076.2,999.0,0,1.0,0.0,0.0,2,5,0.0,10,8,1,1
9181,31.0,6,999,0,1.1,93.994,-36.4,4.858,5191.0,999.0,0,1.0,1.0,1.0,2,4,0.0,4,5,2,1
9182,31.0,2,999,0,-1.8,92.893,-46.2,1.281,5099.1,999.0,0,0.0,0.0,0.0,2,4,0.0,4,5,1,1
9183,31.0,2,999,0,-1.8,93.075,-47.1,1.405,5099.1,999.0,0,0.0,0.0,0.0,3,8,0.0,9,4,2,1
9184,27.0,2,999,0,-1.8,92.893,-46.2,1.354,5099.1,999.0,0,1.0,0.0,1.0,1,8,0.0,11,5,2,1
9185,34.0,3,999,0,-1.8,92.893,-46.2,1.299,5099.1,999.0,0,1.0,0.0,0.0,1,8,0.0,1,5,2,1
9186,33.0,4,999,0,-1.8,92.893,-46.2,1.244,5099.1,999.0,0,1.0,0.0,0.0,1,8,0.0,6,5,2,1
9187,31.0,1,999,2,-2.9,92.963,-40.8,1.262,5076.2,999.0,4,1.0,0.0,0.0,1,6,0.0,9,6,1,2
9188,47.0,1,999,0,1.4,93.444,-36.1,4.966,5228.1,999.0,0,0.0,0.0,0.0,2,3,0.0,4,8,1,1
9189,24.0,4,999,0,-1.8,92.893,-46.2,1.244,5099.1,999.0,0,1.0,0.0,0.0,2,6,0.0,5,5,2,1
9190,85.0,3,6,1,-3.0,92.713,-33.0,0.715,5023.5,0.2,0,1.0,0.0,0.0,3,2,0.0,8,12,2,3
9191,31.0,4,999,0,1.4,94.465,-41.8,4.959,5228.1,999.0,0,1.0,1.0,1.0,2,8,0.0,4,6,1,1
9192,31.0,3,999,0,1.1,93.994,-36.4,4.857,5191.0,999.0,0,1.0,1.0,1.0,3,4,0.0,6,5,2,1
9193,46.0,3,999,0,1.4,93.444,-36.1,4.966,5228.1,999.0,0,0.0,0.0,0.0,2,4,0.0,4,8,1,1
9194,28.0,1,999,0,1.4,93.918,-42.7,4.963,5228.1,999.0,0,0.0,0.0,0.0,1,5,0.0,9,7,1,1
9195,50.0,5,999,0,1.4,93.444,-36.1,4.965,5228.1,999.0,0,1.0,0.0,0.0,2,8,0.0,5,8,2,1
9196,30.0,3,999,0,-0.1,93.2,-42.0,4.12,5195.8,999.0,0,0.0,0.0,0.0,2,2,0.0,4,11,1,1
9197,31.0,1,999,0,1.4,93.918,-42.7,4.962,5228.1,999.0,0,0.0,0.0,0.0,2,5,0.0,9,7,1,1
9198,22.0,10,999,0,1.4,93.918,-42.7,4.963,5228.1,999.0,0,1.0,1.0,1.0,1,4,0.0,4,7,1,1
9199,33.0,7,999,0,1.4,94.465,-41.8,4.959,5228.1,999.0,0,1.0,0.0,1.0,2,2,0.0,4,6,1,1
9200,41.0,1,999,0,1.1,93.994,-36.4,4.856,5191.0,999.0,0,1.0,0.0,1.0,1,8,0.0,5,5,1,1
9201,31.0,2,999,0,1.4,93.918,-42.7,4.962,5228.1,999.0,0,1.0,0.0,0.0,2,8,0.0,2,7,2,1
9202,46.0,4,999,0,-0.1,93.2,-42.0,4.12,5195.8,999.0,0,1.0,0.0,0.0,2,8,0.0,4,11,1,1
9203,31.0,1,999,0,1.4,93.918,-42.7,4.96,5228.1,999.0,0,0.0,1.0,0.0,2,2,0.0,2,7,2,1
9204,31.0,1,999,0,-2.9,92.963,-40.8,1.26,5076.2,999.0,0,0.0,1.0,0.0,2,2,0.0,8,6,2,1
9205,25.0,5,999,0,1.4,93.918,-42.7,4.958,5228.1,999.0,0,1.0,0.0,0.0,1,8,0.0,6,7,1,1
9206,42.0,2,999,0,1.4,94.465,-41.8,4.864,5228.1,999.0,0,1.0,0.0,1.0,2,4,0.0,4,6,1,1
9207,38.0,4,999,1,-0.1,93.2,-42.0,4.12,5195.8,999.0,0,1.0,0.0,1.0,3,5,0.0,5,11,1,2
9208,31.0,2,999,0,1.4,93.918,-42.7,4.962,5228.1,999.0,0,0.0,0.0,0.0,3,7,0.0,3,7,1,1
9209,38.0,1,999,0,1.4,94.465,-41.8,4.96,5228.1,999.0,0,0.0,0.0,1.0,2,2,0.0,7,6,2,1
9210,38.0,1,999,0,1.4,93.444,-36.1,4.965,5228.1,999.0,0,1.0,0.0,0.0,2,7,0.0,6,8,2,1
9211,31.0,1,999,0,1.4,93.444,-36.1,4.968,5228.1,999.0,0,1.0,0.0,0.0,2,8,0.0,6,8,1,1
9212,61.0,2,999,2,-1.1,94.601,-49.5,1.016,4963.6,999.0,4,1.0,0.0,1.0,2,2,0.0,2,10,1,2
9213,30.0,10,999,0,1.4,93.918,-42.7,4.96,5228.1,999.0,0,0.0,0.0,0.0,1,2,0.0,4,7,2,1
9214,31.0,3,999,0,1.4,94.465,-41.8,4.959,5228.1,999.0,0,0.0,0.0,1.0,3,5,0.0,6,6,1,1
9215,31.0,5,9,2,-1.7,94.055,-39.8,0.723,4991.6,0.3,2,1.0,0.0,0.0,2,6,0.0,5,6,1,3
9216,40.0,2,999,0,-1.7,94.027,-38.3,0.899,4991.6,999.0,0,0.0,1.0,0.0,2,5,0.0,6,8,1,1
9217,34.0,2,999,0,1.4,94.465,-41.8,4.958,5228.1,999.0,0,1.0,0.0,1.0,1,5,0.0,6,6,1,1
9218,44.0,4,999,0,1.4,93.444,-36.1,4.965,5228.1,999.0,0,1.0,1.0,0.0,3,6,0.0,5,8,1,1
9219,44.0,1,999,0,1.4,94.465,-41.8,4.961,5228.1,999.0,0,0.0,0.0,1.0,2,7,0.0,6,6,1,1
9220,31.0,6,999,1,-1.8,92.893,-46.2,1.25,5099.1,999.0,1,1.0,0.0,1.0,1,7,0.0,5,5,1,2
9221,35.0,2,999,1,-1.8,92.893,-46.2,1.313,5099.1,999.0,0,1.0,1.0,0.0,2,7,0.0,7,5,1,2
9222,31.0,2,999,0,1.4,94.465,-41.8,4.961,5228.1,999.0,0,0.0,0.0,1.0,2,8,0.0,4,6,1,1
9223,25.0,2,999,0,1.4,93.918,-42.7,4.963,5228.1,999.0,0,1.0,1.0,0.0,1,4,0.0,4,7,1,1
9224,31.0,3,999,0,1.4,93.918,-42.7,4.963,5228.1,999.0,0,1.0,1.0,0.0,2,6,0.0,4,7,1,1
9225,57.0,4,999,1,-1.8,92.893,-46.2,1.354,5099.1,999.0,3,1.0,0.0,0.0,2,4,0.0,7,5,2,2
9226,41.0,2,999,0,-1.8,92.893,-46.2,1.334,5099.1,999.0,0,0.0,0.0,0.0,3,8,0.0,9,5,1,1
9227,31.0,2,10,1,-1.8,92.893,-46.2,1.281,5099.1,0.333333333333,1,1.0,0.0,0.0,2,8,0.0,6,5,1,3
9228,51.0,5,3,1,-1.8,92.893,-46.2,1.354,5099.1,0.1,1,0.0,0.0,0.0,2,5,0.0,10,5,2,3
9229,39.0,1,999,0,-1.8,92.893,-46.2,1.327,5099.1,999.0,0,1.0,0.0,0.0,2,8,0.0,6,5,1,1
9230,31.0,1,999,0,1.4,93.444,-36.1,4.97,5228.1,999.0,0,1.0,0.0,0.0,2,7,0.0,6,8,2,1
9231,46.0,2,999,0,1.4,93.444,-36.1,4.965,5228.1,999.0,0,1.0,0.0,0.0,2,7,0.0,6,8,1,1
9232,30.0,3,999,0,-1.8,92.893,-46.2,1.299,5099.1,999.0,0,1.0,0.0,0.0,2,3,0.0,7,5,2,1
9233,37.0,6,999,0,1.4,93.918,-42.7,4.968,5228.1,999.0,0,0.0,0.0,0.0,1,5,0.0,9,7,1,1
9234,58.0,2,999,0,-2.9,92.201,-31.4,0.838,5076.2,999.0,0,0.0,0.0,0.0,2,8,0.0,8,8,1,1
9235,42.0,1,999,0,1.1,93.994,-36.4,4.86,5191.0,999.0,0,1.0,1.0,1.0,3,8,0.0,10,5,1,1
9236,31.0,2,999,0,1.4,93.918,-42.7,4.961,5228.1,999.0,0,1.0,1.0,0.0,2,7,0.0,7,7,1,1
9237,31.0,2,999,0,1.1,93.994,-36.4,4.856,5191.0,999.0,0,1.0,0.0,1.0,3,8,0.0,4,5,1,1
9238,25.0,2,999,0,1.4,93.918,-42.7,4.962,5228.1,999.0,0,0.0,1.0,0.0,1,5,0.0,6,7,1,1
9239,31.0,1,999,0,1.4,93.918,-42.7,4.962,5228.1,999.0,0,0.0,0.0,0.0,3,6,0.0,5,7,1,1
9240,31.0,11,999,0,1.4,93.444,-36.1,4.962,5228.1,999.0,0,1.0,0.0,0.0,1,7,0.0,6,8,1,1
9241,31.0,4,999,0,1.4,93.444,-36.1,4.966,5228.1,999.0,0,1.0,0.0,0.0,2,7,0.0,3,8,1,1
9242,36.0,1,5,1,-2.9,92.201,-31.4,0.884,5076.2,0.166666666667,5,0.0,0.0,0.0,3,7,0.0,6,8,2,3
9243,71.0,1,6,1,-3.4,92.431,-26.9,0.728,5017.5,0.2,3,1.0,1.0,0.0,2,8,0.0,8,10,1,3
9244,31.0,5,999,0,-1.8,92.893,-46.2,1.25,5099.1,999.0,0,1.0,0.0,0.0,2,4,0.0,1,5,1,1
9245,30.0,1,999,1,-1.8,93.075,-47.1,1.4,5099.1,999.0,4,1.0,0.0,0.0,1,7,0.0,5,4,1,2
9246,39.0,1,999,1,-1.8,92.893,-46.2,1.334,5099.1,999.0,1,1.0,0.0,0.0,1,5,0.0,9,5,1,2
9247,46.0,3,999,0,1.1,93.994,-36.4,4.856,5191.0,999.0,0,0.0,0.0,1.0,2,2,0.0,4,5,1,1
9248,31.0,1,999,0,1.4,93.918,-42.7,4.958,5228.1,999.0,0,0.0,0.0,0.0,1,8,0.0,4,7,1,1
9249,24.0,3,999,0,-1.8,92.893,-46.2,1.25,5099.1,999.0,0,1.0,0.0,0.0,2,5,0.0,9,5,1,1
9250,31.0,2,999,1,-1.8,92.893,-46.2,1.344,5099.1,999.0,2,1.0,0.0,0.0,2,2,0.0,4,5,1,2
9251,31.0,3,999,0,-1.8,92.893,-46.2,1.291,5099.1,999.0,0,1.0,1.0,0.0,1,8,0.0,6,5,1,1
9252,33.0,1,999,0,1.4,93.444,-36.1,4.965,5228.1,999.0,0,1.0,0.0,1.0,1,7,0.0,5,8,1,1
9253,36.0,1,12,1,-1.8,92.893,-46.2,1.299,5099.1,0.4,3,1.0,0.0,0.0,3,8,0.0,4,5,2,3
9254,45.0,1,999,0,1.4,93.444,-36.1,4.963,5228.1,999.0,0,0.0,0.0,0.0,2,5,0.0,6,8,1,1
9255,48.0,1,999,0,-0.1,93.2,-42.0,4.191,5195.8,999.0,0,1.0,0.0,0.0,3,5,0.0,6,11,2,1
9256,58.0,1,999,0,-1.7,94.027,-38.3,0.886,4991.6,999.0,0,0.0,0.0,1.0,3,8,0.0,8,8,1,1
9257,38.0,1,999,0,1.4,94.465,-41.8,4.961,5228.1,999.0,0,1.0,0.0,1.0,2,5,0.0,3,6,1,1
9258,55.0,6,999,0,1.4,94.465,-41.8,4.959,5228.1,999.0,0,1.0,0.0,1.0,3,8,0.0,6,6,1,1
9259,39.0,4,999,0,1.4,93.444,-36.1,4.968,5228.1,999.0,0,0.0,0.0,0.0,2,5,0.0,3,8,1,1
9260,33.0,1,3,3,-1.7,94.027,-38.3,0.899,4991.6,0.1,6,1.0,0.0,0.0,2,8,0.0,6,8,1,3
9261,57.0,2,999,0,1.4,94.465,-41.8,4.864,5228.1,999.0,0,1.0,0.0,1.0,2,6,0.0,5,6,1,1
9262,31.0,1,999,0,1.4,93.918,-42.7,4.962,5228.1,999.0,0,0.0,0.0,0.0,2,6,0.0,4,7,1,1
9263,31.0,1,999,1,-1.8,92.893,-46.2,1.299,5099.1,999.0,3,1.0,0.0,0.0,3,8,0.0,6,5,2,2
9264,31.0,4,999,1,-1.8,92.893,-46.2,1.313,5099.1,999.0,3,1.0,0.0,0.0,2,5,0.0,9,5,1,2
9265,31.0,7,999,1,-1.8,92.893,-46.2,1.291,5099.1,999.0,1,1.0,0.0,1.0,2,8,0.0,5,5,1,2
9266,31.0,3,999,0,-1.8,92.893,-46.2,1.344,5099.1,999.0,0,1.0,0.0,0.0,2,7,0.0,5,5,1,1
9267,29.0,1,999,0,-1.8,92.893,-46.2,1.281,5099.1,999.0,0,1.0,0.0,0.0,1,4,0.0,4,5,1,1
9268,31.0,2,999,0,1.4,93.444,-36.1,4.966,5228.1,999.0,0,0.0,1.0,0.0,2,7,0.0,6,8,1,1
9269,58.0,2,999,0,1.4,93.918,-42.7,4.968,5228.1,999.0,0,0.0,0.0,0.0,2,5,0.0,12,7,1,1
9270,33.0,1,999,0,-2.9,92.963,-40.8,1.26,5076.2,999.0,0,1.0,0.0,0.0,2,8,0.0,4,6,1,1
9271,31.0,3,999,0,1.1,93.994,-36.4,4.857,5191.0,999.0,0,0.0,0.0,1.0,2,5,0.0,9,5,1,1
9272,45.0,1,999,0,1.4,93.918,-42.7,4.957,5228.1,999.0,0,0.0,0.0,0.0,3,8,0.0,6,7,1,1
9273,55.0,1,999,0,-3.4,92.431,-26.9,0.742,5017.5,999.0,0,0.0,0.0,0.0,2,6,0.0,5,10,1,1
9274,26.0,1,999,0,1.4,93.918,-42.7,4.963,5228.1,999.0,0,1.0,0.0,0.0,1,7,0.0,6,7,1,1
9275,29.0,2,999,0,1.4,93.918,-42.7,4.963,5228.1,999.0,0,0.0,1.0,1.0,1,7,0.0,5,7,1,1
9276,31.0,1,999,0,1.1,93.994,-36.4,4.858,5191.0,999.0,0,0.0,0.0,1.0,2,5,0.0,6,5,2,1
9277,42.0,2,999,0,1.1,93.994,-36.4,4.857,5191.0,999.0,0,0.0,0.0,1.0,2,8,0.0,4,5,1,1
9278,60.0,2,999,2,-3.4,92.379,-29.8,0.768,5017.5,999.0,4,0.0,0.0,0.0,3,5,0.0,8,9,1,2
9279,35.0,3,999,0,1.1,93.994,-36.4,4.858,5191.0,999.0,0,1.0,0.0,1.0,2,7,0.0,1,5,1,1
9280,31.0,3,999,0,-1.8,92.893,-46.2,1.327,5099.1,999.0,0,0.0,0.0,0.0,2,4,0.0,4,5,1,1
9281,29.0,4,999,0,1.1,93.994,-36.4,4.86,5191.0,999.0,0,1.0,1.0,1.0,1,8,0.0,5,5,1,1
9282,25.0,3,999,0,1.4,93.918,-42.7,4.957,5228.1,999.0,0,0.0,0.0,0.0,1,8,0.0,5,7,1,1
9283,45.0,3,999,0,1.4,94.465,-41.8,4.959,5228.1,999.0,0,0.0,0.0,1.0,3,6,0.0,1,6,1,1
9284,31.0,1,999,0,1.4,93.918,-42.7,4.962,5228.1,999.0,0,1.0,0.0,0.0,3,2,0.0,4,7,1,1
9285,33.0,2,999,0,1.4,93.444,-36.1,4.962,5228.1,999.0,0,1.0,0.0,0.0,1,6,0.0,5,8,1,1
9286,31.0,5,999,0,1.4,93.918,-42.7,4.962,5228.1,999.0,0,1.0,0.0,0.0,2,7,0.0,6,7,2,1
9287,31.0,4,999,0,-1.8,93.075,-47.1,1.453,5099.1,999.0,0,0.0,0.0,0.0,3,8,0.0,8,4,1,1
9288,31.0,1,999,0,-0.1,93.2,-42.0,4.153,5195.8,999.0,0,0.0,0.0,0.0,2,7,0.0,3,11,1,1
9289,38.0,2,999,0,-1.1,94.767,-50.8,1.03,4963.6,999.0,0,0.0,0.0,0.0,3,7,0.0,2,11,1,1
9290,31.0,2,999,0,1.1,93.994,-36.4,4.86,5191.0,999.0,0,0.0,0.0,1.0,2,6,0.0,5,5,1,1
9291,42.0,2,999,0,-0.1,93.2,-42.0,4.021,5195.8,999.0,0,1.0,0.0,0.0,1,6,0.0,5,11,1,1
9292,30.0,2,999,1,-1.1,94.199,-37.5,0.877,4963.6,999.0,2,0.0,0.0,0.0,1,8,0.0,5,9,1,2
9293,43.0,5,999,0,1.4,93.918,-42.7,4.961,5228.1,999.0,0,1.0,0.0,0.0,3,8,0.0,2,7,1,1
9294,29.0,1,999,1,-0.1,93.2,-42.0,4.245,5195.8,999.0,3,1.0,0.0,1.0,2,8,0.0,1,11,1,2
9295,31.0,2,999,0,1.1,93.994,-36.4,4.858,5191.0,999.0,0,0.0,1.0,1.0,2,4,0.0,3,5,1,1
9296,46.0,3,999,0,-1.8,92.893,-46.2,1.291,5099.1,999.0,0,0.0,0.0,1.0,2,4,0.0,4,5,1,1
9297,37.0,1,999,0,1.4,93.918,-42.7,4.963,5228.1,999.0,0,0.0,0.0,0.0,2,8,0.0,4,7,1,1
9298,45.0,1,999,0,1.1,93.994,-36.4,4.86,5191.0,999.0,0,0.0,0.0,1.0,2,3,0.0,1,5,1,1
9299,31.0,1,999,0,-1.8,92.893,-46.2,1.291,5099.1,999.0,0,1.0,1.0,0.0,3,3,0.0,9,5,1,1
9300,31.0,1,999,0,1.1,93.994,-36.4,4.859,5191.0,999.0,0,0.0,0.0,1.0,2,8,0.0,4,5,1,1
9301,46.0,1,999,0,-1.8,93.075,-47.1,1.405,5099.1,999.0,0,1.0,0.0,0.0,2,4,0.0,4,4,2,1
9302,31.0,1,999,0,1.4,94.465,-41.8,4.864,5228.1,999.0,0,1.0,1.0,1.0,2,6,0.0,5,6,1,1
9303,38.0,2,999,0,1.4,93.444,-36.1,4.963,5228.1,999.0,0,1.0,0.0,0.0,3,6,0.0,5,8,1,1
9304,31.0,4,999,0,1.4,93.444,-36.1,4.962,5228.1,999.0,0,1.0,0.0,0.0,2,8,0.0,10,8,1,1
9305,35.0,1,999,0,1.1,93.994,-36.4,4.857,5191.0,999.0,0,0.0,0.0,1.0,3,7,0.0,7,5,1,1
9306,31.0,3,999,0,1.4,93.444,-36.1,4.966,5228.1,999.0,0,0.0,0.0,0.0,1,7,0.0,6,8,1,1
9307,32.0,1,999,0,-1.8,93.075,-47.1,1.405,5099.1,999.0,0,1.0,0.0,0.0,2,5,0.0,9,4,2,1
9308,31.0,2,999,0,1.4,94.465,-41.8,4.962,5228.1,999.0,0,1.0,0.0,1.0,2,6,0.0,5,6,1,1
9309,29.0,2,999,0,-1.8,93.075,-47.1,1.405,5099.1,999.0,0,0.0,0.0,1.0,1,8,0.0,6,4,1,1
9310,43.0,1,999,0,1.1,93.994,-36.4,4.855,5191.0,999.0,0,0.0,0.0,1.0,2,2,0.0,4,5,1,1
9311,31.0,1,999,0,-1.8,92.893,-46.2,1.313,5099.1,999.0,0,1.0,0.0,0.0,1,6,0.0,5,5,1,1
9312,43.0,2,999,0,-0.1,93.2,-42.0,4.076,5195.8,999.0,0,0.0,1.0,0.0,2,8,0.0,7,11,1,1
9313,31.0,2,999,0,1.4,94.465,-41.8,4.961,5228.1,999.0,0,0.0,0.0,1.0,1,4,0.0,1,6,1,1
9314,63.0,3,999,0,-3.4,92.649,-30.1,0.715,5017.5,999.0,0,1.0,0.0,0.0,2,8,0.0,8,11,1,1
9315,47.0,3,999,0,1.4,93.918,-42.7,4.962,5228.1,999.0,0,1.0,1.0,0.0,3,4,0.0,4,7,2,1
9316,31.0,3,999,0,1.1,93.994,-36.4,4.857,5191.0,999.0,0,1.0,0.0,1.0,2,8,0.0,9,5,1,1
9317,34.0,1,999,0,1.4,93.918,-42.7,4.962,5228.1,999.0,0,1.0,1.0,0.0,1,8,0.0,5,7,1,1
9318,41.0,3,999,0,1.4,93.918,-42.7,4.962,5228.1,999.0,0,1.0,0.0,0.0,1,2,0.0,2,7,2,1
9319,51.0,7,999,0,1.4,93.444,-36.1,4.965,5228.1,999.0,0,0.0,0.0,0.0,2,2,0.0,2,8,2,1
9320,35.0,1,999,0,1.4,93.918,-42.7,4.96,5228.1,999.0,0,1.0,1.0,0.0,2,5,0.0,9,7,2,1
9321,60.0,1,999,1,-1.8,92.893,-46.2,1.25,5099.1,999.0,0,1.0,0.0,0.0,3,8,0.0,6,5,1,2
9322,50.0,5,999,0,1.4,94.465,-41.8,4.967,5228.1,999.0,0,0.0,0.0,1.0,2,8,0.0,9,6,1,1
9323,29.0,1,999,0,1.4,93.444,-36.1,4.963,5228.1,999.0,0,1.0,1.0,0.0,1,7,0.0,6,8,1,1
9324,58.0,1,999,0,-2.9,92.201,-31.4,0.843,5076.2,999.0,0,1.0,0.0,1.0,2,8,0.0,8,8,2,1
9325,52.0,3,999,0,1.4,93.444,-36.1,4.963,5228.1,999.0,0,0.0,0.0,0.0,2,2,0.0,10,8,1,1
9326,43.0,3,999,0,1.4,93.918,-42.7,4.962,5228.1,999.0,0,1.0,0.0,0.0,2,5,0.0,10,7,2,1
9327,47.0,6,999,0,1.1,93.994,-36.4,4.857,5191.0,999.0,0,1.0,0.0,1.0,2,7,0.0,6,5,1,1
9328,31.0,1,999,0,-1.8,92.893,-46.2,1.281,5099.1,999.0,0,1.0,0.0,0.0,1,7,0.0,6,5,1,1
9329,31.0,1,6,1,-3.0,92.713,-33.0,0.706,5023.5,0.2,1,1.0,0.0,0.0,2,8,0.0,8,12,1,3
9330,25.0,18,999,0,1.4,93.918,-42.7,4.968,5228.1,999.0,0,1.0,0.0,0.0,1,4,0.0,6,7,1,1
9331,31.0,1,999,0,-1.7,94.027,-38.3,0.898,4991.6,999.0,0,1.0,1.0,1.0,1,8,0.0,11,8,1,1
9332,35.0,4,999,1,-1.8,92.893,-46.2,1.281,5099.1,999.0,2,1.0,0.0,0.0,2,7,0.0,7,5,1,2
9333,38.0,1,999,1,-1.8,93.075,-47.1,1.405,5099.1,999.0,4,0.0,1.0,0.0,3,7,0.0,3,4,2,2
9334,31.0,3,999,0,-1.8,92.893,-46.2,1.291,5099.1,999.0,0,0.0,0.0,0.0,1,6,0.0,5,5,1,1
9335,31.0,2,999,0,1.4,94.465,-41.8,4.96,5228.1,999.0,0,0.0,0.0,1.0,1,5,0.0,4,6,2,1
9336,31.0,1,999,1,-1.8,93.075,-47.1,1.405,5099.1,999.0,3,0.0,0.0,0.0,2,8,0.0,4,4,1,2
9337,55.0,2,999,0,-1.8,92.893,-46.2,1.244,5099.1,999.0,0,0.0,0.0,0.0,3,8,0.0,6,5,2,1
9338,45.0,2,999,0,1.4,93.444,-36.1,4.965,5228.1,999.0,0,1.0,0.0,0.0,2,5,0.0,4,8,1,1
9339,29.0,8,999,0,1.4,93.918,-42.7,4.968,5228.1,999.0,0,1.0,1.0,0.0,1,7,0.0,1,7,1,1
9340,37.0,1,999,0,1.1,93.994,-36.4,4.855,5191.0,999.0,0,1.0,1.0,1.0,2,4,0.0,1,5,1,1
9341,34.0,1,999,1,-1.1,94.767,-50.8,1.05,4963.6,999.0,0,0.0,0.0,0.0,2,8,0.0,6,11,2,2
9342,31.0,1,999,0,-1.1,94.601,-49.5,0.987,4963.6,999.0,0,1.0,0.0,0.0,2,5,0.0,6,10,1,1
9343,31.0,5,999,0,1.1,93.994,-36.4,4.857,5191.0,999.0,0,0.0,0.0,1.0,2,8,0.0,4,5,1,1
9344,35.0,2,999,0,1.4,93.444,-36.1,4.966,5228.1,999.0,0,0.0,0.0,0.0,2,7,0.0,1,8,1,1
9345,38.0,2,999,0,-0.1,93.2,-42.0,4.153,5195.8,999.0,0,1.0,1.0,0.0,2,5,0.0,6,11,1,1
9346,39.0,2,999,0,-0.1,93.2,-42.0,4.021,5195.8,999.0,0,0.0,0.0,0.0,1,8,0.0,6,11,1,1
9347,34.0,1,999,0,1.4,93.444,-36.1,4.963,5228.1,999.0,0,1.0,0.0,0.0,2,5,0.0,6,8,1,1
9348,41.0,4,999,0,1.4,93.444,-36.1,4.965,5228.1,999.0,0,0.0,0.0,0.0,3,8,0.0,6,8,2,1
9349,31.0,4,999,0,1.4,93.444,-36.1,4.964,5228.1,999.0,0,1.0,0.0,1.0,2,6,0.0,8,8,1,1
9350,31.0,3,999,0,1.1,93.994,-36.4,4.859,5191.0,999.0,0,0.0,1.0,1.0,3,6,0.0,5,5,1,1
9351,34.0,2,999,0,1.1,93.994,-36.4,4.855,5191.0,999.0,0,0.0,0.0,1.0,1,8,0.0,5,5,1,1
9352,31.0,1,999,0,-0.1,93.2,-42.0,4.076,5195.8,999.0,0,0.0,0.0,0.0,1,4,0.0,2,11,1,1
9353,52.0,1,999,0,1.1,93.994,-36.4,4.86,5191.0,999.0,0,1.0,0.0,1.0,2,8,0.0,1,5,1,1
9354,31.0,4,999,0,1.1,93.994,-36.4,4.859,5191.0,999.0,0,1.0,0.0,1.0,3,7,0.0,3,5,1,1
9355,31.0,2,999,0,-0.1,93.2,-42.0,4.021,5195.8,999.0,0,0.0,0.0,0.0,1,5,0.0,6,11,1,1
9356,33.0,1,999,0,-1.8,92.893,-46.2,1.313,5099.1,999.0,0,1.0,1.0,0.0,2,8,0.0,5,5,1,1
9357,29.0,2,999,0,-0.1,93.2,-42.0,4.021,5195.8,999.0,0,1.0,1.0,0.0,1,8,0.0,6,11,1,1
9358,60.0,2,999,0,1.1,93.994,-36.4,4.856,5191.0,999.0,0,0.0,0.0,1.0,2,8,0.0,6,5,1,1
9359,37.0,2,999,0,-1.8,93.075,-47.1,1.405,5099.1,999.0,0,0.0,0.0,0.0,2,8,0.0,6,4,2,1
9360,35.0,5,999,0,-1.8,92.893,-46.2,1.299,5099.1,999.0,0,1.0,0.0,0.0,1,7,0.0,6,5,2,1
9361,34.0,1,999,0,1.4,94.465,-41.8,4.967,5228.1,999.0,0,0.0,0.0,1.0,2,3,0.0,4,6,1,1
9362,53.0,2,999,0,1.1,93.994,-36.4,4.864,5191.0,999.0,0,0.0,0.0,1.0,2,7,0.0,1,5,1,1
9363,54.0,1,999,0,-0.1,93.2,-42.0,4.12,5195.8,999.0,0,1.0,1.0,0.0,2,6,0.0,5,11,1,1
9364,36.0,2,999,0,1.4,93.918,-42.7,4.96,5228.1,999.0,0,1.0,0.0,1.0,2,5,0.0,6,7,2,1
9365,31.0,2,999,0,-1.8,92.893,-46.2,1.354,5099.1,999.0,0,0.0,1.0,0.0,1,8,0.0,11,5,2,1
9366,25.0,3,999,0,1.4,94.465,-41.8,4.865,5228.1,999.0,0,0.0,0.0,1.0,1,7,0.0,1,6,2,1
9367,31.0,2,999,0,1.4,93.444,-36.1,4.966,5228.1,999.0,0,1.0,0.0,0.0,2,7,0.0,1,8,1,1
9368,30.0,5,999,0,1.4,93.444,-36.1,4.963,5228.1,999.0,0,0.0,0.0,0.0,1,7,0.0,6,8,1,1
9369,31.0,1,999,0,1.4,94.465,-41.8,4.866,5228.1,999.0,0,0.0,1.0,1.0,2,8,0.0,3,6,1,1
9370,55.0,2,999,0,-1.8,93.075,-47.1,1.41,5099.1,999.0,0,0.0,0.0,0.0,2,8,0.0,3,4,1,1
9371,36.0,4,999,0,1.4,94.465,-41.8,4.961,5228.1,999.0,0,0.0,0.0,1.0,2,7,0.0,5,6,1,1
9372,22.0,2,999,1,-3.4,92.431,-26.9,0.739,5017.5,999.0,1,0.0,0.0,0.0,1,5,0.0,11,10,1,2
9373,31.0,8,999,0,1.4,93.444,-36.1,4.963,5228.1,999.0,0,1.0,1.0,0.0,1,7,0.0,6,8,1,1
9374,31.0,2,12,1,-1.8,92.893,-46.2,1.25,5099.1,0.4,1,1.0,0.0,0.0,2,7,0.0,3,5,1,3
9375,39.0,1,999,0,-1.8,92.893,-46.2,1.327,5099.1,999.0,0,0.0,0.0,0.0,3,8,0.0,4,5,1,1
9376,31.0,1,999,0,-0.1,93.798,-40.4,4.794,5195.8,999.0,0,0.0,0.0,1.0,2,5,0.0,5,10,1,1
9377,57.0,1,999,0,-1.8,92.893,-46.2,1.299,5099.1,999.0,0,1.0,0.0,0.0,2,5,0.0,5,5,2,1
9378,35.0,3,999,0,1.4,93.444,-36.1,4.963,5228.1,999.0,0,1.0,1.0,0.0,1,7,0.0,6,8,2,1
9379,36.0,3,999,0,1.4,93.444,-36.1,4.966,5228.1,999.0,0,1.0,1.0,0.0,2,6,0.0,9,8,1,1
9380,48.0,1,999,2,-1.8,93.369,-34.8,0.646,5008.7,999.0,4,1.0,0.0,0.0,2,7,0.0,10,3,1,2
9381,41.0,8,999,0,1.4,93.444,-36.1,4.964,5228.1,999.0,0,1.0,0.0,0.0,2,6,0.0,5,8,1,1
9382,39.0,1,999,0,1.4,93.444,-36.1,4.966,5228.1,999.0,0,0.0,0.0,0.0,2,7,0.0,3,8,1,1
9383,59.0,3,999,0,1.4,93.918,-42.7,4.962,5228.1,999.0,0,1.0,0.0,0.0,3,2,0.0,4,7,2,1
9384,58.0,1,999,0,-0.1,93.2,-42.0,4.153,5195.8,999.0,0,0.0,0.0,0.0,2,8,0.0,5,11,1,1
9385,42.0,5,999,0,1.4,94.465,-41.8,4.959,5228.1,999.0,0,1.0,0.0,1.0,2,8,0.0,2,6,1,1
9386,32.0,1,999,0,1.1,93.994,-36.4,4.858,5191.0,999.0,0,0.0,0.0,1.0,3,4,0.0,4,5,1,1
9387,59.0,2,999,0,1.4,93.444,-36.1,4.967,5228.1,999.0,0,0.0,0.0,0.0,2,2,0.0,2,8,1,1
9388,39.0,2,999,0,1.4,94.465,-41.8,4.961,5228.1,999.0,0,0.0,0.0,1.0,2,8,0.0,9,6,1,1
9389,61.0,5,999,0,-1.8,93.075,-47.1,1.405,5099.1,999.0,0,1.0,0.0,0.0,2,7,0.0,6,4,1,1
9390,39.0,1,999,0,1.1,93.994,-36.4,4.856,5191.0,999.0,0,0.0,0.0,1.0,2,8,0.0,9,5,1,1
9391,38.0,2,999,0,1.1,93.994,-36.4,4.856,5191.0,999.0,0,1.0,0.0,1.0,1,6,0.0,5,5,1,1
9392,43.0,2,999,1,-1.8,92.893,-46.2,1.281,5099.1,999.0,1,1.0,0.0,1.0,2,5,0.0,6,5,1,2
9393,35.0,2,999,0,1.4,93.444,-36.1,4.968,5228.1,999.0,0,0.0,0.0,0.0,2,6,0.0,5,8,1,1
9394,31.0,3,999,0,1.4,93.444,-36.1,4.963,5228.1,999.0,0,1.0,0.0,0.0,1,5,0.0,5,8,2,1
9395,50.0,1,3,1,-3.4,92.649,-30.1,0.714,5017.5,0.1,1,1.0,0.0,0.0,2,7,0.0,6,11,2,3
9396,32.0,3,999,0,-1.8,92.843,-50.0,1.687,5099.1,999.0,0,1.0,0.0,0.0,1,7,0.0,3,3,1,1
9397,32.0,1,999,0,-1.8,92.893,-46.2,1.281,5099.1,999.0,0,1.0,0.0,0.0,1,7,0.0,10,5,1,1
9398,44.0,3,999,0,1.4,93.918,-42.7,4.963,5228.1,999.0,0,0.0,0.0,1.0,2,8,0.0,6,7,1,1
9399,58.0,6,999,0,1.4,93.918,-42.7,4.962,5228.1,999.0,0,0.0,0.0,0.0,2,7,0.0,6,7,2,1
9400,42.0,2,999,1,-1.8,92.893,-46.2,1.334,5099.1,999.0,3,1.0,1.0,0.0,2,7,0.0,1,5,1,2
9401,32.0,1,999,0,1.4,93.444,-36.1,4.964,5228.1,999.0,0,1.0,0.0,0.0,2,8,0.0,6,8,1,1
9402,31.0,11,999,0,1.4,93.444,-36.1,4.964,5228.1,999.0,0,0.0,0.0,0.0,2,7,0.0,3,8,1,1
9403,51.0,2,999,0,-1.8,93.075,-47.1,1.365,5099.1,999.0,0,1.0,1.0,0.0,2,8,0.0,2,4,1,1
9404,25.0,2,999,0,1.4,93.918,-42.7,4.958,5228.1,999.0,0,1.0,0.0,0.0,1,7,0.0,6,7,1,1
9405,31.0,1,999,0,1.4,93.444,-36.1,4.965,5228.1,999.0,0,1.0,0.0,0.0,2,7,0.0,3,8,1,1
9406,55.0,5,999,0,1.4,93.918,-42.7,4.968,5228.1,999.0,0,0.0,0.0,0.0,2,8,0.0,8,7,1,1
9407,39.0,2,999,0,1.4,93.918,-42.7,4.961,5228.1,999.0,0,0.0,0.0,0.0,1,5,0.0,6,7,1,1
9408,39.0,11,999,0,-1.8,92.893,-46.2,1.25,5099.1,999.0,0,1.0,0.0,1.0,3,5,0.0,5,5,1,1
9409,55.0,1,999,0,-3.4,92.379,-29.8,0.753,5017.5,999.0,0,1.0,1.0,0.0,2,8,0.0,10,9,1,1
9410,31.0,1,999,0,1.1,93.994,-36.4,4.855,5191.0,999.0,0,1.0,1.0,1.0,2,5,0.0,6,5,1,1
9411,33.0,3,999,0,-1.8,92.893,-46.2,1.334,5099.1,999.0,0,0.0,0.0,0.0,2,7,0.0,5,5,1,1
9412,32.0,1,999,0,-1.8,92.893,-46.2,1.299,5099.1,999.0,0,1.0,0.0,0.0,1,6,0.0,5,5,2,1
9413,54.0,1,2,1,-1.8,93.075,-47.1,1.365,5099.1,0.0666666666667,2,0.0,0.0,1.0,2,8,0.0,3,4,1,3
9414,49.0,1,999,0,1.1,93.994,-36.4,4.857,5191.0,999.0,0,1.0,0.0,1.0,2,4,0.0,4,5,1,1
9415,31.0,7,999,0,1.4,93.918,-42.7,4.957,5228.1,999.0,0,1.0,0.0,0.0,2,5,0.0,9,7,1,1
9416,31.0,2,999,0,1.4,93.918,-42.7,4.961,5228.1,999.0,0,1.0,1.0,0.0,2,5,0.0,10,7,1,1
9417,55.0,2,999,1,-1.8,93.075,-47.1,1.405,5099.1,999.0,2,1.0,0.0,0.0,2,8,0.0,8,4,1,2
9418,74.0,1,999,1,-1.7,94.055,-39.8,0.742,4991.6,999.0,1,0.0,0.0,1.0,3,2,0.0,8,6,1,2
9419,36.0,2,999,0,-1.8,92.893,-46.2,1.266,5099.1,999.0,0,1.0,0.0,0.0,1,8,0.0,6,5,1,1
9420,36.0,1,999,1,-1.8,92.893,-46.2,1.281,5099.1,999.0,3,1.0,0.0,0.0,2,8,0.0,4,5,1,2
9421,50.0,3,999,0,1.4,93.918,-42.7,4.962,5228.1,999.0,0,0.0,0.0,0.0,2,2,0.0,4,7,2,1
9422,40.0,2,999,0,1.4,93.918,-42.7,4.963,5228.1,999.0,0,1.0,0.0,0.0,2,4,0.0,4,7,1,1
9423,28.0,3,999,0,1.4,93.918,-42.7,4.956,5228.1,999.0,0,1.0,1.0,1.0,1,7,0.0,6,7,1,1
9424,35.0,1,999,1,-1.8,92.893,-46.2,1.25,5099.1,999.0,0,0.0,0.0,0.0,3,4,0.0,4,5,1,2
9425,53.0,2,999,0,1.4,93.918,-42.7,4.961,5228.1,999.0,0,1.0,1.0,0.0,2,3,0.0,4,7,1,1
9426,28.0,3,11,2,-1.8,93.075,-47.1,1.453,5099.1,0.366666666667,4,1.0,0.0,0.0,1,7,0.0,11,4,1,2
9427,48.0,5,999,0,1.4,93.918,-42.7,4.968,5228.1,999.0,0,1.0,0.0,0.0,2,6,0.0,9,7,1,1
9428,31.0,2,999,0,1.4,94.465,-41.8,4.864,5228.1,999.0,0,1.0,1.0,1.0,2,5,0.0,6,6,1,1
9429,31.0,7,999,0,1.4,93.918,-42.7,4.961,5228.1,999.0,0,1.0,0.0,0.0,1,8,0.0,5,7,1,1
9430,32.0,2,999,0,1.4,93.444,-36.1,4.962,5228.1,999.0,0,1.0,0.0,0.0,1,7,0.0,5,8,1,1
9431,36.0,5,999,0,1.4,93.918,-42.7,4.962,5228.1,999.0,0,1.0,0.0,1.0,2,7,0.0,6,7,1,1
9432,38.0,2,999,0,1.1,93.994,-36.4,4.857,5191.0,999.0,0,0.0,0.0,1.0,2,8,0.0,9,5,1,1
9433,30.0,2,999,0,1.1,93.994,-36.4,4.856,5191.0,999.0,0,1.0,0.0,1.0,2,7,0.0,6,5,1,1
9434,29.0,1,999,0,-0.1,93.2,-42.0,4.021,5195.8,999.0,0,0.0,0.0,0.0,1,2,0.0,7,11,1,1
9435,31.0,2,999,0,-1.8,93.075,-47.1,1.415,5099.1,999.0,0,1.0,0.0,0.0,1,8,0.0,4,4,1,1
9436,28.0,1,999,0,1.1,93.994,-36.4,4.857,5191.0,999.0,0,0.0,0.0,1.0,1,5,0.0,9,5,1,1
9437,30.0,1,999,1,-3.4,92.379,-29.8,0.75,5017.5,999.0,1,1.0,0.0,0.0,1,8,0.0,10,9,1,2
9438,51.0,3,999,0,1.4,93.918,-42.7,4.961,5228.1,999.0,0,0.0,0.0,0.0,2,4,0.0,2,7,1,1
9439,37.0,1,999,0,1.4,93.444,-36.1,4.967,5228.1,999.0,0,1.0,0.0,0.0,1,5,0.0,5,8,1,1
9440,56.0,2,999,0,-0.1,93.2,-42.0,4.076,5195.8,999.0,0,1.0,0.0,0.0,2,7,0.0,3,11,1,1
9441,37.0,1,999,0,1.1,93.994,-36.4,4.859,5191.0,999.0,0,1.0,0.0,1.0,2,5,0.0,9,5,1,1
9442,31.0,1,999,0,-1.8,92.893,-46.2,1.291,5099.1,999.0,0,1.0,0.0,0.0,3,8,0.0,6,5,1,1
9443,34.0,3,999,0,1.4,93.918,-42.7,4.968,5228.1,999.0,0,1.0,0.0,0.0,2,6,0.0,5,7,1,1
9444,31.0,1,999,0,1.1,93.994,-36.4,4.859,5191.0,999.0,0,0.0,0.0,1.0,1,8,0.0,1,5,1,1
9445,33.0,1,999,1,-1.8,92.893,-46.2,1.334,5099.1,999.0,1,0.0,0.0,0.0,2,7,0.0,7,5,1,2
9446,55.0,7,999,0,1.4,93.918,-42.7,4.963,5228.1,999.0,0,1.0,0.0,0.0,2,8,0.0,3,7,1,1
9447,50.0,1,999,0,1.4,93.918,-42.7,4.962,5228.1,999.0,0,1.0,1.0,0.0,2,4,0.0,4,7,1,1
9448,49.0,9,999,0,1.4,93.918,-42.7,4.961,5228.1,999.0,0,1.0,0.0,0.0,3,8,0.0,9,7,1,1
9449,31.0,1,999,0,1.1,93.994,-36.4,4.86,5191.0,999.0,0,0.0,0.0,1.0,1,4,0.0,4,5,1,1
9450,31.0,3,999,0,1.4,93.918,-42.7,4.958,5228.1,999.0,0,1.0,0.0,0.0,2,6,0.0,5,7,1,1
9451,31.0,2,999,0,-0.1,93.2,-42.0,4.191,5195.8,999.0,0,1.0,1.0,0.0,2,4,0.0,4,11,2,1
9452,29.0,4,999,0,1.4,94.465,-41.8,4.959,5228.1,999.0,0,1.0,0.0,1.0,2,8,0.0,6,6,1,1
9453,31.0,1,999,0,-1.8,93.075,-47.1,1.445,5099.1,999.0,0,1.0,0.0,0.0,3,6,0.0,5,4,1,1
9454,50.0,2,999,0,1.4,93.444,-36.1,4.963,5228.1,999.0,0,1.0,0.0,0.0,2,8,0.0,4,8,1,1
9455,44.0,3,999,0,1.4,93.918,-42.7,4.962,5228.1,999.0,0,0.0,0.0,0.0,2,5,0.0,6,7,1,1
9456,45.0,2,999,0,1.4,94.465,-41.8,4.865,5228.1,999.0,0,0.0,0.0,1.0,2,4,0.0,9,6,2,1
9457,43.0,1,999,0,1.1,93.994,-36.4,4.86,5191.0,999.0,0,0.0,0.0,1.0,2,4,0.0,6,5,1,1
9458,25.0,27,999,0,1.4,93.918,-42.7,4.968,5228.1,999.0,0,1.0,0.0,0.0,1,4,0.0,6,7,1,1
9459,31.0,11,999,0,1.4,93.444,-36.1,4.964,5228.1,999.0,0,1.0,0.0,1.0,2,8,0.0,3,8,1,1
9460,27.0,1,999,0,1.4,94.465,-41.8,4.864,5228.1,999.0,0,0.0,1.0,1.0,1,7,0.0,5,6,1,1
9461,30.0,26,999,0,1.4,93.918,-42.7,4.962,5228.1,999.0,0,1.0,0.0,0.0,2,8,0.0,9,7,1,1
9462,39.0,2,999,0,-1.8,93.075,-47.1,1.483,5099.1,999.0,0,0.0,0.0,0.0,2,6,0.0,5,4,1,1
9463,55.0,7,999,0,1.4,93.918,-42.7,4.962,5228.1,999.0,0,1.0,0.0,0.0,2,8,0.0,12,7,1,1
9464,49.0,2,999,0,1.4,93.444,-36.1,4.963,5228.1,999.0,0,0.0,0.0,0.0,2,8,0.0,9,8,2,1
9465,41.0,5,999,1,-1.8,93.075,-47.1,1.423,5099.1,999.0,2,1.0,0.0,0.0,2,6,0.0,5,4,1,2
9466,42.0,2,999,1,-1.8,92.893,-46.2,1.327,5099.1,999.0,2,1.0,0.0,0.0,2,6,0.0,9,5,1,2
9467,31.0,1,999,0,1.4,94.465,-41.8,4.967,5228.1,999.0,0,1.0,0.0,1.0,2,8,0.0,5,6,1,1
9468,29.0,6,999,1,-1.8,92.893,-46.2,1.244,5099.1,999.0,2,1.0,0.0,1.0,2,8,0.0,9,5,2,2
9469,57.0,3,999,0,1.4,94.465,-41.8,4.864,5228.1,999.0,0,1.0,0.0,1.0,2,8,0.0,4,6,1,1
9470,27.0,3,999,0,1.4,93.918,-42.7,4.962,5228.1,999.0,0,0.0,0.0,0.0,1,5,0.0,9,7,2,1
9471,31.0,1,999,0,-0.1,93.2,-42.0,4.153,5195.8,999.0,0,0.0,1.0,0.0,2,8,0.0,4,11,1,1
9472,37.0,1,999,0,1.4,93.918,-42.7,4.96,5228.1,999.0,0,0.0,0.0,1.0,1,3,0.0,4,7,2,1
9473,34.0,3,999,0,1.1,93.994,-36.4,4.857,5191.0,999.0,0,0.0,0.0,1.0,1,4,0.0,4,5,1,1
9474,35.0,1,999,0,1.1,93.994,-36.4,4.859,5191.0,999.0,0,0.0,1.0,1.0,1,8,0.0,6,5,1,1
9475,28.0,2,999,1,-1.8,92.893,-46.2,1.266,5099.1,999.0,2,1.0,0.0,0.0,2,8,0.0,4,5,1,2
9476,52.0,1,999,0,1.1,93.994,-36.4,4.855,5191.0,999.0,0,0.0,0.0,1.0,2,8,0.0,1,5,1,1
9477,31.0,2,999,0,-1.8,92.893,-46.2,1.244,5099.1,999.0,0,0.0,0.0,0.0,2,4,0.0,4,5,2,1
9478,27.0,3,999,0,1.4,93.918,-42.7,4.96,5228.1,999.0,0,1.0,1.0,0.0,1,4,0.0,4,7,2,1
9479,40.0,1,3,1,-3.4,92.431,-26.9,0.74,5017.5,0.1,2,1.0,0.0,0.0,2,6,0.0,9,10,1,3
9480,30.0,2,999,0,-2.9,92.469,-33.6,1.059,5076.2,999.0,0,0.0,0.0,0.0,2,8,0.0,6,7,1,1
9481,39.0,1,999,0,1.4,93.918,-42.7,4.962,5228.1,999.0,0,0.0,0.0,0.0,2,8,0.0,2,7,1,1
9482,57.0,2,999,1,-0.1,93.2,-42.0,4.021,5195.8,999.0,2,1.0,1.0,0.0,2,8,0.0,3,11,1,2
9483,40.0,5,999,0,1.4,94.465,-41.8,4.864,5228.1,999.0,0,0.0,0.0,1.0,2,4,0.0,4,6,1,1
9484,36.0,3,999,0,1.4,94.465,-41.8,4.864,5228.1,999.0,0,1.0,1.0,1.0,1,8,0.0,6,6,1,1
9485,31.0,2,999,0,1.1,93.994,-36.4,4.857,5191.0,999.0,0,0.0,0.0,1.0,2,8,0.0,6,5,2,1
9486,44.0,2,999,1,-1.8,93.749,-34.6,0.646,5008.7,999.0,2,0.0,0.0,1.0,2,8,0.0,3,4,1,2
9487,31.0,3,999,0,1.4,93.918,-42.7,4.968,5228.1,999.0,0,1.0,0.0,0.0,1,7,0.0,3,7,1,1
9488,30.0,3,999,0,-1.8,93.369,-34.8,0.646,5008.7,999.0,0,1.0,0.0,0.0,2,7,0.0,3,3,2,1
9489,50.0,1,999,0,1.4,94.465,-41.8,4.866,5228.1,999.0,0,0.0,0.0,1.0,2,8,0.0,4,6,1,1
9490,30.0,7,999,0,1.4,93.918,-42.7,4.961,5228.1,999.0,0,1.0,0.0,0.0,2,4,0.0,4,7,1,1
9491,34.0,1,999,0,1.4,93.918,-42.7,4.962,5228.1,999.0,0,0.0,0.0,0.0,2,5,0.0,6,7,1,1
9492,55.0,7,999,0,1.4,93.918,-42.7,4.962,5228.1,999.0,0,1.0,0.0,0.0,2,8,0.0,4,7,2,1
9493,38.0,1,999,0,1.1,93.994,-36.4,4.859,5191.0,999.0,0,1.0,0.0,1.0,2,6,0.0,5,5,1,1
9494,46.0,2,999,0,1.4,93.918,-42.7,4.962,5228.1,999.0,0,1.0,0.0,0.0,3,8,0.0,6,7,2,1
9495,30.0,4,999,0,1.4,93.444,-36.1,4.964,5228.1,999.0,0,0.0,0.0,1.0,2,7,0.0,6,8,1,1
9496,43.0,4,999,0,1.4,94.465,-41.8,4.958,5228.1,999.0,0,0.0,0.0,1.0,2,4,0.0,4,6,1,1
9497,29.0,1,999,0,1.4,93.918,-42.7,4.962,5228.1,999.0,0,1.0,0.0,0.0,2,5,0.0,7,7,1,1
9498,40.0,1,999,1,-1.8,93.075,-47.1,1.405,5099.1,999.0,4,0.0,0.0,0.0,1,3,0.0,4,4,1,2
9499,31.0,2,999,0,1.1,93.994,-36.4,4.857,5191.0,999.0,0,1.0,0.0,1.0,1,8,0.0,5,5,2,1
9500,31.0,1,999,1,-1.8,92.893,-46.2,1.313,5099.1,999.0,8,1.0,1.0,0.0,2,4,0.0,6,5,1,2
9501,35.0,3,999,1,-1.8,93.749,-34.6,0.663,5008.7,999.0,3,0.0,1.0,0.0,2,7,0.0,6,4,1,2
9502,31.0,3,999,0,1.1,93.994,-36.4,4.86,5191.0,999.0,0,1.0,0.0,1.0,2,8,0.0,5,5,1,1
9503,31.0,1,999,1,-1.8,92.893,-46.2,1.344,5099.1,999.0,2,1.0,0.0,0.0,2,8,0.0,5,5,1,2
9504,31.0,2,999,0,1.4,94.465,-41.8,4.959,5228.1,999.0,0,0.0,0.0,1.0,2,7,0.0,6,6,1,1
9505,31.0,2,999,1,-0.1,93.2,-42.0,4.12,5195.8,999.0,3,1.0,0.0,0.0,2,7,0.0,7,11,1,2
9506,27.0,1,999,1,-1.8,92.893,-46.2,1.299,5099.1,999.0,2,1.0,0.0,0.0,2,7,0.0,7,5,2,2
9507,29.0,1,999,0,-1.8,92.893,-46.2,1.244,5099.1,999.0,0,1.0,0.0,0.0,1,6,0.0,5,5,2,1
9508,35.0,1,999,0,1.1,93.994,-36.4,4.864,5191.0,999.0,0,0.0,0.0,1.0,1,8,0.0,3,5,1,1
9509,36.0,2,999,0,-1.8,92.843,-50.0,1.538,5099.1,999.0,0,1.0,0.0,0.0,2,7,0.0,3,3,1,1
9510,39.0,1,999,0,1.4,93.918,-42.7,4.962,5228.1,999.0,0,0.0,0.0,0.0,2,4,0.0,6,7,1,1
9511,25.0,5,999,0,1.4,93.918,-42.7,4.962,5228.1,999.0,0,1.0,1.0,0.0,1,8,0.0,3,7,1,1
9512,48.0,1,999,0,-1.8,92.893,-46.2,1.299,5099.1,999.0,0,0.0,0.0,0.0,3,8,0.0,6,5,2,1
9513,26.0,6,999,0,1.4,93.918,-42.7,4.962,5228.1,999.0,0,0.0,0.0,0.0,1,6,0.0,4,7,1,1
9514,25.0,1,999,0,1.1,93.994,-36.4,4.858,5191.0,999.0,0,1.0,0.0,1.0,1,2,0.0,4,5,1,1
9515,31.0,31,999,0,1.4,93.918,-42.7,4.96,5228.1,999.0,0,1.0,0.0,1.0,1,4,0.0,4,7,2,1
9516,33.0,1,999,0,1.4,93.444,-36.1,4.964,5228.1,999.0,0,0.0,0.0,0.0,1,8,0.0,6,8,1,1
9517,43.0,2,999,0,-0.1,93.2,-42.0,4.12,5195.8,999.0,0,0.0,0.0,0.0,2,7,0.0,6,11,1,1
9518,36.0,3,999,0,1.4,94.465,-41.8,4.959,5228.1,999.0,0,1.0,0.0,1.0,2,7,0.0,6,6,1,1
9519,31.0,5,10,2,-1.8,92.843,-50.0,1.64,5099.1,0.333333333333,4,0.0,0.0,0.0,1,5,0.0,11,3,1,2
9520,31.0,1,999,0,1.4,93.444,-36.1,4.968,5228.1,999.0,0,0.0,0.0,0.0,2,2,0.0,4,8,1,1
9521,36.0,7,999,0,-1.8,93.075,-47.1,1.415,5099.1,999.0,0,1.0,0.0,0.0,2,2,0.0,2,4,1,1
9522,37.0,4,999,1,-1.8,92.893,-46.2,1.291,5099.1,999.0,2,1.0,0.0,0.0,2,5,0.0,6,5,1,2
9523,31.0,1,999,0,1.4,93.444,-36.1,4.965,5228.1,999.0,0,1.0,0.0,0.0,1,7,0.0,5,8,2,1
9524,29.0,4,999,0,1.1,93.994,-36.4,4.857,5191.0,999.0,0,1.0,0.0,1.0,2,7,0.0,5,5,2,1
9525,57.0,1,999,0,1.4,93.918,-42.7,4.962,5228.1,999.0,0,1.0,0.0,0.0,2,2,0.0,6,7,1,1
9526,31.0,1,999,0,1.1,93.994,-36.4,4.855,5191.0,999.0,0,1.0,0.0,1.0,1,7,0.0,1,5,1,1
9527,28.0,8,999,0,1.4,93.918,-42.7,4.963,5228.1,999.0,0,1.0,1.0,1.0,2,8,0.0,9,7,1,1
9528,33.0,1,999,0,1.1,93.994,-36.4,4.857,5191.0,999.0,0,1.0,0.0,1.0,2,8,0.0,6,5,1,1
9529,42.0,3,999,0,1.1,93.994,-36.4,4.857,5191.0,999.0,0,1.0,0.0,1.0,2,4,0.0,5,5,1,1
9530,34.0,1,999,0,-1.8,92.893,-46.2,1.281,5099.1,999.0,0,0.0,1.0,0.0,1,8,0.0,3,5,1,1
9531,42.0,2,999,0,1.1,93.994,-36.4,4.857,5191.0,999.0,0,1.0,1.0,1.0,2,4,0.0,10,5,1,1
9532,31.0,3,999,0,1.4,93.444,-36.1,4.963,5228.1,999.0,0,1.0,0.0,0.0,3,7,0.0,5,8,1,1
9533,49.0,1,999,0,1.4,93.918,-42.7,4.96,5228.1,999.0,0,1.0,0.0,0.0,2,7,0.0,3,7,2,1
9534,31.0,1,999,1,-0.1,93.2,-42.0,4.12,5195.8,999.0,2,1.0,0.0,0.0,2,5,0.0,9,11,1,2
9535,50.0,8,999,0,-1.8,92.893,-46.2,1.25,5099.1,999.0,0,0.0,1.0,0.0,1,8,0.0,6,5,1,1
9536,28.0,2,999,0,-1.8,92.893,-46.2,1.25,5099.1,999.0,0,1.0,0.0,0.0,2,4,0.0,7,5,1,1
9537,52.0,4,999,0,1.4,93.444,-36.1,4.965,5228.1,999.0,0,1.0,0.0,0.0,2,2,0.0,4,8,2,1
9538,39.0,3,999,0,1.1,93.994,-36.4,4.857,5191.0,999.0,0,1.0,0.0,1.0,2,5,0.0,6,5,1,1
9539,31.0,2,999,1,-1.8,93.749,-34.6,0.644,5008.7,999.0,1,1.0,0.0,0.0,3,5,0.0,8,4,1,2
9540,30.0,2,999,0,1.4,94.465,-41.8,4.96,5228.1,999.0,0,0.0,0.0,1.0,3,6,0.0,5,6,2,1
9541,47.0,1,999,0,1.1,93.994,-36.4,4.864,5191.0,999.0,0,1.0,0.0,1.0,2,8,0.0,1,5,1,1
9542,31.0,2,999,1,-1.8,92.893,-46.2,1.281,5099.1,999.0,0,0.0,0.0,0.0,1,8,0.0,6,5,1,2
9543,27.0,3,999,1,-3.4,92.649,-30.1,0.72,5017.5,999.0,2,0.0,1.0,0.0,2,5,0.0,10,11,1,2
9544,49.0,1,999,0,-0.1,93.2,-42.0,4.153,5195.8,999.0,0,1.0,0.0,0.0,2,7,0.0,3,11,1,1
9545,31.0,1,999,0,1.4,93.444,-36.1,4.965,5228.1,999.0,0,1.0,0.0,0.0,2,4,0.0,2,8,2,1
9546,31.0,1,999,0,-1.7,94.215,-40.3,0.793,4991.6,999.0,0,1.0,1.0,1.0,2,7,0.0,5,7,1,1
9547,32.0,1,999,0,-0.1,93.2,-42.0,4.076,5195.8,999.0,0,1.0,0.0,0.0,2,5,0.0,10,11,1,1
9548,51.0,1,13,1,-2.9,92.469,-33.6,1.085,5076.2,0.433333333333,4,0.0,0.0,0.0,2,8,0.0,8,7,1,3
9549,31.0,4,999,0,1.1,93.994,-36.4,4.86,5191.0,999.0,0,1.0,0.0,1.0,2,8,0.0,6,5,1,1
9550,37.0,1,999,0,1.4,93.918,-42.7,4.962,5228.1,999.0,0,1.0,1.0,0.0,1,2,0.0,4,7,1,1
9551,49.0,2,999,0,1.1,93.994,-36.4,4.857,5191.0,999.0,0,0.0,0.0,1.0,2,4,0.0,4,5,1,1
9552,52.0,2,999,0,-0.1,93.2,-42.0,4.076,5195.8,999.0,0,1.0,0.0,0.0,2,8,0.0,3,11,1,1
9553,31.0,2,999,4,-1.7,94.027,-38.3,0.899,4991.6,999.0,4,1.0,0.0,0.0,1,8,0.0,5,8,1,2
9554,35.0,1,999,0,-1.8,92.893,-46.2,1.281,5099.1,999.0,0,1.0,0.0,0.0,1,5,0.0,1,5,1,1
9555,31.0,5,999,0,1.4,93.918,-42.7,4.961,5228.1,999.0,0,0.0,0.0,0.0,2,7,0.0,6,7,1,1
9556,31.0,2,999,1,-0.1,93.2,-42.0,4.076,5195.8,999.0,3,1.0,0.0,0.0,2,8,0.0,3,11,1,2
9557,31.0,3,999,0,-1.8,92.843,-50.0,1.687,5099.1,999.0,0,1.0,1.0,0.0,2,7,0.0,6,3,1,1
9558,31.0,3,999,0,1.4,93.918,-42.7,4.955,5228.1,999.0,0,1.0,0.0,1.0,2,2,0.0,4,7,1,1
9559,38.0,1,999,0,1.4,94.465,-41.8,4.958,5228.1,999.0,0,0.0,0.0,1.0,2,4,0.0,4,6,1,1
9560,34.0,2,999,1,-1.8,93.075,-47.1,1.405,5099.1,999.0,2,0.0,0.0,0.0,2,6,0.0,5,4,1,2
9561,43.0,3,999,0,1.4,93.918,-42.7,4.962,5228.1,999.0,0,0.0,0.0,0.0,2,4,0.0,6,7,1,1
9562,52.0,1,999,0,1.4,93.444,-36.1,4.963,5228.1,999.0,0,1.0,0.0,0.0,2,8,0.0,6,8,1,1
9563,31.0,1,999,0,1.4,94.465,-41.8,4.958,5228.1,999.0,0,0.0,0.0,1.0,3,2,0.0,4,6,1,1
9564,55.0,4,999,0,1.1,93.994,-36.4,4.855,5191.0,999.0,0,1.0,0.0,1.0,3,7,0.0,6,5,1,1
9565,31.0,2,999,0,-1.8,92.893,-46.2,1.281,5099.1,999.0,0,1.0,0.0,0.0,2,4,0.0,7,5,1,1
9566,52.0,1,999,2,-1.8,93.075,-47.1,1.415,5099.1,999.0,8,1.0,0.0,0.0,2,7,0.0,7,4,1,2
9567,29.0,1,999,1,-0.1,93.2,-42.0,4.021,5195.8,999.0,1,1.0,0.0,0.0,1,5,0.0,9,11,1,2
9568,69.0,1,5,1,-3.4,92.379,-29.8,0.781,5017.5,0.166666666667,1,1.0,0.0,0.0,2,4,0.0,8,9,1,3
9569,31.0,1,999,0,-0.1,93.2,-42.0,4.191,5195.8,999.0,0,1.0,0.0,0.0,1,7,0.0,6,11,2,1
9570,31.0,4,999,1,-1.8,92.893,-46.2,1.313,5099.1,999.0,1,1.0,1.0,1.0,2,5,0.0,9,5,1,2
9571,31.0,2,999,0,1.1,93.994,-36.4,4.86,5191.0,999.0,0,1.0,0.0,1.0,2,8,0.0,4,5,1,1
9572,45.0,2,999,0,1.4,93.444,-36.1,4.965,5228.1,999.0,0,0.0,0.0,0.0,2,8,0.0,3,8,2,1
9573,26.0,1,999,0,1.4,93.918,-42.7,4.957,5228.1,999.0,0,0.0,0.0,0.0,1,5,0.0,4,7,1,1
9574,31.0,1,999,0,1.4,94.465,-41.8,4.958,5228.1,999.0,0,1.0,1.0,1.0,2,7,0.0,7,6,1,1
9575,28.0,6,999,0,1.4,94.465,-41.8,4.961,5228.1,999.0,0,0.0,0.0,1.0,2,5,0.0,3,6,1,1
9576,52.0,2,999,0,1.4,93.444,-36.1,4.965,5228.1,999.0,0,0.0,0.0,0.0,3,8,0.0,6,8,1,1
9577,38.0,1,999,0,1.4,94.465,-41.8,4.959,5228.1,999.0,0,0.0,0.0,1.0,1,8,0.0,6,6,1,1
9578,31.0,1,999,0,-2.9,92.963,-40.8,1.262,5076.2,999.0,0,1.0,1.0,0.0,2,6,0.0,12,6,1,1
9579,55.0,1,999,0,1.4,93.918,-42.7,4.96,5228.1,999.0,0,1.0,0.0,0.0,2,2,0.0,4,7,2,1
9580,31.0,3,999,0,1.1,93.994,-36.4,4.86,5191.0,999.0,0,0.0,1.0,1.0,1,5,0.0,6,5,1,1
9581,19.0,5,999,0,-1.8,93.075,-47.1,1.405,5099.1,999.0,0,0.0,0.0,0.0,1,8,0.0,11,4,1,1
9582,45.0,2,999,0,1.1,93.994,-36.4,4.856,5191.0,999.0,0,0.0,0.0,1.0,2,4,0.0,4,5,1,1
9583,59.0,2,999,0,1.4,93.444,-36.1,4.964,5228.1,999.0,0,1.0,0.0,0.0,2,4,0.0,4,8,1,1
9584,34.0,4,999,0,1.4,93.918,-42.7,4.958,5228.1,999.0,0,1.0,0.0,0.0,2,6,0.0,7,7,1,1
9585,48.0,2,999,0,-0.1,93.2,-42.0,4.12,5195.8,999.0,0,1.0,0.0,0.0,1,8,0.0,6,11,1,1
9586,41.0,1,999,0,-1.8,93.075,-47.1,1.405,5099.1,999.0,0,1.0,0.0,0.0,1,7,0.0,6,4,2,1
9587,47.0,1,999,0,1.1,93.994,-36.4,4.86,5191.0,999.0,0,1.0,0.0,1.0,3,8,0.0,9,5,1,1
9588,31.0,1,999,0,-1.8,92.893,-46.2,1.281,5099.1,999.0,0,0.0,0.0,0.0,3,7,0.0,6,5,1,1
9589,44.0,1,999,0,1.4,93.444,-36.1,4.965,5228.1,999.0,0,1.0,1.0,0.0,2,5,0.0,6,8,2,1
9590,34.0,3,999,0,1.4,94.465,-41.8,4.959,5228.1,999.0,0,1.0,0.0,1.0,2,8,0.0,3,6,1,1
9591,31.0,2,999,0,1.1,93.994,-36.4,4.857,5191.0,999.0,0,1.0,0.0,1.0,1,4,0.0,4,5,1,1
9592,31.0,2,999,1,-1.1,94.601,-49.5,0.987,4963.6,999.0,3,0.0,1.0,0.0,2,5,0.0,6,10,1,2
9593,65.0,2,999,0,-2.9,92.963,-40.8,1.266,5076.2,999.0,0,0.0,0.0,0.0,2,2,0.0,2,6,2,1
9594,31.0,1,3,1,-3.4,92.379,-29.8,0.803,5017.5,0.1,3,1.0,0.0,0.0,2,8,0.0,4,9,1,3
9595,31.0,5,999,0,1.1,93.994,-36.4,4.857,5191.0,999.0,0,1.0,1.0,1.0,2,8,0.0,2,5,1,1
9596,54.0,2,999,0,1.1,93.994,-36.4,4.857,5191.0,999.0,0,1.0,0.0,1.0,2,5,0.0,8,5,1,1
9597,31.0,1,999,0,-0.1,93.2,-42.0,4.191,5195.8,999.0,0,1.0,0.0,1.0,2,7,0.0,1,11,1,1
9598,33.0,6,999,0,-1.8,92.893,-46.2,1.299,5099.1,999.0,0,1.0,1.0,0.0,2,4,0.0,10,5,2,1
9599,57.0,3,999,0,1.1,93.994,-36.4,4.857,5191.0,999.0,0,1.0,0.0,1.0,2,8,0.0,3,5,2,1
9600,43.0,5,999,0,1.4,93.918,-42.7,4.962,5228.1,999.0,0,1.0,1.0,0.0,2,3,0.0,9,7,2,1
9601,55.0,2,999,0,-1.8,92.893,-46.2,1.327,5099.1,999.0,0,0.0,0.0,0.0,3,7,0.0,10,5,1,1
9602,37.0,6,999,0,1.4,93.444,-36.1,4.963,5228.1,999.0,0,0.0,1.0,0.0,1,8,0.0,6,8,2,1
9603,40.0,1,999,1,-1.8,92.893,-46.2,1.266,5099.1,999.0,1,0.0,0.0,0.0,3,5,0.0,9,5,1,2
9604,31.0,2,999,0,1.4,94.465,-41.8,4.955,5228.1,999.0,0,0.0,0.0,1.0,2,2,0.0,9,6,1,1
9605,31.0,2,999,0,1.1,93.994,-36.4,4.858,5191.0,999.0,0,0.0,0.0,1.0,2,7,0.0,1,5,1,1
9606,31.0,1,999,0,-0.1,93.2,-42.0,4.191,5195.8,999.0,0,1.0,0.0,0.0,3,7,0.0,1,11,2,1
9607,31.0,1,999,0,-0.1,93.2,-42.0,4.021,5195.8,999.0,0,0.0,0.0,0.0,2,2,0.0,5,11,1,1
9608,37.0,1,999,3,-1.1,94.767,-50.8,1.05,4963.6,999.0,6,0.0,0.0,0.0,2,7,0.0,5,11,2,2
9609,44.0,1,999,1,-1.8,93.075,-47.1,1.41,5099.1,999.0,1,1.0,0.0,0.0,3,8,0.0,7,4,1,2
9610,56.0,3,999,0,1.4,93.444,-36.1,4.965,5228.1,999.0,0,0.0,0.0,0.0,2,8,0.0,4,8,2,1
9611,31.0,1,999,0,-0.1,93.2,-42.0,4.191,5195.8,999.0,0,0.0,0.0,0.0,2,7,0.0,3,11,2,1
9612,64.0,1,999,0,-2.9,92.201,-31.4,0.873,5076.2,999.0,0,1.0,1.0,0.0,2,8,0.0,12,8,1,1
9613,31.0,1,999,1,-1.8,93.075,-47.1,1.405,5099.1,999.0,1,1.0,0.0,0.0,3,6,0.0,5,4,2,2
9614,43.0,4,999,0,-0.1,93.2,-42.0,4.076,5195.8,999.0,0,1.0,0.0,1.0,2,8,0.0,5,11,1,1
9615,34.0,1,999,0,-1.8,93.075,-47.1,1.405,5099.1,999.0,0,1.0,0.0,0.0,2,4,0.0,6,4,2,1
9616,60.0,1,999,0,1.1,93.994,-36.4,4.855,5191.0,999.0,0,1.0,0.0,1.0,2,2,0.0,7,5,1,1
9617,26.0,1,999,0,1.4,94.465,-41.8,4.864,5228.1,999.0,0,1.0,0.0,1.0,1,8,0.0,3,6,1,1
9618,46.0,1,999,1,-1.8,92.893,-46.2,1.299,5099.1,999.0,0,1.0,0.0,0.0,2,7,0.0,5,5,2,2
9619,31.0,21,999,0,1.4,94.465,-41.8,4.96,5228.1,999.0,0,0.0,0.0,1.0,2,8,0.0,4,6,2,1
9620,59.0,1,999,0,1.4,94.465,-41.8,4.866,5228.1,999.0,0,1.0,0.0,1.0,2,5,0.0,8,6,1,1
9621,30.0,4,999,1,-1.8,93.749,-34.6,0.663,5008.7,999.0,3,1.0,0.0,0.0,2,8,0.0,3,4,1,2
9622,31.0,1,999,0,1.4,93.918,-42.7,4.963,5228.1,999.0,0,0.0,0.0,0.0,2,4,0.0,1,7,1,1
9623,32.0,9,999,0,1.4,93.444,-36.1,4.963,5228.1,999.0,0,0.0,0.0,0.0,2,2,0.0,2,8,1,1
9624,30.0,1,999,0,-1.8,93.075,-47.1,1.41,5099.1,999.0,0,1.0,0.0,0.0,2,5,0.0,6,4,1,1
9625,27.0,2,999,0,1.4,94.465,-41.8,4.866,5228.1,999.0,0,0.0,1.0,1.0,1,4,0.0,4,6,1,1
9626,29.0,1,999,0,1.4,94.465,-41.8,4.864,5228.1,999.0,0,0.0,0.0,1.0,1,7,0.0,3,6,1,1
9627,54.0,7,999,0,1.1,93.994,-36.4,4.856,5191.0,999.0,0,0.0,0.0,1.0,2,7,0.0,6,5,1,1
9628,56.0,6,999,0,1.4,93.918,-42.7,4.962,5228.1,999.0,0,0.0,0.0,0.0,3,5,0.0,9,7,2,1
9629,32.0,2,999,0,-1.8,92.893,-46.2,1.25,5099.1,999.0,0,0.0,0.0,0.0,1,5,0.0,6,5,1,1
9630,48.0,7,999,0,1.4,93.918,-42.7,4.962,5228.1,999.0,0,1.0,1.0,0.0,1,8,0.0,6,7,2,1
9631,32.0,2,999,1,-3.4,92.649,-30.1,0.714,5017.5,999.0,1,1.0,0.0,1.0,1,7,0.0,6,11,1,2
9632,34.0,3,999,0,-1.8,92.893,-46.2,1.266,5099.1,999.0,0,0.0,0.0,0.0,1,8,0.0,4,5,1,1
9633,43.0,20,999,0,1.4,93.918,-42.7,4.962,5228.1,999.0,0,1.0,0.0,0.0,1,8,0.0,6,7,2,1
9634,34.0,9,999,0,1.1,93.994,-36.4,4.858,5191.0,999.0,0,1.0,1.0,1.0,2,8,0.0,6,5,1,1
9635,31.0,2,999,0,1.4,93.918,-42.7,4.957,5228.1,999.0,0,1.0,0.0,0.0,1,8,0.0,4,7,1,1
9636,31.0,2,999,0,1.4,93.444,-36.1,4.964,5228.1,999.0,0,0.0,0.0,0.0,1,8,0.0,5,8,1,1
9637,38.0,1,999,0,1.4,93.918,-42.7,4.963,5228.1,999.0,0,0.0,0.0,1.0,2,5,0.0,2,7,1,1
9638,31.0,2,999,1,-1.8,93.075,-47.1,1.365,5099.1,999.0,4,0.0,0.0,0.0,3,8,0.0,5,4,1,2
9639,49.0,1,999,1,-1.8,92.893,-46.2,1.344,5099.1,999.0,1,0.0,0.0,0.0,2,5,0.0,6,5,1,2
9640,31.0,2,999,0,1.1,93.994,-36.4,4.856,5191.0,999.0,0,0.0,0.0,1.0,2,8,0.0,6,5,1,1
9641,35.0,3,999,0,1.4,94.465,-41.8,4.959,5228.1,999.0,0,0.0,0.0,1.0,2,4,0.0,4,6,1,1
9642,38.0,2,999,0,-0.1,93.2,-42.0,4.12,5195.8,999.0,0,0.0,0.0,0.0,2,3,0.0,2,11,1,1
9643,30.0,2,999,0,1.4,93.444,-36.1,4.965,5228.1,999.0,0,0.0,0.0,0.0,2,7,0.0,6,8,1,1
9644,54.0,1,999,0,-1.8,93.075,-47.1,1.405,5099.1,999.0,0,1.0,1.0,0.0,2,4,0.0,7,4,1,1
9645,33.0,2,999,0,-1.8,92.893,-46.2,1.313,5099.1,999.0,0,1.0,0.0,0.0,2,7,0.0,6,5,1,1
9646,31.0,2,999,0,1.1,93.994,-36.4,4.857,5191.0,999.0,0,1.0,0.0,1.0,1,5,0.0,9,5,1,1
9647,31.0,1,999,0,-1.8,92.893,-46.2,1.313,5099.1,999.0,0,1.0,0.0,0.0,1,6,0.0,5,5,1,1
9648,55.0,1,999,0,1.4,94.465,-41.8,4.958,5228.1,999.0,0,0.0,0.0,1.0,2,2,0.0,4,6,1,1
9649,31.0,2,999,0,1.1,93.994,-36.4,4.857,5191.0,999.0,0,1.0,0.0,1.0,2,2,0.0,8,5,1,1
9650,36.0,1,999,0,1.1,93.994,-36.4,4.859,5191.0,999.0,0,0.0,1.0,1.0,2,6,0.0,5,5,1,1
9651,29.0,2,999,1,-0.1,93.2,-42.0,4.076,5195.8,999.0,1,1.0,0.0,0.0,1,7,0.0,6,11,1,2
9652,32.0,2,999,0,1.4,93.918,-42.7,4.962,5228.1,999.0,0,0.0,1.0,0.0,2,8,0.0,4,7,2,1
9653,57.0,3,999,0,-0.1,93.2,-42.0,4.021,5195.8,999.0,0,0.0,0.0,0.0,2,2,0.0,2,11,1,1
9654,22.0,2,999,0,-2.9,92.963,-40.8,1.26,5076.2,999.0,0,1.0,0.0,1.0,1,5,0.0,9,6,2,1
9655,32.0,1,999,0,-2.9,92.469,-33.6,1.029,5076.2,999.0,0,1.0,0.0,0.0,1,6,0.0,6,7,1,1
9656,31.0,1,999,0,1.4,93.444,-36.1,4.964,5228.1,999.0,0,1.0,0.0,0.0,2,7,0.0,5,8,1,1
9657,31.0,9,999,0,-1.8,92.893,-46.2,1.244,5099.1,999.0,0,1.0,0.0,1.0,1,5,0.0,11,5,2,1
9658,54.0,2,10,4,-1.1,94.767,-50.8,1.041,4963.6,0.333333333333,16,1.0,0.0,1.0,2,6,0.0,10,11,1,2
9659,31.0,2,999,0,1.1,93.994,-36.4,4.86,5191.0,999.0,0,1.0,0.0,1.0,3,8,0.0,1,5,1,1
9660,39.0,1,999,0,1.4,93.918,-42.7,4.958,5228.1,999.0,0,1.0,0.0,0.0,2,2,0.0,4,7,1,1
9661,31.0,1,999,0,-1.8,93.075,-47.1,1.365,5099.1,999.0,0,0.0,0.0,0.0,2,7,0.0,7,4,1,1
9662,28.0,1,999,1,-1.8,92.893,-46.2,1.266,5099.1,999.0,2,0.0,0.0,0.0,2,4,0.0,4,5,1,2
9663,43.0,1,999,0,1.4,94.465,-41.8,4.866,5228.1,999.0,0,0.0,0.0,1.0,1,6,0.0,4,6,1,1
9664,61.0,1,999,1,-1.8,93.749,-34.6,0.638,5008.7,999.0,2,1.0,0.0,0.0,2,8,0.0,6,4,1,2
9665,35.0,8,999,0,1.1,93.994,-36.4,4.859,5191.0,999.0,0,0.0,0.0,1.0,2,6,0.0,5,5,1,1
9666,31.0,3,999,0,-1.8,92.893,-46.2,1.25,5099.1,999.0,0,1.0,0.0,0.0,1,8,0.0,4,5,1,1
9667,56.0,2,999,0,-0.1,93.2,-42.0,4.076,5195.8,999.0,0,0.0,0.0,0.0,2,6,0.0,5,11,1,1
9668,31.0,1,999,0,-2.9,92.201,-31.4,0.838,5076.2,999.0,0,0.0,0.0,0.0,2,8,0.0,2,8,1,1
9669,38.0,1,999,0,-0.1,93.2,-42.0,4.191,5195.8,999.0,0,1.0,0.0,0.0,2,4,0.0,7,11,2,1
9670,58.0,6,999,0,1.4,93.444,-36.1,4.965,5228.1,999.0,0,0.0,0.0,0.0,2,2,0.0,8,8,1,1
9671,30.0,1,999,0,1.4,93.444,-36.1,4.964,5228.1,999.0,0,0.0,0.0,0.0,1,7,0.0,5,8,1,1
9672,35.0,2,999,0,1.4,94.465,-41.8,4.865,5228.1,999.0,0,1.0,0.0,1.0,1,8,0.0,6,6,1,1
9673,40.0,1,999,0,-0.1,93.2,-42.0,4.12,5195.8,999.0,0,0.0,0.0,1.0,2,4,0.0,5,11,1,1
9674,31.0,1,999,0,-1.8,92.893,-46.2,1.299,5099.1,999.0,0,0.0,0.0,0.0,2,4,0.0,4,5,2,1
9675,32.0,2,999,0,1.4,93.918,-42.7,4.96,5228.1,999.0,0,1.0,1.0,0.0,2,2,0.0,4,7,2,1
9676,31.0,2,999,0,1.4,93.444,-36.1,4.966,5228.1,999.0,0,0.0,0.0,0.0,2,8,0.0,1,8,1,1
9677,31.0,2,999,0,-0.1,93.2,-42.0,4.076,5195.8,999.0,0,1.0,0.0,0.0,1,8,0.0,9,11,1,1
9678,28.0,2,999,0,-1.8,92.843,-50.0,1.811,5099.1,999.0,0,0.0,0.0,0.0,1,7,0.0,5,3,2,1
9679,31.0,2,999,0,1.4,94.465,-41.8,4.865,5228.1,999.0,0,0.0,1.0,1.0,2,5,0.0,6,6,2,1
9680,25.0,1,999,0,1.4,93.918,-42.7,4.963,5228.1,999.0,0,1.0,0.0,0.0,1,5,0.0,9,7,1,1
9681,31.0,3,999,0,1.1,93.994,-36.4,4.855,5191.0,999.0,0,1.0,1.0,1.0,1,8,0.0,9,5,1,1
9682,28.0,2,999,0,1.4,94.465,-41.8,4.96,5228.1,999.0,0,1.0,0.0,1.0,2,8,0.0,6,6,2,1
9683,22.0,1,999,0,1.4,93.918,-42.7,4.962,5228.1,999.0,0,1.0,0.0,0.0,2,4,0.0,4,7,1,1
9684,51.0,2,999,0,1.4,93.918,-42.7,4.962,5228.1,999.0,0,1.0,0.0,0.0,2,2,0.0,4,7,1,1
9685,54.0,1,999,0,-0.1,93.2,-42.0,4.153,5195.8,999.0,0,0.0,0.0,0.0,1,8,0.0,6,11,1,1
9686,31.0,2,999,0,-0.1,93.2,-42.0,4.076,5195.8,999.0,0,1.0,0.0,0.0,1,8,0.0,6,11,1,1
9687,28.0,1,999,0,1.4,94.465,-41.8,4.864,5228.1,999.0,0,0.0,0.0,1.0,1,7,0.0,3,6,1,1
9688,30.0,1,999,0,1.4,94.465,-41.8,4.96,5228.1,999.0,0,1.0,1.0,1.0,2,7,0.0,5,6,2,1
9689,31.0,1,999,0,-2.9,92.963,-40.8,1.26,5076.2,999.0,0,1.0,0.0,1.0,2,8,0.0,8,6,1,1
9690,27.0,4,999,0,-1.8,92.843,-50.0,1.65,5099.1,999.0,0,1.0,0.0,0.0,1,5,0.0,11,3,1,1
9691,31.0,6,999,0,1.4,93.444,-36.1,4.963,5228.1,999.0,0,1.0,0.0,0.0,2,7,0.0,1,8,2,1
9692,42.0,1,999,0,-0.1,93.2,-42.0,4.191,5195.8,999.0,0,0.0,0.0,0.0,2,4,0.0,5,11,2,1
9693,33.0,2,999,0,-1.7,94.055,-39.8,0.761,4991.6,999.0,0,0.0,0.0,1.0,2,7,0.0,6,6,1,1
9694,31.0,4,999,0,1.4,94.465,-41.8,4.959,5228.1,999.0,0,1.0,0.0,1.0,3,5,0.0,3,6,1,1
9695,37.0,2,999,0,-1.8,92.893,-46.2,1.299,5099.1,999.0,0,1.0,0.0,0.0,2,3,0.0,4,5,2,1
9696,31.0,5,999,0,1.4,93.444,-36.1,4.964,5228.1,999.0,0,1.0,1.0,0.0,2,2,0.0,1,8,1,1
9697,54.0,4,999,0,-1.7,94.215,-40.3,0.846,4991.6,999.0,0,1.0,0.0,0.0,1,2,0.0,8,7,1,1
9698,45.0,1,999,0,1.1,93.994,-36.4,4.859,5191.0,999.0,0,1.0,1.0,1.0,2,7,0.0,7,5,1,1
9699,38.0,1,999,0,1.4,94.465,-41.8,4.864,5228.1,999.0,0,1.0,0.0,1.0,2,3,0.0,4,6,1,1
9700,37.0,3,999,0,1.4,93.918,-42.7,4.961,5228.1,999.0,0,1.0,0.0,0.0,1,7,0.0,3,7,1,1
9701,39.0,2,999,1,-1.8,93.075,-47.1,1.405,5099.1,999.0,3,1.0,1.0,0.0,2,8,0.0,6,4,1,2
9702,31.0,2,999,0,1.4,94.465,-41.8,4.961,5228.1,999.0,0,1.0,0.0,1.0,2,7,0.0,3,6,1,1
9703,40.0,6,999,0,1.4,93.918,-42.7,4.961,5228.1,999.0,0,1.0,0.0,0.0,3,8,0.0,4,7,1,1
9704,57.0,2,999,0,1.4,93.444,-36.1,4.965,5228.1,999.0,0,1.0,0.0,0.0,2,4,0.0,4,8,1,1
9705,46.0,3,999,0,1.4,93.918,-42.7,4.96,5228.1,999.0,0,1.0,0.0,0.0,2,5,0.0,9,7,2,1
9706,31.0,12,999,0,1.4,93.918,-42.7,4.962,5228.1,999.0,0,0.0,0.0,0.0,2,7,0.0,6,7,2,1
9707,31.0,1,999,1,-0.1,93.2,-42.0,4.12,5195.8,999.0,1,1.0,0.0,0.0,1,5,0.0,4,11,1,2
9708,35.0,2,999,0,-0.1,93.2,-42.0,4.153,5195.8,999.0,0,1.0,0.0,0.0,1,6,0.0,9,11,1,1
9709,36.0,7,999,0,1.4,93.918,-42.7,4.968,5228.1,999.0,0,1.0,0.0,0.0,1,8,0.0,6,7,1,1
9710,33.0,7,999,0,1.1,93.994,-36.4,4.855,5191.0,999.0,0,0.0,0.0,1.0,1,3,0.0,9,5,1,1
9711,41.0,2,999,0,1.1,93.994,-36.4,4.857,5191.0,999.0,0,0.0,0.0,1.0,1,6,0.0,5,5,1,1
9712,34.0,2,999,0,1.1,93.994,-36.4,4.856,5191.0,999.0,0,0.0,0.0,1.0,2,2,0.0,7,5,1,1
9713,32.0,1,999,0,1.4,94.465,-41.8,4.864,5228.1,999.0,0,1.0,1.0,1.0,2,8,0.0,6,6,1,1
9714,31.0,2,999,0,1.1,93.994,-36.4,4.86,5191.0,999.0,0,1.0,0.0,1.0,1,5,0.0,4,5,1,1
9715,26.0,1,999,0,-1.8,92.843,-50.0,1.799,5099.1,999.0,0,0.0,0.0,0.0,1,4,0.0,12,3,1,1
9716,40.0,3,999,0,1.4,93.918,-42.7,4.959,5228.1,999.0,0,0.0,0.0,1.0,2,4,0.0,4,7,1,1
9717,29.0,5,999,0,-1.8,92.893,-46.2,1.266,5099.1,999.0,0,1.0,1.0,0.0,2,8,0.0,4,5,1,1
9718,26.0,1,999,0,-2.9,92.201,-31.4,0.854,5076.2,999.0,0,1.0,0.0,1.0,1,8,0.0,6,8,1,1
9719,31.0,2,999,0,-1.8,92.893,-46.2,1.266,5099.1,999.0,0,1.0,0.0,0.0,2,8,0.0,1,5,1,1
9720,34.0,2,999,0,1.4,93.918,-42.7,4.962,5228.1,999.0,0,0.0,1.0,0.0,2,7,0.0,6,7,1,1
9721,31.0,3,999,0,1.1,93.994,-36.4,4.86,5191.0,999.0,0,1.0,0.0,1.0,2,5,0.0,6,5,1,1
9722,39.0,1,999,0,1.4,94.465,-41.8,4.961,5228.1,999.0,0,0.0,0.0,1.0,2,4,0.0,1,6,2,1
9723,44.0,5,999,0,-1.8,92.893,-46.2,1.327,5099.1,999.0,0,1.0,1.0,0.0,2,2,0.0,4,5,1,1
9724,31.0,1,999,0,1.4,94.465,-41.8,4.961,5228.1,999.0,0,0.0,0.0,1.0,2,7,0.0,5,6,1,1
9725,35.0,1,999,0,1.4,93.918,-42.7,4.963,5228.1,999.0,0,1.0,0.0,0.0,2,4,0.0,4,7,1,1
9726,33.0,2,999,0,1.1,93.994,-36.4,4.857,5191.0,999.0,0,0.0,1.0,1.0,2,4,0.0,4,5,1,1
9727,33.0,2,999,1,-1.8,92.893,-46.2,1.334,5099.1,999.0,4,1.0,0.0,0.0,1,4,0.0,4,5,1,2
9728,56.0,1,999,0,1.4,93.918,-42.7,4.968,5228.1,999.0,0,1.0,0.0,0.0,2,8,0.0,3,7,1,1
9729,35.0,1,999,0,-1.8,92.893,-46.2,1.313,5099.1,999.0,0,1.0,0.0,0.0,2,5,0.0,9,5,1,1
9730,31.0,3,999,0,1.1,93.994,-36.4,4.859,5191.0,999.0,0,0.0,0.0,1.0,2,5,0.0,10,5,1,1
9731,31.0,2,999,0,1.1,93.994,-36.4,4.859,5191.0,999.0,0,0.0,0.0,1.0,2,7,0.0,6,5,1,1
9732,50.0,1,999,0,1.4,93.444,-36.1,4.963,5228.1,999.0,0,1.0,0.0,0.0,2,2,0.0,4,8,1,1
9733,36.0,3,999,0,1.1,93.994,-36.4,4.86,5191.0,999.0,0,1.0,0.0,1.0,2,4,0.0,4,5,1,1
9734,39.0,3,999,0,1.4,94.465,-41.8,4.967,5228.1,999.0,0,1.0,0.0,1.0,1,5,0.0,6,6,1,1
9735,41.0,3,999,0,1.1,93.994,-36.4,4.855,5191.0,999.0,0,1.0,0.0,1.0,2,7,0.0,5,5,1,1
9736,31.0,1,999,0,1.4,93.918,-42.7,4.962,5228.1,999.0,0,1.0,0.0,0.0,2,8,0.0,9,7,1,1
9737,33.0,1,999,0,1.4,93.444,-36.1,4.963,5228.1,999.0,0,1.0,1.0,0.0,3,8,0.0,5,8,1,1
9738,35.0,1,999,0,1.1,93.994,-36.4,4.856,5191.0,999.0,0,1.0,0.0,1.0,1,8,0.0,4,5,1,1
9739,56.0,9,999,0,1.4,93.918,-42.7,4.957,5228.1,999.0,0,0.0,0.0,1.0,2,7,0.0,6,7,1,1
9740,31.0,1,999,0,-0.1,93.2,-42.0,4.12,5195.8,999.0,0,0.0,0.0,0.0,1,6,0.0,5,11,1,1
9741,31.0,3,999,0,-1.8,92.893,-46.2,1.334,5099.1,999.0,0,0.0,0.0,0.0,2,8,0.0,2,5,1,1
9742,33.0,3,999,0,1.1,93.994,-36.4,4.857,5191.0,999.0,0,1.0,0.0,1.0,2,7,0.0,3,5,1,1
9743,31.0,1,999,0,-1.8,93.075,-47.1,1.41,5099.1,999.0,0,1.0,0.0,0.0,2,4,0.0,4,4,1,1
9744,31.0,1,999,0,1.4,93.918,-42.7,4.962,5228.1,999.0,0,1.0,0.0,0.0,1,6,0.0,1,7,1,1
9745,41.0,2,999,0,1.4,94.465,-41.8,4.865,5228.1,999.0,0,1.0,0.0,1.0,2,2,0.0,4,6,2,1
9746,39.0,2,999,0,1.4,94.465,-41.8,4.959,5228.1,999.0,0,1.0,0.0,1.0,2,7,0.0,2,6,1,1
9747,31.0,2,999,0,1.4,93.444,-36.1,4.965,5228.1,999.0,0,1.0,0.0,0.0,2,7,0.0,8,8,1,1
9748,52.0,1,999,0,1.4,93.918,-42.7,4.962,5228.1,999.0,0,0.0,0.0,0.0,2,5,0.0,6,7,1,1
9749,37.0,3,999,0,1.4,94.465,-41.8,4.961,5228.1,999.0,0,0.0,0.0,1.0,2,8,0.0,5,6,1,1
9750,29.0,2,999,0,-3.4,92.431,-26.9,0.731,5017.5,999.0,0,1.0,0.0,0.0,1,7,0.0,6,10,2,1
9751,50.0,9,999,0,1.4,93.918,-42.7,4.962,5228.1,999.0,0,1.0,0.0,1.0,2,8,0.0,4,7,1,1
9752,31.0,1,999,0,1.4,93.444,-36.1,4.968,5228.1,999.0,0,1.0,0.0,0.0,2,7,0.0,8,8,1,1
9753,34.0,2,999,0,-1.8,92.893,-46.2,1.313,5099.1,999.0,0,0.0,0.0,0.0,1,7,0.0,6,5,1,1
9754,27.0,3,999,0,1.4,93.918,-42.7,4.961,5228.1,999.0,0,1.0,0.0,0.0,1,5,0.0,9,7,1,1
9755,48.0,2,999,0,1.4,93.444,-36.1,4.965,5228.1,999.0,0,0.0,0.0,0.0,2,6,0.0,5,8,1,1
9756,31.0,4,999,0,1.4,93.918,-42.7,4.968,5228.1,999.0,0,0.0,0.0,0.0,1,5,0.0,9,7,1,1
9757,27.0,1,999,0,1.1,93.994,-36.4,4.858,5191.0,999.0,0,1.0,0.0,1.0,1,7,0.0,11,5,2,1
9758,36.0,6,999,0,1.1,93.994,-36.4,4.86,5191.0,999.0,0,1.0,0.0,1.0,2,4,0.0,3,5,1,1
9759,34.0,5,999,0,-0.1,93.2,-42.0,4.021,5195.8,999.0,0,1.0,1.0,1.0,1,8,0.0,3,11,1,1
9760,38.0,2,999,0,1.1,93.994,-36.4,4.857,5191.0,999.0,0,1.0,0.0,1.0,2,4,0.0,2,5,1,1
9761,35.0,3,999,0,1.4,93.918,-42.7,4.963,5228.1,999.0,0,0.0,0.0,0.0,1,5,0.0,6,7,1,1
9762,39.0,8,999,0,-1.8,92.893,-46.2,1.244,5099.1,999.0,0,0.0,0.0,0.0,2,5,0.0,1,5,2,1
9763,37.0,2,999,0,1.4,94.465,-41.8,4.961,5228.1,999.0,0,0.0,0.0,1.0,2,8,0.0,6,6,2,1
9764,41.0,2,999,0,1.4,93.918,-42.7,4.963,5228.1,999.0,0,0.0,1.0,0.0,3,8,0.0,9,7,1,1
9765,42.0,1,999,0,1.1,93.994,-36.4,4.856,5191.0,999.0,0,1.0,0.0,1.0,2,8,0.0,5,5,1,1
9766,44.0,1,999,0,1.4,94.465,-41.8,4.864,5228.1,999.0,0,1.0,0.0,1.0,2,8,0.0,6,6,1,1
9767,31.0,1,999,0,1.4,93.444,-36.1,4.965,5228.1,999.0,0,0.0,0.0,0.0,2,8,0.0,2,8,2,1
9768,31.0,2,999,0,-1.8,93.075,-47.1,1.479,5099.1,999.0,0,1.0,0.0,0.0,2,5,0.0,5,4,1,1
9769,31.0,4,999,0,-0.1,93.2,-42.0,4.12,5195.8,999.0,0,1.0,0.0,0.0,1,6,0.0,5,11,1,1
9770,58.0,3,999,0,1.4,93.918,-42.7,4.963,5228.1,999.0,0,1.0,0.0,0.0,2,2,0.0,2,7,1,1
9771,31.0,5,999,0,1.4,94.465,-41.8,4.962,5228.1,999.0,0,1.0,0.0,1.0,2,4,0.0,4,6,1,1
9772,31.0,4,999,0,1.4,93.918,-42.7,4.963,5228.1,999.0,0,1.0,0.0,0.0,1,5,0.0,6,7,1,1
9773,47.0,4,999,0,1.4,94.465,-41.8,4.959,5228.1,999.0,0,1.0,0.0,1.0,1,8,0.0,5,6,1,1
9774,31.0,1,999,0,1.4,94.465,-41.8,4.962,5228.1,999.0,0,0.0,0.0,1.0,2,6,0.0,5,6,1,1
9775,31.0,1,999,0,1.1,93.994,-36.4,4.86,5191.0,999.0,0,0.0,0.0,1.0,3,4,0.0,5,5,1,1
9776,31.0,1,999,0,1.4,94.465,-41.8,4.865,5228.1,999.0,0,0.0,0.0,1.0,1,5,0.0,6,6,2,1
9777,44.0,1,999,0,1.1,93.994,-36.4,4.855,5191.0,999.0,0,0.0,1.0,1.0,2,3,0.0,4,5,1,1
9778,31.0,5,999,0,1.4,93.918,-42.7,4.968,5228.1,999.0,0,1.0,0.0,0.0,1,5,0.0,9,7,1,1
9779,28.0,2,999,0,1.1,93.994,-36.4,4.859,5191.0,999.0,0,1.0,0.0,1.0,1,4,0.0,9,5,1,1
9780,31.0,1,999,0,1.4,93.444,-36.1,4.968,5228.1,999.0,0,1.0,0.0,0.0,2,8,0.0,4,8,1,1
9781,43.0,3,999,1,-1.8,92.893,-46.2,1.291,5099.1,999.0,2,1.0,0.0,0.0,1,8,0.0,4,5,1,2
9782,41.0,1,999,0,1.4,94.465,-41.8,4.962,5228.1,999.0,0,1.0,0.0,1.0,2,8,0.0,9,6,1,1
9783,31.0,3,999,0,1.4,94.465,-41.8,4.959,5228.1,999.0,0,0.0,1.0,1.0,1,6,0.0,5,6,1,1
9784,31.0,2,999,1,-1.8,92.893,-46.2,1.291,5099.1,999.0,1,1.0,0.0,1.0,2,4,0.0,4,5,1,2
9785,32.0,1,999,0,1.1,93.994,-36.4,4.855,5191.0,999.0,0,1.0,0.0,1.0,2,8,0.0,4,5,1,1
9786,39.0,1,999,0,1.4,94.465,-41.8,4.967,5228.1,999.0,0,1.0,0.0,1.0,2,5,0.0,9,6,1,1
9787,31.0,1,999,0,-1.8,92.893,-46.2,1.259,5099.1,999.0,0,1.0,0.0,0.0,1,8,0.0,5,5,1,1
9788,30.0,9,999,0,-1.8,92.893,-46.2,1.299,5099.1,999.0,0,1.0,1.0,0.0,2,5,0.0,6,5,1,1
9789,31.0,2,999,0,1.4,94.465,-41.8,4.967,5228.1,999.0,0,1.0,1.0,1.0,2,8,0.0,2,6,1,1
9790,33.0,1,999,0,-1.8,92.893,-46.2,1.313,5099.1,999.0,0,1.0,0.0,1.0,2,6,0.0,4,5,1,1
9791,42.0,1,999,0,1.1,93.994,-36.4,4.857,5191.0,999.0,0,1.0,0.0,1.0,2,8,0.0,4,5,2,1
9792,57.0,27,999,0,1.4,93.444,-36.1,4.965,5228.1,999.0,0,0.0,0.0,0.0,2,8,0.0,8,8,1,1
9793,34.0,5,999,0,-1.8,92.843,-50.0,1.799,5099.1,999.0,0,1.0,0.0,0.0,2,7,0.0,3,3,1,1
9794,31.0,1,999,0,1.4,93.918,-42.7,4.962,5228.1,999.0,0,1.0,0.0,0.0,2,4,0.0,4,7,1,1
9795,43.0,2,999,0,1.1,93.994,-36.4,4.858,5191.0,999.0,0,0.0,0.0,1.0,1,6,0.0,4,5,1,1
9796,48.0,2,999,0,1.1,93.994,-36.4,4.857,5191.0,999.0,0,1.0,0.0,1.0,2,8,0.0,7,5,2,1
9797,33.0,1,999,0,1.1,93.994,-36.4,4.86,5191.0,999.0,0,1.0,0.0,1.0,2,5,0.0,3,5,1,1
9798,31.0,2,999,0,1.4,93.444,-36.1,4.966,5228.1,999.0,0,0.0,0.0,0.0,2,7,0.0,1,8,1,1
9799,31.0,2,999,0,-1.8,92.893,-46.2,1.299,5099.1,999.0,0,0.0,0.0,0.0,2,4,0.0,4,5,1,1
9800,31.0,3,999,0,1.1,93.994,-36.4,4.857,5191.0,999.0,0,0.0,0.0,1.0,2,8,0.0,6,5,2,1
9801,31.0,1,999,0,1.4,93.918,-42.7,4.962,5228.1,999.0,0,0.0,0.0,1.0,2,3,0.0,4,7,1,1
9802,46.0,4,999,0,1.1,93.994,-36.4,4.86,5191.0,999.0,0,0.0,0.0,1.0,1,8,0.0,6,5,1,1
9803,36.0,1,999,0,-1.8,92.893,-46.2,1.281,5099.1,999.0,0,1.0,0.0,0.0,3,4,0.0,4,5,1,1
9804,56.0,2,999,0,1.4,93.444,-36.1,4.964,5228.1,999.0,0,0.0,0.0,0.0,2,8,0.0,8,8,1,1
9805,51.0,1,999,0,1.4,94.465,-41.8,4.961,5228.1,999.0,0,1.0,0.0,1.0,2,5,0.0,9,6,2,1
9806,31.0,1,999,1,-1.7,94.027,-38.3,0.886,4991.6,999.0,2,0.0,0.0,0.0,3,2,0.0,8,8,1,2
9807,41.0,3,999,0,1.1,93.994,-36.4,4.857,5191.0,999.0,0,1.0,0.0,1.0,2,8,0.0,6,5,2,1
9808,31.0,1,3,1,-1.1,94.199,-37.5,0.878,4963.6,0.1,1,0.0,0.0,0.0,2,8,0.0,5,9,1,3
9809,32.0,2,999,0,1.4,93.444,-36.1,4.963,5228.1,999.0,0,1.0,1.0,0.0,2,8,0.0,6,8,2,1
9810,36.0,1,999,0,1.4,94.465,-41.8,4.961,5228.1,999.0,0,0.0,0.0,1.0,2,8,0.0,5,6,2,1
9811,26.0,2,999,0,1.4,93.918,-42.7,4.962,5228.1,999.0,0,0.0,0.0,0.0,2,5,0.0,6,7,1,1
9812,31.0,2,999,0,1.1,93.994,-36.4,4.86,5191.0,999.0,0,1.0,0.0,1.0,2,8,0.0,6,5,1,1
9813,58.0,3,999,0,1.1,93.994,-36.4,4.856,5191.0,999.0,0,1.0,0.0,1.0,2,2,0.0,8,5,1,1
9814,45.0,2,999,0,1.1,93.994,-36.4,4.855,5191.0,999.0,0,0.0,0.0,1.0,3,4,0.0,6,5,1,1
9815,31.0,1,999,1,-3.4,92.431,-26.9,0.737,5017.5,999.0,4,1.0,0.0,0.0,2,6,0.0,5,10,1,2
9816,31.0,1,999,0,-1.8,92.893,-46.2,1.313,5099.1,999.0,0,1.0,1.0,0.0,1,7,0.0,5,5,1,1
9817,38.0,2,999,0,-1.8,93.075,-47.1,1.466,5099.1,999.0,0,0.0,1.0,0.0,2,4,0.0,4,4,2,1
9818,31.0,2,999,0,1.1,93.994,-36.4,4.857,5191.0,999.0,0,1.0,0.0,1.0,2,4,0.0,4,5,1,1
9819,38.0,5,999,0,1.1,93.994,-36.4,4.857,5191.0,999.0,0,1.0,0.0,1.0,2,8,0.0,6,5,1,1
9820,38.0,2,999,0,-1.8,93.075,-47.1,1.392,5099.1,999.0,0,1.0,0.0,0.0,2,8,0.0,5,4,2,1
9821,46.0,2,999,0,-2.9,92.963,-40.8,1.262,5076.2,999.0,0,1.0,0.0,0.0,2,4,0.0,10,6,1,1
9822,31.0,2,999,0,1.4,93.918,-42.7,4.963,5228.1,999.0,0,0.0,0.0,1.0,2,4,0.0,4,7,1,1
9823,58.0,1,999,0,1.4,93.444,-36.1,4.964,5228.1,999.0,0,1.0,0.0,0.0,2,8,0.0,4,8,1,1
9824,24.0,5,999,0,-1.8,92.893,-46.2,1.266,5099.1,999.0,0,0.0,0.0,1.0,2,8,0.0,3,5,1,1
9825,36.0,2,999,0,1.4,93.918,-42.7,4.966,5228.1,999.0,0,0.0,0.0,1.0,2,8,0.0,8,7,1,1
9826,40.0,1,999,0,1.4,93.918,-42.7,4.968,5228.1,999.0,0,0.0,0.0,0.0,2,7,0.0,5,7,1,1
9827,21.0,1,999,0,1.4,93.918,-42.7,4.962,5228.1,999.0,0,0.0,0.0,0.0,1,4,0.0,4,7,1,1
9828,44.0,1,999,0,1.4,93.918,-42.7,4.96,5228.1,999.0,0,1.0,0.0,0.0,2,5,0.0,2,7,2,1
9829,34.0,2,2,1,-2.9,92.201,-31.4,0.849,5076.2,0.0666666666667,1,0.0,0.0,0.0,1,6,0.0,10,8,1,3
9830,58.0,1,999,0,-1.8,92.893,-46.2,1.313,5099.1,999.0,0,0.0,0.0,0.0,1,7,0.0,3,5,1,1
9831,56.0,1,999,0,1.4,94.465,-41.8,4.961,5228.1,999.0,0,0.0,1.0,1.0,3,8,0.0,7,6,1,1
9832,24.0,2,999,0,-1.8,92.893,-46.2,1.313,5099.1,999.0,0,1.0,0.0,0.0,1,5,0.0,9,5,1,1
9833,29.0,1,999,1,-1.8,92.893,-46.2,1.299,5099.1,999.0,3,1.0,0.0,0.0,2,8,0.0,6,5,2,2
9834,53.0,4,999,0,1.4,93.444,-36.1,4.962,5228.1,999.0,0,1.0,0.0,0.0,2,6,0.0,5,8,1,1
9835,31.0,1,999,0,-1.8,92.893,-46.2,1.344,5099.1,999.0,0,1.0,0.0,1.0,2,8,0.0,4,5,1,1
9836,31.0,3,999,0,1.4,93.444,-36.1,4.968,5228.1,999.0,0,1.0,1.0,0.0,2,6,0.0,5,8,1,1
9837,31.0,1,999,0,1.1,93.994,-36.4,4.857,5191.0,999.0,0,0.0,0.0,1.0,2,6,0.0,10,5,1,1
9838,61.0,4,999,0,-3.4,92.431,-26.9,0.73,5017.5,999.0,0,0.0,0.0,0.0,2,7,0.0,3,10,1,1
9839,43.0,1,999,0,-0.1,93.2,-42.0,4.191,5195.8,999.0,0,0.0,0.0,0.0,2,5,0.0,9,11,2,1
9840,46.0,2,999,0,-1.8,92.893,-46.2,1.334,5099.1,999.0,0,0.0,0.0,1.0,2,8,0.0,3,5,1,1
9841,35.0,1,999,0,1.4,94.465,-41.8,4.961,5228.1,999.0,0,1.0,1.0,1.0,2,5,0.0,6,6,2,1
9842,48.0,1,999,0,-1.8,92.893,-46.2,1.291,5099.1,999.0,0,1.0,0.0,0.0,1,2,0.0,4,5,1,1
9843,73.0,5,999,0,-3.0,92.713,-33.0,0.717,5023.5,999.0,0,0.0,0.0,0.0,2,2,0.0,8,12,2,1
9844,23.0,1,999,0,-1.8,93.075,-47.1,1.405,5099.1,999.0,0,1.0,0.0,0.0,1,8,0.0,6,4,1,1
9845,29.0,2,999,0,1.1,93.994,-36.4,4.86,5191.0,999.0,0,0.0,0.0,1.0,1,6,0.0,5,5,1,1
9846,31.0,2,999,0,1.1,93.994,-36.4,4.859,5191.0,999.0,0,0.0,0.0,1.0,2,4,0.0,4,5,1,1
9847,57.0,1,999,0,1.4,93.918,-42.7,4.962,5228.1,999.0,0,1.0,0.0,1.0,2,8,0.0,4,7,1,1
9848,31.0,2,999,0,1.4,94.465,-41.8,4.866,5228.1,999.0,0,0.0,0.0,1.0,3,6,0.0,3,6,1,1
9849,32.0,1,999,0,1.1,93.994,-36.4,4.86,5191.0,999.0,0,1.0,0.0,1.0,2,2,0.0,2,5,1,1
9850,52.0,1,999,0,1.1,93.994,-36.4,4.858,5191.0,999.0,0,1.0,0.0,1.0,1,7,0.0,1,5,2,1
9851,34.0,1,999,1,-1.8,92.893,-46.2,1.266,5099.1,999.0,2,1.0,0.0,0.0,2,6,0.0,5,5,1,2
9852,28.0,4,999,0,1.1,93.994,-36.4,4.858,5191.0,999.0,0,0.0,0.0,1.0,1,8,0.0,6,5,2,1
9853,52.0,1,999,0,1.4,94.465,-41.8,4.962,5228.1,999.0,0,1.0,0.0,1.0,1,5,0.0,9,6,1,1
9854,44.0,1,999,0,1.4,93.918,-42.7,4.962,5228.1,999.0,0,1.0,0.0,0.0,2,5,0.0,6,7,1,1
9855,31.0,1,999,1,-1.8,93.075,-47.1,1.365,5099.1,999.0,1,0.0,0.0,0.0,1,5,0.0,6,4,1,2
9856,45.0,6,999,0,1.4,94.465,-41.8,4.864,5228.1,999.0,0,0.0,0.0,1.0,2,8,0.0,6,6,1,1
9857,31.0,3,999,0,-0.1,93.2,-42.0,4.076,5195.8,999.0,0,1.0,0.0,0.0,2,8,0.0,6,11,1,1
9858,31.0,1,999,0,1.1,93.994,-36.4,4.855,5191.0,999.0,0,1.0,0.0,1.0,2,4,0.0,4,5,1,1
9859,31.0,1,999,0,1.1,93.994,-36.4,4.864,5191.0,999.0,0,0.0,0.0,1.0,2,7,0.0,6,5,1,1
9860,41.0,2,999,0,-1.8,92.893,-46.2,1.327,5099.1,999.0,0,1.0,0.0,0.0,1,5,0.0,6,5,1,1
9861,31.0,2,999,0,1.1,93.994,-36.4,4.859,5191.0,999.0,0,1.0,0.0,1.0,2,5,0.0,8,5,1,1
9862,66.0,2,4,1,-2.9,92.201,-31.4,0.884,5076.2,0.133333333333,0,0.0,0.0,0.0,2,7,0.0,6,8,2,3
9863,31.0,1,999,0,-1.8,92.893,-46.2,1.313,5099.1,999.0,0,1.0,1.0,0.0,2,8,0.0,4,5,1,1
9864,33.0,1,999,0,-1.1,94.199,-37.5,0.886,4963.6,999.0,0,1.0,0.0,0.0,2,8,0.0,5,9,1,1
9865,31.0,2,999,0,1.4,93.444,-36.1,4.964,5228.1,999.0,0,1.0,0.0,0.0,2,8,0.0,6,8,1,1
9866,33.0,1,999,0,1.4,94.465,-41.8,4.961,5228.1,999.0,0,0.0,0.0,1.0,1,8,0.0,4,6,1,1
9867,31.0,1,999,0,-0.1,93.2,-42.0,4.076,5195.8,999.0,0,1.0,0.0,0.0,2,4,0.0,10,11,1,1
9868,31.0,9,999,0,1.4,93.444,-36.1,4.965,5228.1,999.0,0,1.0,0.0,1.0,2,5,0.0,9,8,2,1
9869,28.0,2,999,0,1.1,93.994,-36.4,4.856,5191.0,999.0,0,1.0,0.0,1.0,2,5,0.0,6,5,1,1
9870,31.0,2,999,0,1.4,93.918,-42.7,4.96,5228.1,999.0,0,1.0,0.0,0.0,2,5,0.0,6,7,2,1
9871,36.0,1,999,0,-0.1,93.2,-42.0,4.12,5195.8,999.0,0,0.0,1.0,0.0,2,8,0.0,4,11,1,1
9872,30.0,4,999,0,1.1,93.994,-36.4,4.857,5191.0,999.0,0,0.0,0.0,1.0,1,7,0.0,4,5,1,1
9873,38.0,1,999,0,1.1,93.994,-36.4,4.86,5191.0,999.0,0,1.0,0.0,1.0,1,6,0.0,5,5,1,1
9874,46.0,1,999,1,-0.1,93.2,-42.0,4.191,5195.8,999.0,2,0.0,1.0,0.0,2,4,0.0,1,11,2,2
9875,31.0,2,999,0,1.4,93.918,-42.7,4.963,5228.1,999.0,0,1.0,0.0,0.0,2,6,0.0,7,7,1,1
9876,31.0,3,999,0,1.4,93.918,-42.7,4.962,5228.1,999.0,0,0.0,1.0,0.0,2,4,0.0,4,7,1,1
9877,39.0,1,999,0,-1.8,93.075,-47.1,1.365,5099.1,999.0,0,1.0,0.0,0.0,2,6,0.0,5,4,1,1
9878,44.0,4,999,0,1.1,93.994,-36.4,4.857,5191.0,999.0,0,1.0,0.0,1.0,2,2,0.0,9,5,2,1
9879,35.0,14,999,0,1.4,93.918,-42.7,4.962,5228.1,999.0,0,0.0,0.0,0.0,2,2,0.0,8,7,1,1
9880,28.0,4,999,0,-1.8,92.893,-46.2,1.313,5099.1,999.0,0,0.0,1.0,0.0,2,4,0.0,4,5,1,1
9881,31.0,2,999,0,1.4,94.465,-41.8,4.866,5228.1,999.0,0,1.0,1.0,1.0,1,7,0.0,5,6,1,1
9882,31.0,1,999,0,-0.1,93.2,-42.0,4.153,5195.8,999.0,0,1.0,0.0,0.0,3,7,0.0,6,11,1,1
9883,26.0,1,999,0,-1.8,93.075,-47.1,1.365,5099.1,999.0,0,1.0,0.0,0.0,1,7,0.0,6,4,1,1
9884,32.0,1,999,0,1.1,93.994,-36.4,4.859,5191.0,999.0,0,1.0,0.0,1.0,2,4,0.0,4,5,1,1
9885,31.0,2,999,0,1.1,93.994,-36.4,4.856,5191.0,999.0,0,0.0,0.0,1.0,3,8,0.0,5,5,1,1
9886,51.0,2,999,0,1.1,93.994,-36.4,4.856,5191.0,999.0,0,0.0,1.0,1.0,2,6,0.0,4,5,1,1
9887,31.0,1,999,1,-1.8,92.893,-46.2,1.313,5099.1,999.0,2,0.0,0.0,0.0,2,6,0.0,4,5,1,2
9888,49.0,1,999,0,1.4,93.444,-36.1,4.967,5228.1,999.0,0,1.0,0.0,0.0,2,2,0.0,2,8,1,1
9889,76.0,2,999,0,-2.9,92.201,-31.4,0.881,5076.2,999.0,0,1.0,0.0,0.0,2,2,0.0,8,8,1,1
9890,31.0,1,999,0,-2.9,92.963,-40.8,1.26,5076.2,999.0,0,1.0,0.0,0.0,2,8,0.0,3,6,1,1
9891,58.0,2,999,0,-0.1,93.2,-42.0,4.076,5195.8,999.0,0,1.0,0.0,0.0,2,8,0.0,6,11,1,1
9892,40.0,1,999,0,-0.1,93.2,-42.0,4.021,5195.8,999.0,0,1.0,0.0,0.0,3,4,0.0,4,11,1,1
9893,34.0,3,999,0,-1.8,92.893,-46.2,1.354,5099.1,999.0,0,1.0,1.0,1.0,2,7,0.0,6,5,2,1
9894,31.0,3,999,1,-1.8,92.893,-46.2,1.327,5099.1,999.0,3,1.0,1.0,0.0,1,7,0.0,3,5,1,2
9895,50.0,2,999,0,1.1,93.994,-36.4,4.857,5191.0,999.0,0,1.0,0.0,1.0,2,4,0.0,4,5,1,1
9896,48.0,2,999,0,-1.8,92.893,-46.2,1.334,5099.1,999.0,0,0.0,0.0,0.0,2,8,0.0,7,5,1,1
9897,31.0,1,999,0,-2.9,92.963,-40.8,1.215,5076.2,999.0,0,0.0,0.0,0.0,3,7,0.0,5,6,2,1
9898,32.0,1,999,0,1.4,93.444,-36.1,4.965,5228.1,999.0,0,0.0,0.0,0.0,1,7,0.0,6,8,1,1
9899,51.0,1,999,0,1.4,93.444,-36.1,4.97,5228.1,999.0,0,0.0,0.0,0.0,2,8,0.0,5,8,2,1
9900,31.0,1,999,1,-1.8,93.075,-47.1,1.41,5099.1,999.0,1,1.0,0.0,0.0,1,8,0.0,11,4,1,2
9901,31.0,1,999,0,-1.1,94.199,-37.5,0.879,4963.6,999.0,0,1.0,0.0,0.0,1,7,0.0,5,9,1,1
9902,34.0,4,999,0,-1.8,92.893,-46.2,1.334,5099.1,999.0,0,1.0,1.0,0.0,2,2,0.0,4,5,1,1
9903,34.0,5,999,0,1.4,93.918,-42.7,4.958,5228.1,999.0,0,1.0,0.0,1.0,1,8,0.0,5,7,1,1
9904,43.0,1,999,0,1.1,93.994,-36.4,4.855,5191.0,999.0,0,1.0,0.0,1.0,2,7,0.0,6,5,1,1
9905,31.0,5,999,0,1.4,93.444,-36.1,4.966,5228.1,999.0,0,0.0,0.0,0.0,2,8,0.0,2,8,1,1
9906,42.0,2,999,0,1.4,93.918,-42.7,4.96,5228.1,999.0,0,1.0,0.0,0.0,2,5,0.0,7,7,2,1
9907,44.0,3,999,0,-0.1,93.2,-42.0,4.076,5195.8,999.0,0,0.0,0.0,0.0,1,6,0.0,6,11,1,1
9908,38.0,1,999,0,-1.8,93.075,-47.1,1.392,5099.1,999.0,0,0.0,0.0,0.0,3,7,0.0,6,4,2,1
9909,31.0,1,999,0,1.4,93.918,-42.7,4.963,5228.1,999.0,0,1.0,1.0,0.0,1,7,0.0,6,7,1,1
9910,35.0,2,999,0,-2.9,92.469,-33.6,1.059,5076.2,999.0,0,1.0,0.0,0.0,2,7,0.0,5,7,1,1
9911,22.0,2,999,0,1.1,93.994,-36.4,4.86,5191.0,999.0,0,1.0,0.0,1.0,1,4,0.0,4,5,1,1
9912,31.0,1,999,0,1.4,93.918,-42.7,4.962,5228.1,999.0,0,0.0,0.0,0.0,1,7,0.0,6,7,1,1
9913,38.0,1,999,0,1.4,94.465,-41.8,4.864,5228.1,999.0,0,1.0,0.0,1.0,1,7,0.0,6,6,1,1
9914,52.0,2,999,0,1.4,94.465,-41.8,4.959,5228.1,999.0,0,1.0,1.0,1.0,2,5,0.0,8,6,1,1
9915,45.0,1,999,0,-2.9,92.963,-40.8,1.206,5076.2,999.0,0,1.0,0.0,0.0,1,4,0.0,1,6,1,1
9916,31.0,2,999,1,-0.1,93.2,-42.0,4.021,5195.8,999.0,0,0.0,0.0,0.0,1,7,0.0,6,11,1,2
9917,30.0,1,999,0,-1.8,92.893,-46.2,1.266,5099.1,999.0,0,1.0,0.0,0.0,1,8,0.0,5,5,1,1
9918,33.0,2,999,0,1.4,93.444,-36.1,4.963,5228.1,999.0,0,1.0,0.0,0.0,3,8,0.0,10,8,2,1
9919,46.0,2,999,0,1.4,93.918,-42.7,4.962,5228.1,999.0,0,0.0,0.0,0.0,2,8,0.0,9,7,1,1
9920,31.0,2,999,0,1.4,93.444,-36.1,4.964,5228.1,999.0,0,0.0,0.0,0.0,2,6,0.0,5,8,1,1
9921,31.0,2,999,0,1.1,93.994,-36.4,4.855,5191.0,999.0,0,0.0,1.0,1.0,2,6,0.0,5,5,1,1
9922,57.0,1,999,0,1.4,93.918,-42.7,4.962,5228.1,999.0,0,1.0,0.0,1.0,2,2,0.0,4,7,1,1
9923,37.0,2,999,0,1.1,93.994,-36.4,4.859,5191.0,999.0,0,1.0,0.0,1.0,1,4,0.0,9,5,1,1
9924,31.0,3,999,0,1.4,93.444,-36.1,4.964,5228.1,999.0,0,1.0,0.0,0.0,2,8,0.0,5,8,1,1
9925,41.0,3,999,0,1.1,93.994,-36.4,4.855,5191.0,999.0,0,0.0,0.0,1.0,3,2,0.0,4,5,1,1
9926,57.0,1,999,0,1.4,94.465,-41.8,4.961,5228.1,999.0,0,0.0,1.0,1.0,3,8,0.0,5,6,1,1
9927,31.0,2,999,0,1.4,94.465,-41.8,4.959,5228.1,999.0,0,0.0,0.0,1.0,3,8,0.0,4,6,1,1
9928,31.0,1,999,0,-1.8,92.843,-50.0,1.811,5099.1,999.0,0,1.0,0.0,0.0,2,8,0.0,6,3,2,1
9929,31.0,2,999,0,1.4,93.918,-42.7,4.962,5228.1,999.0,0,1.0,0.0,0.0,2,7,0.0,1,7,1,1
9930,25.0,1,999,1,-3.4,92.649,-30.1,0.714,5017.5,999.0,3,1.0,0.0,0.0,1,8,0.0,6,11,1,2
9931,39.0,4,999,0,-0.1,93.2,-42.0,4.021,5195.8,999.0,0,1.0,1.0,0.0,2,8,0.0,7,11,1,1
9932,31.0,1,999,0,1.1,93.994,-36.4,4.858,5191.0,999.0,0,0.0,0.0,1.0,2,5,0.0,3,5,1,1
9933,31.0,2,999,0,1.1,93.994,-36.4,4.857,5191.0,999.0,0,0.0,0.0,1.0,1,7,0.0,6,5,2,1
9934,52.0,1,999,0,1.4,93.444,-36.1,4.965,5228.1,999.0,0,0.0,0.0,0.0,2,5,0.0,6,8,1,1
9935,32.0,1,999,0,1.4,93.918,-42.7,4.963,5228.1,999.0,0,0.0,0.0,0.0,1,4,0.0,9,7,1,1
9936,31.0,1,999,2,-3.4,92.649,-30.1,0.72,5017.5,999.0,2,0.0,0.0,0.0,1,8,0.0,4,11,1,2
9937,28.0,2,999,0,1.4,93.918,-42.7,4.962,5228.1,999.0,0,1.0,0.0,0.0,2,8,0.0,10,7,1,1
9938,31.0,3,999,0,1.4,93.444,-36.1,4.963,5228.1,999.0,0,1.0,0.0,0.0,3,8,0.0,6,8,1,1
9939,30.0,1,6,1,-1.1,94.601,-49.5,1.043,4963.6,0.2,3,0.0,1.0,0.0,2,7,0.0,3,10,1,3
9940,44.0,1,999,0,-2.9,92.963,-40.8,1.26,5076.2,999.0,0,0.0,1.0,0.0,2,8,0.0,9,6,2,1
9941,41.0,5,999,0,-1.8,92.893,-46.2,1.299,5099.1,999.0,0,1.0,0.0,1.0,1,7,0.0,2,5,2,1
9942,47.0,3,999,0,1.4,93.918,-42.7,4.956,5228.1,999.0,0,0.0,0.0,1.0,2,6,0.0,5,7,1,1
9943,52.0,4,999,0,-1.8,92.893,-46.2,1.299,5099.1,999.0,0,0.0,0.0,0.0,1,2,0.0,6,5,2,1
9944,26.0,3,999,0,-1.8,93.075,-47.1,1.41,5099.1,999.0,0,1.0,0.0,0.0,2,4,0.0,4,4,1,1
9945,34.0,1,12,1,-1.8,92.893,-46.2,1.334,5099.1,0.4,3,1.0,0.0,0.0,1,5,0.0,6,5,1,3
9946,20.0,2,999,0,-1.8,92.843,-50.0,1.538,5099.1,999.0,0,1.0,0.0,0.0,1,4,0.0,11,3,1,1
9947,49.0,4,999,0,-0.1,93.2,-42.0,4.153,5195.8,999.0,0,1.0,0.0,1.0,1,6,0.0,1,11,1,1
9948,57.0,2,999,0,1.1,93.994,-36.4,4.857,5191.0,999.0,0,0.0,0.0,1.0,2,8,0.0,8,5,2,1
9949,31.0,1,999,0,-2.9,92.963,-40.8,1.26,5076.2,999.0,0,0.0,0.0,0.0,2,7,0.0,6,6,1,1
9950,35.0,1,999,0,1.4,93.444,-36.1,4.964,5228.1,999.0,0,1.0,1.0,0.0,1,8,0.0,5,8,1,1
9951,31.0,1,999,0,1.4,93.444,-36.1,4.965,5228.1,999.0,0,0.0,0.0,0.0,1,6,0.0,5,8,2,1
9952,57.0,11,999,0,1.4,93.444,-36.1,4.962,5228.1,999.0,0,1.0,0.0,0.0,2,8,0.0,3,8,1,1
9953,27.0,2,999,0,1.1,93.994,-36.4,4.858,5191.0,999.0,0,1.0,0.0,1.0,2,4,0.0,4,5,2,1
9954,63.0,1,999,0,-1.8,93.876,-40.0,0.685,5008.7,999.0,0,1.0,0.0,0.0,2,6,0.0,8,5,2,1
9955,31.0,1,999,0,1.4,93.444,-36.1,4.97,5228.1,999.0,0,1.0,0.0,1.0,2,2,0.0,8,8,2,1
9956,51.0,1,999,0,1.1,93.994,-36.4,4.857,5191.0,999.0,0,1.0,0.0,1.0,3,5,0.0,9,5,1,1
9957,30.0,4,999,0,1.4,94.465,-41.8,4.96,5228.1,999.0,0,1.0,0.0,1.0,2,7,0.0,9,6,2,1
9958,42.0,6,999,0,1.1,93.994,-36.4,4.859,5191.0,999.0,0,1.0,0.0,1.0,2,4,0.0,6,5,1,1
9959,31.0,5,999,0,1.4,93.918,-42.7,4.968,5228.1,999.0,0,0.0,0.0,0.0,1,8,0.0,5,7,1,1
9960,31.0,1,999,0,-1.1,94.199,-37.5,0.88,4963.6,999.0,0,1.0,0.0,1.0,1,7,0.0,6,9,1,1
9961,31.0,1,999,0,1.1,93.994,-36.4,4.857,5191.0,999.0,0,1.0,1.0,1.0,2,3,0.0,7,5,1,1
9962,31.0,7,999,0,1.4,93.444,-36.1,4.963,5228.1,999.0,0,1.0,1.0,0.0,1,6,0.0,5,8,2,1
9963,32.0,20,999,0,1.4,94.465,-41.8,4.865,5228.1,999.0,0,0.0,0.0,1.0,1,8,0.0,7,6,2,1
9964,31.0,3,999,0,1.4,93.918,-42.7,4.962,5228.1,999.0,0,1.0,0.0,0.0,3,5,0.0,2,7,1,1
9965,31.0,1,999,0,-1.8,92.893,-46.2,1.313,5099.1,999.0,0,1.0,0.0,0.0,2,7,0.0,6,5,1,1
9966,31.0,1,999,0,1.4,93.444,-36.1,4.965,5228.1,999.0,0,1.0,0.0,0.0,2,8,0.0,5,8,1,1
9967,31.0,2,999,1,-1.8,92.893,-46.2,1.281,5099.1,999.0,1,0.0,0.0,0.0,2,8,0.0,3,5,1,2
9968,39.0,2,999,0,1.4,94.465,-41.8,4.959,5228.1,999.0,0,1.0,0.0,1.0,2,7,0.0,7,6,1,1
9969,44.0,1,999,1,-1.8,92.893,-46.2,1.313,5099.1,999.0,2,1.0,0.0,0.0,2,4,0.0,4,5,1,2
9970,26.0,3,999,0,1.4,93.918,-42.7,4.968,5228.1,999.0,0,1.0,0.0,0.0,2,2,0.0,4,7,1,1
9971,34.0,4,999,0,1.1,93.994,-36.4,4.86,5191.0,999.0,0,0.0,0.0,1.0,2,4,0.0,4,5,1,1
9972,28.0,2,999,0,1.4,93.918,-42.7,4.963,5228.1,999.0,0,1.0,0.0,0.0,1,5,0.0,6,7,1,1
9973,30.0,2,999,0,1.4,93.444,-36.1,4.964,5228.1,999.0,0,1.0,0.0,0.0,1,7,0.0,5,8,1,1
9974,31.0,1,999,0,-2.9,92.963,-40.8,1.26,5076.2,999.0,0,1.0,0.0,0.0,2,6,0.0,8,6,1,1
9975,34.0,2,999,0,1.4,94.465,-41.8,4.967,5228.1,999.0,0,0.0,0.0,1.0,2,8,0.0,4,6,1,1
9976,33.0,1,999,0,1.4,93.918,-42.7,4.962,5228.1,999.0,0,1.0,0.0,0.0,2,8,0.0,5,7,1,1
9977,40.0,1,999,0,-0.1,93.2,-42.0,4.153,5195.8,999.0,0,1.0,0.0,0.0,2,8,0.0,6,11,1,1
9978,36.0,1,6,2,-1.8,93.876,-40.0,0.699,5008.7,0.2,6,1.0,1.0,0.0,2,8,0.0,6,5,1,3
9979,31.0,1,999,0,1.4,93.444,-36.1,4.966,5228.1,999.0,0,0.0,0.0,0.0,3,7,0.0,6,8,1,1
9980,32.0,8,999,0,1.4,94.465,-41.8,4.959,5228.1,999.0,0,0.0,0.0,1.0,2,5,0.0,7,6,1,1
9981,31.0,1,999,0,1.1,93.994,-36.4,4.86,5191.0,999.0,0,1.0,0.0,1.0,2,2,0.0,4,5,1,1
9982,39.0,2,999,1,-1.8,92.893,-46.2,1.334,5099.1,999.0,5,1.0,0.0,0.0,1,4,0.0,4,5,1,2
9983,41.0,2,999,0,1.4,94.465,-41.8,4.961,5228.1,999.0,0,1.0,0.0,1.0,2,4,0.0,4,6,2,1
9984,32.0,2,999,0,1.4,94.465,-41.8,4.958,5228.1,999.0,0,1.0,0.0,1.0,1,7,0.0,6,6,2,1
9985,44.0,1,999,2,-1.7,94.027,-38.3,0.904,4991.6,999.0,2,0.0,0.0,0.0,1,7,0.0,6,8,1,2
9986,57.0,1,999,0,1.1,93.994,-36.4,4.858,5191.0,999.0,0,0.0,0.0,1.0,2,8,0.0,8,5,1,1
9987,60.0,3,3,1,-2.9,92.963,-40.8,1.266,5076.2,0.1,4,1.0,0.0,0.0,2,7,0.0,6,6,2,3
9988,29.0,1,999,0,1.1,93.994,-36.4,4.859,5191.0,999.0,0,1.0,1.0,1.0,2,8,0.0,4,5,1,1
9989,54.0,7,6,2,-3.0,92.713,-33.0,0.715,5023.5,0.2,2,0.0,0.0,0.0,3,7,0.0,6,12,1,3
9990,32.0,5,999,0,1.4,93.444,-36.1,4.967,5228.1,999.0,0,0.0,0.0,0.0,1,7,0.0,6,8,1,1
9991,37.0,1,999,0,-2.9,92.963,-40.8,1.262,5076.2,999.0,0,0.0,0.0,0.0,4,7,0.0,10,6,1,1
9992,34.0,1,999,0,-0.1,93.2,-42.0,4.12,5195.8,999.0,0,1.0,0.0,0.0,2,7,0.0,5,11,1,1
9993,31.0,1,999,0,1.1,93.994,-36.4,4.855,5191.0,999.0,0,0.0,0.0,1.0,1,7,0.0,6,5,1,1
9994,31.0,1,999,0,1.4,93.918,-42.7,4.968,5228.1,999.0,0,1.0,0.0,0.0,2,8,0.0,9,7,1,1
9995,36.0,1,999,0,-0.1,93.2,-42.0,4.021,5195.8,999.0,0,1.0,1.0,0.0,1,4,0.0,4,11,1,1
9996,35.0,4,999,0,1.4,93.444,-36.1,4.966,5228.1,999.0,0,0.0,0.0,0.0,3,6,0.0,5,8,1,1
9997,40.0,4,999,0,1.4,94.465,-41.8,4.961,5228.1,999.0,0,0.0,0.0,1.0,1,5,0.0,9,6,1,1
9998,31.0,1,999,0,-0.1,93.2,-42.0,4.021,5195.8,999.0,0,1.0,1.0,0.0,1,8,0.0,6,11,1,1
9999,57.0,4,999,0,1.4,93.444,-36.1,4.964,5228.1,999.0,0,0.0,0.0,0.0,2,8,0.0,8,8,1,1
10000,31.0,4,999,0,-1.8,92.893,-46.2,1.281,5099.1,999.0,0,1.0,1.0,1.0,1,4,0.0,4,5,1,1
10001,47.0,1,999,0,1.4,93.444,-36.1,4.966,5228.1,999.0,0,0.0,0.0,0.0,2,5,0.0,9,8,1,1
10002,56.0,5,999,0,-0.1,93.2,-42.0,4.021,5195.8,999.0,0,1.0,0.0,0.0,2,8,0.0,9,11,1,1
10003,46.0,3,999,0,1.4,93.918,-42.7,4.961,5228.1,999.0,0,0.0,0.0,0.0,2,7,0.0,6,7,1,1
10004,49.0,4,999,0,-1.8,93.075,-47.1,1.405,5099.1,999.0,0,0.0,0.0,0.0,2,5,0.0,9,4,2,1
10005,31.0,4,999,0,1.1,93.994,-36.4,4.855,5191.0,999.0,0,0.0,0.0,1.0,2,7,0.0,7,5,1,1
10006,31.0,2,999,1,-0.1,93.2,-42.0,4.191,5195.8,999.0,3,1.0,1.0,0.0,3,5,0.0,6,11,2,2
10007,52.0,1,10,4,-2.9,92.201,-31.4,0.883,5076.2,0.333333333333,4,1.0,1.0,0.0,2,5,0.0,3,8,1,2
10008,70.0,1,999,0,-3.4,92.431,-26.9,0.739,5017.5,999.0,0,1.0,0.0,0.0,2,8,0.0,8,10,2,1
10009,33.0,1,999,0,1.4,93.444,-36.1,4.968,5228.1,999.0,0,1.0,0.0,0.0,2,7,0.0,6,8,1,1
10010,31.0,6,999,0,1.4,93.444,-36.1,4.964,5228.1,999.0,0,1.0,0.0,0.0,1,8,0.0,5,8,1,1
10011,29.0,1,999,0,1.4,93.918,-42.7,4.963,5228.1,999.0,0,1.0,0.0,0.0,1,8,0.0,5,7,1,1
10012,56.0,1,999,0,-1.8,93.075,-47.1,1.365,5099.1,999.0,0,0.0,1.0,0.0,2,8,0.0,7,4,1,1
10013,48.0,1,999,1,-1.8,92.893,-46.2,1.291,5099.1,999.0,0,1.0,0.0,0.0,3,8,0.0,5,5,1,2
10014,44.0,6,999,0,1.1,93.994,-36.4,4.859,5191.0,999.0,0,0.0,0.0,1.0,2,7,0.0,6,5,1,1
10015,34.0,5,999,0,-1.8,92.893,-46.2,1.313,5099.1,999.0,0,0.0,0.0,0.0,2,7,0.0,7,5,1,1
10016,35.0,5,999,0,1.4,93.444,-36.1,4.964,5228.1,999.0,0,0.0,1.0,0.0,2,8,0.0,3,8,1,1
10017,59.0,1,999,0,1.4,93.444,-36.1,4.964,5228.1,999.0,0,1.0,1.0,0.0,2,8,0.0,8,8,1,1
10018,31.0,8,999,0,1.4,93.444,-36.1,4.964,5228.1,999.0,0,1.0,0.0,0.0,2,6,0.0,5,8,1,1
10019,29.0,2,18,1,-1.1,94.199,-37.5,0.879,4963.6,0.6,3,0.0,1.0,1.0,1,6,0.0,5,9,1,3
10020,31.0,1,999,0,1.4,94.465,-41.8,4.864,5228.1,999.0,0,0.0,1.0,1.0,2,5,0.0,9,6,1,1
10021,32.0,1,999,1,-1.8,92.893,-46.2,1.299,5099.1,999.0,0,1.0,0.0,0.0,1,4,0.0,2,5,2,2
10022,33.0,2,999,0,-0.1,93.2,-42.0,4.076,5195.8,999.0,0,0.0,0.0,0.0,2,8,0.0,6,11,1,1
10023,31.0,1,999,0,1.1,93.994,-36.4,4.855,5191.0,999.0,0,1.0,1.0,1.0,2,2,0.0,9,5,1,1
10024,33.0,3,999,0,-1.8,92.893,-46.2,1.244,5099.1,999.0,0,1.0,0.0,0.0,2,8,0.0,6,5,2,1
10025,36.0,1,999,0,1.4,93.444,-36.1,4.965,5228.1,999.0,0,1.0,0.0,0.0,2,5,0.0,5,8,2,1
10026,38.0,3,999,0,1.4,93.444,-36.1,4.965,5228.1,999.0,0,0.0,0.0,0.0,3,8,0.0,5,8,2,1
10027,27.0,1,999,0,1.4,93.918,-42.7,4.958,5228.1,999.0,0,1.0,0.0,0.0,1,5,0.0,6,7,1,1
10028,51.0,1,999,1,-1.8,93.075,-47.1,1.405,5099.1,999.0,2,1.0,0.0,0.0,2,4,0.0,4,4,1,2
10029,41.0,2,999,0,1.4,93.444,-36.1,4.963,5228.1,999.0,0,1.0,0.0,0.0,2,7,0.0,6,8,2,1
10030,49.0,1,999,1,-2.9,92.963,-40.8,1.266,5076.2,999.0,0,1.0,0.0,0.0,2,7,0.0,3,6,2,2
10031,31.0,1,999,0,1.4,93.444,-36.1,4.962,5228.1,999.0,0,1.0,0.0,0.0,2,7,0.0,3,8,1,1
10032,32.0,1,6,1,-1.8,93.075,-47.1,1.405,5099.1,0.2,3,0.0,0.0,0.0,1,6,0.0,5,4,2,3
10033,36.0,8,999,0,1.4,93.444,-36.1,4.962,5228.1,999.0,0,1.0,0.0,0.0,2,7,0.0,6,8,1,1
10034,23.0,4,999,0,1.4,93.918,-42.7,4.963,5228.1,999.0,0,1.0,0.0,0.0,1,4,0.0,4,7,1,1
10035,31.0,1,999,0,-1.8,92.893,-46.2,1.25,5099.1,999.0,0,1.0,0.0,0.0,2,5,0.0,6,5,1,1
10036,42.0,1,999,0,1.4,93.918,-42.7,4.963,5228.1,999.0,0,1.0,1.0,0.0,2,7,0.0,6,7,1,1
10037,35.0,2,999,0,1.4,94.465,-41.8,4.962,5228.1,999.0,0,0.0,0.0,1.0,2,6,0.0,5,6,1,1
10038,30.0,1,999,1,-0.1,93.2,-42.0,4.153,5195.8,999.0,1,0.0,0.0,0.0,2,5,0.0,9,11,1,2
10039,31.0,2,999,0,1.4,93.444,-36.1,4.965,5228.1,999.0,0,1.0,0.0,0.0,2,8,0.0,5,8,1,1
10040,30.0,2,999,0,1.4,93.444,-36.1,4.965,5228.1,999.0,0,0.0,0.0,0.0,1,7,0.0,6,8,2,1
10041,31.0,1,999,0,1.4,93.918,-42.7,4.962,5228.1,999.0,0,0.0,1.0,0.0,1,8,0.0,6,7,2,1
10042,31.0,5,999,0,1.4,93.918,-42.7,4.963,5228.1,999.0,0,0.0,0.0,0.0,1,6,0.0,3,7,1,1
10043,35.0,1,4,3,-3.0,92.713,-33.0,0.707,5023.5,0.133333333333,3,1.0,0.0,0.0,2,4,0.0,4,12,1,3
10044,37.0,1,999,0,1.1,93.994,-36.4,4.855,5191.0,999.0,0,1.0,0.0,1.0,1,7,0.0,5,5,1,1
10045,49.0,2,999,0,1.4,93.918,-42.7,4.968,5228.1,999.0,0,0.0,0.0,1.0,1,8,0.0,6,7,1,1
10046,49.0,1,999,0,-1.8,93.075,-47.1,1.405,5099.1,999.0,0,0.0,0.0,0.0,2,7,0.0,3,4,2,1
10047,42.0,5,999,0,1.4,93.918,-42.7,4.96,5228.1,999.0,0,1.0,0.0,0.0,1,5,0.0,4,7,2,1
10048,38.0,5,999,0,1.1,93.994,-36.4,4.855,5191.0,999.0,0,1.0,0.0,1.0,2,8,0.0,6,5,1,1
10049,31.0,2,999,1,-3.4,92.379,-29.8,0.797,5017.5,999.0,4,0.0,0.0,0.0,2,8,0.0,6,9,2,2
10050,29.0,6,999,0,1.1,93.994,-36.4,4.857,5191.0,999.0,0,1.0,0.0,1.0,2,6,0.0,4,5,2,1
10051,33.0,1,999,0,-1.8,92.893,-46.2,1.266,5099.1,999.0,0,1.0,0.0,0.0,1,5,0.0,6,5,1,1
10052,31.0,4,999,0,1.1,93.994,-36.4,4.86,5191.0,999.0,0,1.0,0.0,1.0,2,8,0.0,5,5,1,1
10053,36.0,1,999,0,1.4,93.918,-42.7,4.961,5228.1,999.0,0,0.0,0.0,0.0,1,5,0.0,6,7,1,1
10054,52.0,2,999,0,1.1,93.994,-36.4,4.857,5191.0,999.0,0,1.0,0.0,1.0,3,7,0.0,6,5,1,1
10055,31.0,1,999,1,-1.8,93.075,-47.1,1.41,5099.1,999.0,4,1.0,0.0,0.0,2,8,0.0,4,4,1,2
10056,52.0,11,999,0,1.4,93.444,-36.1,4.964,5228.1,999.0,0,0.0,0.0,0.0,2,8,0.0,12,8,1,1
10057,35.0,1,999,1,-1.8,92.893,-46.2,1.313,5099.1,999.0,3,1.0,0.0,0.0,2,4,0.0,4,5,1,2
10058,30.0,3,999,0,1.4,93.918,-42.7,4.963,5228.1,999.0,0,0.0,0.0,0.0,1,5,0.0,6,7,1,1
10059,33.0,1,999,0,-0.1,93.2,-42.0,4.12,5195.8,999.0,0,1.0,0.0,0.0,2,5,0.0,6,11,1,1
10060,37.0,17,999,0,1.4,93.918,-42.7,4.962,5228.1,999.0,0,1.0,0.0,0.0,2,8,0.0,11,7,1,1
10061,30.0,4,999,0,1.4,93.918,-42.7,4.957,5228.1,999.0,0,0.0,0.0,0.0,1,8,0.0,1,7,1,1
10062,52.0,2,999,0,1.4,93.444,-36.1,4.963,5228.1,999.0,0,0.0,0.0,0.0,2,2,0.0,2,8,2,1
10063,31.0,1,999,0,1.1,93.994,-36.4,4.857,5191.0,999.0,0,1.0,0.0,1.0,2,8,0.0,9,5,2,1
10064,40.0,3,999,1,-3.4,92.431,-26.9,0.724,5017.5,999.0,2,0.0,0.0,0.0,2,8,0.0,6,10,1,2
10065,37.0,1,999,0,1.1,93.994,-36.4,4.86,5191.0,999.0,0,0.0,1.0,1.0,2,8,0.0,6,5,1,1
10066,31.0,1,999,0,-1.8,93.075,-47.1,1.365,5099.1,999.0,0,0.0,0.0,0.0,2,7,0.0,7,4,1,1
10067,33.0,1,999,0,1.4,93.918,-42.7,4.957,5228.1,999.0,0,1.0,0.0,0.0,1,7,0.0,3,7,1,1
10068,31.0,2,999,0,-1.8,92.893,-46.2,1.299,5099.1,999.0,0,1.0,1.0,0.0,2,4,0.0,4,5,1,1
10069,28.0,2,999,0,1.1,93.994,-36.4,4.859,5191.0,999.0,0,1.0,0.0,1.0,1,8,0.0,9,5,1,1
10070,38.0,2,999,0,1.1,93.994,-36.4,4.855,5191.0,999.0,0,0.0,0.0,1.0,2,4,0.0,6,5,1,1
10071,48.0,2,999,0,-0.1,93.2,-42.0,4.12,5195.8,999.0,0,0.0,0.0,0.0,2,7,0.0,3,11,1,1
10072,46.0,1,999,0,1.4,93.444,-36.1,4.968,5228.1,999.0,0,0.0,0.0,0.0,2,4,0.0,4,8,1,1
10073,51.0,1,3,1,-3.4,92.379,-29.8,0.77,5017.5,0.1,3,1.0,0.0,0.0,2,8,0.0,9,9,1,3
10074,55.0,2,999,0,-1.8,92.893,-46.2,1.281,5099.1,999.0,0,0.0,1.0,0.0,1,5,0.0,9,5,1,1
10075,35.0,2,999,0,-1.8,93.075,-47.1,1.405,5099.1,999.0,0,1.0,0.0,0.0,1,7,0.0,6,4,1,1
10076,28.0,1,999,0,-1.7,94.055,-39.8,0.72,4991.6,999.0,0,0.0,0.0,1.0,1,7,0.0,9,6,2,1
10077,38.0,2,999,0,1.1,93.994,-36.4,4.858,5191.0,999.0,0,0.0,0.0,1.0,1,8,0.0,5,5,2,1
10078,31.0,3,999,0,1.4,93.918,-42.7,4.96,5228.1,999.0,0,0.0,0.0,0.0,2,4,0.0,5,7,2,1
10079,38.0,6,999,0,1.1,93.994,-36.4,4.857,5191.0,999.0,0,0.0,0.0,1.0,1,2,0.0,4,5,2,1
10080,37.0,3,999,0,1.4,93.918,-42.7,4.96,5228.1,999.0,0,1.0,0.0,0.0,1,8,0.0,5,7,2,1
10081,39.0,1,999,1,-1.8,92.893,-46.2,1.244,5099.1,999.0,2,1.0,0.0,0.0,2,7,0.0,7,5,2,2
10082,31.0,1,3,1,-1.8,92.893,-46.2,1.27,5099.1,0.1,0,0.0,0.0,0.0,1,8,0.0,1,5,1,3
10083,51.0,2,999,0,1.4,93.918,-42.7,4.957,5228.1,999.0,0,0.0,0.0,0.0,2,4,0.0,8,7,1,1
10084,46.0,3,999,0,1.1,93.994,-36.4,4.858,5191.0,999.0,0,0.0,0.0,1.0,2,7,0.0,7,5,1,1
10085,29.0,1,999,0,1.4,93.918,-42.7,4.961,5228.1,999.0,0,1.0,0.0,0.0,1,8,0.0,4,7,1,1
10086,31.0,3,999,0,-1.8,93.075,-47.1,1.405,5099.1,999.0,0,0.0,0.0,0.0,2,8,0.0,6,4,1,1
10087,29.0,1,999,0,-2.9,92.963,-40.8,1.262,5076.2,999.0,0,0.0,0.0,0.0,1,8,0.0,10,6,1,1
10088,31.0,2,999,0,-1.8,93.075,-47.1,1.41,5099.1,999.0,0,1.0,0.0,0.0,1,8,0.0,5,4,1,1
10089,31.0,1,999,0,-1.8,92.893,-46.2,1.27,5099.1,999.0,0,0.0,0.0,0.0,2,2,0.0,4,5,1,1
10090,52.0,2,999,0,-1.8,92.893,-46.2,1.299,5099.1,999.0,0,0.0,0.0,0.0,2,8,0.0,4,5,2,1
10091,31.0,1,999,1,-1.8,92.893,-46.2,1.327,5099.1,999.0,3,1.0,0.0,0.0,2,8,0.0,4,5,1,2
10092,28.0,2,999,0,-1.8,92.893,-46.2,1.334,5099.1,999.0,0,1.0,0.0,0.0,1,7,0.0,6,5,1,1
10093,33.0,1,999,0,1.1,93.994,-36.4,4.855,5191.0,999.0,0,1.0,0.0,1.0,2,5,0.0,6,5,1,1
10094,25.0,5,999,0,1.4,93.918,-42.7,4.963,5228.1,999.0,0,0.0,0.0,0.0,2,4,0.0,4,7,1,1
10095,31.0,1,2,1,-2.9,92.963,-40.8,1.26,5076.2,0.0666666666667,4,0.0,0.0,0.0,2,5,0.0,6,6,1,3
10096,30.0,3,6,1,-1.1,94.199,-37.5,0.883,4963.6,0.2,2,0.0,0.0,0.0,1,8,0.0,6,9,1,3
10097,44.0,1,999,0,1.4,93.918,-42.7,4.962,5228.1,999.0,0,1.0,0.0,0.0,2,8,0.0,2,7,1,1
10098,53.0,1,999,0,-2.9,92.963,-40.8,1.215,5076.2,999.0,0,0.0,1.0,0.0,2,7,0.0,6,6,2,1
10099,38.0,1,999,0,-1.8,92.893,-46.2,1.344,5099.1,999.0,0,1.0,0.0,0.0,2,6,0.0,7,5,1,1
10100,35.0,5,999,0,1.4,93.918,-42.7,4.961,5228.1,999.0,0,1.0,0.0,0.0,1,4,0.0,4,7,1,1
10101,38.0,1,999,1,-0.1,93.2,-42.0,4.191,5195.8,999.0,1,1.0,0.0,0.0,1,4,0.0,6,11,2,2
10102,31.0,1,999,0,-1.8,93.075,-47.1,1.405,5099.1,999.0,0,1.0,0.0,0.0,2,7,0.0,6,4,1,1
10103,40.0,1,999,0,-1.8,92.893,-46.2,1.291,5099.1,999.0,0,0.0,0.0,0.0,1,2,0.0,4,5,1,1
10104,42.0,5,999,0,-1.8,92.893,-46.2,1.354,5099.1,999.0,0,1.0,0.0,0.0,2,7,0.0,6,5,2,1
10105,48.0,1,999,0,1.4,94.465,-41.8,4.961,5228.1,999.0,0,1.0,0.0,1.0,2,8,0.0,4,6,1,1
10106,35.0,4,999,0,1.4,93.918,-42.7,4.961,5228.1,999.0,0,0.0,1.0,0.0,2,3,0.0,4,7,1,1
10107,31.0,1,999,0,1.4,93.444,-36.1,4.962,5228.1,999.0,0,0.0,0.0,0.0,3,6,0.0,5,8,1,1
10108,26.0,6,999,0,-1.8,92.893,-46.2,1.291,5099.1,999.0,0,1.0,0.0,0.0,1,7,0.0,9,5,1,1
10109,46.0,1,999,0,1.4,94.465,-41.8,4.864,5228.1,999.0,0,0.0,0.0,1.0,2,6,0.0,4,6,1,1
10110,26.0,1,999,0,-1.7,94.055,-39.8,0.767,4991.6,999.0,0,0.0,0.0,0.0,2,5,0.0,6,6,1,1
10111,32.0,7,999,0,-1.8,92.893,-46.2,1.25,5099.1,999.0,0,1.0,1.0,0.0,2,6,0.0,5,5,1,1
10112,59.0,5,999,0,1.4,93.444,-36.1,4.964,5228.1,999.0,0,1.0,0.0,0.0,2,7,0.0,6,8,1,1
10113,52.0,1,999,0,1.4,94.465,-41.8,4.864,5228.1,999.0,0,0.0,0.0,1.0,2,8,0.0,8,6,1,1
10114,52.0,1,999,0,1.4,94.465,-41.8,4.864,5228.1,999.0,0,0.0,0.0,1.0,3,7,0.0,6,6,1,1
10115,36.0,3,999,0,1.4,94.465,-41.8,4.865,5228.1,999.0,0,1.0,0.0,1.0,2,7,0.0,6,6,2,1
10116,55.0,2,999,0,1.4,93.918,-42.7,4.962,5228.1,999.0,0,1.0,1.0,0.0,2,3,0.0,8,7,1,1
10117,58.0,1,999,0,1.4,94.465,-41.8,4.865,5228.1,999.0,0,1.0,0.0,1.0,2,4,0.0,8,6,2,1
10118,30.0,2,999,0,-3.4,92.431,-26.9,0.739,5017.5,999.0,0,1.0,0.0,0.0,1,5,0.0,9,10,2,1
10119,59.0,2,999,0,1.4,94.465,-41.8,4.955,5228.1,999.0,0,0.0,1.0,1.0,2,4,0.0,8,6,1,1
10120,31.0,1,999,0,1.1,93.994,-36.4,4.859,5191.0,999.0,0,1.0,0.0,1.0,1,5,0.0,4,5,1,1
10121,27.0,3,999,0,1.4,93.918,-42.7,4.963,5228.1,999.0,0,1.0,0.0,1.0,1,8,0.0,4,7,1,1
10122,36.0,1,999,0,1.4,93.918,-42.7,4.961,5228.1,999.0,0,0.0,0.0,0.0,1,8,0.0,6,7,1,1
10123,47.0,3,999,0,1.4,93.444,-36.1,4.965,5228.1,999.0,0,1.0,0.0,0.0,2,5,0.0,6,8,1,1
10124,50.0,1,999,0,-1.8,92.893,-46.2,1.299,5099.1,999.0,0,0.0,1.0,1.0,1,4,0.0,6,5,2,1
10125,50.0,1,999,1,-1.8,93.876,-40.0,0.682,5008.7,999.0,1,1.0,1.0,0.0,2,7,0.0,6,5,1,2
10126,32.0,1,999,0,1.1,93.994,-36.4,4.857,5191.0,999.0,0,0.0,0.0,1.0,2,5,0.0,9,5,1,1
10127,63.0,1,999,0,-1.8,93.075,-47.1,1.445,5099.1,999.0,0,0.0,0.0,1.0,2,8,0.0,8,4,1,1
10128,38.0,1,999,1,-1.8,92.893,-46.2,1.266,5099.1,999.0,4,1.0,1.0,0.0,2,2,0.0,4,5,1,2
10129,31.0,2,999,0,1.4,93.918,-42.7,4.96,5228.1,999.0,0,1.0,0.0,0.0,2,8,0.0,4,7,2,1
10130,59.0,10,999,0,1.4,93.444,-36.1,4.965,5228.1,999.0,0,1.0,0.0,0.0,2,7,0.0,8,8,1,1
10131,31.0,2,999,0,1.1,93.994,-36.4,4.857,5191.0,999.0,0,1.0,0.0,1.0,2,4,0.0,7,5,2,1
10132,31.0,1,999,0,-1.8,92.893,-46.2,1.25,5099.1,999.0,0,1.0,0.0,0.0,3,8,0.0,1,5,1,1
10133,31.0,6,999,0,-2.9,92.963,-40.8,1.26,5076.2,999.0,0,1.0,0.0,1.0,3,7,0.0,7,6,2,1
10134,31.0,6,999,0,-1.8,92.893,-46.2,1.299,5099.1,999.0,0,0.0,1.0,0.0,2,8,0.0,4,5,2,1
10135,31.0,4,999,0,1.4,93.918,-42.7,4.962,5228.1,999.0,0,1.0,0.0,0.0,3,5,0.0,6,7,1,1
10136,35.0,1,6,1,-1.7,94.027,-38.3,0.904,4991.6,0.2,2,1.0,0.0,0.0,2,5,0.0,10,8,2,3
10137,31.0,1,999,1,-2.9,92.963,-40.8,1.26,5076.2,999.0,3,0.0,0.0,0.0,3,5,0.0,6,6,1,2
10138,32.0,1,999,0,1.4,93.918,-42.7,4.968,5228.1,999.0,0,1.0,0.0,0.0,1,8,0.0,5,7,1,1
10139,31.0,2,999,0,1.1,93.994,-36.4,4.857,5191.0,999.0,0,0.0,0.0,1.0,2,3,0.0,8,5,2,1
10140,31.0,3,999,0,1.4,94.465,-41.8,4.866,5228.1,999.0,0,1.0,0.0,1.0,1,5,0.0,5,6,1,1
10141,30.0,3,999,0,1.4,93.444,-36.1,4.962,5228.1,999.0,0,1.0,1.0,0.0,1,7,0.0,5,8,1,1
10142,38.0,2,999,0,1.1,93.994,-36.4,4.856,5191.0,999.0,0,1.0,0.0,1.0,2,7,0.0,6,5,1,1
10143,49.0,2,999,0,1.4,93.918,-42.7,4.958,5228.1,999.0,0,0.0,0.0,0.0,3,8,0.0,5,7,1,1
10144,31.0,1,999,0,-0.1,93.2,-42.0,4.153,5195.8,999.0,0,0.0,0.0,1.0,2,8,0.0,5,11,1,1
10145,54.0,5,999,0,-1.8,92.893,-46.2,1.313,5099.1,999.0,0,0.0,0.0,0.0,2,7,0.0,5,5,1,1
10146,47.0,3,999,0,1.4,93.918,-42.7,4.962,5228.1,999.0,0,1.0,1.0,0.0,2,3,0.0,4,7,2,1
10147,35.0,3,999,0,1.4,93.918,-42.7,4.96,5228.1,999.0,0,1.0,0.0,0.0,1,7,0.0,7,7,2,1
10148,45.0,2,999,0,-1.8,93.075,-47.1,1.405,5099.1,999.0,0,1.0,1.0,0.0,2,8,0.0,4,4,1,1
10149,53.0,1,999,0,-0.1,93.2,-42.0,4.076,5195.8,999.0,0,1.0,0.0,0.0,3,7,0.0,3,11,1,1
10150,25.0,1,999,0,1.1,93.994,-36.4,4.858,5191.0,999.0,0,1.0,1.0,1.0,3,8,0.0,9,5,1,1
10151,31.0,2,999,0,1.4,94.465,-41.8,4.866,5228.1,999.0,0,1.0,0.0,1.0,2,8,0.0,4,6,1,1
10152,42.0,3,999,0,-0.1,93.2,-42.0,4.021,5195.8,999.0,0,1.0,0.0,0.0,3,5,0.0,9,11,1,1
10153,37.0,2,999,0,1.1,93.994,-36.4,4.855,5191.0,999.0,0,1.0,0.0,1.0,3,7,0.0,6,5,1,1
10154,36.0,1,999,0,-1.8,92.893,-46.2,1.344,5099.1,999.0,0,0.0,0.0,0.0,2,8,0.0,4,5,1,1
10155,37.0,1,999,0,1.1,93.994,-36.4,4.855,5191.0,999.0,0,1.0,0.0,1.0,2,8,0.0,6,5,1,1
10156,32.0,1,999,0,-1.8,92.893,-46.2,1.25,5099.1,999.0,0,1.0,1.0,0.0,2,7,0.0,7,5,1,1
10157,55.0,2,999,0,1.4,93.444,-36.1,4.967,5228.1,999.0,0,0.0,1.0,0.0,2,7,0.0,6,8,1,1
10158,31.0,3,999,0,-0.1,93.2,-42.0,4.12,5195.8,999.0,0,1.0,1.0,0.0,2,8,0.0,9,11,1,1
10159,55.0,1,999,0,-0.1,93.2,-42.0,4.153,5195.8,999.0,0,1.0,0.0,0.0,2,5,0.0,6,11,1,1
10160,31.0,2,999,0,1.4,94.465,-41.8,4.864,5228.1,999.0,0,1.0,0.0,1.0,2,2,0.0,12,6,1,1
10161,42.0,3,999,0,-1.8,93.075,-47.1,1.41,5099.1,999.0,0,0.0,0.0,0.0,3,5,0.0,6,4,1,1
10162,32.0,2,999,0,1.4,93.444,-36.1,4.962,5228.1,999.0,0,1.0,0.0,0.0,3,7,0.0,6,8,1,1
10163,31.0,5,999,0,1.4,93.918,-42.7,4.957,5228.1,999.0,0,1.0,0.0,0.0,2,4,0.0,4,7,1,1
10164,26.0,6,999,0,1.4,93.918,-42.7,4.957,5228.1,999.0,0,1.0,0.0,1.0,2,4,0.0,5,7,1,1
10165,36.0,1,999,0,-0.1,93.2,-42.0,4.12,5195.8,999.0,0,1.0,0.0,0.0,3,4,0.0,2,11,1,1
10166,36.0,1,999,0,1.4,93.918,-42.7,4.961,5228.1,999.0,0,0.0,0.0,0.0,1,5,0.0,6,7,1,1
10167,31.0,1,999,0,1.4,93.918,-42.7,4.956,5228.1,999.0,0,0.0,0.0,1.0,1,8,0.0,9,7,1,1
10168,36.0,1,999,0,-1.8,92.893,-46.2,1.266,5099.1,999.0,0,0.0,0.0,1.0,1,7,0.0,6,5,1,1
10169,31.0,1,999,0,1.4,93.444,-36.1,4.964,5228.1,999.0,0,1.0,0.0,0.0,2,7,0.0,6,8,1,1
10170,37.0,2,999,0,-1.8,93.075,-47.1,1.405,5099.1,999.0,0,1.0,0.0,0.0,3,5,0.0,3,4,1,1
10171,31.0,8,999,0,-1.8,93.075,-47.1,1.372,5099.1,999.0,0,1.0,0.0,1.0,1,7,0.0,5,4,1,1
10172,51.0,2,999,0,-1.8,93.075,-47.1,1.415,5099.1,999.0,0,1.0,0.0,0.0,2,8,0.0,3,4,1,1
10173,31.0,7,999,0,1.4,93.444,-36.1,4.963,5228.1,999.0,0,1.0,0.0,0.0,3,5,0.0,5,8,1,1
10174,30.0,6,999,0,1.4,94.465,-41.8,4.961,5228.1,999.0,0,0.0,0.0,1.0,2,7,0.0,5,6,1,1
10175,31.0,3,999,0,1.4,93.444,-36.1,4.965,5228.1,999.0,0,0.0,0.0,0.0,2,8,0.0,3,8,2,1
10176,31.0,1,999,0,-0.1,93.2,-42.0,4.153,5195.8,999.0,0,0.0,0.0,0.0,2,8,0.0,9,11,1,1
10177,71.0,1,999,0,-1.7,94.027,-38.3,0.904,4991.6,999.0,0,0.0,0.0,0.0,3,8,0.0,4,8,1,1
10178,31.0,1,999,0,-1.8,92.893,-46.2,1.334,5099.1,999.0,0,1.0,0.0,0.0,3,8,0.0,7,5,1,1
10179,60.0,1,999,0,1.1,93.994,-36.4,4.857,5191.0,999.0,0,0.0,0.0,1.0,2,4,0.0,4,5,2,1
10180,58.0,1,999,1,-1.8,92.893,-46.2,1.344,5099.1,999.0,2,1.0,0.0,0.0,2,5,0.0,8,5,1,2
10181,31.0,1,999,0,1.1,93.994,-36.4,4.858,5191.0,999.0,0,0.0,0.0,1.0,1,4,0.0,7,5,1,1
10182,31.0,1,4,1,-2.9,92.201,-31.4,0.884,5076.2,0.133333333333,0,1.0,0.0,0.0,2,5,0.0,4,8,2,3
10183,41.0,1,999,0,1.4,94.465,-41.8,4.865,5228.1,999.0,0,0.0,0.0,1.0,2,2,0.0,1,6,2,1
10184,48.0,3,999,0,1.4,93.918,-42.7,4.962,5228.1,999.0,0,1.0,0.0,0.0,2,7,0.0,3,7,1,1
10185,29.0,2,999,1,-1.8,92.893,-46.2,1.291,5099.1,999.0,1,0.0,0.0,0.0,2,5,0.0,6,5,1,2
10186,26.0,2,999,0,1.1,93.994,-36.4,4.857,5191.0,999.0,0,1.0,1.0,1.0,2,3,0.0,4,5,1,1
10187,31.0,1,999,0,-0.1,93.2,-42.0,4.191,5195.8,999.0,0,0.0,0.0,0.0,2,4,0.0,5,11,2,1
10188,31.0,3,999,0,1.4,94.465,-41.8,4.967,5228.1,999.0,0,1.0,0.0,1.0,2,8,0.0,7,6,1,1
10189,31.0,1,999,0,1.4,93.918,-42.7,4.961,5228.1,999.0,0,0.0,0.0,0.0,3,2,0.0,2,7,1,1
10190,45.0,2,999,0,1.4,93.444,-36.1,4.964,5228.1,999.0,0,0.0,0.0,0.0,2,8,0.0,9,8,1,1
10191,31.0,7,999,1,-0.1,93.2,-42.0,4.021,5195.8,999.0,3,1.0,0.0,0.0,2,8,0.0,4,11,1,2
10192,32.0,3,999,0,1.1,93.994,-36.4,4.856,5191.0,999.0,0,1.0,0.0,1.0,1,7,0.0,6,5,1,1
10193,31.0,1,999,0,-2.9,92.963,-40.8,1.262,5076.2,999.0,0,1.0,0.0,0.0,2,4,0.0,4,6,1,1
10194,21.0,2,999,1,-1.8,93.369,-34.8,0.655,5008.7,999.0,1,1.0,0.0,0.0,1,8,0.0,11,3,1,2
10195,70.0,3,999,0,-1.8,92.843,-50.0,1.811,5099.1,999.0,0,1.0,0.0,0.0,3,2,0.0,8,3,2,1
10196,48.0,2,999,0,1.1,93.994,-36.4,4.857,5191.0,999.0,0,0.0,0.0,1.0,3,5,0.0,6,5,1,1
10197,34.0,1,999,0,1.4,93.918,-42.7,4.963,5228.1,999.0,0,1.0,0.0,0.0,2,5,0.0,5,7,1,1
10198,37.0,1,999,0,1.1,93.994,-36.4,4.857,5191.0,999.0,0,0.0,0.0,1.0,2,5,0.0,4,5,1,1
10199,31.0,1,999,0,1.4,93.444,-36.1,4.968,5228.1,999.0,0,1.0,1.0,0.0,2,8,0.0,2,8,1,1
10200,54.0,4,999,1,-1.1,94.601,-49.5,0.987,4963.6,999.0,5,1.0,0.0,0.0,2,7,0.0,1,10,1,2
10201,42.0,3,999,0,1.4,93.918,-42.7,4.96,5228.1,999.0,0,1.0,0.0,0.0,3,7,0.0,1,7,2,1
10202,36.0,14,999,0,1.1,93.994,-36.4,4.857,5191.0,999.0,0,0.0,0.0,1.0,2,7,0.0,5,5,1,1
10203,31.0,1,999,0,1.4,93.444,-36.1,4.967,5228.1,999.0,0,1.0,1.0,0.0,2,6,0.0,5,8,1,1
10204,31.0,1,999,0,-2.9,92.201,-31.4,0.861,5076.2,999.0,0,0.0,0.0,1.0,1,7,0.0,6,8,1,1
10205,50.0,2,999,0,1.4,93.918,-42.7,4.958,5228.1,999.0,0,0.0,0.0,0.0,2,6,0.0,5,7,1,1
10206,33.0,11,999,0,1.4,93.918,-42.7,4.957,5228.1,999.0,0,1.0,0.0,0.0,2,4,0.0,4,7,1,1
10207,35.0,3,999,0,1.4,93.918,-42.7,4.962,5228.1,999.0,0,1.0,0.0,0.0,1,8,0.0,4,7,2,1
10208,23.0,1,999,1,-1.8,92.893,-46.2,1.281,5099.1,999.0,0,1.0,0.0,1.0,1,8,0.0,4,5,1,2
10209,40.0,1,999,0,1.4,94.465,-41.8,4.959,5228.1,999.0,0,0.0,0.0,1.0,2,8,0.0,4,6,1,1
10210,31.0,18,999,0,1.4,94.465,-41.8,4.959,5228.1,999.0,0,1.0,1.0,1.0,3,2,0.0,4,6,1,1
10211,51.0,2,999,0,1.4,93.918,-42.7,4.958,5228.1,999.0,0,1.0,0.0,0.0,2,8,0.0,4,7,1,1
10212,38.0,2,999,0,1.1,93.994,-36.4,4.859,5191.0,999.0,0,1.0,1.0,1.0,1,6,0.0,5,5,1,1
10213,28.0,3,999,0,1.1,93.994,-36.4,4.858,5191.0,999.0,0,1.0,0.0,1.0,1,8,0.0,12,5,1,1
10214,31.0,5,6,2,-1.7,94.215,-40.3,0.896,4991.6,0.2,4,0.0,0.0,0.0,1,5,0.0,9,7,1,3
10215,36.0,7,999,0,1.4,94.465,-41.8,4.959,5228.1,999.0,0,1.0,0.0,1.0,2,5,0.0,5,6,1,1
10216,62.0,1,6,1,-1.8,93.369,-34.8,0.646,5008.7,0.2,0,1.0,0.0,0.0,2,8,0.0,5,3,2,3
10217,50.0,1,999,0,1.4,94.465,-41.8,4.961,5228.1,999.0,0,0.0,0.0,1.0,2,6,0.0,5,6,1,1
10218,36.0,1,999,0,1.4,94.465,-41.8,4.864,5228.1,999.0,0,1.0,0.0,1.0,2,7,0.0,7,6,1,1
10219,25.0,2,999,0,1.4,93.918,-42.7,4.963,5228.1,999.0,0,0.0,0.0,1.0,2,4,0.0,4,7,1,1
10220,53.0,15,999,0,1.1,93.994,-36.4,4.86,5191.0,999.0,0,0.0,0.0,1.0,1,2,0.0,2,5,1,1
10221,35.0,2,999,0,1.1,93.994,-36.4,4.857,5191.0,999.0,0,0.0,0.0,1.0,2,3,0.0,4,5,1,1
10222,31.0,2,999,0,1.1,93.994,-36.4,4.858,5191.0,999.0,0,0.0,0.0,1.0,2,5,0.0,6,5,1,1
10223,27.0,3,999,0,1.4,93.918,-42.7,4.96,5228.1,999.0,0,1.0,0.0,0.0,1,4,0.0,4,7,2,1
10224,47.0,1,999,0,-1.8,92.893,-46.2,1.327,5099.1,999.0,0,1.0,0.0,0.0,3,8,0.0,5,5,1,1
10225,32.0,1,999,0,1.4,93.444,-36.1,4.962,5228.1,999.0,0,1.0,0.0,0.0,1,8,0.0,3,8,1,1
10226,33.0,1,999,0,1.4,93.444,-36.1,4.963,5228.1,999.0,0,1.0,1.0,0.0,2,7,0.0,6,8,1,1
10227,30.0,1,999,0,1.1,93.994,-36.4,4.859,5191.0,999.0,0,1.0,1.0,1.0,1,2,0.0,4,5,1,1
10228,28.0,1,3,1,-1.8,92.893,-46.2,1.266,5099.1,0.1,1,0.0,1.0,0.0,1,5,0.0,10,5,1,3
10229,31.0,6,999,0,1.4,94.465,-41.8,4.864,5228.1,999.0,0,0.0,0.0,1.0,1,7,0.0,6,6,1,1
10230,30.0,1,999,0,1.4,93.918,-42.7,4.958,5228.1,999.0,0,1.0,1.0,0.0,2,3,0.0,6,7,1,1
10231,37.0,6,999,0,1.1,93.994,-36.4,4.858,5191.0,999.0,0,1.0,0.0,1.0,2,8,0.0,4,5,2,1
10232,29.0,3,999,0,-1.8,92.843,-50.0,1.663,5099.1,999.0,0,1.0,0.0,0.0,2,7,0.0,1,3,1,1
10233,40.0,2,999,0,1.4,94.465,-41.8,4.866,5228.1,999.0,0,0.0,0.0,1.0,2,5,0.0,6,6,1,1
10234,31.0,1,999,0,-0.1,93.2,-42.0,4.12,5195.8,999.0,0,0.0,0.0,0.0,1,5,0.0,4,11,1,1
10235,38.0,2,999,0,-2.9,92.963,-40.8,1.224,5076.2,999.0,0,0.0,0.0,0.0,2,4,0.0,9,6,1,1
10236,22.0,4,999,0,-1.8,92.893,-46.2,1.25,5099.1,999.0,0,0.0,0.0,0.0,1,5,0.0,9,5,1,1
10237,31.0,17,999,0,1.1,93.994,-36.4,4.856,5191.0,999.0,0,1.0,0.0,1.0,1,7,0.0,11,5,1,1
10238,69.0,1,10,1,-1.8,93.876,-40.0,0.697,5008.7,0.333333333333,1,0.0,0.0,0.0,2,5,0.0,8,5,1,3
10239,35.0,1,999,0,1.4,93.444,-36.1,4.97,5228.1,999.0,0,1.0,0.0,0.0,2,7,0.0,3,8,2,1
10240,31.0,3,999,0,1.1,93.994,-36.4,4.857,5191.0,999.0,0,1.0,0.0,1.0,2,8,0.0,9,5,1,1
10241,49.0,2,999,0,1.4,93.918,-42.7,4.957,5228.1,999.0,0,0.0,0.0,0.0,3,8,0.0,4,7,1,1
10242,47.0,3,999,0,1.4,93.918,-42.7,4.962,5228.1,999.0,0,1.0,0.0,0.0,1,8,0.0,5,7,1,1
10243,31.0,10,999,0,1.1,93.994,-36.4,4.857,5191.0,999.0,0,1.0,0.0,1.0,2,2,0.0,2,5,1,1
10244,32.0,1,999,0,-1.8,92.893,-46.2,1.266,5099.1,999.0,0,0.0,1.0,0.0,2,7,0.0,4,5,1,1
10245,32.0,6,999,0,1.4,93.918,-42.7,4.968,5228.1,999.0,0,1.0,0.0,0.0,2,7,0.0,5,7,1,1
10246,54.0,2,999,0,-1.8,93.749,-34.6,0.642,5008.7,999.0,0,1.0,0.0,0.0,2,5,0.0,6,4,2,1
10247,31.0,1,999,0,1.4,93.918,-42.7,4.962,5228.1,999.0,0,1.0,1.0,0.0,2,5,0.0,9,7,1,1
10248,39.0,1,999,0,-3.4,92.431,-26.9,0.72,5017.5,999.0,0,1.0,0.0,0.0,1,7,0.0,5,10,1,1
10249,43.0,7,999,0,1.4,93.918,-42.7,4.962,5228.1,999.0,0,0.0,0.0,0.0,2,8,0.0,5,7,1,1
10250,35.0,7,999,0,1.4,93.444,-36.1,4.963,5228.1,999.0,0,1.0,0.0,0.0,1,7,0.0,5,8,1,1
10251,32.0,1,999,0,1.4,93.918,-42.7,4.96,5228.1,999.0,0,1.0,0.0,1.0,2,5,0.0,6,7,1,1
10252,31.0,1,999,0,1.4,93.444,-36.1,4.964,5228.1,999.0,0,0.0,1.0,0.0,1,7,0.0,5,8,1,1
10253,41.0,3,999,0,1.4,93.918,-42.7,4.961,5228.1,999.0,0,1.0,0.0,0.0,2,5,0.0,3,7,1,1
10254,39.0,1,999,0,-1.8,92.893,-46.2,1.25,5099.1,999.0,0,1.0,0.0,0.0,2,7,0.0,3,5,1,1
10255,31.0,1,999,0,-2.9,92.201,-31.4,0.873,5076.2,999.0,0,0.0,0.0,0.0,2,7,0.0,3,8,1,1
10256,31.0,3,999,0,1.4,93.918,-42.7,4.963,5228.1,999.0,0,1.0,0.0,0.0,2,7,0.0,5,7,1,1
10257,82.0,1,999,1,-3.4,92.431,-26.9,0.744,5017.5,999.0,3,1.0,1.0,0.0,2,7,0.0,8,10,1,2
10258,54.0,1,999,1,-1.8,92.893,-46.2,1.327,5099.1,999.0,1,1.0,0.0,0.0,1,7,0.0,5,5,1,2
10259,31.0,1,999,0,-1.8,92.893,-46.2,1.299,5099.1,999.0,0,1.0,0.0,0.0,2,4,0.0,5,5,2,1
10260,31.0,1,999,0,1.4,94.465,-41.8,4.865,5228.1,999.0,0,0.0,0.0,1.0,2,8,0.0,5,6,2,1
10261,26.0,2,999,0,1.4,94.465,-41.8,4.962,5228.1,999.0,0,0.0,0.0,1.0,1,5,0.0,6,6,1,1
10262,39.0,2,999,0,1.4,94.465,-41.8,4.96,5228.1,999.0,0,1.0,0.0,1.0,2,7,0.0,3,6,1,1
10263,46.0,4,999,0,1.4,93.444,-36.1,4.965,5228.1,999.0,0,0.0,0.0,0.0,2,8,0.0,2,8,1,1
10264,35.0,2,999,0,1.4,93.444,-36.1,4.963,5228.1,999.0,0,0.0,0.0,0.0,2,7,0.0,3,8,1,1
10265,31.0,6,999,0,1.4,94.465,-41.8,4.864,5228.1,999.0,0,0.0,0.0,1.0,2,4,0.0,4,6,1,1
10266,31.0,3,999,0,1.4,94.465,-41.8,4.959,5228.1,999.0,0,0.0,0.0,1.0,1,7,0.0,3,6,1,1
10267,35.0,1,999,0,-1.8,92.893,-46.2,1.266,5099.1,999.0,0,1.0,0.0,0.0,2,8,0.0,4,5,1,1
10268,65.0,4,999,0,-1.1,94.601,-49.5,0.965,4963.6,999.0,0,1.0,0.0,1.0,2,8,0.0,8,10,1,1
10269,31.0,2,999,0,1.1,93.994,-36.4,4.859,5191.0,999.0,0,1.0,0.0,1.0,2,5,0.0,6,5,1,1
10270,38.0,5,999,0,1.4,93.918,-42.7,4.961,5228.1,999.0,0,0.0,0.0,1.0,1,2,0.0,4,7,1,1
10271,31.0,3,999,0,1.4,94.465,-41.8,4.947,5228.1,999.0,0,1.0,0.0,1.0,2,4,0.0,4,6,1,1
10272,31.0,1,999,0,1.1,93.994,-36.4,4.859,5191.0,999.0,0,1.0,0.0,1.0,1,7,0.0,11,5,1,1
10273,31.0,2,999,0,-0.1,93.2,-42.0,4.191,5195.8,999.0,0,0.0,0.0,0.0,3,7,0.0,7,11,2,1
10274,46.0,1,999,0,-1.8,93.876,-40.0,0.692,5008.7,999.0,0,0.0,0.0,0.0,2,7,0.0,6,5,1,1
10275,31.0,4,999,0,1.4,93.444,-36.1,4.964,5228.1,999.0,0,1.0,0.0,0.0,3,7,0.0,6,8,1,1
10276,40.0,2,999,0,1.4,93.444,-36.1,4.963,5228.1,999.0,0,1.0,0.0,0.0,3,7,0.0,6,8,1,1
10277,24.0,2,999,0,-1.8,92.893,-46.2,1.27,5099.1,999.0,0,1.0,0.0,0.0,1,7,0.0,6,5,1,1
10278,40.0,2,999,0,1.4,93.918,-42.7,4.96,5228.1,999.0,0,1.0,0.0,1.0,2,4,0.0,4,7,2,1
10279,29.0,2,999,0,1.4,93.918,-42.7,4.962,5228.1,999.0,0,0.0,0.0,0.0,1,5,0.0,6,7,1,1
10280,52.0,3,999,0,-0.1,93.2,-42.0,4.191,5195.8,999.0,0,1.0,1.0,0.0,2,8,0.0,3,11,2,1
10281,45.0,1,3,2,-2.9,92.201,-31.4,0.879,5076.2,0.1,6,0.0,0.0,0.0,1,4,0.0,4,8,1,3
10282,35.0,4,999,0,1.4,94.465,-41.8,4.959,5228.1,999.0,0,0.0,1.0,1.0,2,4,0.0,6,6,1,1
10283,31.0,3,999,0,-1.7,94.027,-38.3,0.896,4991.6,999.0,0,1.0,0.0,0.0,1,4,0.0,5,8,2,1
10284,40.0,4,999,0,1.4,93.918,-42.7,4.96,5228.1,999.0,0,1.0,0.0,0.0,2,5,0.0,5,7,2,1
10285,41.0,1,999,0,-1.8,92.893,-46.2,1.291,5099.1,999.0,0,1.0,0.0,0.0,2,5,0.0,3,5,1,1
10286,46.0,1,999,0,-0.1,93.2,-42.0,4.076,5195.8,999.0,0,1.0,0.0,0.0,2,4,0.0,10,11,1,1
10287,31.0,2,999,1,-0.1,93.2,-42.0,4.191,5195.8,999.0,4,1.0,1.0,1.0,2,7,0.0,6,11,2,2
10288,28.0,1,999,0,-1.8,92.893,-46.2,1.354,5099.1,999.0,0,1.0,0.0,0.0,2,8,0.0,6,5,1,1
10289,29.0,2,999,0,1.4,93.918,-42.7,4.963,5228.1,999.0,0,1.0,0.0,0.0,1,5,0.0,6,7,1,1
10290,48.0,1,999,0,1.4,93.444,-36.1,4.964,5228.1,999.0,0,1.0,0.0,0.0,2,5,0.0,9,8,1,1
10291,52.0,2,999,0,-0.1,93.2,-42.0,4.191,5195.8,999.0,0,1.0,0.0,0.0,2,7,0.0,7,11,2,1
10292,34.0,1,999,0,1.4,93.918,-42.7,4.962,5228.1,999.0,0,0.0,0.0,0.0,1,5,0.0,6,7,1,1
10293,43.0,10,999,0,1.4,93.444,-36.1,4.962,5228.1,999.0,0,1.0,0.0,0.0,2,7,0.0,6,8,1,1
10294,43.0,3,999,0,1.4,93.918,-42.7,4.968,5228.1,999.0,0,1.0,0.0,0.0,3,6,0.0,5,7,1,1
10295,44.0,1,999,0,1.1,93.994,-36.4,4.858,5191.0,999.0,0,1.0,1.0,1.0,2,3,0.0,12,5,2,1
10296,29.0,2,6,1,-1.7,94.215,-40.3,0.835,4991.6,0.2,2,1.0,1.0,0.0,2,7,0.0,6,7,1,3
10297,27.0,2,999,0,1.4,94.465,-41.8,4.866,5228.1,999.0,0,0.0,0.0,1.0,1,7,0.0,6,6,1,1
10298,44.0,3,999,0,1.4,93.918,-42.7,4.963,5228.1,999.0,0,0.0,0.0,0.0,2,8,0.0,4,7,1,1
10299,53.0,1,999,0,1.1,93.994,-36.4,4.857,5191.0,999.0,0,1.0,0.0,1.0,3,7,0.0,5,5,1,1
10300,31.0,1,999,0,-0.1,93.2,-42.0,4.076,5195.8,999.0,0,1.0,0.0,0.0,1,7,0.0,6,11,1,1
10301,40.0,2,999,0,1.4,93.918,-42.7,4.96,5228.1,999.0,0,1.0,1.0,0.0,2,5,0.0,6,7,2,1
10302,52.0,2,999,0,1.4,93.918,-42.7,4.96,5228.1,999.0,0,1.0,0.0,0.0,2,4,0.0,4,7,2,1
10303,29.0,6,999,0,1.4,93.918,-42.7,4.957,5228.1,999.0,0,1.0,0.0,1.0,1,7,0.0,6,7,1,1
10304,37.0,1,999,0,-2.9,92.963,-40.8,1.26,5076.2,999.0,0,1.0,0.0,0.0,2,5,0.0,9,6,1,1
10305,31.0,1,999,0,1.1,93.994,-36.4,4.857,5191.0,999.0,0,1.0,1.0,1.0,2,6,0.0,5,5,1,1
10306,31.0,2,999,0,1.4,94.465,-41.8,4.864,5228.1,999.0,0,1.0,0.0,1.0,1,7,0.0,3,6,1,1
10307,31.0,1,999,1,-1.8,92.893,-46.2,1.313,5099.1,999.0,0,0.0,0.0,0.0,2,5,0.0,5,5,1,2
10308,31.0,1,999,0,-0.1,93.2,-42.0,4.021,5195.8,999.0,0,0.0,0.0,0.0,2,8,0.0,3,11,1,1
10309,32.0,4,999,0,1.4,93.918,-42.7,4.962,5228.1,999.0,0,0.0,0.0,0.0,2,6,0.0,3,7,2,1
10310,33.0,1,999,0,1.4,93.918,-42.7,4.962,5228.1,999.0,0,1.0,1.0,0.0,2,8,0.0,9,7,1,1
10311,57.0,2,999,1,-1.8,93.075,-47.1,1.405,5099.1,999.0,1,1.0,0.0,0.0,2,5,0.0,9,4,2,2
10312,31.0,13,999,0,1.4,93.918,-42.7,4.962,5228.1,999.0,0,1.0,0.0,0.0,2,7,0.0,6,7,1,1
10313,31.0,1,999,1,-1.1,94.199,-37.5,0.886,4963.6,999.0,1,1.0,0.0,0.0,2,7,0.0,6,9,1,2
10314,31.0,4,999,0,1.4,93.918,-42.7,4.957,5228.1,999.0,0,0.0,0.0,0.0,3,5,0.0,7,7,1,1
10315,37.0,1,999,0,1.4,93.444,-36.1,4.963,5228.1,999.0,0,1.0,0.0,0.0,2,6,0.0,5,8,1,1
10316,20.0,2,999,0,-1.8,93.749,-34.6,0.663,5008.7,999.0,0,1.0,1.0,0.0,1,8,0.0,11,4,1,1
10317,40.0,5,999,0,1.4,93.918,-42.7,4.963,5228.1,999.0,0,0.0,0.0,1.0,3,7,0.0,6,7,1,1
10318,72.0,1,999,0,-2.9,92.201,-31.4,0.861,5076.2,999.0,0,0.0,0.0,0.0,3,8,0.0,8,8,2,1
10319,39.0,3,999,0,-1.8,92.893,-46.2,1.334,5099.1,999.0,0,1.0,1.0,0.0,1,2,0.0,4,5,1,1
10320,45.0,2,999,0,1.1,93.994,-36.4,4.859,5191.0,999.0,0,0.0,0.0,1.0,2,7,0.0,6,5,1,1
10321,34.0,2,999,1,-1.8,92.893,-46.2,1.281,5099.1,999.0,1,1.0,0.0,0.0,1,5,0.0,6,5,1,2
10322,33.0,5,999,0,1.1,93.994,-36.4,4.857,5191.0,999.0,0,0.0,0.0,1.0,1,5,0.0,9,5,2,1
10323,42.0,1,999,0,1.1,93.994,-36.4,4.858,5191.0,999.0,0,1.0,0.0,1.0,2,8,0.0,4,5,2,1
10324,46.0,3,999,1,-2.9,92.201,-31.4,0.884,5076.2,999.0,1,0.0,0.0,1.0,2,6,0.0,4,8,2,2
10325,31.0,1,999,1,-0.1,93.2,-42.0,4.021,5195.8,999.0,4,1.0,0.0,0.0,2,7,0.0,6,11,1,2
10326,31.0,2,999,1,-1.8,92.893,-46.2,1.266,5099.1,999.0,1,1.0,1.0,0.0,2,3,0.0,4,5,1,2
10327,31.0,1,999,0,1.1,93.994,-36.4,4.856,5191.0,999.0,0,1.0,0.0,1.0,2,5,0.0,6,5,1,1
10328,31.0,2,999,0,-0.1,93.2,-42.0,4.021,5195.8,999.0,0,1.0,0.0,0.0,2,8,0.0,5,11,1,1
10329,31.0,4,999,0,1.1,93.994,-36.4,4.86,5191.0,999.0,0,0.0,0.0,1.0,2,7,0.0,6,5,1,1
10330,32.0,1,999,0,-3.4,92.431,-26.9,0.73,5017.5,999.0,0,1.0,0.0,0.0,2,7,0.0,6,10,1,1
10331,50.0,1,999,1,-2.9,92.963,-40.8,1.252,5076.2,999.0,2,1.0,0.0,0.0,2,6,0.0,1,6,1,2
10332,32.0,21,999,0,1.4,94.465,-41.8,4.864,5228.1,999.0,0,0.0,1.0,1.0,3,7,0.0,1,6,1,1
10333,24.0,2,999,0,-1.8,92.893,-46.2,1.27,5099.1,999.0,0,1.0,1.0,0.0,1,6,0.0,5,5,1,1
10334,36.0,1,999,0,1.4,93.918,-42.7,4.968,5228.1,999.0,0,0.0,0.0,0.0,1,5,0.0,4,7,1,1
10335,31.0,2,999,0,-0.1,93.2,-42.0,4.12,5195.8,999.0,0,0.0,0.0,0.0,1,2,0.0,6,11,1,1
10336,40.0,1,999,0,1.1,93.994,-36.4,4.857,5191.0,999.0,0,0.0,1.0,1.0,2,6,0.0,5,5,1,1
10337,34.0,5,999,0,-1.8,93.075,-47.1,1.423,5099.1,999.0,0,0.0,0.0,0.0,1,7,0.0,1,4,1,1
10338,36.0,2,999,0,-1.8,92.893,-46.2,1.327,5099.1,999.0,0,0.0,0.0,0.0,2,6,0.0,6,5,1,1
10339,29.0,2,999,0,1.1,93.994,-36.4,4.86,5191.0,999.0,0,0.0,0.0,1.0,1,8,0.0,9,5,1,1
10340,51.0,3,999,0,1.1,93.994,-36.4,4.857,5191.0,999.0,0,1.0,0.0,1.0,1,8,0.0,7,5,2,1
10341,80.0,2,6,2,-1.7,94.215,-40.3,0.899,4991.6,0.2,4,0.0,1.0,0.0,3,2,0.0,8,7,1,3
10342,43.0,1,999,0,-3.4,92.379,-29.8,0.75,5017.5,999.0,0,0.0,0.0,0.0,2,3,0.0,9,9,1,1
10343,30.0,1,999,0,-0.1,93.2,-42.0,4.076,5195.8,999.0,0,0.0,0.0,1.0,1,4,0.0,6,11,1,1
10344,37.0,8,999,0,1.4,94.465,-41.8,4.866,5228.1,999.0,0,0.0,0.0,1.0,1,3,0.0,4,6,1,1
10345,31.0,2,999,0,1.4,93.444,-36.1,4.968,5228.1,999.0,0,1.0,0.0,0.0,2,7,0.0,6,8,1,1
10346,48.0,1,999,0,-2.9,92.201,-31.4,0.861,5076.2,999.0,0,1.0,0.0,0.0,2,5,0.0,5,8,2,1
10347,30.0,1,999,1,-1.8,92.893,-46.2,1.281,5099.1,999.0,2,0.0,0.0,0.0,2,5,0.0,6,5,1,2
10348,32.0,3,999,0,-1.8,92.893,-46.2,1.25,5099.1,999.0,0,1.0,0.0,0.0,2,8,0.0,4,5,1,1
10349,47.0,1,999,0,1.4,93.918,-42.7,4.961,5228.1,999.0,0,1.0,0.0,1.0,3,8,0.0,9,7,1,1
10350,40.0,3,999,0,-1.8,93.075,-47.1,1.405,5099.1,999.0,0,1.0,0.0,0.0,1,7,0.0,1,4,2,1
10351,40.0,2,999,0,1.4,94.465,-41.8,4.967,5228.1,999.0,0,0.0,0.0,1.0,2,2,0.0,4,6,1,1
10352,31.0,1,999,0,1.4,93.444,-36.1,4.964,5228.1,999.0,0,1.0,0.0,0.0,2,8,0.0,5,8,1,1
10353,52.0,5,999,0,1.1,93.994,-36.4,4.859,5191.0,999.0,0,1.0,0.0,1.0,2,7,0.0,7,5,1,1
10354,35.0,2,999,0,-1.8,92.893,-46.2,1.299,5099.1,999.0,0,1.0,1.0,0.0,1,8,0.0,6,5,2,1
10355,31.0,3,999,0,-1.8,93.075,-47.1,1.406,5099.1,999.0,0,1.0,1.0,1.0,2,7,0.0,6,4,1,1
10356,31.0,2,999,0,1.4,94.465,-41.8,4.865,5228.1,999.0,0,1.0,0.0,1.0,2,5,0.0,6,6,2,1
10357,34.0,4,999,0,1.4,93.444,-36.1,4.968,5228.1,999.0,0,0.0,1.0,0.0,2,6,0.0,4,8,1,1
10358,31.0,2,999,0,-1.8,92.893,-46.2,1.244,5099.1,999.0,0,1.0,1.0,0.0,1,4,0.0,4,5,2,1
10359,66.0,4,999,2,-1.8,93.369,-34.8,0.654,5008.7,999.0,2,1.0,0.0,0.0,3,2,0.0,8,3,1,2
10360,31.0,1,999,0,1.1,93.994,-36.4,4.855,5191.0,999.0,0,0.0,0.0,1.0,2,2,0.0,4,5,1,1
10361,36.0,1,4,1,-2.9,92.201,-31.4,0.881,5076.2,0.133333333333,5,1.0,0.0,0.0,2,4,0.0,9,8,1,3
10362,24.0,1,999,0,1.4,93.918,-42.7,4.963,5228.1,999.0,0,1.0,0.0,0.0,1,4,0.0,9,7,1,1
10363,37.0,2,999,0,-1.8,92.893,-46.2,1.313,5099.1,999.0,0,1.0,1.0,0.0,2,2,0.0,4,5,1,1
10364,38.0,12,999,0,1.4,94.465,-41.8,4.958,5228.1,999.0,0,0.0,0.0,1.0,2,8,0.0,4,6,1,1
10365,36.0,2,999,0,-1.8,92.893,-46.2,1.299,5099.1,999.0,0,1.0,0.0,0.0,1,6,0.0,5,5,1,1
10366,53.0,1,999,0,1.4,94.465,-41.8,4.959,5228.1,999.0,0,1.0,0.0,1.0,2,2,0.0,4,6,1,1
10367,31.0,1,999,0,-0.1,93.2,-42.0,4.12,5195.8,999.0,0,1.0,0.0,0.0,2,6,0.0,5,11,1,1
10368,38.0,2,999,0,1.1,93.994,-36.4,4.856,5191.0,999.0,0,0.0,0.0,1.0,1,4,0.0,4,5,1,1
10369,60.0,1,999,0,1.4,93.918,-42.7,4.96,5228.1,999.0,0,1.0,1.0,0.0,2,4,0.0,4,7,2,1
10370,31.0,2,999,0,1.1,93.994,-36.4,4.859,5191.0,999.0,0,1.0,0.0,1.0,2,8,0.0,4,5,1,1
10371,29.0,2,999,0,-1.8,92.893,-46.2,1.313,5099.1,999.0,0,0.0,1.0,0.0,2,8,0.0,9,5,1,1
10372,31.0,1,999,0,-1.8,93.075,-47.1,1.365,5099.1,999.0,0,1.0,0.0,0.0,1,7,0.0,3,4,1,1
10373,29.0,2,999,0,-0.1,93.2,-42.0,4.153,5195.8,999.0,0,1.0,0.0,0.0,2,6,0.0,5,11,1,1
10374,31.0,2,999,0,1.4,94.465,-41.8,4.961,5228.1,999.0,0,0.0,0.0,1.0,2,8,0.0,4,6,2,1
10375,31.0,11,999,0,1.4,94.465,-41.8,4.959,5228.1,999.0,0,0.0,0.0,1.0,1,7,0.0,6,6,1,1
10376,34.0,2,999,1,-1.8,92.893,-46.2,1.313,5099.1,999.0,1,0.0,0.0,0.0,1,7,0.0,3,5,1,2
10377,31.0,6,999,0,1.4,94.465,-41.8,4.958,5228.1,999.0,0,0.0,0.0,1.0,2,8,0.0,4,6,1,1
10378,33.0,1,999,0,-1.8,92.893,-46.2,1.334,5099.1,999.0,0,1.0,1.0,1.0,2,8,0.0,6,5,1,1
10379,46.0,1,999,0,1.4,93.444,-36.1,4.964,5228.1,999.0,0,1.0,0.0,0.0,2,2,0.0,2,8,1,1
10380,55.0,1,999,0,-1.8,92.893,-46.2,1.344,5099.1,999.0,0,1.0,0.0,0.0,2,8,0.0,1,5,1,1
10381,31.0,1,999,0,1.1,93.994,-36.4,4.858,5191.0,999.0,0,0.0,0.0,1.0,1,8,0.0,6,5,1,1
10382,61.0,1,999,1,-3.0,92.713,-33.0,0.715,5023.5,999.0,0,0.0,0.0,0.0,2,8,0.0,6,12,1,2
10383,60.0,3,999,0,1.4,93.918,-42.7,4.96,5228.1,999.0,0,1.0,0.0,0.0,2,7,0.0,8,7,2,1
10384,31.0,1,999,0,-2.9,92.201,-31.4,0.873,5076.2,999.0,0,0.0,0.0,0.0,2,5,0.0,9,8,1,1
10385,38.0,3,999,0,-1.8,92.893,-46.2,1.344,5099.1,999.0,0,1.0,0.0,0.0,2,8,0.0,4,5,1,1
10386,48.0,1,999,1,-0.1,93.2,-42.0,4.076,5195.8,999.0,3,0.0,0.0,0.0,2,7,0.0,6,11,1,2
10387,41.0,1,999,0,1.1,93.994,-36.4,4.86,5191.0,999.0,0,0.0,0.0,1.0,2,4,0.0,4,5,1,1
10388,69.0,1,999,0,-1.8,93.075,-47.1,1.365,5099.1,999.0,0,1.0,0.0,0.0,2,8,0.0,8,4,1,1
10389,48.0,3,999,0,1.4,93.918,-42.7,4.962,5228.1,999.0,0,0.0,0.0,0.0,1,8,0.0,6,7,1,1
10390,38.0,2,999,0,1.1,93.994,-36.4,4.855,5191.0,999.0,0,0.0,0.0,1.0,1,4,0.0,4,5,1,1
10391,41.0,1,999,1,-1.8,93.075,-47.1,1.41,5099.1,999.0,2,0.0,0.0,0.0,2,8,0.0,4,4,1,2
10392,31.0,1,999,0,-0.1,93.2,-42.0,4.12,5195.8,999.0,0,1.0,1.0,0.0,2,8,0.0,6,11,1,1
10393,31.0,4,999,0,1.4,93.444,-36.1,4.966,5228.1,999.0,0,0.0,0.0,0.0,2,6,0.0,4,8,1,1
10394,30.0,3,999,0,-1.8,92.893,-46.2,1.327,5099.1,999.0,0,1.0,0.0,0.0,1,8,0.0,5,5,1,1
10395,34.0,14,999,0,1.4,94.465,-41.8,4.959,5228.1,999.0,0,0.0,0.0,1.0,2,5,0.0,9,6,1,1
10396,26.0,1,999,0,-1.8,92.893,-46.2,1.291,5099.1,999.0,0,0.0,0.0,0.0,2,2,0.0,4,5,1,1
10397,32.0,1,3,1,-2.9,92.201,-31.4,0.879,5076.2,0.1,4,1.0,0.0,0.0,2,6,0.0,5,8,1,3
10398,43.0,2,999,0,1.4,94.465,-41.8,4.959,5228.1,999.0,0,1.0,0.0,1.0,2,4,0.0,4,6,1,1
10399,39.0,12,999,0,1.4,94.465,-41.8,4.864,5228.1,999.0,0,1.0,0.0,1.0,2,7,0.0,6,6,1,1
10400,41.0,1,999,1,-0.1,93.2,-42.0,4.12,5195.8,999.0,3,1.0,0.0,0.0,1,7,0.0,6,11,1,2
10401,34.0,2,999,0,1.4,94.465,-41.8,4.959,5228.1,999.0,0,0.0,0.0,1.0,2,7,0.0,6,6,1,1
10402,31.0,5,999,0,1.1,93.994,-36.4,4.857,5191.0,999.0,0,0.0,0.0,1.0,2,4,0.0,4,5,1,1
10403,58.0,2,999,0,1.4,94.465,-41.8,4.959,5228.1,999.0,0,0.0,0.0,1.0,2,8,0.0,5,6,1,1
10404,26.0,5,999,0,1.4,94.465,-41.8,4.959,5228.1,999.0,0,1.0,0.0,1.0,2,8,0.0,6,6,1,1
10405,31.0,1,999,1,-1.8,92.893,-46.2,1.291,5099.1,999.0,2,1.0,0.0,0.0,3,5,0.0,5,5,1,2
10406,28.0,2,999,0,1.4,94.465,-41.8,4.866,5228.1,999.0,0,0.0,0.0,1.0,1,8,0.0,5,6,1,1
10407,34.0,6,999,0,1.4,93.918,-42.7,4.961,5228.1,999.0,0,1.0,0.0,0.0,3,7,0.0,3,7,1,1
10408,39.0,1,999,0,-3.4,92.431,-26.9,0.72,5017.5,999.0,0,0.0,1.0,0.0,1,8,0.0,5,10,1,1
10409,43.0,1,999,0,-0.1,93.2,-42.0,4.021,5195.8,999.0,0,1.0,0.0,1.0,1,7,0.0,6,11,1,1
10410,55.0,3,999,0,1.4,93.444,-36.1,4.965,5228.1,999.0,0,1.0,0.0,0.0,2,8,0.0,4,8,1,1
10411,44.0,1,999,0,1.1,93.994,-36.4,4.86,5191.0,999.0,0,1.0,0.0,1.0,1,2,0.0,4,5,1,1
10412,39.0,1,999,0,1.1,93.994,-36.4,4.857,5191.0,999.0,0,1.0,0.0,1.0,2,6,0.0,6,5,1,1
10413,30.0,4,999,0,1.4,93.444,-36.1,4.964,5228.1,999.0,0,0.0,0.0,0.0,2,6,0.0,5,8,1,1
10414,31.0,1,999,1,-1.8,92.893,-46.2,1.299,5099.1,999.0,1,1.0,1.0,0.0,1,6,0.0,5,5,2,2
10415,38.0,2,999,0,-1.8,92.893,-46.2,1.291,5099.1,999.0,0,0.0,1.0,0.0,2,8,0.0,4,5,1,1
10416,47.0,2,999,0,1.1,93.994,-36.4,4.856,5191.0,999.0,0,0.0,0.0,1.0,2,4,0.0,4,5,1,1
10417,31.0,1,999,0,-1.8,93.075,-47.1,1.445,5099.1,999.0,0,1.0,0.0,0.0,1,6,0.0,5,4,1,1
10418,19.0,1,999,1,-1.1,94.767,-50.8,1.048,4963.6,999.0,5,1.0,0.0,0.0,1,4,0.0,11,11,1,2
10419,48.0,2,999,0,1.4,93.444,-36.1,4.964,5228.1,999.0,0,1.0,0.0,0.0,2,8,0.0,9,8,1,1
10420,31.0,2,999,0,-1.8,92.893,-46.2,1.266,5099.1,999.0,0,0.0,0.0,0.0,1,8,0.0,4,5,1,1
10421,31.0,1,999,1,-1.8,92.893,-46.2,1.299,5099.1,999.0,1,1.0,0.0,0.0,3,5,0.0,6,5,2,2
10422,43.0,1,999,0,1.1,93.994,-36.4,4.857,5191.0,999.0,0,0.0,0.0,1.0,2,4,0.0,4,5,1,1
10423,52.0,1,999,0,1.4,93.444,-36.1,4.966,5228.1,999.0,0,1.0,0.0,0.0,2,8,0.0,2,8,1,1
10424,51.0,3,999,0,1.1,93.994,-36.4,4.864,5191.0,999.0,0,1.0,0.0,1.0,2,8,0.0,4,5,1,1
10425,31.0,2,999,0,1.4,93.918,-42.7,4.961,5228.1,999.0,0,1.0,0.0,0.0,1,5,0.0,5,7,1,1
10426,31.0,4,999,0,1.1,93.994,-36.4,4.857,5191.0,999.0,0,1.0,0.0,1.0,1,8,0.0,4,5,2,1
10427,35.0,2,999,0,1.1,93.994,-36.4,4.857,5191.0,999.0,0,0.0,0.0,1.0,2,8,0.0,9,5,1,1
10428,27.0,2,999,0,1.1,93.994,-36.4,4.857,5191.0,999.0,0,1.0,0.0,1.0,1,5,0.0,6,5,1,1
10429,43.0,1,999,0,-1.8,93.075,-47.1,1.405,5099.1,999.0,0,0.0,0.0,0.0,2,8,0.0,9,4,2,1
10430,39.0,2,999,0,1.1,93.994,-36.4,4.856,5191.0,999.0,0,1.0,0.0,1.0,2,4,0.0,4,5,1,1
10431,31.0,1,999,0,-1.7,94.027,-38.3,0.886,4991.6,999.0,0,1.0,0.0,1.0,1,5,0.0,6,8,1,1
10432,31.0,2,999,1,-1.8,92.893,-46.2,1.334,5099.1,999.0,0,0.0,1.0,0.0,2,5,0.0,9,5,1,2
10433,24.0,1,999,0,1.4,93.918,-42.7,4.96,5228.1,999.0,0,1.0,0.0,0.0,1,8,0.0,6,7,2,1
10434,33.0,4,999,0,-1.8,92.893,-46.2,1.334,5099.1,999.0,0,1.0,0.0,0.0,2,7,0.0,3,5,1,1
10435,31.0,1,999,0,-0.1,93.2,-42.0,4.12,5195.8,999.0,0,0.0,0.0,0.0,1,8,0.0,4,11,1,1
10436,36.0,2,4,1,-0.1,93.2,-42.0,4.191,5195.8,0.133333333333,4,1.0,0.0,0.0,1,7,0.0,1,11,2,3
10437,56.0,1,999,1,-1.8,93.369,-34.8,0.634,5008.7,999.0,1,1.0,0.0,0.0,3,2,0.0,10,3,1,2
10438,33.0,5,999,0,-1.8,92.893,-46.2,1.25,5099.1,999.0,0,0.0,0.0,0.0,1,7,0.0,9,5,1,1
10439,31.0,1,999,0,1.4,94.465,-41.8,4.959,5228.1,999.0,0,0.0,0.0,1.0,2,8,0.0,6,6,1,1
10440,31.0,19,999,0,1.1,93.994,-36.4,4.856,5191.0,999.0,0,1.0,1.0,1.0,1,8,0.0,5,5,1,1
10441,42.0,7,999,0,1.1,93.994,-36.4,4.857,5191.0,999.0,0,1.0,0.0,1.0,1,2,0.0,2,5,1,1
10442,34.0,2,999,0,1.4,94.465,-41.8,4.864,5228.1,999.0,0,1.0,0.0,1.0,2,7,0.0,6,6,1,1
10443,45.0,1,999,0,1.4,93.918,-42.7,4.962,5228.1,999.0,0,1.0,0.0,0.0,3,2,0.0,4,7,1,1
10444,31.0,9,999,0,1.4,93.918,-42.7,4.968,5228.1,999.0,0,1.0,0.0,0.0,2,4,0.0,9,7,1,1
10445,52.0,1,3,2,-1.8,93.876,-40.0,0.677,5008.7,0.1,8,0.0,0.0,0.0,2,8,0.0,6,5,1,3
10446,30.0,7,999,0,-1.8,92.843,-50.0,1.811,5099.1,999.0,0,1.0,0.0,1.0,2,7,0.0,3,3,2,1
10447,42.0,1,999,0,1.4,93.918,-42.7,4.962,5228.1,999.0,0,1.0,1.0,0.0,2,7,0.0,6,7,1,1
10448,29.0,1,999,1,-2.9,92.201,-31.4,0.869,5076.2,999.0,2,1.0,0.0,0.0,2,2,0.0,4,8,1,2
10449,33.0,1,999,0,-2.9,92.201,-31.4,0.873,5076.2,999.0,0,0.0,0.0,0.0,2,5,0.0,9,8,1,1
10450,37.0,1,999,1,-1.8,92.893,-46.2,1.327,5099.1,999.0,1,1.0,0.0,0.0,2,3,0.0,10,5,1,2
10451,31.0,2,999,0,1.1,93.994,-36.4,4.857,5191.0,999.0,0,0.0,0.0,1.0,2,7,0.0,7,5,1,1
10452,20.0,3,999,0,1.1,93.994,-36.4,4.855,5191.0,999.0,0,0.0,0.0,1.0,1,5,0.0,7,5,1,1
10453,32.0,4,999,0,1.4,93.918,-42.7,4.968,5228.1,999.0,0,0.0,0.0,0.0,2,7,0.0,6,7,1,1
10454,31.0,2,999,1,-0.1,93.2,-42.0,4.153,5195.8,999.0,2,0.0,0.0,0.0,2,7,0.0,6,11,1,2
10455,31.0,2,999,0,1.1,93.994,-36.4,4.856,5191.0,999.0,0,0.0,0.0,1.0,2,8,0.0,4,5,1,1
10456,41.0,2,999,1,-1.8,93.075,-47.1,1.405,5099.1,999.0,5,0.0,1.0,0.0,2,5,0.0,6,4,2,2
10457,26.0,1,999,0,-1.8,92.893,-46.2,1.327,5099.1,999.0,0,1.0,0.0,0.0,1,4,0.0,6,5,1,1
10458,31.0,3,999,0,1.4,93.444,-36.1,4.966,5228.1,999.0,0,1.0,0.0,0.0,2,7,0.0,5,8,1,1
10459,34.0,5,999,0,1.1,93.994,-36.4,4.857,5191.0,999.0,0,0.0,0.0,1.0,1,6,0.0,5,5,1,1
10460,53.0,1,999,0,1.4,93.444,-36.1,4.964,5228.1,999.0,0,0.0,0.0,0.0,2,6,0.0,5,8,1,1
10461,38.0,1,999,0,-1.8,92.893,-46.2,1.291,5099.1,999.0,0,1.0,0.0,0.0,2,4,0.0,4,5,1,1
10462,56.0,1,999,0,-3.4,92.649,-30.1,0.719,5017.5,999.0,0,1.0,0.0,0.0,2,7,0.0,8,11,1,1
10463,57.0,1,999,0,1.4,93.444,-36.1,4.965,5228.1,999.0,0,1.0,1.0,0.0,1,7,0.0,6,8,1,1
10464,28.0,5,999,0,-1.8,93.075,-47.1,1.423,5099.1,999.0,0,1.0,0.0,0.0,1,7,0.0,6,4,1,1
10465,31.0,1,999,0,1.4,93.444,-36.1,4.963,5228.1,999.0,0,1.0,0.0,0.0,3,8,0.0,6,8,1,1
10466,31.0,1,999,0,1.4,94.465,-41.8,4.864,5228.1,999.0,0,1.0,0.0,1.0,1,8,0.0,6,6,1,1
10467,31.0,1,999,0,1.4,93.918,-42.7,4.957,5228.1,999.0,0,1.0,0.0,0.0,3,8,0.0,4,7,1,1
10468,31.0,4,999,0,1.4,93.918,-42.7,4.96,5228.1,999.0,0,1.0,0.0,0.0,2,2,0.0,4,7,2,1
10469,31.0,2,999,0,1.1,93.994,-36.4,4.857,5191.0,999.0,0,1.0,0.0,1.0,2,8,0.0,6,5,2,1
10470,38.0,2,999,1,-1.8,92.893,-46.2,1.327,5099.1,999.0,1,0.0,1.0,0.0,1,8,0.0,6,5,1,2
10471,38.0,3,999,0,-0.1,93.2,-42.0,4.153,5195.8,999.0,0,1.0,0.0,0.0,2,2,0.0,7,11,1,1
10472,31.0,3,999,1,-0.1,93.2,-42.0,4.153,5195.8,999.0,1,0.0,0.0,0.0,1,5,0.0,6,11,1,2
10473,31.0,6,999,0,-1.8,92.893,-46.2,1.354,5099.1,999.0,0,0.0,0.0,0.0,2,5,0.0,9,5,2,1
10474,47.0,1,999,0,-0.1,93.2,-42.0,4.076,5195.8,999.0,0,0.0,0.0,0.0,2,4,0.0,6,11,1,1
10475,31.0,2,999,0,1.1,93.994,-36.4,4.86,5191.0,999.0,0,1.0,1.0,1.0,2,8,0.0,4,5,1,1
10476,35.0,1,999,0,1.4,93.444,-36.1,4.963,5228.1,999.0,0,1.0,1.0,0.0,2,5,0.0,5,8,1,1
10477,31.0,2,999,0,1.4,94.465,-41.8,4.958,5228.1,999.0,0,1.0,0.0,1.0,2,5,0.0,4,6,1,1
10478,39.0,3,999,0,-0.1,93.2,-42.0,4.021,5195.8,999.0,0,1.0,0.0,0.0,2,5,0.0,5,11,1,1
10479,57.0,2,999,0,1.1,93.994,-36.4,4.857,5191.0,999.0,0,0.0,0.0,1.0,1,5,0.0,8,5,2,1
10480,30.0,1,999,0,1.4,93.444,-36.1,4.964,5228.1,999.0,0,0.0,0.0,0.0,2,7,0.0,6,8,1,1
10481,35.0,2,999,0,1.1,93.994,-36.4,4.855,5191.0,999.0,0,1.0,0.0,1.0,1,8,0.0,5,5,1,1
10482,36.0,2,999,0,1.1,93.994,-36.4,4.86,5191.0,999.0,0,1.0,0.0,1.0,1,3,0.0,9,5,1,1
10483,45.0,1,4,1,-2.9,92.201,-31.4,0.879,5076.2,0.133333333333,2,1.0,0.0,0.0,1,4,0.0,4,8,1,3
10484,35.0,1,999,0,1.1,93.994,-36.4,4.855,5191.0,999.0,0,0.0,0.0,1.0,2,3,0.0,4,5,1,1
10485,38.0,1,999,0,1.1,93.994,-36.4,4.857,5191.0,999.0,0,0.0,0.0,1.0,2,6,0.0,4,5,2,1
10486,47.0,1,999,0,-1.8,92.893,-46.2,1.244,5099.1,999.0,0,1.0,0.0,0.0,2,6,0.0,7,5,2,1
10487,36.0,3,999,1,-1.8,92.893,-46.2,1.25,5099.1,999.0,4,1.0,1.0,0.0,3,8,0.0,5,5,1,2
10488,30.0,2,999,0,1.1,93.994,-36.4,4.858,5191.0,999.0,0,0.0,0.0,1.0,2,4,0.0,4,5,2,1
10489,31.0,3,999,0,1.4,94.465,-41.8,4.961,5228.1,999.0,0,1.0,0.0,1.0,1,8,0.0,10,6,1,1
10490,31.0,5,999,0,1.4,93.444,-36.1,4.964,5228.1,999.0,0,0.0,0.0,1.0,2,7,0.0,6,8,1,1
10491,29.0,1,999,0,1.4,93.444,-36.1,4.964,5228.1,999.0,0,0.0,0.0,0.0,1,5,0.0,6,8,1,1
10492,66.0,1,999,0,-2.9,92.201,-31.4,0.843,5076.2,999.0,0,0.0,1.0,0.0,2,7,0.0,8,8,2,1
10493,41.0,1,999,0,-1.7,94.055,-39.8,0.732,4991.6,999.0,0,1.0,0.0,1.0,2,7,0.0,7,6,1,1
10494,50.0,2,999,0,1.4,93.444,-36.1,4.965,5228.1,999.0,0,1.0,0.0,0.0,2,8,0.0,5,8,2,1
10495,32.0,1,5,1,-1.8,93.075,-47.1,1.41,5099.1,0.166666666667,2,0.0,0.0,0.0,2,4,0.0,4,4,1,3
10496,33.0,2,999,0,1.4,94.465,-41.8,4.865,5228.1,999.0,0,1.0,0.0,1.0,1,7,0.0,1,6,2,1
10497,42.0,3,999,0,-1.8,92.893,-46.2,1.313,5099.1,999.0,0,0.0,0.0,0.0,3,8,0.0,6,5,1,1
10498,39.0,1,999,1,-1.8,92.893,-46.2,1.291,5099.1,999.0,1,1.0,0.0,0.0,1,8,0.0,5,5,1,2
10499,33.0,1,999,0,1.1,93.994,-36.4,4.858,5191.0,999.0,0,0.0,0.0,1.0,2,5,0.0,3,5,1,1
10500,31.0,2,999,0,1.1,93.994,-36.4,4.859,5191.0,999.0,0,1.0,0.0,1.0,2,5,0.0,9,5,1,1
10501,57.0,1,999,0,1.4,93.918,-42.7,4.961,5228.1,999.0,0,0.0,0.0,1.0,2,5,0.0,2,7,1,1
10502,31.0,1,999,1,-1.8,92.893,-46.2,1.281,5099.1,999.0,4,1.0,1.0,0.0,2,7,0.0,6,5,1,2
10503,29.0,1,999,0,1.4,94.465,-41.8,4.864,5228.1,999.0,0,1.0,0.0,1.0,3,6,0.0,6,6,1,1
10504,37.0,1,999,0,1.1,93.994,-36.4,4.855,5191.0,999.0,0,0.0,0.0,1.0,1,6,0.0,5,5,1,1
10505,61.0,5,999,0,-1.8,92.893,-46.2,1.354,5099.1,999.0,0,1.0,0.0,0.0,2,5,0.0,8,5,2,1
10506,46.0,7,999,0,1.1,93.994,-36.4,4.858,5191.0,999.0,0,0.0,0.0,1.0,3,2,0.0,4,5,2,1
10507,31.0,1,999,1,-1.8,92.893,-46.2,1.334,5099.1,999.0,3,0.0,0.0,0.0,3,4,0.0,4,5,1,2
10508,42.0,1,999,0,-1.8,93.075,-47.1,1.405,5099.1,999.0,0,1.0,0.0,0.0,2,8,0.0,4,4,1,1
10509,22.0,2,999,0,-2.9,92.963,-40.8,1.26,5076.2,999.0,0,0.0,1.0,1.0,1,5,0.0,11,6,1,1
10510,36.0,7,999,0,1.4,93.444,-36.1,4.964,5228.1,999.0,0,1.0,0.0,0.0,2,6,0.0,5,8,1,1
10511,39.0,8,999,1,-1.8,92.893,-46.2,1.25,5099.1,999.0,1,1.0,0.0,0.0,3,8,0.0,5,5,1,2
10512,31.0,1,999,0,1.4,93.444,-36.1,4.967,5228.1,999.0,0,0.0,1.0,0.0,1,7,0.0,6,8,1,1
10513,58.0,5,999,0,1.4,94.465,-41.8,4.959,5228.1,999.0,0,1.0,0.0,1.0,2,8,0.0,6,6,1,1
10514,31.0,2,999,0,-1.8,92.893,-46.2,1.313,5099.1,999.0,0,0.0,0.0,0.0,2,4,0.0,6,5,1,1
10515,31.0,9,999,0,1.4,93.918,-42.7,4.957,5228.1,999.0,0,1.0,0.0,0.0,2,5,0.0,5,7,1,1
10516,86.0,1,7,4,-1.1,94.199,-37.5,0.877,4963.6,0.233333333333,8,1.0,1.0,0.0,2,8,0.0,8,9,1,3
10517,33.0,1,999,0,1.4,94.465,-41.8,4.959,5228.1,999.0,0,0.0,0.0,1.0,2,7,0.0,5,6,1,1
10518,55.0,3,999,0,1.4,93.918,-42.7,4.962,5228.1,999.0,0,0.0,0.0,0.0,2,4,0.0,4,7,2,1
10519,31.0,2,999,0,1.1,93.994,-36.4,4.856,5191.0,999.0,0,0.0,0.0,1.0,3,8,0.0,6,5,1,1
10520,43.0,1,999,0,-2.9,92.963,-40.8,1.252,5076.2,999.0,0,1.0,0.0,1.0,2,7,0.0,6,6,1,1
10521,52.0,3,999,0,1.4,94.465,-41.8,4.864,5228.1,999.0,0,0.0,1.0,1.0,2,2,0.0,8,6,1,1
10522,46.0,1,999,0,1.4,93.918,-42.7,4.96,5228.1,999.0,0,1.0,0.0,0.0,1,3,0.0,4,7,2,1
10523,55.0,1,999,0,1.4,93.918,-42.7,4.962,5228.1,999.0,0,0.0,1.0,0.0,2,2,0.0,12,7,1,1
10524,44.0,3,999,0,1.1,93.994,-36.4,4.857,5191.0,999.0,0,1.0,0.0,1.0,2,2,0.0,4,5,1,1
10525,32.0,2,999,0,-0.1,93.2,-42.0,4.153,5195.8,999.0,0,0.0,0.0,1.0,2,2,0.0,4,11,1,1
10526,52.0,3,999,0,1.4,93.444,-36.1,4.968,5228.1,999.0,0,1.0,0.0,0.0,2,6,0.0,5,8,1,1
10527,36.0,3,999,0,1.1,93.994,-36.4,4.856,5191.0,999.0,0,1.0,1.0,1.0,2,8,0.0,4,5,1,1
10528,31.0,1,999,0,1.4,93.444,-36.1,4.964,5228.1,999.0,0,0.0,0.0,0.0,2,7,0.0,5,8,1,1
10529,35.0,2,999,1,-1.8,92.893,-46.2,1.327,5099.1,999.0,3,0.0,1.0,0.0,1,5,0.0,9,5,1,2
10530,39.0,2,999,0,1.4,93.444,-36.1,4.962,5228.1,999.0,0,1.0,0.0,0.0,3,8,0.0,5,8,1,1
10531,49.0,4,999,0,1.4,93.444,-36.1,4.967,5228.1,999.0,0,1.0,1.0,0.0,2,7,0.0,3,8,1,1
10532,31.0,1,999,0,1.4,93.918,-42.7,4.957,5228.1,999.0,0,0.0,0.0,0.0,1,5,0.0,4,7,1,1
10533,27.0,2,999,0,1.4,93.918,-42.7,4.963,5228.1,999.0,0,1.0,0.0,0.0,1,8,0.0,11,7,1,1
10534,29.0,2,999,0,-3.4,92.649,-30.1,0.714,5017.5,999.0,0,1.0,0.0,1.0,1,6,0.0,11,11,1,1
10535,59.0,5,999,0,-1.8,93.075,-47.1,1.405,5099.1,999.0,0,1.0,0.0,0.0,2,6,0.0,1,4,2,1
10536,56.0,1,999,0,1.4,93.918,-42.7,4.955,5228.1,999.0,0,1.0,0.0,1.0,2,8,0.0,8,7,1,1
10537,43.0,2,999,0,1.4,93.918,-42.7,4.962,5228.1,999.0,0,0.0,0.0,0.0,2,7,0.0,6,7,1,1
10538,46.0,2,999,0,-0.1,93.2,-42.0,4.076,5195.8,999.0,0,1.0,1.0,0.0,3,7,0.0,6,11,1,1
10539,29.0,2,999,0,1.4,93.444,-36.1,4.964,5228.1,999.0,0,1.0,1.0,0.0,2,8,0.0,5,8,1,1
10540,54.0,3,999,1,-0.1,93.2,-42.0,4.12,5195.8,999.0,0,1.0,0.0,0.0,2,3,0.0,3,11,1,2
10541,56.0,1,999,0,1.1,93.994,-36.4,4.86,5191.0,999.0,0,0.0,0.0,1.0,2,6,0.0,5,5,1,1
10542,37.0,1,999,0,-1.8,93.075,-47.1,1.445,5099.1,999.0,0,1.0,0.0,1.0,2,7,0.0,5,4,1,1
10543,42.0,1,999,0,1.1,93.994,-36.4,4.857,5191.0,999.0,0,1.0,0.0,1.0,2,4,0.0,4,5,1,1
10544,31.0,1,999,0,1.4,93.918,-42.7,4.96,5228.1,999.0,0,1.0,1.0,0.0,2,3,0.0,4,7,2,1
10545,53.0,3,999,0,1.4,93.918,-42.7,4.961,5228.1,999.0,0,1.0,0.0,0.0,2,7,0.0,6,7,1,1
10546,24.0,1,999,0,-2.9,92.201,-31.4,0.884,5076.2,999.0,0,1.0,0.0,0.0,1,8,0.0,11,8,1,1
10547,41.0,1,999,0,1.4,93.444,-36.1,4.968,5228.1,999.0,0,0.0,0.0,0.0,3,8,0.0,5,8,1,1
10548,40.0,4,999,0,1.1,93.994,-36.4,4.856,5191.0,999.0,0,0.0,0.0,1.0,1,4,0.0,4,5,1,1
10549,27.0,2,999,0,1.1,93.994,-36.4,4.855,5191.0,999.0,0,1.0,0.0,1.0,2,4,0.0,9,5,1,1
10550,33.0,4,999,0,1.4,93.918,-42.7,4.963,5228.1,999.0,0,1.0,0.0,1.0,2,7,0.0,6,7,1,1
10551,38.0,3,999,0,1.1,93.994,-36.4,4.858,5191.0,999.0,0,1.0,0.0,1.0,3,7,0.0,10,5,1,1
10552,34.0,1,999,0,-0.1,93.2,-42.0,4.12,5195.8,999.0,0,0.0,0.0,0.0,2,7,0.0,6,11,1,1
10553,37.0,3,999,0,1.4,94.465,-41.8,4.961,5228.1,999.0,0,0.0,0.0,1.0,1,5,0.0,4,6,1,1
10554,30.0,4,999,0,1.4,93.918,-42.7,4.962,5228.1,999.0,0,0.0,0.0,1.0,1,5,0.0,5,7,1,1
10555,37.0,1,999,1,-1.8,93.749,-34.6,0.642,5008.7,999.0,1,0.0,0.0,0.0,1,8,0.0,3,4,2,2
10556,40.0,2,999,0,-1.8,92.893,-46.2,1.281,5099.1,999.0,0,1.0,0.0,0.0,1,4,0.0,4,5,1,1
10557,31.0,2,999,0,1.4,94.465,-41.8,4.959,5228.1,999.0,0,1.0,0.0,1.0,2,5,0.0,5,6,1,1
10558,29.0,1,999,0,-1.8,92.893,-46.2,1.327,5099.1,999.0,0,0.0,0.0,1.0,2,5,0.0,7,5,1,1
10559,31.0,2,999,0,1.1,93.994,-36.4,4.86,5191.0,999.0,0,0.0,1.0,1.0,2,3,0.0,4,5,1,1
10560,29.0,5,999,0,1.4,93.444,-36.1,4.963,5228.1,999.0,0,1.0,0.0,0.0,1,7,0.0,6,8,1,1
10561,31.0,3,999,1,-1.8,92.893,-46.2,1.334,5099.1,999.0,2,1.0,0.0,0.0,2,8,0.0,4,5,1,2
10562,28.0,2,999,0,1.1,93.994,-36.4,4.857,5191.0,999.0,0,1.0,1.0,1.0,2,5,0.0,9,5,2,1
10563,30.0,6,999,0,1.4,94.465,-41.8,4.961,5228.1,999.0,0,0.0,1.0,1.0,1,8,0.0,1,6,1,1
10564,34.0,1,999,0,1.1,93.994,-36.4,4.86,5191.0,999.0,0,1.0,0.0,1.0,3,8,0.0,9,5,1,1
10565,34.0,2,999,0,1.4,93.918,-42.7,4.963,5228.1,999.0,0,0.0,0.0,1.0,2,5,0.0,9,7,1,1
10566,42.0,1,999,0,1.1,93.994,-36.4,4.857,5191.0,999.0,0,1.0,0.0,1.0,2,8,0.0,4,5,1,1
10567,31.0,1,999,0,-1.8,92.893,-46.2,1.344,5099.1,999.0,0,0.0,0.0,0.0,1,7,0.0,4,5,1,1
10568,75.0,2,6,3,-1.7,94.027,-38.3,0.903,4991.6,0.2,0,0.0,0.0,0.0,2,2,0.0,8,8,1,3
10569,40.0,2,999,0,-0.1,93.2,-42.0,4.021,5195.8,999.0,0,1.0,0.0,0.0,2,7,0.0,3,11,1,1
10570,47.0,8,999,0,1.4,93.444,-36.1,4.962,5228.1,999.0,0,0.0,0.0,0.0,2,5,0.0,6,8,1,1
10571,31.0,2,999,0,1.4,93.918,-42.7,4.963,5228.1,999.0,0,1.0,0.0,0.0,2,8,0.0,6,7,1,1
10572,51.0,1,999,0,-0.1,93.2,-42.0,4.076,5195.8,999.0,0,1.0,0.0,0.0,3,8,0.0,10,11,1,1
10573,39.0,4,999,0,1.4,93.918,-42.7,4.963,5228.1,999.0,0,1.0,0.0,0.0,2,8,0.0,9,7,1,1
10574,40.0,2,999,0,1.1,93.994,-36.4,4.857,5191.0,999.0,0,0.0,0.0,1.0,2,6,0.0,5,5,1,1
10575,24.0,4,999,0,1.4,93.918,-42.7,4.957,5228.1,999.0,0,0.0,0.0,0.0,1,8,0.0,5,7,1,1
10576,46.0,2,999,0,1.1,93.994,-36.4,4.857,5191.0,999.0,0,0.0,0.0,1.0,2,4,0.0,7,5,2,1
10577,31.0,1,999,0,1.4,93.918,-42.7,4.963,5228.1,999.0,0,0.0,1.0,0.0,1,5,0.0,4,7,1,1
10578,38.0,2,999,0,1.4,94.465,-41.8,4.96,5228.1,999.0,0,0.0,0.0,1.0,2,8,0.0,5,6,2,1
10579,38.0,1,999,0,1.4,93.918,-42.7,4.962,5228.1,999.0,0,0.0,0.0,1.0,2,6,0.0,5,7,1,1
10580,40.0,2,999,0,1.4,93.918,-42.7,4.961,5228.1,999.0,0,1.0,0.0,0.0,2,7,0.0,3,7,1,1
10581,46.0,1,999,0,-1.8,93.075,-47.1,1.453,5099.1,999.0,0,0.0,0.0,0.0,2,3,0.0,5,4,1,1
10582,31.0,2,999,0,1.1,93.994,-36.4,4.857,5191.0,999.0,0,1.0,0.0,1.0,1,7,0.0,6,5,2,1
10583,31.0,1,999,0,-3.4,92.431,-26.9,0.731,5017.5,999.0,0,1.0,0.0,0.0,1,5,0.0,10,10,2,1
10584,31.0,2,999,0,-0.1,93.2,-42.0,4.191,5195.8,999.0,0,1.0,0.0,0.0,1,7,0.0,1,11,2,1
10585,38.0,1,999,0,1.1,93.994,-36.4,4.855,5191.0,999.0,0,1.0,0.0,1.0,1,7,0.0,6,5,1,1
10586,45.0,4,999,0,-0.1,93.2,-42.0,4.076,5195.8,999.0,0,0.0,0.0,0.0,3,8,0.0,10,11,1,1
10587,48.0,7,999,0,1.4,93.444,-36.1,4.964,5228.1,999.0,0,1.0,1.0,0.0,3,7,0.0,5,8,1,1
10588,29.0,1,999,0,1.4,94.465,-41.8,4.962,5228.1,999.0,0,0.0,0.0,1.0,2,6,0.0,1,6,1,1
10589,27.0,4,999,0,1.1,93.994,-36.4,4.855,5191.0,999.0,0,0.0,0.0,1.0,1,5,0.0,9,5,1,1
10590,35.0,1,5,1,-1.8,93.075,-47.1,1.365,5099.1,0.166666666667,4,1.0,0.0,0.0,2,8,0.0,9,4,1,3
10591,31.0,1,999,0,1.4,94.465,-41.8,4.967,5228.1,999.0,0,1.0,0.0,1.0,3,7,0.0,6,6,1,1
10592,48.0,1,999,0,1.4,93.444,-36.1,4.963,5228.1,999.0,0,1.0,1.0,0.0,2,5,0.0,5,8,1,1
10593,48.0,4,999,0,-0.1,93.2,-42.0,4.021,5195.8,999.0,0,1.0,0.0,1.0,3,6,0.0,10,11,1,1
10594,36.0,3,999,0,1.4,93.918,-42.7,4.958,5228.1,999.0,0,1.0,0.0,0.0,2,4,0.0,4,7,1,1
10595,31.0,1,999,1,-1.8,92.893,-46.2,1.334,5099.1,999.0,4,0.0,0.0,0.0,2,5,0.0,6,5,1,2
10596,27.0,2,999,0,-1.8,93.369,-34.8,0.637,5008.7,999.0,0,0.0,0.0,0.0,1,7,0.0,6,3,1,1
10597,41.0,2,999,0,-0.1,93.2,-42.0,4.076,5195.8,999.0,0,1.0,0.0,0.0,2,2,0.0,4,11,1,1
10598,54.0,1,999,0,1.4,93.918,-42.7,4.962,5228.1,999.0,0,0.0,1.0,0.0,2,5,0.0,9,7,1,1
10599,29.0,1,999,0,1.4,93.918,-42.7,4.96,5228.1,999.0,0,0.0,0.0,1.0,2,5,0.0,6,7,2,1
10600,38.0,1,999,0,1.4,93.444,-36.1,4.966,5228.1,999.0,0,0.0,0.0,0.0,2,6,0.0,5,8,1,1
10601,31.0,3,999,0,-1.8,92.893,-46.2,1.266,5099.1,999.0,0,1.0,1.0,0.0,1,7,0.0,3,5,1,1
10602,48.0,3,999,0,-1.8,93.075,-47.1,1.405,5099.1,999.0,0,0.0,1.0,0.0,3,5,0.0,6,4,1,1
10603,35.0,3,999,1,-1.8,92.893,-46.2,1.281,5099.1,999.0,2,1.0,0.0,0.0,1,2,0.0,4,5,1,2
10604,31.0,4,999,0,-2.9,92.201,-31.4,0.873,5076.2,999.0,0,1.0,0.0,0.0,2,3,0.0,5,8,1,1
10605,35.0,1,999,0,-1.1,94.767,-50.8,1.035,4963.6,999.0,0,0.0,0.0,0.0,3,2,0.0,5,11,1,1
10606,45.0,9,999,0,-0.1,93.2,-42.0,4.021,5195.8,999.0,0,1.0,1.0,0.0,3,7,0.0,6,11,1,1
10607,27.0,1,999,0,-1.8,92.843,-50.0,1.531,5099.1,999.0,0,1.0,0.0,0.0,2,8,0.0,2,3,1,1
10608,52.0,3,999,0,1.4,94.465,-41.8,4.96,5228.1,999.0,0,0.0,0.0,1.0,3,7,0.0,5,6,2,1
10609,36.0,1,999,0,-0.1,93.2,-42.0,4.021,5195.8,999.0,0,0.0,0.0,0.0,2,3,0.0,9,11,1,1
10610,49.0,2,999,0,1.1,93.994,-36.4,4.857,5191.0,999.0,0,1.0,0.0,1.0,2,2,0.0,4,5,1,1
10611,31.0,2,999,0,1.4,93.444,-36.1,4.963,5228.1,999.0,0,1.0,0.0,0.0,2,7,0.0,6,8,2,1
10612,37.0,2,999,0,-1.8,92.893,-46.2,1.327,5099.1,999.0,0,0.0,0.0,0.0,2,3,0.0,4,5,1,1
10613,31.0,3,999,0,1.4,93.918,-42.7,4.961,5228.1,999.0,0,1.0,0.0,0.0,1,7,0.0,6,7,1,1
10614,31.0,1,999,0,1.4,93.444,-36.1,4.964,5228.1,999.0,0,1.0,0.0,0.0,2,7,0.0,6,8,1,1
10615,22.0,3,999,0,1.4,93.918,-42.7,4.961,5228.1,999.0,0,1.0,0.0,0.0,1,8,0.0,9,7,1,1
10616,31.0,3,999,0,-1.8,92.893,-46.2,1.327,5099.1,999.0,0,1.0,1.0,0.0,2,4,0.0,4,5,1,1
10617,31.0,1,999,0,1.4,93.918,-42.7,4.958,5228.1,999.0,0,1.0,1.0,0.0,3,8,0.0,6,7,1,1
10618,42.0,2,999,0,-0.1,93.2,-42.0,4.12,5195.8,999.0,0,1.0,0.0,0.0,2,8,0.0,6,11,1,1
10619,32.0,2,999,0,1.1,93.994,-36.4,4.857,5191.0,999.0,0,1.0,1.0,1.0,2,5,0.0,9,5,2,1
10620,31.0,1,999,0,1.1,93.994,-36.4,4.859,5191.0,999.0,0,0.0,0.0,1.0,2,8,0.0,4,5,1,1
10621,34.0,2,999,0,1.4,93.918,-42.7,4.963,5228.1,999.0,0,1.0,0.0,0.0,1,8,0.0,6,7,1,1
10622,33.0,5,999,0,1.1,93.994,-36.4,4.857,5191.0,999.0,0,1.0,0.0,1.0,1,7,0.0,6,5,1,1
10623,35.0,16,999,0,1.4,93.918,-42.7,4.968,5228.1,999.0,0,1.0,1.0,0.0,1,5,0.0,6,7,1,1
10624,32.0,3,999,1,-1.8,92.893,-46.2,1.299,5099.1,999.0,2,1.0,0.0,0.0,1,8,0.0,1,5,2,2
10625,31.0,4,999,0,1.4,93.918,-42.7,4.962,5228.1,999.0,0,0.0,0.0,0.0,2,5,0.0,5,7,1,1
10626,31.0,3,999,0,1.1,93.994,-36.4,4.858,5191.0,999.0,0,1.0,1.0,1.0,2,5,0.0,6,5,2,1
10627,31.0,1,999,0,-1.8,92.893,-46.2,1.334,5099.1,999.0,0,0.0,0.0,0.0,2,8,0.0,4,5,1,1
10628,31.0,1,999,0,-1.8,92.893,-46.2,1.344,5099.1,999.0,0,0.0,0.0,0.0,2,8,0.0,4,5,1,1
10629,54.0,1,999,0,-0.1,93.2,-42.0,4.191,5195.8,999.0,0,1.0,1.0,0.0,2,7,0.0,5,11,2,1
10630,31.0,1,999,1,-0.1,93.2,-42.0,4.076,5195.8,999.0,2,1.0,1.0,0.0,1,7,0.0,5,11,1,2
10631,28.0,2,999,1,-1.8,93.075,-47.1,1.483,5099.1,999.0,2,1.0,0.0,0.0,1,6,0.0,5,4,1,2
10632,31.0,1,999,0,-1.8,92.893,-46.2,1.313,5099.1,999.0,0,0.0,0.0,0.0,2,7,0.0,1,5,1,1
10633,32.0,1,999,0,1.1,93.994,-36.4,4.857,5191.0,999.0,0,1.0,0.0,1.0,2,5,0.0,7,5,2,1
10634,37.0,3,999,0,1.4,93.918,-42.7,4.957,5228.1,999.0,0,1.0,0.0,0.0,2,8,0.0,5,7,1,1
10635,35.0,1,999,0,1.4,94.465,-41.8,4.866,5228.1,999.0,0,1.0,0.0,1.0,2,6,0.0,5,6,1,1
10636,23.0,3,999,0,-1.1,94.601,-49.5,1.025,4963.6,999.0,0,1.0,0.0,0.0,1,5,0.0,11,10,1,1
10637,31.0,2,999,0,-1.8,93.075,-47.1,1.365,5099.1,999.0,0,0.0,1.0,0.0,3,5,0.0,5,4,1,1
10638,31.0,2,999,0,1.1,93.994,-36.4,4.864,5191.0,999.0,0,0.0,0.0,1.0,1,5,0.0,9,5,1,1
10639,36.0,3,999,0,1.4,93.444,-36.1,4.965,5228.1,999.0,0,1.0,1.0,0.0,2,7,0.0,6,8,2,1
10640,59.0,2,15,1,-1.7,94.215,-40.3,0.861,4991.6,0.5,1,1.0,0.0,0.0,2,6,0.0,5,7,1,3
10641,26.0,2,6,1,-1.8,93.369,-34.8,0.652,5008.7,0.2,1,0.0,0.0,0.0,1,8,0.0,6,3,1,3
10642,39.0,5,999,0,1.4,94.465,-41.8,4.865,5228.1,999.0,0,1.0,0.0,1.0,3,5,0.0,9,6,1,1
10643,50.0,6,999,0,1.4,94.465,-41.8,4.962,5228.1,999.0,0,1.0,1.0,1.0,2,5,0.0,9,6,1,1
10644,39.0,2,999,0,-0.1,93.2,-42.0,4.153,5195.8,999.0,0,0.0,0.0,0.0,2,7,0.0,6,11,1,1
10645,31.0,1,999,1,-1.8,92.893,-46.2,1.266,5099.1,999.0,3,0.0,0.0,0.0,1,5,0.0,6,5,1,2
10646,44.0,18,999,0,1.4,93.918,-42.7,4.963,5228.1,999.0,0,1.0,0.0,0.0,1,8,0.0,4,7,1,1
10647,45.0,6,999,0,1.1,93.994,-36.4,4.856,5191.0,999.0,0,1.0,1.0,1.0,1,4,0.0,4,5,1,1
10648,50.0,2,999,0,-1.8,93.075,-47.1,1.405,5099.1,999.0,0,1.0,1.0,0.0,3,4,0.0,6,4,2,1
10649,30.0,1,999,0,1.4,93.918,-42.7,4.963,5228.1,999.0,0,0.0,1.0,0.0,1,5,0.0,9,7,1,1
10650,56.0,2,999,1,-0.1,93.2,-42.0,4.021,5195.8,999.0,1,0.0,0.0,0.0,2,8,0.0,8,11,1,2
10651,36.0,3,999,0,1.4,94.465,-41.8,4.961,5228.1,999.0,0,1.0,1.0,1.0,2,6,0.0,4,6,1,1
10652,33.0,2,999,0,-1.8,93.876,-40.0,0.685,5008.7,999.0,0,1.0,1.0,0.0,2,7,0.0,6,5,2,1
10653,52.0,1,999,0,1.4,93.918,-42.7,4.963,5228.1,999.0,0,1.0,0.0,0.0,2,5,0.0,6,7,1,1
10654,54.0,1,999,0,-0.1,93.2,-42.0,4.191,5195.8,999.0,0,1.0,0.0,0.0,2,2,0.0,7,11,2,1
10655,34.0,1,999,0,-0.1,93.2,-42.0,4.12,5195.8,999.0,0,1.0,0.0,0.0,2,6,0.0,7,11,1,1
10656,34.0,3,999,0,1.4,93.444,-36.1,4.967,5228.1,999.0,0,0.0,0.0,0.0,3,8,0.0,6,8,1,1
10657,31.0,2,999,0,1.4,94.465,-41.8,4.864,5228.1,999.0,0,0.0,0.0,1.0,2,8,0.0,6,6,1,1
10658,55.0,1,999,0,1.4,93.918,-42.7,4.963,5228.1,999.0,0,1.0,0.0,0.0,2,8,0.0,12,7,1,1
10659,25.0,1,999,0,1.4,93.918,-42.7,4.963,5228.1,999.0,0,0.0,0.0,0.0,2,8,0.0,9,7,1,1
10660,31.0,2,999,0,1.4,94.465,-41.8,4.865,5228.1,999.0,0,0.0,0.0,1.0,2,8,0.0,4,6,1,1
10661,30.0,6,999,0,1.4,93.918,-42.7,4.963,5228.1,999.0,0,1.0,0.0,1.0,2,7,0.0,1,7,1,1
10662,70.0,1,999,1,-3.4,92.379,-29.8,0.75,5017.5,999.0,0,0.0,0.0,0.0,3,2,0.0,2,9,1,2
10663,53.0,1,999,1,-1.8,93.075,-47.1,1.405,5099.1,999.0,2,0.0,1.0,1.0,2,4,0.0,4,4,1,2
10664,31.0,1,999,0,1.4,93.918,-42.7,4.962,5228.1,999.0,0,1.0,0.0,0.0,2,2,0.0,4,7,1,1
10665,36.0,8,999,0,1.1,93.994,-36.4,4.864,5191.0,999.0,0,0.0,0.0,1.0,2,8,0.0,10,5,1,1
10666,33.0,3,999,0,-1.8,93.075,-47.1,1.405,5099.1,999.0,0,0.0,0.0,0.0,1,2,0.0,4,4,2,1
10667,33.0,2,999,0,-0.1,93.2,-42.0,4.076,5195.8,999.0,0,1.0,1.0,0.0,2,7,0.0,6,11,1,1
10668,23.0,4,999,0,1.4,93.918,-42.7,4.962,5228.1,999.0,0,1.0,0.0,0.0,1,8,0.0,4,7,2,1
10669,29.0,1,999,0,1.4,93.444,-36.1,4.964,5228.1,999.0,0,0.0,0.0,0.0,2,7,0.0,6,8,1,1
10670,42.0,2,999,0,-1.8,92.893,-46.2,1.281,5099.1,999.0,0,0.0,0.0,1.0,2,2,0.0,4,5,1,1
10671,38.0,1,999,0,1.1,93.994,-36.4,4.856,5191.0,999.0,0,1.0,0.0,1.0,2,8,0.0,5,5,1,1
10672,39.0,3,999,0,1.4,93.444,-36.1,4.964,5228.1,999.0,0,1.0,0.0,0.0,2,6,0.0,5,8,1,1
10673,50.0,3,999,0,-3.0,92.713,-33.0,0.708,5023.5,999.0,0,1.0,0.0,0.0,2,7,0.0,6,12,1,1
10674,37.0,1,999,1,-0.1,93.2,-42.0,4.153,5195.8,999.0,2,1.0,0.0,0.0,3,8,0.0,8,11,1,2
10675,31.0,2,999,1,-0.1,93.2,-42.0,4.021,5195.8,999.0,2,1.0,0.0,0.0,1,7,0.0,6,11,1,2
10676,53.0,2,999,0,1.4,94.465,-41.8,4.864,5228.1,999.0,0,0.0,0.0,1.0,2,5,0.0,6,6,1,1
10677,31.0,7,999,0,1.4,93.918,-42.7,4.96,5228.1,999.0,0,1.0,1.0,0.0,2,8,0.0,9,7,2,1
10678,43.0,1,999,0,1.4,94.465,-41.8,4.864,5228.1,999.0,0,0.0,0.0,1.0,3,8,0.0,6,6,1,1
10679,47.0,1,999,0,1.4,93.444,-36.1,4.965,5228.1,999.0,0,0.0,0.0,0.0,1,5,0.0,5,8,2,1
10680,31.0,1,999,0,-0.1,93.2,-42.0,4.021,5195.8,999.0,0,1.0,0.0,0.0,2,8,0.0,6,11,1,1
10681,49.0,1,999,0,1.4,94.465,-41.8,4.866,5228.1,999.0,0,0.0,0.0,1.0,2,2,0.0,7,6,1,1
10682,50.0,3,999,0,1.1,93.994,-36.4,4.857,5191.0,999.0,0,1.0,0.0,1.0,2,8,0.0,9,5,1,1
10683,61.0,1,6,2,-1.7,94.027,-38.3,0.903,4991.6,0.2,6,1.0,1.0,1.0,2,7,0.0,6,8,1,3
10684,32.0,3,999,0,-1.8,92.843,-50.0,1.52,5099.1,999.0,0,1.0,1.0,0.0,1,7,0.0,6,3,2,1
10685,29.0,1,4,3,-2.9,92.201,-31.4,0.881,5076.2,0.133333333333,0,0.0,0.0,0.0,1,5,0.0,6,8,1,3
10686,37.0,12,999,0,1.4,93.444,-36.1,4.962,5228.1,999.0,0,1.0,0.0,0.0,1,6,0.0,5,8,1,1
10687,31.0,3,999,0,1.4,93.444,-36.1,4.964,5228.1,999.0,0,0.0,1.0,0.0,2,6,0.0,6,8,1,1
10688,37.0,2,999,0,-1.8,93.075,-47.1,1.405,5099.1,999.0,0,0.0,0.0,0.0,2,8,0.0,4,4,1,1
10689,25.0,6,999,1,-1.8,92.893,-46.2,1.313,5099.1,999.0,2,1.0,1.0,0.0,1,5,0.0,6,5,1,2
10690,38.0,1,999,0,1.4,93.918,-42.7,4.957,5228.1,999.0,0,0.0,0.0,0.0,2,4,0.0,4,7,1,1
10691,31.0,4,999,0,1.4,94.465,-41.8,4.959,5228.1,999.0,0,0.0,0.0,1.0,2,2,0.0,4,6,1,1
10692,27.0,1,999,0,-2.9,92.469,-33.6,1.044,5076.2,999.0,0,0.0,0.0,0.0,1,7,0.0,6,7,1,1
10693,31.0,4,999,0,1.4,93.444,-36.1,4.963,5228.1,999.0,0,0.0,0.0,0.0,1,7,0.0,6,8,1,1
10694,46.0,5,999,0,1.4,93.444,-36.1,4.963,5228.1,999.0,0,0.0,0.0,0.0,2,6,0.0,1,8,1,1
10695,31.0,1,11,1,-1.8,92.893,-46.2,1.313,5099.1,0.366666666667,2,1.0,0.0,0.0,2,4,0.0,4,5,1,3
10696,47.0,3,999,0,1.4,93.918,-42.7,4.962,5228.1,999.0,0,1.0,0.0,0.0,1,3,0.0,8,7,2,1
10697,43.0,2,999,0,1.4,93.918,-42.7,4.958,5228.1,999.0,0,1.0,0.0,0.0,1,3,0.0,4,7,1,1
10698,29.0,5,999,0,1.1,93.994,-36.4,4.856,5191.0,999.0,0,0.0,0.0,1.0,1,4,0.0,6,5,1,1
10699,43.0,3,999,0,1.1,93.994,-36.4,4.857,5191.0,999.0,0,1.0,0.0,1.0,2,2,0.0,4,5,1,1
10700,31.0,1,999,0,1.1,93.994,-36.4,4.856,5191.0,999.0,0,0.0,0.0,1.0,2,6,0.0,1,5,1,1
10701,31.0,1,999,0,1.1,93.994,-36.4,4.856,5191.0,999.0,0,1.0,0.0,1.0,2,8,0.0,4,5,1,1
10702,30.0,2,999,0,1.4,93.918,-42.7,4.96,5228.1,999.0,0,1.0,1.0,0.0,1,8,0.0,5,7,2,1
10703,31.0,1,999,0,1.4,93.444,-36.1,4.967,5228.1,999.0,0,0.0,0.0,0.0,1,6,0.0,5,8,1,1
10704,31.0,1,999,0,-1.8,92.893,-46.2,1.344,5099.1,999.0,0,0.0,1.0,0.0,2,4,0.0,4,5,1,1
10705,30.0,4,999,0,1.1,93.994,-36.4,4.857,5191.0,999.0,0,0.0,0.0,1.0,2,8,0.0,5,5,2,1
10706,52.0,1,999,0,1.1,93.994,-36.4,4.857,5191.0,999.0,0,1.0,0.0,1.0,2,4,0.0,4,5,1,1
10707,31.0,3,999,0,1.4,93.444,-36.1,4.964,5228.1,999.0,0,0.0,0.0,0.0,2,7,0.0,3,8,1,1
10708,29.0,3,999,0,1.1,93.994,-36.4,4.855,5191.0,999.0,0,0.0,0.0,1.0,1,5,0.0,4,5,1,1
10709,22.0,1,999,0,-3.4,92.649,-30.1,0.716,5017.5,999.0,0,0.0,0.0,0.0,1,8,0.0,11,11,1,1
10710,49.0,2,999,1,-2.9,92.201,-31.4,0.883,5076.2,999.0,0,1.0,0.0,0.0,2,7,0.0,6,8,1,2
10711,48.0,1,999,0,1.1,93.994,-36.4,4.855,5191.0,999.0,0,1.0,1.0,1.0,2,8,0.0,4,5,1,1
10712,32.0,1,999,0,1.4,94.465,-41.8,4.961,5228.1,999.0,0,0.0,0.0,1.0,2,6,0.0,1,6,1,1
10713,53.0,1,999,0,1.4,94.465,-41.8,4.961,5228.1,999.0,0,1.0,0.0,1.0,1,3,0.0,6,6,2,1
10714,31.0,1,999,0,1.1,93.994,-36.4,4.855,5191.0,999.0,0,0.0,0.0,1.0,1,7,0.0,5,5,1,1
10715,26.0,1,999,1,-1.7,94.215,-40.3,0.885,4991.6,999.0,3,1.0,0.0,0.0,1,5,0.0,6,7,1,2
10716,29.0,1,999,0,-1.7,94.055,-39.8,0.702,4991.6,999.0,0,1.0,0.0,0.0,2,8,0.0,6,6,1,1
10717,31.0,1,999,0,1.4,93.918,-42.7,4.962,5228.1,999.0,0,1.0,0.0,0.0,2,5,0.0,6,7,1,1
10718,37.0,1,9,1,-1.8,93.369,-34.8,0.644,5008.7,0.3,2,1.0,1.0,0.0,2,6,0.0,5,3,1,3
10719,33.0,8,999,0,1.4,93.918,-42.7,4.962,5228.1,999.0,0,0.0,0.0,1.0,2,8,0.0,5,7,1,1
10720,36.0,6,999,1,-1.8,93.075,-47.1,1.423,5099.1,999.0,2,0.0,0.0,0.0,2,7,0.0,6,4,1,2
10721,34.0,13,999,0,1.4,93.918,-42.7,4.968,5228.1,999.0,0,0.0,0.0,0.0,1,7,0.0,3,7,1,1
10722,31.0,1,3,3,-1.8,93.876,-40.0,0.668,5008.7,0.1,0,1.0,0.0,0.0,2,4,0.0,4,5,1,3
10723,50.0,6,999,0,1.1,93.994,-36.4,4.857,5191.0,999.0,0,0.0,0.0,1.0,3,8,0.0,6,5,1,1
10724,30.0,3,999,0,1.4,93.918,-42.7,4.961,5228.1,999.0,0,0.0,0.0,0.0,3,3,0.0,4,7,1,1
10725,42.0,1,999,0,1.1,93.994,-36.4,4.86,5191.0,999.0,0,1.0,0.0,1.0,2,3,0.0,9,5,1,1
10726,40.0,2,999,0,-1.8,92.893,-46.2,1.313,5099.1,999.0,0,0.0,0.0,0.0,2,3,0.0,4,5,1,1
10727,30.0,1,999,0,-0.1,93.798,-40.4,5.045,5195.8,999.0,0,0.0,0.0,1.0,2,7,0.0,7,10,1,1
10728,31.0,5,999,0,1.4,93.444,-36.1,4.966,5228.1,999.0,0,0.0,0.0,0.0,2,7,0.0,3,8,1,1
10729,31.0,4,999,1,-1.7,94.215,-40.3,0.899,4991.6,999.0,5,0.0,0.0,0.0,1,8,0.0,5,7,1,2
10730,41.0,1,999,0,-0.1,93.2,-42.0,4.191,5195.8,999.0,0,1.0,0.0,0.0,2,8,0.0,4,11,2,1
10731,74.0,6,999,0,-3.0,92.713,-33.0,0.715,5023.5,999.0,0,1.0,1.0,1.0,3,5,0.0,8,12,2,1
10732,31.0,1,999,0,-0.1,93.2,-42.0,4.153,5195.8,999.0,0,0.0,0.0,0.0,2,8,0.0,6,11,1,1
10733,55.0,4,999,0,1.1,93.994,-36.4,4.86,5191.0,999.0,0,1.0,0.0,1.0,2,4,0.0,4,5,1,1
10734,43.0,1,999,0,1.4,94.465,-41.8,4.961,5228.1,999.0,0,0.0,0.0,1.0,3,4,0.0,4,6,1,1
10735,33.0,1,999,0,-1.8,92.893,-46.2,1.264,5099.1,999.0,0,1.0,1.0,0.0,2,5,0.0,10,5,1,1
10736,31.0,3,999,0,-0.1,93.2,-42.0,4.191,5195.8,999.0,0,1.0,0.0,0.0,2,4,0.0,6,11,2,1
10737,31.0,6,999,0,1.4,93.444,-36.1,4.962,5228.1,999.0,0,1.0,0.0,0.0,1,8,0.0,5,8,1,1
10738,31.0,1,999,0,1.4,93.918,-42.7,4.957,5228.1,999.0,0,0.0,1.0,0.0,1,8,0.0,3,7,1,1
10739,31.0,2,999,0,1.4,93.918,-42.7,4.957,5228.1,999.0,0,1.0,0.0,0.0,1,4,0.0,4,7,1,1
10740,31.0,2,999,0,-0.1,93.2,-42.0,4.153,5195.8,999.0,0,0.0,1.0,0.0,2,8,0.0,4,11,1,1
10741,31.0,1,999,0,1.4,93.918,-42.7,4.96,5228.1,999.0,0,1.0,0.0,1.0,2,5,0.0,9,7,2,1
10742,21.0,11,9,2,-1.7,94.215,-40.3,0.81,4991.6,0.3,10,1.0,1.0,0.0,1,8,0.0,11,7,1,2
10743,52.0,5,999,0,1.4,93.444,-36.1,4.964,5228.1,999.0,0,1.0,1.0,0.0,2,8,0.0,9,8,1,1
10744,40.0,1,999,0,1.1,93.994,-36.4,4.857,5191.0,999.0,0,0.0,0.0,1.0,2,4,0.0,5,5,2,1
10745,31.0,2,999,1,-1.8,93.075,-47.1,1.405,5099.1,999.0,2,1.0,0.0,0.0,2,7,0.0,3,4,2,2
10746,45.0,2,999,0,1.4,93.444,-36.1,4.968,5228.1,999.0,0,0.0,0.0,0.0,2,5,0.0,10,8,1,1
10747,45.0,1,999,0,1.1,93.994,-36.4,4.856,5191.0,999.0,0,1.0,0.0,1.0,2,4,0.0,6,5,1,1
10748,35.0,3,999,0,1.4,94.465,-41.8,4.865,5228.1,999.0,0,1.0,0.0,1.0,2,7,0.0,6,6,1,1
10749,35.0,1,999,0,-1.8,92.893,-46.2,1.344,5099.1,999.0,0,0.0,0.0,0.0,1,5,0.0,4,5,1,1
10750,59.0,2,999,0,1.4,93.444,-36.1,4.965,5228.1,999.0,0,1.0,0.0,0.0,2,8,0.0,2,8,1,1
10751,35.0,1,999,1,-1.8,92.893,-46.2,1.327,5099.1,999.0,1,0.0,0.0,0.0,2,4,0.0,4,5,1,2
10752,47.0,2,999,0,1.1,93.994,-36.4,4.858,5191.0,999.0,0,1.0,0.0,1.0,2,8,0.0,4,5,1,1
10753,39.0,6,999,0,1.4,94.465,-41.8,4.958,5228.1,999.0,0,1.0,0.0,1.0,2,8,0.0,6,6,1,1
10754,53.0,2,999,0,1.4,94.465,-41.8,4.865,5228.1,999.0,0,1.0,0.0,1.0,2,5,0.0,9,6,2,1
10755,28.0,4,999,1,-1.8,92.893,-46.2,1.244,5099.1,999.0,1,1.0,0.0,0.0,3,5,0.0,9,5,2,2
10756,31.0,1,999,0,1.4,93.918,-42.7,4.96,5228.1,999.0,0,0.0,0.0,0.0,2,4,0.0,4,7,2,1
10757,43.0,2,999,0,1.4,93.918,-42.7,4.962,5228.1,999.0,0,1.0,0.0,0.0,2,8,0.0,4,7,1,1
10758,40.0,3,999,1,-1.8,93.075,-47.1,1.405,5099.1,999.0,0,1.0,0.0,0.0,1,5,0.0,6,4,1,2
10759,50.0,3,999,0,1.1,93.994,-36.4,4.857,5191.0,999.0,0,0.0,1.0,1.0,2,7,0.0,3,5,1,1
10760,31.0,2,999,0,-3.4,92.379,-29.8,0.788,5017.5,999.0,0,1.0,1.0,1.0,2,6,0.0,5,9,1,1
10761,51.0,1,999,0,1.4,93.918,-42.7,4.963,5228.1,999.0,0,0.0,0.0,0.0,2,6,0.0,6,7,1,1
10762,52.0,2,999,1,-0.1,93.2,-42.0,4.12,5195.8,999.0,0,1.0,0.0,0.0,2,5,0.0,6,11,1,2
10763,31.0,1,999,0,1.1,93.994,-36.4,4.857,5191.0,999.0,0,0.0,1.0,1.0,1,5,0.0,4,5,1,1
10764,33.0,1,999,0,-1.7,94.055,-39.8,0.742,4991.6,999.0,0,0.0,0.0,1.0,2,5,0.0,6,6,1,1
10765,38.0,9,999,0,1.4,93.918,-42.7,4.963,5228.1,999.0,0,1.0,0.0,0.0,3,7,0.0,3,7,1,1
10766,27.0,2,999,1,-1.8,92.893,-46.2,1.281,5099.1,999.0,2,0.0,0.0,1.0,1,8,0.0,5,5,1,2
10767,35.0,2,999,1,-1.8,92.893,-46.2,1.344,5099.1,999.0,0,0.0,0.0,0.0,2,8,0.0,9,5,1,2
10768,31.0,1,999,0,1.4,93.444,-36.1,4.966,5228.1,999.0,0,1.0,0.0,0.0,2,6,0.0,6,8,1,1
10769,38.0,1,999,0,-1.8,93.075,-47.1,1.405,5099.1,999.0,0,0.0,0.0,0.0,2,4,0.0,4,4,1,1
10770,31.0,1,999,0,-1.8,92.893,-46.2,1.266,5099.1,999.0,0,1.0,0.0,0.0,1,3,0.0,4,5,1,1
10771,34.0,8,999,0,1.4,94.465,-41.8,4.959,5228.1,999.0,0,0.0,0.0,1.0,2,7,0.0,3,6,1,1
10772,34.0,6,999,0,1.4,93.444,-36.1,4.963,5228.1,999.0,0,0.0,0.0,0.0,1,8,0.0,6,8,1,1
10773,38.0,1,999,0,-1.8,93.075,-47.1,1.405,5099.1,999.0,0,0.0,0.0,1.0,2,5,0.0,4,4,2,1
10774,30.0,1,999,0,1.4,93.444,-36.1,4.964,5228.1,999.0,0,0.0,0.0,0.0,2,8,0.0,1,8,1,1
10775,31.0,3,999,0,1.4,93.444,-36.1,4.963,5228.1,999.0,0,1.0,0.0,0.0,2,7,0.0,5,8,1,1
10776,32.0,3,999,0,-1.8,92.893,-46.2,1.25,5099.1,999.0,0,0.0,0.0,0.0,1,8,0.0,9,5,1,1
10777,41.0,2,999,1,-1.8,92.893,-46.2,1.244,5099.1,999.0,3,1.0,0.0,0.0,1,5,0.0,5,5,1,2
10778,24.0,8,999,0,-1.8,92.893,-46.2,1.266,5099.1,999.0,0,1.0,0.0,1.0,1,4,0.0,11,5,1,1
10779,36.0,1,999,0,-0.1,93.2,-42.0,4.12,5195.8,999.0,0,1.0,0.0,0.0,1,7,0.0,7,11,1,1
10780,37.0,2,999,0,-0.1,93.2,-42.0,4.12,5195.8,999.0,0,0.0,1.0,0.0,2,7,0.0,3,11,1,1
10781,32.0,2,999,0,1.4,94.465,-41.8,4.961,5228.1,999.0,0,1.0,0.0,1.0,2,8,0.0,4,6,1,1
10782,53.0,3,999,0,1.4,93.918,-42.7,4.962,5228.1,999.0,0,1.0,0.0,0.0,2,8,0.0,6,7,2,1
10783,31.0,1,999,1,-1.8,93.075,-47.1,1.365,5099.1,999.0,3,1.0,0.0,0.0,2,8,0.0,6,4,1,2
10784,51.0,1,999,0,1.4,93.444,-36.1,4.964,5228.1,999.0,0,1.0,0.0,0.0,2,8,0.0,4,8,1,1
10785,32.0,1,999,0,-0.1,93.2,-42.0,4.12,5195.8,999.0,0,1.0,0.0,1.0,2,2,0.0,7,11,1,1
10786,58.0,2,999,0,1.4,93.918,-42.7,4.961,5228.1,999.0,0,0.0,0.0,0.0,2,2,0.0,8,7,1,1
10787,30.0,2,999,0,-3.4,92.379,-29.8,0.771,5017.5,999.0,0,1.0,0.0,1.0,2,7,0.0,1,9,2,1
10788,31.0,22,999,0,1.4,93.918,-42.7,4.961,5228.1,999.0,0,1.0,1.0,0.0,2,8,0.0,6,7,1,1
10789,33.0,2,999,0,-1.8,92.893,-46.2,1.266,5099.1,999.0,0,1.0,0.0,0.0,1,5,0.0,9,5,1,1
10790,34.0,2,999,0,1.4,93.918,-42.7,4.957,5228.1,999.0,0,0.0,0.0,0.0,2,7,0.0,6,7,1,1
10791,31.0,2,999,0,1.1,93.994,-36.4,4.856,5191.0,999.0,0,0.0,0.0,1.0,2,8,0.0,3,5,1,1
10792,52.0,6,999,0,1.4,93.918,-42.7,4.962,5228.1,999.0,0,0.0,0.0,0.0,2,5,0.0,9,7,2,1
10793,29.0,2,999,0,-1.8,93.075,-47.1,1.405,5099.1,999.0,0,0.0,0.0,0.0,1,8,0.0,3,4,2,1
10794,34.0,24,999,0,1.4,94.465,-41.8,4.866,5228.1,999.0,0,0.0,0.0,1.0,2,8,0.0,7,6,1,1
10795,47.0,1,999,1,-1.8,92.893,-46.2,1.291,5099.1,999.0,0,1.0,0.0,0.0,3,5,0.0,6,5,1,2
10796,30.0,1,999,0,-0.1,93.2,-42.0,4.191,5195.8,999.0,0,0.0,0.0,0.0,2,4,0.0,9,11,2,1
10797,70.0,1,6,3,-1.1,94.601,-49.5,0.987,4963.6,0.2,3,0.0,0.0,0.0,2,6,0.0,8,10,1,3
10798,20.0,5,999,0,-1.8,92.893,-46.2,1.354,5099.1,999.0,0,0.0,0.0,0.0,1,7,0.0,5,5,2,1
10799,43.0,2,999,0,1.4,93.918,-42.7,4.962,5228.1,999.0,0,1.0,1.0,0.0,3,3,0.0,2,7,1,1
10800,54.0,1,999,0,-0.1,93.2,-42.0,4.191,5195.8,999.0,0,1.0,0.0,0.0,2,8,0.0,3,11,2,1
10801,54.0,1,999,0,1.1,93.994,-36.4,4.857,5191.0,999.0,0,0.0,0.0,1.0,2,8,0.0,5,5,1,1
10802,31.0,6,999,0,1.4,93.918,-42.7,4.962,5228.1,999.0,0,1.0,1.0,0.0,1,8,0.0,8,7,2,1
10803,34.0,1,999,0,1.1,93.994,-36.4,4.857,5191.0,999.0,0,1.0,0.0,1.0,2,8,0.0,6,5,1,1
10804,57.0,2,999,0,1.1,93.994,-36.4,4.856,5191.0,999.0,0,0.0,0.0,1.0,3,8,0.0,5,5,1,1
10805,46.0,2,999,0,1.1,93.994,-36.4,4.856,5191.0,999.0,0,0.0,0.0,1.0,2,2,0.0,6,5,1,1
10806,40.0,6,999,0,1.1,93.994,-36.4,4.855,5191.0,999.0,0,1.0,0.0,1.0,2,4,0.0,7,5,1,1
10807,36.0,3,999,0,1.4,94.465,-41.8,4.959,5228.1,999.0,0,1.0,0.0,1.0,3,7,0.0,6,6,1,1
10808,49.0,1,999,0,1.4,93.918,-42.7,4.962,5228.1,999.0,0,0.0,0.0,0.0,2,5,0.0,9,7,1,1
10809,40.0,2,999,0,1.4,94.465,-41.8,4.959,5228.1,999.0,0,0.0,0.0,1.0,3,8,0.0,9,6,1,1
10810,35.0,2,999,1,-2.9,92.201,-31.4,0.883,5076.2,999.0,3,1.0,0.0,0.0,2,7,0.0,5,8,1,2
10811,35.0,1,999,0,1.1,93.994,-36.4,4.859,5191.0,999.0,0,1.0,1.0,1.0,2,8,0.0,3,5,1,1
10812,56.0,1,999,0,1.1,93.994,-36.4,4.856,5191.0,999.0,0,1.0,1.0,1.0,3,8,0.0,6,5,1,1
10813,51.0,1,999,0,1.4,93.918,-42.7,4.962,5228.1,999.0,0,1.0,0.0,0.0,2,8,0.0,3,7,1,1
10814,31.0,1,999,0,-2.9,92.201,-31.4,0.881,5076.2,999.0,0,0.0,0.0,0.0,1,8,0.0,6,8,1,1
10815,30.0,2,999,0,1.4,93.444,-36.1,4.963,5228.1,999.0,0,0.0,0.0,0.0,1,8,0.0,5,8,1,1
10816,43.0,2,999,0,1.1,93.994,-36.4,4.857,5191.0,999.0,0,1.0,1.0,1.0,2,5,0.0,12,5,2,1
10817,31.0,1,999,0,-1.8,92.893,-46.2,1.313,5099.1,999.0,0,1.0,0.0,1.0,2,4,0.0,4,5,1,1
10818,31.0,1,999,0,-2.9,92.963,-40.8,1.26,5076.2,999.0,0,0.0,0.0,0.0,1,8,0.0,6,6,1,1
10819,38.0,3,999,0,1.4,94.465,-41.8,4.958,5228.1,999.0,0,1.0,0.0,1.0,1,8,0.0,3,6,1,1
10820,24.0,1,999,0,1.4,93.918,-42.7,4.962,5228.1,999.0,0,0.0,0.0,0.0,1,8,0.0,11,7,1,1
10821,34.0,2,999,0,1.4,93.444,-36.1,4.966,5228.1,999.0,0,1.0,0.0,0.0,2,6,0.0,9,8,1,1
10822,31.0,1,999,0,1.4,93.444,-36.1,4.963,5228.1,999.0,0,0.0,0.0,0.0,1,6,0.0,5,8,1,1
10823,51.0,2,999,1,-1.8,92.893,-46.2,1.299,5099.1,999.0,2,0.0,0.0,0.0,2,2,0.0,4,5,2,2
10824,35.0,4,999,0,1.4,94.465,-41.8,4.962,5228.1,999.0,0,1.0,0.0,1.0,2,7,0.0,6,6,1,1
10825,42.0,2,999,0,-1.8,93.075,-47.1,1.41,5099.1,999.0,0,0.0,1.0,0.0,2,4,0.0,7,4,1,1
10826,30.0,3,999,0,-1.8,92.893,-46.2,1.291,5099.1,999.0,0,1.0,0.0,0.0,1,8,0.0,11,5,1,1
10827,53.0,1,999,0,1.4,93.444,-36.1,4.966,5228.1,999.0,0,0.0,0.0,0.0,2,2,0.0,4,8,1,1
10828,40.0,3,999,0,-0.1,93.2,-42.0,4.021,5195.8,999.0,0,1.0,0.0,1.0,2,7,0.0,5,11,1,1
10829,42.0,1,999,0,-0.1,93.2,-42.0,4.191,5195.8,999.0,0,1.0,0.0,0.0,2,7,0.0,6,11,2,1
10830,52.0,2,999,0,1.1,93.994,-36.4,4.857,5191.0,999.0,0,0.0,0.0,1.0,2,8,0.0,4,5,1,1
10831,60.0,7,999,0,1.4,93.918,-42.7,4.962,5228.1,999.0,0,0.0,0.0,1.0,2,5,0.0,8,7,1,1
10832,26.0,1,999,1,-2.9,92.963,-40.8,1.26,5076.2,999.0,6,0.0,0.0,0.0,1,6,0.0,5,6,2,2
10833,43.0,1,999,0,-0.1,93.2,-42.0,4.191,5195.8,999.0,0,1.0,0.0,0.0,2,2,0.0,9,11,2,1
10834,32.0,1,999,1,-2.9,92.201,-31.4,0.854,5076.2,999.0,2,1.0,0.0,1.0,2,7,0.0,6,8,1,2
10835,35.0,8,999,0,1.1,93.994,-36.4,4.856,5191.0,999.0,0,0.0,0.0,1.0,2,7,0.0,6,5,1,1
10836,31.0,1,999,1,-1.8,92.893,-46.2,1.281,5099.1,999.0,1,1.0,0.0,0.0,2,5,0.0,4,5,1,2
10837,52.0,3,999,0,-2.9,92.963,-40.8,1.268,5076.2,999.0,0,1.0,0.0,0.0,2,8,0.0,7,6,1,1
10838,31.0,2,999,0,-0.1,93.2,-42.0,4.153,5195.8,999.0,0,0.0,1.0,0.0,2,7,0.0,6,11,1,1
10839,31.0,1,6,2,-1.8,93.369,-34.8,0.635,5008.7,0.2,8,0.0,0.0,0.0,2,8,0.0,8,3,1,3
10840,27.0,1,999,0,-1.8,92.893,-46.2,1.266,5099.1,999.0,0,1.0,0.0,0.0,2,6,0.0,6,5,1,1
10841,57.0,4,999,0,1.4,93.918,-42.7,4.962,5228.1,999.0,0,1.0,1.0,0.0,2,8,0.0,8,7,2,1
10842,23.0,1,999,0,1.4,93.918,-42.7,4.957,5228.1,999.0,0,0.0,0.0,0.0,1,5,0.0,4,7,1,1
10843,54.0,1,999,0,-1.8,92.893,-46.2,1.344,5099.1,999.0,0,1.0,1.0,0.0,2,5,0.0,4,5,1,1
10844,37.0,2,6,1,-1.1,94.767,-50.8,1.05,4963.6,0.2,0,0.0,0.0,0.0,2,8,0.0,6,11,2,3
10845,42.0,1,999,0,1.4,94.465,-41.8,4.967,5228.1,999.0,0,0.0,0.0,1.0,2,2,0.0,4,6,1,1
10846,28.0,1,2,1,-1.8,93.075,-47.1,1.365,5099.1,0.0666666666667,1,1.0,1.0,0.0,1,7,0.0,6,4,1,3
10847,31.0,1,999,0,1.4,93.918,-42.7,4.963,5228.1,999.0,0,1.0,0.0,1.0,2,2,0.0,4,7,1,1
10848,33.0,2,999,0,1.1,93.994,-36.4,4.859,5191.0,999.0,0,1.0,1.0,1.0,1,4,0.0,4,5,1,1
10849,35.0,3,999,0,1.1,93.994,-36.4,4.859,5191.0,999.0,0,1.0,1.0,1.0,2,5,0.0,6,5,1,1
10850,60.0,1,999,0,1.1,93.994,-36.4,4.859,5191.0,999.0,0,0.0,0.0,1.0,2,4,0.0,4,5,1,1
10851,46.0,1,999,0,-0.1,93.2,-42.0,4.076,5195.8,999.0,0,1.0,0.0,0.0,2,8,0.0,3,11,1,1
10852,31.0,2,999,1,-1.8,92.893,-46.2,1.281,5099.1,999.0,0,1.0,1.0,0.0,2,4,0.0,4,5,1,2
10853,31.0,1,999,1,-1.8,93.075,-47.1,1.453,5099.1,999.0,3,1.0,0.0,0.0,3,6,0.0,5,4,1,2
10854,31.0,6,999,0,1.1,93.994,-36.4,4.858,5191.0,999.0,0,1.0,1.0,1.0,1,2,0.0,12,5,2,1
10855,31.0,2,999,0,-0.1,93.2,-42.0,4.12,5195.8,999.0,0,1.0,0.0,0.0,2,7,0.0,3,11,1,1
10856,59.0,3,999,0,1.4,93.444,-36.1,4.963,5228.1,999.0,0,1.0,0.0,0.0,2,8,0.0,8,8,1,1
10857,50.0,3,999,0,-0.1,93.2,-42.0,4.191,5195.8,999.0,0,1.0,0.0,1.0,2,8,0.0,4,11,1,1
10858,31.0,3,999,0,1.4,93.444,-36.1,4.965,5228.1,999.0,0,1.0,0.0,0.0,1,5,0.0,5,8,2,1
10859,36.0,2,999,0,-3.4,92.431,-26.9,0.742,5017.5,999.0,0,0.0,0.0,0.0,2,8,0.0,6,10,1,1
10860,31.0,2,999,0,-3.0,92.713,-33.0,0.708,5023.5,999.0,0,1.0,0.0,0.0,1,4,0.0,11,12,1,1
10861,31.0,1,999,1,-1.8,92.893,-46.2,1.291,5099.1,999.0,3,1.0,0.0,0.0,1,4,0.0,4,5,1,2
10862,34.0,2,999,0,-0.1,93.2,-42.0,4.076,5195.8,999.0,0,0.0,0.0,0.0,3,7,0.0,3,11,1,1
10863,31.0,1,999,0,-3.4,92.379,-29.8,0.741,5017.5,999.0,0,1.0,0.0,0.0,2,2,0.0,4,9,1,1
10864,29.0,5,999,0,1.1,93.994,-36.4,4.859,5191.0,999.0,0,0.0,0.0,1.0,1,7,0.0,9,5,1,1
10865,36.0,5,999,0,1.1,93.994,-36.4,4.857,5191.0,999.0,0,0.0,0.0,1.0,2,8,0.0,4,5,2,1
10866,59.0,3,999,0,1.1,93.994,-36.4,4.856,5191.0,999.0,0,0.0,0.0,1.0,2,2,0.0,8,5,1,1
10867,31.0,2,999,0,-0.1,93.2,-42.0,4.191,5195.8,999.0,0,0.0,1.0,1.0,2,8,0.0,6,11,2,1
10868,34.0,1,999,0,1.4,93.444,-36.1,4.97,5228.1,999.0,0,1.0,1.0,1.0,1,6,0.0,5,8,2,1
10869,35.0,4,999,0,1.4,94.465,-41.8,4.961,5228.1,999.0,0,0.0,0.0,1.0,2,4,0.0,4,6,2,1
10870,28.0,2,999,0,1.4,93.918,-42.7,4.963,5228.1,999.0,0,1.0,0.0,1.0,1,8,0.0,4,7,1,1
10871,41.0,1,999,0,1.4,93.918,-42.7,4.96,5228.1,999.0,0,0.0,0.0,0.0,2,8,0.0,5,7,2,1
10872,50.0,3,999,0,-0.1,93.2,-42.0,4.076,5195.8,999.0,0,1.0,0.0,0.0,2,7,0.0,7,11,1,1
10873,39.0,1,999,0,1.4,93.918,-42.7,4.963,5228.1,999.0,0,1.0,0.0,0.0,2,8,0.0,9,7,1,1
10874,31.0,1,999,0,1.4,93.918,-42.7,4.962,5228.1,999.0,0,0.0,0.0,0.0,2,5,0.0,6,7,1,1
10875,33.0,1,999,0,-0.1,93.798,-40.4,4.827,5195.8,999.0,0,1.0,0.0,1.0,2,6,0.0,5,10,1,1
10876,26.0,1,999,0,-2.9,92.963,-40.8,1.26,5076.2,999.0,0,1.0,0.0,0.0,1,6,0.0,5,6,1,1
10877,41.0,1,999,0,-1.8,92.893,-46.2,1.25,5099.1,999.0,0,1.0,0.0,0.0,2,7,0.0,3,5,1,1
10878,31.0,3,999,0,1.4,93.444,-36.1,4.966,5228.1,999.0,0,0.0,0.0,0.0,1,7,0.0,5,8,1,1
10879,60.0,1,999,0,1.4,93.444,-36.1,4.963,5228.1,999.0,0,0.0,0.0,0.0,2,7,0.0,1,8,1,1
10880,56.0,1,999,0,1.1,93.994,-36.4,4.858,5191.0,999.0,0,1.0,0.0,1.0,2,8,0.0,4,5,1,1
10881,32.0,8,999,0,1.4,93.444,-36.1,4.964,5228.1,999.0,0,0.0,1.0,0.0,1,7,0.0,5,8,1,1
10882,57.0,1,999,0,-1.8,93.075,-47.1,1.453,5099.1,999.0,0,0.0,0.0,0.0,2,4,0.0,4,4,1,1
10883,31.0,2,999,0,1.1,93.994,-36.4,4.859,5191.0,999.0,0,0.0,0.0,1.0,2,7,0.0,3,5,1,1
10884,34.0,2,999,0,1.1,93.994,-36.4,4.857,5191.0,999.0,0,0.0,0.0,1.0,1,4,0.0,9,5,2,1
10885,31.0,1,999,0,-1.8,92.893,-46.2,1.266,5099.1,999.0,0,0.0,0.0,0.0,2,4,0.0,4,5,1,1
10886,48.0,1,999,0,1.4,93.918,-42.7,4.962,5228.1,999.0,0,0.0,0.0,0.0,2,2,0.0,4,7,1,1
10887,31.0,1,999,0,-0.1,93.798,-40.4,4.921,5195.8,999.0,0,1.0,0.0,1.0,1,8,0.0,9,10,1,1
10888,36.0,1,999,2,-3.4,92.649,-30.1,0.715,5017.5,999.0,8,0.0,0.0,0.0,3,4,0.0,1,11,1,2
10889,54.0,1,999,1,-1.8,92.893,-46.2,1.25,5099.1,999.0,1,0.0,0.0,0.0,1,8,0.0,9,5,1,2
10890,32.0,1,999,0,-0.1,93.2,-42.0,4.076,5195.8,999.0,0,0.0,1.0,0.0,1,8,0.0,7,11,1,1
10891,33.0,1,999,0,-1.8,92.893,-46.2,1.281,5099.1,999.0,0,0.0,0.0,0.0,2,4,0.0,4,5,1,1
10892,33.0,2,999,0,-1.8,92.893,-46.2,1.291,5099.1,999.0,0,1.0,0.0,1.0,1,6,0.0,5,5,1,1
10893,54.0,3,999,0,-1.8,93.075,-47.1,1.405,5099.1,999.0,0,0.0,0.0,0.0,2,8,0.0,3,4,2,1
10894,33.0,1,999,0,1.4,93.444,-36.1,4.964,5228.1,999.0,0,0.0,0.0,0.0,2,8,0.0,6,8,1,1
10895,54.0,1,999,0,-1.8,92.893,-46.2,1.344,5099.1,999.0,0,1.0,0.0,0.0,2,5,0.0,4,5,1,1
10896,31.0,3,999,0,1.4,93.918,-42.7,4.968,5228.1,999.0,0,1.0,0.0,0.0,2,8,0.0,9,7,1,1
10897,46.0,1,999,1,-1.8,93.075,-47.1,1.445,5099.1,999.0,1,0.0,0.0,0.0,3,4,0.0,4,4,1,2
10898,35.0,1,999,0,-1.8,93.075,-47.1,1.405,5099.1,999.0,0,1.0,0.0,0.0,2,2,0.0,4,4,2,1
10899,31.0,1,999,0,-1.8,92.893,-46.2,1.313,5099.1,999.0,0,0.0,0.0,0.0,2,5,0.0,6,5,1,1
10900,42.0,2,999,0,1.1,93.994,-36.4,4.857,5191.0,999.0,0,0.0,0.0,1.0,2,4,0.0,4,5,2,1
10901,31.0,2,999,0,1.4,94.465,-41.8,4.959,5228.1,999.0,0,1.0,0.0,1.0,2,6,0.0,5,6,1,1
10902,62.0,1,999,0,-2.9,92.201,-31.4,0.849,5076.2,999.0,0,1.0,1.0,0.0,2,8,0.0,6,8,1,1
10903,55.0,4,999,0,1.4,94.465,-41.8,4.962,5228.1,999.0,0,1.0,0.0,1.0,1,2,0.0,3,6,1,1
10904,31.0,3,999,0,1.4,93.444,-36.1,4.963,5228.1,999.0,0,1.0,0.0,0.0,2,7,0.0,10,8,1,1
10905,27.0,2,999,0,1.4,94.465,-41.8,4.961,5228.1,999.0,0,1.0,0.0,1.0,2,8,0.0,4,6,1,1
10906,34.0,4,999,0,-1.8,92.893,-46.2,1.25,5099.1,999.0,0,0.0,0.0,0.0,3,8,0.0,5,5,1,1
10907,29.0,2,999,0,1.4,94.465,-41.8,4.96,5228.1,999.0,0,0.0,0.0,1.0,1,8,0.0,6,6,2,1
10908,31.0,3,999,0,1.4,93.444,-36.1,4.963,5228.1,999.0,0,0.0,0.0,0.0,2,7,0.0,6,8,1,1
10909,33.0,2,999,1,-1.1,94.199,-37.5,0.879,4963.6,999.0,2,1.0,0.0,0.0,1,8,0.0,10,9,1,2
10910,48.0,4,999,0,-0.1,93.2,-42.0,4.12,5195.8,999.0,0,0.0,0.0,0.0,2,3,0.0,2,11,1,1
10911,50.0,1,999,1,-0.1,93.2,-42.0,4.076,5195.8,999.0,0,1.0,0.0,0.0,3,7,0.0,1,11,1,2
10912,31.0,1,999,0,-1.8,92.893,-46.2,1.334,5099.1,999.0,0,0.0,0.0,0.0,2,8,0.0,9,5,1,1
10913,46.0,2,999,0,1.1,93.994,-36.4,4.856,5191.0,999.0,0,1.0,0.0,1.0,3,8,0.0,6,5,1,1
10914,33.0,3,999,0,1.4,94.465,-41.8,4.864,5228.1,999.0,0,0.0,0.0,1.0,2,7,0.0,6,6,1,1
10915,54.0,1,999,0,1.4,94.465,-41.8,4.961,5228.1,999.0,0,1.0,0.0,1.0,3,7,0.0,3,6,1,1
10916,31.0,8,999,1,-1.8,92.893,-46.2,1.281,5099.1,999.0,1,1.0,0.0,0.0,3,7,0.0,6,5,1,2
10917,31.0,5,999,0,-1.8,92.893,-46.2,1.244,5099.1,999.0,0,1.0,0.0,0.0,1,4,0.0,5,5,2,1
10918,31.0,2,999,1,-2.9,92.201,-31.4,0.869,5076.2,999.0,3,1.0,1.0,0.0,1,4,0.0,11,8,1,2
10919,55.0,3,999,0,1.4,93.444,-36.1,4.963,5228.1,999.0,0,1.0,1.0,0.0,2,4,0.0,4,8,1,1
10920,32.0,2,999,0,1.4,93.444,-36.1,4.965,5228.1,999.0,0,1.0,0.0,0.0,1,8,0.0,5,8,1,1
10921,33.0,2,999,0,-1.8,93.075,-47.1,1.405,5099.1,999.0,0,0.0,1.0,0.0,2,4,0.0,4,4,2,1
10922,37.0,2,999,0,-1.8,92.893,-46.2,1.334,5099.1,999.0,0,0.0,0.0,1.0,2,4,0.0,4,5,1,1
10923,31.0,2,999,0,1.1,93.994,-36.4,4.857,5191.0,999.0,0,1.0,0.0,1.0,1,4,0.0,4,5,1,1
10924,21.0,5,999,0,-1.8,92.893,-46.2,1.354,5099.1,999.0,0,0.0,0.0,0.0,1,8,0.0,11,5,2,1
10925,29.0,2,999,1,-1.8,93.075,-47.1,1.405,5099.1,999.0,2,0.0,0.0,0.0,1,8,0.0,9,4,2,2
10926,32.0,2,999,0,1.4,93.444,-36.1,4.964,5228.1,999.0,0,0.0,0.0,0.0,3,7,0.0,6,8,1,1
10927,31.0,3,999,0,1.4,94.465,-41.8,4.955,5228.1,999.0,0,1.0,1.0,1.0,2,2,0.0,4,6,1,1
10928,30.0,1,999,0,-2.9,92.963,-40.8,1.26,5076.2,999.0,0,0.0,0.0,0.0,1,8,0.0,6,6,1,1
10929,31.0,2,999,0,1.1,93.994,-36.4,4.856,5191.0,999.0,0,1.0,0.0,1.0,2,4,0.0,4,5,1,1
10930,31.0,3,999,0,1.4,93.444,-36.1,4.964,5228.1,999.0,0,1.0,0.0,0.0,2,8,0.0,6,8,1,1
10931,31.0,1,1,2,-1.8,92.893,-46.2,1.259,5099.1,0.0333333333333,4,1.0,0.0,0.0,1,5,0.0,11,5,1,3
10932,33.0,3,999,0,-1.8,92.843,-50.0,1.65,5099.1,999.0,0,1.0,0.0,0.0,2,7,0.0,6,3,1,1
10933,31.0,6,999,0,1.1,93.994,-36.4,4.864,5191.0,999.0,0,0.0,0.0,1.0,2,5,0.0,9,5,1,1
10934,29.0,1,999,0,1.4,93.918,-42.7,4.96,5228.1,999.0,0,1.0,1.0,0.0,2,2,0.0,4,7,2,1
10935,31.0,2,999,0,1.4,93.918,-42.7,4.957,5228.1,999.0,0,1.0,0.0,0.0,1,7,0.0,6,7,1,1
10936,27.0,1,999,0,1.4,93.918,-42.7,4.96,5228.1,999.0,0,0.0,0.0,0.0,1,7,0.0,6,7,2,1
10937,58.0,6,999,0,1.4,93.918,-42.7,4.963,5228.1,999.0,0,1.0,0.0,0.0,2,8,0.0,4,7,1,1
10938,48.0,5,999,0,1.4,94.465,-41.8,4.864,5228.1,999.0,0,0.0,0.0,1.0,2,2,0.0,4,6,1,1
10939,46.0,1,999,0,1.4,94.465,-41.8,4.967,5228.1,999.0,0,0.0,0.0,1.0,1,5,0.0,1,6,1,1
10940,31.0,3,999,0,1.4,94.465,-41.8,4.96,5228.1,999.0,0,0.0,0.0,1.0,2,8,0.0,12,6,2,1
10941,39.0,2,999,1,-1.8,92.893,-46.2,1.25,5099.1,999.0,2,0.0,1.0,0.0,3,5,0.0,4,5,1,2
10942,47.0,1,999,0,1.1,93.994,-36.4,4.857,5191.0,999.0,0,1.0,1.0,1.0,1,8,0.0,6,5,1,1
10943,60.0,3,999,0,1.4,93.444,-36.1,4.965,5228.1,999.0,0,1.0,0.0,0.0,2,8,0.0,12,8,1,1
10944,34.0,3,999,1,-1.8,92.893,-46.2,1.344,5099.1,999.0,3,1.0,0.0,0.0,2,8,0.0,6,5,1,2
10945,47.0,2,999,0,1.4,93.918,-42.7,4.961,5228.1,999.0,0,0.0,0.0,0.0,1,8,0.0,5,7,1,1
10946,33.0,3,999,0,1.4,93.444,-36.1,4.964,5228.1,999.0,0,1.0,0.0,0.0,1,8,0.0,6,8,1,1
10947,53.0,6,999,0,-0.1,93.2,-42.0,4.021,5195.8,999.0,0,1.0,0.0,1.0,2,3,0.0,7,11,1,1
10948,59.0,4,999,0,1.1,93.994,-36.4,4.857,5191.0,999.0,0,0.0,0.0,1.0,1,7,0.0,8,5,1,1
10949,32.0,3,999,0,1.4,94.465,-41.8,4.864,5228.1,999.0,0,0.0,0.0,1.0,2,7,0.0,6,6,1,1
10950,45.0,6,999,0,1.4,93.444,-36.1,4.964,5228.1,999.0,0,0.0,0.0,0.0,2,8,0.0,4,8,1,1
10951,37.0,2,999,0,1.1,93.994,-36.4,4.857,5191.0,999.0,0,1.0,0.0,1.0,1,6,0.0,4,5,1,1
10952,31.0,1,999,0,-1.8,93.075,-47.1,1.466,5099.1,999.0,0,1.0,1.0,0.0,2,4,0.0,4,4,2,1
10953,72.0,9,999,1,-1.7,94.215,-40.3,0.822,4991.6,999.0,1,1.0,0.0,0.0,2,2,0.0,8,7,1,2
10954,45.0,1,999,0,-1.8,92.893,-46.2,1.313,5099.1,999.0,0,0.0,0.0,0.0,1,7,0.0,5,5,1,1
10955,31.0,3,999,0,1.4,93.444,-36.1,4.968,5228.1,999.0,0,1.0,0.0,0.0,2,7,0.0,5,8,1,1
10956,31.0,3,999,0,1.1,93.994,-36.4,4.857,5191.0,999.0,0,0.0,0.0,1.0,2,8,0.0,9,5,2,1
10957,52.0,3,999,0,1.4,93.918,-42.7,4.962,5228.1,999.0,0,1.0,0.0,0.0,2,8,0.0,8,7,1,1
10958,57.0,1,999,0,-1.8,93.075,-47.1,1.405,5099.1,999.0,0,1.0,0.0,0.0,2,4,0.0,9,4,1,1
10959,56.0,10,999,0,1.4,93.918,-42.7,4.968,5228.1,999.0,0,1.0,0.0,0.0,3,5,0.0,8,7,1,1
10960,39.0,2,999,0,-1.8,92.893,-46.2,1.327,5099.1,999.0,0,0.0,0.0,0.0,2,2,0.0,10,5,1,1
10961,31.0,2,999,0,1.4,93.444,-36.1,4.965,5228.1,999.0,0,0.0,0.0,0.0,2,8,0.0,2,8,2,1
10962,29.0,1,999,0,1.1,93.994,-36.4,4.858,5191.0,999.0,0,0.0,0.0,1.0,1,8,0.0,5,5,1,1
10963,56.0,1,999,0,-3.0,92.713,-33.0,0.714,5023.5,999.0,0,0.0,0.0,0.0,2,2,0.0,8,12,1,1
10964,37.0,1,999,0,-3.4,92.649,-30.1,0.715,5017.5,999.0,0,0.0,1.0,0.0,1,8,0.0,6,11,1,1
10965,42.0,2,999,0,1.4,93.444,-36.1,4.963,5228.1,999.0,0,1.0,0.0,0.0,2,7,0.0,6,8,1,1
10966,59.0,16,999,0,1.1,93.994,-36.4,4.86,5191.0,999.0,0,0.0,0.0,1.0,2,3,0.0,5,5,1,1
10967,30.0,2,999,0,-1.8,93.075,-47.1,1.423,5099.1,999.0,0,1.0,0.0,1.0,1,7,0.0,6,4,1,1
10968,32.0,1,999,1,-1.8,92.893,-46.2,1.281,5099.1,999.0,2,1.0,0.0,0.0,1,8,0.0,9,5,1,2
10969,38.0,3,999,0,-3.4,92.431,-26.9,0.739,5017.5,999.0,0,1.0,0.0,0.0,2,4,0.0,4,10,1,1
10970,53.0,1,999,0,1.4,93.918,-42.7,4.962,5228.1,999.0,0,1.0,0.0,0.0,2,8,0.0,5,7,1,1
10971,31.0,3,999,0,1.4,93.918,-42.7,4.963,5228.1,999.0,0,1.0,0.0,1.0,2,7,0.0,7,7,1,1
10972,41.0,9,999,0,1.4,93.444,-36.1,4.962,5228.1,999.0,0,1.0,0.0,0.0,2,8,0.0,6,8,1,1
10973,39.0,1,999,0,1.4,94.465,-41.8,4.967,5228.1,999.0,0,0.0,0.0,1.0,2,7,0.0,10,6,1,1
10974,45.0,4,999,0,1.1,93.994,-36.4,4.86,5191.0,999.0,0,1.0,0.0,1.0,3,7,0.0,1,5,1,1
10975,52.0,12,999,0,1.4,94.465,-41.8,4.959,5228.1,999.0,0,1.0,0.0,1.0,2,7,0.0,8,6,1,1
10976,42.0,1,999,0,1.4,93.444,-36.1,4.964,5228.1,999.0,0,0.0,0.0,0.0,1,5,0.0,6,8,1,1
10977,31.0,1,999,0,1.4,94.465,-41.8,4.961,5228.1,999.0,0,1.0,1.0,1.0,2,5,0.0,9,6,1,1
10978,43.0,2,999,0,-0.1,93.2,-42.0,4.191,5195.8,999.0,0,0.0,0.0,0.0,1,7,0.0,6,11,2,1
10979,31.0,3,999,0,1.4,93.444,-36.1,4.963,5228.1,999.0,0,1.0,0.0,0.0,1,5,0.0,6,8,1,1
10980,39.0,1,999,0,1.4,94.465,-41.8,4.947,5228.1,999.0,0,0.0,1.0,1.0,2,8,0.0,1,6,1,1
10981,31.0,2,999,0,1.1,93.994,-36.4,4.855,5191.0,999.0,0,1.0,0.0,1.0,2,8,0.0,9,5,1,1
10982,27.0,1,999,0,1.4,93.918,-42.7,4.961,5228.1,999.0,0,1.0,0.0,0.0,1,7,0.0,10,7,1,1
10983,36.0,2,999,0,-1.8,92.893,-46.2,1.334,5099.1,999.0,0,1.0,0.0,0.0,2,7,0.0,6,5,1,1
10984,32.0,2,999,0,1.1,93.994,-36.4,4.858,5191.0,999.0,0,1.0,1.0,1.0,2,5,0.0,9,5,1,1
10985,36.0,1,10,1,-1.8,92.893,-46.2,1.334,5099.1,0.333333333333,0,1.0,0.0,0.0,2,6,0.0,5,5,1,3
10986,31.0,2,999,0,1.4,93.918,-42.7,4.962,5228.1,999.0,0,1.0,0.0,0.0,2,8,0.0,5,7,1,1
10987,51.0,3,999,0,1.4,94.465,-41.8,4.962,5228.1,999.0,0,0.0,0.0,1.0,2,5,0.0,3,6,1,1
10988,32.0,3,999,0,-1.8,92.893,-46.2,1.281,5099.1,999.0,0,1.0,0.0,0.0,1,5,0.0,4,5,1,1
10989,33.0,1,999,0,1.4,93.444,-36.1,4.963,5228.1,999.0,0,0.0,0.0,1.0,2,7,0.0,6,8,1,1
10990,29.0,3,999,1,-0.1,93.2,-42.0,4.12,5195.8,999.0,2,1.0,0.0,0.0,1,8,0.0,9,11,1,2
10991,53.0,1,999,0,1.4,93.444,-36.1,4.962,5228.1,999.0,0,0.0,0.0,0.0,2,7,0.0,1,8,1,1
10992,31.0,2,999,0,-0.1,93.2,-42.0,4.076,5195.8,999.0,0,1.0,0.0,0.0,2,4,0.0,9,11,1,1
10993,31.0,2,999,0,1.4,94.465,-41.8,4.947,5228.1,999.0,0,1.0,1.0,1.0,2,8,0.0,4,6,2,1
10994,25.0,3,999,0,1.4,93.918,-42.7,4.962,5228.1,999.0,0,0.0,0.0,0.0,1,7,0.0,5,7,1,1
10995,25.0,1,999,0,1.4,94.465,-41.8,4.961,5228.1,999.0,0,1.0,0.0,1.0,1,5,0.0,11,6,1,1
10996,31.0,2,3,1,-1.7,94.215,-40.3,0.884,4991.6,0.1,4,1.0,0.0,0.0,1,8,0.0,5,7,1,3
10997,51.0,2,999,0,1.4,93.444,-36.1,4.964,5228.1,999.0,0,1.0,0.0,0.0,2,5,0.0,5,8,1,1
10998,31.0,4,999,0,1.1,93.994,-36.4,4.857,5191.0,999.0,0,1.0,0.0,1.0,2,5,0.0,6,5,1,1
10999,41.0,1,999,0,-1.8,93.075,-47.1,1.405,5099.1,999.0,0,0.0,0.0,0.0,2,5,0.0,9,4,1,1
11000,31.0,1,999,0,-2.9,92.963,-40.8,1.215,5076.2,999.0,0,0.0,0.0,0.0,2,7,0.0,6,6,2,1
11001,51.0,2,999,0,-1.8,92.893,-46.2,1.281,5099.1,999.0,0,1.0,0.0,0.0,2,2,0.0,4,5,1,1
11002,31.0,1,999,0,-1.1,94.199,-37.5,0.877,4963.6,999.0,0,0.0,0.0,1.0,1,8,0.0,11,9,1,1
11003,32.0,25,999,0,1.4,94.465,-41.8,4.96,5228.1,999.0,0,0.0,0.0,1.0,1,7,0.0,6,6,2,1
11004,32.0,2,999,0,1.4,93.918,-42.7,4.962,5228.1,999.0,0,1.0,1.0,0.0,1,7,0.0,6,7,2,1
11005,43.0,2,999,0,1.1,93.994,-36.4,4.857,5191.0,999.0,0,0.0,0.0,1.0,3,5,0.0,6,5,1,1
11006,49.0,1,999,0,1.4,93.918,-42.7,4.96,5228.1,999.0,0,1.0,0.0,1.0,2,7,0.0,6,7,2,1
11007,31.0,1,999,0,1.1,93.994,-36.4,4.857,5191.0,999.0,0,1.0,0.0,1.0,2,8,0.0,5,5,1,1
11008,41.0,4,999,1,-0.1,93.2,-42.0,4.076,5195.8,999.0,3,0.0,0.0,0.0,1,4,0.0,4,11,1,2
11009,45.0,2,999,0,1.4,94.465,-41.8,4.959,5228.1,999.0,0,0.0,0.0,1.0,2,7,0.0,5,6,1,1
11010,43.0,4,999,0,1.4,94.465,-41.8,4.961,5228.1,999.0,0,1.0,0.0,1.0,2,8,0.0,4,6,1,1
11011,58.0,2,999,0,1.1,93.994,-36.4,4.859,5191.0,999.0,0,0.0,0.0,1.0,3,8,0.0,6,5,1,1
11012,56.0,5,999,0,-0.1,93.2,-42.0,4.153,5195.8,999.0,0,1.0,0.0,0.0,1,8,0.0,5,11,1,1
11013,35.0,2,3,1,-0.1,93.2,-42.0,4.12,5195.8,0.1,2,1.0,0.0,0.0,1,2,0.0,2,11,1,3
11014,38.0,5,999,0,1.4,93.918,-42.7,4.96,5228.1,999.0,0,0.0,0.0,0.0,2,5,0.0,10,7,1,1
11015,48.0,2,999,0,-0.1,93.2,-42.0,4.153,5195.8,999.0,0,1.0,0.0,1.0,2,7,0.0,6,11,1,1
11016,59.0,1,999,0,-2.9,92.201,-31.4,0.883,5076.2,999.0,0,0.0,0.0,1.0,1,8,0.0,5,8,1,1
11017,25.0,3,999,0,1.4,93.918,-42.7,4.963,5228.1,999.0,0,1.0,0.0,0.0,1,4,0.0,4,7,1,1
11018,36.0,2,999,0,1.4,93.444,-36.1,4.964,5228.1,999.0,0,1.0,0.0,0.0,2,7,0.0,6,8,1,1
11019,26.0,1,999,0,-1.7,94.027,-38.3,0.889,4991.6,999.0,0,1.0,1.0,1.0,2,8,0.0,4,8,1,1
11020,60.0,5,999,0,1.1,93.994,-36.4,4.857,5191.0,999.0,0,1.0,0.0,1.0,3,2,0.0,8,5,1,1
11021,31.0,3,999,0,1.1,93.994,-36.4,4.86,5191.0,999.0,0,0.0,0.0,1.0,2,2,0.0,4,5,1,1
11022,55.0,1,999,0,-0.1,93.2,-42.0,4.021,5195.8,999.0,0,0.0,0.0,0.0,3,7,0.0,7,11,1,1
11023,34.0,2,999,0,-1.8,93.075,-47.1,1.453,5099.1,999.0,0,1.0,1.0,0.0,1,5,0.0,6,4,1,1
11024,46.0,2,999,0,-1.8,92.893,-46.2,1.299,5099.1,999.0,0,0.0,0.0,0.0,3,8,0.0,5,5,2,1
11025,31.0,4,999,0,1.4,93.918,-42.7,4.962,5228.1,999.0,0,1.0,1.0,0.0,2,6,0.0,5,7,2,1
11026,59.0,8,999,0,1.4,93.918,-42.7,4.962,5228.1,999.0,0,1.0,0.0,1.0,3,8,0.0,8,7,1,1
11027,34.0,2,999,0,1.1,93.994,-36.4,4.855,5191.0,999.0,0,1.0,1.0,1.0,2,8,0.0,4,5,1,1
11028,29.0,2,999,0,1.1,93.994,-36.4,4.856,5191.0,999.0,0,0.0,0.0,1.0,2,5,0.0,9,5,1,1
11029,31.0,3,999,0,-1.8,92.893,-46.2,1.299,5099.1,999.0,0,1.0,0.0,1.0,2,8,0.0,7,5,1,1
11030,37.0,1,999,0,-0.1,93.2,-42.0,4.12,5195.8,999.0,0,0.0,0.0,1.0,1,7,0.0,6,11,1,1
11031,31.0,4,999,0,1.1,93.994,-36.4,4.859,5191.0,999.0,0,0.0,0.0,1.0,2,6,0.0,6,5,1,1
11032,57.0,1,999,1,-2.9,92.201,-31.4,0.834,5076.2,999.0,1,1.0,0.0,0.0,2,7,0.0,8,8,1,2
11033,48.0,2,999,0,1.4,93.918,-42.7,4.959,5228.1,999.0,0,0.0,1.0,0.0,2,2,0.0,4,7,1,1
11034,39.0,1,999,0,1.4,93.918,-42.7,4.962,5228.1,999.0,0,0.0,0.0,0.0,2,8,0.0,6,7,1,1
11035,32.0,1,999,0,-0.1,93.2,-42.0,4.153,5195.8,999.0,0,1.0,1.0,0.0,1,8,0.0,5,11,1,1
11036,37.0,3,999,0,1.4,94.465,-41.8,4.958,5228.1,999.0,0,0.0,1.0,1.0,2,2,0.0,4,6,1,1
11037,32.0,2,999,1,-1.8,93.075,-47.1,1.41,5099.1,999.0,0,0.0,0.0,0.0,2,2,0.0,4,4,1,2
11038,36.0,3,999,0,1.1,93.994,-36.4,4.857,5191.0,999.0,0,1.0,1.0,1.0,1,4,0.0,9,5,2,1
11039,39.0,6,999,0,1.4,93.918,-42.7,4.962,5228.1,999.0,0,1.0,0.0,0.0,2,8,0.0,4,7,1,1
11040,32.0,2,999,0,1.1,93.994,-36.4,4.858,5191.0,999.0,0,1.0,0.0,1.0,1,7,0.0,6,5,1,1
11041,31.0,1,999,0,1.4,94.465,-41.8,4.864,5228.1,999.0,0,0.0,0.0,1.0,2,5,0.0,5,6,1,1
11042,38.0,2,999,1,-0.1,93.2,-42.0,4.153,5195.8,999.0,0,1.0,0.0,0.0,1,4,0.0,5,11,1,2
11043,31.0,14,999,0,1.1,93.994,-36.4,4.857,5191.0,999.0,0,0.0,0.0,1.0,2,2,0.0,4,5,1,1
11044,31.0,1,999,0,1.4,94.465,-41.8,4.866,5228.1,999.0,0,0.0,0.0,1.0,2,8,0.0,7,6,1,1
11045,31.0,1,999,0,1.4,94.465,-41.8,4.866,5228.1,999.0,0,0.0,0.0,1.0,2,8,0.0,4,6,1,1
11046,31.0,1,999,0,1.4,93.444,-36.1,4.966,5228.1,999.0,0,0.0,0.0,0.0,2,4,0.0,4,8,1,1
11047,31.0,1,999,0,1.4,93.918,-42.7,4.963,5228.1,999.0,0,1.0,0.0,0.0,2,7,0.0,6,7,1,1
11048,37.0,1,999,0,-0.1,93.2,-42.0,4.021,5195.8,999.0,0,1.0,1.0,0.0,2,8,0.0,6,11,1,1
11049,39.0,1,999,0,1.1,93.994,-36.4,4.857,5191.0,999.0,0,0.0,0.0,1.0,3,8,0.0,7,5,2,1
11050,49.0,1,999,0,1.4,94.465,-41.8,4.961,5228.1,999.0,0,0.0,0.0,1.0,2,7,0.0,3,6,1,1
11051,37.0,1,999,0,-1.8,93.075,-47.1,1.365,5099.1,999.0,0,1.0,0.0,0.0,1,7,0.0,1,4,1,1
11052,33.0,4,999,0,1.1,93.994,-36.4,4.857,5191.0,999.0,0,1.0,0.0,1.0,2,6,0.0,5,5,2,1
11053,31.0,5,999,0,-1.8,92.893,-46.2,1.344,5099.1,999.0,0,1.0,0.0,0.0,1,8,0.0,6,5,1,1
11054,31.0,2,999,0,1.4,94.465,-41.8,4.958,5228.1,999.0,0,0.0,0.0,1.0,1,7,0.0,6,6,1,1
11055,43.0,1,999,0,1.4,93.444,-36.1,4.97,5228.1,999.0,0,1.0,1.0,0.0,2,7,0.0,6,8,2,1
11056,31.0,1,999,0,1.4,93.918,-42.7,4.957,5228.1,999.0,0,1.0,0.0,0.0,1,5,0.0,6,7,1,1
11057,31.0,6,999,0,1.4,93.444,-36.1,4.965,5228.1,999.0,0,1.0,0.0,0.0,3,8,0.0,6,8,1,1
11058,42.0,4,999,0,-1.8,92.893,-46.2,1.281,5099.1,999.0,0,0.0,0.0,0.0,2,6,0.0,5,5,1,1
11059,34.0,1,999,0,1.4,93.918,-42.7,4.96,5228.1,999.0,0,0.0,0.0,0.0,1,5,0.0,3,7,2,1
11060,50.0,2,999,0,1.1,93.994,-36.4,4.856,5191.0,999.0,0,1.0,0.0,1.0,2,6,0.0,5,5,1,1
11061,32.0,1,999,0,1.4,94.465,-41.8,4.967,5228.1,999.0,0,0.0,0.0,1.0,2,4,0.0,5,6,1,1
11062,31.0,1,999,1,-1.8,93.075,-47.1,1.41,5099.1,999.0,0,1.0,0.0,0.0,2,4,0.0,4,4,1,2
11063,30.0,1,999,0,-1.8,92.893,-46.2,1.344,5099.1,999.0,0,1.0,0.0,0.0,2,8,0.0,9,5,1,1
11064,38.0,9,999,0,1.4,93.444,-36.1,4.963,5228.1,999.0,0,0.0,0.0,0.0,2,7,0.0,6,8,1,1
11065,52.0,2,999,0,1.4,93.444,-36.1,4.964,5228.1,999.0,0,1.0,0.0,0.0,2,5,0.0,9,8,1,1
11066,46.0,2,999,0,1.4,94.465,-41.8,4.959,5228.1,999.0,0,1.0,0.0,1.0,2,2,0.0,4,6,1,1
11067,34.0,1,999,0,-1.7,94.215,-40.3,0.84,4991.6,999.0,0,0.0,0.0,0.0,2,4,0.0,9,7,1,1
11068,59.0,4,999,0,1.4,93.444,-36.1,4.964,5228.1,999.0,0,1.0,0.0,0.0,2,2,0.0,9,8,1,1
11069,28.0,2,999,0,1.4,93.918,-42.7,4.962,5228.1,999.0,0,0.0,0.0,0.0,2,2,0.0,4,7,1,1
11070,45.0,1,999,0,-0.1,93.2,-42.0,4.076,5195.8,999.0,0,0.0,0.0,0.0,2,4,0.0,4,11,1,1
11071,25.0,2,999,0,1.4,93.918,-42.7,4.963,5228.1,999.0,0,0.0,0.0,1.0,1,4,0.0,9,7,1,1
11072,29.0,2,999,1,-1.8,92.893,-46.2,1.266,5099.1,999.0,1,1.0,0.0,0.0,3,7,0.0,6,5,1,2
11073,30.0,2,999,0,1.4,93.918,-42.7,4.963,5228.1,999.0,0,0.0,0.0,0.0,2,8,0.0,6,7,1,1
11074,57.0,4,999,0,1.4,93.918,-42.7,4.962,5228.1,999.0,0,1.0,0.0,0.0,2,2,0.0,4,7,1,1
11075,31.0,2,999,0,1.1,93.994,-36.4,4.859,5191.0,999.0,0,1.0,0.0,1.0,2,5,0.0,6,5,1,1
11076,31.0,6,999,0,1.4,94.465,-41.8,4.958,5228.1,999.0,0,0.0,1.0,1.0,2,8,0.0,9,6,1,1
11077,46.0,5,999,0,1.4,93.444,-36.1,4.965,5228.1,999.0,0,1.0,0.0,0.0,2,5,0.0,7,8,1,1
11078,30.0,2,999,1,-1.8,92.893,-46.2,1.299,5099.1,999.0,2,1.0,0.0,0.0,1,7,0.0,6,5,1,2
11079,33.0,2,999,0,1.4,93.918,-42.7,4.962,5228.1,999.0,0,1.0,0.0,0.0,2,7,0.0,7,7,2,1
11080,51.0,1,999,0,-1.8,92.893,-46.2,1.25,5099.1,999.0,0,0.0,0.0,0.0,2,8,0.0,4,5,1,1
11081,41.0,1,999,0,-1.8,92.893,-46.2,1.344,5099.1,999.0,0,0.0,0.0,0.0,2,8,0.0,4,5,1,1
11082,45.0,4,999,0,1.1,93.994,-36.4,4.857,5191.0,999.0,0,0.0,0.0,1.0,2,8,0.0,4,5,2,1
11083,31.0,3,999,0,1.4,94.465,-41.8,4.959,5228.1,999.0,0,0.0,0.0,1.0,1,5,0.0,6,6,1,1
11084,35.0,1,999,0,-1.8,92.893,-46.2,1.327,5099.1,999.0,0,1.0,0.0,0.0,1,6,0.0,5,5,1,1
11085,30.0,1,999,0,1.1,93.994,-36.4,4.857,5191.0,999.0,0,1.0,1.0,1.0,1,4,0.0,4,5,2,1
11086,39.0,12,999,0,1.1,93.994,-36.4,4.864,5191.0,999.0,0,0.0,0.0,1.0,2,6,0.0,5,5,1,1
11087,49.0,1,999,0,1.1,93.994,-36.4,4.857,5191.0,999.0,0,1.0,0.0,1.0,2,2,0.0,4,5,1,1
11088,37.0,1,999,0,1.1,93.994,-36.4,4.857,5191.0,999.0,0,1.0,1.0,1.0,3,7,0.0,1,5,2,1
11089,33.0,1,999,0,1.1,93.994,-36.4,4.86,5191.0,999.0,0,0.0,0.0,1.0,2,3,0.0,4,5,1,1
11090,53.0,1,999,0,-0.1,93.2,-42.0,4.12,5195.8,999.0,0,1.0,0.0,0.0,2,2,0.0,3,11,1,1
11091,31.0,1,999,0,-3.4,92.379,-29.8,0.741,5017.5,999.0,0,0.0,0.0,0.0,2,7,0.0,3,9,1,1
11092,37.0,4,999,1,-0.1,93.2,-42.0,4.021,5195.8,999.0,2,0.0,0.0,0.0,2,6,0.0,6,11,1,2
11093,33.0,1,999,0,1.4,93.444,-36.1,4.967,5228.1,999.0,0,1.0,0.0,0.0,1,6,0.0,5,8,1,1
11094,24.0,1,6,1,-1.1,94.601,-49.5,0.977,4963.6,0.2,2,0.0,0.0,0.0,1,4,0.0,4,10,2,3
11095,31.0,1,999,0,1.1,93.994,-36.4,4.856,5191.0,999.0,0,0.0,0.0,1.0,3,5,0.0,6,5,1,1
11096,31.0,1,999,0,1.4,94.465,-41.8,4.865,5228.1,999.0,0,0.0,0.0,1.0,2,8,0.0,4,6,2,1
11097,37.0,1,999,0,-1.8,92.893,-46.2,1.266,5099.1,999.0,0,0.0,0.0,0.0,1,6,0.0,5,5,1,1
11098,31.0,1,999,0,-1.7,94.027,-38.3,0.904,4991.6,999.0,0,1.0,0.0,0.0,2,7,0.0,7,8,1,1
11099,27.0,1,999,0,1.1,93.994,-36.4,4.857,5191.0,999.0,0,0.0,0.0,1.0,2,4,0.0,4,5,2,1
11100,51.0,2,999,1,-1.8,93.075,-47.1,1.365,5099.1,999.0,0,1.0,0.0,0.0,2,7,0.0,5,4,1,2
11101,29.0,2,999,0,1.4,93.918,-42.7,4.96,5228.1,999.0,0,1.0,0.0,0.0,1,6,0.0,9,7,2,1
11102,37.0,3,999,0,1.4,93.918,-42.7,4.957,5228.1,999.0,0,1.0,0.0,0.0,2,8,0.0,5,7,1,1
11103,32.0,2,999,0,1.4,93.444,-36.1,4.965,5228.1,999.0,0,1.0,0.0,0.0,1,7,0.0,6,8,2,1
11104,21.0,2,999,0,-2.9,92.963,-40.8,1.266,5076.2,999.0,0,1.0,0.0,0.0,1,5,0.0,11,6,2,1
11105,50.0,2,999,0,1.1,93.994,-36.4,4.857,5191.0,999.0,0,1.0,0.0,1.0,2,2,0.0,4,5,1,1
11106,31.0,1,999,1,-1.8,92.893,-46.2,1.334,5099.1,999.0,2,1.0,0.0,0.0,3,8,0.0,9,5,1,2
11107,31.0,3,999,0,-3.0,92.713,-33.0,0.717,5023.5,999.0,0,0.0,1.0,0.0,1,7,0.0,2,12,2,1
11108,48.0,1,999,0,-1.8,93.075,-47.1,1.479,5099.1,999.0,0,1.0,0.0,0.0,2,8,0.0,6,4,1,1
11109,39.0,5,999,0,1.4,93.444,-36.1,4.965,5228.1,999.0,0,1.0,0.0,0.0,3,8,0.0,5,8,2,1
11110,32.0,3,999,0,-1.8,92.893,-46.2,1.25,5099.1,999.0,0,1.0,1.0,0.0,1,5,0.0,1,5,1,1
11111,31.0,1,999,0,1.1,93.994,-36.4,4.856,5191.0,999.0,0,1.0,1.0,1.0,3,8,0.0,5,5,1,1
11112,38.0,1,999,0,1.4,94.465,-41.8,4.864,5228.1,999.0,0,1.0,0.0,1.0,1,5,0.0,4,6,1,1
11113,31.0,4,999,0,-1.8,93.075,-47.1,1.498,5099.1,999.0,0,1.0,0.0,0.0,1,8,0.0,11,4,1,1
11114,31.0,1,999,0,1.4,93.918,-42.7,4.963,5228.1,999.0,0,1.0,0.0,0.0,2,8,0.0,1,7,1,1
11115,44.0,1,999,1,-1.8,92.893,-46.2,1.313,5099.1,999.0,2,0.0,0.0,0.0,2,5,0.0,9,5,1,2
11116,77.0,2,999,1,-3.4,92.649,-30.1,0.714,5017.5,999.0,1,1.0,0.0,0.0,3,2,0.0,8,11,2,2
11117,38.0,3,999,0,1.1,93.994,-36.4,4.857,5191.0,999.0,0,1.0,0.0,1.0,3,4,0.0,1,5,1,1
11118,30.0,1,999,0,-0.1,93.2,-42.0,4.076,5195.8,999.0,0,0.0,0.0,0.0,1,6,0.0,5,11,1,1
11119,38.0,1,999,0,1.4,94.465,-41.8,4.961,5228.1,999.0,0,0.0,0.0,1.0,1,2,0.0,4,6,1,1
11120,31.0,2,999,0,1.4,93.918,-42.7,4.96,5228.1,999.0,0,0.0,0.0,0.0,3,8,0.0,5,7,2,1
11121,60.0,1,999,0,1.4,94.465,-41.8,4.961,5228.1,999.0,0,1.0,0.0,1.0,2,7,0.0,12,6,2,1
11122,27.0,3,999,0,-1.8,92.893,-46.2,1.266,5099.1,999.0,0,0.0,0.0,0.0,2,8,0.0,6,5,1,1
11123,35.0,1,999,0,1.4,93.444,-36.1,4.963,5228.1,999.0,0,0.0,0.0,0.0,2,6,0.0,5,8,1,1
11124,31.0,2,999,0,1.4,93.918,-42.7,4.961,5228.1,999.0,0,0.0,0.0,0.0,1,3,0.0,4,7,1,1
11125,35.0,3,999,0,1.4,94.465,-41.8,4.96,5228.1,999.0,0,1.0,1.0,1.0,3,8,0.0,4,6,2,1
11126,38.0,2,999,0,1.1,93.994,-36.4,4.857,5191.0,999.0,0,0.0,0.0,1.0,2,4,0.0,10,5,2,1
11127,58.0,2,999,0,1.1,93.994,-36.4,4.857,5191.0,999.0,0,1.0,0.0,1.0,2,6,0.0,4,5,2,1
11128,32.0,1,999,1,-0.1,93.2,-42.0,4.076,5195.8,999.0,2,1.0,0.0,0.0,3,8,0.0,6,11,1,2
11129,54.0,10,999,0,1.4,94.465,-41.8,4.864,5228.1,999.0,0,1.0,0.0,1.0,2,7,0.0,6,6,1,1
11130,31.0,1,999,0,-0.1,93.2,-42.0,4.12,5195.8,999.0,0,0.0,0.0,0.0,3,2,0.0,12,11,1,1
11131,28.0,2,999,0,1.1,93.994,-36.4,4.859,5191.0,999.0,0,1.0,0.0,1.0,2,4,0.0,4,5,1,1
11132,49.0,3,999,0,1.1,93.994,-36.4,4.857,5191.0,999.0,0,0.0,0.0,1.0,1,7,0.0,6,5,1,1
11133,50.0,1,999,0,1.4,93.444,-36.1,4.97,5228.1,999.0,0,0.0,0.0,0.0,2,8,0.0,1,8,2,1
11134,47.0,19,999,0,1.4,93.444,-36.1,4.965,5228.1,999.0,0,0.0,1.0,0.0,3,7,0.0,6,8,1,1
11135,34.0,2,999,0,1.4,93.918,-42.7,4.959,5228.1,999.0,0,1.0,0.0,1.0,1,8,0.0,5,7,1,1
11136,57.0,1,999,0,-1.8,92.893,-46.2,1.259,5099.1,999.0,0,1.0,0.0,0.0,2,3,0.0,6,5,1,1
11137,37.0,1,999,0,1.4,93.918,-42.7,4.955,5228.1,999.0,0,0.0,0.0,1.0,2,5,0.0,6,7,1,1
11138,35.0,1,999,0,1.4,93.444,-36.1,4.965,5228.1,999.0,0,0.0,0.0,0.0,2,6,0.0,5,8,2,1
11139,30.0,1,999,0,-3.4,92.379,-29.8,0.788,5017.5,999.0,0,1.0,0.0,0.0,1,7,0.0,1,9,1,1
11140,28.0,3,999,0,1.4,93.918,-42.7,4.961,5228.1,999.0,0,0.0,0.0,0.0,1,8,0.0,5,7,1,1
11141,31.0,1,4,1,-2.9,92.201,-31.4,0.873,5076.2,0.133333333333,0,0.0,0.0,0.0,1,8,0.0,5,8,1,3
11142,31.0,7,999,0,1.1,93.994,-36.4,4.86,5191.0,999.0,0,1.0,0.0,1.0,3,4,0.0,4,5,1,1
11143,39.0,2,999,0,1.1,93.994,-36.4,4.859,5191.0,999.0,0,1.0,0.0,1.0,2,2,0.0,6,5,1,1
11144,36.0,2,999,1,-2.9,92.201,-31.4,0.884,5076.2,999.0,0,0.0,0.0,0.0,2,8,0.0,4,8,2,2
11145,35.0,1,999,0,-1.8,93.075,-47.1,1.405,5099.1,999.0,0,1.0,0.0,0.0,2,6,0.0,5,4,1,1
11146,30.0,2,999,0,-2.9,92.963,-40.8,1.26,5076.2,999.0,0,1.0,0.0,0.0,1,8,0.0,6,6,1,1
11147,35.0,1,999,0,-0.1,93.2,-42.0,4.153,5195.8,999.0,0,0.0,0.0,0.0,2,8,0.0,9,11,1,1
11148,38.0,2,999,0,1.4,93.444,-36.1,4.963,5228.1,999.0,0,1.0,0.0,0.0,1,8,0.0,6,8,2,1
11149,38.0,2,999,0,1.4,93.918,-42.7,4.96,5228.1,999.0,0,1.0,0.0,0.0,3,5,0.0,4,7,2,1
11150,35.0,2,999,0,-1.8,92.893,-46.2,1.244,5099.1,999.0,0,1.0,0.0,0.0,1,7,0.0,6,5,2,1
11151,32.0,1,999,0,1.4,94.465,-41.8,4.866,5228.1,999.0,0,0.0,0.0,1.0,2,7,0.0,6,6,1,1
11152,30.0,2,999,0,-1.1,94.199,-37.5,0.878,4963.6,999.0,0,0.0,0.0,0.0,1,7,0.0,2,9,1,1
11153,40.0,6,999,0,1.4,93.918,-42.7,4.961,5228.1,999.0,0,1.0,0.0,0.0,3,8,0.0,6,7,1,1
11154,31.0,3,999,0,-1.8,92.843,-50.0,1.687,5099.1,999.0,0,1.0,0.0,0.0,1,8,0.0,3,3,1,1
11155,32.0,7,999,0,1.4,93.444,-36.1,4.962,5228.1,999.0,0,0.0,0.0,0.0,2,6,0.0,5,8,1,1
11156,42.0,1,6,1,-3.4,92.431,-26.9,0.743,5017.5,0.2,3,0.0,0.0,0.0,1,7,0.0,3,10,2,3
11157,31.0,1,999,0,-0.1,93.2,-42.0,4.021,5195.8,999.0,0,0.0,0.0,0.0,3,8,0.0,5,11,1,1
11158,53.0,1,999,0,1.4,93.918,-42.7,4.963,5228.1,999.0,0,0.0,0.0,0.0,2,3,0.0,4,7,1,1
11159,30.0,1,999,0,1.4,93.444,-36.1,4.963,5228.1,999.0,0,1.0,0.0,0.0,1,5,0.0,5,8,1,1
11160,31.0,1,999,0,-2.9,92.963,-40.8,1.266,5076.2,999.0,0,0.0,0.0,0.0,2,7,0.0,3,6,2,1
11161,31.0,4,999,0,1.1,93.994,-36.4,4.857,5191.0,999.0,0,1.0,0.0,1.0,1,2,0.0,4,5,2,1
11162,54.0,1,999,0,-0.1,93.2,-42.0,4.191,5195.8,999.0,0,0.0,0.0,0.0,2,7,0.0,6,11,1,1
11163,22.0,2,3,2,-1.8,93.876,-40.0,0.682,5008.7,0.1,6,1.0,0.0,0.0,1,8,0.0,11,5,2,3
11164,37.0,1,999,0,1.1,93.994,-36.4,4.857,5191.0,999.0,0,0.0,0.0,1.0,1,6,0.0,5,5,2,1
11165,39.0,2,999,0,1.1,93.994,-36.4,4.864,5191.0,999.0,0,0.0,0.0,1.0,2,3,0.0,4,5,1,1
11166,31.0,1,999,0,1.4,93.918,-42.7,4.962,5228.1,999.0,0,1.0,0.0,0.0,2,8,0.0,9,7,1,1
11167,57.0,2,999,0,1.1,93.994,-36.4,4.858,5191.0,999.0,0,1.0,0.0,1.0,2,4,0.0,3,5,1,1
11168,35.0,2,999,1,-0.1,93.2,-42.0,4.153,5195.8,999.0,1,0.0,1.0,0.0,2,5,0.0,6,11,1,2
11169,47.0,3,999,0,1.4,94.465,-41.8,4.967,5228.1,999.0,0,0.0,1.0,1.0,2,2,0.0,8,6,1,1
11170,32.0,1,999,0,-1.8,92.843,-50.0,1.687,5099.1,999.0,0,1.0,0.0,0.0,1,8,0.0,3,3,1,1
11171,31.0,4,999,0,1.1,93.994,-36.4,4.857,5191.0,999.0,0,1.0,1.0,1.0,2,8,0.0,10,5,2,1
11172,31.0,1,22,1,-1.7,94.027,-38.3,0.899,4991.6,0.733333333333,1,0.0,0.0,1.0,1,5,0.0,6,8,1,3
11173,31.0,2,999,0,1.4,93.444,-36.1,4.968,5228.1,999.0,0,0.0,1.0,0.0,2,5,0.0,5,8,1,1
11174,27.0,5,999,0,1.1,93.994,-36.4,4.857,5191.0,999.0,0,0.0,0.0,1.0,2,7,0.0,6,5,1,1
11175,30.0,1,999,0,-0.1,93.2,-42.0,4.663,5195.8,999.0,0,1.0,0.0,1.0,2,6,0.0,5,11,1,1
11176,31.0,3,999,0,-3.4,92.649,-30.1,0.718,5017.5,999.0,0,1.0,0.0,0.0,2,3,0.0,4,11,1,1
11177,31.0,1,999,0,1.4,93.918,-42.7,4.962,5228.1,999.0,0,1.0,0.0,0.0,2,5,0.0,6,7,1,1
11178,44.0,5,999,0,1.4,93.444,-36.1,4.963,5228.1,999.0,0,1.0,1.0,0.0,2,4,0.0,6,8,1,1
11179,31.0,1,999,0,1.1,93.994,-36.4,4.859,5191.0,999.0,0,0.0,0.0,1.0,1,5,0.0,11,5,1,1
11180,60.0,2,999,0,1.4,93.444,-36.1,4.963,5228.1,999.0,0,1.0,0.0,0.0,2,4,0.0,6,8,1,1
11181,32.0,2,999,0,-0.1,93.2,-42.0,4.153,5195.8,999.0,0,0.0,0.0,0.0,2,8,0.0,6,11,1,1
11182,34.0,2,999,0,1.1,93.994,-36.4,4.857,5191.0,999.0,0,1.0,0.0,1.0,2,7,0.0,5,5,1,1
11183,45.0,1,999,0,1.4,93.444,-36.1,4.968,5228.1,999.0,0,0.0,0.0,0.0,2,2,0.0,2,8,1,1
11184,29.0,1,999,0,1.4,93.444,-36.1,4.965,5228.1,999.0,0,1.0,1.0,0.0,2,7,0.0,6,8,2,1
11185,36.0,2,999,0,1.1,93.994,-36.4,4.856,5191.0,999.0,0,0.0,0.0,1.0,2,7,0.0,5,5,1,1
11186,44.0,1,999,0,1.4,93.444,-36.1,4.964,5228.1,999.0,0,1.0,0.0,0.0,2,5,0.0,6,8,1,1
11187,61.0,2,999,0,-3.4,92.431,-26.9,0.722,5017.5,999.0,0,0.0,0.0,0.0,2,6,0.0,5,10,1,1
11188,19.0,3,999,0,-1.8,93.075,-47.1,1.405,5099.1,999.0,0,1.0,0.0,0.0,1,8,0.0,11,4,1,1
11189,29.0,1,999,0,1.4,93.444,-36.1,4.966,5228.1,999.0,0,1.0,0.0,0.0,1,7,0.0,6,8,1,1
11190,37.0,14,999,0,1.1,93.994,-36.4,4.856,5191.0,999.0,0,0.0,0.0,1.0,2,5,0.0,4,5,1,1
11191,26.0,1,999,0,1.1,93.994,-36.4,4.857,5191.0,999.0,0,0.0,0.0,1.0,1,5,0.0,4,5,1,1
11192,30.0,2,999,0,1.1,93.994,-36.4,4.856,5191.0,999.0,0,1.0,0.0,1.0,2,7,0.0,5,5,1,1
11193,37.0,22,999,0,1.4,93.918,-42.7,4.963,5228.1,999.0,0,1.0,0.0,0.0,2,8,0.0,6,7,1,1
11194,34.0,2,6,3,-1.8,93.369,-34.8,0.643,5008.7,0.2,6,1.0,0.0,0.0,1,7,0.0,6,3,1,3
11195,34.0,8,999,0,1.4,93.918,-42.7,4.957,5228.1,999.0,0,0.0,0.0,0.0,2,5,0.0,9,7,1,1
11196,49.0,3,999,0,1.4,94.465,-41.8,4.947,5228.1,999.0,0,1.0,0.0,1.0,2,2,0.0,4,6,2,1
11197,54.0,1,999,0,-0.1,93.2,-42.0,4.191,5195.8,999.0,0,1.0,0.0,1.0,2,5,0.0,9,11,2,1
11198,44.0,4,999,0,1.4,94.465,-41.8,4.959,5228.1,999.0,0,0.0,0.0,1.0,2,8,0.0,4,6,1,1
11199,34.0,1,999,0,1.4,94.465,-41.8,4.866,5228.1,999.0,0,0.0,0.0,1.0,2,7,0.0,6,6,1,1
11200,45.0,2,3,2,-1.1,94.199,-37.5,0.886,4963.6,0.1,10,0.0,0.0,0.0,2,7,0.0,3,9,1,3
11201,31.0,5,999,0,1.4,93.918,-42.7,4.958,5228.1,999.0,0,1.0,0.0,1.0,2,4,0.0,4,7,1,1
11202,31.0,2,999,1,-1.8,92.893,-46.2,1.291,5099.1,999.0,2,0.0,0.0,0.0,1,6,0.0,5,5,1,2
11203,54.0,1,999,1,-1.8,92.893,-46.2,1.25,5099.1,999.0,1,1.0,1.0,0.0,2,2,0.0,4,5,1,2
11204,31.0,1,999,1,-1.8,92.893,-46.2,1.327,5099.1,999.0,1,0.0,1.0,0.0,2,5,0.0,6,5,1,2
11205,30.0,2,999,0,1.4,93.918,-42.7,4.962,5228.1,999.0,0,1.0,0.0,1.0,1,7,0.0,6,7,2,1
11206,31.0,5,999,0,1.4,93.444,-36.1,4.965,5228.1,999.0,0,0.0,1.0,0.0,2,8,0.0,9,8,1,1
11207,39.0,4,999,0,1.1,93.994,-36.4,4.857,5191.0,999.0,0,1.0,0.0,1.0,2,2,0.0,4,5,1,1
11208,38.0,3,999,0,1.4,93.918,-42.7,4.962,5228.1,999.0,0,0.0,0.0,0.0,3,8,0.0,6,7,2,1
11209,29.0,1,999,0,-1.8,92.893,-46.2,1.25,5099.1,999.0,0,1.0,0.0,0.0,3,5,0.0,4,5,1,1
11210,31.0,1,999,0,1.4,93.918,-42.7,4.962,5228.1,999.0,0,1.0,0.0,0.0,1,7,0.0,6,7,1,1
11211,47.0,2,999,0,1.4,93.444,-36.1,4.964,5228.1,999.0,0,1.0,0.0,0.0,2,7,0.0,5,8,1,1
11212,56.0,2,999,0,-1.8,93.075,-47.1,1.415,5099.1,999.0,0,1.0,0.0,0.0,2,4,0.0,4,4,1,1
11213,36.0,4,999,1,-1.8,93.075,-47.1,1.435,5099.1,999.0,0,1.0,0.0,0.0,1,8,0.0,6,4,1,2
11214,30.0,1,999,0,-1.8,92.893,-46.2,1.334,5099.1,999.0,0,1.0,0.0,0.0,2,4,0.0,4,5,1,1
11215,33.0,3,999,0,-1.8,92.893,-46.2,1.299,5099.1,999.0,0,0.0,0.0,0.0,1,4,0.0,4,5,2,1
11216,34.0,1,999,0,-1.8,92.893,-46.2,1.266,5099.1,999.0,0,1.0,0.0,0.0,1,7,0.0,7,5,1,1
11217,31.0,4,999,0,1.4,93.444,-36.1,4.964,5228.1,999.0,0,1.0,0.0,0.0,1,6,0.0,5,8,1,1
11218,31.0,2,999,1,-1.8,92.893,-46.2,1.313,5099.1,999.0,6,1.0,0.0,0.0,2,8,0.0,5,5,1,2
11219,38.0,1,999,0,1.4,93.444,-36.1,4.964,5228.1,999.0,0,0.0,0.0,0.0,2,8,0.0,1,8,1,1
11220,54.0,3,999,0,-1.8,92.893,-46.2,1.299,5099.1,999.0,0,0.0,0.0,0.0,2,8,0.0,3,5,1,1
11221,46.0,7,999,0,1.4,94.465,-41.8,4.864,5228.1,999.0,0,0.0,0.0,1.0,2,4,0.0,10,6,1,1
11222,31.0,1,999,0,1.1,93.994,-36.4,4.856,5191.0,999.0,0,1.0,1.0,1.0,2,6,0.0,5,5,1,1
11223,33.0,1,999,0,1.4,93.444,-36.1,4.966,5228.1,999.0,0,1.0,0.0,0.0,1,7,0.0,5,8,1,1
11224,30.0,4,999,0,1.4,93.444,-36.1,4.964,5228.1,999.0,0,0.0,0.0,0.0,1,6,0.0,5,8,1,1
11225,30.0,3,999,0,-0.1,93.2,-42.0,4.12,5195.8,999.0,0,1.0,0.0,0.0,2,5,0.0,7,11,1,1
11226,32.0,5,999,0,-0.1,93.2,-42.0,4.021,5195.8,999.0,0,1.0,0.0,0.0,1,6,0.0,5,11,1,1
11227,39.0,1,3,1,-1.8,93.369,-34.8,0.639,5008.7,0.1,1,0.0,0.0,0.0,3,5,0.0,5,3,2,3
11228,40.0,1,999,0,1.4,93.444,-36.1,4.964,5228.1,999.0,0,1.0,0.0,0.0,3,7,0.0,6,8,1,1
11229,39.0,2,999,0,-1.8,92.893,-46.2,1.313,5099.1,999.0,0,0.0,0.0,0.0,2,4,0.0,4,5,1,1
11230,31.0,2,999,0,1.1,93.994,-36.4,4.858,5191.0,999.0,0,0.0,0.0,1.0,2,2,0.0,1,5,1,1
11231,52.0,2,999,0,1.4,93.918,-42.7,4.958,5228.1,999.0,0,1.0,0.0,0.0,2,8,0.0,5,7,1,1
11232,31.0,1,999,0,-1.8,92.893,-46.2,1.281,5099.1,999.0,0,1.0,0.0,0.0,2,8,0.0,6,5,1,1
11233,32.0,1,999,1,-2.9,92.201,-31.4,0.881,5076.2,999.0,4,1.0,0.0,0.0,1,7,0.0,10,8,1,2
11234,43.0,2,999,0,1.1,93.994,-36.4,4.857,5191.0,999.0,0,0.0,0.0,1.0,2,5,0.0,7,5,1,1
11235,60.0,1,999,0,1.4,94.465,-41.8,4.864,5228.1,999.0,0,1.0,0.0,1.0,3,8,0.0,8,6,1,1
11236,31.0,3,999,0,-1.8,92.893,-46.2,1.344,5099.1,999.0,0,1.0,0.0,0.0,2,3,0.0,4,5,1,1
11237,31.0,1,999,0,1.4,93.918,-42.7,4.962,5228.1,999.0,0,0.0,0.0,0.0,2,5,0.0,4,7,1,1
11238,55.0,1,999,0,1.1,93.994,-36.4,4.856,5191.0,999.0,0,1.0,0.0,1.0,2,8,0.0,10,5,1,1
11239,31.0,1,999,0,1.4,93.918,-42.7,4.96,5228.1,999.0,0,0.0,0.0,0.0,2,4,0.0,9,7,2,1
11240,29.0,1,999,0,1.4,94.465,-41.8,4.961,5228.1,999.0,0,1.0,0.0,1.0,2,4,0.0,6,6,1,1
11241,23.0,1,999,0,-3.4,92.431,-26.9,0.73,5017.5,999.0,0,1.0,0.0,0.0,1,7,0.0,5,10,1,1
11242,31.0,3,999,0,1.4,93.918,-42.7,4.962,5228.1,999.0,0,1.0,1.0,0.0,2,2,0.0,4,7,1,1
11243,31.0,6,999,0,1.4,93.918,-42.7,4.961,5228.1,999.0,0,1.0,0.0,0.0,2,8,0.0,2,7,1,1
11244,44.0,1,999,0,-1.8,93.075,-47.1,1.405,5099.1,999.0,0,0.0,0.0,0.0,2,3,0.0,4,4,1,1
11245,31.0,2,999,0,-0.1,93.2,-42.0,4.076,5195.8,999.0,0,1.0,1.0,0.0,1,8,0.0,4,11,1,1
11246,31.0,3,999,0,1.1,93.994,-36.4,4.857,5191.0,999.0,0,0.0,0.0,1.0,2,6,0.0,5,5,1,1
11247,31.0,1,999,0,1.1,93.994,-36.4,4.857,5191.0,999.0,0,0.0,0.0,1.0,2,8,0.0,9,5,1,1
11248,37.0,4,999,0,-1.8,93.075,-47.1,1.479,5099.1,999.0,0,1.0,0.0,1.0,2,8,0.0,6,4,1,1
11249,28.0,3,999,0,1.4,93.918,-42.7,4.963,5228.1,999.0,0,1.0,0.0,0.0,1,8,0.0,6,7,1,1
11250,31.0,3,999,0,1.4,93.444,-36.1,4.968,5228.1,999.0,0,0.0,0.0,0.0,2,7,0.0,6,8,1,1
11251,30.0,1,999,0,-0.1,93.2,-42.0,4.12,5195.8,999.0,0,1.0,0.0,0.0,3,8,0.0,6,11,1,1
11252,26.0,1,999,0,-1.1,94.601,-49.5,0.959,4963.6,999.0,0,1.0,1.0,0.0,1,7,0.0,6,10,1,1
11253,31.0,1,999,0,-0.1,93.2,-42.0,4.076,5195.8,999.0,0,1.0,0.0,0.0,1,8,0.0,5,11,1,1
11254,30.0,3,999,0,1.4,93.918,-42.7,4.96,5228.1,999.0,0,0.0,0.0,1.0,1,5,0.0,6,7,2,1
11255,36.0,1,999,0,1.4,93.444,-36.1,4.97,5228.1,999.0,0,0.0,0.0,0.0,2,6,0.0,6,8,1,1
11256,44.0,5,999,0,-1.8,92.893,-46.2,1.244,5099.1,999.0,0,0.0,0.0,0.0,2,8,0.0,5,5,2,1
11257,27.0,2,999,0,-3.4,92.379,-29.8,0.77,5017.5,999.0,0,1.0,0.0,0.0,1,7,0.0,6,9,1,1
11258,59.0,1,999,0,1.4,93.444,-36.1,4.963,5228.1,999.0,0,1.0,0.0,0.0,2,2,0.0,4,8,1,1
11259,35.0,1,999,0,1.4,93.444,-36.1,4.966,5228.1,999.0,0,0.0,1.0,0.0,2,5,0.0,5,8,1,1
11260,40.0,6,999,0,1.4,94.465,-41.8,4.864,5228.1,999.0,0,1.0,0.0,1.0,2,3,0.0,3,6,1,1
11261,40.0,1,999,0,-1.8,92.893,-46.2,1.313,5099.1,999.0,0,0.0,0.0,0.0,2,8,0.0,9,5,1,1
11262,40.0,2,999,0,1.4,94.465,-41.8,4.865,5228.1,999.0,0,1.0,0.0,1.0,2,8,0.0,4,6,2,1
11263,31.0,8,999,0,1.4,93.918,-42.7,4.961,5228.1,999.0,0,0.0,0.0,0.0,2,6,0.0,4,7,1,1
11264,60.0,4,999,0,1.4,94.465,-41.8,4.96,5228.1,999.0,0,1.0,0.0,1.0,3,7,0.0,3,6,2,1
11265,26.0,7,999,0,-1.8,92.893,-46.2,1.299,5099.1,999.0,0,0.0,0.0,0.0,2,3,0.0,4,5,2,1
11266,39.0,1,999,1,-0.1,93.2,-42.0,4.153,5195.8,999.0,3,0.0,0.0,0.0,1,5,0.0,3,11,1,2
11267,42.0,1,999,0,-0.1,93.2,-42.0,4.191,5195.8,999.0,0,1.0,0.0,1.0,2,8,0.0,5,11,2,1
11268,25.0,2,999,1,-2.9,92.963,-40.8,1.268,5076.2,999.0,2,1.0,0.0,0.0,2,8,0.0,1,6,1,2
11269,41.0,2,999,0,1.1,93.994,-36.4,4.859,5191.0,999.0,0,0.0,0.0,1.0,2,4,0.0,4,5,1,1
11270,35.0,2,999,0,-1.8,92.893,-46.2,1.313,5099.1,999.0,0,0.0,0.0,0.0,1,8,0.0,1,5,1,1
11271,41.0,5,999,0,1.4,93.918,-42.7,4.956,5228.1,999.0,0,0.0,0.0,1.0,2,3,0.0,4,7,1,1
11272,42.0,1,999,0,-0.1,93.2,-42.0,4.245,5195.8,999.0,0,1.0,0.0,1.0,2,6,0.0,6,11,1,1
11273,45.0,1,999,0,-0.1,93.2,-42.0,4.021,5195.8,999.0,0,0.0,1.0,0.0,3,8,0.0,6,11,1,1
11274,33.0,4,999,0,1.1,93.994,-36.4,4.859,5191.0,999.0,0,0.0,0.0,1.0,3,6,0.0,5,5,1,1
11275,42.0,1,999,0,1.4,93.444,-36.1,4.967,5228.1,999.0,0,1.0,1.0,0.0,2,7,0.0,6,8,1,1
11276,40.0,2,999,0,1.1,93.994,-36.4,4.86,5191.0,999.0,0,1.0,0.0,1.0,1,8,0.0,4,5,1,1
11277,31.0,1,999,0,-1.8,92.893,-46.2,1.334,5099.1,999.0,0,1.0,0.0,0.0,1,5,0.0,9,5,1,1
11278,48.0,1,999,0,1.4,93.444,-36.1,4.965,5228.1,999.0,0,1.0,1.0,0.0,2,5,0.0,9,8,2,1
11279,31.0,2,999,0,1.4,94.465,-41.8,4.967,5228.1,999.0,0,1.0,0.0,1.0,2,6,0.0,5,6,1,1
11280,25.0,1,999,0,-1.8,93.075,-47.1,1.405,5099.1,999.0,0,0.0,1.0,0.0,3,7,0.0,1,4,2,1
11281,40.0,1,999,0,1.1,93.994,-36.4,4.857,5191.0,999.0,0,1.0,0.0,1.0,2,7,0.0,6,5,2,1
11282,30.0,2,999,0,1.4,93.918,-42.7,4.957,5228.1,999.0,0,1.0,0.0,0.0,2,8,0.0,6,7,1,1
11283,30.0,2,999,0,1.4,93.444,-36.1,4.963,5228.1,999.0,0,1.0,0.0,0.0,2,7,0.0,6,8,2,1
11284,31.0,2,999,0,1.1,93.994,-36.4,4.855,5191.0,999.0,0,1.0,0.0,1.0,2,8,0.0,4,5,1,1
11285,42.0,3,999,0,1.4,93.918,-42.7,4.961,5228.1,999.0,0,0.0,0.0,0.0,2,4,0.0,5,7,1,1
11286,30.0,2,999,0,-0.1,93.2,-42.0,4.12,5195.8,999.0,0,1.0,0.0,0.0,1,8,0.0,10,11,1,1
11287,38.0,1,999,0,1.4,93.918,-42.7,4.962,5228.1,999.0,0,1.0,0.0,0.0,3,7,0.0,6,7,1,1
11288,31.0,2,999,1,-1.8,92.893,-46.2,1.266,5099.1,999.0,2,1.0,1.0,0.0,2,8,0.0,5,5,1,2
11289,52.0,2,999,1,-0.1,93.2,-42.0,4.12,5195.8,999.0,3,1.0,0.0,0.0,2,6,0.0,4,11,1,2
11290,31.0,1,999,0,-2.9,92.963,-40.8,1.262,5076.2,999.0,0,1.0,0.0,0.0,1,5,0.0,6,6,1,1
11291,32.0,1,999,1,-1.8,92.893,-46.2,1.327,5099.1,999.0,1,0.0,1.0,0.0,2,5,0.0,6,5,1,2
11292,37.0,1,999,0,1.4,94.465,-41.8,4.961,5228.1,999.0,0,0.0,1.0,1.0,2,6,0.0,5,6,2,1
11293,37.0,1,999,0,-0.1,93.2,-42.0,4.12,5195.8,999.0,0,0.0,0.0,0.0,2,8,0.0,10,11,1,1
11294,47.0,3,999,1,-0.1,93.2,-42.0,4.021,5195.8,999.0,2,1.0,0.0,0.0,2,5,0.0,5,11,1,2
11295,31.0,2,999,0,-1.8,93.876,-40.0,0.692,5008.7,999.0,0,0.0,0.0,0.0,1,5,0.0,10,5,1,1
11296,31.0,1,999,0,-0.1,93.2,-42.0,4.076,5195.8,999.0,0,1.0,0.0,0.0,1,7,0.0,6,11,1,1
11297,25.0,2,8,4,-1.7,94.215,-40.3,0.81,4991.6,0.266666666667,12,0.0,1.0,1.0,1,5,0.0,9,7,1,3
11298,45.0,3,999,0,1.1,93.994,-36.4,4.855,5191.0,999.0,0,0.0,0.0,1.0,1,8,0.0,4,5,1,1
11299,31.0,1,999,0,1.4,93.918,-42.7,4.962,5228.1,999.0,0,0.0,0.0,0.0,2,8,0.0,12,7,2,1
11300,31.0,1,5,1,-0.1,93.2,-42.0,4.153,5195.8,0.166666666667,1,0.0,0.0,0.0,3,2,0.0,7,11,1,3
11301,53.0,1,999,0,-0.1,93.2,-42.0,4.021,5195.8,999.0,0,1.0,0.0,0.0,2,8,0.0,1,11,1,1
11302,31.0,1,999,1,-1.7,94.055,-39.8,0.702,4991.6,999.0,2,0.0,0.0,1.0,3,6,0.0,8,6,1,2
11303,42.0,3,999,0,1.4,93.918,-42.7,4.963,5228.1,999.0,0,1.0,0.0,0.0,2,4,0.0,5,7,1,1
11304,29.0,2,999,0,-2.9,92.201,-31.4,0.859,5076.2,999.0,0,1.0,0.0,0.0,1,8,0.0,10,8,1,1
11305,30.0,2,999,0,-2.9,92.963,-40.8,1.262,5076.2,999.0,0,0.0,0.0,0.0,2,7,0.0,6,6,1,1
11306,29.0,3,999,0,1.4,94.465,-41.8,4.961,5228.1,999.0,0,1.0,0.0,1.0,1,5,0.0,4,6,1,1
11307,31.0,1,999,0,1.1,93.994,-36.4,4.859,5191.0,999.0,0,1.0,1.0,1.0,2,6,0.0,5,5,1,1
11308,26.0,2,999,0,1.4,94.465,-41.8,4.866,5228.1,999.0,0,0.0,1.0,1.0,2,4,0.0,4,6,1,1
11309,31.0,2,999,0,-1.8,92.893,-46.2,1.327,5099.1,999.0,0,1.0,0.0,0.0,2,8,0.0,4,5,1,1
11310,38.0,1,999,0,1.1,93.994,-36.4,4.857,5191.0,999.0,0,0.0,1.0,1.0,2,3,0.0,4,5,1,1
11311,38.0,2,999,0,1.4,93.444,-36.1,4.963,5228.1,999.0,0,1.0,0.0,0.0,1,7,0.0,5,8,1,1
11312,45.0,8,999,0,1.1,93.994,-36.4,4.856,5191.0,999.0,0,0.0,0.0,1.0,2,8,0.0,4,5,1,1
11313,31.0,2,999,0,-0.1,93.2,-42.0,4.021,5195.8,999.0,0,1.0,0.0,0.0,3,8,0.0,6,11,1,1
11314,49.0,1,999,0,1.4,93.444,-36.1,4.963,5228.1,999.0,0,0.0,0.0,0.0,2,4,0.0,4,8,1,1
11315,52.0,7,999,0,-0.1,93.2,-42.0,4.153,5195.8,999.0,0,0.0,0.0,0.0,2,2,0.0,7,11,1,1
11316,35.0,1,999,0,-0.1,93.2,-42.0,4.12,5195.8,999.0,0,0.0,0.0,0.0,2,8,0.0,5,11,1,1
11317,29.0,1,999,0,-0.1,93.2,-42.0,4.076,5195.8,999.0,0,1.0,0.0,0.0,2,5,0.0,4,11,1,1
11318,49.0,1,999,0,-2.9,92.963,-40.8,1.268,5076.2,999.0,0,1.0,0.0,0.0,3,8,0.0,6,6,1,1
11319,29.0,1,999,0,-0.1,93.2,-42.0,4.12,5195.8,999.0,0,1.0,0.0,0.0,1,5,0.0,2,11,1,1
11320,35.0,2,999,0,1.4,93.918,-42.7,4.957,5228.1,999.0,0,0.0,0.0,0.0,1,8,0.0,4,7,1,1
11321,45.0,1,999,0,1.1,93.994,-36.4,4.855,5191.0,999.0,0,0.0,0.0,1.0,2,4,0.0,9,5,1,1
11322,31.0,9,999,0,-1.8,92.893,-46.2,1.25,5099.1,999.0,0,0.0,0.0,0.0,1,5,0.0,6,5,1,1
11323,50.0,2,4,1,-3.4,92.431,-26.9,0.754,5017.5,0.133333333333,2,1.0,0.0,0.0,2,7,0.0,3,10,1,3
11324,44.0,1,999,0,-1.8,93.075,-47.1,1.415,5099.1,999.0,0,0.0,0.0,0.0,1,8,0.0,5,4,1,1
11325,30.0,1,999,0,1.1,93.994,-36.4,4.855,5191.0,999.0,0,1.0,0.0,1.0,2,6,0.0,5,5,1,1
11326,37.0,1,999,1,-0.1,93.2,-42.0,4.153,5195.8,999.0,1,0.0,0.0,1.0,3,4,0.0,8,11,1,2
11327,44.0,1,999,0,1.4,93.918,-42.7,4.962,5228.1,999.0,0,1.0,0.0,0.0,2,8,0.0,6,7,1,1
11328,31.0,2,999,0,1.1,93.994,-36.4,4.856,5191.0,999.0,0,1.0,1.0,1.0,2,8,0.0,4,5,1,1
11329,31.0,3,999,0,-1.8,92.893,-46.2,1.25,5099.1,999.0,0,0.0,1.0,0.0,2,5,0.0,9,5,1,1
11330,53.0,4,999,0,1.4,94.465,-41.8,4.865,5228.1,999.0,0,1.0,0.0,1.0,2,6,0.0,2,6,2,1
11331,45.0,10,999,0,1.1,93.994,-36.4,4.86,5191.0,999.0,0,1.0,0.0,1.0,2,4,0.0,4,5,1,1
11332,31.0,5,999,0,1.4,93.444,-36.1,4.965,5228.1,999.0,0,0.0,0.0,0.0,2,7,0.0,7,8,2,1
11333,37.0,12,999,0,1.4,94.465,-41.8,4.959,5228.1,999.0,0,1.0,0.0,1.0,3,8,0.0,6,6,1,1
11334,39.0,1,999,0,1.4,93.444,-36.1,4.97,5228.1,999.0,0,1.0,0.0,0.0,2,8,0.0,2,8,2,1
11335,29.0,3,999,0,1.4,94.465,-41.8,4.864,5228.1,999.0,0,1.0,0.0,1.0,2,5,0.0,7,6,1,1
11336,27.0,2,999,0,-1.8,92.893,-46.2,1.281,5099.1,999.0,0,1.0,0.0,0.0,1,6,0.0,5,5,1,1
11337,22.0,1,999,1,-1.8,93.369,-34.8,0.653,5008.7,999.0,0,0.0,0.0,0.0,1,8,0.0,11,3,1,2
11338,25.0,1,999,0,1.4,93.918,-42.7,4.963,5228.1,999.0,0,0.0,0.0,0.0,2,4,0.0,4,7,1,1
11339,47.0,5,999,0,1.4,93.444,-36.1,4.965,5228.1,999.0,0,1.0,0.0,0.0,2,8,0.0,6,8,1,1
11340,33.0,3,999,0,1.1,93.994,-36.4,4.856,5191.0,999.0,0,0.0,0.0,1.0,1,8,0.0,6,5,1,1
11341,31.0,1,999,0,1.4,94.465,-41.8,4.947,5228.1,999.0,0,0.0,0.0,1.0,2,5,0.0,6,6,1,1
11342,39.0,1,999,0,1.1,93.994,-36.4,4.856,5191.0,999.0,0,0.0,1.0,1.0,2,3,0.0,4,5,1,1
11343,31.0,1,999,0,-2.9,92.201,-31.4,0.851,5076.2,999.0,0,1.0,0.0,1.0,1,7,0.0,6,8,1,1
11344,33.0,4,999,0,-1.8,92.893,-46.2,1.281,5099.1,999.0,0,1.0,1.0,0.0,1,8,0.0,4,5,1,1
11345,38.0,7,999,0,-1.8,92.893,-46.2,1.244,5099.1,999.0,0,0.0,0.0,0.0,1,4,0.0,5,5,2,1
11346,31.0,3,999,0,1.1,93.994,-36.4,4.857,5191.0,999.0,0,1.0,0.0,1.0,2,7,0.0,6,5,1,1
11347,45.0,1,999,0,-0.1,93.2,-42.0,4.021,5195.8,999.0,0,1.0,1.0,0.0,2,7,0.0,3,11,1,1
11348,44.0,6,999,0,1.4,94.465,-41.8,4.967,5228.1,999.0,0,1.0,0.0,1.0,3,7,0.0,6,6,1,1
11349,33.0,3,999,0,1.4,93.444,-36.1,4.963,5228.1,999.0,0,1.0,0.0,0.0,2,7,0.0,1,8,1,1
11350,34.0,1,10,2,-1.7,94.027,-38.3,0.9,4991.6,0.333333333333,0,1.0,0.0,0.0,2,8,0.0,6,8,1,2
11351,31.0,1,999,0,1.1,93.994,-36.4,4.856,5191.0,999.0,0,0.0,1.0,1.0,2,2,0.0,2,5,1,1
11352,31.0,3,999,0,1.4,94.465,-41.8,4.959,5228.1,999.0,0,1.0,0.0,1.0,2,5,0.0,6,6,1,1
11353,57.0,1,999,0,1.1,93.994,-36.4,4.857,5191.0,999.0,0,0.0,1.0,1.0,2,6,0.0,5,5,1,1
11354,42.0,2,999,0,1.4,93.444,-36.1,4.964,5228.1,999.0,0,0.0,0.0,0.0,2,5,0.0,9,8,1,1
11355,68.0,1,999,1,-3.4,92.431,-26.9,0.74,5017.5,999.0,1,0.0,0.0,0.0,2,6,0.0,8,10,1,2
11356,45.0,1,999,0,1.4,93.918,-42.7,4.962,5228.1,999.0,0,0.0,0.0,0.0,3,8,0.0,4,7,1,1
11357,44.0,1,999,0,1.1,93.994,-36.4,4.858,5191.0,999.0,0,0.0,0.0,1.0,2,6,0.0,7,5,1,1
11358,27.0,5,999,0,1.4,93.918,-42.7,4.96,5228.1,999.0,0,0.0,0.0,0.0,1,4,0.0,4,7,2,1
11359,24.0,1,999,0,-1.8,93.749,-34.6,0.646,5008.7,999.0,0,1.0,0.0,0.0,1,8,0.0,11,4,1,1
11360,51.0,1,999,0,1.4,93.444,-36.1,4.963,5228.1,999.0,0,1.0,0.0,0.0,2,8,0.0,9,8,1,1
11361,24.0,6,999,1,-1.8,92.893,-46.2,1.291,5099.1,999.0,2,0.0,0.0,1.0,1,5,0.0,6,5,1,2
11362,53.0,1,999,0,-1.8,93.075,-47.1,1.405,5099.1,999.0,0,1.0,0.0,0.0,2,5,0.0,4,4,2,1
11363,41.0,2,999,0,1.4,94.465,-41.8,4.961,5228.1,999.0,0,0.0,0.0,1.0,1,4,0.0,4,6,2,1
11364,50.0,8,999,0,-1.8,92.893,-46.2,1.291,5099.1,999.0,0,1.0,0.0,0.0,2,8,0.0,12,5,1,1
11365,22.0,2,999,0,1.4,94.465,-41.8,4.961,5228.1,999.0,0,1.0,0.0,1.0,1,2,0.0,9,6,1,1
11366,31.0,1,5,3,-3.4,92.431,-26.9,0.74,5017.5,0.166666666667,9,0.0,0.0,0.0,2,8,0.0,1,10,1,2
11367,31.0,2,999,0,-0.1,93.2,-42.0,4.076,5195.8,999.0,0,1.0,0.0,0.0,2,7,0.0,3,11,1,1
11368,40.0,2,999,0,1.1,93.994,-36.4,4.857,5191.0,999.0,0,1.0,0.0,1.0,2,8,0.0,6,5,2,1
11369,46.0,3,999,0,-1.8,93.075,-47.1,1.405,5099.1,999.0,0,1.0,0.0,0.0,2,8,0.0,7,4,2,1
11370,20.0,1,999,0,-2.9,92.469,-33.6,1.029,5076.2,999.0,0,0.0,0.0,0.0,1,8,0.0,11,7,1,1
11371,40.0,1,999,0,1.1,93.994,-36.4,4.86,5191.0,999.0,0,1.0,0.0,1.0,2,8,0.0,5,5,1,1
11372,54.0,1,999,0,1.4,93.918,-42.7,4.962,5228.1,999.0,0,0.0,0.0,0.0,2,5,0.0,10,7,1,1
11373,49.0,3,999,0,1.1,93.994,-36.4,4.86,5191.0,999.0,0,0.0,0.0,1.0,2,8,0.0,4,5,1,1
11374,31.0,1,999,0,-1.8,92.893,-46.2,1.266,5099.1,999.0,0,1.0,0.0,0.0,1,6,0.0,5,5,1,1
11375,31.0,2,999,0,1.1,93.994,-36.4,4.855,5191.0,999.0,0,1.0,0.0,1.0,3,8,0.0,9,5,1,1
11376,42.0,1,999,0,-1.8,92.893,-46.2,1.266,5099.1,999.0,0,0.0,0.0,0.0,2,4,0.0,4,5,1,1
11377,38.0,3,999,0,-1.8,93.075,-47.1,1.405,5099.1,999.0,0,0.0,1.0,0.0,2,2,0.0,4,4,2,1
11378,46.0,5,999,0,1.4,93.918,-42.7,4.96,5228.1,999.0,0,0.0,0.0,0.0,2,3,0.0,4,7,2,1
11379,45.0,4,999,0,1.4,93.918,-42.7,4.962,5228.1,999.0,0,0.0,1.0,0.0,3,7,0.0,1,7,1,1
11380,64.0,2,999,0,-1.8,93.075,-47.1,1.405,5099.1,999.0,0,1.0,1.0,0.0,2,7,0.0,8,4,1,1
11381,31.0,2,999,0,1.1,93.994,-36.4,4.857,5191.0,999.0,0,1.0,0.0,1.0,2,4,0.0,5,5,1,1
11382,34.0,1,999,0,-0.1,93.2,-42.0,4.153,5195.8,999.0,0,0.0,0.0,0.0,2,8,0.0,4,11,1,1
11383,41.0,1,999,0,-1.8,92.893,-46.2,1.327,5099.1,999.0,0,0.0,0.0,0.0,2,8,0.0,4,5,1,1
11384,31.0,2,999,1,-2.9,92.963,-40.8,1.26,5076.2,999.0,2,1.0,0.0,0.0,2,4,0.0,6,6,1,2
11385,31.0,2,999,0,1.1,93.994,-36.4,4.86,5191.0,999.0,0,1.0,0.0,1.0,2,8,0.0,12,5,1,1
11386,26.0,1,999,0,1.4,94.465,-41.8,4.864,5228.1,999.0,0,1.0,0.0,1.0,1,8,0.0,5,6,1,1
11387,46.0,2,999,0,1.4,94.465,-41.8,4.864,5228.1,999.0,0,0.0,1.0,1.0,2,8,0.0,4,6,1,1
11388,56.0,1,999,0,1.4,93.918,-42.7,4.961,5228.1,999.0,0,1.0,0.0,0.0,2,7,0.0,3,7,1,1
11389,39.0,1,999,0,-1.8,92.893,-46.2,1.327,5099.1,999.0,0,1.0,0.0,0.0,2,7,0.0,3,5,1,1
11390,31.0,1,999,0,1.1,93.994,-36.4,4.855,5191.0,999.0,0,0.0,0.0,1.0,2,2,0.0,4,5,1,1
11391,24.0,1,999,0,1.4,93.918,-42.7,4.963,5228.1,999.0,0,1.0,1.0,1.0,1,2,0.0,11,7,1,1
11392,31.0,10,999,0,1.4,93.918,-42.7,4.968,5228.1,999.0,0,1.0,1.0,0.0,2,4,0.0,4,7,1,1
11393,48.0,3,999,0,-1.8,92.893,-46.2,1.327,5099.1,999.0,0,0.0,0.0,0.0,2,4,0.0,5,5,1,1
11394,54.0,2,999,0,1.1,93.994,-36.4,4.856,5191.0,999.0,0,0.0,0.0,1.0,2,3,0.0,7,5,1,1
11395,36.0,2,999,0,-0.1,93.2,-42.0,4.12,5195.8,999.0,0,1.0,0.0,0.0,1,7,0.0,7,11,1,1
11396,26.0,3,999,0,1.1,93.994,-36.4,4.857,5191.0,999.0,0,0.0,0.0,1.0,2,8,0.0,5,5,1,1
11397,39.0,1,999,1,-1.8,92.893,-46.2,1.334,5099.1,999.0,2,0.0,0.0,0.0,2,2,0.0,4,5,1,2
11398,46.0,1,999,0,1.4,93.918,-42.7,4.963,5228.1,999.0,0,1.0,1.0,1.0,3,7,0.0,6,7,1,1
11399,45.0,3,999,0,1.1,93.994,-36.4,4.857,5191.0,999.0,0,0.0,0.0,1.0,2,7,0.0,5,5,1,1
11400,44.0,1,999,0,1.4,93.918,-42.7,4.963,5228.1,999.0,0,1.0,0.0,0.0,1,7,0.0,6,7,1,1
11401,31.0,1,999,0,1.1,93.994,-36.4,4.86,5191.0,999.0,0,1.0,0.0,1.0,2,8,0.0,6,5,1,1
11402,31.0,4,999,0,-0.1,93.2,-42.0,4.076,5195.8,999.0,0,0.0,0.0,0.0,2,8,0.0,7,11,1,1
11403,52.0,3,999,1,-0.1,93.2,-42.0,4.153,5195.8,999.0,2,1.0,0.0,0.0,2,8,0.0,3,11,1,2
11404,31.0,1,999,0,1.4,93.444,-36.1,4.963,5228.1,999.0,0,1.0,0.0,0.0,1,8,0.0,5,8,1,1
11405,26.0,1,3,1,-3.4,92.379,-29.8,0.809,5017.5,0.1,3,1.0,1.0,0.0,1,8,0.0,11,9,1,3
11406,40.0,1,999,0,1.4,94.465,-41.8,4.865,5228.1,999.0,0,0.0,0.0,1.0,2,6,0.0,5,6,2,1
11407,55.0,2,999,0,-1.8,92.843,-50.0,1.703,5099.1,999.0,0,1.0,1.0,0.0,1,6,0.0,5,3,2,1
11408,49.0,1,999,0,1.1,93.994,-36.4,4.859,5191.0,999.0,0,1.0,0.0,1.0,2,2,0.0,4,5,1,1
11409,41.0,1,999,0,-1.8,92.893,-46.2,1.25,5099.1,999.0,0,1.0,0.0,0.0,3,8,0.0,7,5,1,1
11410,29.0,3,999,0,1.4,93.444,-36.1,4.964,5228.1,999.0,0,1.0,0.0,0.0,1,8,0.0,6,8,1,1
11411,33.0,2,999,0,1.1,93.994,-36.4,4.858,5191.0,999.0,0,1.0,0.0,1.0,2,7,0.0,6,5,1,1
11412,28.0,1,999,0,-1.8,92.893,-46.2,1.299,5099.1,999.0,0,0.0,0.0,0.0,2,8,0.0,5,5,2,1
11413,32.0,2,999,0,1.4,93.918,-42.7,4.962,5228.1,999.0,0,1.0,0.0,1.0,1,7,0.0,5,7,1,1
11414,50.0,1,999,0,1.4,93.918,-42.7,4.957,5228.1,999.0,0,1.0,0.0,0.0,2,2,0.0,8,7,1,1
11415,33.0,2,999,0,1.1,93.994,-36.4,4.857,5191.0,999.0,0,0.0,0.0,1.0,1,8,0.0,4,5,1,1
11416,31.0,11,999,0,1.4,94.465,-41.8,4.959,5228.1,999.0,0,0.0,0.0,1.0,2,5,0.0,10,6,1,1
11417,28.0,1,999,0,-1.8,93.075,-47.1,1.365,5099.1,999.0,0,1.0,0.0,0.0,1,7,0.0,6,4,1,1
11418,25.0,7,999,0,1.4,94.465,-41.8,4.959,5228.1,999.0,0,0.0,0.0,1.0,2,4,0.0,4,6,1,1
11419,39.0,3,999,0,1.4,94.465,-41.8,4.959,5228.1,999.0,0,0.0,0.0,1.0,2,7,0.0,3,6,1,1
11420,40.0,3,999,0,1.4,94.465,-41.8,4.959,5228.1,999.0,0,0.0,0.0,1.0,2,2,0.0,4,6,1,1
11421,48.0,2,999,0,1.1,93.994,-36.4,4.855,5191.0,999.0,0,1.0,0.0,1.0,2,8,0.0,6,5,1,1
11422,35.0,1,999,0,1.4,93.444,-36.1,4.968,5228.1,999.0,0,0.0,0.0,0.0,2,4,0.0,12,8,1,1
11423,59.0,1,999,0,-1.8,92.893,-46.2,1.25,5099.1,999.0,0,1.0,0.0,0.0,3,7,0.0,6,5,1,1
11424,42.0,5,999,0,1.4,93.444,-36.1,4.966,5228.1,999.0,0,1.0,0.0,0.0,2,8,0.0,5,8,1,1
11425,44.0,1,999,0,-1.8,93.075,-47.1,1.453,5099.1,999.0,0,1.0,1.0,0.0,3,5,0.0,9,4,1,1
11426,54.0,2,999,0,1.1,93.994,-36.4,4.857,5191.0,999.0,0,0.0,0.0,1.0,1,7,0.0,5,5,1,1
11427,31.0,1,999,0,1.1,93.994,-36.4,4.857,5191.0,999.0,0,1.0,0.0,1.0,2,3,0.0,4,5,1,1
11428,31.0,3,999,0,1.1,93.994,-36.4,4.857,5191.0,999.0,0,1.0,0.0,1.0,2,7,0.0,5,5,1,1
11429,43.0,1,999,0,-0.1,93.2,-42.0,4.12,5195.8,999.0,0,0.0,0.0,0.0,1,7,0.0,6,11,1,1
11430,31.0,5,999,0,1.4,93.918,-42.7,4.958,5228.1,999.0,0,0.0,0.0,0.0,3,8,0.0,4,7,1,1
11431,44.0,3,999,0,1.4,94.465,-41.8,4.947,5228.1,999.0,0,0.0,0.0,1.0,1,3,0.0,4,6,1,1
11432,31.0,3,999,0,1.4,93.918,-42.7,4.962,5228.1,999.0,0,0.0,0.0,0.0,1,5,0.0,9,7,2,1
11433,30.0,4,999,0,1.4,93.918,-42.7,4.963,5228.1,999.0,0,1.0,1.0,0.0,2,7,0.0,3,7,1,1
11434,49.0,1,999,1,-0.1,93.2,-42.0,4.021,5195.8,999.0,0,0.0,0.0,0.0,2,8,0.0,6,11,1,2
11435,29.0,2,999,0,1.4,93.444,-36.1,4.963,5228.1,999.0,0,1.0,0.0,0.0,1,8,0.0,3,8,1,1
11436,35.0,1,999,0,1.4,93.918,-42.7,4.958,5228.1,999.0,0,1.0,0.0,0.0,2,8,0.0,1,7,1,1
11437,54.0,1,999,1,-0.1,93.2,-42.0,4.153,5195.8,999.0,0,1.0,0.0,0.0,2,4,0.0,10,11,1,2
11438,48.0,1,16,3,-1.7,94.027,-38.3,0.9,4991.6,0.533333333333,0,0.0,0.0,0.0,2,4,0.0,4,8,1,2
11439,32.0,2,999,0,-3.4,92.379,-29.8,0.819,5017.5,999.0,0,1.0,1.0,0.0,1,8,0.0,6,9,1,1
11440,42.0,3,999,0,1.1,93.994,-36.4,4.855,5191.0,999.0,0,1.0,0.0,1.0,2,8,0.0,4,5,1,1
11441,31.0,1,999,0,1.4,94.465,-41.8,4.962,5228.1,999.0,0,0.0,0.0,1.0,2,4,0.0,4,6,1,1
11442,40.0,1,999,0,-1.8,93.075,-47.1,1.466,5099.1,999.0,0,1.0,0.0,0.0,2,7,0.0,3,4,2,1
11443,57.0,5,999,0,1.1,93.994,-36.4,4.856,5191.0,999.0,0,1.0,1.0,1.0,2,8,0.0,4,5,1,1
11444,31.0,1,999,0,1.1,93.994,-36.4,4.855,5191.0,999.0,0,0.0,0.0,1.0,2,4,0.0,4,5,1,1
11445,54.0,1,999,0,-1.8,93.075,-47.1,1.41,5099.1,999.0,0,1.0,0.0,0.0,2,2,0.0,4,4,1,1
11446,33.0,1,999,1,-1.8,92.893,-46.2,1.313,5099.1,999.0,3,1.0,1.0,0.0,1,7,0.0,6,5,1,2
11447,51.0,5,999,0,-1.8,92.893,-46.2,1.281,5099.1,999.0,0,0.0,0.0,0.0,3,4,0.0,4,5,1,1
11448,46.0,3,999,0,1.4,93.444,-36.1,4.963,5228.1,999.0,0,1.0,0.0,0.0,2,7,0.0,1,8,1,1
11449,44.0,10,999,0,1.4,93.444,-36.1,4.968,5228.1,999.0,0,0.0,0.0,0.0,2,7,0.0,6,8,1,1
11450,38.0,3,999,0,1.4,93.918,-42.7,4.963,5228.1,999.0,0,1.0,0.0,0.0,2,8,0.0,6,7,1,1
11451,39.0,2,999,0,1.4,94.465,-41.8,4.865,5228.1,999.0,0,1.0,1.0,1.0,1,7,0.0,6,6,2,1
11452,51.0,1,999,0,-0.1,93.2,-42.0,4.153,5195.8,999.0,0,1.0,0.0,0.0,2,3,0.0,6,11,1,1
11453,47.0,3,3,2,-1.7,94.027,-38.3,0.904,4991.6,0.1,6,1.0,0.0,0.0,2,8,0.0,3,8,1,3
11454,38.0,2,999,0,1.4,94.465,-41.8,4.962,5228.1,999.0,0,1.0,0.0,1.0,1,7,0.0,4,6,1,1
11455,31.0,6,999,0,-0.1,93.2,-42.0,4.076,5195.8,999.0,0,0.0,0.0,1.0,2,7,0.0,6,11,1,1
11456,31.0,3,999,0,1.4,94.465,-41.8,4.961,5228.1,999.0,0,0.0,0.0,1.0,2,5,0.0,6,6,1,1
11457,26.0,3,999,0,-1.8,92.893,-46.2,1.281,5099.1,999.0,0,0.0,0.0,1.0,1,8,0.0,11,5,1,1
11458,32.0,2,999,0,1.4,94.465,-41.8,4.967,5228.1,999.0,0,0.0,0.0,1.0,2,5,0.0,3,6,1,1
11459,33.0,6,999,0,1.4,93.918,-42.7,4.963,5228.1,999.0,0,1.0,0.0,0.0,2,8,0.0,5,7,1,1
11460,33.0,1,999,0,-1.8,92.893,-46.2,1.291,5099.1,999.0,0,0.0,0.0,0.0,1,5,0.0,1,5,1,1
11461,33.0,2,999,0,1.1,93.994,-36.4,4.86,5191.0,999.0,0,1.0,0.0,1.0,3,4,0.0,10,5,1,1
11462,31.0,2,999,0,1.1,93.994,-36.4,4.857,5191.0,999.0,0,0.0,0.0,1.0,2,8,0.0,6,5,1,1
11463,31.0,1,999,0,1.4,94.465,-41.8,4.961,5228.1,999.0,0,0.0,0.0,1.0,3,7,0.0,6,6,1,1
11464,31.0,1,999,0,1.1,93.994,-36.4,4.858,5191.0,999.0,0,1.0,0.0,1.0,2,5,0.0,6,5,1,1
11465,31.0,1,999,0,1.1,93.994,-36.4,4.855,5191.0,999.0,0,0.0,0.0,1.0,2,5,0.0,2,5,1,1
11466,30.0,2,999,0,-1.8,92.893,-46.2,1.334,5099.1,999.0,0,0.0,1.0,0.0,2,8,0.0,9,5,1,1
11467,49.0,2,999,0,-2.9,92.201,-31.4,0.879,5076.2,999.0,0,1.0,0.0,0.0,2,5,0.0,6,8,1,1
11468,40.0,4,999,0,1.1,93.994,-36.4,4.856,5191.0,999.0,0,0.0,0.0,1.0,1,8,0.0,5,5,1,1
11469,47.0,2,999,1,-1.8,92.893,-46.2,1.25,5099.1,999.0,2,1.0,0.0,0.0,2,8,0.0,4,5,1,2
11470,47.0,1,999,0,-1.8,93.075,-47.1,1.405,5099.1,999.0,0,0.0,1.0,0.0,2,5,0.0,6,4,1,1
11471,54.0,3,999,0,1.1,93.994,-36.4,4.855,5191.0,999.0,0,0.0,0.0,1.0,2,4,0.0,5,5,1,1
11472,38.0,2,999,0,1.4,93.918,-42.7,4.963,5228.1,999.0,0,0.0,0.0,0.0,3,8,0.0,4,7,1,1
11473,36.0,2,999,1,-0.1,93.2,-42.0,4.076,5195.8,999.0,2,0.0,0.0,0.0,1,7,0.0,6,11,1,2
11474,47.0,1,999,0,1.4,93.444,-36.1,4.968,5228.1,999.0,0,0.0,0.0,0.0,2,8,0.0,3,8,1,1
11475,32.0,2,14,4,-1.1,94.601,-49.5,0.959,4963.6,0.466666666667,4,0.0,0.0,0.0,2,6,0.0,5,10,1,2
11476,31.0,12,999,0,1.4,93.444,-36.1,4.964,5228.1,999.0,0,1.0,0.0,0.0,1,7,0.0,6,8,1,1
11477,36.0,1,999,0,1.4,93.444,-36.1,4.967,5228.1,999.0,0,1.0,1.0,0.0,3,6,0.0,5,8,1,1
11478,34.0,2,999,1,-1.8,92.893,-46.2,1.291,5099.1,999.0,3,1.0,0.0,1.0,2,8,0.0,6,5,1,2
11479,31.0,2,999,0,1.4,93.444,-36.1,4.965,5228.1,999.0,0,1.0,0.0,0.0,2,6,0.0,5,8,1,1
11480,31.0,2,999,0,-3.4,92.649,-30.1,0.715,5017.5,999.0,0,1.0,1.0,0.0,2,8,0.0,6,11,1,1
11481,34.0,1,999,0,1.1,93.994,-36.4,4.858,5191.0,999.0,0,0.0,1.0,1.0,1,5,0.0,6,5,2,1
11482,63.0,1,999,0,-1.7,94.027,-38.3,0.904,4991.6,999.0,0,0.0,0.0,0.0,2,2,0.0,8,8,1,1
11483,34.0,1,999,1,-1.8,93.075,-47.1,1.405,5099.1,999.0,1,1.0,0.0,0.0,2,8,0.0,4,4,1,2
11484,37.0,2,1,1,-1.8,93.075,-47.1,1.405,5099.1,0.0333333333333,2,0.0,0.0,0.0,2,5,0.0,9,4,1,3
11485,44.0,1,4,1,-3.4,92.379,-29.8,0.755,5017.5,0.133333333333,1,1.0,0.0,0.0,2,6,0.0,5,9,1,3
11486,48.0,5,999,0,1.1,93.994,-36.4,4.859,5191.0,999.0,0,1.0,0.0,1.0,1,7,0.0,5,5,1,1
11487,31.0,6,999,0,1.1,93.994,-36.4,4.857,5191.0,999.0,0,0.0,1.0,1.0,1,3,0.0,4,5,1,1
11488,31.0,2,999,0,1.4,93.444,-36.1,4.963,5228.1,999.0,0,1.0,0.0,0.0,1,6,0.0,5,8,2,1
11489,33.0,1,999,0,-1.1,94.199,-37.5,0.879,4963.6,999.0,0,1.0,0.0,0.0,2,5,0.0,6,9,1,1
11490,48.0,3,999,0,-1.8,92.893,-46.2,1.354,5099.1,999.0,0,0.0,1.0,0.0,2,8,0.0,6,5,2,1
11491,43.0,2,999,0,1.1,93.994,-36.4,4.857,5191.0,999.0,0,0.0,0.0,1.0,2,6,0.0,6,5,1,1
11492,33.0,1,999,0,1.4,94.465,-41.8,4.967,5228.1,999.0,0,1.0,0.0,1.0,1,8,0.0,4,6,1,1
11493,39.0,1,999,0,1.4,93.918,-42.7,4.96,5228.1,999.0,0,0.0,0.0,0.0,2,2,0.0,4,7,1,1
11494,29.0,1,999,0,-1.8,92.893,-46.2,1.327,5099.1,999.0,0,1.0,0.0,0.0,2,5,0.0,7,5,1,1
11495,33.0,6,999,0,1.1,93.994,-36.4,4.859,5191.0,999.0,0,1.0,1.0,1.0,1,6,0.0,5,5,1,1
11496,47.0,2,999,0,1.4,94.465,-41.8,4.967,5228.1,999.0,0,0.0,0.0,1.0,2,5,0.0,9,6,1,1
11497,50.0,3,999,0,-1.8,92.893,-46.2,1.291,5099.1,999.0,0,1.0,0.0,0.0,2,8,0.0,7,5,1,1
11498,31.0,1,999,0,-1.1,94.767,-50.8,1.046,4963.6,999.0,0,1.0,0.0,0.0,1,8,0.0,4,11,1,1
11499,48.0,6,999,0,1.4,93.444,-36.1,4.964,5228.1,999.0,0,1.0,0.0,0.0,2,5,0.0,4,8,1,1
11500,51.0,1,999,0,1.4,93.918,-42.7,4.962,5228.1,999.0,0,1.0,0.0,0.0,2,4,0.0,5,7,2,1
11501,35.0,7,999,1,-1.8,92.893,-46.2,1.266,5099.1,999.0,3,0.0,1.0,1.0,1,5,0.0,9,5,1,2
11502,44.0,1,999,0,-0.1,93.2,-42.0,4.021,5195.8,999.0,0,0.0,0.0,0.0,2,7,0.0,6,11,1,1
11503,33.0,1,999,0,1.1,93.994,-36.4,4.857,5191.0,999.0,0,0.0,0.0,1.0,2,5,0.0,4,5,1,1
11504,38.0,1,999,0,-0.1,93.2,-42.0,4.12,5195.8,999.0,0,1.0,0.0,0.0,2,6,0.0,5,11,1,1
11505,40.0,2,999,0,1.4,93.444,-36.1,4.966,5228.1,999.0,0,1.0,1.0,0.0,1,7,0.0,5,8,1,1
11506,31.0,5,999,0,1.4,94.465,-41.8,4.864,5228.1,999.0,0,0.0,0.0,1.0,2,5,0.0,9,6,1,1
11507,33.0,1,999,1,-1.8,92.893,-46.2,1.266,5099.1,999.0,2,1.0,0.0,0.0,1,8,0.0,9,5,1,2
11508,31.0,2,999,0,-0.1,93.2,-42.0,4.12,5195.8,999.0,0,1.0,1.0,0.0,2,4,0.0,4,11,1,1
11509,33.0,1,11,1,-1.8,93.369,-34.8,0.644,5008.7,0.366666666667,2,1.0,0.0,0.0,2,7,0.0,1,3,1,3
11510,58.0,5,999,0,1.4,93.444,-36.1,4.964,5228.1,999.0,0,0.0,0.0,0.0,2,5,0.0,9,8,1,1
11511,31.0,6,999,0,1.4,94.465,-41.8,4.959,5228.1,999.0,0,1.0,0.0,1.0,2,4,0.0,10,6,1,1
11512,35.0,2,999,0,-0.1,93.2,-42.0,4.153,5195.8,999.0,0,1.0,0.0,1.0,1,8,0.0,6,11,1,1
11513,31.0,2,999,0,1.4,94.465,-41.8,4.961,5228.1,999.0,0,0.0,0.0,1.0,1,8,0.0,6,6,1,1
11514,29.0,1,999,0,1.4,93.444,-36.1,4.968,5228.1,999.0,0,0.0,0.0,0.0,2,7,0.0,6,8,1,1
11515,40.0,1,999,0,1.4,94.465,-41.8,4.961,5228.1,999.0,0,0.0,0.0,1.0,1,7,0.0,6,6,1,1
11516,39.0,2,999,0,1.1,93.994,-36.4,4.857,5191.0,999.0,0,1.0,0.0,1.0,2,6,0.0,6,5,2,1
11517,36.0,2,999,0,-0.1,93.2,-42.0,4.076,5195.8,999.0,0,1.0,1.0,0.0,2,8,0.0,3,11,1,1
11518,30.0,1,999,0,1.4,94.465,-41.8,4.962,5228.1,999.0,0,1.0,0.0,1.0,1,7,0.0,3,6,1,1
11519,50.0,2,999,0,1.1,93.994,-36.4,4.856,5191.0,999.0,0,1.0,1.0,1.0,2,4,0.0,6,5,1,1
11520,88.0,1,999,0,-2.9,92.201,-31.4,0.843,5076.2,999.0,0,1.0,0.0,0.0,2,7,0.0,8,8,2,1
11521,37.0,2,999,0,1.1,93.994,-36.4,4.857,5191.0,999.0,0,0.0,0.0,1.0,2,8,0.0,4,5,1,1
11522,31.0,11,999,0,1.4,93.918,-42.7,4.96,5228.1,999.0,0,0.0,1.0,0.0,2,7,0.0,6,7,2,1
11523,25.0,4,999,0,1.4,93.918,-42.7,4.962,5228.1,999.0,0,0.0,0.0,0.0,2,5,0.0,6,7,1,1
11524,31.0,1,999,0,-0.1,93.2,-42.0,4.12,5195.8,999.0,0,0.0,0.0,0.0,2,8,0.0,3,11,1,1
11525,28.0,4,999,0,1.1,93.994,-36.4,4.859,5191.0,999.0,0,0.0,1.0,1.0,1,8,0.0,4,5,1,1
11526,31.0,2,999,1,-1.8,92.893,-46.2,1.266,5099.1,999.0,1,1.0,0.0,0.0,1,8,0.0,11,5,1,2
11527,31.0,13,999,0,1.4,94.465,-41.8,4.864,5228.1,999.0,0,0.0,0.0,1.0,2,7,0.0,3,6,1,1
11528,31.0,2,999,0,1.1,93.994,-36.4,4.857,5191.0,999.0,0,1.0,0.0,1.0,1,3,0.0,6,5,2,1
11529,45.0,1,999,0,-1.8,93.075,-47.1,1.41,5099.1,999.0,0,1.0,0.0,0.0,2,8,0.0,4,4,1,1
11530,49.0,1,999,0,-1.8,93.876,-40.0,0.699,5008.7,999.0,0,1.0,0.0,0.0,2,7,0.0,5,5,1,1
11531,27.0,2,999,0,1.1,93.994,-36.4,4.864,5191.0,999.0,0,1.0,0.0,1.0,2,3,0.0,4,5,1,1
11532,37.0,2,999,0,1.1,93.994,-36.4,4.855,5191.0,999.0,0,0.0,0.0,1.0,1,7,0.0,7,5,1,1
11533,44.0,1,999,0,1.4,93.444,-36.1,4.967,5228.1,999.0,0,0.0,0.0,0.0,2,8,0.0,4,8,1,1
11534,46.0,1,999,0,1.4,94.465,-41.8,4.866,5228.1,999.0,0,1.0,0.0,1.0,2,4,0.0,6,6,1,1
11535,47.0,1,999,0,1.4,93.918,-42.7,4.96,5228.1,999.0,0,0.0,0.0,0.0,3,2,0.0,2,7,2,1
11536,41.0,1,999,0,-1.8,92.893,-46.2,1.344,5099.1,999.0,0,1.0,0.0,0.0,2,2,0.0,4,5,1,1
11537,51.0,1,999,0,1.4,94.465,-41.8,4.962,5228.1,999.0,0,0.0,0.0,1.0,3,2,0.0,4,6,1,1
11538,31.0,1,999,0,1.1,93.994,-36.4,4.856,5191.0,999.0,0,1.0,0.0,1.0,1,4,0.0,4,5,1,1
11539,47.0,1,999,0,1.4,93.444,-36.1,4.966,5228.1,999.0,0,0.0,0.0,0.0,2,8,0.0,6,8,1,1
11540,59.0,1,6,1,-1.7,94.215,-40.3,0.827,4991.6,0.2,0,1.0,1.0,0.0,3,2,0.0,8,7,2,3
11541,39.0,1,999,0,-1.8,92.893,-46.2,1.291,5099.1,999.0,0,0.0,0.0,0.0,1,6,0.0,5,5,1,1
11542,32.0,8,999,0,1.4,93.444,-36.1,4.962,5228.1,999.0,0,0.0,0.0,0.0,2,7,0.0,5,8,1,1
11543,31.0,2,999,0,-1.7,94.027,-38.3,0.898,4991.6,999.0,0,0.0,0.0,0.0,1,8,0.0,5,8,1,1
11544,31.0,1,999,0,1.4,93.918,-42.7,4.962,5228.1,999.0,0,0.0,0.0,1.0,1,8,0.0,6,7,2,1
11545,45.0,7,999,0,1.4,94.465,-41.8,4.864,5228.1,999.0,0,0.0,0.0,1.0,2,5,0.0,9,6,1,1
11546,26.0,1,999,0,1.4,93.918,-42.7,4.957,5228.1,999.0,0,0.0,0.0,0.0,1,6,0.0,5,7,1,1
11547,34.0,2,999,1,-1.8,93.075,-47.1,1.405,5099.1,999.0,1,1.0,1.0,0.0,3,6,0.0,5,4,1,2
11548,42.0,2,999,1,-0.1,93.2,-42.0,4.191,5195.8,999.0,4,1.0,1.0,0.0,2,6,0.0,5,11,2,2
11549,43.0,1,999,1,-1.8,93.075,-47.1,1.405,5099.1,999.0,0,1.0,1.0,0.0,2,8,0.0,4,4,1,2
11550,32.0,1,999,0,1.4,93.918,-42.7,4.957,5228.1,999.0,0,1.0,0.0,0.0,1,8,0.0,4,7,1,1
11551,41.0,1,999,0,1.4,93.918,-42.7,4.96,5228.1,999.0,0,1.0,0.0,0.0,3,5,0.0,5,7,2,1
11552,27.0,5,999,0,-1.8,92.893,-46.2,1.244,5099.1,999.0,0,1.0,0.0,0.0,1,7,0.0,9,5,2,1
11553,27.0,1,999,0,-3.4,92.649,-30.1,0.716,5017.5,999.0,0,0.0,1.0,0.0,1,7,0.0,5,11,1,1
11554,31.0,1,999,0,1.1,93.994,-36.4,4.855,5191.0,999.0,0,0.0,0.0,1.0,2,4,0.0,4,5,1,1
11555,31.0,1,999,0,1.4,93.444,-36.1,4.968,5228.1,999.0,0,0.0,0.0,0.0,2,2,0.0,2,8,1,1
11556,31.0,2,999,0,1.1,93.994,-36.4,4.857,5191.0,999.0,0,1.0,0.0,1.0,2,3,0.0,4,5,2,1
11557,52.0,2,999,1,-0.1,93.2,-42.0,4.191,5195.8,999.0,0,1.0,1.0,0.0,3,5,0.0,9,11,2,2
11558,41.0,2,999,0,-3.4,92.379,-29.8,0.771,5017.5,999.0,0,1.0,0.0,0.0,2,6,0.0,5,9,2,1
11559,33.0,5,999,0,1.4,93.444,-36.1,4.964,5228.1,999.0,0,0.0,0.0,0.0,1,7,0.0,6,8,1,1
11560,30.0,5,999,0,1.4,93.444,-36.1,4.964,5228.1,999.0,0,0.0,0.0,0.0,1,7,0.0,6,8,1,1
11561,41.0,2,999,0,1.4,93.918,-42.7,4.96,5228.1,999.0,0,1.0,0.0,0.0,2,8,0.0,4,7,2,1
11562,50.0,1,999,0,1.4,94.465,-41.8,4.961,5228.1,999.0,0,0.0,0.0,1.0,2,5,0.0,6,6,1,1
11563,33.0,1,999,0,-0.1,93.2,-42.0,4.153,5195.8,999.0,0,0.0,0.0,1.0,1,4,0.0,5,11,1,1
11564,27.0,2,999,0,1.4,94.465,-41.8,4.967,5228.1,999.0,0,1.0,1.0,1.0,1,8,0.0,4,6,1,1
11565,32.0,1,999,0,1.4,93.444,-36.1,4.964,5228.1,999.0,0,0.0,0.0,0.0,2,8,0.0,3,8,1,1
11566,24.0,1,999,0,1.4,93.918,-42.7,4.963,5228.1,999.0,0,0.0,0.0,1.0,1,3,0.0,4,7,1,1
11567,58.0,2,999,0,-1.8,92.893,-46.2,1.244,5099.1,999.0,0,1.0,0.0,0.0,2,7,0.0,3,5,2,1
11568,25.0,8,999,0,-1.8,92.893,-46.2,1.244,5099.1,999.0,0,1.0,0.0,0.0,1,5,0.0,11,5,2,1
11569,38.0,1,999,0,-2.9,92.201,-31.4,0.881,5076.2,999.0,0,1.0,0.0,0.0,1,7,0.0,6,8,1,1
11570,31.0,1,999,0,1.4,93.444,-36.1,4.966,5228.1,999.0,0,1.0,0.0,0.0,1,8,0.0,5,8,1,1
11571,31.0,1,999,0,1.4,93.444,-36.1,4.963,5228.1,999.0,0,0.0,0.0,0.0,2,7,0.0,5,8,1,1
11572,29.0,1,999,0,1.1,93.994,-36.4,4.859,5191.0,999.0,0,1.0,0.0,1.0,1,5,0.0,4,5,1,1
11573,47.0,3,999,0,1.4,93.444,-36.1,4.965,5228.1,999.0,0,1.0,0.0,0.0,2,8,0.0,5,8,2,1
11574,31.0,1,999,0,-1.8,93.749,-34.6,0.659,5008.7,999.0,0,0.0,0.0,0.0,2,8,0.0,6,4,1,1
11575,46.0,1,999,0,1.1,93.994,-36.4,4.856,5191.0,999.0,0,0.0,1.0,1.0,2,8,0.0,2,5,1,1
11576,31.0,3,999,0,-1.8,93.749,-34.6,0.659,5008.7,999.0,0,1.0,0.0,0.0,2,8,0.0,6,4,1,1
11577,31.0,2,999,0,1.4,94.465,-41.8,4.961,5228.1,999.0,0,0.0,0.0,1.0,2,6,0.0,5,6,1,1
11578,60.0,5,999,0,1.4,93.444,-36.1,4.964,5228.1,999.0,0,1.0,1.0,0.0,2,7,0.0,3,8,1,1
11579,31.0,1,999,0,1.4,93.918,-42.7,4.963,5228.1,999.0,0,1.0,0.0,0.0,2,8,0.0,7,7,1,1
11580,31.0,2,999,0,-1.8,93.075,-47.1,1.405,5099.1,999.0,0,0.0,0.0,0.0,2,3,0.0,4,4,1,1
11581,49.0,4,999,0,1.1,93.994,-36.4,4.857,5191.0,999.0,0,0.0,0.0,1.0,2,8,0.0,4,5,2,1
11582,45.0,1,999,0,1.4,93.444,-36.1,4.97,5228.1,999.0,0,1.0,0.0,0.0,2,7,0.0,5,8,1,1
11583,33.0,1,999,1,-1.1,94.767,-50.8,1.035,4963.6,999.0,3,1.0,0.0,0.0,2,7,0.0,6,11,1,2
11584,34.0,1,999,0,1.4,93.444,-36.1,4.966,5228.1,999.0,0,1.0,0.0,0.0,2,8,0.0,5,8,1,1
11585,31.0,2,999,0,1.4,93.444,-36.1,4.965,5228.1,999.0,0,0.0,0.0,0.0,2,7,0.0,6,8,2,1
11586,58.0,1,999,0,1.4,94.465,-41.8,4.865,5228.1,999.0,0,0.0,0.0,1.0,2,5,0.0,8,6,2,1
11587,31.0,1,999,0,-1.1,94.199,-37.5,0.879,4963.6,999.0,0,1.0,0.0,1.0,1,8,0.0,4,9,2,1
11588,30.0,3,3,1,-1.8,92.893,-46.2,1.354,5099.1,0.1,2,1.0,0.0,0.0,2,5,0.0,10,5,2,3
11589,54.0,1,999,1,-1.8,92.893,-46.2,1.327,5099.1,999.0,2,1.0,1.0,0.0,1,7,0.0,5,5,1,2
11590,28.0,1,999,0,1.1,93.994,-36.4,4.857,5191.0,999.0,0,1.0,0.0,1.0,2,8,0.0,9,5,1,1
11591,31.0,2,999,0,-3.4,92.431,-26.9,0.739,5017.5,999.0,0,0.0,0.0,1.0,2,8,0.0,2,10,2,1
11592,48.0,9,999,0,-0.1,93.2,-42.0,4.021,5195.8,999.0,0,0.0,0.0,0.0,2,7,0.0,6,11,1,1
11593,59.0,5,999,0,1.4,93.444,-36.1,4.965,5228.1,999.0,0,1.0,1.0,0.0,2,2,0.0,2,8,2,1
11594,35.0,2,999,0,-1.8,92.893,-46.2,1.327,5099.1,999.0,0,1.0,0.0,0.0,2,6,0.0,9,5,1,1
11595,51.0,2,999,1,-0.1,93.2,-42.0,4.153,5195.8,999.0,2,0.0,1.0,0.0,2,5,0.0,6,11,1,2
11596,39.0,2,999,0,-1.7,94.215,-40.3,0.896,4991.6,999.0,0,1.0,0.0,0.0,1,5,0.0,10,7,1,1
11597,36.0,3,999,0,1.4,93.444,-36.1,4.964,5228.1,999.0,0,0.0,0.0,0.0,1,7,0.0,6,8,1,1
11598,43.0,2,999,0,1.4,94.465,-41.8,4.961,5228.1,999.0,0,0.0,0.0,1.0,1,5,0.0,6,6,2,1
11599,44.0,5,999,1,-1.8,92.893,-46.2,1.354,5099.1,999.0,1,0.0,0.0,0.0,2,5,0.0,5,5,2,2
11600,42.0,1,999,0,1.4,93.444,-36.1,4.968,5228.1,999.0,0,1.0,0.0,0.0,2,8,0.0,5,8,1,1
11601,46.0,2,999,0,-1.8,92.893,-46.2,1.266,5099.1,999.0,0,0.0,0.0,0.0,2,4,0.0,4,5,1,1
11602,31.0,2,999,0,1.4,93.444,-36.1,4.965,5228.1,999.0,0,0.0,0.0,0.0,2,7,0.0,6,8,1,1
11603,44.0,2,999,0,1.4,93.918,-42.7,4.963,5228.1,999.0,0,0.0,1.0,0.0,1,7,0.0,5,7,1,1
11604,31.0,2,999,0,-0.1,93.2,-42.0,4.076,5195.8,999.0,0,0.0,1.0,0.0,2,8,0.0,5,11,1,1
11605,30.0,2,999,0,1.4,93.918,-42.7,4.962,5228.1,999.0,0,1.0,1.0,0.0,2,6,0.0,5,7,2,1
11606,37.0,2,999,0,-1.8,93.075,-47.1,1.405,5099.1,999.0,0,0.0,0.0,0.0,2,6,0.0,5,4,1,1
11607,49.0,2,999,0,1.4,94.465,-41.8,4.864,5228.1,999.0,0,0.0,0.0,1.0,2,8,0.0,5,6,1,1
11608,42.0,1,999,0,1.4,94.465,-41.8,4.864,5228.1,999.0,0,0.0,0.0,1.0,3,8,0.0,6,6,1,1
11609,31.0,3,999,0,-1.8,92.893,-46.2,1.281,5099.1,999.0,0,0.0,0.0,0.0,3,3,0.0,9,5,1,1
11610,43.0,3,999,0,1.1,93.994,-36.4,4.859,5191.0,999.0,0,1.0,1.0,1.0,2,7,0.0,6,5,1,1
11611,35.0,7,999,0,-1.8,92.893,-46.2,1.244,5099.1,999.0,0,1.0,1.0,0.0,2,7,0.0,2,5,2,1
11612,40.0,14,999,0,1.4,94.465,-41.8,4.962,5228.1,999.0,0,0.0,0.0,1.0,2,4,0.0,4,6,1,1
11613,47.0,1,999,0,1.4,94.465,-41.8,4.962,5228.1,999.0,0,1.0,1.0,1.0,2,8,0.0,9,6,1,1
11614,32.0,7,999,0,-0.1,93.2,-42.0,4.021,5195.8,999.0,0,0.0,1.0,0.0,1,8,0.0,6,11,1,1
11615,39.0,1,999,1,-2.9,92.963,-40.8,1.26,5076.2,999.0,2,0.0,0.0,0.0,2,7,0.0,6,6,1,2
11616,38.0,3,999,0,1.4,93.918,-42.7,4.961,5228.1,999.0,0,1.0,1.0,0.0,1,8,0.0,1,7,1,1
11617,58.0,5,999,0,1.4,93.918,-42.7,4.96,5228.1,999.0,0,1.0,0.0,0.0,3,7,0.0,6,7,2,1
11618,27.0,2,999,0,-1.8,92.893,-46.2,1.354,5099.1,999.0,0,1.0,0.0,0.0,1,8,0.0,3,5,2,1
11619,28.0,2,4,1,-3.4,92.431,-26.9,0.752,5017.5,0.133333333333,1,1.0,0.0,0.0,1,8,0.0,10,10,1,3
11620,27.0,1,999,0,-3.4,92.431,-26.9,0.742,5017.5,999.0,0,0.0,0.0,0.0,1,8,0.0,5,10,1,1
11621,31.0,1,999,1,-1.8,93.075,-47.1,1.405,5099.1,999.0,2,0.0,0.0,0.0,2,6,0.0,3,4,1,2
11622,31.0,1,999,0,1.4,93.918,-42.7,4.958,5228.1,999.0,0,1.0,0.0,0.0,1,6,0.0,5,7,1,1
11623,31.0,3,999,0,-1.8,92.893,-46.2,1.354,5099.1,999.0,0,0.0,0.0,0.0,2,6,0.0,5,5,2,1
11624,36.0,1,999,0,-0.1,93.2,-42.0,4.12,5195.8,999.0,0,1.0,0.0,0.0,3,8,0.0,6,11,1,1
11625,31.0,2,999,0,-1.8,92.893,-46.2,1.259,5099.1,999.0,0,1.0,1.0,1.0,2,7,0.0,5,5,1,1
11626,56.0,2,3,2,-3.4,92.379,-29.8,0.778,5017.5,0.1,0,1.0,0.0,0.0,2,8,0.0,6,9,1,3
11627,31.0,3,999,0,-1.8,92.893,-46.2,1.266,5099.1,999.0,0,0.0,0.0,0.0,2,5,0.0,6,5,1,1
11628,37.0,6,999,0,1.1,93.994,-36.4,4.859,5191.0,999.0,0,0.0,0.0,1.0,2,7,0.0,6,5,1,1
11629,31.0,15,999,0,1.4,94.465,-41.8,4.864,5228.1,999.0,0,0.0,0.0,1.0,2,7,0.0,3,6,1,1
11630,33.0,4,999,0,1.4,93.444,-36.1,4.966,5228.1,999.0,0,1.0,0.0,0.0,2,8,0.0,5,8,1,1
11631,31.0,3,999,0,-0.1,93.2,-42.0,4.076,5195.8,999.0,0,0.0,0.0,0.0,3,8,0.0,6,11,1,1
11632,31.0,2,27,1,-1.1,94.601,-49.5,0.959,4963.6,0.9,2,0.0,0.0,0.0,2,6,0.0,5,10,1,3
11633,39.0,2,999,0,-0.1,93.2,-42.0,4.153,5195.8,999.0,0,0.0,0.0,0.0,2,8,0.0,1,11,1,1
11634,58.0,2,999,0,1.1,93.994,-36.4,4.856,5191.0,999.0,0,1.0,0.0,1.0,3,6,0.0,8,5,1,1
11635,31.0,1,999,0,1.4,94.465,-41.8,4.962,5228.1,999.0,0,0.0,1.0,1.0,2,3,0.0,4,6,1,1
11636,38.0,1,999,0,1.4,93.918,-42.7,4.968,5228.1,999.0,0,0.0,0.0,0.0,2,5,0.0,9,7,1,1
11637,31.0,1,999,0,-0.1,93.2,-42.0,4.191,5195.8,999.0,0,0.0,0.0,0.0,2,4,0.0,4,11,2,1
11638,38.0,5,999,0,1.4,94.465,-41.8,4.866,5228.1,999.0,0,0.0,0.0,1.0,2,5,0.0,9,6,1,1
11639,37.0,7,999,0,1.1,93.994,-36.4,4.857,5191.0,999.0,0,1.0,1.0,1.0,2,5,0.0,4,5,1,1
11640,31.0,2,999,0,1.1,93.994,-36.4,4.86,5191.0,999.0,0,0.0,0.0,1.0,2,2,0.0,9,5,1,1
11641,54.0,4,999,0,1.4,93.444,-36.1,4.966,5228.1,999.0,0,1.0,0.0,0.0,2,2,0.0,9,8,1,1
11642,36.0,1,999,0,-0.1,93.798,-40.4,4.794,5195.8,999.0,0,1.0,0.0,1.0,1,7,0.0,1,10,1,1
11643,43.0,2,999,0,1.4,93.918,-42.7,4.961,5228.1,999.0,0,0.0,0.0,1.0,2,2,0.0,2,7,1,1
11644,50.0,4,999,0,1.1,93.994,-36.4,4.857,5191.0,999.0,0,0.0,0.0,1.0,2,8,0.0,5,5,1,1
11645,56.0,2,999,0,1.4,93.444,-36.1,4.965,5228.1,999.0,0,1.0,1.0,0.0,2,4,0.0,4,8,2,1
11646,56.0,1,999,0,1.4,94.465,-41.8,4.961,5228.1,999.0,0,0.0,0.0,1.0,2,8,0.0,5,6,1,1
11647,31.0,6,999,0,1.1,93.994,-36.4,4.857,5191.0,999.0,0,1.0,0.0,1.0,1,8,0.0,11,5,2,1
11648,52.0,6,999,0,1.4,93.918,-42.7,4.96,5228.1,999.0,0,0.0,0.0,0.0,2,4,0.0,4,7,2,1
11649,44.0,1,999,0,-0.1,93.2,-42.0,4.191,5195.8,999.0,0,1.0,0.0,0.0,2,8,0.0,3,11,2,1
11650,31.0,2,6,1,-1.8,93.749,-34.6,0.644,5008.7,0.2,4,1.0,0.0,0.0,2,8,0.0,9,4,1,3
11651,31.0,1,999,0,1.1,93.994,-36.4,4.855,5191.0,999.0,0,0.0,0.0,1.0,2,4,0.0,4,5,1,1
11652,54.0,1,999,0,-1.8,93.075,-47.1,1.41,5099.1,999.0,0,0.0,0.0,0.0,2,7,0.0,3,4,1,1
11653,53.0,1,2,1,-1.8,93.075,-47.1,1.365,5099.1,0.0666666666667,2,1.0,0.0,0.0,3,7,0.0,3,4,1,3
11654,33.0,5,999,0,-1.8,92.893,-46.2,1.291,5099.1,999.0,0,0.0,0.0,1.0,1,5,0.0,5,5,1,1
11655,31.0,4,999,0,1.1,93.994,-36.4,4.859,5191.0,999.0,0,1.0,0.0,1.0,2,8,0.0,4,5,1,1
11656,31.0,2,999,1,-0.1,93.2,-42.0,4.021,5195.8,999.0,3,0.0,0.0,0.0,1,8,0.0,6,11,1,2
11657,31.0,3,999,0,1.4,93.918,-42.7,4.962,5228.1,999.0,0,0.0,0.0,0.0,1,8,0.0,6,7,2,1
11658,31.0,2,999,0,1.1,93.994,-36.4,4.857,5191.0,999.0,0,0.0,0.0,1.0,2,6,0.0,4,5,2,1
11659,31.0,2,999,0,-1.8,93.075,-47.1,1.405,5099.1,999.0,0,0.0,0.0,0.0,1,8,0.0,6,4,1,1
11660,31.0,15,999,0,1.4,93.918,-42.7,4.968,5228.1,999.0,0,1.0,0.0,0.0,2,7,0.0,3,7,1,1
11661,29.0,2,999,0,1.4,93.444,-36.1,4.965,5228.1,999.0,0,0.0,0.0,0.0,2,7,0.0,6,8,2,1
11662,31.0,3,999,0,-1.8,92.893,-46.2,1.266,5099.1,999.0,0,1.0,0.0,0.0,1,7,0.0,3,5,1,1
11663,29.0,2,999,0,1.4,94.465,-41.8,4.865,5228.1,999.0,0,1.0,1.0,1.0,1,5,0.0,9,6,1,1
11664,35.0,1,999,0,-1.8,93.075,-47.1,1.365,5099.1,999.0,0,0.0,0.0,0.0,3,5,0.0,9,4,1,1
11665,53.0,5,999,0,1.4,93.918,-42.7,4.963,5228.1,999.0,0,1.0,0.0,0.0,3,8,0.0,7,7,1,1
11666,31.0,3,999,0,1.4,94.465,-41.8,4.959,5228.1,999.0,0,0.0,0.0,1.0,2,5,0.0,9,6,1,1
11667,31.0,1,999,0,1.1,93.994,-36.4,4.859,5191.0,999.0,0,1.0,0.0,1.0,1,7,0.0,6,5,1,1
11668,48.0,6,999,0,-1.8,92.893,-46.2,1.266,5099.1,999.0,0,0.0,0.0,0.0,3,7,0.0,3,5,1,1
11669,31.0,1,999,0,1.4,93.444,-36.1,4.964,5228.1,999.0,0,1.0,0.0,0.0,2,8,0.0,4,8,1,1
11670,29.0,1,999,1,-1.8,92.893,-46.2,1.291,5099.1,999.0,4,0.0,0.0,0.0,2,4,0.0,9,5,1,2
11671,28.0,1,999,0,-1.7,94.055,-39.8,0.719,4991.6,999.0,0,0.0,0.0,1.0,1,7,0.0,6,6,1,1
11672,44.0,17,999,0,1.1,93.994,-36.4,4.857,5191.0,999.0,0,0.0,1.0,1.0,2,8,0.0,10,5,2,1
11673,40.0,2,999,0,1.4,94.465,-41.8,4.96,5228.1,999.0,0,0.0,0.0,1.0,1,8,0.0,6,6,2,1
11674,31.0,4,999,0,-1.8,93.075,-47.1,1.405,5099.1,999.0,0,1.0,0.0,0.0,2,8,0.0,7,4,2,1
11675,31.0,2,999,0,1.4,93.918,-42.7,4.96,5228.1,999.0,0,1.0,0.0,1.0,2,7,0.0,6,7,2,1
11676,33.0,9,999,0,1.4,93.444,-36.1,4.964,5228.1,999.0,0,0.0,0.0,0.0,1,8,0.0,6,8,1,1
11677,28.0,2,999,0,1.4,94.465,-41.8,4.959,5228.1,999.0,0,0.0,0.0,1.0,1,6,0.0,11,6,1,1
11678,31.0,3,999,0,-0.1,93.2,-42.0,4.12,5195.8,999.0,0,1.0,0.0,0.0,2,5,0.0,3,11,1,1
11679,30.0,1,999,0,-1.8,93.075,-47.1,1.435,5099.1,999.0,0,1.0,0.0,0.0,1,8,0.0,1,4,1,1
11680,27.0,6,999,0,1.1,93.994,-36.4,4.859,5191.0,999.0,0,1.0,0.0,1.0,1,7,0.0,11,5,1,1
11681,57.0,5,999,0,1.4,94.465,-41.8,4.961,5228.1,999.0,0,0.0,0.0,1.0,2,8,0.0,4,6,1,1
11682,31.0,1,999,0,-0.1,93.2,-42.0,4.12,5195.8,999.0,0,0.0,0.0,1.0,2,6,0.0,5,11,1,1
11683,31.0,3,3,1,-2.9,92.469,-33.6,1.029,5076.2,0.1,0,1.0,0.0,0.0,2,5,0.0,5,7,1,3
11684,31.0,11,999,0,1.4,94.465,-41.8,4.959,5228.1,999.0,0,0.0,0.0,1.0,2,4,0.0,4,6,1,1
11685,47.0,4,999,0,1.4,93.918,-42.7,4.96,5228.1,999.0,0,0.0,0.0,0.0,3,8,0.0,6,7,2,1
11686,33.0,6,999,0,-1.8,93.075,-47.1,1.405,5099.1,999.0,0,0.0,0.0,0.0,3,4,0.0,4,4,2,1
11687,55.0,3,999,0,1.4,93.918,-42.7,4.961,5228.1,999.0,0,1.0,0.0,0.0,3,8,0.0,4,7,1,1
11688,31.0,3,999,0,1.4,93.444,-36.1,4.965,5228.1,999.0,0,1.0,0.0,0.0,1,8,0.0,6,8,2,1
11689,50.0,4,999,0,1.4,93.444,-36.1,4.968,5228.1,999.0,0,1.0,0.0,0.0,2,2,0.0,4,8,1,1
11690,38.0,2,999,0,1.1,93.994,-36.4,4.856,5191.0,999.0,0,0.0,0.0,1.0,2,6,0.0,5,5,1,1
11691,54.0,1,3,3,-3.4,92.649,-30.1,0.716,5017.5,0.1,6,1.0,0.0,0.0,2,8,0.0,6,11,1,3
11692,46.0,10,999,0,1.4,93.918,-42.7,4.962,5228.1,999.0,0,0.0,0.0,0.0,2,5,0.0,6,7,1,1
11693,26.0,1,999,0,-2.9,92.963,-40.8,1.26,5076.2,999.0,0,1.0,1.0,0.0,1,5,0.0,8,6,1,1
11694,31.0,1,999,0,-1.8,92.893,-46.2,1.281,5099.1,999.0,0,1.0,0.0,0.0,1,4,0.0,4,5,1,1
11695,52.0,1,999,0,-3.4,92.379,-29.8,0.819,5017.5,999.0,0,1.0,1.0,0.0,2,6,0.0,5,9,1,1
11696,31.0,1,999,0,1.4,93.918,-42.7,4.961,5228.1,999.0,0,1.0,1.0,0.0,1,7,0.0,6,7,1,1
11697,40.0,1,999,0,-1.8,92.893,-46.2,1.313,5099.1,999.0,0,1.0,0.0,0.0,2,8,0.0,9,5,1,1
11698,21.0,6,999,0,-1.8,92.893,-46.2,1.25,5099.1,999.0,0,0.0,0.0,0.0,1,5,0.0,9,5,1,1
11699,31.0,1,999,0,-0.1,93.2,-42.0,4.021,5195.8,999.0,0,1.0,0.0,1.0,1,7,0.0,6,11,1,1
11700,22.0,1,999,0,-0.1,93.2,-42.0,4.076,5195.8,999.0,0,1.0,0.0,1.0,1,2,0.0,4,11,1,1
11701,49.0,2,999,1,-1.8,92.893,-46.2,1.327,5099.1,999.0,4,0.0,0.0,0.0,2,8,0.0,4,5,1,2
11702,44.0,1,999,0,1.4,94.465,-41.8,4.866,5228.1,999.0,0,0.0,0.0,1.0,1,7,0.0,7,6,1,1
11703,31.0,2,999,0,1.4,93.444,-36.1,4.964,5228.1,999.0,0,0.0,0.0,0.0,1,8,0.0,5,8,1,1
11704,31.0,3,999,0,-0.1,93.2,-42.0,4.021,5195.8,999.0,0,0.0,1.0,0.0,2,7,0.0,3,11,1,1
11705,30.0,6,999,0,-1.8,93.075,-47.1,1.483,5099.1,999.0,0,1.0,1.0,0.0,2,8,0.0,6,4,1,1
11706,51.0,2,999,0,1.4,93.918,-42.7,4.962,5228.1,999.0,0,1.0,0.0,0.0,3,7,0.0,6,7,2,1
11707,34.0,2,999,0,-0.1,93.2,-42.0,4.153,5195.8,999.0,0,1.0,1.0,0.0,2,8,0.0,4,11,1,1
11708,57.0,3,999,0,1.4,93.444,-36.1,4.964,5228.1,999.0,0,0.0,0.0,0.0,2,2,0.0,4,8,1,1
11709,31.0,3,999,0,-1.8,92.893,-46.2,1.327,5099.1,999.0,0,0.0,0.0,0.0,2,4,0.0,4,5,1,1
11710,31.0,2,999,0,1.1,93.994,-36.4,4.855,5191.0,999.0,0,0.0,1.0,1.0,2,8,0.0,5,5,1,1
11711,40.0,1,999,0,1.4,94.465,-41.8,4.864,5228.1,999.0,0,0.0,0.0,1.0,3,8,0.0,4,6,1,1
11712,43.0,4,999,0,1.4,93.918,-42.7,4.96,5228.1,999.0,0,1.0,0.0,0.0,2,8,0.0,4,7,2,1
11713,31.0,3,999,1,-1.8,93.075,-47.1,1.453,5099.1,999.0,2,1.0,0.0,0.0,2,8,0.0,9,4,1,2
11714,58.0,3,999,0,1.4,94.465,-41.8,4.961,5228.1,999.0,0,0.0,0.0,1.0,2,8,0.0,5,6,1,1
11715,54.0,2,999,0,1.4,94.465,-41.8,4.864,5228.1,999.0,0,0.0,0.0,1.0,2,8,0.0,5,6,1,1
11716,31.0,1,999,0,-0.1,93.2,-42.0,4.191,5195.8,999.0,0,0.0,0.0,0.0,2,8,0.0,6,11,2,1
11717,31.0,5,999,0,-1.8,92.893,-46.2,1.281,5099.1,999.0,0,0.0,0.0,1.0,2,4,0.0,4,5,1,1
11718,49.0,1,999,0,1.4,94.465,-41.8,4.967,5228.1,999.0,0,0.0,0.0,1.0,2,2,0.0,4,6,1,1
11719,35.0,2,999,0,-0.1,93.2,-42.0,4.12,5195.8,999.0,0,1.0,1.0,0.0,2,7,0.0,6,11,1,1
11720,31.0,2,999,0,-0.1,93.2,-42.0,4.191,5195.8,999.0,0,0.0,0.0,0.0,2,5,0.0,5,11,2,1
11721,35.0,2,999,0,1.1,93.994,-36.4,4.857,5191.0,999.0,0,0.0,1.0,1.0,3,5,0.0,6,5,1,1
11722,31.0,8,999,0,1.4,93.444,-36.1,4.965,5228.1,999.0,0,1.0,0.0,0.0,1,7,0.0,5,8,1,1
11723,36.0,2,999,0,-0.1,93.2,-42.0,4.12,5195.8,999.0,0,0.0,0.0,0.0,1,7,0.0,7,11,1,1
11724,55.0,2,999,0,1.4,93.444,-36.1,4.965,5228.1,999.0,0,0.0,0.0,0.0,2,5,0.0,8,8,2,1
11725,30.0,1,999,0,-0.1,93.2,-42.0,4.076,5195.8,999.0,0,1.0,0.0,0.0,1,8,0.0,4,11,1,1
11726,45.0,1,999,0,1.1,93.994,-36.4,4.86,5191.0,999.0,0,0.0,0.0,1.0,2,8,0.0,4,5,1,1
11727,55.0,4,999,1,-1.8,92.893,-46.2,1.281,5099.1,999.0,2,0.0,0.0,0.0,3,2,0.0,8,5,1,2
11728,42.0,2,999,0,1.4,93.918,-42.7,4.968,5228.1,999.0,0,1.0,0.0,0.0,2,8,0.0,4,7,1,1
11729,49.0,1,6,2,-1.8,93.369,-34.8,0.652,5008.7,0.2,6,0.0,0.0,0.0,2,4,0.0,4,3,2,3
11730,44.0,1,999,0,-1.8,93.075,-47.1,1.365,5099.1,999.0,0,0.0,0.0,0.0,1,6,0.0,5,4,1,1
11731,30.0,1,999,0,-1.8,93.075,-47.1,1.405,5099.1,999.0,0,1.0,0.0,0.0,2,8,0.0,4,4,2,1
11732,43.0,3,999,0,-2.9,92.201,-31.4,0.884,5076.2,999.0,0,1.0,0.0,0.0,3,3,0.0,9,8,1,1
11733,26.0,2,999,0,1.1,93.994,-36.4,4.857,5191.0,999.0,0,0.0,0.0,1.0,1,7,0.0,6,5,1,1
11734,32.0,1,999,0,-3.4,92.431,-26.9,0.73,5017.5,999.0,0,1.0,0.0,0.0,1,8,0.0,12,10,1,1
11735,26.0,1,999,0,1.4,94.465,-41.8,4.962,5228.1,999.0,0,1.0,1.0,1.0,1,5,0.0,5,6,1,1
11736,31.0,1,999,0,1.4,93.918,-42.7,4.963,5228.1,999.0,0,0.0,0.0,0.0,1,3,0.0,4,7,1,1
11737,47.0,1,9,2,-1.8,92.893,-46.2,1.244,5099.1,0.3,4,0.0,0.0,0.0,2,5,0.0,3,5,2,2
11738,30.0,1,999,0,-1.8,92.893,-46.2,1.244,5099.1,999.0,0,1.0,0.0,0.0,1,8,0.0,6,5,2,1
11739,30.0,1,999,0,1.4,94.465,-41.8,4.961,5228.1,999.0,0,1.0,0.0,1.0,1,5,0.0,6,6,1,1
11740,31.0,4,999,0,1.4,94.465,-41.8,4.967,5228.1,999.0,0,0.0,0.0,1.0,2,4,0.0,8,6,1,1
11741,51.0,1,999,0,1.4,93.444,-36.1,4.963,5228.1,999.0,0,0.0,0.0,0.0,2,4,0.0,4,8,1,1
11742,30.0,2,999,0,-1.8,92.843,-50.0,1.687,5099.1,999.0,0,1.0,1.0,0.0,1,2,0.0,11,3,1,1
11743,29.0,1,999,1,-2.9,92.963,-40.8,1.26,5076.2,999.0,3,1.0,0.0,0.0,2,5,0.0,6,6,1,2
11744,37.0,6,999,0,1.1,93.994,-36.4,4.857,5191.0,999.0,0,1.0,0.0,1.0,2,6,0.0,5,5,2,1
11745,64.0,1,999,0,-3.4,92.649,-30.1,0.722,5017.5,999.0,0,1.0,0.0,0.0,2,2,0.0,2,11,2,1
11746,56.0,1,999,0,1.4,93.918,-42.7,4.963,5228.1,999.0,0,1.0,0.0,0.0,2,2,0.0,6,7,1,1
11747,38.0,2,999,0,1.1,93.994,-36.4,4.855,5191.0,999.0,0,1.0,0.0,1.0,2,6,0.0,5,5,1,1
11748,58.0,1,999,0,1.4,93.444,-36.1,4.97,5228.1,999.0,0,0.0,0.0,0.0,2,4,0.0,4,8,2,1
11749,39.0,15,999,0,1.4,94.465,-41.8,4.959,5228.1,999.0,0,0.0,0.0,1.0,3,8,0.0,6,6,1,1
11750,36.0,1,999,0,1.1,93.994,-36.4,4.858,5191.0,999.0,0,1.0,1.0,1.0,2,8,0.0,6,5,1,1
11751,42.0,6,999,0,1.4,93.444,-36.1,4.965,5228.1,999.0,0,1.0,0.0,0.0,1,7,0.0,1,8,1,1
11752,44.0,1,999,0,-0.1,93.2,-42.0,4.076,5195.8,999.0,0,1.0,0.0,0.0,2,7,0.0,3,11,1,1
11753,38.0,2,999,1,-1.8,93.075,-47.1,1.466,5099.1,999.0,1,1.0,1.0,0.0,2,6,0.0,7,4,2,2
11754,32.0,1,999,0,-0.1,93.2,-42.0,4.076,5195.8,999.0,0,1.0,0.0,0.0,2,5,0.0,7,11,1,1
11755,31.0,1,999,0,-1.8,92.893,-46.2,1.327,5099.1,999.0,0,0.0,0.0,0.0,2,8,0.0,5,5,1,1
11756,36.0,3,999,0,1.4,93.918,-42.7,4.961,5228.1,999.0,0,0.0,0.0,0.0,2,2,0.0,4,7,1,1
11757,41.0,2,999,0,1.4,93.444,-36.1,4.964,5228.1,999.0,0,1.0,0.0,0.0,3,8,0.0,6,8,1,1
11758,41.0,2,3,2,-3.4,92.649,-30.1,0.714,5017.5,0.1,2,0.0,1.0,0.0,2,8,0.0,3,11,1,3
11759,57.0,1,999,0,-1.8,92.893,-46.2,1.327,5099.1,999.0,0,1.0,0.0,0.0,2,8,0.0,8,5,1,1
11760,38.0,2,999,1,-1.1,94.199,-37.5,0.88,4963.6,999.0,3,0.0,0.0,0.0,2,7,0.0,3,9,1,2
11761,36.0,1,999,0,1.1,93.994,-36.4,4.857,5191.0,999.0,0,0.0,0.0,1.0,2,5,0.0,9,5,1,1
11762,34.0,4,999,0,-1.8,92.843,-50.0,1.629,5099.1,999.0,0,0.0,0.0,1.0,2,6,0.0,5,3,1,1
11763,35.0,2,999,0,1.4,93.918,-42.7,4.963,5228.1,999.0,0,1.0,0.0,0.0,1,8,0.0,6,7,1,1
11764,42.0,6,999,0,1.1,93.994,-36.4,4.857,5191.0,999.0,0,0.0,0.0,1.0,1,5,0.0,5,5,1,1
11765,35.0,1,999,0,-0.1,93.2,-42.0,4.153,5195.8,999.0,0,1.0,1.0,0.0,1,7,0.0,10,11,1,1
11766,29.0,1,999,0,1.4,93.918,-42.7,4.963,5228.1,999.0,0,0.0,0.0,1.0,1,5,0.0,6,7,1,1
11767,46.0,2,999,0,1.1,93.994,-36.4,4.857,5191.0,999.0,0,1.0,0.0,1.0,2,3,0.0,4,5,1,1
11768,43.0,2,999,0,1.1,93.994,-36.4,4.855,5191.0,999.0,0,1.0,0.0,1.0,2,7,0.0,6,5,1,1
11769,46.0,6,999,0,-0.1,93.2,-42.0,4.076,5195.8,999.0,0,1.0,0.0,0.0,2,7,0.0,3,11,1,1
11770,31.0,2,6,1,-1.7,94.027,-38.3,0.904,4991.6,0.2,1,1.0,1.0,1.0,2,8,0.0,3,8,1,3
11771,34.0,2,999,0,-1.8,92.893,-46.2,1.313,5099.1,999.0,0,1.0,0.0,0.0,2,6,0.0,5,5,1,1
11772,29.0,1,999,0,1.4,94.465,-41.8,4.961,5228.1,999.0,0,0.0,0.0,1.0,1,8,0.0,4,6,2,1
11773,48.0,1,999,0,-1.8,93.075,-47.1,1.365,5099.1,999.0,0,1.0,0.0,0.0,2,7,0.0,7,4,1,1
11774,31.0,1,4,1,-0.1,93.2,-42.0,4.153,5195.8,0.133333333333,0,1.0,0.0,0.0,1,4,0.0,4,11,1,3
11775,40.0,4,999,0,1.4,94.465,-41.8,4.959,5228.1,999.0,0,0.0,0.0,1.0,2,5,0.0,6,6,1,1
11776,31.0,1,2,1,-3.4,92.431,-26.9,0.739,5017.5,0.0666666666667,2,1.0,0.0,0.0,2,8,0.0,3,10,1,3
11777,35.0,1,999,0,-2.9,92.201,-31.4,0.859,5076.2,999.0,0,1.0,1.0,0.0,2,7,0.0,5,8,1,1
11778,31.0,2,999,0,1.4,93.918,-42.7,4.962,5228.1,999.0,0,1.0,0.0,0.0,3,8,0.0,5,7,2,1
11779,31.0,1,999,0,1.4,93.444,-36.1,4.964,5228.1,999.0,0,1.0,0.0,0.0,2,5,0.0,1,8,1,1
11780,39.0,9,999,0,1.4,94.465,-41.8,4.959,5228.1,999.0,0,0.0,0.0,1.0,2,5,0.0,9,6,1,1
11781,31.0,1,999,0,-1.8,92.893,-46.2,1.334,5099.1,999.0,0,1.0,0.0,0.0,2,7,0.0,5,5,1,1
11782,20.0,1,999,0,-1.8,92.893,-46.2,1.334,5099.1,999.0,0,1.0,0.0,0.0,1,5,0.0,4,5,1,1
11783,32.0,1,999,0,-1.8,92.893,-46.2,1.313,5099.1,999.0,0,0.0,1.0,0.0,3,8,0.0,5,5,1,1
11784,21.0,1,999,0,-2.9,92.963,-40.8,1.26,5076.2,999.0,0,1.0,0.0,0.0,1,5,0.0,6,6,1,1
11785,29.0,3,999,0,-2.9,92.963,-40.8,1.26,5076.2,999.0,0,1.0,0.0,0.0,3,7,0.0,6,6,1,1
11786,31.0,2,999,0,1.4,94.465,-41.8,4.864,5228.1,999.0,0,1.0,0.0,1.0,2,3,0.0,4,6,1,1
11787,28.0,2,999,0,1.4,94.465,-41.8,4.961,5228.1,999.0,0,0.0,0.0,1.0,1,8,0.0,6,6,2,1
11788,33.0,2,999,0,1.4,93.918,-42.7,4.963,5228.1,999.0,0,1.0,0.0,0.0,2,5,0.0,9,7,1,1
11789,46.0,2,999,0,-1.8,93.075,-47.1,1.405,5099.1,999.0,0,0.0,0.0,0.0,1,7,0.0,6,4,2,1
11790,31.0,1,999,0,1.4,93.444,-36.1,4.97,5228.1,999.0,0,0.0,0.0,0.0,2,8,0.0,4,8,1,1
11791,35.0,1,999,0,-2.9,92.963,-40.8,1.266,5076.2,999.0,0,1.0,0.0,0.0,1,6,0.0,4,6,2,1
11792,38.0,2,999,0,1.1,93.994,-36.4,4.864,5191.0,999.0,0,1.0,0.0,1.0,2,8,0.0,4,5,1,1
11793,31.0,2,999,0,1.4,93.918,-42.7,4.962,5228.1,999.0,0,0.0,0.0,0.0,2,7,0.0,6,7,1,1
11794,31.0,2,999,0,-2.9,92.963,-40.8,1.262,5076.2,999.0,0,0.0,0.0,1.0,1,8,0.0,9,6,1,1
11795,35.0,2,999,0,-1.8,92.893,-46.2,1.344,5099.1,999.0,0,1.0,0.0,0.0,2,3,0.0,4,5,1,1
11796,55.0,3,999,0,-0.1,93.2,-42.0,4.076,5195.8,999.0,0,1.0,0.0,0.0,2,8,0.0,7,11,1,1
11797,43.0,2,999,0,-1.8,92.893,-46.2,1.334,5099.1,999.0,0,0.0,1.0,0.0,2,4,0.0,4,5,1,1
11798,29.0,2,999,0,1.4,94.465,-41.8,4.961,5228.1,999.0,0,0.0,0.0,1.0,2,4,0.0,4,6,1,1
11799,49.0,1,999,0,1.4,93.918,-42.7,4.957,5228.1,999.0,0,1.0,0.0,0.0,2,5,0.0,9,7,1,1
11800,31.0,6,999,0,1.4,93.444,-36.1,4.964,5228.1,999.0,0,0.0,0.0,0.0,1,7,0.0,6,8,1,1
11801,30.0,3,999,1,-1.8,92.893,-46.2,1.313,5099.1,999.0,0,0.0,0.0,1.0,2,2,0.0,4,5,1,2
11802,35.0,1,999,0,1.1,93.994,-36.4,4.856,5191.0,999.0,0,0.0,0.0,1.0,2,3,0.0,4,5,1,1
11803,53.0,1,999,0,1.1,93.994,-36.4,4.86,5191.0,999.0,0,0.0,0.0,1.0,2,8,0.0,10,5,1,1
11804,31.0,2,999,0,1.1,93.994,-36.4,4.857,5191.0,999.0,0,1.0,0.0,1.0,2,5,0.0,9,5,1,1
11805,44.0,1,999,0,1.4,93.918,-42.7,4.958,5228.1,999.0,0,1.0,1.0,0.0,1,8,0.0,5,7,1,1
11806,27.0,1,999,1,-1.8,92.893,-46.2,1.281,5099.1,999.0,1,1.0,0.0,0.0,1,4,0.0,4,5,1,2
11807,31.0,2,999,0,-0.1,93.2,-42.0,4.153,5195.8,999.0,0,1.0,0.0,0.0,2,4,0.0,4,11,1,1
11808,22.0,4,999,0,1.4,94.465,-41.8,4.959,5228.1,999.0,0,0.0,0.0,1.0,1,8,0.0,5,6,1,1
11809,39.0,1,999,0,1.1,93.994,-36.4,4.859,5191.0,999.0,0,1.0,0.0,1.0,2,5,0.0,6,5,1,1
11810,25.0,1,999,0,-1.8,93.075,-47.1,1.365,5099.1,999.0,0,1.0,0.0,0.0,1,8,0.0,4,4,1,1
11811,50.0,1,999,0,1.4,94.465,-41.8,4.864,5228.1,999.0,0,0.0,0.0,1.0,2,8,0.0,6,6,1,1
11812,51.0,1,999,1,-0.1,93.2,-42.0,4.153,5195.8,999.0,1,0.0,0.0,0.0,2,4,0.0,7,11,1,2
11813,31.0,1,2,1,-3.4,92.431,-26.9,0.739,5017.5,0.0666666666667,2,1.0,0.0,0.0,2,4,0.0,9,10,1,3
11814,34.0,1,999,0,1.1,93.994,-36.4,4.857,5191.0,999.0,0,1.0,0.0,1.0,1,8,0.0,6,5,1,1
11815,49.0,1,999,0,-0.1,93.2,-42.0,4.021,5195.8,999.0,0,0.0,0.0,0.0,2,7,0.0,3,11,1,1
11816,25.0,1,999,0,-1.8,93.075,-47.1,1.405,5099.1,999.0,0,0.0,1.0,0.0,1,7,0.0,6,4,2,1
11817,57.0,1,999,0,1.1,93.994,-36.4,4.857,5191.0,999.0,0,0.0,1.0,1.0,2,7,0.0,6,5,2,1
11818,31.0,2,999,0,-0.1,93.2,-42.0,4.12,5195.8,999.0,0,0.0,0.0,0.0,2,2,0.0,3,11,1,1
11819,50.0,1,999,0,1.4,93.444,-36.1,4.965,5228.1,999.0,0,1.0,0.0,0.0,2,2,0.0,4,8,1,1
11820,31.0,2,999,0,1.1,93.994,-36.4,4.857,5191.0,999.0,0,1.0,0.0,1.0,3,5,0.0,9,5,1,1
11821,31.0,3,999,0,1.1,93.994,-36.4,4.859,5191.0,999.0,0,0.0,0.0,1.0,2,5,0.0,9,5,1,1
11822,54.0,2,999,0,-2.9,92.963,-40.8,1.26,5076.2,999.0,0,0.0,0.0,0.0,2,7,0.0,6,6,1,1
11823,53.0,10,999,0,1.4,93.918,-42.7,4.963,5228.1,999.0,0,1.0,0.0,0.0,2,6,0.0,9,7,1,1
11824,46.0,2,999,0,-0.1,93.2,-42.0,4.153,5195.8,999.0,0,1.0,0.0,0.0,2,6,0.0,5,11,1,1
11825,31.0,1,3,1,-2.9,92.963,-40.8,1.268,5076.2,0.1,0,1.0,0.0,0.0,1,8,0.0,5,6,1,3
11826,31.0,1,999,0,1.4,93.444,-36.1,4.964,5228.1,999.0,0,0.0,0.0,0.0,1,8,0.0,6,8,1,1
11827,40.0,2,999,0,1.4,93.918,-42.7,4.963,5228.1,999.0,0,1.0,0.0,0.0,3,8,0.0,10,7,1,1
11828,37.0,7,999,0,1.4,93.444,-36.1,4.963,5228.1,999.0,0,1.0,0.0,0.0,2,8,0.0,5,8,1,1
11829,52.0,5,999,0,1.4,94.465,-41.8,4.962,5228.1,999.0,0,0.0,0.0,1.0,3,8,0.0,4,6,1,1
11830,45.0,1,6,2,-1.1,94.199,-37.5,0.879,4963.6,0.2,6,0.0,0.0,1.0,2,8,0.0,10,9,1,2
11831,32.0,1,999,0,1.4,93.444,-36.1,4.963,5228.1,999.0,0,1.0,0.0,0.0,1,7,0.0,6,8,1,1
11832,31.0,5,999,0,-1.8,92.893,-46.2,1.244,5099.1,999.0,0,1.0,0.0,0.0,2,7,0.0,6,5,2,1
11833,31.0,1,999,0,-1.8,92.893,-46.2,1.344,5099.1,999.0,0,1.0,0.0,0.0,2,8,0.0,5,5,1,1
11834,32.0,3,999,0,1.1,93.994,-36.4,4.857,5191.0,999.0,0,1.0,0.0,1.0,2,7,0.0,6,5,1,1
11835,58.0,3,999,0,1.4,93.444,-36.1,4.966,5228.1,999.0,0,1.0,0.0,0.0,2,7,0.0,1,8,1,1
11836,45.0,2,999,0,1.1,93.994,-36.4,4.857,5191.0,999.0,0,0.0,0.0,1.0,2,5,0.0,5,5,1,1
11837,36.0,1,999,0,1.1,93.994,-36.4,4.857,5191.0,999.0,0,0.0,1.0,1.0,1,4,0.0,9,5,1,1
11838,50.0,1,999,0,1.4,93.444,-36.1,4.97,5228.1,999.0,0,1.0,0.0,0.0,2,2,0.0,1,8,1,1
11839,35.0,1,999,0,1.4,94.465,-41.8,4.958,5228.1,999.0,0,1.0,0.0,1.0,2,8,0.0,5,6,1,1
11840,38.0,2,999,0,1.4,94.465,-41.8,4.967,5228.1,999.0,0,1.0,1.0,1.0,2,4,0.0,2,6,1,1
11841,36.0,1,999,0,-0.1,93.2,-42.0,4.191,5195.8,999.0,0,1.0,0.0,0.0,2,8,0.0,4,11,2,1
11842,71.0,2,999,1,-3.4,92.649,-30.1,0.715,5017.5,999.0,1,0.0,0.0,0.0,2,2,0.0,8,11,1,2
11843,31.0,4,999,0,1.4,93.444,-36.1,4.965,5228.1,999.0,0,1.0,0.0,0.0,1,8,0.0,6,8,2,1
11844,47.0,3,999,0,1.1,93.994,-36.4,4.858,5191.0,999.0,0,0.0,0.0,1.0,2,3,0.0,4,5,1,1
11845,31.0,7,999,0,1.4,93.444,-36.1,4.966,5228.1,999.0,0,0.0,0.0,0.0,1,7,0.0,5,8,1,1
11846,31.0,1,999,0,1.4,93.444,-36.1,4.965,5228.1,999.0,0,1.0,0.0,0.0,2,7,0.0,6,8,2,1
11847,54.0,1,999,0,1.1,93.994,-36.4,4.855,5191.0,999.0,0,0.0,0.0,1.0,2,4,0.0,5,5,1,1
11848,54.0,2,999,0,1.1,93.994,-36.4,4.856,5191.0,999.0,0,0.0,0.0,1.0,2,7,0.0,6,5,1,1
11849,50.0,1,999,0,1.4,93.918,-42.7,4.963,5228.1,999.0,0,1.0,0.0,0.0,2,7,0.0,6,7,1,1
11850,31.0,2,999,0,1.4,93.918,-42.7,4.963,5228.1,999.0,0,1.0,0.0,0.0,2,7,0.0,6,7,1,1
11851,32.0,2,999,0,1.1,93.994,-36.4,4.86,5191.0,999.0,0,1.0,1.0,1.0,4,7,0.0,12,5,1,1
11852,31.0,1,999,0,1.4,93.444,-36.1,4.965,5228.1,999.0,0,1.0,0.0,0.0,2,7,0.0,5,8,1,1
11853,56.0,2,999,0,1.4,94.465,-41.8,4.959,5228.1,999.0,0,0.0,0.0,1.0,2,5,0.0,6,6,1,1
11854,31.0,1,999,0,-3.4,92.379,-29.8,0.773,5017.5,999.0,0,0.0,1.0,1.0,2,6,0.0,10,9,1,1
11855,37.0,1,999,0,1.4,93.918,-42.7,4.963,5228.1,999.0,0,1.0,0.0,0.0,2,8,0.0,4,7,1,1
11856,31.0,1,999,0,1.4,94.465,-41.8,4.962,5228.1,999.0,0,0.0,0.0,1.0,1,8,0.0,4,6,1,1
11857,40.0,1,999,0,-0.1,93.2,-42.0,4.153,5195.8,999.0,0,1.0,0.0,0.0,2,6,0.0,5,11,1,1
11858,27.0,3,999,0,-1.8,93.075,-47.1,1.445,5099.1,999.0,0,1.0,1.0,0.0,2,6,0.0,5,4,1,1
11859,31.0,5,999,0,-1.8,93.075,-47.1,1.405,5099.1,999.0,0,1.0,0.0,0.0,2,7,0.0,3,4,2,1
11860,70.0,2,999,0,-2.9,92.201,-31.4,0.881,5076.2,999.0,0,1.0,0.0,0.0,2,8,0.0,8,8,1,1
11861,31.0,1,999,0,1.4,93.444,-36.1,4.968,5228.1,999.0,0,1.0,0.0,0.0,2,2,0.0,4,8,1,1
11862,33.0,2,999,0,1.1,93.994,-36.4,4.857,5191.0,999.0,0,0.0,0.0,1.0,1,5,0.0,9,5,1,1
11863,31.0,2,999,0,1.4,94.465,-41.8,4.866,5228.1,999.0,0,1.0,0.0,1.0,2,7,0.0,6,6,1,1
11864,52.0,1,999,0,-0.1,93.2,-42.0,4.153,5195.8,999.0,0,1.0,1.0,0.0,2,8,0.0,6,11,1,1
11865,27.0,7,999,0,1.4,93.918,-42.7,4.957,5228.1,999.0,0,0.0,0.0,0.0,1,8,0.0,5,7,1,1
11866,29.0,3,999,0,1.1,93.994,-36.4,4.859,5191.0,999.0,0,0.0,1.0,1.0,2,3,0.0,4,5,1,1
11867,40.0,6,999,0,1.4,94.465,-41.8,4.961,5228.1,999.0,0,1.0,0.0,1.0,2,2,0.0,7,6,1,1
11868,58.0,1,999,0,1.4,94.465,-41.8,4.958,5228.1,999.0,0,0.0,0.0,1.0,2,8,0.0,9,6,1,1
11869,41.0,1,999,0,1.4,93.444,-36.1,4.964,5228.1,999.0,0,1.0,0.0,0.0,2,7,0.0,6,8,1,1
11870,51.0,2,999,1,-0.1,93.2,-42.0,4.12,5195.8,999.0,1,1.0,0.0,0.0,3,7,0.0,10,11,1,2
11871,46.0,1,999,0,-1.8,92.893,-46.2,1.344,5099.1,999.0,0,0.0,1.0,0.0,2,8,0.0,4,5,1,1
11872,41.0,2,999,0,-1.8,92.893,-46.2,1.291,5099.1,999.0,0,1.0,1.0,0.0,2,8,0.0,4,5,1,1
11873,31.0,2,999,0,1.4,93.444,-36.1,4.968,5228.1,999.0,0,1.0,1.0,0.0,1,8,0.0,6,8,1,1
11874,31.0,1,999,0,-1.8,92.893,-46.2,1.25,5099.1,999.0,0,0.0,0.0,0.0,2,8,0.0,9,5,1,1
11875,31.0,2,999,2,-1.8,92.893,-46.2,1.327,5099.1,999.0,2,0.0,1.0,0.0,2,8,0.0,3,5,1,2
11876,45.0,2,999,0,1.4,94.465,-41.8,4.864,5228.1,999.0,0,1.0,0.0,1.0,3,6,0.0,5,6,1,1
11877,48.0,7,999,0,1.4,93.444,-36.1,4.966,5228.1,999.0,0,0.0,0.0,0.0,2,2,0.0,4,8,1,1
11878,40.0,2,999,0,1.4,93.918,-42.7,4.957,5228.1,999.0,0,0.0,0.0,0.0,1,8,0.0,6,7,1,1
11879,31.0,1,999,1,-1.8,92.893,-46.2,1.291,5099.1,999.0,2,0.0,0.0,0.0,2,4,0.0,4,5,1,2
11880,40.0,1,999,0,-1.8,92.893,-46.2,1.344,5099.1,999.0,0,0.0,0.0,0.0,2,8,0.0,4,5,1,1
11881,58.0,1,999,0,1.4,94.465,-41.8,4.961,5228.1,999.0,0,0.0,0.0,1.0,2,5,0.0,5,6,1,1
11882,76.0,4,6,1,-3.4,92.649,-30.1,0.715,5017.5,0.2,2,0.0,0.0,0.0,1,2,0.0,8,11,2,3
11883,31.0,1,999,0,1.4,93.918,-42.7,4.962,5228.1,999.0,0,0.0,0.0,0.0,2,6,0.0,5,7,1,1
11884,55.0,4,999,0,1.4,94.465,-41.8,4.961,5228.1,999.0,0,0.0,1.0,1.0,2,6,0.0,8,6,1,1
11885,37.0,1,999,1,-0.1,93.2,-42.0,4.021,5195.8,999.0,2,0.0,0.0,0.0,3,5,0.0,5,11,1,2
11886,31.0,1,999,0,-1.8,93.075,-47.1,1.405,5099.1,999.0,0,1.0,0.0,0.0,3,5,0.0,6,4,1,1
11887,31.0,2,999,0,1.1,93.994,-36.4,4.864,5191.0,999.0,0,1.0,0.0,1.0,2,8,0.0,4,5,1,1
11888,31.0,1,999,0,-1.8,92.893,-46.2,1.281,5099.1,999.0,0,0.0,0.0,0.0,1,4,0.0,9,5,1,1
11889,31.0,1,999,0,-1.8,92.893,-46.2,1.299,5099.1,999.0,0,0.0,0.0,0.0,1,8,0.0,6,5,2,1
11890,31.0,2,999,0,-1.8,92.893,-46.2,1.291,5099.1,999.0,0,1.0,0.0,0.0,1,6,0.0,6,5,1,1
11891,34.0,2,999,0,-1.8,93.075,-47.1,1.365,5099.1,999.0,0,1.0,0.0,0.0,2,8,0.0,5,4,1,1
11892,61.0,2,999,0,-1.8,92.893,-46.2,1.27,5099.1,999.0,0,0.0,1.0,0.0,2,8,0.0,4,5,1,1
11893,31.0,1,999,0,-1.8,92.893,-46.2,1.327,5099.1,999.0,0,1.0,0.0,0.0,1,8,0.0,4,5,1,1
11894,34.0,1,999,0,-0.1,93.2,-42.0,4.12,5195.8,999.0,0,0.0,0.0,0.0,1,8,0.0,6,11,1,1
11895,32.0,1,999,0,1.4,93.918,-42.7,4.963,5228.1,999.0,0,1.0,0.0,0.0,2,8,0.0,6,7,1,1
11896,50.0,3,999,0,1.1,93.994,-36.4,4.86,5191.0,999.0,0,0.0,0.0,1.0,2,8,0.0,6,5,1,1
11897,31.0,3,999,0,1.1,93.994,-36.4,4.855,5191.0,999.0,0,0.0,1.0,1.0,1,7,0.0,6,5,1,1
11898,40.0,2,999,0,-1.8,93.075,-47.1,1.41,5099.1,999.0,0,1.0,0.0,0.0,3,7,0.0,6,4,1,1
11899,34.0,3,999,0,1.1,93.994,-36.4,4.858,5191.0,999.0,0,1.0,1.0,1.0,2,4,0.0,4,5,2,1
11900,41.0,1,999,0,1.1,93.994,-36.4,4.858,5191.0,999.0,0,0.0,0.0,1.0,2,4,0.0,4,5,2,1
11901,40.0,2,999,0,1.4,93.444,-36.1,4.965,5228.1,999.0,0,0.0,0.0,0.0,2,7,0.0,5,8,2,1
11902,34.0,2,999,0,1.1,93.994,-36.4,4.86,5191.0,999.0,0,1.0,0.0,1.0,2,7,0.0,5,5,1,1
11903,28.0,1,999,0,1.4,93.918,-42.7,4.957,5228.1,999.0,0,1.0,0.0,0.0,1,8,0.0,4,7,1,1
11904,35.0,1,999,0,1.1,93.994,-36.4,4.855,5191.0,999.0,0,0.0,0.0,1.0,2,8,0.0,9,5,1,1
11905,43.0,2,999,0,1.1,93.994,-36.4,4.859,5191.0,999.0,0,0.0,0.0,1.0,2,8,0.0,12,5,1,1
11906,41.0,1,999,0,1.4,94.465,-41.8,4.962,5228.1,999.0,0,0.0,0.0,1.0,2,3,0.0,4,6,1,1
11907,25.0,2,3,1,-2.9,92.963,-40.8,1.26,5076.2,0.1,5,1.0,0.0,0.0,1,5,0.0,9,6,1,3
11908,38.0,4,999,0,1.1,93.994,-36.4,4.859,5191.0,999.0,0,1.0,0.0,1.0,2,7,0.0,5,5,1,1
11909,37.0,2,999,0,-1.8,92.843,-50.0,1.538,5099.1,999.0,0,1.0,1.0,0.0,2,8,0.0,4,3,1,1
11910,31.0,7,999,0,1.4,93.444,-36.1,4.965,5228.1,999.0,0,1.0,1.0,0.0,2,6,0.0,5,8,2,1
11911,27.0,1,999,0,1.4,93.918,-42.7,4.961,5228.1,999.0,0,1.0,0.0,0.0,1,7,0.0,6,7,1,1
11912,31.0,17,999,0,-1.8,93.075,-47.1,1.405,5099.1,999.0,0,0.0,0.0,1.0,1,8,0.0,5,4,1,1
11913,38.0,2,999,1,-1.8,92.893,-46.2,1.25,5099.1,999.0,2,1.0,0.0,0.0,3,5,0.0,9,5,1,2
11914,32.0,2,999,0,-0.1,93.2,-42.0,4.153,5195.8,999.0,0,0.0,0.0,0.0,1,7,0.0,6,11,1,1
11915,38.0,1,999,0,1.4,93.444,-36.1,4.965,5228.1,999.0,0,0.0,0.0,0.0,2,8,0.0,6,8,1,1
11916,31.0,2,999,0,-2.9,92.201,-31.4,0.881,5076.2,999.0,0,0.0,0.0,0.0,1,8,0.0,5,8,1,1
11917,49.0,2,999,0,1.4,93.918,-42.7,4.962,5228.1,999.0,0,0.0,0.0,0.0,2,8,0.0,4,7,2,1
11918,39.0,2,999,0,1.1,93.994,-36.4,4.86,5191.0,999.0,0,0.0,0.0,1.0,1,5,0.0,6,5,1,1
11919,35.0,5,999,0,1.4,93.444,-36.1,4.963,5228.1,999.0,0,1.0,0.0,0.0,1,7,0.0,5,8,1,1
11920,31.0,28,999,0,1.4,94.465,-41.8,4.947,5228.1,999.0,0,0.0,0.0,1.0,2,8,0.0,4,6,1,1
11921,50.0,9,999,0,1.4,93.444,-36.1,4.965,5228.1,999.0,0,1.0,0.0,0.0,3,8,0.0,6,8,1,1
11922,36.0,1,999,0,1.1,93.994,-36.4,4.86,5191.0,999.0,0,1.0,0.0,1.0,2,5,0.0,9,5,1,1
11923,31.0,2,3,1,-2.9,92.963,-40.8,1.268,5076.2,0.1,1,1.0,0.0,0.0,1,6,0.0,5,6,1,3
11924,35.0,2,999,0,-1.8,92.893,-46.2,1.313,5099.1,999.0,0,0.0,1.0,0.0,1,7,0.0,6,5,1,1
11925,31.0,2,999,0,-1.8,92.893,-46.2,1.354,5099.1,999.0,0,1.0,0.0,0.0,4,7,0.0,5,5,2,1
11926,31.0,1,999,0,1.1,93.994,-36.4,4.859,5191.0,999.0,0,1.0,1.0,1.0,2,5,0.0,2,5,1,1
11927,35.0,1,999,0,-2.9,92.201,-31.4,0.883,5076.2,999.0,0,1.0,0.0,0.0,1,7,0.0,6,8,1,1
11928,31.0,1,999,0,1.4,93.444,-36.1,4.965,5228.1,999.0,0,0.0,0.0,0.0,1,7,0.0,3,8,2,1
11929,34.0,3,3,2,-3.4,92.379,-29.8,0.773,5017.5,0.1,0,0.0,0.0,0.0,1,7,0.0,6,9,1,3
11930,26.0,1,999,0,1.4,93.918,-42.7,4.96,5228.1,999.0,0,0.0,0.0,0.0,2,6,0.0,5,7,2,1
11931,54.0,1,999,0,1.4,93.918,-42.7,4.963,5228.1,999.0,0,1.0,0.0,0.0,2,5,0.0,8,7,1,1
11932,55.0,1,999,0,1.1,93.994,-36.4,4.856,5191.0,999.0,0,1.0,0.0,1.0,2,5,0.0,5,5,1,1
11933,31.0,1,999,1,-1.8,92.893,-46.2,1.344,5099.1,999.0,1,1.0,0.0,0.0,2,5,0.0,7,5,1,2
11934,31.0,1,999,0,1.1,93.994,-36.4,4.857,5191.0,999.0,0,1.0,0.0,1.0,1,2,0.0,2,5,1,1
11935,31.0,2,2,1,-1.8,93.876,-40.0,0.682,5008.7,0.0666666666667,3,1.0,0.0,0.0,2,8,0.0,5,5,1,3
11936,30.0,3,999,0,1.4,94.465,-41.8,4.959,5228.1,999.0,0,1.0,0.0,1.0,1,8,0.0,4,6,1,1
11937,31.0,1,999,0,1.4,93.918,-42.7,4.962,5228.1,999.0,0,0.0,0.0,1.0,2,8,0.0,9,7,1,1
11938,31.0,1,999,1,-1.8,92.893,-46.2,1.299,5099.1,999.0,0,1.0,0.0,0.0,2,7,0.0,9,5,2,2
11939,57.0,1,999,0,1.4,93.444,-36.1,4.964,5228.1,999.0,0,0.0,0.0,0.0,3,8,0.0,9,8,1,1
11940,34.0,2,999,1,-1.8,92.893,-46.2,1.291,5099.1,999.0,1,0.0,1.0,1.0,2,2,0.0,4,5,1,2
11941,41.0,2,999,0,1.4,93.444,-36.1,4.968,5228.1,999.0,0,0.0,0.0,0.0,2,7,0.0,6,8,1,1
11942,36.0,2,999,0,1.1,93.994,-36.4,4.859,5191.0,999.0,0,0.0,0.0,1.0,2,8,0.0,4,5,1,1
11943,32.0,1,999,0,-0.1,93.2,-42.0,4.592,5195.8,999.0,0,0.0,0.0,1.0,2,7,0.0,6,11,1,1
11944,42.0,4,999,0,1.1,93.994,-36.4,4.864,5191.0,999.0,0,1.0,1.0,1.0,2,8,0.0,4,5,1,1
11945,31.0,2,6,3,-1.7,94.215,-40.3,0.79,4991.6,0.2,0,1.0,0.0,0.0,1,7,0.0,6,7,1,3
11946,38.0,2,999,0,-0.1,93.2,-42.0,4.191,5195.8,999.0,0,1.0,0.0,0.0,2,6,0.0,5,11,2,1
11947,49.0,1,999,0,1.4,93.918,-42.7,4.957,5228.1,999.0,0,1.0,0.0,0.0,1,2,0.0,3,7,1,1
11948,31.0,1,999,0,-0.1,93.2,-42.0,4.076,5195.8,999.0,0,0.0,0.0,0.0,1,4,0.0,4,11,1,1
11949,31.0,8,999,0,1.4,93.918,-42.7,4.963,5228.1,999.0,0,0.0,0.0,0.0,2,2,0.0,4,7,1,1
11950,31.0,10,999,0,1.4,93.918,-42.7,4.962,5228.1,999.0,0,0.0,1.0,0.0,2,8,0.0,4,7,1,1
11951,46.0,3,999,0,-1.8,92.893,-46.2,1.334,5099.1,999.0,0,0.0,0.0,0.0,2,5,0.0,9,5,1,1
11952,33.0,2,999,0,-1.8,92.893,-46.2,1.291,5099.1,999.0,0,1.0,1.0,0.0,2,4,0.0,1,5,1,1
11953,76.0,1,15,1,-2.9,92.201,-31.4,0.861,5076.2,0.5,3,0.0,0.0,0.0,2,6,0.0,8,8,2,3
11954,31.0,1,999,0,1.4,93.918,-42.7,4.959,5228.1,999.0,0,1.0,0.0,0.0,2,8,0.0,4,7,1,1
11955,42.0,3,999,0,1.4,93.918,-42.7,4.963,5228.1,999.0,0,0.0,0.0,0.0,2,7,0.0,1,7,1,1
11956,42.0,1,999,0,1.4,93.918,-42.7,4.962,5228.1,999.0,0,1.0,0.0,0.0,2,3,0.0,4,7,1,1
11957,39.0,1,999,0,-0.1,93.2,-42.0,4.191,5195.8,999.0,0,0.0,0.0,0.0,2,6,0.0,4,11,2,1
11958,47.0,1,999,0,1.4,94.465,-41.8,4.961,5228.1,999.0,0,0.0,0.0,1.0,2,8,0.0,4,6,2,1
11959,31.0,1,999,0,1.1,93.994,-36.4,4.86,5191.0,999.0,0,0.0,0.0,1.0,2,8,0.0,6,5,1,1
11960,43.0,5,999,0,1.4,93.444,-36.1,4.962,5228.1,999.0,0,1.0,0.0,0.0,1,7,0.0,6,8,1,1
11961,43.0,2,999,1,-1.8,93.075,-47.1,1.453,5099.1,999.0,3,0.0,0.0,0.0,1,5,0.0,6,4,1,2
11962,35.0,2,999,0,1.4,93.918,-42.7,4.961,5228.1,999.0,0,1.0,1.0,0.0,2,6,0.0,6,7,1,1
11963,42.0,5,999,0,1.1,93.994,-36.4,4.857,5191.0,999.0,0,0.0,1.0,1.0,2,6,0.0,5,5,1,1
11964,59.0,3,3,1,-1.7,94.027,-38.3,0.905,4991.6,0.1,1,0.0,0.0,0.0,2,8,0.0,8,8,1,3
11965,42.0,2,999,0,1.1,93.994,-36.4,4.857,5191.0,999.0,0,0.0,1.0,1.0,2,7,0.0,6,5,2,1
11966,43.0,1,999,0,-0.1,93.2,-42.0,4.021,5195.8,999.0,0,1.0,0.0,0.0,2,3,0.0,9,11,1,1
11967,32.0,2,999,0,-1.8,92.893,-46.2,1.313,5099.1,999.0,0,1.0,0.0,0.0,2,8,0.0,4,5,1,1
11968,25.0,2,999,0,1.4,94.465,-41.8,4.959,5228.1,999.0,0,1.0,0.0,1.0,2,8,0.0,1,6,1,1
11969,50.0,2,999,0,1.4,93.918,-42.7,4.963,5228.1,999.0,0,1.0,1.0,0.0,3,8,0.0,4,7,1,1
11970,29.0,1,999,1,-1.8,92.843,-50.0,1.663,5099.1,999.0,0,1.0,1.0,0.0,2,7,0.0,1,3,1,2
11971,46.0,1,999,0,1.4,93.444,-36.1,4.962,5228.1,999.0,0,1.0,0.0,0.0,2,8,0.0,2,8,1,1
11972,31.0,1,999,1,-1.8,93.075,-47.1,1.405,5099.1,999.0,5,0.0,1.0,0.0,2,7,0.0,1,4,1,2
11973,49.0,3,999,0,1.4,94.465,-41.8,4.864,5228.1,999.0,0,1.0,0.0,1.0,3,3,0.0,2,6,1,1
11974,65.0,1,3,3,-1.1,94.601,-49.5,1.043,4963.6,0.1,9,1.0,0.0,0.0,2,8,0.0,8,10,1,3
11975,60.0,4,999,0,1.1,93.994,-36.4,4.864,5191.0,999.0,0,0.0,0.0,1.0,1,8,0.0,12,5,1,1
11976,31.0,3,999,0,1.4,93.918,-42.7,4.959,5228.1,999.0,0,1.0,1.0,0.0,2,8,0.0,4,7,1,1
11977,47.0,6,999,0,1.4,93.444,-36.1,4.963,5228.1,999.0,0,0.0,0.0,0.0,3,5,0.0,9,8,1,1
11978,41.0,2,999,0,1.4,94.465,-41.8,4.866,5228.1,999.0,0,0.0,0.0,1.0,2,8,0.0,4,6,1,1
11979,54.0,2,999,0,-3.4,92.431,-26.9,0.722,5017.5,999.0,0,0.0,1.0,0.0,2,8,0.0,8,10,1,1
11980,31.0,9,999,0,1.4,94.465,-41.8,4.959,5228.1,999.0,0,1.0,0.0,1.0,1,5,0.0,5,6,1,1
11981,31.0,1,999,0,1.4,93.444,-36.1,4.963,5228.1,999.0,0,1.0,0.0,0.0,2,8,0.0,5,8,1,1
11982,32.0,2,999,0,1.4,93.918,-42.7,4.963,5228.1,999.0,0,1.0,0.0,0.0,1,6,0.0,5,7,1,1
11983,47.0,4,999,0,1.1,93.994,-36.4,4.857,5191.0,999.0,0,0.0,0.0,1.0,1,4,0.0,5,5,2,1
11984,55.0,5,999,0,1.1,93.994,-36.4,4.857,5191.0,999.0,0,1.0,0.0,1.0,2,2,0.0,4,5,1,1
11985,36.0,3,999,0,1.4,93.918,-42.7,4.961,5228.1,999.0,0,0.0,0.0,0.0,2,6,0.0,5,7,1,1
11986,31.0,1,999,0,1.4,93.444,-36.1,4.964,5228.1,999.0,0,1.0,0.0,0.0,1,7,0.0,5,8,1,1
11987,32.0,1,5,1,-0.1,93.2,-42.0,4.12,5195.8,0.166666666667,0,1.0,0.0,0.0,2,8,0.0,9,11,1,3
11988,32.0,4,999,0,1.4,93.444,-36.1,4.964,5228.1,999.0,0,1.0,1.0,0.0,1,8,0.0,5,8,1,1
11989,56.0,2,999,0,1.4,93.444,-36.1,4.97,5228.1,999.0,0,1.0,0.0,0.0,2,7,0.0,6,8,2,1
11990,31.0,2,999,0,1.1,93.994,-36.4,4.856,5191.0,999.0,0,0.0,0.0,1.0,2,8,0.0,4,5,1,1
11991,60.0,1,999,0,1.1,93.994,-36.4,4.864,5191.0,999.0,0,1.0,0.0,1.0,2,8,0.0,4,5,1,1
11992,48.0,1,999,0,1.4,93.918,-42.7,4.96,5228.1,999.0,0,1.0,0.0,0.0,2,8,0.0,5,7,2,1
11993,31.0,2,999,0,-1.8,93.075,-47.1,1.405,5099.1,999.0,0,1.0,0.0,0.0,2,5,0.0,4,4,2,1
11994,46.0,1,999,0,1.4,94.465,-41.8,4.961,5228.1,999.0,0,0.0,1.0,1.0,2,8,0.0,9,6,1,1
11995,30.0,27,999,0,1.4,93.918,-42.7,4.968,5228.1,999.0,0,0.0,0.0,0.0,1,8,0.0,6,7,1,1
11996,31.0,6,999,0,1.4,93.444,-36.1,4.967,5228.1,999.0,0,0.0,0.0,0.0,2,8,0.0,6,8,1,1
11997,45.0,1,999,0,1.4,93.444,-36.1,4.963,5228.1,999.0,0,1.0,1.0,0.0,2,7,0.0,3,8,1,1
11998,31.0,2,999,0,1.4,93.444,-36.1,4.966,5228.1,999.0,0,1.0,1.0,0.0,1,8,0.0,6,8,1,1
11999,34.0,5,999,0,1.1,93.994,-36.4,4.856,5191.0,999.0,0,0.0,1.0,1.0,2,7,0.0,3,5,1,1
12000,30.0,2,999,0,-0.1,93.2,-42.0,4.021,5195.8,999.0,0,1.0,0.0,0.0,1,7,0.0,6,11,1,1
12001,58.0,4,999,0,1.4,93.444,-36.1,4.965,5228.1,999.0,0,0.0,0.0,0.0,2,8,0.0,4,8,1,1
12002,31.0,1,999,0,-1.8,93.075,-47.1,1.405,5099.1,999.0,0,0.0,0.0,0.0,2,5,0.0,5,4,2,1
12003,31.0,1,999,0,-1.8,93.075,-47.1,1.365,5099.1,999.0,0,1.0,0.0,0.0,1,7,0.0,5,4,1,1
12004,37.0,3,999,0,-1.7,94.055,-39.8,0.739,4991.6,999.0,0,0.0,0.0,0.0,2,8,0.0,6,6,1,1
12005,28.0,1,999,0,1.4,93.918,-42.7,4.96,5228.1,999.0,0,1.0,0.0,0.0,1,5,0.0,9,7,2,1
12006,33.0,1,999,0,1.4,94.465,-41.8,4.961,5228.1,999.0,0,0.0,0.0,1.0,2,8,0.0,3,6,2,1
12007,41.0,1,999,0,-1.8,92.893,-46.2,1.264,5099.1,999.0,0,1.0,1.0,0.0,2,5,0.0,6,5,1,1
12008,45.0,3,999,0,1.1,93.994,-36.4,4.856,5191.0,999.0,0,0.0,0.0,1.0,2,8,0.0,4,5,1,1
12009,54.0,6,999,0,-0.1,93.2,-42.0,4.021,5195.8,999.0,0,0.0,1.0,0.0,3,7,0.0,8,11,1,1
12010,55.0,3,999,0,1.4,93.444,-36.1,4.963,5228.1,999.0,0,1.0,0.0,0.0,2,2,0.0,2,8,1,1
12011,45.0,4,999,0,1.1,93.994,-36.4,4.855,5191.0,999.0,0,1.0,0.0,1.0,2,5,0.0,6,5,1,1
12012,31.0,3,999,0,1.4,93.918,-42.7,4.957,5228.1,999.0,0,1.0,0.0,0.0,2,7,0.0,6,7,1,1
12013,31.0,1,999,0,1.1,93.994,-36.4,4.857,5191.0,999.0,0,0.0,0.0,1.0,2,3,0.0,6,5,2,1
12014,31.0,1,999,1,-1.8,92.893,-46.2,1.25,5099.1,999.0,5,1.0,0.0,0.0,2,8,0.0,4,5,1,2
12015,28.0,1,999,0,1.1,93.994,-36.4,4.855,5191.0,999.0,0,0.0,0.0,1.0,1,6,0.0,6,5,1,1
12016,32.0,2,999,0,-3.0,92.713,-33.0,0.707,5023.5,999.0,0,1.0,0.0,0.0,1,7,0.0,6,12,1,1
12017,18.0,1,3,1,-1.8,93.876,-40.0,0.668,5008.7,0.1,2,1.0,0.0,1.0,1,8,0.0,11,5,1,3
12018,36.0,1,999,0,1.1,93.994,-36.4,4.857,5191.0,999.0,0,0.0,0.0,1.0,2,8,0.0,4,5,2,1
12019,43.0,1,999,0,1.4,94.465,-41.8,4.958,5228.1,999.0,0,0.0,0.0,1.0,1,5,0.0,6,6,1,1
12020,32.0,1,999,0,1.4,93.918,-42.7,4.961,5228.1,999.0,0,0.0,1.0,0.0,1,6,0.0,5,7,1,1
12021,37.0,2,4,2,-1.8,93.369,-34.8,0.655,5008.7,0.133333333333,12,0.0,0.0,0.0,1,5,0.0,6,3,1,3
12022,29.0,1,999,0,-1.8,92.893,-46.2,1.344,5099.1,999.0,0,0.0,0.0,0.0,3,5,0.0,9,5,1,1
12023,35.0,1,999,0,1.4,93.444,-36.1,4.963,5228.1,999.0,0,0.0,0.0,0.0,1,7,0.0,6,8,1,1
12024,51.0,4,999,0,-1.8,92.893,-46.2,1.354,5099.1,999.0,0,1.0,0.0,0.0,2,8,0.0,5,5,2,1
12025,25.0,2,999,0,-1.8,93.075,-47.1,1.365,5099.1,999.0,0,0.0,1.0,1.0,1,7,0.0,6,4,1,1
12026,47.0,3,999,0,1.4,93.444,-36.1,4.964,5228.1,999.0,0,1.0,0.0,0.0,3,8,0.0,5,8,1,1
12027,29.0,1,999,1,-3.4,92.649,-30.1,0.719,5017.5,999.0,1,1.0,0.0,0.0,2,5,0.0,6,11,1,2
12028,31.0,2,999,0,1.4,93.918,-42.7,4.962,5228.1,999.0,0,1.0,1.0,1.0,2,8,0.0,6,7,1,1
12029,30.0,2,999,0,1.4,93.918,-42.7,4.963,5228.1,999.0,0,1.0,0.0,0.0,2,4,0.0,4,7,1,1
12030,35.0,2,999,0,1.1,93.994,-36.4,4.858,5191.0,999.0,0,1.0,0.0,1.0,1,8,0.0,6,5,1,1
12031,43.0,3,999,0,1.1,93.994,-36.4,4.864,5191.0,999.0,0,1.0,0.0,1.0,2,8,0.0,4,5,1,1
12032,34.0,2,999,0,1.4,93.918,-42.7,4.96,5228.1,999.0,0,1.0,0.0,0.0,3,2,0.0,4,7,2,1
12033,36.0,6,999,0,-1.8,93.075,-47.1,1.435,5099.1,999.0,0,1.0,0.0,0.0,2,8,0.0,8,4,1,1
12034,30.0,2,999,0,-0.1,93.2,-42.0,4.076,5195.8,999.0,0,0.0,0.0,0.0,2,3,0.0,4,11,1,1
12035,52.0,10,999,0,1.1,93.994,-36.4,4.858,5191.0,999.0,0,1.0,0.0,1.0,2,7,0.0,3,5,1,1
12036,31.0,5,999,0,1.1,93.994,-36.4,4.86,5191.0,999.0,0,0.0,0.0,1.0,1,8,0.0,5,5,1,1
12037,39.0,2,999,0,1.4,94.465,-41.8,4.961,5228.1,999.0,0,0.0,0.0,1.0,2,7,0.0,10,6,1,1
12038,30.0,1,999,0,1.4,93.918,-42.7,4.963,5228.1,999.0,0,0.0,0.0,0.0,2,8,0.0,4,7,1,1
12039,62.0,1,999,0,-3.4,92.649,-30.1,0.719,5017.5,999.0,0,1.0,0.0,0.0,3,7,0.0,6,11,1,1
12040,49.0,3,999,1,-1.8,92.893,-46.2,1.244,5099.1,999.0,1,0.0,0.0,0.0,2,5,0.0,8,5,1,2
12041,29.0,1,999,0,1.4,93.444,-36.1,4.964,5228.1,999.0,0,0.0,1.0,0.0,1,7,0.0,6,8,1,1
12042,31.0,15,999,0,1.4,93.918,-42.7,4.961,5228.1,999.0,0,0.0,0.0,1.0,1,8,0.0,9,7,1,1
12043,38.0,2,999,0,1.4,93.918,-42.7,4.955,5228.1,999.0,0,1.0,1.0,1.0,2,8,0.0,4,7,1,1
12044,41.0,2,999,0,1.1,93.994,-36.4,4.855,5191.0,999.0,0,0.0,0.0,1.0,2,7,0.0,3,5,1,1
12045,42.0,9,999,0,1.4,94.465,-41.8,4.865,5228.1,999.0,0,0.0,0.0,1.0,2,6,0.0,5,6,2,1
12046,27.0,1,999,0,-1.8,92.893,-46.2,1.266,5099.1,999.0,0,1.0,0.0,0.0,2,2,0.0,4,5,1,1
12047,41.0,2,999,0,1.4,93.444,-36.1,4.968,5228.1,999.0,0,0.0,0.0,0.0,2,8,0.0,2,8,1,1
12048,31.0,2,999,0,1.4,94.465,-41.8,4.962,5228.1,999.0,0,1.0,0.0,1.0,3,8,0.0,4,6,1,1
12049,50.0,2,999,0,1.4,93.918,-42.7,4.961,5228.1,999.0,0,0.0,1.0,0.0,2,2,0.0,4,7,1,1
12050,26.0,1,999,1,-1.7,94.215,-40.3,0.893,4991.6,999.0,1,0.0,0.0,0.0,1,5,0.0,11,7,1,2
12051,37.0,2,999,0,-2.9,92.201,-31.4,0.854,5076.2,999.0,0,0.0,0.0,0.0,2,7,0.0,6,8,1,1
12052,31.0,1,999,0,1.4,94.465,-41.8,4.961,5228.1,999.0,0,0.0,0.0,1.0,2,6,0.0,5,6,2,1
12053,54.0,1,999,0,1.4,93.444,-36.1,4.964,5228.1,999.0,0,1.0,0.0,0.0,2,5,0.0,9,8,1,1
12054,42.0,2,999,0,1.1,93.994,-36.4,4.857,5191.0,999.0,0,0.0,0.0,1.0,2,2,0.0,4,5,1,1
12055,50.0,6,999,0,1.4,94.465,-41.8,4.865,5228.1,999.0,0,1.0,0.0,1.0,2,2,0.0,8,6,2,1
12056,31.0,1,999,0,-0.1,93.798,-40.4,4.86,5195.8,999.0,0,1.0,0.0,1.0,2,7,0.0,7,10,1,1
12057,37.0,1,999,0,1.1,93.994,-36.4,4.857,5191.0,999.0,0,0.0,0.0,1.0,2,5,0.0,6,5,1,1
12058,37.0,7,999,0,1.4,94.465,-41.8,4.864,5228.1,999.0,0,0.0,0.0,1.0,3,8,0.0,6,6,1,1
12059,48.0,2,999,0,1.4,94.465,-41.8,4.865,5228.1,999.0,0,1.0,0.0,1.0,3,2,0.0,4,6,2,1
12060,31.0,1,999,0,1.4,94.465,-41.8,4.866,5228.1,999.0,0,0.0,0.0,1.0,3,7,0.0,6,6,1,1
12061,35.0,3,999,0,-1.8,92.893,-46.2,1.291,5099.1,999.0,0,1.0,0.0,0.0,2,4,0.0,4,5,1,1
12062,33.0,3,999,0,1.1,93.994,-36.4,4.858,5191.0,999.0,0,0.0,0.0,1.0,3,8,0.0,5,5,2,1
12063,43.0,8,999,0,-1.8,92.893,-46.2,1.244,5099.1,999.0,0,1.0,0.0,1.0,3,5,0.0,6,5,2,1
12064,56.0,1,999,0,1.1,93.994,-36.4,4.857,5191.0,999.0,0,1.0,0.0,1.0,2,2,0.0,5,5,2,1
12065,49.0,1,999,0,1.1,93.994,-36.4,4.857,5191.0,999.0,0,0.0,0.0,1.0,2,2,0.0,4,5,1,1
12066,31.0,2,999,0,-1.8,93.075,-47.1,1.405,5099.1,999.0,0,1.0,0.0,0.0,2,8,0.0,4,4,2,1
12067,31.0,1,3,3,-1.1,94.199,-37.5,0.877,4963.6,0.1,0,0.0,0.0,0.0,2,6,0.0,6,9,1,3
12068,38.0,2,999,0,1.4,93.444,-36.1,4.966,5228.1,999.0,0,0.0,0.0,0.0,2,6,0.0,5,8,1,1
12069,45.0,3,999,0,1.4,93.444,-36.1,4.962,5228.1,999.0,0,1.0,1.0,0.0,2,8,0.0,6,8,1,1
12070,31.0,1,999,0,-2.9,92.469,-33.6,1.072,5076.2,999.0,0,0.0,0.0,0.0,3,8,0.0,4,7,1,1
12071,52.0,2,999,0,1.4,93.918,-42.7,4.962,5228.1,999.0,0,0.0,0.0,0.0,2,8,0.0,9,7,1,1
12072,33.0,1,999,0,-1.8,93.075,-47.1,1.435,5099.1,999.0,0,1.0,0.0,0.0,3,7,0.0,9,4,1,1
12073,47.0,1,999,0,1.1,93.994,-36.4,4.855,5191.0,999.0,0,1.0,1.0,1.0,2,3,0.0,4,5,1,1
12074,25.0,2,999,0,1.1,93.994,-36.4,4.857,5191.0,999.0,0,1.0,0.0,1.0,2,4,0.0,2,5,1,1
12075,44.0,1,999,0,1.4,93.444,-36.1,4.965,5228.1,999.0,0,0.0,0.0,0.0,2,5,0.0,6,8,2,1
12076,37.0,1,999,0,-1.8,92.893,-46.2,1.313,5099.1,999.0,0,0.0,0.0,0.0,2,2,0.0,4,5,1,1
12077,35.0,1,999,0,-1.8,93.075,-47.1,1.405,5099.1,999.0,0,1.0,1.0,0.0,3,7,0.0,6,4,2,1
12078,36.0,1,999,0,1.4,93.444,-36.1,4.964,5228.1,999.0,0,1.0,0.0,0.0,2,5,0.0,5,8,1,1
12079,31.0,2,999,1,-0.1,93.2,-42.0,4.076,5195.8,999.0,0,1.0,0.0,0.0,2,8,0.0,7,11,1,2
12080,32.0,1,999,1,-0.1,93.2,-42.0,4.12,5195.8,999.0,4,0.0,0.0,0.0,1,6,0.0,5,11,1,2
12081,31.0,4,999,0,-1.7,94.215,-40.3,0.793,4991.6,999.0,0,1.0,0.0,0.0,1,7,0.0,6,7,2,1
12082,31.0,3,999,0,1.4,94.465,-41.8,4.865,5228.1,999.0,0,0.0,0.0,1.0,1,3,0.0,9,6,2,1
12083,39.0,1,999,0,1.4,93.444,-36.1,4.964,5228.1,999.0,0,0.0,0.0,0.0,3,7,0.0,3,8,1,1
12084,31.0,2,999,0,1.4,94.465,-41.8,4.958,5228.1,999.0,0,1.0,0.0,1.0,2,8,0.0,7,6,1,1
12085,41.0,1,999,0,1.4,93.918,-42.7,4.962,5228.1,999.0,0,1.0,0.0,1.0,2,8,0.0,4,7,1,1
12086,36.0,1,999,0,1.1,93.994,-36.4,4.859,5191.0,999.0,0,1.0,0.0,1.0,2,3,0.0,4,5,1,1
12087,46.0,1,999,0,1.4,93.444,-36.1,4.968,5228.1,999.0,0,0.0,0.0,0.0,2,8,0.0,5,8,1,1
12088,29.0,2,999,0,1.4,94.465,-41.8,4.961,5228.1,999.0,0,0.0,0.0,1.0,1,8,0.0,4,6,2,1
12089,33.0,1,999,0,-1.8,93.075,-47.1,1.41,5099.1,999.0,0,0.0,1.0,0.0,2,6,0.0,5,4,1,1
12090,31.0,1,999,0,1.4,93.444,-36.1,4.963,5228.1,999.0,0,0.0,0.0,1.0,2,8,0.0,5,8,2,1
12091,31.0,2,999,0,1.4,93.444,-36.1,4.964,5228.1,999.0,0,1.0,0.0,0.0,2,7,0.0,6,8,1,1
12092,37.0,2,999,1,-1.8,92.893,-46.2,1.266,5099.1,999.0,1,0.0,0.0,0.0,1,7,0.0,5,5,1,2
12093,38.0,4,999,0,1.4,94.465,-41.8,4.961,5228.1,999.0,0,1.0,0.0,1.0,2,8,0.0,4,6,1,1
12094,31.0,1,999,0,-1.8,92.893,-46.2,1.266,5099.1,999.0,0,1.0,1.0,0.0,2,4,0.0,4,5,1,1
12095,48.0,1,999,0,1.4,93.444,-36.1,4.963,5228.1,999.0,0,1.0,0.0,0.0,2,3,0.0,4,8,1,1
12096,31.0,1,999,0,-1.8,92.893,-46.2,1.344,5099.1,999.0,0,1.0,0.0,0.0,3,7,0.0,3,5,1,1
12097,31.0,4,999,0,1.4,94.465,-41.8,4.962,5228.1,999.0,0,1.0,0.0,1.0,1,7,0.0,11,6,1,1
12098,31.0,3,999,0,-0.1,93.2,-42.0,4.021,5195.8,999.0,0,1.0,0.0,0.0,3,7,0.0,6,11,1,1
12099,29.0,3,999,0,-1.1,94.199,-37.5,0.879,4963.6,999.0,0,1.0,0.0,0.0,2,8,0.0,6,9,1,1
12100,30.0,5,999,0,-3.4,92.649,-30.1,0.714,5017.5,999.0,0,1.0,1.0,0.0,1,5,0.0,4,11,2,1
12101,31.0,1,999,1,-0.1,93.798,-40.4,4.968,5195.8,999.0,4,1.0,0.0,1.0,1,8,0.0,4,10,1,2
12102,58.0,5,999,0,-1.8,92.893,-46.2,1.266,5099.1,999.0,0,1.0,0.0,1.0,3,8,0.0,7,5,1,1
12103,31.0,1,999,0,1.4,93.444,-36.1,4.965,5228.1,999.0,0,1.0,0.0,0.0,2,8,0.0,4,8,1,1
12104,31.0,2,999,0,1.4,93.444,-36.1,4.965,5228.1,999.0,0,0.0,0.0,0.0,2,7,0.0,6,8,2,1
12105,34.0,3,999,0,-0.1,93.2,-42.0,4.021,5195.8,999.0,0,1.0,0.0,0.0,1,4,0.0,9,11,1,1
12106,33.0,8,999,0,1.4,94.465,-41.8,4.959,5228.1,999.0,0,1.0,0.0,1.0,2,8,0.0,7,6,1,1
12107,31.0,2,999,0,1.4,94.465,-41.8,4.958,5228.1,999.0,0,0.0,0.0,1.0,2,2,0.0,2,6,1,1
12108,52.0,1,999,0,1.4,93.444,-36.1,4.967,5228.1,999.0,0,0.0,0.0,0.0,2,8,0.0,5,8,1,1
12109,44.0,6,999,0,1.1,93.994,-36.4,4.858,5191.0,999.0,0,0.0,0.0,1.0,1,8,0.0,5,5,2,1
12110,30.0,8,999,0,1.4,93.918,-42.7,4.963,5228.1,999.0,0,1.0,0.0,0.0,1,3,0.0,4,7,1,1
12111,42.0,4,999,0,1.1,93.994,-36.4,4.856,5191.0,999.0,0,1.0,0.0,1.0,2,7,0.0,6,5,1,1
12112,44.0,1,999,0,-1.8,92.893,-46.2,1.264,5099.1,999.0,0,1.0,1.0,0.0,2,8,0.0,5,5,2,1
12113,39.0,2,999,0,1.4,94.465,-41.8,4.865,5228.1,999.0,0,1.0,0.0,1.0,3,8,0.0,2,6,2,1
12114,56.0,1,999,0,1.4,93.918,-42.7,4.96,5228.1,999.0,0,0.0,0.0,0.0,2,2,0.0,8,7,2,1
12115,27.0,1,999,0,-1.8,92.893,-46.2,1.264,5099.1,999.0,0,0.0,0.0,0.0,1,7,0.0,6,5,2,1
12116,31.0,2,999,0,-0.1,93.2,-42.0,4.12,5195.8,999.0,0,1.0,0.0,0.0,2,7,0.0,3,11,1,1
12117,37.0,5,999,0,1.4,94.465,-41.8,4.961,5228.1,999.0,0,0.0,0.0,1.0,1,5,0.0,5,6,1,1
12118,29.0,2,6,1,-1.1,94.601,-49.5,1.025,4963.6,0.2,4,0.0,0.0,1.0,1,5,0.0,6,10,1,3
12119,32.0,1,999,0,1.4,93.918,-42.7,4.959,5228.1,999.0,0,1.0,1.0,1.0,3,6,0.0,5,7,1,1
12120,51.0,2,999,0,1.1,93.994,-36.4,4.859,5191.0,999.0,0,1.0,0.0,1.0,2,8,0.0,4,5,1,1
12121,27.0,5,999,0,-1.8,92.893,-46.2,1.25,5099.1,999.0,0,0.0,0.0,0.0,1,5,0.0,9,5,1,1
12122,27.0,1,999,0,-1.8,92.893,-46.2,1.259,5099.1,999.0,0,1.0,0.0,0.0,1,7,0.0,6,5,1,1
12123,31.0,3,999,0,1.4,93.444,-36.1,4.965,5228.1,999.0,0,1.0,1.0,0.0,2,8,0.0,4,8,2,1
12124,43.0,3,999,0,1.1,93.994,-36.4,4.857,5191.0,999.0,0,1.0,0.0,1.0,2,5,0.0,10,5,1,1
12125,43.0,5,999,0,-1.8,92.893,-46.2,1.299,5099.1,999.0,0,1.0,0.0,1.0,2,8,0.0,4,5,2,1
12126,36.0,1,999,0,1.4,94.465,-41.8,4.96,5228.1,999.0,0,1.0,0.0,1.0,2,7,0.0,6,6,2,1
12127,31.0,5,999,0,1.1,93.994,-36.4,4.857,5191.0,999.0,0,1.0,0.0,1.0,2,8,0.0,1,5,2,1
12128,46.0,1,999,0,-1.8,93.075,-47.1,1.405,5099.1,999.0,0,0.0,1.0,0.0,2,4,0.0,4,4,2,1
12129,31.0,3,999,0,-1.8,92.893,-46.2,1.313,5099.1,999.0,0,1.0,0.0,0.0,1,7,0.0,6,5,1,1
12130,42.0,6,999,0,1.4,93.444,-36.1,4.964,5228.1,999.0,0,0.0,0.0,0.0,2,7,0.0,6,8,1,1
12131,31.0,1,999,0,-2.9,92.963,-40.8,1.26,5076.2,999.0,0,0.0,1.0,0.0,1,5,0.0,6,6,1,1
12132,59.0,2,999,0,1.1,93.994,-36.4,4.86,5191.0,999.0,0,1.0,0.0,1.0,2,8,0.0,4,5,1,1
12133,31.0,2,999,0,1.4,93.444,-36.1,4.963,5228.1,999.0,0,1.0,0.0,0.0,3,6,0.0,5,8,1,1
12134,25.0,1,999,0,1.4,94.465,-41.8,4.967,5228.1,999.0,0,1.0,0.0,1.0,2,7,0.0,6,6,1,1
12135,56.0,1,999,0,-1.8,93.075,-47.1,1.365,5099.1,999.0,0,1.0,0.0,0.0,2,7,0.0,7,4,1,1
12136,57.0,2,999,0,1.4,93.918,-42.7,4.963,5228.1,999.0,0,1.0,1.0,0.0,1,4,0.0,8,7,1,1
12137,52.0,2,999,0,-3.4,92.649,-30.1,0.714,5017.5,999.0,0,0.0,0.0,0.0,1,4,0.0,4,11,1,1
12138,31.0,6,12,2,-1.7,94.055,-39.8,0.748,4991.6,0.4,4,0.0,0.0,0.0,3,6,0.0,8,6,1,2
12139,29.0,3,999,0,1.1,93.994,-36.4,4.859,5191.0,999.0,0,1.0,1.0,1.0,1,5,0.0,6,5,1,1
12140,38.0,2,999,0,-0.1,93.2,-42.0,4.12,5195.8,999.0,0,1.0,0.0,0.0,2,8,0.0,6,11,1,1
12141,39.0,1,999,0,1.4,94.465,-41.8,4.864,5228.1,999.0,0,1.0,1.0,1.0,2,3,0.0,4,6,1,1
12142,43.0,1,999,0,-1.7,94.055,-39.8,0.742,4991.6,999.0,0,0.0,0.0,0.0,2,7,0.0,3,6,1,1
12143,61.0,2,999,0,-1.1,94.767,-50.8,1.044,4963.6,999.0,0,1.0,1.0,0.0,2,5,0.0,6,11,1,1
12144,28.0,1,999,0,-2.9,92.201,-31.4,0.861,5076.2,999.0,0,1.0,0.0,0.0,1,7,0.0,6,8,2,1
12145,31.0,1,999,0,1.4,93.444,-36.1,4.963,5228.1,999.0,0,0.0,0.0,0.0,1,7,0.0,6,8,1,1
12146,31.0,3,999,0,1.1,93.994,-36.4,4.858,5191.0,999.0,0,1.0,0.0,1.0,1,7,0.0,1,5,1,1
12147,47.0,1,999,1,-1.8,93.075,-47.1,1.405,5099.1,999.0,0,0.0,0.0,0.0,2,7,0.0,6,4,1,2
12148,38.0,2,999,0,-3.0,92.713,-33.0,0.717,5023.5,999.0,0,1.0,0.0,0.0,1,7,0.0,5,12,1,1
12149,50.0,6,3,1,-1.8,92.893,-46.2,1.354,5099.1,0.1,2,1.0,1.0,0.0,2,8,0.0,1,5,2,3
12150,47.0,1,999,0,-1.8,92.893,-46.2,1.327,5099.1,999.0,0,0.0,0.0,0.0,2,2,0.0,1,5,1,1
12151,56.0,2,999,0,1.4,94.465,-41.8,4.958,5228.1,999.0,0,0.0,0.0,1.0,2,2,0.0,4,6,1,1
12152,32.0,1,999,0,1.1,93.994,-36.4,4.857,5191.0,999.0,0,1.0,0.0,1.0,2,8,0.0,4,5,1,1
12153,31.0,1,999,0,1.1,93.994,-36.4,4.857,5191.0,999.0,0,0.0,1.0,1.0,2,7,0.0,5,5,2,1
12154,42.0,3,999,0,1.4,93.918,-42.7,4.963,5228.1,999.0,0,0.0,0.0,0.0,2,8,0.0,5,7,1,1
12155,38.0,9,999,0,1.4,93.918,-42.7,4.957,5228.1,999.0,0,1.0,0.0,0.0,2,4,0.0,4,7,1,1
12156,35.0,4,999,0,1.1,93.994,-36.4,4.859,5191.0,999.0,0,0.0,0.0,1.0,2,7,0.0,6,5,1,1
12157,26.0,1,999,0,1.4,93.918,-42.7,4.962,5228.1,999.0,0,1.0,0.0,0.0,2,4,0.0,4,7,1,1
12158,31.0,7,999,0,-0.1,93.2,-42.0,4.021,5195.8,999.0,0,1.0,0.0,0.0,2,7,0.0,6,11,1,1
12159,31.0,2,999,0,1.1,93.994,-36.4,4.855,5191.0,999.0,0,1.0,0.0,1.0,1,3,0.0,6,5,1,1
12160,31.0,8,999,0,1.1,93.994,-36.4,4.859,5191.0,999.0,0,1.0,0.0,1.0,2,7,0.0,5,5,1,1
12161,33.0,1,999,0,1.4,94.465,-41.8,4.967,5228.1,999.0,0,0.0,0.0,1.0,2,4,0.0,4,6,1,1
12162,31.0,1,999,0,1.4,93.918,-42.7,4.963,5228.1,999.0,0,1.0,0.0,1.0,2,8,0.0,6,7,1,1
12163,44.0,1,999,0,1.1,93.994,-36.4,4.857,5191.0,999.0,0,1.0,1.0,1.0,2,8,0.0,4,5,1,1
12164,28.0,2,999,1,-1.1,94.199,-37.5,0.878,4963.6,999.0,1,1.0,0.0,0.0,1,7,0.0,4,9,1,2
12165,34.0,5,999,1,-1.8,92.893,-46.2,1.291,5099.1,999.0,2,0.0,0.0,0.0,2,8,0.0,6,5,1,2
12166,38.0,3,999,0,1.1,93.994,-36.4,4.857,5191.0,999.0,0,0.0,0.0,1.0,1,6,0.0,5,5,1,1
12167,38.0,3,999,0,1.1,93.994,-36.4,4.856,5191.0,999.0,0,0.0,0.0,1.0,3,6,0.0,10,5,1,1
12168,24.0,1,999,1,-3.4,92.649,-30.1,0.715,5017.5,999.0,0,1.0,0.0,0.0,2,8,0.0,10,11,2,2
12169,26.0,1,999,0,1.4,93.918,-42.7,4.958,5228.1,999.0,0,0.0,1.0,0.0,1,8,0.0,9,7,1,1
12170,59.0,2,999,0,-1.8,92.893,-46.2,1.354,5099.1,999.0,0,0.0,0.0,0.0,2,6,0.0,2,5,2,1
12171,31.0,1,999,0,-1.8,92.893,-46.2,1.299,5099.1,999.0,0,0.0,0.0,0.0,1,8,0.0,3,5,2,1
12172,31.0,10,999,0,1.1,93.994,-36.4,4.857,5191.0,999.0,0,0.0,0.0,1.0,2,8,0.0,5,5,1,1
12173,29.0,3,999,0,1.4,93.444,-36.1,4.963,5228.1,999.0,0,1.0,0.0,0.0,1,7,0.0,6,8,1,1
12174,31.0,1,999,0,-1.8,93.369,-34.8,0.653,5008.7,999.0,0,0.0,0.0,0.0,1,5,0.0,11,3,1,1
12175,29.0,3,999,1,-1.8,92.893,-46.2,1.25,5099.1,999.0,4,1.0,0.0,0.0,1,3,0.0,6,5,1,2
12176,54.0,5,999,0,1.4,93.918,-42.7,4.96,5228.1,999.0,0,0.0,0.0,0.0,2,2,0.0,4,7,1,1
12177,46.0,2,999,0,1.1,93.994,-36.4,4.857,5191.0,999.0,0,0.0,0.0,1.0,2,8,0.0,6,5,1,1
12178,28.0,9,999,1,-1.8,92.893,-46.2,1.344,5099.1,999.0,1,1.0,0.0,0.0,1,8,0.0,9,5,1,2
12179,31.0,2,999,0,-0.1,93.2,-42.0,4.191,5195.8,999.0,0,0.0,0.0,0.0,2,7,0.0,1,11,2,1
12180,48.0,1,999,0,-2.9,92.963,-40.8,1.262,5076.2,999.0,0,1.0,0.0,0.0,2,5,0.0,5,6,1,1
12181,30.0,4,999,0,-0.1,93.2,-42.0,4.076,5195.8,999.0,0,0.0,1.0,0.0,2,5,0.0,9,11,1,1
12182,38.0,1,999,0,1.1,93.994,-36.4,4.86,5191.0,999.0,0,1.0,0.0,1.0,2,3,0.0,3,5,1,1
12183,31.0,1,999,0,-0.1,93.2,-42.0,4.076,5195.8,999.0,0,0.0,0.0,0.0,2,7,0.0,6,11,1,1
12184,31.0,3,999,1,-0.1,93.2,-42.0,4.021,5195.8,999.0,1,1.0,0.0,0.0,3,8,0.0,8,11,1,2
12185,31.0,1,999,0,-1.8,93.075,-47.1,1.445,5099.1,999.0,0,0.0,0.0,0.0,3,2,0.0,4,4,1,1
12186,31.0,3,999,0,1.1,93.994,-36.4,4.855,5191.0,999.0,0,1.0,0.0,1.0,1,8,0.0,6,5,1,1
12187,31.0,8,999,0,1.4,93.918,-42.7,4.962,5228.1,999.0,0,1.0,0.0,0.0,1,7,0.0,6,7,1,1
12188,46.0,3,999,0,1.1,93.994,-36.4,4.859,5191.0,999.0,0,1.0,0.0,1.0,2,5,0.0,6,5,1,1
12189,31.0,1,999,0,1.1,93.994,-36.4,4.857,5191.0,999.0,0,0.0,0.0,1.0,1,5,0.0,9,5,2,1
12190,34.0,1,999,1,-1.8,93.075,-47.1,1.405,5099.1,999.0,2,1.0,0.0,0.0,3,8,0.0,4,4,1,2
12191,42.0,1,999,1,-1.8,92.893,-46.2,1.344,5099.1,999.0,4,0.0,0.0,0.0,2,4,0.0,4,5,1,2
12192,35.0,1,999,0,1.4,94.465,-41.8,4.865,5228.1,999.0,0,1.0,0.0,1.0,1,2,0.0,6,6,2,1
12193,42.0,1,999,0,1.4,94.465,-41.8,4.958,5228.1,999.0,0,1.0,0.0,1.0,2,8,0.0,1,6,1,1
12194,42.0,5,999,0,-1.8,92.893,-46.2,1.354,5099.1,999.0,0,1.0,0.0,0.0,2,8,0.0,6,5,2,1
12195,37.0,11,999,0,1.4,93.918,-42.7,4.959,5228.1,999.0,0,0.0,0.0,1.0,1,7,0.0,6,7,1,1
12196,31.0,1,999,0,1.1,93.994,-36.4,4.857,5191.0,999.0,0,1.0,0.0,1.0,2,2,0.0,4,5,2,1
12197,31.0,2,999,0,1.1,93.994,-36.4,4.858,5191.0,999.0,0,1.0,0.0,1.0,2,8,0.0,6,5,2,1
12198,33.0,1,999,0,1.4,94.465,-41.8,4.961,5228.1,999.0,0,0.0,1.0,1.0,2,5,0.0,3,6,2,1
12199,34.0,5,999,0,1.4,93.918,-42.7,4.963,5228.1,999.0,0,1.0,0.0,0.0,2,8,0.0,5,7,1,1
12200,31.0,1,999,0,1.1,93.994,-36.4,4.857,5191.0,999.0,0,1.0,0.0,1.0,2,4,0.0,4,5,1,1
12201,29.0,4,999,0,1.4,93.444,-36.1,4.963,5228.1,999.0,0,1.0,0.0,0.0,1,7,0.0,6,8,1,1
12202,31.0,2,6,3,-3.4,92.649,-30.1,0.716,5017.5,0.2,6,0.0,0.0,0.0,3,8,0.0,6,11,1,3
12203,46.0,3,999,0,-1.8,92.893,-46.2,1.281,5099.1,999.0,0,0.0,0.0,0.0,3,4,0.0,4,5,1,1
12204,51.0,2,999,0,1.4,93.444,-36.1,4.965,5228.1,999.0,0,0.0,0.0,1.0,1,7,0.0,6,8,1,1
12205,48.0,1,999,0,-0.1,93.2,-42.0,4.12,5195.8,999.0,0,1.0,0.0,0.0,1,8,0.0,4,11,1,1
12206,31.0,1,3,1,-1.8,93.369,-34.8,0.652,5008.7,0.1,3,0.0,0.0,1.0,1,7,0.0,6,3,1,3
12207,31.0,2,999,0,-2.9,92.963,-40.8,1.224,5076.2,999.0,0,0.0,1.0,1.0,2,4,0.0,9,6,1,1
12208,55.0,1,999,0,-3.4,92.431,-26.9,0.742,5017.5,999.0,0,1.0,0.0,0.0,2,6,0.0,5,10,1,1
12209,44.0,1,999,0,1.4,93.444,-36.1,4.966,5228.1,999.0,0,0.0,0.0,0.0,1,8,0.0,6,8,1,1
12210,38.0,2,999,0,-0.1,93.2,-42.0,4.021,5195.8,999.0,0,1.0,1.0,0.0,2,4,0.0,4,11,1,1
12211,31.0,2,999,0,-1.8,92.893,-46.2,1.299,5099.1,999.0,0,1.0,1.0,0.0,2,8,0.0,4,5,2,1
12212,34.0,3,999,0,1.4,93.918,-42.7,4.957,5228.1,999.0,0,1.0,1.0,0.0,1,3,0.0,4,7,1,1
12213,31.0,4,999,0,1.4,94.465,-41.8,4.959,5228.1,999.0,0,1.0,0.0,1.0,2,2,0.0,2,6,1,1
12214,49.0,1,999,0,1.1,93.994,-36.4,4.857,5191.0,999.0,0,0.0,0.0,1.0,3,8,0.0,4,5,2,1
12215,30.0,1,999,0,1.1,93.994,-36.4,4.858,5191.0,999.0,0,0.0,0.0,1.0,2,8,0.0,4,5,2,1
12216,31.0,1,999,0,-0.1,93.2,-42.0,4.021,5195.8,999.0,0,1.0,1.0,0.0,1,5,0.0,6,11,1,1
12217,48.0,2,999,0,1.1,93.994,-36.4,4.857,5191.0,999.0,0,0.0,0.0,1.0,2,8,0.0,6,5,2,1
12218,57.0,4,999,0,-0.1,93.2,-42.0,4.076,5195.8,999.0,0,1.0,0.0,0.0,2,8,0.0,5,11,1,1
12219,35.0,1,6,1,-1.7,94.215,-40.3,0.835,4991.6,0.2,2,1.0,0.0,0.0,1,6,0.0,5,7,1,3
12220,31.0,1,999,0,-0.1,93.2,-42.0,4.076,5195.8,999.0,0,0.0,0.0,0.0,2,8,0.0,5,11,1,1
12221,31.0,3,999,0,-1.8,92.893,-46.2,1.244,5099.1,999.0,0,0.0,0.0,0.0,2,8,0.0,6,5,2,1
12222,39.0,3,999,0,1.4,94.465,-41.8,4.967,5228.1,999.0,0,1.0,0.0,1.0,2,8,0.0,3,6,1,1
12223,27.0,26,999,0,1.4,94.465,-41.8,4.959,5228.1,999.0,0,1.0,1.0,1.0,1,5,0.0,9,6,1,1
12224,31.0,2,999,0,1.4,93.918,-42.7,4.961,5228.1,999.0,0,1.0,0.0,0.0,2,4,0.0,6,7,1,1
12225,30.0,1,999,1,-1.8,92.893,-46.2,1.281,5099.1,999.0,3,0.0,0.0,0.0,2,5,0.0,9,5,1,2
12226,31.0,3,999,0,1.4,93.444,-36.1,4.966,5228.1,999.0,0,0.0,0.0,0.0,2,5,0.0,3,8,1,1
12227,31.0,5,999,0,-1.8,92.893,-46.2,1.25,5099.1,999.0,0,1.0,0.0,0.0,2,6,0.0,5,5,1,1
12228,31.0,2,999,0,1.4,93.444,-36.1,4.964,5228.1,999.0,0,0.0,0.0,0.0,2,8,0.0,5,8,1,1
12229,36.0,3,999,0,1.1,93.994,-36.4,4.857,5191.0,999.0,0,1.0,0.0,1.0,2,5,0.0,9,5,2,1
12230,36.0,1,999,1,-3.0,92.713,-33.0,0.717,5023.5,999.0,5,1.0,1.0,0.0,1,5,0.0,6,12,2,2
12231,33.0,2,999,0,1.4,94.465,-41.8,4.967,5228.1,999.0,0,1.0,0.0,1.0,2,8,0.0,5,6,1,1
12232,31.0,3,999,1,-1.8,93.075,-47.1,1.41,5099.1,999.0,2,1.0,0.0,0.0,1,8,0.0,9,4,1,2
12233,31.0,1,999,0,1.4,94.465,-41.8,4.961,5228.1,999.0,0,0.0,0.0,1.0,1,5,0.0,2,6,1,1
12234,43.0,4,999,1,-2.9,92.963,-40.8,1.281,5076.2,999.0,4,1.0,0.0,0.0,2,3,0.0,4,6,2,2
12235,40.0,6,999,0,1.4,94.465,-41.8,4.959,5228.1,999.0,0,1.0,0.0,1.0,2,8,0.0,9,6,1,1
12236,46.0,2,999,0,1.1,93.994,-36.4,4.855,5191.0,999.0,0,1.0,0.0,1.0,3,8,0.0,5,5,1,1
12237,48.0,3,999,0,1.4,93.444,-36.1,4.968,5228.1,999.0,0,1.0,1.0,0.0,2,8,0.0,4,8,1,1
12238,50.0,3,999,0,1.1,93.994,-36.4,4.86,5191.0,999.0,0,0.0,0.0,1.0,2,3,0.0,4,5,1,1
12239,31.0,2,999,0,1.4,94.465,-41.8,4.959,5228.1,999.0,0,0.0,0.0,1.0,3,6,0.0,5,6,1,1
12240,42.0,1,999,0,1.1,93.994,-36.4,4.856,5191.0,999.0,0,0.0,0.0,1.0,3,8,0.0,9,5,1,1
12241,35.0,2,999,0,1.4,93.918,-42.7,4.963,5228.1,999.0,0,1.0,0.0,0.0,2,5,0.0,9,7,1,1
12242,37.0,2,999,0,1.1,93.994,-36.4,4.857,5191.0,999.0,0,1.0,1.0,1.0,2,4,0.0,4,5,1,1
12243,33.0,6,999,0,-1.8,93.749,-34.6,0.659,5008.7,999.0,0,0.0,0.0,0.0,2,8,0.0,6,4,1,1
12244,31.0,2,999,1,-1.8,93.369,-34.8,0.655,5008.7,999.0,2,1.0,0.0,0.0,3,6,0.0,6,3,1,2
12245,31.0,6,999,0,1.4,93.444,-36.1,4.964,5228.1,999.0,0,1.0,1.0,0.0,2,6,0.0,5,8,1,1
12246,71.0,4,3,2,-1.8,93.876,-40.0,0.684,5008.7,0.1,4,1.0,1.0,0.0,2,2,0.0,6,5,1,3
12247,33.0,4,999,0,1.4,93.444,-36.1,4.963,5228.1,999.0,0,1.0,1.0,0.0,1,7,0.0,6,8,1,1
12248,31.0,2,999,1,-1.8,93.075,-47.1,1.405,5099.1,999.0,1,1.0,0.0,0.0,2,8,0.0,9,4,1,2
12249,52.0,7,999,1,-0.1,93.2,-42.0,4.021,5195.8,999.0,1,1.0,0.0,0.0,2,7,0.0,10,11,1,2
12250,27.0,4,999,0,1.4,93.918,-42.7,4.96,5228.1,999.0,0,0.0,0.0,0.0,1,8,0.0,5,7,1,1
12251,35.0,1,999,0,1.4,94.465,-41.8,4.961,5228.1,999.0,0,1.0,0.0,1.0,1,8,0.0,4,6,1,1
12252,32.0,1,999,0,1.4,93.444,-36.1,4.966,5228.1,999.0,0,0.0,0.0,0.0,2,7,0.0,6,8,1,1
12253,33.0,2,999,0,1.1,93.994,-36.4,4.859,5191.0,999.0,0,1.0,0.0,1.0,1,7,0.0,1,5,1,1
12254,49.0,9,999,0,1.4,93.918,-42.7,4.962,5228.1,999.0,0,1.0,1.0,0.0,4,8,0.0,12,7,2,1
12255,31.0,1,999,0,1.4,93.444,-36.1,4.964,5228.1,999.0,0,1.0,1.0,0.0,2,8,0.0,6,8,1,1
12256,47.0,2,999,2,-1.8,92.893,-46.2,1.313,5099.1,999.0,0,0.0,1.0,0.0,2,8,0.0,9,5,1,2
12257,56.0,7,999,0,1.4,93.444,-36.1,4.963,5228.1,999.0,0,1.0,0.0,0.0,2,8,0.0,1,8,1,1
12258,47.0,1,999,0,1.4,93.444,-36.1,4.965,5228.1,999.0,0,1.0,0.0,0.0,2,7,0.0,1,8,1,1
12259,35.0,4,999,0,1.4,93.444,-36.1,4.963,5228.1,999.0,0,1.0,0.0,0.0,2,7,0.0,3,8,1,1
12260,84.0,4,999,0,-1.1,94.601,-49.5,0.993,4963.6,999.0,0,1.0,0.0,0.0,3,2,0.0,8,10,1,1
12261,30.0,1,999,0,-1.8,92.893,-46.2,1.266,5099.1,999.0,0,0.0,0.0,0.0,2,3,0.0,5,5,1,1
12262,36.0,2,999,0,-1.8,93.749,-34.6,0.663,5008.7,999.0,0,1.0,0.0,0.0,2,8,0.0,4,4,1,1
12263,31.0,1,999,0,-0.2,92.756,-45.9,3.563,5176.3,999.0,0,1.0,1.0,1.0,2,5,0.0,6,12,1,1
12264,30.0,5,999,0,-3.4,92.379,-29.8,0.781,5017.5,999.0,0,1.0,1.0,0.0,2,8,0.0,6,9,1,1
12265,43.0,2,999,0,-1.8,93.075,-47.1,1.479,5099.1,999.0,0,0.0,0.0,0.0,2,7,0.0,3,4,1,1
12266,32.0,1,999,0,1.4,93.918,-42.7,4.962,5228.1,999.0,0,0.0,0.0,0.0,2,8,0.0,9,7,1,1
12267,82.0,2,999,0,-1.8,93.749,-34.6,0.643,5008.7,999.0,0,1.0,1.0,0.0,3,2,0.0,8,4,2,1
12268,29.0,1,999,0,1.1,93.994,-36.4,4.857,5191.0,999.0,0,0.0,0.0,1.0,2,6,0.0,5,5,1,1
12269,35.0,5,3,2,-2.9,92.201,-31.4,0.849,5076.2,0.1,0,1.0,0.0,0.0,2,7,0.0,6,8,1,3
12270,54.0,2,999,0,1.1,93.994,-36.4,4.856,5191.0,999.0,0,1.0,0.0,1.0,2,2,0.0,8,5,1,1
12271,37.0,1,999,0,1.4,93.918,-42.7,4.963,5228.1,999.0,0,1.0,1.0,0.0,2,4,0.0,1,7,1,1
12272,30.0,2,999,0,-1.8,92.893,-46.2,1.299,5099.1,999.0,0,1.0,1.0,0.0,2,8,0.0,4,5,2,1
12273,63.0,2,999,1,-3.0,92.713,-33.0,0.715,5023.5,999.0,1,1.0,0.0,0.0,2,8,0.0,5,12,2,2
12274,31.0,1,999,0,1.4,93.444,-36.1,4.965,5228.1,999.0,0,0.0,0.0,0.0,2,7,0.0,5,8,1,1
12275,46.0,1,999,0,1.4,93.918,-42.7,4.963,5228.1,999.0,0,1.0,0.0,0.0,2,5,0.0,9,7,1,1
12276,29.0,3,999,0,1.4,94.465,-41.8,4.959,5228.1,999.0,0,0.0,1.0,1.0,2,8,0.0,6,6,1,1
12277,41.0,1,999,0,1.4,93.918,-42.7,4.963,5228.1,999.0,0,1.0,0.0,0.0,2,4,0.0,4,7,1,1
12278,31.0,2,999,0,1.1,93.994,-36.4,4.857,5191.0,999.0,0,1.0,0.0,1.0,1,4,0.0,3,5,1,1
12279,59.0,2,999,1,-1.8,92.893,-46.2,1.313,5099.1,999.0,2,1.0,0.0,0.0,2,7,0.0,6,5,1,2
12280,34.0,1,999,0,1.4,93.918,-42.7,4.968,5228.1,999.0,0,1.0,0.0,0.0,2,5,0.0,9,7,1,1
12281,28.0,3,999,0,-1.8,93.075,-47.1,1.423,5099.1,999.0,0,0.0,0.0,0.0,1,7,0.0,4,4,1,1
12282,32.0,2,999,0,1.1,93.994,-36.4,4.858,5191.0,999.0,0,1.0,0.0,1.0,1,3,0.0,4,5,2,1
12283,39.0,2,999,0,-0.1,93.2,-42.0,4.076,5195.8,999.0,0,1.0,0.0,0.0,2,6,0.0,7,11,1,1
12284,43.0,3,999,0,-1.8,92.893,-46.2,1.313,5099.1,999.0,0,0.0,1.0,0.0,2,3,0.0,4,5,1,1
12285,33.0,2,999,0,-2.9,92.963,-40.8,1.281,5076.2,999.0,0,1.0,0.0,0.0,2,5,0.0,4,6,2,1
12286,63.0,2,999,0,-1.8,93.075,-47.1,1.498,5099.1,999.0,0,1.0,0.0,0.0,2,8,0.0,8,4,1,1
12287,34.0,13,999,0,1.4,93.918,-42.7,4.968,5228.1,999.0,0,1.0,0.0,0.0,3,8,0.0,5,7,1,1
12288,34.0,2,999,1,-1.1,94.601,-49.5,1.025,4963.6,999.0,1,1.0,1.0,0.0,3,7,0.0,6,10,1,2
12289,34.0,2,999,0,1.1,93.994,-36.4,4.859,5191.0,999.0,0,0.0,0.0,1.0,2,8,0.0,4,5,1,1
12290,53.0,1,999,0,1.4,93.444,-36.1,4.967,5228.1,999.0,0,1.0,0.0,0.0,2,5,0.0,5,8,1,1
12291,42.0,1,999,0,1.1,93.994,-36.4,4.857,5191.0,999.0,0,0.0,0.0,1.0,2,2,0.0,6,5,2,1
12292,37.0,10,999,0,1.1,93.994,-36.4,4.86,5191.0,999.0,0,0.0,0.0,1.0,3,5,0.0,6,5,1,1
12293,38.0,4,999,0,1.1,93.994,-36.4,4.857,5191.0,999.0,0,0.0,0.0,1.0,2,6,0.0,5,5,2,1
12294,31.0,1,999,0,1.1,93.994,-36.4,4.859,5191.0,999.0,0,0.0,1.0,1.0,1,4,0.0,4,5,1,1
12295,60.0,1,999,0,1.4,93.444,-36.1,4.963,5228.1,999.0,0,0.0,0.0,0.0,2,8,0.0,1,8,1,1
12296,32.0,1,999,0,1.4,93.444,-36.1,4.968,5228.1,999.0,0,0.0,0.0,0.0,1,8,0.0,5,8,1,1
12297,35.0,4,999,0,1.4,93.444,-36.1,4.963,5228.1,999.0,0,1.0,0.0,0.0,1,7,0.0,6,8,2,1
12298,31.0,4,999,0,1.4,94.465,-41.8,4.961,5228.1,999.0,0,1.0,0.0,1.0,2,5,0.0,7,6,2,1
12299,31.0,1,999,0,1.4,93.918,-42.7,4.962,5228.1,999.0,0,1.0,0.0,0.0,2,2,0.0,4,7,1,1
12300,27.0,1,999,0,1.4,93.918,-42.7,4.958,5228.1,999.0,0,0.0,0.0,0.0,1,8,0.0,4,7,1,1
12301,30.0,2,999,1,-1.8,92.893,-46.2,1.299,5099.1,999.0,1,1.0,0.0,0.0,1,5,0.0,9,5,1,2
12302,30.0,6,999,0,-1.8,93.075,-47.1,1.405,5099.1,999.0,0,1.0,0.0,0.0,1,7,0.0,11,4,2,1
12303,31.0,2,999,0,1.1,93.994,-36.4,4.855,5191.0,999.0,0,1.0,0.0,1.0,3,8,0.0,7,5,1,1
12304,40.0,2,999,0,1.4,93.444,-36.1,4.965,5228.1,999.0,0,1.0,0.0,0.0,1,5,0.0,5,8,1,1
12305,29.0,1,999,0,1.4,93.918,-42.7,4.957,5228.1,999.0,0,0.0,0.0,1.0,1,7,0.0,6,7,1,1
12306,31.0,2,999,0,-2.9,92.201,-31.4,0.883,5076.2,999.0,0,0.0,0.0,0.0,1,8,0.0,6,8,1,1
12307,46.0,3,999,0,-1.8,92.893,-46.2,1.327,5099.1,999.0,0,1.0,0.0,0.0,1,3,0.0,4,5,1,1
12308,37.0,5,999,0,1.1,93.994,-36.4,4.857,5191.0,999.0,0,1.0,0.0,1.0,1,8,0.0,6,5,1,1
12309,51.0,2,1,1,-0.1,93.2,-42.0,4.153,5195.8,0.0333333333333,3,0.0,0.0,0.0,2,8,0.0,6,11,1,3
12310,38.0,2,999,0,1.1,93.994,-36.4,4.858,5191.0,999.0,0,1.0,0.0,1.0,2,8,0.0,4,5,1,1
12311,36.0,1,999,0,-2.9,92.963,-40.8,1.266,5076.2,999.0,0,1.0,0.0,0.0,2,7,0.0,5,6,2,1
12312,28.0,6,999,0,1.1,93.994,-36.4,4.86,5191.0,999.0,0,0.0,0.0,1.0,1,5,0.0,9,5,1,1
12313,48.0,3,999,0,-0.1,93.2,-42.0,4.021,5195.8,999.0,0,0.0,0.0,0.0,2,8,0.0,6,11,1,1
12314,25.0,3,999,0,-1.1,94.601,-49.5,1.029,4963.6,999.0,0,0.0,0.0,0.0,1,5,0.0,11,10,1,1
12315,26.0,3,999,0,1.4,93.918,-42.7,4.96,5228.1,999.0,0,0.0,0.0,0.0,3,8,0.0,6,7,2,1
12316,35.0,1,999,0,1.4,93.444,-36.1,4.965,5228.1,999.0,0,1.0,0.0,0.0,1,6,0.0,5,8,1,1
12317,31.0,2,999,0,1.4,93.444,-36.1,4.97,5228.1,999.0,0,1.0,0.0,0.0,2,7,0.0,12,8,1,1
12318,31.0,4,999,0,1.4,93.444,-36.1,4.963,5228.1,999.0,0,1.0,1.0,0.0,2,7,0.0,6,8,1,1
12319,31.0,5,999,0,1.4,94.465,-41.8,4.864,5228.1,999.0,0,1.0,0.0,1.0,1,7,0.0,6,6,1,1
12320,45.0,2,999,0,1.4,93.444,-36.1,4.964,5228.1,999.0,0,1.0,1.0,1.0,2,8,0.0,9,8,1,1
12321,45.0,1,999,0,-1.1,94.199,-37.5,0.876,4963.6,999.0,0,0.0,1.0,1.0,3,7,0.0,6,9,1,1
12322,36.0,2,999,0,-1.8,92.893,-46.2,1.327,5099.1,999.0,0,1.0,0.0,0.0,1,4,0.0,11,5,1,1
12323,31.0,2,999,1,-1.8,93.075,-47.1,1.405,5099.1,999.0,2,1.0,0.0,0.0,2,8,0.0,3,4,1,2
12324,43.0,1,999,0,1.1,93.994,-36.4,4.86,5191.0,999.0,0,0.0,0.0,1.0,3,6,0.0,5,5,1,1
12325,33.0,1,999,0,1.4,93.444,-36.1,4.967,5228.1,999.0,0,1.0,0.0,0.0,1,6,0.0,5,8,1,1
12326,54.0,8,999,0,-1.8,92.893,-46.2,1.244,5099.1,999.0,0,1.0,0.0,0.0,3,6,0.0,8,5,2,1
12327,33.0,2,999,0,1.4,93.444,-36.1,4.968,5228.1,999.0,0,1.0,1.0,0.0,2,8,0.0,6,8,1,1
12328,50.0,4,999,0,1.4,93.918,-42.7,4.961,5228.1,999.0,0,1.0,0.0,0.0,1,7,0.0,5,7,1,1
12329,21.0,7,999,1,-1.7,94.215,-40.3,0.81,4991.6,999.0,3,0.0,0.0,1.0,1,8,0.0,11,7,1,2
12330,45.0,4,999,0,-3.4,92.379,-29.8,0.797,5017.5,999.0,0,0.0,0.0,1.0,1,8,0.0,2,9,1,1
12331,40.0,1,999,0,1.4,93.918,-42.7,4.962,5228.1,999.0,0,0.0,0.0,0.0,2,6,0.0,6,7,1,1
12332,76.0,5,999,0,-1.7,94.055,-39.8,0.702,4991.6,999.0,0,0.0,0.0,0.0,2,8,0.0,2,6,1,1
12333,42.0,2,999,0,-1.8,92.893,-46.2,1.344,5099.1,999.0,0,0.0,0.0,0.0,2,2,0.0,4,5,1,1
12334,41.0,2,999,0,1.4,93.444,-36.1,4.966,5228.1,999.0,0,1.0,0.0,0.0,2,8,0.0,5,8,1,1
12335,32.0,3,7,1,-3.4,92.649,-30.1,0.722,5017.5,0.233333333333,0,1.0,1.0,1.0,1,7,0.0,6,11,2,3
12336,41.0,1,999,0,-2.9,92.201,-31.4,0.879,5076.2,999.0,0,1.0,1.0,0.0,2,5,0.0,9,8,1,1
12337,36.0,1,999,0,1.4,93.444,-36.1,4.963,5228.1,999.0,0,1.0,0.0,0.0,1,7,0.0,6,8,1,1
12338,31.0,1,999,0,-1.8,92.893,-46.2,1.25,5099.1,999.0,0,1.0,0.0,0.0,2,4,0.0,6,5,1,1
12339,44.0,5,999,0,1.1,93.994,-36.4,4.856,5191.0,999.0,0,1.0,0.0,1.0,2,5,0.0,9,5,1,1
12340,34.0,2,999,0,1.1,93.994,-36.4,4.855,5191.0,999.0,0,1.0,0.0,1.0,2,4,0.0,4,5,1,1
12341,37.0,3,999,0,1.4,93.444,-36.1,4.964,5228.1,999.0,0,1.0,0.0,0.0,2,6,0.0,1,8,1,1
12342,48.0,5,999,0,1.1,93.994,-36.4,4.864,5191.0,999.0,0,1.0,0.0,1.0,2,8,0.0,4,5,1,1
12343,40.0,3,999,0,-1.8,93.075,-47.1,1.405,5099.1,999.0,0,0.0,0.0,0.0,2,7,0.0,1,4,1,1
12344,25.0,2,999,0,-2.9,92.963,-40.8,1.26,5076.2,999.0,0,0.0,0.0,0.0,2,5,0.0,10,6,1,1
12345,47.0,4,999,0,1.4,94.465,-41.8,4.958,5228.1,999.0,0,1.0,0.0,1.0,2,2,0.0,4,6,2,1
12346,57.0,3,999,0,1.1,93.994,-36.4,4.857,5191.0,999.0,0,1.0,0.0,1.0,2,6,0.0,3,5,1,1
12347,31.0,3,999,0,1.4,93.918,-42.7,4.961,5228.1,999.0,0,1.0,0.0,0.0,2,6,0.0,8,7,1,1
12348,31.0,1,999,1,-1.8,92.893,-46.2,1.281,5099.1,999.0,3,0.0,0.0,0.0,2,4,0.0,1,5,1,2
12349,34.0,1,999,0,-0.1,93.2,-42.0,4.153,5195.8,999.0,0,1.0,0.0,0.0,1,5,0.0,4,11,1,1
12350,31.0,3,999,0,1.1,93.994,-36.4,4.856,5191.0,999.0,0,1.0,0.0,1.0,1,8,0.0,9,5,1,1
12351,31.0,1,999,0,1.1,93.994,-36.4,4.857,5191.0,999.0,0,1.0,1.0,1.0,3,3,0.0,3,5,1,1
12352,52.0,1,999,0,-0.1,93.2,-42.0,4.12,5195.8,999.0,0,1.0,0.0,0.0,2,8,0.0,7,11,1,1
12353,35.0,1,999,1,-1.8,93.075,-47.1,1.453,5099.1,999.0,2,1.0,1.0,0.0,3,7,0.0,10,4,1,2
12354,34.0,1,999,0,1.4,93.918,-42.7,4.957,5228.1,999.0,0,1.0,1.0,0.0,1,3,0.0,4,7,1,1
12355,31.0,1,999,0,1.4,93.918,-42.7,4.966,5228.1,999.0,0,0.0,0.0,1.0,2,8,0.0,6,7,1,1
12356,27.0,2,999,0,1.4,93.918,-42.7,4.958,5228.1,999.0,0,1.0,1.0,0.0,1,7,0.0,10,7,1,1
12357,29.0,3,999,0,1.4,93.444,-36.1,4.968,5228.1,999.0,0,1.0,1.0,0.0,1,6,0.0,9,8,1,1
12358,31.0,6,999,0,-1.8,92.893,-46.2,1.25,5099.1,999.0,0,1.0,1.0,1.0,2,8,0.0,4,5,1,1
12359,30.0,2,16,1,-1.1,94.601,-49.5,0.942,4963.6,0.533333333333,1,0.0,0.0,0.0,4,7,0.0,5,10,1,3
12360,24.0,1,999,0,1.4,94.465,-41.8,4.96,5228.1,999.0,0,1.0,0.0,1.0,2,7,0.0,10,6,2,1
12361,31.0,2,999,0,-1.8,93.749,-34.6,0.654,5008.7,999.0,0,0.0,0.0,0.0,2,8,0.0,6,4,1,1
12362,31.0,3,999,0,1.4,93.444,-36.1,4.965,5228.1,999.0,0,0.0,0.0,0.0,2,7,0.0,6,8,1,1
12363,34.0,1,999,0,1.1,93.994,-36.4,4.856,5191.0,999.0,0,1.0,0.0,1.0,1,5,0.0,6,5,1,1
12364,47.0,3,999,0,-1.8,92.893,-46.2,1.244,5099.1,999.0,0,1.0,0.0,0.0,1,5,0.0,9,5,2,1
12365,32.0,2,999,1,-0.1,93.2,-42.0,4.12,5195.8,999.0,2,0.0,1.0,0.0,2,7,0.0,7,11,1,2
12366,57.0,5,999,0,1.1,93.994,-36.4,4.859,5191.0,999.0,0,1.0,1.0,1.0,3,5,0.0,9,5,1,1
12367,31.0,18,999,0,1.4,93.444,-36.1,4.962,5228.1,999.0,0,0.0,0.0,1.0,2,6,0.0,9,8,1,1
12368,35.0,4,999,0,-1.8,92.893,-46.2,1.244,5099.1,999.0,0,1.0,0.0,0.0,1,8,0.0,5,5,2,1
12369,31.0,18,999,0,1.4,93.444,-36.1,4.962,5228.1,999.0,0,1.0,0.0,0.0,2,7,0.0,5,8,1,1
12370,31.0,1,999,0,-1.8,92.893,-46.2,1.266,5099.1,999.0,0,1.0,0.0,0.0,1,7,0.0,5,5,1,1
12371,44.0,1,999,0,1.4,93.444,-36.1,4.964,5228.1,999.0,0,1.0,0.0,0.0,2,5,0.0,7,8,1,1
12372,54.0,5,999,0,1.4,93.918,-42.7,4.962,5228.1,999.0,0,0.0,0.0,0.0,3,5,0.0,6,7,1,1
12373,49.0,8,999,0,1.4,93.444,-36.1,4.965,5228.1,999.0,0,1.0,0.0,0.0,2,8,0.0,9,8,1,1
12374,31.0,1,999,0,1.1,93.994,-36.4,4.857,5191.0,999.0,0,1.0,0.0,1.0,2,3,0.0,6,5,1,1
12375,50.0,2,999,1,-1.8,93.075,-47.1,1.483,5099.1,999.0,6,0.0,0.0,0.0,1,4,0.0,1,4,1,2
12376,24.0,9,999,0,-1.8,92.893,-46.2,1.27,5099.1,999.0,0,1.0,0.0,0.0,1,7,0.0,3,5,1,1
12377,41.0,1,999,0,1.4,94.465,-41.8,4.866,5228.1,999.0,0,0.0,0.0,1.0,2,8,0.0,3,6,1,1
12378,43.0,1,999,0,-1.8,92.893,-46.2,1.327,5099.1,999.0,0,1.0,0.0,0.0,2,4,0.0,4,5,1,1
12379,31.0,2,999,0,1.4,93.918,-42.7,4.963,5228.1,999.0,0,0.0,0.0,0.0,3,4,0.0,9,7,1,1
12380,26.0,3,999,0,1.4,94.465,-41.8,4.961,5228.1,999.0,0,0.0,0.0,1.0,1,7,0.0,5,6,1,1
12381,43.0,1,999,0,1.1,93.994,-36.4,4.858,5191.0,999.0,0,0.0,1.0,1.0,2,2,0.0,4,5,1,1
12382,34.0,1,999,0,-0.1,93.2,-42.0,4.12,5195.8,999.0,0,0.0,0.0,0.0,3,8,0.0,9,11,1,1
12383,68.0,1,999,0,-1.8,93.749,-34.6,0.644,5008.7,999.0,0,1.0,0.0,0.0,2,2,0.0,8,4,1,1
12384,32.0,1,999,0,-1.7,94.215,-40.3,0.893,4991.6,999.0,0,0.0,0.0,0.0,1,7,0.0,6,7,1,1
12385,46.0,1,999,0,-1.8,92.893,-46.2,1.334,5099.1,999.0,0,1.0,1.0,0.0,3,4,0.0,9,5,1,1
12386,38.0,2,999,0,-1.8,92.893,-46.2,1.266,5099.1,999.0,0,1.0,0.0,0.0,2,5,0.0,4,5,1,1
12387,39.0,8,999,0,1.4,93.444,-36.1,4.963,5228.1,999.0,0,0.0,0.0,0.0,2,7,0.0,6,8,1,1
12388,46.0,3,999,0,1.4,93.918,-42.7,4.962,5228.1,999.0,0,0.0,1.0,0.0,1,3,0.0,4,7,2,1
12389,31.0,5,999,0,-0.1,93.2,-42.0,4.021,5195.8,999.0,0,1.0,1.0,0.0,2,5,0.0,4,11,1,1
12390,33.0,23,999,0,1.4,94.465,-41.8,4.962,5228.1,999.0,0,1.0,0.0,1.0,2,8,0.0,4,6,1,1
12391,27.0,4,999,0,-1.8,92.893,-46.2,1.291,5099.1,999.0,0,0.0,0.0,0.0,1,5,0.0,4,5,1,1
12392,31.0,1,999,0,-0.1,93.2,-42.0,4.021,5195.8,999.0,0,1.0,0.0,0.0,2,7,0.0,3,11,1,1
12393,25.0,16,999,0,1.4,93.918,-42.7,4.968,5228.1,999.0,0,0.0,0.0,0.0,1,8,0.0,5,7,1,1
12394,35.0,1,999,0,-2.9,92.201,-31.4,0.883,5076.2,999.0,0,0.0,1.0,0.0,1,8,0.0,6,8,1,1
12395,27.0,3,999,0,-2.9,92.963,-40.8,1.281,5076.2,999.0,0,0.0,0.0,0.0,1,7,0.0,6,6,2,1
12396,36.0,7,999,0,1.4,93.444,-36.1,4.963,5228.1,999.0,0,0.0,0.0,0.0,1,5,0.0,5,8,1,1
12397,48.0,1,999,0,1.4,93.918,-42.7,4.962,5228.1,999.0,0,0.0,0.0,0.0,2,2,0.0,4,7,1,1
12398,21.0,3,999,1,-1.8,92.893,-46.2,1.281,5099.1,999.0,1,0.0,0.0,0.0,1,5,0.0,11,5,1,2
12399,43.0,4,999,0,-1.8,93.075,-47.1,1.405,5099.1,999.0,0,1.0,0.0,0.0,1,7,0.0,9,4,2,1
12400,31.0,3,999,0,1.1,93.994,-36.4,4.864,5191.0,999.0,0,1.0,0.0,1.0,2,5,0.0,1,5,1,1
12401,31.0,1,999,0,-3.4,92.379,-29.8,0.753,5017.5,999.0,0,0.0,0.0,0.0,3,5,0.0,2,9,1,1
12402,58.0,2,999,0,-1.7,94.215,-40.3,0.81,4991.6,999.0,0,1.0,1.0,0.0,2,5,0.0,6,7,1,1
12403,66.0,1,999,0,-1.7,94.215,-40.3,0.835,4991.6,999.0,0,0.0,0.0,0.0,2,8,0.0,8,7,1,1
12404,35.0,1,999,0,1.1,93.994,-36.4,4.856,5191.0,999.0,0,0.0,0.0,1.0,1,7,0.0,6,5,1,1
12405,47.0,5,999,0,1.4,93.444,-36.1,4.964,5228.1,999.0,0,1.0,0.0,0.0,2,7,0.0,6,8,1,1
12406,31.0,1,999,0,-1.8,92.893,-46.2,1.281,5099.1,999.0,0,0.0,0.0,0.0,1,3,0.0,4,5,1,1
12407,31.0,1,999,0,-0.2,92.756,-45.9,3.428,5176.3,999.0,0,1.0,0.0,1.0,2,6,0.0,5,12,1,1
12408,47.0,3,999,0,1.4,93.918,-42.7,4.962,5228.1,999.0,0,1.0,0.0,0.0,3,8,0.0,5,7,1,1
12409,31.0,1,999,0,-1.8,92.893,-46.2,1.327,5099.1,999.0,0,1.0,0.0,0.0,3,7,0.0,1,5,1,1
12410,56.0,3,999,0,1.1,93.994,-36.4,4.857,5191.0,999.0,0,0.0,0.0,1.0,2,8,0.0,4,5,1,1
12411,47.0,1,999,0,1.4,93.444,-36.1,4.966,5228.1,999.0,0,1.0,0.0,0.0,2,5,0.0,6,8,1,1
12412,31.0,1,999,1,-1.8,93.075,-47.1,1.405,5099.1,999.0,3,1.0,0.0,0.0,3,8,0.0,5,4,1,2
12413,31.0,1,999,0,1.4,93.444,-36.1,4.968,5228.1,999.0,0,0.0,0.0,0.0,2,8,0.0,6,8,1,1
12414,50.0,2,999,0,1.4,93.444,-36.1,4.963,5228.1,999.0,0,0.0,0.0,0.0,2,8,0.0,4,8,2,1
12415,34.0,1,999,0,-1.8,92.893,-46.2,1.327,5099.1,999.0,0,1.0,0.0,0.0,1,5,0.0,9,5,1,1
12416,38.0,4,999,0,1.4,94.465,-41.8,4.967,5228.1,999.0,0,1.0,1.0,1.0,2,4,0.0,4,6,1,1
12417,42.0,1,999,0,-1.8,92.893,-46.2,1.25,5099.1,999.0,0,1.0,0.0,0.0,2,8,0.0,3,5,1,1
12418,48.0,7,999,0,1.1,93.994,-36.4,4.855,5191.0,999.0,0,0.0,0.0,1.0,3,2,0.0,4,5,1,1
12419,46.0,2,999,3,-1.7,94.027,-38.3,0.898,4991.6,999.0,0,0.0,0.0,0.0,2,5,0.0,6,8,2,2
12420,43.0,2,999,0,1.4,93.918,-42.7,4.956,5228.1,999.0,0,0.0,0.0,1.0,1,6,0.0,5,7,1,1
12421,31.0,5,9,1,-1.8,93.075,-47.1,1.405,5099.1,0.3,1,1.0,0.0,0.0,3,7,0.0,8,4,2,3
12422,31.0,7,999,0,1.4,94.465,-41.8,4.865,5228.1,999.0,0,1.0,0.0,1.0,2,8,0.0,9,6,2,1
12423,53.0,2,999,0,-1.8,93.075,-47.1,1.365,5099.1,999.0,0,0.0,1.0,0.0,1,7,0.0,6,4,1,1
12424,34.0,2,999,0,1.1,93.994,-36.4,4.86,5191.0,999.0,0,0.0,0.0,1.0,2,5,0.0,9,5,1,1
12425,48.0,1,999,0,1.4,94.465,-41.8,4.96,5228.1,999.0,0,1.0,1.0,1.0,2,5,0.0,5,6,2,1
12426,30.0,1,999,1,-3.0,92.713,-33.0,0.717,5023.5,999.0,4,0.0,0.0,0.0,1,8,0.0,11,12,2,2
12427,31.0,2,999,0,1.4,93.918,-42.7,4.963,5228.1,999.0,0,0.0,1.0,0.0,2,5,0.0,9,7,1,1
12428,43.0,3,999,0,1.1,93.994,-36.4,4.857,5191.0,999.0,0,0.0,0.0,1.0,1,8,0.0,4,5,1,1
12429,32.0,1,999,0,1.1,93.994,-36.4,4.86,5191.0,999.0,0,0.0,0.0,1.0,2,2,0.0,2,5,1,1
12430,44.0,3,999,0,-1.8,92.893,-46.2,1.327,5099.1,999.0,0,0.0,0.0,0.0,2,4,0.0,4,5,1,1
12431,31.0,5,999,0,1.1,93.994,-36.4,4.86,5191.0,999.0,0,1.0,0.0,1.0,2,3,0.0,4,5,1,1
12432,28.0,1,999,0,-1.8,92.893,-46.2,1.244,5099.1,999.0,0,1.0,0.0,0.0,1,8,0.0,5,5,2,1
12433,33.0,2,999,0,1.4,93.444,-36.1,4.966,5228.1,999.0,0,0.0,0.0,0.0,2,5,0.0,5,8,1,1
12434,55.0,1,999,1,-1.8,93.075,-47.1,1.483,5099.1,999.0,1,1.0,0.0,0.0,3,2,0.0,4,4,1,2
12435,46.0,2,999,0,1.4,93.918,-42.7,4.963,5228.1,999.0,0,0.0,1.0,0.0,3,5,0.0,6,7,1,1
12436,31.0,2,999,0,1.1,93.994,-36.4,4.857,5191.0,999.0,0,0.0,0.0,1.0,2,8,0.0,2,5,1,1
12437,48.0,3,999,0,1.4,93.444,-36.1,4.963,5228.1,999.0,0,1.0,0.0,0.0,2,5,0.0,5,8,1,1
12438,31.0,1,999,0,1.4,93.918,-42.7,4.96,5228.1,999.0,0,1.0,0.0,0.0,2,7,0.0,6,7,1,1
12439,40.0,3,999,0,1.1,93.994,-36.4,4.859,5191.0,999.0,0,0.0,0.0,1.0,2,8,0.0,3,5,1,1
12440,32.0,3,999,0,-1.8,93.075,-47.1,1.453,5099.1,999.0,0,1.0,0.0,0.0,1,7,0.0,5,4,1,1
12441,31.0,1,999,0,1.4,93.444,-36.1,4.964,5228.1,999.0,0,1.0,0.0,0.0,1,7,0.0,5,8,1,1
12442,28.0,4,999,2,-1.8,93.369,-34.8,0.65,5008.7,999.0,2,1.0,0.0,0.0,1,8,0.0,6,3,1,2
12443,31.0,2,999,0,1.4,93.918,-42.7,4.962,5228.1,999.0,0,1.0,0.0,0.0,2,4,0.0,4,7,1,1
12444,31.0,1,999,0,-1.8,92.893,-46.2,1.327,5099.1,999.0,0,1.0,0.0,0.0,2,8,0.0,6,5,1,1
12445,31.0,1,999,0,1.4,93.444,-36.1,4.963,5228.1,999.0,0,0.0,1.0,0.0,2,7,0.0,6,8,1,1
12446,45.0,1,999,0,1.4,93.444,-36.1,4.967,5228.1,999.0,0,1.0,0.0,0.0,2,4,0.0,8,8,1,1
12447,38.0,2,999,0,1.1,93.994,-36.4,4.858,5191.0,999.0,0,0.0,0.0,1.0,2,3,0.0,4,5,1,1
12448,38.0,3,999,0,1.4,94.465,-41.8,4.959,5228.1,999.0,0,0.0,0.0,1.0,2,2,0.0,4,6,1,1
12449,31.0,1,999,0,-2.9,92.963,-40.8,1.262,5076.2,999.0,0,1.0,0.0,0.0,2,8,0.0,6,6,1,1
12450,31.0,3,999,0,1.4,93.918,-42.7,4.962,5228.1,999.0,0,1.0,0.0,0.0,1,5,0.0,7,7,1,1
12451,38.0,4,999,0,1.4,94.465,-41.8,4.967,5228.1,999.0,0,1.0,0.0,1.0,2,8,0.0,5,6,1,1
12452,37.0,5,999,0,-1.8,92.893,-46.2,1.25,5099.1,999.0,0,0.0,0.0,0.0,2,8,0.0,6,5,1,1
12453,46.0,1,999,0,-2.9,92.963,-40.8,1.262,5076.2,999.0,0,1.0,0.0,0.0,2,4,0.0,10,6,1,1
12454,31.0,1,999,0,1.4,93.918,-42.7,4.968,5228.1,999.0,0,1.0,0.0,1.0,2,7,0.0,3,7,1,1
12455,27.0,2,999,1,-1.8,92.893,-46.2,1.334,5099.1,999.0,1,1.0,0.0,0.0,1,8,0.0,9,5,1,2
12456,31.0,1,999,0,1.1,93.994,-36.4,4.857,5191.0,999.0,0,1.0,0.0,1.0,2,7,0.0,3,5,1,1
12457,31.0,3,999,0,1.1,93.994,-36.4,4.856,5191.0,999.0,0,1.0,0.0,1.0,1,4,0.0,3,5,1,1
12458,28.0,2,999,0,-1.8,93.075,-47.1,1.435,5099.1,999.0,0,1.0,0.0,0.0,1,8,0.0,9,4,1,1
12459,31.0,2,999,0,1.4,93.444,-36.1,4.97,5228.1,999.0,0,0.0,0.0,0.0,1,7,0.0,6,8,2,1
12460,30.0,7,999,0,-1.8,92.893,-46.2,1.266,5099.1,999.0,0,1.0,0.0,1.0,2,4,0.0,5,5,1,1
12461,53.0,1,999,0,1.4,93.918,-42.7,4.962,5228.1,999.0,0,1.0,1.0,1.0,2,8,0.0,4,7,1,1
12462,34.0,1,999,0,-1.8,92.893,-46.2,1.25,5099.1,999.0,0,1.0,0.0,0.0,3,5,0.0,9,5,1,1
12463,55.0,1,999,0,1.4,93.444,-36.1,4.968,5228.1,999.0,0,1.0,0.0,0.0,2,2,0.0,4,8,1,1
12464,31.0,3,999,0,1.4,93.918,-42.7,4.957,5228.1,999.0,0,1.0,1.0,0.0,1,8,0.0,5,7,1,1
12465,31.0,3,999,0,1.4,93.918,-42.7,4.961,5228.1,999.0,0,0.0,1.0,0.0,1,8,0.0,4,7,1,1
12466,40.0,1,999,0,1.1,93.994,-36.4,4.856,5191.0,999.0,0,0.0,0.0,1.0,2,4,0.0,4,5,1,1
12467,31.0,2,999,0,1.4,93.444,-36.1,4.965,5228.1,999.0,0,0.0,0.0,0.0,2,2,0.0,4,8,2,1
12468,54.0,1,999,0,-0.1,93.2,-42.0,4.153,5195.8,999.0,0,0.0,0.0,0.0,2,5,0.0,8,11,1,1
12469,37.0,1,999,0,1.4,93.918,-42.7,4.963,5228.1,999.0,0,0.0,0.0,0.0,3,7,0.0,5,7,1,1
12470,27.0,2,999,0,1.4,93.918,-42.7,4.963,5228.1,999.0,0,1.0,0.0,0.0,2,3,0.0,4,7,1,1
12471,30.0,1,999,0,-1.8,92.893,-46.2,1.327,5099.1,999.0,0,0.0,1.0,0.0,1,4,0.0,4,5,1,1
12472,24.0,4,999,0,1.1,93.994,-36.4,4.856,5191.0,999.0,0,0.0,0.0,1.0,1,8,0.0,6,5,1,1
12473,51.0,2,999,0,-1.8,92.893,-46.2,1.354,5099.1,999.0,0,1.0,0.0,0.0,2,8,0.0,4,5,2,1
12474,44.0,1,999,0,1.1,93.994,-36.4,4.859,5191.0,999.0,0,0.0,0.0,1.0,2,4,0.0,2,5,1,1
12475,40.0,2,999,0,1.4,94.465,-41.8,4.96,5228.1,999.0,0,0.0,0.0,1.0,2,6,0.0,5,6,2,1
12476,38.0,1,999,1,-1.8,92.893,-46.2,1.299,5099.1,999.0,2,0.0,1.0,1.0,2,8,0.0,4,5,2,2
12477,31.0,1,999,0,1.1,93.994,-36.4,4.864,5191.0,999.0,0,0.0,1.0,1.0,2,2,0.0,4,5,1,1
12478,29.0,1,999,0,1.4,93.918,-42.7,4.961,5228.1,999.0,0,1.0,0.0,0.0,1,8,0.0,4,7,1,1
12479,33.0,2,999,0,1.1,93.994,-36.4,4.855,5191.0,999.0,0,1.0,1.0,1.0,2,8,0.0,4,5,1,1
12480,41.0,1,999,0,-0.2,92.756,-45.9,3.669,5176.3,999.0,0,0.0,1.0,0.0,3,6,0.0,5,12,1,1
12481,31.0,1,999,0,1.4,93.918,-42.7,4.962,5228.1,999.0,0,1.0,0.0,0.0,2,4,0.0,4,7,1,1
12482,38.0,1,999,0,1.4,94.465,-41.8,4.961,5228.1,999.0,0,0.0,0.0,1.0,2,8,0.0,9,6,1,1
12483,31.0,5,999,0,1.4,93.444,-36.1,4.963,5228.1,999.0,0,0.0,0.0,0.0,2,7,0.0,6,8,2,1
12484,31.0,1,999,0,1.4,93.444,-36.1,4.966,5228.1,999.0,0,1.0,0.0,0.0,2,6,0.0,5,8,1,1
12485,31.0,1,999,0,1.4,94.465,-41.8,4.967,5228.1,999.0,0,0.0,0.0,1.0,2,8,0.0,5,6,1,1
12486,31.0,1,999,0,1.4,94.465,-41.8,4.96,5228.1,999.0,0,1.0,0.0,1.0,1,7,0.0,7,6,2,1
12487,40.0,4,999,0,1.1,93.994,-36.4,4.857,5191.0,999.0,0,1.0,0.0,1.0,2,5,0.0,9,5,2,1
12488,37.0,1,999,0,1.1,93.994,-36.4,4.857,5191.0,999.0,0,1.0,0.0,1.0,1,6,0.0,5,5,1,1
12489,31.0,1,999,0,1.4,94.465,-41.8,4.959,5228.1,999.0,0,0.0,0.0,1.0,2,8,0.0,6,6,1,1
12490,59.0,3,999,0,1.1,93.994,-36.4,4.856,5191.0,999.0,0,1.0,0.0,1.0,3,2,0.0,8,5,1,1
12491,57.0,4,999,0,1.4,93.918,-42.7,4.961,5228.1,999.0,0,1.0,0.0,1.0,3,7,0.0,6,7,1,1
12492,25.0,1,999,0,-1.8,93.075,-47.1,1.445,5099.1,999.0,0,1.0,0.0,0.0,1,6,0.0,6,4,1,1
12493,31.0,2,999,2,-3.4,92.649,-30.1,0.715,5017.5,999.0,2,0.0,0.0,0.0,1,7,0.0,6,11,1,2
12494,31.0,6,999,0,1.4,93.444,-36.1,4.964,5228.1,999.0,0,0.0,0.0,0.0,1,7,0.0,6,8,1,1
12495,31.0,3,999,0,-1.8,93.075,-47.1,1.41,5099.1,999.0,0,1.0,0.0,0.0,2,4,0.0,7,4,1,1
12496,23.0,2,999,1,-1.8,92.893,-46.2,1.266,5099.1,999.0,3,1.0,0.0,0.0,1,5,0.0,11,5,1,2
12497,31.0,1,999,0,-2.9,92.963,-40.8,1.262,5076.2,999.0,0,1.0,1.0,0.0,2,7,0.0,6,6,1,1
12498,36.0,2,999,0,-0.1,93.2,-42.0,4.12,5195.8,999.0,0,0.0,0.0,0.0,2,8,0.0,3,11,1,1
12499,31.0,3,999,0,1.4,93.918,-42.7,4.961,5228.1,999.0,0,0.0,0.0,0.0,2,7,0.0,8,7,1,1
12500,29.0,1,999,0,1.4,94.465,-41.8,4.962,5228.1,999.0,0,1.0,1.0,1.0,2,8,0.0,4,6,1,1
12501,60.0,1,999,0,1.1,93.994,-36.4,4.858,5191.0,999.0,0,1.0,0.0,1.0,2,8,0.0,2,5,1,1
12502,28.0,1,999,0,1.4,93.918,-42.7,4.96,5228.1,999.0,0,1.0,0.0,0.0,1,5,0.0,6,7,2,1
12503,41.0,1,999,1,-1.8,93.075,-47.1,1.415,5099.1,999.0,3,1.0,1.0,0.0,2,5,0.0,9,4,1,2
12504,38.0,2,999,0,1.1,93.994,-36.4,4.86,5191.0,999.0,0,1.0,0.0,1.0,1,5,0.0,9,5,1,1
12505,31.0,1,999,0,1.1,93.994,-36.4,4.86,5191.0,999.0,0,1.0,0.0,1.0,2,8,0.0,6,5,1,1
12506,37.0,2,999,0,-0.1,93.2,-42.0,4.076,5195.8,999.0,0,1.0,0.0,0.0,2,4,0.0,3,11,1,1
12507,53.0,2,999,0,-0.1,93.2,-42.0,4.021,5195.8,999.0,0,1.0,0.0,0.0,2,5,0.0,6,11,1,1
12508,41.0,3,999,0,1.4,93.918,-42.7,4.957,5228.1,999.0,0,1.0,0.0,0.0,2,4,0.0,1,7,1,1
12509,31.0,1,999,0,1.4,93.444,-36.1,4.964,5228.1,999.0,0,1.0,1.0,0.0,2,8,0.0,5,8,1,1
12510,45.0,3,999,0,1.1,93.994,-36.4,4.858,5191.0,999.0,0,1.0,0.0,1.0,2,5,0.0,6,5,1,1
12511,31.0,3,999,0,1.4,93.918,-42.7,4.962,5228.1,999.0,0,0.0,1.0,0.0,2,8,0.0,4,7,2,1
12512,43.0,1,999,0,1.1,93.994,-36.4,4.857,5191.0,999.0,0,1.0,0.0,1.0,3,8,0.0,6,5,1,1
12513,42.0,2,999,0,1.4,93.918,-42.7,4.962,5228.1,999.0,0,0.0,0.0,0.0,1,7,0.0,7,7,2,1
12514,32.0,2,999,0,1.1,93.994,-36.4,4.856,5191.0,999.0,0,0.0,0.0,1.0,2,8,0.0,4,5,1,1
12515,45.0,2,999,0,1.4,94.465,-41.8,4.961,5228.1,999.0,0,1.0,0.0,1.0,2,8,0.0,6,6,1,1
12516,36.0,2,999,0,-1.8,92.893,-46.2,1.291,5099.1,999.0,0,0.0,0.0,0.0,2,4,0.0,4,5,1,1
12517,57.0,1,999,0,1.4,93.918,-42.7,4.962,5228.1,999.0,0,1.0,0.0,0.0,2,8,0.0,2,7,1,1
12518,24.0,5,999,0,-1.8,92.893,-46.2,1.25,5099.1,999.0,0,1.0,1.0,0.0,1,5,0.0,9,5,1,1
12519,31.0,1,999,0,1.1,93.994,-36.4,4.856,5191.0,999.0,0,1.0,0.0,1.0,2,5,0.0,3,5,1,1
12520,41.0,3,999,0,-1.8,93.075,-47.1,1.405,5099.1,999.0,0,0.0,0.0,0.0,2,8,0.0,4,4,2,1
12521,47.0,1,999,0,1.4,93.918,-42.7,4.96,5228.1,999.0,0,1.0,0.0,0.0,2,4,0.0,6,7,2,1
12522,30.0,2,999,0,-1.8,93.075,-47.1,1.365,5099.1,999.0,0,1.0,1.0,0.0,2,8,0.0,5,4,1,1
12523,30.0,1,999,0,1.1,93.994,-36.4,4.855,5191.0,999.0,0,1.0,0.0,1.0,2,4,0.0,4,5,1,1
12524,45.0,2,999,0,1.4,93.918,-42.7,4.962,5228.1,999.0,0,1.0,0.0,0.0,2,5,0.0,10,7,2,1
12525,31.0,2,999,0,-0.1,93.2,-42.0,4.12,5195.8,999.0,0,1.0,0.0,0.0,1,5,0.0,6,11,1,1
12526,47.0,2,999,0,-1.8,92.893,-46.2,1.244,5099.1,999.0,0,1.0,1.0,0.0,2,6,0.0,7,5,1,1
12527,43.0,1,999,0,1.1,93.994,-36.4,4.857,5191.0,999.0,0,0.0,0.0,1.0,2,8,0.0,7,5,1,1
12528,31.0,2,999,0,1.4,94.465,-41.8,4.864,5228.1,999.0,0,0.0,0.0,1.0,3,7,0.0,6,6,1,1
12529,35.0,1,999,0,1.4,93.444,-36.1,4.965,5228.1,999.0,0,0.0,1.0,0.0,1,8,0.0,6,8,1,1
12530,27.0,4,999,0,1.4,93.918,-42.7,4.963,5228.1,999.0,0,0.0,0.0,1.0,1,4,0.0,9,7,1,1
12531,40.0,22,999,0,1.4,93.444,-36.1,4.962,5228.1,999.0,0,0.0,1.0,0.0,3,8,0.0,5,8,1,1
12532,41.0,1,999,0,1.1,93.994,-36.4,4.859,5191.0,999.0,0,0.0,0.0,1.0,2,8,0.0,4,5,1,1
12533,31.0,2,999,0,-1.8,92.893,-46.2,1.334,5099.1,999.0,0,0.0,0.0,0.0,2,2,0.0,4,5,1,1
12534,59.0,2,999,0,1.4,93.444,-36.1,4.964,5228.1,999.0,0,1.0,0.0,0.0,3,6,0.0,6,8,1,1
12535,31.0,1,999,0,1.1,93.994,-36.4,4.857,5191.0,999.0,0,0.0,0.0,1.0,2,8,0.0,4,5,1,1
12536,52.0,1,999,0,-0.1,93.2,-42.0,4.021,5195.8,999.0,0,0.0,0.0,0.0,2,7,0.0,8,11,1,1
12537,31.0,3,999,0,-0.1,93.2,-42.0,4.021,5195.8,999.0,0,0.0,0.0,0.0,2,7,0.0,3,11,1,1
12538,52.0,2,999,0,1.4,93.444,-36.1,4.964,5228.1,999.0,0,0.0,0.0,0.0,2,8,0.0,4,8,1,1
12539,33.0,1,999,0,1.1,93.994,-36.4,4.857,5191.0,999.0,0,1.0,0.0,1.0,2,4,0.0,4,5,1,1
12540,57.0,1,3,2,-3.4,92.649,-30.1,0.716,5017.5,0.1,2,0.0,0.0,0.0,2,7,0.0,6,11,1,3
12541,37.0,2,999,0,-0.1,93.2,-42.0,4.153,5195.8,999.0,0,1.0,0.0,0.0,2,8,0.0,5,11,1,1
12542,31.0,4,999,0,1.4,94.465,-41.8,4.962,5228.1,999.0,0,0.0,0.0,1.0,1,8,0.0,9,6,1,1
12543,47.0,1,999,0,1.4,94.465,-41.8,4.961,5228.1,999.0,0,0.0,0.0,1.0,2,8,0.0,6,6,1,1
12544,31.0,1,999,0,-1.8,92.893,-46.2,1.266,5099.1,999.0,0,1.0,0.0,0.0,2,5,0.0,2,5,1,1
12545,27.0,1,999,0,1.4,94.465,-41.8,4.864,5228.1,999.0,0,0.0,0.0,1.0,2,4,0.0,4,6,1,1
12546,38.0,1,999,0,1.4,94.465,-41.8,4.961,5228.1,999.0,0,0.0,0.0,1.0,2,7,0.0,6,6,1,1
12547,31.0,6,999,0,1.1,93.994,-36.4,4.864,5191.0,999.0,0,1.0,0.0,1.0,2,8,0.0,6,5,1,1
12548,32.0,2,999,1,-1.8,92.843,-50.0,1.703,5099.1,999.0,0,1.0,0.0,0.0,1,7,0.0,3,3,2,2
12549,44.0,2,999,0,1.1,93.994,-36.4,4.857,5191.0,999.0,0,1.0,1.0,1.0,1,6,0.0,5,5,1,1
12550,47.0,1,999,1,-0.1,93.2,-42.0,4.12,5195.8,999.0,0,0.0,0.0,0.0,2,8,0.0,5,11,1,2
12551,38.0,6,999,0,1.4,93.444,-36.1,4.965,5228.1,999.0,0,1.0,0.0,0.0,2,8,0.0,6,8,1,1
12552,29.0,4,999,0,1.1,93.994,-36.4,4.857,5191.0,999.0,0,1.0,0.0,1.0,2,8,0.0,6,5,1,1
12553,45.0,2,999,1,-1.7,94.027,-38.3,0.896,4991.6,999.0,3,0.0,0.0,0.0,2,7,0.0,5,8,2,2
12554,55.0,5,999,0,1.1,93.994,-36.4,4.857,5191.0,999.0,0,1.0,0.0,1.0,2,8,0.0,8,5,1,1
12555,48.0,2,999,0,1.1,93.994,-36.4,4.86,5191.0,999.0,0,1.0,0.0,1.0,2,7,0.0,1,5,1,1
12556,35.0,1,999,0,-1.8,92.893,-46.2,1.299,5099.1,999.0,0,0.0,0.0,0.0,2,3,0.0,4,5,2,1
12557,31.0,1,999,0,1.1,93.994,-36.4,4.859,5191.0,999.0,0,1.0,0.0,1.0,1,8,0.0,4,5,1,1
12558,33.0,2,9,1,-1.8,92.893,-46.2,1.334,5099.1,0.3,2,0.0,0.0,0.0,2,8,0.0,4,5,1,3
12559,31.0,3,999,0,1.1,93.994,-36.4,4.86,5191.0,999.0,0,0.0,0.0,1.0,2,8,0.0,9,5,1,1
12560,30.0,2,999,0,1.4,93.918,-42.7,4.962,5228.1,999.0,0,0.0,0.0,0.0,2,8,0.0,4,7,1,1
12561,34.0,2,999,1,-0.1,93.2,-42.0,4.076,5195.8,999.0,0,1.0,1.0,0.0,2,8,0.0,10,11,1,2
12562,31.0,8,999,0,1.4,93.918,-42.7,4.963,5228.1,999.0,0,1.0,0.0,0.0,2,7,0.0,5,7,1,1
12563,48.0,3,999,0,1.4,93.444,-36.1,4.964,5228.1,999.0,0,0.0,0.0,0.0,2,8,0.0,4,8,1,1
12564,42.0,2,999,0,-0.1,93.2,-42.0,4.021,5195.8,999.0,0,1.0,0.0,0.0,2,8,0.0,6,11,1,1
12565,52.0,10,999,0,1.4,93.444,-36.1,4.965,5228.1,999.0,0,1.0,0.0,0.0,2,7,0.0,6,8,2,1
12566,32.0,1,999,0,1.4,93.918,-42.7,4.963,5228.1,999.0,0,0.0,0.0,0.0,1,4,0.0,9,7,1,1
12567,31.0,1,999,0,1.4,94.465,-41.8,4.961,5228.1,999.0,0,1.0,0.0,1.0,2,5,0.0,6,6,1,1
12568,31.0,3,999,0,-2.9,92.963,-40.8,1.235,5076.2,999.0,0,1.0,0.0,0.0,2,7,0.0,1,6,1,1
12569,54.0,4,999,0,1.1,93.994,-36.4,4.856,5191.0,999.0,0,0.0,0.0,1.0,3,7,0.0,6,5,1,1
12570,36.0,2,999,0,1.4,93.444,-36.1,4.963,5228.1,999.0,0,1.0,0.0,0.0,1,8,0.0,5,8,1,1
12571,45.0,1,999,0,-2.9,92.201,-31.4,0.884,5076.2,999.0,0,1.0,0.0,0.0,3,2,0.0,10,8,1,1
12572,31.0,2,999,0,1.1,93.994,-36.4,4.859,5191.0,999.0,0,0.0,0.0,1.0,3,3,0.0,4,5,1,1
12573,41.0,2,999,0,-1.8,93.075,-47.1,1.365,5099.1,999.0,0,1.0,0.0,0.0,3,8,0.0,5,4,1,1
12574,41.0,1,999,0,-1.8,92.893,-46.2,1.327,5099.1,999.0,0,1.0,1.0,0.0,2,8,0.0,4,5,1,1
12575,29.0,1,999,0,1.4,94.465,-41.8,4.866,5228.1,999.0,0,1.0,0.0,1.0,1,5,0.0,9,6,1,1
12576,48.0,1,999,0,1.4,93.444,-36.1,4.967,5228.1,999.0,0,1.0,1.0,0.0,2,8,0.0,9,8,1,1
12577,34.0,1,999,0,1.4,94.465,-41.8,4.959,5228.1,999.0,0,0.0,0.0,1.0,1,8,0.0,4,6,1,1
12578,32.0,1,999,0,1.4,93.444,-36.1,4.965,5228.1,999.0,0,0.0,0.0,0.0,2,7,0.0,6,8,2,1
12579,38.0,1,999,0,1.4,93.918,-42.7,4.968,5228.1,999.0,0,1.0,0.0,1.0,2,5,0.0,9,7,1,1
12580,31.0,1,999,0,1.4,93.918,-42.7,4.96,5228.1,999.0,0,1.0,1.0,0.0,2,3,0.0,4,7,2,1
12581,34.0,1,11,1,-1.8,93.369,-34.8,0.652,5008.7,0.366666666667,1,0.0,1.0,0.0,1,7,0.0,6,3,1,3
12582,45.0,2,999,0,1.1,93.994,-36.4,4.855,5191.0,999.0,0,0.0,0.0,1.0,2,8,0.0,4,5,1,1
12583,27.0,11,999,0,1.4,93.918,-42.7,4.962,5228.1,999.0,0,1.0,0.0,0.0,1,2,0.0,4,7,1,1
12584,35.0,2,999,0,-1.8,93.075,-47.1,1.405,5099.1,999.0,0,1.0,1.0,1.0,2,6,0.0,4,4,1,1
12585,33.0,1,999,0,1.1,93.994,-36.4,4.858,5191.0,999.0,0,1.0,0.0,1.0,2,6,0.0,5,5,1,1
12586,46.0,1,999,0,1.4,93.918,-42.7,4.963,5228.1,999.0,0,1.0,0.0,0.0,1,4,0.0,4,7,1,1
12587,58.0,1,999,0,-0.1,93.2,-42.0,4.021,5195.8,999.0,0,0.0,0.0,1.0,2,6,0.0,8,11,1,1
12588,46.0,2,999,2,-1.8,93.075,-47.1,1.445,5099.1,999.0,4,1.0,0.0,0.0,2,5,0.0,9,4,1,2
12589,33.0,3,999,0,1.4,94.465,-41.8,4.959,5228.1,999.0,0,0.0,0.0,1.0,3,7,0.0,6,6,1,1
12590,46.0,3,999,0,-2.9,92.201,-31.4,0.829,5076.2,999.0,0,1.0,0.0,0.0,2,7,0.0,6,8,1,1
12591,29.0,1,999,0,-1.8,92.893,-46.2,1.334,5099.1,999.0,0,0.0,0.0,0.0,2,4,0.0,4,5,1,1
12592,40.0,7,999,0,1.4,93.444,-36.1,4.966,5228.1,999.0,0,1.0,0.0,0.0,2,5,0.0,3,8,1,1
12593,31.0,2,3,2,-1.1,94.601,-49.5,0.959,4963.6,0.1,2,1.0,1.0,0.0,2,7,0.0,6,10,1,3
12594,37.0,1,999,0,1.4,94.465,-41.8,4.961,5228.1,999.0,0,1.0,0.0,1.0,2,6,0.0,5,6,2,1
12595,33.0,1,999,0,-1.8,92.893,-46.2,1.313,5099.1,999.0,0,1.0,1.0,0.0,1,3,0.0,4,5,1,1
12596,31.0,1,999,0,-0.1,93.2,-42.0,4.191,5195.8,999.0,0,1.0,0.0,0.0,2,8,0.0,4,11,2,1
12597,30.0,1,999,0,1.4,93.918,-42.7,4.957,5228.1,999.0,0,1.0,0.0,1.0,2,8,0.0,1,7,1,1
12598,31.0,1,999,0,1.4,93.444,-36.1,4.963,5228.1,999.0,0,0.0,0.0,0.0,2,8,0.0,1,8,1,1
12599,31.0,5,999,0,-2.9,92.963,-40.8,1.26,5076.2,999.0,0,0.0,0.0,0.0,3,8,0.0,4,6,1,1
12600,38.0,2,999,0,1.4,94.465,-41.8,4.961,5228.1,999.0,0,0.0,0.0,1.0,3,6,0.0,5,6,1,1
12601,32.0,3,999,0,1.4,93.444,-36.1,4.964,5228.1,999.0,0,0.0,0.0,0.0,2,4,0.0,12,8,1,1
12602,31.0,3,999,0,1.4,93.918,-42.7,4.968,5228.1,999.0,0,0.0,1.0,1.0,2,8,0.0,5,7,1,1
12603,31.0,1,999,0,1.4,94.465,-41.8,4.864,5228.1,999.0,0,0.0,0.0,1.0,2,8,0.0,2,6,1,1
12604,36.0,3,999,0,-1.8,92.893,-46.2,1.266,5099.1,999.0,0,1.0,1.0,0.0,1,8,0.0,7,5,1,1
12605,31.0,4,999,0,1.1,93.994,-36.4,4.857,5191.0,999.0,0,1.0,0.0,1.0,1,8,0.0,3,5,1,1
12606,35.0,1,999,0,-1.8,92.893,-46.2,1.313,5099.1,999.0,0,0.0,0.0,0.0,2,8,0.0,9,5,1,1
12607,31.0,3,999,0,1.4,93.918,-42.7,4.959,5228.1,999.0,0,0.0,0.0,1.0,2,5,0.0,4,7,1,1
12608,49.0,17,999,0,1.4,93.918,-42.7,4.961,5228.1,999.0,0,1.0,1.0,0.0,2,2,0.0,10,7,1,1
12609,40.0,1,999,0,1.4,94.465,-41.8,4.961,5228.1,999.0,0,0.0,0.0,1.0,2,6,0.0,5,6,2,1
12610,44.0,3,999,0,1.4,93.918,-42.7,4.968,5228.1,999.0,0,0.0,1.0,0.0,1,8,0.0,5,7,1,1
12611,32.0,1,999,1,-1.8,93.075,-47.1,1.41,5099.1,999.0,5,1.0,0.0,0.0,2,7,0.0,6,4,1,2
12612,41.0,2,999,0,1.4,93.918,-42.7,4.96,5228.1,999.0,0,0.0,1.0,0.0,2,7,0.0,6,7,2,1
12613,38.0,2,999,0,1.4,93.918,-42.7,4.968,5228.1,999.0,0,1.0,0.0,0.0,2,5,0.0,2,7,1,1
12614,26.0,6,999,0,1.4,94.465,-41.8,4.947,5228.1,999.0,0,0.0,0.0,1.0,2,5,0.0,6,6,1,1
12615,38.0,4,999,0,1.4,94.465,-41.8,4.865,5228.1,999.0,0,0.0,0.0,1.0,2,8,0.0,10,6,2,1
12616,27.0,3,999,0,1.4,94.465,-41.8,4.866,5228.1,999.0,0,1.0,0.0,1.0,2,2,0.0,4,6,1,1
12617,31.0,1,999,0,1.1,93.994,-36.4,4.864,5191.0,999.0,0,1.0,0.0,1.0,2,3,0.0,5,5,1,1
12618,40.0,1,999,0,-1.8,93.075,-47.1,1.365,5099.1,999.0,0,1.0,0.0,0.0,2,5,0.0,6,4,1,1
12619,31.0,1,999,1,-0.1,93.2,-42.0,4.153,5195.8,999.0,3,1.0,1.0,0.0,2,8,0.0,4,11,1,2
12620,31.0,2,999,0,1.1,93.994,-36.4,4.858,5191.0,999.0,0,1.0,1.0,1.0,2,6,0.0,4,5,1,1
12621,40.0,1,999,0,1.4,93.918,-42.7,4.963,5228.1,999.0,0,0.0,0.0,0.0,2,8,0.0,4,7,1,1
12622,60.0,1,999,0,1.4,93.444,-36.1,4.97,5228.1,999.0,0,1.0,0.0,0.0,2,8,0.0,8,8,2,1
12623,36.0,3,999,1,-0.1,93.2,-42.0,4.153,5195.8,999.0,0,1.0,0.0,0.0,1,8,0.0,3,11,1,2
12624,35.0,1,999,1,-1.8,92.893,-46.2,1.334,5099.1,999.0,2,0.0,0.0,0.0,2,8,0.0,5,5,1,2
12625,49.0,2,999,0,-0.1,93.2,-42.0,4.12,5195.8,999.0,0,1.0,0.0,0.0,2,6,0.0,5,11,1,1
12626,43.0,3,999,0,1.4,94.465,-41.8,4.959,5228.1,999.0,0,0.0,0.0,1.0,2,8,0.0,5,6,1,1
12627,24.0,1,999,1,-1.8,92.893,-46.2,1.281,5099.1,999.0,2,1.0,0.0,0.0,1,8,0.0,11,5,1,2
12628,27.0,2,999,0,1.1,93.994,-36.4,4.859,5191.0,999.0,0,1.0,0.0,1.0,3,8,0.0,4,5,1,1
12629,49.0,1,999,0,1.1,93.994,-36.4,4.864,5191.0,999.0,0,0.0,0.0,1.0,3,5,0.0,6,5,1,1
12630,36.0,2,999,0,1.4,94.465,-41.8,4.866,5228.1,999.0,0,1.0,0.0,1.0,2,5,0.0,9,6,1,1
12631,69.0,3,999,0,-3.4,92.379,-29.8,0.773,5017.5,999.0,0,0.0,0.0,0.0,2,5,0.0,8,9,1,1
12632,31.0,1,999,1,-1.8,92.893,-46.2,1.334,5099.1,999.0,0,0.0,0.0,0.0,2,5,0.0,9,5,1,2
12633,35.0,1,999,0,-1.8,93.075,-47.1,1.405,5099.1,999.0,0,0.0,0.0,0.0,2,7,0.0,6,4,1,1
12634,54.0,1,999,0,-1.8,93.075,-47.1,1.405,5099.1,999.0,0,1.0,0.0,0.0,2,8,0.0,5,4,2,1
12635,31.0,3,999,0,1.4,93.444,-36.1,4.964,5228.1,999.0,0,1.0,0.0,0.0,1,6,0.0,5,8,1,1
12636,32.0,1,999,0,1.4,93.918,-42.7,4.963,5228.1,999.0,0,0.0,0.0,0.0,2,4,0.0,4,7,1,1
12637,31.0,2,999,0,-1.8,92.893,-46.2,1.313,5099.1,999.0,0,0.0,0.0,0.0,2,5,0.0,6,5,1,1
12638,39.0,1,999,1,-1.8,92.893,-46.2,1.25,5099.1,999.0,3,0.0,0.0,0.0,2,3,0.0,4,5,1,2
12639,29.0,2,999,0,1.1,93.994,-36.4,4.856,5191.0,999.0,0,0.0,0.0,1.0,2,6,0.0,5,5,1,1
12640,39.0,1,999,1,-1.8,92.893,-46.2,1.266,5099.1,999.0,2,0.0,0.0,0.0,2,6,0.0,5,5,1,2
12641,36.0,1,6,1,-1.7,94.055,-39.8,0.739,4991.6,0.2,3,0.0,0.0,0.0,1,5,0.0,4,6,1,3
12642,41.0,2,999,0,1.4,93.918,-42.7,4.962,5228.1,999.0,0,0.0,0.0,0.0,1,7,0.0,5,7,1,1
12643,54.0,2,999,0,1.1,93.994,-36.4,4.864,5191.0,999.0,0,0.0,0.0,1.0,2,8,0.0,4,5,1,1
12644,35.0,2,999,0,-3.4,92.379,-29.8,0.819,5017.5,999.0,0,0.0,0.0,0.0,2,8,0.0,7,9,1,1
12645,31.0,3,999,0,-1.8,92.893,-46.2,1.334,5099.1,999.0,0,1.0,1.0,0.0,1,7,0.0,5,5,1,1
12646,31.0,1,999,0,-2.9,92.201,-31.4,0.854,5076.2,999.0,0,0.0,0.0,0.0,1,8,0.0,6,8,1,1
12647,33.0,1,999,0,1.1,93.994,-36.4,4.857,5191.0,999.0,0,0.0,1.0,1.0,1,7,0.0,5,5,1,1
12648,31.0,1,999,0,1.1,93.994,-36.4,4.858,5191.0,999.0,0,1.0,0.0,1.0,1,8,0.0,5,5,1,1
12649,31.0,2,999,0,1.4,93.444,-36.1,4.965,5228.1,999.0,0,0.0,1.0,0.0,3,8,0.0,6,8,2,1
12650,47.0,3,999,1,-2.9,92.963,-40.8,1.262,5076.2,999.0,1,1.0,0.0,0.0,2,4,0.0,3,6,1,2
12651,34.0,2,999,0,1.4,93.918,-42.7,4.968,5228.1,999.0,0,0.0,0.0,0.0,2,7,0.0,5,7,1,1
12652,31.0,1,999,1,-3.4,92.649,-30.1,0.714,5017.5,999.0,2,1.0,1.0,0.0,2,8,0.0,6,11,2,2
12653,31.0,1,999,0,-1.8,93.075,-47.1,1.405,5099.1,999.0,0,0.0,0.0,0.0,3,5,0.0,6,4,1,1
12654,31.0,1,999,0,1.4,93.444,-36.1,4.965,5228.1,999.0,0,0.0,0.0,0.0,2,3,0.0,4,8,1,1
12655,57.0,2,4,1,-2.9,92.201,-31.4,0.884,5076.2,0.133333333333,3,1.0,1.0,0.0,2,5,0.0,5,8,1,3
12656,52.0,4,999,0,1.4,93.444,-36.1,4.966,5228.1,999.0,0,0.0,0.0,0.0,2,5,0.0,4,8,1,1
12657,52.0,1,999,0,1.1,93.994,-36.4,4.859,5191.0,999.0,0,0.0,0.0,1.0,2,4,0.0,4,5,1,1
12658,31.0,1,999,1,-2.9,92.963,-40.8,1.266,5076.2,999.0,0,0.0,0.0,0.0,1,5,0.0,9,6,2,2
12659,27.0,4,999,0,1.1,93.994,-36.4,4.857,5191.0,999.0,0,1.0,1.0,1.0,1,5,0.0,6,5,1,1
12660,43.0,2,999,0,-0.1,93.2,-42.0,4.191,5195.8,999.0,0,1.0,0.0,0.0,2,8,0.0,4,11,2,1
12661,34.0,5,999,0,1.4,93.918,-42.7,4.968,5228.1,999.0,0,0.0,0.0,1.0,3,8,0.0,5,7,1,1
12662,31.0,4,999,0,1.4,93.918,-42.7,4.961,5228.1,999.0,0,1.0,0.0,0.0,2,7,0.0,3,7,1,1
12663,31.0,1,999,0,1.4,93.918,-42.7,4.961,5228.1,999.0,0,1.0,0.0,0.0,2,8,0.0,6,7,1,1
12664,31.0,1,999,0,1.1,93.994,-36.4,4.855,5191.0,999.0,0,1.0,1.0,1.0,2,3,0.0,4,5,1,1
12665,51.0,2,999,1,-1.8,92.893,-46.2,1.266,5099.1,999.0,1,1.0,1.0,0.0,2,6,0.0,5,5,1,2
12666,38.0,1,999,1,-1.8,92.893,-46.2,1.344,5099.1,999.0,2,1.0,0.0,0.0,2,8,0.0,5,5,1,2
12667,31.0,3,999,0,1.1,93.994,-36.4,4.857,5191.0,999.0,0,0.0,0.0,1.0,1,5,0.0,4,5,1,1
12668,44.0,1,999,0,-1.7,94.215,-40.3,0.861,4991.6,999.0,0,0.0,1.0,1.0,1,5,0.0,6,7,1,1
12669,31.0,4,999,0,1.4,93.444,-36.1,4.964,5228.1,999.0,0,1.0,0.0,0.0,2,8,0.0,10,8,1,1
12670,32.0,2,999,0,-1.8,92.893,-46.2,1.313,5099.1,999.0,0,1.0,0.0,0.0,2,5,0.0,6,5,1,1
12671,26.0,1,999,0,1.4,94.465,-41.8,4.961,5228.1,999.0,0,0.0,0.0,1.0,1,7,0.0,6,6,1,1
12672,39.0,6,999,0,-1.8,92.893,-46.2,1.313,5099.1,999.0,0,1.0,1.0,0.0,2,5,0.0,9,5,1,1
12673,31.0,2,999,0,-0.1,93.2,-42.0,4.191,5195.8,999.0,0,1.0,1.0,0.0,2,7,0.0,3,11,2,1
12674,44.0,5,999,0,1.4,93.918,-42.7,4.961,5228.1,999.0,0,1.0,0.0,1.0,3,4,0.0,9,7,1,1
12675,44.0,2,999,0,1.4,93.444,-36.1,4.967,5228.1,999.0,0,1.0,1.0,0.0,2,8,0.0,6,8,1,1
12676,48.0,2,999,0,1.4,93.918,-42.7,4.961,5228.1,999.0,0,0.0,0.0,0.0,1,8,0.0,7,7,1,1
12677,57.0,2,999,0,1.4,93.444,-36.1,4.965,5228.1,999.0,0,1.0,0.0,0.0,2,4,0.0,4,8,2,1
12678,36.0,1,999,0,-1.8,92.893,-46.2,1.327,5099.1,999.0,0,1.0,1.0,0.0,2,2,0.0,4,5,1,1
12679,37.0,3,999,0,1.4,93.444,-36.1,4.962,5228.1,999.0,0,1.0,0.0,0.0,1,8,0.0,6,8,1,1
12680,31.0,1,999,0,-1.8,93.075,-47.1,1.365,5099.1,999.0,0,1.0,0.0,0.0,1,7,0.0,1,4,1,1
12681,31.0,1,999,0,-3.4,92.431,-26.9,0.724,5017.5,999.0,0,1.0,1.0,1.0,2,8,0.0,6,10,1,1
12682,31.0,2,999,1,-1.8,92.893,-46.2,1.259,5099.1,999.0,4,0.0,0.0,0.0,4,7,0.0,6,5,1,2
12683,53.0,7,999,1,-1.8,92.893,-46.2,1.334,5099.1,999.0,4,0.0,0.0,0.0,2,7,0.0,6,5,1,2
12684,40.0,2,2,1,-1.8,93.075,-47.1,1.365,5099.1,0.0666666666667,2,1.0,0.0,0.0,2,6,0.0,5,4,1,3
12685,41.0,1,999,0,1.4,93.444,-36.1,4.963,5228.1,999.0,0,1.0,0.0,0.0,2,7,0.0,2,8,1,1
12686,52.0,2,999,1,-1.8,92.893,-46.2,1.281,5099.1,999.0,1,0.0,1.0,0.0,3,5,0.0,5,5,1,2
12687,31.0,2,999,0,1.1,93.994,-36.4,4.86,5191.0,999.0,0,0.0,0.0,1.0,1,8,0.0,4,5,1,1
12688,31.0,2,999,0,-1.8,92.893,-46.2,1.266,5099.1,999.0,0,1.0,1.0,0.0,2,8,0.0,4,5,1,1
12689,36.0,1,999,1,-1.8,92.893,-46.2,1.299,5099.1,999.0,1,1.0,0.0,0.0,1,7,0.0,6,5,2,2
12690,38.0,2,999,0,1.4,93.444,-36.1,4.968,5228.1,999.0,0,1.0,0.0,0.0,3,8,0.0,6,8,1,1
12691,55.0,8,999,0,1.4,94.465,-41.8,4.959,5228.1,999.0,0,0.0,0.0,1.0,2,5,0.0,10,6,1,1
12692,31.0,2,999,0,-1.8,93.075,-47.1,1.405,5099.1,999.0,0,1.0,0.0,0.0,1,7,0.0,6,4,2,1
12693,31.0,4,999,0,1.4,93.444,-36.1,4.966,5228.1,999.0,0,1.0,0.0,0.0,2,8,0.0,10,8,1,1
12694,31.0,1,999,1,-1.1,94.199,-37.5,0.879,4963.6,999.0,3,1.0,0.0,0.0,2,8,0.0,6,9,1,2
12695,31.0,1,999,0,1.4,93.444,-36.1,4.964,5228.1,999.0,0,1.0,0.0,0.0,2,8,0.0,6,8,1,1
12696,60.0,2,6,2,-1.8,93.876,-40.0,0.685,5008.7,0.2,2,1.0,0.0,0.0,2,2,0.0,4,5,2,3
12697,31.0,14,999,0,1.4,93.444,-36.1,4.965,5228.1,999.0,0,1.0,0.0,0.0,2,7,0.0,3,8,1,1
12698,57.0,2,999,0,1.4,93.918,-42.7,4.962,5228.1,999.0,0,1.0,0.0,0.0,1,8,0.0,6,7,1,1
12699,56.0,5,999,0,1.4,93.918,-42.7,4.963,5228.1,999.0,0,1.0,1.0,0.0,3,8,0.0,5,7,1,1
12700,31.0,1,999,2,-3.4,92.431,-26.9,0.73,5017.5,999.0,0,0.0,0.0,0.0,2,7,0.0,6,10,1,2
12701,45.0,2,999,0,-3.4,92.431,-26.9,0.728,5017.5,999.0,0,0.0,0.0,1.0,2,8,0.0,4,10,1,1
12702,31.0,3,999,0,1.4,93.918,-42.7,4.96,5228.1,999.0,0,0.0,0.0,0.0,1,7,0.0,6,7,2,1
12703,31.0,2,999,0,1.4,93.918,-42.7,4.958,5228.1,999.0,0,0.0,0.0,0.0,2,4,0.0,6,7,1,1
12704,31.0,1,999,0,1.4,93.444,-36.1,4.965,5228.1,999.0,0,1.0,0.0,0.0,2,5,0.0,5,8,2,1
12705,34.0,3,999,0,1.4,93.444,-36.1,4.964,5228.1,999.0,0,1.0,0.0,0.0,2,8,0.0,5,8,1,1
12706,31.0,1,999,0,1.1,93.994,-36.4,4.858,5191.0,999.0,0,0.0,0.0,1.0,1,8,0.0,4,5,1,1
12707,31.0,2,999,0,-1.8,92.893,-46.2,1.334,5099.1,999.0,0,1.0,0.0,0.0,2,5,0.0,6,5,1,1
12708,45.0,1,999,0,1.4,94.465,-41.8,4.866,5228.1,999.0,0,0.0,0.0,1.0,2,5,0.0,9,6,1,1
12709,29.0,3,999,0,1.1,93.994,-36.4,4.86,5191.0,999.0,0,1.0,0.0,1.0,1,5,0.0,6,5,1,1
12710,49.0,2,999,0,1.4,93.918,-42.7,4.963,5228.1,999.0,0,1.0,0.0,0.0,3,7,0.0,1,7,1,1
12711,30.0,1,999,0,-0.1,93.2,-42.0,4.12,5195.8,999.0,0,0.0,0.0,0.0,2,5,0.0,1,11,1,1
12712,39.0,1,999,0,1.4,93.918,-42.7,4.96,5228.1,999.0,0,1.0,0.0,0.0,2,2,0.0,2,7,2,1
12713,26.0,2,999,0,1.4,93.918,-42.7,4.961,5228.1,999.0,0,1.0,0.0,0.0,2,7,0.0,1,7,1,1
12714,53.0,2,999,1,-3.4,92.379,-29.8,0.741,5017.5,999.0,2,1.0,1.0,0.0,3,7,0.0,6,9,1,2
12715,42.0,1,999,0,1.1,93.994,-36.4,4.857,5191.0,999.0,0,0.0,0.0,1.0,2,3,0.0,7,5,2,1
12716,29.0,2,999,0,1.1,93.994,-36.4,4.859,5191.0,999.0,0,1.0,0.0,1.0,1,4,0.0,4,5,1,1
12717,33.0,5,999,1,-1.8,92.893,-46.2,1.327,5099.1,999.0,1,0.0,0.0,0.0,2,7,0.0,6,5,1,2
12718,37.0,2,6,2,-1.1,94.199,-37.5,0.886,4963.6,0.2,10,0.0,0.0,0.0,2,7,0.0,6,9,1,3
12719,35.0,1,999,0,-1.8,92.893,-46.2,1.334,5099.1,999.0,0,1.0,0.0,0.0,2,5,0.0,9,5,1,1
12720,41.0,4,999,0,-1.8,93.075,-47.1,1.405,5099.1,999.0,0,1.0,0.0,0.0,2,2,0.0,4,4,1,1
12721,53.0,8,999,0,1.4,94.465,-41.8,4.961,5228.1,999.0,0,0.0,1.0,1.0,2,4,0.0,4,6,1,1
12722,40.0,10,999,0,1.4,93.918,-42.7,4.968,5228.1,999.0,0,1.0,0.0,0.0,2,8,0.0,5,7,1,1
12723,28.0,2,999,0,-1.8,92.893,-46.2,1.299,5099.1,999.0,0,1.0,0.0,0.0,2,4,0.0,4,5,2,1
12724,35.0,1,999,0,1.4,93.444,-36.1,4.962,5228.1,999.0,0,1.0,0.0,0.0,2,7,0.0,9,8,1,1
12725,48.0,1,999,0,1.4,93.444,-36.1,4.97,5228.1,999.0,0,0.0,1.0,0.0,2,8,0.0,2,8,2,1
12726,31.0,1,999,0,1.1,93.994,-36.4,4.856,5191.0,999.0,0,1.0,0.0,1.0,3,5,0.0,7,5,1,1
12727,47.0,2,999,0,1.4,93.918,-42.7,4.961,5228.1,999.0,0,1.0,0.0,1.0,2,2,0.0,2,7,1,1
12728,31.0,1,999,0,-3.4,92.431,-26.9,0.731,5017.5,999.0,0,0.0,0.0,0.0,1,8,0.0,6,10,2,1
12729,26.0,1,7,4,-1.8,93.369,-34.8,0.636,5008.7,0.233333333333,16,0.0,0.0,0.0,1,7,0.0,6,3,1,2
12730,29.0,3,999,0,1.4,93.918,-42.7,4.96,5228.1,999.0,0,0.0,0.0,0.0,2,8,0.0,4,7,2,1
12731,31.0,1,999,0,-0.1,93.2,-42.0,4.191,5195.8,999.0,0,1.0,0.0,0.0,2,4,0.0,4,11,2,1
12732,28.0,4,999,0,-1.8,92.843,-50.0,1.538,5099.1,999.0,0,1.0,0.0,0.0,1,5,0.0,6,3,1,1
12733,29.0,7,999,0,1.4,93.444,-36.1,4.963,5228.1,999.0,0,0.0,0.0,0.0,1,7,0.0,6,8,1,1
12734,25.0,2,999,0,-1.8,92.893,-46.2,1.25,5099.1,999.0,0,0.0,0.0,0.0,1,4,0.0,4,5,1,1
12735,31.0,1,999,0,1.4,94.465,-41.8,4.864,5228.1,999.0,0,1.0,0.0,1.0,1,5,0.0,9,6,1,1
12736,31.0,3,999,0,1.1,93.994,-36.4,4.857,5191.0,999.0,0,0.0,0.0,1.0,3,5,0.0,6,5,2,1
12737,31.0,7,999,1,-1.8,92.893,-46.2,1.25,5099.1,999.0,2,1.0,0.0,0.0,1,7,0.0,5,5,1,2
12738,28.0,4,999,0,1.1,93.994,-36.4,4.858,5191.0,999.0,0,0.0,0.0,1.0,2,5,0.0,9,5,2,1
12739,50.0,2,999,0,1.1,93.994,-36.4,4.859,5191.0,999.0,0,0.0,0.0,1.0,2,4,0.0,2,5,1,1
12740,43.0,2,999,0,1.1,93.994,-36.4,4.859,5191.0,999.0,0,1.0,0.0,1.0,2,8,0.0,4,5,1,1
12741,26.0,2,999,0,-1.8,92.893,-46.2,1.244,5099.1,999.0,0,0.0,0.0,0.0,1,8,0.0,11,5,2,1
12742,25.0,2,999,0,1.4,93.918,-42.7,4.958,5228.1,999.0,0,0.0,0.0,0.0,2,2,0.0,4,7,1,1
12743,30.0,3,999,0,1.4,94.465,-41.8,4.961,5228.1,999.0,0,0.0,0.0,1.0,2,8,0.0,4,6,1,1
12744,44.0,1,999,0,1.4,93.444,-36.1,4.968,5228.1,999.0,0,1.0,0.0,0.0,3,7,0.0,6,8,1,1
12745,31.0,1,999,0,1.4,93.444,-36.1,4.964,5228.1,999.0,0,0.0,0.0,0.0,2,7,0.0,6,8,1,1
12746,52.0,1,999,0,1.4,93.918,-42.7,4.96,5228.1,999.0,0,1.0,0.0,0.0,2,4,0.0,7,7,2,1
12747,66.0,1,999,1,-1.1,94.199,-37.5,0.881,4963.6,999.0,0,0.0,0.0,0.0,2,8,0.0,8,9,1,2
12748,44.0,6,999,0,1.4,93.444,-36.1,4.966,5228.1,999.0,0,0.0,0.0,0.0,3,7,0.0,6,8,1,1
12749,31.0,4,999,0,1.4,94.465,-41.8,4.947,5228.1,999.0,0,0.0,0.0,1.0,2,8,0.0,3,6,1,1
12750,56.0,1,999,0,1.4,93.918,-42.7,4.961,5228.1,999.0,0,0.0,0.0,0.0,2,2,0.0,4,7,1,1
12751,52.0,3,999,0,1.4,93.444,-36.1,4.964,5228.1,999.0,0,0.0,1.0,0.0,2,8,0.0,5,8,1,1
12752,40.0,1,999,0,-0.1,93.2,-42.0,4.191,5195.8,999.0,0,0.0,0.0,0.0,3,7,0.0,7,11,2,1
12753,36.0,1,999,0,1.4,93.918,-42.7,4.962,5228.1,999.0,0,1.0,0.0,0.0,2,6,0.0,5,7,1,1
12754,31.0,1,999,1,-2.9,92.201,-31.4,0.873,5076.2,999.0,2,1.0,0.0,0.0,2,7,0.0,6,8,1,2
12755,31.0,1,999,0,1.4,93.918,-42.7,4.962,5228.1,999.0,0,1.0,0.0,0.0,2,5,0.0,3,7,2,1
12756,39.0,1,999,0,1.4,94.465,-41.8,4.962,5228.1,999.0,0,1.0,0.0,1.0,3,4,0.0,4,6,1,1
12757,31.0,3,999,0,1.4,93.918,-42.7,4.957,5228.1,999.0,0,0.0,0.0,0.0,2,5,0.0,5,7,1,1
12758,34.0,4,999,0,1.4,93.918,-42.7,4.963,5228.1,999.0,0,1.0,0.0,0.0,2,8,0.0,5,7,1,1
12759,30.0,2,999,0,1.4,93.918,-42.7,4.957,5228.1,999.0,0,1.0,0.0,0.0,2,8,0.0,4,7,1,1
12760,33.0,1,999,0,1.4,93.918,-42.7,4.955,5228.1,999.0,0,1.0,0.0,1.0,2,5,0.0,9,7,1,1
12761,31.0,1,999,0,1.1,93.994,-36.4,4.857,5191.0,999.0,0,1.0,1.0,1.0,2,8,0.0,4,5,1,1
12762,31.0,2,11,1,-1.8,92.893,-46.2,1.266,5099.1,0.366666666667,1,0.0,1.0,0.0,2,2,0.0,4,5,1,3
12763,31.0,1,999,0,1.1,93.994,-36.4,4.857,5191.0,999.0,0,0.0,0.0,1.0,2,8,0.0,5,5,1,1
12764,31.0,1,999,0,-1.8,92.893,-46.2,1.299,5099.1,999.0,0,1.0,0.0,0.0,2,8,0.0,4,5,2,1
12765,29.0,1,999,0,-0.1,93.798,-40.4,4.912,5195.8,999.0,0,1.0,0.0,1.0,1,6,0.0,5,10,2,1
12766,60.0,1,999,0,-2.9,92.469,-33.6,1.072,5076.2,999.0,0,1.0,0.0,0.0,2,8,0.0,2,7,1,1
12767,31.0,1,999,0,1.1,93.994,-36.4,4.855,5191.0,999.0,0,0.0,0.0,1.0,1,8,0.0,1,5,1,1
12768,31.0,2,999,1,-1.8,92.893,-46.2,1.344,5099.1,999.0,1,1.0,0.0,0.0,2,4,0.0,6,5,1,2
12769,26.0,4,999,0,-1.8,93.075,-47.1,1.406,5099.1,999.0,0,1.0,0.0,0.0,1,5,0.0,11,4,1,1
12770,37.0,2,999,0,-1.8,93.075,-47.1,1.405,5099.1,999.0,0,1.0,0.0,0.0,3,5,0.0,6,4,1,1
12771,31.0,1,999,0,-1.8,92.893,-46.2,1.281,5099.1,999.0,0,0.0,0.0,1.0,1,5,0.0,6,5,1,1
12772,48.0,3,6,1,-1.7,94.215,-40.3,0.896,4991.6,0.2,1,0.0,0.0,0.0,2,6,0.0,2,7,1,3
12773,36.0,2,999,0,1.4,93.444,-36.1,4.966,5228.1,999.0,0,0.0,0.0,0.0,2,8,0.0,6,8,1,1
12774,27.0,2,999,0,-2.9,92.963,-40.8,1.26,5076.2,999.0,0,1.0,0.0,0.0,1,7,0.0,9,6,2,1
12775,31.0,3,999,0,-1.8,93.075,-47.1,1.405,5099.1,999.0,0,0.0,0.0,0.0,2,4,0.0,4,4,1,1
12776,50.0,1,999,0,1.4,93.918,-42.7,4.958,5228.1,999.0,0,0.0,0.0,0.0,2,8,0.0,4,7,1,1
12777,31.0,2,999,0,1.4,93.918,-42.7,4.963,5228.1,999.0,0,1.0,0.0,0.0,1,5,0.0,4,7,1,1
12778,37.0,3,999,0,1.1,93.994,-36.4,4.857,5191.0,999.0,0,0.0,0.0,1.0,2,8,0.0,6,5,2,1
12779,31.0,4,999,0,1.4,94.465,-41.8,4.961,5228.1,999.0,0,1.0,1.0,1.0,2,8,0.0,5,6,1,1
12780,31.0,4,999,0,-0.1,93.2,-42.0,4.076,5195.8,999.0,0,1.0,0.0,0.0,2,8,0.0,3,11,1,1
12781,42.0,1,999,1,-1.8,92.893,-46.2,1.334,5099.1,999.0,0,1.0,0.0,0.0,3,8,0.0,4,5,1,2
12782,31.0,1,999,0,-1.8,92.893,-46.2,1.299,5099.1,999.0,0,1.0,0.0,0.0,2,4,0.0,4,5,2,1
12783,35.0,4,999,0,1.4,93.918,-42.7,4.961,5228.1,999.0,0,1.0,0.0,0.0,1,8,0.0,6,7,1,1
12784,51.0,3,999,0,1.4,93.918,-42.7,4.962,5228.1,999.0,0,1.0,1.0,0.0,2,2,0.0,4,7,2,1
12785,41.0,4,999,0,-0.1,93.2,-42.0,4.191,5195.8,999.0,0,1.0,0.0,1.0,2,4,0.0,4,11,2,1
12786,57.0,2,999,0,1.1,93.994,-36.4,4.856,5191.0,999.0,0,1.0,1.0,1.0,2,2,0.0,8,5,1,1
12787,46.0,1,999,1,-1.8,92.893,-46.2,1.313,5099.1,999.0,1,1.0,0.0,0.0,3,4,0.0,6,5,1,2
12788,31.0,1,999,0,1.4,94.465,-41.8,4.96,5228.1,999.0,0,1.0,0.0,1.0,2,4,0.0,4,6,2,1
12789,25.0,12,999,0,1.4,93.918,-42.7,4.968,5228.1,999.0,0,1.0,0.0,0.0,2,4,0.0,4,7,1,1
12790,31.0,1,999,0,-1.8,92.893,-46.2,1.334,5099.1,999.0,0,0.0,0.0,0.0,1,4,0.0,4,5,1,1
12791,52.0,1,999,0,-1.8,93.075,-47.1,1.405,5099.1,999.0,0,1.0,0.0,0.0,2,5,0.0,8,4,1,1
12792,31.0,3,999,0,-1.8,93.075,-47.1,1.372,5099.1,999.0,0,1.0,1.0,1.0,1,8,0.0,6,4,1,1
12793,31.0,1,999,0,-3.4,92.431,-26.9,0.733,5017.5,999.0,0,0.0,0.0,0.0,1,7,0.0,6,10,1,1
12794,34.0,4,999,0,1.1,93.994,-36.4,4.86,5191.0,999.0,0,0.0,0.0,1.0,1,6,0.0,5,5,1,1
12795,29.0,1,999,0,-2.9,92.469,-33.6,1.059,5076.2,999.0,0,0.0,0.0,0.0,1,5,0.0,6,7,1,1
12796,31.0,2,999,0,1.4,93.918,-42.7,4.963,5228.1,999.0,0,1.0,0.0,0.0,2,2,0.0,4,7,1,1
12797,56.0,2,999,1,-3.4,92.431,-26.9,0.742,5017.5,999.0,1,1.0,0.0,0.0,2,4,0.0,6,10,1,2
12798,37.0,4,999,0,-1.8,93.075,-47.1,1.405,5099.1,999.0,0,1.0,0.0,0.0,1,8,0.0,9,4,2,1
12799,37.0,2,999,0,1.1,93.994,-36.4,4.857,5191.0,999.0,0,1.0,0.0,1.0,1,6,0.0,5,5,1,1
12800,30.0,2,999,0,1.4,93.918,-42.7,4.961,5228.1,999.0,0,1.0,0.0,0.0,1,8,0.0,4,7,1,1
12801,36.0,2,999,0,1.4,93.444,-36.1,4.963,5228.1,999.0,0,1.0,0.0,0.0,2,8,0.0,5,8,1,1
12802,30.0,1,999,0,-1.8,92.893,-46.2,1.327,5099.1,999.0,0,0.0,0.0,0.0,1,7,0.0,6,5,1,1
12803,59.0,2,999,0,1.4,93.444,-36.1,4.968,5228.1,999.0,0,1.0,0.0,0.0,2,8,0.0,4,8,1,1
12804,32.0,3,999,0,-1.8,92.893,-46.2,1.344,5099.1,999.0,0,0.0,0.0,0.0,3,7,0.0,3,5,1,1
12805,33.0,1,999,1,-1.8,92.893,-46.2,1.327,5099.1,999.0,1,0.0,1.0,0.0,2,8,0.0,6,5,1,2
12806,37.0,1,999,0,1.4,94.465,-41.8,4.961,5228.1,999.0,0,0.0,0.0,1.0,3,8,0.0,4,6,1,1
12807,39.0,2,999,0,1.1,93.994,-36.4,4.86,5191.0,999.0,0,0.0,0.0,1.0,2,6,0.0,5,5,1,1
12808,34.0,1,999,0,-1.8,93.075,-47.1,1.405,5099.1,999.0,0,1.0,1.0,0.0,3,8,0.0,2,4,1,1
12809,53.0,1,999,0,1.1,93.994,-36.4,4.856,5191.0,999.0,0,0.0,0.0,1.0,3,6,0.0,5,5,1,1
12810,42.0,2,999,0,1.1,93.994,-36.4,4.857,5191.0,999.0,0,0.0,0.0,1.0,2,8,0.0,7,5,1,1
12811,31.0,6,999,0,1.4,93.918,-42.7,4.961,5228.1,999.0,0,0.0,0.0,1.0,2,4,0.0,4,7,1,1
12812,32.0,1,999,0,1.4,93.918,-42.7,4.961,5228.1,999.0,0,1.0,0.0,0.0,1,8,0.0,5,7,1,1
12813,56.0,3,999,0,1.4,93.444,-36.1,4.963,5228.1,999.0,0,0.0,0.0,0.0,2,4,0.0,2,8,1,1
12814,44.0,3,999,0,-0.1,93.2,-42.0,4.191,5195.8,999.0,0,1.0,0.0,1.0,2,6,0.0,7,11,1,1
12815,33.0,3,999,0,1.4,93.918,-42.7,4.957,5228.1,999.0,0,1.0,1.0,0.0,3,8,0.0,4,7,1,1
12816,28.0,3,999,0,1.4,93.918,-42.7,4.962,5228.1,999.0,0,0.0,1.0,0.0,1,5,0.0,6,7,1,1
12817,41.0,1,999,0,1.1,93.994,-36.4,4.857,5191.0,999.0,0,0.0,1.0,1.0,2,5,0.0,6,5,2,1
12818,46.0,2,999,0,1.4,93.444,-36.1,4.965,5228.1,999.0,0,0.0,0.0,0.0,2,4,0.0,10,8,1,1
12819,70.0,1,3,2,-1.8,93.876,-40.0,0.683,5008.7,0.1,0,1.0,0.0,0.0,2,8,0.0,8,5,1,3
12820,32.0,1,999,0,1.4,93.444,-36.1,4.966,5228.1,999.0,0,1.0,0.0,0.0,2,7,0.0,6,8,1,1
12821,40.0,1,999,0,-1.8,92.893,-46.2,1.327,5099.1,999.0,0,1.0,1.0,0.0,2,8,0.0,4,5,1,1
12822,31.0,2,999,0,-1.7,94.055,-39.8,0.715,4991.6,999.0,0,0.0,0.0,0.0,1,7,0.0,4,6,1,1
12823,39.0,1,999,0,-0.1,93.2,-42.0,4.076,5195.8,999.0,0,0.0,0.0,0.0,2,7,0.0,3,11,1,1
12824,31.0,1,999,0,1.4,93.918,-42.7,4.961,5228.1,999.0,0,1.0,0.0,0.0,1,4,0.0,4,7,1,1
12825,31.0,2,999,1,-1.8,93.876,-40.0,0.682,5008.7,999.0,4,0.0,1.0,1.0,2,8,0.0,5,5,1,2
12826,48.0,1,999,0,1.1,93.994,-36.4,4.859,5191.0,999.0,0,1.0,0.0,1.0,2,7,0.0,7,5,1,1
12827,27.0,2,999,0,1.4,94.465,-41.8,4.961,5228.1,999.0,0,1.0,0.0,1.0,1,5,0.0,9,6,1,1
12828,31.0,2,999,0,1.1,93.994,-36.4,4.857,5191.0,999.0,0,1.0,0.0,1.0,2,4,0.0,4,5,2,1
12829,32.0,1,999,0,1.4,93.918,-42.7,4.963,5228.1,999.0,0,0.0,0.0,0.0,1,7,0.0,6,7,1,1
12830,28.0,2,999,0,1.4,93.918,-42.7,4.963,5228.1,999.0,0,0.0,0.0,0.0,1,6,0.0,5,7,1,1
12831,35.0,1,999,0,1.4,93.444,-36.1,4.963,5228.1,999.0,0,1.0,1.0,0.0,1,7,0.0,6,8,2,1
12832,49.0,1,999,0,1.4,93.918,-42.7,4.962,5228.1,999.0,0,1.0,0.0,0.0,2,7,0.0,3,7,1,1
12833,35.0,1,999,0,-2.9,92.963,-40.8,1.266,5076.2,999.0,0,0.0,0.0,0.0,1,6,0.0,4,6,2,1
12834,31.0,2,13,1,-1.1,94.199,-37.5,0.879,4963.6,0.433333333333,3,1.0,0.0,0.0,2,7,0.0,6,9,1,3
12835,31.0,1,999,0,1.4,93.918,-42.7,4.957,5228.1,999.0,0,1.0,0.0,0.0,2,8,0.0,4,7,1,1
12836,31.0,5,999,0,-1.8,92.893,-46.2,1.291,5099.1,999.0,0,0.0,0.0,0.0,3,4,0.0,9,5,1,1
12837,84.0,1,3,2,-1.7,94.215,-40.3,0.893,4991.6,0.1,2,1.0,1.0,0.0,3,2,0.0,8,7,1,3
12838,42.0,6,999,0,-1.8,93.075,-47.1,1.405,5099.1,999.0,0,1.0,0.0,0.0,2,8,0.0,9,4,2,1
12839,31.0,1,999,0,-1.8,93.369,-34.8,0.643,5008.7,999.0,0,1.0,0.0,0.0,2,5,0.0,6,3,1,1
12840,57.0,1,999,0,1.1,93.994,-36.4,4.857,5191.0,999.0,0,0.0,1.0,1.0,2,7,0.0,6,5,2,1
12841,31.0,2,999,0,1.4,93.444,-36.1,4.966,5228.1,999.0,0,0.0,0.0,0.0,1,8,0.0,5,8,1,1
12842,31.0,5,999,0,1.4,94.465,-41.8,4.959,5228.1,999.0,0,0.0,0.0,1.0,2,7,0.0,6,6,1,1
12843,36.0,1,6,1,-3.4,92.431,-26.9,0.739,5017.5,0.2,3,1.0,0.0,0.0,1,5,0.0,6,10,2,3
12844,38.0,1,999,0,1.4,94.465,-41.8,4.864,5228.1,999.0,0,0.0,1.0,1.0,2,8,0.0,9,6,1,1
12845,52.0,3,999,0,1.4,94.465,-41.8,4.961,5228.1,999.0,0,0.0,0.0,1.0,2,4,0.0,7,6,2,1
12846,54.0,8,999,0,1.4,93.918,-42.7,4.961,5228.1,999.0,0,0.0,0.0,0.0,2,5,0.0,5,7,1,1
12847,32.0,3,999,0,-1.8,92.893,-46.2,1.25,5099.1,999.0,0,1.0,0.0,0.0,1,6,0.0,5,5,1,1
12848,31.0,2,999,1,-1.8,93.075,-47.1,1.41,5099.1,999.0,0,1.0,0.0,1.0,2,3,0.0,4,4,1,2
12849,50.0,3,999,1,-0.1,93.2,-42.0,4.076,5195.8,999.0,1,0.0,0.0,0.0,2,6,0.0,4,11,1,2
12850,47.0,2,999,0,1.4,93.918,-42.7,4.962,5228.1,999.0,0,1.0,0.0,0.0,2,6,0.0,5,7,1,1
12851,39.0,6,999,0,1.4,93.444,-36.1,4.965,5228.1,999.0,0,1.0,0.0,0.0,1,8,0.0,5,8,2,1
12852,52.0,2,999,0,1.4,93.444,-36.1,4.967,5228.1,999.0,0,1.0,1.0,0.0,2,8,0.0,5,8,1,1
12853,30.0,1,999,0,1.4,93.918,-42.7,4.962,5228.1,999.0,0,0.0,0.0,0.0,1,5,0.0,5,7,1,1
12854,45.0,2,999,0,1.4,93.918,-42.7,4.96,5228.1,999.0,0,0.0,0.0,0.0,2,7,0.0,3,7,2,1
12855,34.0,3,999,0,1.4,93.918,-42.7,4.958,5228.1,999.0,0,1.0,1.0,0.0,2,2,0.0,4,7,1,1
12856,31.0,6,999,0,1.4,93.444,-36.1,4.964,5228.1,999.0,0,1.0,0.0,0.0,2,7,0.0,3,8,1,1
12857,59.0,3,999,0,1.4,93.918,-42.7,4.963,5228.1,999.0,0,1.0,0.0,0.0,2,5,0.0,9,7,1,1
12858,41.0,3,999,0,1.4,93.918,-42.7,4.96,5228.1,999.0,0,0.0,0.0,0.0,2,4,0.0,9,7,2,1
12859,28.0,2,999,0,1.1,93.994,-36.4,4.857,5191.0,999.0,0,0.0,1.0,1.0,2,8,0.0,4,5,1,1
12860,49.0,1,999,0,1.1,93.994,-36.4,4.855,5191.0,999.0,0,1.0,0.0,1.0,2,8,0.0,4,5,1,1
12861,31.0,1,999,0,-1.8,92.893,-46.2,1.334,5099.1,999.0,0,1.0,0.0,0.0,2,6,0.0,4,5,1,1
12862,31.0,1,999,0,1.1,93.994,-36.4,4.864,5191.0,999.0,0,1.0,0.0,1.0,1,5,0.0,9,5,1,1
12863,31.0,10,999,0,1.1,93.994,-36.4,4.859,5191.0,999.0,0,0.0,0.0,1.0,3,8,0.0,4,5,1,1
12864,30.0,1,999,1,-1.7,94.027,-38.3,0.904,4991.6,999.0,4,0.0,0.0,0.0,1,5,0.0,11,8,1,2
12865,53.0,1,999,1,-1.8,93.369,-34.8,0.646,5008.7,999.0,2,1.0,1.0,0.0,2,6,0.0,5,3,2,2
12866,31.0,6,999,0,1.4,93.444,-36.1,4.963,5228.1,999.0,0,0.0,0.0,0.0,2,7,0.0,6,8,2,1
12867,27.0,1,999,0,-2.9,92.963,-40.8,1.262,5076.2,999.0,0,1.0,1.0,0.0,1,8,0.0,11,6,1,1
12868,32.0,4,999,0,-1.8,92.893,-46.2,1.266,5099.1,999.0,0,0.0,1.0,0.0,2,8,0.0,4,5,1,1
12869,53.0,3,999,0,1.4,93.444,-36.1,4.965,5228.1,999.0,0,1.0,0.0,0.0,2,7,0.0,3,8,2,1
12870,85.0,2,999,0,-1.8,93.075,-47.1,1.4,5099.1,999.0,0,1.0,0.0,0.0,2,2,0.0,8,4,1,1
12871,31.0,1,999,0,1.4,93.444,-36.1,4.97,5228.1,999.0,0,1.0,0.0,0.0,3,6,0.0,5,8,2,1
12872,30.0,1,999,0,-1.8,92.893,-46.2,1.354,5099.1,999.0,0,1.0,1.0,0.0,1,7,0.0,3,5,2,1
12873,53.0,1,999,0,1.1,93.994,-36.4,4.857,5191.0,999.0,0,0.0,0.0,1.0,2,8,0.0,6,5,2,1
12874,31.0,4,999,0,-1.8,92.893,-46.2,1.266,5099.1,999.0,0,0.0,0.0,0.0,2,8,0.0,6,5,1,1
12875,30.0,2,999,0,-2.9,92.963,-40.8,1.26,5076.2,999.0,0,1.0,0.0,0.0,1,5,0.0,9,6,2,1
12876,35.0,1,999,0,1.1,93.994,-36.4,4.857,5191.0,999.0,0,0.0,0.0,1.0,2,6,0.0,3,5,1,1
12877,58.0,1,999,0,1.4,93.918,-42.7,4.962,5228.1,999.0,0,0.0,0.0,0.0,2,5,0.0,9,7,1,1
12878,49.0,1,999,0,-3.4,92.379,-29.8,0.768,5017.5,999.0,0,0.0,0.0,0.0,2,8,0.0,10,9,1,1
12879,47.0,1,999,0,1.4,93.444,-36.1,4.967,5228.1,999.0,0,1.0,0.0,0.0,2,7,0.0,3,8,1,1
12880,41.0,1,999,1,-0.1,93.2,-42.0,4.021,5195.8,999.0,3,1.0,1.0,0.0,2,7,0.0,5,11,1,2
12881,60.0,1,999,0,1.4,93.444,-36.1,4.962,5228.1,999.0,0,0.0,0.0,0.0,2,4,0.0,6,8,1,1
12882,34.0,8,999,0,1.1,93.994,-36.4,4.858,5191.0,999.0,0,0.0,0.0,1.0,2,3,0.0,4,5,1,1
12883,30.0,2,999,0,1.4,93.918,-42.7,4.958,5228.1,999.0,0,0.0,0.0,0.0,1,8,0.0,6,7,1,1
12884,43.0,1,999,0,-1.8,92.893,-46.2,1.281,5099.1,999.0,0,0.0,1.0,0.0,2,2,0.0,4,5,1,1
12885,38.0,6,999,0,-0.1,93.2,-42.0,4.12,5195.8,999.0,0,1.0,0.0,0.0,1,8,0.0,6,11,1,1
12886,41.0,1,999,0,1.1,93.994,-36.4,4.856,5191.0,999.0,0,1.0,1.0,1.0,2,8,0.0,5,5,1,1
12887,42.0,1,999,0,1.1,93.994,-36.4,4.864,5191.0,999.0,0,0.0,0.0,1.0,1,4,0.0,6,5,1,1
12888,58.0,1,999,0,-0.1,93.2,-42.0,4.076,5195.8,999.0,0,0.0,0.0,0.0,2,6,0.0,8,11,1,1
12889,50.0,7,999,0,1.4,93.918,-42.7,4.962,5228.1,999.0,0,0.0,0.0,1.0,3,8,0.0,3,7,2,1
12890,31.0,2,999,0,1.4,93.918,-42.7,4.963,5228.1,999.0,0,0.0,0.0,1.0,2,3,0.0,2,7,1,1
12891,31.0,2,999,0,-0.1,93.2,-42.0,4.191,5195.8,999.0,0,1.0,0.0,1.0,2,8,0.0,6,11,2,1
12892,31.0,3,999,0,1.4,93.918,-42.7,4.961,5228.1,999.0,0,1.0,0.0,0.0,3,3,0.0,2,7,1,1
12893,31.0,1,999,1,-2.9,92.201,-31.4,0.849,5076.2,999.0,1,0.0,0.0,0.0,2,2,0.0,8,8,1,2
12894,35.0,3,999,0,-1.8,92.893,-46.2,1.25,5099.1,999.0,0,0.0,0.0,0.0,3,8,0.0,5,5,1,1
12895,32.0,1,999,0,1.4,93.444,-36.1,4.963,5228.1,999.0,0,0.0,0.0,0.0,3,7,0.0,6,8,1,1
12896,31.0,2,999,0,1.4,93.918,-42.7,4.962,5228.1,999.0,0,1.0,0.0,0.0,1,4,0.0,6,7,2,1
12897,53.0,1,999,0,1.1,93.994,-36.4,4.859,5191.0,999.0,0,1.0,0.0,1.0,2,4,0.0,4,5,1,1
12898,44.0,1,999,0,-0.1,93.2,-42.0,4.12,5195.8,999.0,0,0.0,0.0,0.0,2,6,0.0,5,11,1,1
12899,31.0,7,999,0,1.4,93.444,-36.1,4.967,5228.1,999.0,0,0.0,0.0,0.0,2,7,0.0,7,8,1,1
12900,41.0,1,999,0,1.4,93.918,-42.7,4.96,5228.1,999.0,0,0.0,0.0,1.0,3,8,0.0,6,7,2,1
12901,25.0,21,999,0,1.4,93.918,-42.7,4.968,5228.1,999.0,0,1.0,1.0,0.0,1,4,0.0,6,7,1,1
12902,78.0,1,999,0,-1.8,93.369,-34.8,0.636,5008.7,999.0,0,1.0,0.0,1.0,2,2,0.0,8,3,1,1
12903,49.0,6,5,1,-2.9,92.201,-31.4,0.834,5076.2,0.166666666667,4,1.0,0.0,0.0,1,8,0.0,7,8,1,3
12904,31.0,1,999,0,1.4,93.444,-36.1,4.963,5228.1,999.0,0,1.0,0.0,0.0,2,7,0.0,3,8,1,1
12905,31.0,1,999,0,-1.8,92.843,-50.0,1.51,5099.1,999.0,0,1.0,1.0,0.0,2,5,0.0,6,3,1,1
12906,59.0,4,999,0,1.1,93.994,-36.4,4.855,5191.0,999.0,0,0.0,0.0,1.0,2,2,0.0,8,5,1,1
12907,48.0,2,999,0,1.1,93.994,-36.4,4.856,5191.0,999.0,0,0.0,0.0,1.0,3,5,0.0,6,5,1,1
12908,22.0,1,999,0,1.1,93.994,-36.4,4.856,5191.0,999.0,0,1.0,0.0,1.0,1,8,0.0,4,5,1,1
12909,52.0,4,999,0,1.4,93.444,-36.1,4.963,5228.1,999.0,0,1.0,0.0,0.0,2,5,0.0,6,8,1,1
12910,30.0,3,999,0,1.4,93.444,-36.1,4.962,5228.1,999.0,0,1.0,0.0,0.0,1,7,0.0,5,8,1,1
12911,32.0,3,999,0,1.4,93.918,-42.7,4.963,5228.1,999.0,0,1.0,0.0,0.0,2,6,0.0,6,7,1,1
12912,56.0,1,999,0,-1.8,92.893,-46.2,1.327,5099.1,999.0,0,0.0,0.0,0.0,2,4,0.0,4,5,1,1
12913,54.0,3,999,0,-1.8,92.893,-46.2,1.266,5099.1,999.0,0,0.0,0.0,0.0,2,4,0.0,4,5,1,1
12914,58.0,1,999,0,1.4,93.918,-42.7,4.962,5228.1,999.0,0,0.0,0.0,0.0,2,2,0.0,8,7,1,1
12915,31.0,1,999,0,1.4,93.444,-36.1,4.966,5228.1,999.0,0,1.0,0.0,0.0,2,6,0.0,5,8,1,1
12916,28.0,1,999,0,1.4,94.465,-41.8,4.865,5228.1,999.0,0,1.0,1.0,1.0,2,4,0.0,4,6,1,1
12917,31.0,2,999,0,1.1,93.994,-36.4,4.857,5191.0,999.0,0,0.0,0.0,1.0,3,8,0.0,6,5,1,1
12918,44.0,1,999,0,1.4,93.444,-36.1,4.966,5228.1,999.0,0,0.0,0.0,0.0,2,7,0.0,3,8,1,1
12919,40.0,2,999,0,1.4,94.465,-41.8,4.866,5228.1,999.0,0,0.0,0.0,1.0,3,5,0.0,9,6,1,1
12920,24.0,4,999,0,1.4,93.918,-42.7,4.962,5228.1,999.0,0,0.0,0.0,0.0,1,5,0.0,9,7,2,1
12921,44.0,3,999,0,1.4,93.444,-36.1,4.963,5228.1,999.0,0,1.0,0.0,0.0,1,6,0.0,5,8,1,1
12922,31.0,3,999,0,1.4,93.444,-36.1,4.963,5228.1,999.0,0,0.0,0.0,0.0,1,7,0.0,5,8,2,1
12923,26.0,1,999,0,-1.7,94.055,-39.8,0.742,4991.6,999.0,0,1.0,0.0,1.0,1,8,0.0,10,6,1,1
12924,39.0,6,999,1,-0.1,93.2,-42.0,4.076,5195.8,999.0,3,1.0,0.0,0.0,3,7,0.0,3,11,1,2
12925,51.0,2,999,1,-0.1,93.2,-42.0,4.021,5195.8,999.0,2,0.0,0.0,0.0,2,6,0.0,5,11,1,2
12926,37.0,3,999,0,1.4,93.918,-42.7,4.968,5228.1,999.0,0,0.0,1.0,0.0,2,7,0.0,6,7,1,1
12927,42.0,2,999,0,1.4,93.444,-36.1,4.968,5228.1,999.0,0,0.0,0.0,0.0,2,7,0.0,6,8,1,1
12928,40.0,11,999,0,1.1,93.994,-36.4,4.857,5191.0,999.0,0,0.0,0.0,1.0,2,2,0.0,4,5,1,1
12929,31.0,1,999,0,1.1,93.994,-36.4,4.857,5191.0,999.0,0,0.0,0.0,1.0,2,2,0.0,4,5,2,1
12930,28.0,1,999,0,1.4,94.465,-41.8,4.864,5228.1,999.0,0,1.0,0.0,1.0,1,4,0.0,4,6,1,1
12931,31.0,3,999,0,1.4,93.918,-42.7,4.962,5228.1,999.0,0,0.0,0.0,0.0,2,4,0.0,4,7,1,1
12932,31.0,1,999,1,-1.8,92.893,-46.2,1.281,5099.1,999.0,2,1.0,0.0,0.0,3,5,0.0,6,5,1,2
12933,31.0,1,999,0,1.4,93.918,-42.7,4.957,5228.1,999.0,0,1.0,0.0,0.0,2,8,0.0,3,7,1,1
12934,41.0,1,999,0,1.4,93.444,-36.1,4.966,5228.1,999.0,0,0.0,0.0,0.0,2,6,0.0,5,8,1,1
12935,47.0,4,999,0,1.4,93.444,-36.1,4.962,5228.1,999.0,0,1.0,0.0,0.0,3,8,0.0,6,8,1,1
12936,31.0,8,999,0,1.4,93.918,-42.7,4.961,5228.1,999.0,0,0.0,0.0,1.0,2,4,0.0,4,7,1,1
12937,35.0,3,999,0,1.4,94.465,-41.8,4.967,5228.1,999.0,0,1.0,0.0,1.0,2,8,0.0,5,6,1,1
12938,45.0,1,999,0,1.1,93.994,-36.4,4.855,5191.0,999.0,0,1.0,0.0,1.0,2,4,0.0,6,5,1,1
12939,31.0,2,999,1,-1.8,93.075,-47.1,1.435,5099.1,999.0,0,1.0,0.0,0.0,1,8,0.0,6,4,1,2
12940,50.0,1,999,1,-1.8,92.893,-46.2,1.25,5099.1,999.0,0,0.0,0.0,0.0,2,2,0.0,4,5,1,2
12941,31.0,9,999,0,1.4,93.918,-42.7,4.963,5228.1,999.0,0,1.0,1.0,1.0,1,2,0.0,4,7,1,1
12942,34.0,2,999,0,-1.8,92.893,-46.2,1.299,5099.1,999.0,0,0.0,0.0,0.0,2,4,0.0,10,5,1,1
12943,31.0,3,999,0,1.4,93.918,-42.7,4.962,5228.1,999.0,0,0.0,0.0,0.0,1,4,0.0,7,7,2,1
12944,31.0,6,999,1,-2.9,92.201,-31.4,0.869,5076.2,999.0,4,1.0,0.0,0.0,2,6,0.0,5,8,1,2
12945,31.0,2,999,0,1.1,93.994,-36.4,4.857,5191.0,999.0,0,1.0,0.0,1.0,2,5,0.0,4,5,2,1
12946,45.0,1,999,0,-0.1,93.2,-42.0,4.191,5195.8,999.0,0,1.0,0.0,0.0,2,4,0.0,10,11,2,1
12947,31.0,3,999,0,1.4,93.918,-42.7,4.962,5228.1,999.0,0,1.0,0.0,0.0,1,8,0.0,4,7,2,1
12948,40.0,1,999,0,1.4,94.465,-41.8,4.967,5228.1,999.0,0,0.0,1.0,1.0,3,8,0.0,9,6,1,1
12949,34.0,1,999,0,-1.8,92.893,-46.2,1.244,5099.1,999.0,0,0.0,0.0,0.0,1,7,0.0,6,5,2,1
12950,37.0,2,999,0,-1.7,94.215,-40.3,0.81,4991.6,999.0,0,1.0,0.0,0.0,2,8,0.0,6,7,1,1
12951,36.0,11,999,0,1.4,93.918,-42.7,4.968,5228.1,999.0,0,0.0,1.0,0.0,1,8,0.0,6,7,1,1
12952,33.0,1,999,0,1.4,94.465,-41.8,4.959,5228.1,999.0,0,1.0,1.0,1.0,2,7,0.0,6,6,1,1
12953,34.0,1,999,0,-1.8,93.075,-47.1,1.405,5099.1,999.0,0,1.0,0.0,0.0,3,7,0.0,6,4,1,1
12954,55.0,3,999,2,-1.8,93.075,-47.1,1.466,5099.1,999.0,6,1.0,0.0,0.0,2,6,0.0,5,4,2,2
12955,48.0,1,999,0,1.1,93.994,-36.4,4.859,5191.0,999.0,0,0.0,0.0,1.0,2,8,0.0,3,5,1,1
12956,31.0,2,999,0,-1.8,93.075,-47.1,1.405,5099.1,999.0,0,1.0,0.0,0.0,2,7,0.0,6,4,2,1
12957,36.0,1,999,0,1.4,93.918,-42.7,4.963,5228.1,999.0,0,1.0,0.0,0.0,1,8,0.0,10,7,1,1
12958,31.0,4,999,0,1.4,93.918,-42.7,4.962,5228.1,999.0,0,0.0,0.0,0.0,2,7,0.0,6,7,1,1
12959,31.0,1,999,0,1.4,93.444,-36.1,4.968,5228.1,999.0,0,1.0,0.0,0.0,1,8,0.0,5,8,1,1
12960,31.0,6,999,0,1.1,93.994,-36.4,4.857,5191.0,999.0,0,0.0,0.0,1.0,2,4,0.0,4,5,1,1
12961,32.0,2,999,0,1.4,93.918,-42.7,4.96,5228.1,999.0,0,0.0,0.0,0.0,2,6,0.0,5,7,2,1
12962,54.0,6,999,0,1.4,93.444,-36.1,4.963,5228.1,999.0,0,0.0,0.0,0.0,2,2,0.0,4,8,1,1
12963,45.0,3,999,0,1.4,93.444,-36.1,4.963,5228.1,999.0,0,1.0,0.0,0.0,2,5,0.0,9,8,1,1
12964,31.0,9,999,0,1.4,93.444,-36.1,4.963,5228.1,999.0,0,1.0,0.0,0.0,1,6,0.0,5,8,1,1
12965,31.0,1,999,0,1.4,93.444,-36.1,4.964,5228.1,999.0,0,1.0,1.0,0.0,1,7,0.0,6,8,1,1
12966,43.0,7,999,0,1.4,93.918,-42.7,4.957,5228.1,999.0,0,1.0,0.0,1.0,1,8,0.0,5,7,1,1
12967,42.0,3,999,0,1.4,93.444,-36.1,4.962,5228.1,999.0,0,1.0,1.0,0.0,2,8,0.0,2,8,1,1
12968,36.0,1,999,0,1.4,93.444,-36.1,4.964,5228.1,999.0,0,0.0,1.0,0.0,3,5,0.0,6,8,1,1
12969,31.0,1,999,0,1.4,93.444,-36.1,4.966,5228.1,999.0,0,1.0,0.0,0.0,1,7,0.0,6,8,1,1
12970,45.0,1,999,0,1.1,93.994,-36.4,4.857,5191.0,999.0,0,1.0,0.0,1.0,1,4,0.0,9,5,1,1
12971,66.0,1,999,0,-2.9,92.201,-31.4,0.851,5076.2,999.0,0,1.0,0.0,0.0,2,3,0.0,8,8,1,1
12972,36.0,3,999,0,1.4,93.444,-36.1,4.964,5228.1,999.0,0,1.0,0.0,0.0,3,8,0.0,5,8,1,1
12973,31.0,1,15,3,-1.8,93.876,-40.0,0.688,5008.7,0.5,9,1.0,1.0,0.0,3,7,0.0,9,5,1,2
12974,35.0,5,999,0,-1.8,92.893,-46.2,1.313,5099.1,999.0,0,1.0,0.0,0.0,2,8,0.0,5,5,1,1
12975,29.0,2,999,0,1.4,93.918,-42.7,4.961,5228.1,999.0,0,0.0,0.0,0.0,1,7,0.0,6,7,1,1
12976,45.0,2,999,0,-0.1,93.2,-42.0,4.153,5195.8,999.0,0,0.0,0.0,0.0,1,6,0.0,10,11,1,1
12977,31.0,1,999,0,1.4,94.465,-41.8,4.96,5228.1,999.0,0,0.0,0.0,1.0,1,7,0.0,5,6,2,1
12978,36.0,1,999,0,1.1,93.994,-36.4,4.858,5191.0,999.0,0,1.0,1.0,1.0,2,3,0.0,4,5,2,1
12979,38.0,9,999,0,-1.8,92.893,-46.2,1.266,5099.1,999.0,0,1.0,0.0,0.0,2,3,0.0,4,5,1,1
12980,33.0,4,999,0,1.4,94.465,-41.8,4.96,5228.1,999.0,0,0.0,0.0,1.0,2,7,0.0,6,6,2,1
12981,31.0,3,999,0,-1.8,92.893,-46.2,1.281,5099.1,999.0,0,1.0,0.0,0.0,1,5,0.0,10,5,1,1
12982,31.0,1,6,3,-1.7,94.215,-40.3,0.899,4991.6,0.2,3,1.0,0.0,0.0,3,7,0.0,7,7,1,3
12983,31.0,2,999,0,-1.8,93.075,-47.1,1.405,5099.1,999.0,0,0.0,0.0,0.0,1,7,0.0,6,4,2,1
12984,31.0,2,999,0,-0.1,93.2,-42.0,4.12,5195.8,999.0,0,1.0,0.0,0.0,2,8,0.0,6,11,1,1
12985,49.0,2,999,0,1.4,94.465,-41.8,4.865,5228.1,999.0,0,0.0,0.0,1.0,2,2,0.0,4,6,2,1
12986,60.0,4,999,0,1.4,94.465,-41.8,4.961,5228.1,999.0,0,1.0,0.0,1.0,3,2,0.0,8,6,2,1
12987,36.0,1,999,0,-1.8,92.893,-46.2,1.334,5099.1,999.0,0,1.0,0.0,0.0,2,4,0.0,4,5,1,1
12988,34.0,1,999,0,1.4,93.918,-42.7,4.962,5228.1,999.0,0,1.0,0.0,0.0,1,7,0.0,6,7,1,1
12989,39.0,4,999,0,1.1,93.994,-36.4,4.857,5191.0,999.0,0,1.0,1.0,1.0,2,4,0.0,4,5,2,1
12990,29.0,2,999,0,1.4,93.444,-36.1,4.962,5228.1,999.0,0,1.0,0.0,0.0,2,6,0.0,5,8,1,1
12991,26.0,1,3,1,-1.8,92.893,-46.2,1.264,5099.1,0.1,2,1.0,1.0,0.0,1,4,0.0,12,5,2,3
12992,35.0,1,999,0,1.1,93.994,-36.4,4.856,5191.0,999.0,0,0.0,0.0,1.0,1,5,0.0,6,5,1,1
12993,31.0,2,999,0,1.1,93.994,-36.4,4.86,5191.0,999.0,0,1.0,0.0,1.0,2,7,0.0,3,5,1,1
12994,40.0,2,999,0,1.1,93.994,-36.4,4.86,5191.0,999.0,0,0.0,0.0,1.0,1,7,0.0,2,5,1,1
12995,31.0,1,999,0,-0.1,93.2,-42.0,4.076,5195.8,999.0,0,1.0,0.0,0.0,2,8,0.0,4,11,1,1
12996,33.0,1,999,0,-2.9,92.469,-33.6,1.044,5076.2,999.0,0,1.0,0.0,0.0,2,7,0.0,3,7,1,1
12997,41.0,3,999,0,1.4,94.465,-41.8,4.96,5228.1,999.0,0,1.0,0.0,1.0,2,3,0.0,4,6,2,1
12998,51.0,4,999,0,1.4,93.918,-42.7,4.962,5228.1,999.0,0,1.0,1.0,0.0,3,7,0.0,6,7,2,1
12999,39.0,1,999,0,-1.8,92.893,-46.2,1.291,5099.1,999.0,0,1.0,0.0,1.0,1,6,0.0,5,5,1,1
13000,36.0,2,999,0,1.4,94.465,-41.8,4.961,5228.1,999.0,0,0.0,0.0,1.0,2,8,0.0,4,6,1,1
13001,31.0,1,999,0,-2.9,92.469,-33.6,1.029,5076.2,999.0,0,1.0,0.0,0.0,1,5,0.0,11,7,1,1
13002,39.0,1,999,0,1.4,93.918,-42.7,4.962,5228.1,999.0,0,0.0,1.0,0.0,3,8,0.0,9,7,1,1
13003,53.0,1,999,0,1.4,93.444,-36.1,4.964,5228.1,999.0,0,0.0,0.0,0.0,2,8,0.0,6,8,1,1
13004,38.0,3,999,0,1.4,93.918,-42.7,4.961,5228.1,999.0,0,1.0,0.0,0.0,3,2,0.0,4,7,1,1
13005,31.0,3,999,0,1.4,94.465,-41.8,4.961,5228.1,999.0,0,1.0,0.0,1.0,2,4,0.0,4,6,1,1
13006,34.0,1,999,0,-3.4,92.431,-26.9,0.722,5017.5,999.0,0,0.0,0.0,0.0,2,7,0.0,6,10,1,1
13007,38.0,2,999,1,-1.8,92.893,-46.2,1.313,5099.1,999.0,3,0.0,0.0,0.0,1,5,0.0,4,5,1,2
13008,33.0,1,999,0,-0.1,93.2,-42.0,4.076,5195.8,999.0,0,1.0,1.0,0.0,2,5,0.0,9,11,1,1
13009,30.0,3,999,0,1.1,93.994,-36.4,4.864,5191.0,999.0,0,0.0,0.0,1.0,2,4,0.0,4,5,1,1
13010,26.0,2,999,0,1.1,93.994,-36.4,4.858,5191.0,999.0,0,0.0,1.0,1.0,1,5,0.0,6,5,2,1
13011,20.0,4,999,1,-1.8,93.075,-47.1,1.435,5099.1,999.0,1,1.0,0.0,0.0,1,5,0.0,11,4,1,2
13012,35.0,1,999,0,1.1,93.994,-36.4,4.859,5191.0,999.0,0,0.0,0.0,1.0,2,7,0.0,5,5,1,1
13013,31.0,6,999,0,-0.1,93.2,-42.0,4.021,5195.8,999.0,0,0.0,0.0,0.0,2,5,0.0,6,11,1,1
13014,33.0,1,999,0,1.1,93.994,-36.4,4.859,5191.0,999.0,0,0.0,0.0,1.0,1,5,0.0,9,5,1,1
13015,31.0,2,999,0,-1.1,94.199,-37.5,0.879,4963.6,999.0,0,0.0,0.0,0.0,2,7,0.0,5,9,2,1
13016,31.0,1,999,0,1.1,93.994,-36.4,4.859,5191.0,999.0,0,0.0,0.0,1.0,2,6,0.0,5,5,1,1
13017,54.0,2,999,0,1.4,93.918,-42.7,4.955,5228.1,999.0,0,1.0,1.0,1.0,2,5,0.0,8,7,1,1
13018,54.0,13,999,0,1.4,93.444,-36.1,4.964,5228.1,999.0,0,1.0,1.0,0.0,2,8,0.0,6,8,1,1
13019,43.0,1,999,0,1.4,93.444,-36.1,4.964,5228.1,999.0,0,1.0,0.0,0.0,2,7,0.0,1,8,1,1
13020,50.0,2,999,0,1.1,93.994,-36.4,4.86,5191.0,999.0,0,0.0,0.0,1.0,2,6,0.0,10,5,1,1
13021,34.0,2,999,0,1.1,93.994,-36.4,4.86,5191.0,999.0,0,0.0,0.0,1.0,1,8,0.0,6,5,1,1
13022,31.0,1,999,0,-0.1,93.2,-42.0,4.12,5195.8,999.0,0,1.0,0.0,0.0,1,7,0.0,6,11,1,1
13023,43.0,2,999,0,1.1,93.994,-36.4,4.857,5191.0,999.0,0,0.0,0.0,1.0,2,8,0.0,12,5,1,1
13024,31.0,7,999,0,-1.8,92.893,-46.2,1.281,5099.1,999.0,0,1.0,1.0,0.0,2,8,0.0,6,5,1,1
13025,49.0,5,999,0,1.4,93.918,-42.7,4.963,5228.1,999.0,0,0.0,0.0,0.0,3,7,0.0,3,7,1,1
13026,38.0,2,999,0,-1.8,92.843,-50.0,1.757,5099.1,999.0,0,1.0,1.0,0.0,2,6,0.0,5,3,1,1
13027,31.0,3,999,0,1.4,94.465,-41.8,4.962,5228.1,999.0,0,1.0,0.0,1.0,2,7,0.0,3,6,1,1
13028,48.0,1,999,0,1.1,93.994,-36.4,4.856,5191.0,999.0,0,1.0,0.0,1.0,2,2,0.0,4,5,1,1
13029,39.0,1,999,0,1.4,93.918,-42.7,4.963,5228.1,999.0,0,0.0,0.0,0.0,3,5,0.0,9,7,1,1
13030,31.0,3,999,0,-1.8,92.893,-46.2,1.25,5099.1,999.0,0,1.0,0.0,0.0,1,4,0.0,4,5,1,1
13031,40.0,1,999,1,-0.1,93.2,-42.0,4.191,5195.8,999.0,0,0.0,0.0,0.0,2,4,0.0,4,11,2,2
13032,31.0,1,999,0,1.1,93.994,-36.4,4.857,5191.0,999.0,0,1.0,0.0,1.0,1,7,0.0,5,5,1,1
13033,31.0,1,999,0,1.4,93.444,-36.1,4.967,5228.1,999.0,0,1.0,0.0,0.0,1,6,0.0,5,8,1,1
13034,35.0,2,3,1,-3.4,92.379,-29.8,0.788,5017.5,0.1,2,0.0,0.0,0.0,2,5,0.0,9,9,1,3
13035,31.0,4,999,0,1.4,93.444,-36.1,4.963,5228.1,999.0,0,0.0,1.0,0.0,1,8,0.0,5,8,1,1
13036,70.0,1,999,0,-1.7,94.027,-38.3,0.899,4991.6,999.0,0,0.0,0.0,0.0,2,8,0.0,5,8,1,1
13037,35.0,14,999,0,1.4,93.918,-42.7,4.958,5228.1,999.0,0,1.0,0.0,0.0,2,4,0.0,4,7,1,1
13038,25.0,2,999,0,-1.8,92.893,-46.2,1.27,5099.1,999.0,0,1.0,0.0,0.0,1,6,0.0,11,5,1,1
13039,31.0,1,999,0,1.1,93.994,-36.4,4.859,5191.0,999.0,0,0.0,0.0,1.0,2,7,0.0,6,5,1,1
13040,43.0,1,999,0,1.1,93.994,-36.4,4.858,5191.0,999.0,0,0.0,0.0,1.0,2,5,0.0,6,5,1,1
13041,37.0,4,999,0,-1.8,92.893,-46.2,1.313,5099.1,999.0,0,1.0,1.0,0.0,2,8,0.0,10,5,1,1
13042,31.0,2,999,0,1.4,94.465,-41.8,4.947,5228.1,999.0,0,1.0,0.0,1.0,3,5,0.0,9,6,1,1
13043,31.0,1,999,0,-0.1,93.2,-42.0,4.12,5195.8,999.0,0,0.0,0.0,0.0,1,6,0.0,5,11,1,1
13044,44.0,4,999,0,1.1,93.994,-36.4,4.857,5191.0,999.0,0,1.0,1.0,1.0,2,5,0.0,9,5,1,1
13045,44.0,1,999,0,1.1,93.994,-36.4,4.858,5191.0,999.0,0,0.0,0.0,1.0,3,5,0.0,9,5,1,1
13046,34.0,4,999,0,1.4,93.918,-42.7,4.962,5228.1,999.0,0,0.0,0.0,0.0,1,8,0.0,3,7,1,1
13047,25.0,1,999,0,1.1,93.994,-36.4,4.857,5191.0,999.0,0,0.0,0.0,1.0,2,5,0.0,9,5,1,1
13048,59.0,9,999,0,1.1,93.994,-36.4,4.86,5191.0,999.0,0,1.0,1.0,1.0,2,7,0.0,6,5,1,1
13049,28.0,13,999,0,1.1,93.994,-36.4,4.864,5191.0,999.0,0,1.0,0.0,1.0,1,6,0.0,5,5,1,1
13050,31.0,5,999,0,-0.1,93.2,-42.0,4.076,5195.8,999.0,0,0.0,0.0,0.0,1,7,0.0,6,11,1,1
13051,41.0,2,999,1,-1.8,92.893,-46.2,1.334,5099.1,999.0,1,0.0,0.0,0.0,2,8,0.0,1,5,1,2
13052,56.0,2,999,0,1.1,93.994,-36.4,4.857,5191.0,999.0,0,1.0,0.0,1.0,2,4,0.0,6,5,2,1
13053,34.0,3,999,0,1.1,93.994,-36.4,4.855,5191.0,999.0,0,1.0,1.0,1.0,2,6,0.0,5,5,1,1
13054,31.0,1,999,0,1.1,93.994,-36.4,4.856,5191.0,999.0,0,1.0,0.0,1.0,2,2,0.0,7,5,1,1
13055,31.0,2,999,0,1.4,94.465,-41.8,4.967,5228.1,999.0,0,1.0,0.0,1.0,2,8,0.0,1,6,1,1
13056,36.0,1,999,1,-1.8,92.893,-46.2,1.281,5099.1,999.0,0,1.0,0.0,0.0,2,4,0.0,4,5,1,2
13057,25.0,3,999,0,1.4,93.918,-42.7,4.957,5228.1,999.0,0,0.0,0.0,0.0,2,6,0.0,5,7,1,1
13058,34.0,1,999,1,-0.1,93.2,-42.0,4.12,5195.8,999.0,2,1.0,0.0,0.0,2,8,0.0,1,11,1,2
13059,24.0,1,999,0,1.4,93.918,-42.7,4.958,5228.1,999.0,0,1.0,0.0,0.0,1,8,0.0,6,7,1,1
13060,31.0,3,999,0,1.4,93.918,-42.7,4.96,5228.1,999.0,0,1.0,0.0,0.0,1,4,0.0,4,7,2,1
13061,31.0,7,999,0,1.1,93.994,-36.4,4.859,5191.0,999.0,0,0.0,0.0,1.0,3,5,0.0,3,5,1,1
13062,31.0,3,999,0,-0.1,93.2,-42.0,4.12,5195.8,999.0,0,0.0,0.0,0.0,2,6,0.0,5,11,1,1
13063,35.0,1,999,0,-2.9,92.201,-31.4,0.883,5076.2,999.0,0,1.0,0.0,1.0,1,7,0.0,6,8,1,1
13064,25.0,1,999,1,-1.8,92.893,-46.2,1.299,5099.1,999.0,2,0.0,0.0,0.0,2,5,0.0,6,5,2,2
13065,30.0,2,999,0,1.4,93.918,-42.7,4.958,5228.1,999.0,0,1.0,0.0,0.0,1,8,0.0,5,7,1,1
13066,51.0,10,999,0,1.4,94.465,-41.8,4.959,5228.1,999.0,0,0.0,0.0,1.0,2,7,0.0,3,6,1,1
13067,31.0,1,999,0,1.1,93.994,-36.4,4.858,5191.0,999.0,0,0.0,0.0,1.0,3,8,0.0,5,5,1,1
13068,44.0,4,999,0,-0.1,93.2,-42.0,4.12,5195.8,999.0,0,0.0,0.0,0.0,1,5,0.0,9,11,1,1
13069,26.0,1,999,0,1.4,94.465,-41.8,4.96,5228.1,999.0,0,0.0,1.0,1.0,2,8,0.0,6,6,2,1
13070,53.0,2,999,0,1.1,93.994,-36.4,4.86,5191.0,999.0,0,0.0,0.0,1.0,2,8,0.0,9,5,1,1
13071,25.0,3,999,0,1.4,93.918,-42.7,4.968,5228.1,999.0,0,0.0,0.0,0.0,1,4,0.0,6,7,1,1
13072,37.0,5,999,0,1.4,93.444,-36.1,4.964,5228.1,999.0,0,0.0,0.0,0.0,2,7,0.0,5,8,1,1
13073,88.0,1,999,0,-1.8,92.843,-50.0,1.663,5099.1,999.0,0,1.0,0.0,0.0,3,2,0.0,8,3,1,1
13074,52.0,5,999,1,-1.8,93.075,-47.1,1.405,5099.1,999.0,2,1.0,1.0,0.0,3,4,0.0,6,4,2,2
13075,39.0,3,999,0,1.1,93.994,-36.4,4.86,5191.0,999.0,0,0.0,0.0,1.0,2,5,0.0,9,5,1,1
13076,31.0,1,999,0,1.4,93.918,-42.7,4.96,5228.1,999.0,0,1.0,0.0,0.0,3,8,0.0,6,7,2,1
13077,31.0,2,999,0,1.4,94.465,-41.8,4.866,5228.1,999.0,0,0.0,0.0,1.0,2,5,0.0,9,6,1,1
13078,29.0,3,999,0,1.4,93.918,-42.7,4.962,5228.1,999.0,0,1.0,0.0,1.0,1,7,0.0,6,7,2,1
13079,49.0,3,999,0,1.4,93.918,-42.7,4.96,5228.1,999.0,0,0.0,0.0,0.0,2,8,0.0,6,7,2,1
13080,31.0,2,999,0,1.4,93.444,-36.1,4.97,5228.1,999.0,0,0.0,0.0,0.0,1,6,0.0,5,8,2,1
13081,31.0,1,999,0,1.4,94.465,-41.8,4.866,5228.1,999.0,0,0.0,0.0,1.0,2,4,0.0,6,6,1,1
13082,34.0,1,999,0,-2.9,92.963,-40.8,1.262,5076.2,999.0,0,1.0,0.0,0.0,2,7,0.0,5,6,1,1
13083,53.0,2,999,0,-1.8,93.075,-47.1,1.405,5099.1,999.0,0,1.0,0.0,0.0,2,2,0.0,4,4,1,1
13084,31.0,4,999,0,1.4,94.465,-41.8,4.959,5228.1,999.0,0,0.0,0.0,1.0,2,3,0.0,3,6,1,1
13085,49.0,5,999,0,-0.1,93.2,-42.0,4.12,5195.8,999.0,0,0.0,0.0,0.0,3,4,0.0,5,11,1,1
13086,44.0,1,999,0,1.4,94.465,-41.8,4.865,5228.1,999.0,0,1.0,0.0,1.0,3,8,0.0,1,6,2,1
13087,31.0,1,999,0,1.4,93.918,-42.7,4.963,5228.1,999.0,0,1.0,0.0,0.0,2,8,0.0,1,7,1,1
13088,31.0,2,999,0,-1.8,92.893,-46.2,1.344,5099.1,999.0,0,0.0,0.0,0.0,3,7,0.0,6,5,1,1
13089,31.0,8,999,0,1.4,93.918,-42.7,4.962,5228.1,999.0,0,1.0,0.0,0.0,2,2,0.0,2,7,2,1
13090,33.0,1,999,0,-0.1,93.2,-42.0,4.191,5195.8,999.0,0,1.0,1.0,1.0,2,8,0.0,7,11,2,1
13091,30.0,1,999,0,1.4,93.444,-36.1,4.964,5228.1,999.0,0,1.0,0.0,0.0,1,8,0.0,6,8,1,1
13092,31.0,4,999,0,1.4,94.465,-41.8,4.865,5228.1,999.0,0,1.0,0.0,1.0,1,7,0.0,5,6,2,1
13093,31.0,9,999,0,1.1,93.994,-36.4,4.864,5191.0,999.0,0,1.0,1.0,1.0,2,8,0.0,9,5,1,1
13094,45.0,1,999,0,-1.8,92.893,-46.2,1.334,5099.1,999.0,0,0.0,0.0,0.0,3,8,0.0,10,5,1,1
13095,26.0,2,999,0,-1.8,92.893,-46.2,1.299,5099.1,999.0,0,0.0,0.0,0.0,1,5,0.0,4,5,2,1
13096,31.0,3,999,0,1.1,93.994,-36.4,4.855,5191.0,999.0,0,0.0,0.0,1.0,1,5,0.0,9,5,1,1
13097,36.0,9,999,0,-1.8,92.893,-46.2,1.281,5099.1,999.0,0,1.0,1.0,0.0,2,3,0.0,4,5,1,1
13098,31.0,5,999,0,1.1,93.994,-36.4,4.857,5191.0,999.0,0,1.0,0.0,1.0,1,7,0.0,6,5,2,1
13099,19.0,1,999,0,-1.8,93.075,-47.1,1.405,5099.1,999.0,0,1.0,0.0,0.0,1,8,0.0,11,4,2,1
13100,44.0,2,999,0,1.4,94.465,-41.8,4.961,5228.1,999.0,0,0.0,0.0,1.0,2,8,0.0,7,6,1,1
13101,31.0,3,999,0,1.4,93.918,-42.7,4.968,5228.1,999.0,0,0.0,0.0,0.0,1,8,0.0,6,7,1,1
13102,56.0,4,999,0,1.4,93.444,-36.1,4.965,5228.1,999.0,0,1.0,0.0,0.0,3,7,0.0,6,8,1,1
13103,43.0,1,999,0,-3.4,92.379,-29.8,0.766,5017.5,999.0,0,1.0,0.0,0.0,2,5,0.0,1,9,1,1
13104,31.0,1,999,0,-0.1,93.2,-42.0,4.153,5195.8,999.0,0,1.0,0.0,0.0,2,8,0.0,3,11,1,1
13105,49.0,1,999,0,1.1,93.994,-36.4,4.856,5191.0,999.0,0,1.0,0.0,1.0,2,6,0.0,1,5,1,1
13106,19.0,4,999,0,-1.8,92.843,-50.0,1.64,5099.1,999.0,0,1.0,0.0,0.0,1,4,0.0,11,3,1,1
13107,24.0,3,999,0,1.4,93.918,-42.7,4.963,5228.1,999.0,0,1.0,0.0,0.0,1,4,0.0,4,7,1,1
13108,51.0,2,999,0,1.4,93.918,-42.7,4.961,5228.1,999.0,0,1.0,0.0,0.0,2,8,0.0,5,7,1,1
13109,30.0,1,999,0,-0.1,93.2,-42.0,4.076,5195.8,999.0,0,0.0,0.0,0.0,2,7,0.0,5,11,1,1
13110,45.0,5,999,0,1.4,93.444,-36.1,4.964,5228.1,999.0,0,0.0,0.0,1.0,2,8,0.0,6,8,1,1
13111,18.0,1,999,1,-3.0,92.713,-33.0,0.715,5023.5,999.0,2,1.0,0.0,0.0,1,4,0.0,11,12,2,2
13112,36.0,1,999,0,1.4,94.465,-41.8,4.961,5228.1,999.0,0,1.0,1.0,1.0,1,8,0.0,3,6,1,1
13113,55.0,2,999,2,-1.8,92.893,-46.2,1.313,5099.1,999.0,2,0.0,0.0,0.0,2,8,0.0,4,5,1,2
13114,31.0,3,999,0,1.4,93.918,-42.7,4.961,5228.1,999.0,0,0.0,0.0,1.0,3,8,0.0,5,7,1,1
13115,56.0,1,999,0,1.4,93.918,-42.7,4.963,5228.1,999.0,0,0.0,1.0,1.0,2,7,0.0,3,7,1,1
13116,31.0,3,999,0,-1.8,93.369,-34.8,0.644,5008.7,999.0,0,0.0,0.0,0.0,2,4,0.0,5,3,1,1
13117,54.0,1,999,0,1.1,93.994,-36.4,4.857,5191.0,999.0,0,0.0,0.0,1.0,1,7,0.0,5,5,1,1
13118,31.0,1,999,0,-1.8,92.893,-46.2,1.266,5099.1,999.0,0,0.0,0.0,0.0,2,6,0.0,6,5,1,1
13119,47.0,1,999,0,1.4,93.918,-42.7,4.957,5228.1,999.0,0,1.0,0.0,0.0,1,8,0.0,4,7,1,1
13120,31.0,1,999,0,1.4,93.918,-42.7,4.958,5228.1,999.0,0,0.0,0.0,0.0,1,7,0.0,7,7,1,1
13121,31.0,2,999,0,-0.1,93.2,-42.0,4.153,5195.8,999.0,0,1.0,0.0,0.0,2,8,0.0,4,11,1,1
13122,60.0,6,999,2,-3.4,92.431,-26.9,0.722,5017.5,999.0,6,1.0,0.0,0.0,2,2,0.0,5,10,1,2
13123,42.0,2,999,0,1.1,93.994,-36.4,4.856,5191.0,999.0,0,1.0,0.0,1.0,2,8,0.0,4,5,1,1
13124,47.0,3,999,0,1.4,93.444,-36.1,4.965,5228.1,999.0,0,0.0,0.0,0.0,2,7,0.0,4,8,2,1
13125,57.0,1,999,0,1.4,94.465,-41.8,4.865,5228.1,999.0,0,0.0,0.0,1.0,3,8,0.0,4,6,2,1
13126,32.0,1,999,0,-0.1,93.2,-42.0,4.076,5195.8,999.0,0,1.0,0.0,0.0,2,7,0.0,6,11,1,1
13127,51.0,1,999,1,-1.8,93.075,-47.1,1.405,5099.1,999.0,3,1.0,0.0,0.0,2,8,0.0,4,4,1,2
13128,33.0,1,999,0,-1.8,93.075,-47.1,1.41,5099.1,999.0,0,1.0,0.0,0.0,2,7,0.0,6,4,1,1
13129,31.0,2,999,0,1.4,93.918,-42.7,4.963,5228.1,999.0,0,0.0,0.0,0.0,2,6,0.0,4,7,1,1
13130,28.0,3,999,0,-1.8,92.893,-46.2,1.264,5099.1,999.0,0,1.0,0.0,1.0,1,5,0.0,5,5,2,1
13131,31.0,2,999,0,1.4,93.444,-36.1,4.965,5228.1,999.0,0,1.0,0.0,0.0,2,8,0.0,2,8,2,1
13132,30.0,2,6,1,-3.0,92.713,-33.0,0.71,5023.5,0.2,1,1.0,1.0,0.0,1,8,0.0,1,12,1,3
13133,32.0,3,999,0,1.4,93.918,-42.7,4.968,5228.1,999.0,0,1.0,0.0,0.0,1,8,0.0,4,7,1,1
13134,37.0,2,999,1,-1.8,93.369,-34.8,0.654,5008.7,999.0,1,1.0,0.0,0.0,1,7,0.0,6,3,1,2
13135,33.0,2,999,0,1.1,93.994,-36.4,4.857,5191.0,999.0,0,1.0,0.0,1.0,2,6,0.0,10,5,2,1
13136,53.0,3,999,0,1.4,94.465,-41.8,4.959,5228.1,999.0,0,1.0,0.0,1.0,2,8,0.0,5,6,1,1
13137,31.0,5,999,0,-1.8,92.893,-46.2,1.344,5099.1,999.0,0,1.0,0.0,0.0,2,5,0.0,9,5,1,1
13138,31.0,2,6,1,-1.1,94.199,-37.5,0.881,4963.6,0.2,1,1.0,0.0,0.0,2,8,0.0,8,9,1,3
13139,46.0,2,999,0,1.1,93.994,-36.4,4.857,5191.0,999.0,0,0.0,0.0,1.0,2,8,0.0,4,5,2,1
13140,51.0,1,999,0,1.4,94.465,-41.8,4.967,5228.1,999.0,0,0.0,1.0,1.0,2,4,0.0,6,6,1,1
13141,45.0,1,999,0,1.4,93.444,-36.1,4.966,5228.1,999.0,0,0.0,0.0,0.0,2,2,0.0,4,8,1,1
13142,31.0,1,999,0,-0.1,93.2,-42.0,4.021,5195.8,999.0,0,1.0,0.0,0.0,3,8,0.0,5,11,1,1
13143,29.0,2,999,0,-1.8,92.893,-46.2,1.266,5099.1,999.0,0,0.0,0.0,0.0,1,7,0.0,5,5,1,1
13144,30.0,1,999,0,1.4,93.444,-36.1,4.963,5228.1,999.0,0,1.0,0.0,0.0,1,6,0.0,5,8,1,1
13145,66.0,1,999,2,-2.9,92.201,-31.4,0.861,5076.2,999.0,2,0.0,0.0,0.0,2,8,0.0,8,8,1,2
13146,45.0,1,999,0,1.4,93.918,-42.7,4.962,5228.1,999.0,0,0.0,0.0,0.0,2,6,0.0,6,7,1,1
13147,36.0,1,999,0,1.1,93.994,-36.4,4.858,5191.0,999.0,0,0.0,0.0,1.0,2,5,0.0,9,5,1,1
13148,39.0,1,999,0,-1.8,92.893,-46.2,1.327,5099.1,999.0,0,0.0,0.0,0.0,2,3,0.0,7,5,1,1
13149,31.0,3,999,0,1.4,93.918,-42.7,4.963,5228.1,999.0,0,0.0,0.0,0.0,2,7,0.0,6,7,1,1
13150,57.0,3,999,0,1.1,93.994,-36.4,4.857,5191.0,999.0,0,0.0,0.0,1.0,3,4,0.0,6,5,1,1
13151,31.0,3,999,0,1.1,93.994,-36.4,4.859,5191.0,999.0,0,0.0,0.0,1.0,2,7,0.0,5,5,1,1
13152,29.0,1,999,0,1.4,93.444,-36.1,4.964,5228.1,999.0,0,0.0,0.0,0.0,1,6,0.0,5,8,1,1
13153,34.0,6,999,0,1.4,93.918,-42.7,4.957,5228.1,999.0,0,1.0,0.0,0.0,2,7,0.0,6,7,1,1
13154,32.0,2,999,0,-1.1,94.199,-37.5,0.88,4963.6,999.0,0,0.0,0.0,0.0,2,2,0.0,4,9,1,1
13155,31.0,1,999,0,1.4,93.918,-42.7,4.962,5228.1,999.0,0,1.0,1.0,1.0,1,8,0.0,4,7,1,1
13156,31.0,1,999,0,1.1,93.994,-36.4,4.857,5191.0,999.0,0,1.0,0.0,1.0,2,2,0.0,4,5,2,1
13157,40.0,1,999,0,1.4,94.465,-41.8,4.961,5228.1,999.0,0,1.0,1.0,1.0,2,7,0.0,7,6,1,1
13158,36.0,4,999,0,1.4,93.918,-42.7,4.958,5228.1,999.0,0,0.0,0.0,0.0,1,6,0.0,5,7,1,1
13159,40.0,1,999,0,1.4,93.918,-42.7,4.963,5228.1,999.0,0,1.0,0.0,0.0,2,2,0.0,4,7,1,1
13160,29.0,1,999,0,-1.7,94.055,-39.8,0.729,4991.6,999.0,0,1.0,1.0,1.0,3,6,0.0,5,6,1,1
13161,35.0,1,999,0,-0.1,93.2,-42.0,4.076,5195.8,999.0,0,1.0,1.0,0.0,1,8,0.0,3,11,1,1
13162,48.0,4,999,1,-1.8,92.893,-46.2,1.354,5099.1,999.0,3,1.0,1.0,0.0,2,6,0.0,10,5,2,2
13163,56.0,2,999,0,1.4,94.465,-41.8,4.967,5228.1,999.0,0,0.0,0.0,1.0,2,8,0.0,5,6,1,1
13164,45.0,2,999,0,1.1,93.994,-36.4,4.857,5191.0,999.0,0,0.0,0.0,1.0,3,7,0.0,3,5,2,1
13165,52.0,1,999,0,1.4,93.444,-36.1,4.964,5228.1,999.0,0,1.0,0.0,0.0,3,7,0.0,6,8,1,1
13166,31.0,3,999,0,1.4,94.465,-41.8,4.96,5228.1,999.0,0,0.0,0.0,1.0,2,7,0.0,3,6,2,1
13167,31.0,2,999,0,-1.8,92.893,-46.2,1.299,5099.1,999.0,0,1.0,0.0,0.0,2,7,0.0,6,5,2,1
13168,31.0,1,999,0,1.1,93.994,-36.4,4.857,5191.0,999.0,0,1.0,0.0,1.0,2,8,0.0,4,5,2,1
13169,52.0,4,999,0,1.1,93.994,-36.4,4.86,5191.0,999.0,0,0.0,0.0,1.0,1,8,0.0,5,5,1,1
13170,31.0,1,3,1,-2.9,92.201,-31.4,0.884,5076.2,0.1,4,0.0,0.0,0.0,2,7,0.0,6,8,2,3
13171,31.0,2,999,0,1.1,93.994,-36.4,4.855,5191.0,999.0,0,1.0,1.0,1.0,3,6,0.0,5,5,1,1
13172,28.0,2,999,0,1.1,93.994,-36.4,4.856,5191.0,999.0,0,1.0,0.0,1.0,1,7,0.0,6,5,1,1
13173,32.0,1,999,0,1.4,93.444,-36.1,4.964,5228.1,999.0,0,0.0,1.0,0.0,2,7,0.0,6,8,1,1
13174,41.0,1,999,0,-1.8,92.893,-46.2,1.327,5099.1,999.0,0,0.0,0.0,0.0,2,8,0.0,1,5,1,1
13175,34.0,5,999,0,1.4,93.918,-42.7,4.962,5228.1,999.0,0,1.0,0.0,0.0,2,6,0.0,5,7,1,1
13176,78.0,1,999,0,-1.8,93.075,-47.1,1.405,5099.1,999.0,0,1.0,1.0,0.0,2,2,0.0,8,4,1,1
13177,31.0,3,15,3,-2.9,92.201,-31.4,0.873,5076.2,0.5,6,1.0,0.0,0.0,1,5,0.0,11,8,1,2
13178,24.0,1,999,0,1.4,93.918,-42.7,4.963,5228.1,999.0,0,0.0,0.0,0.0,2,8,0.0,6,7,1,1
13179,33.0,1,999,0,1.1,93.994,-36.4,4.859,5191.0,999.0,0,0.0,0.0,1.0,2,5,0.0,7,5,1,1
13180,39.0,6,999,0,1.1,93.994,-36.4,4.856,5191.0,999.0,0,1.0,0.0,1.0,3,8,0.0,4,5,1,1
13181,57.0,4,999,0,1.4,94.465,-41.8,4.959,5228.1,999.0,0,0.0,1.0,1.0,2,7,0.0,3,6,1,1
13182,31.0,3,999,0,-1.8,93.075,-47.1,1.405,5099.1,999.0,0,1.0,0.0,0.0,1,8,0.0,3,4,2,1
13183,31.0,1,999,1,-1.8,92.893,-46.2,1.25,5099.1,999.0,1,1.0,0.0,0.0,2,5,0.0,4,5,1,2
13184,37.0,3,999,0,1.4,93.918,-42.7,4.96,5228.1,999.0,0,0.0,0.0,0.0,1,7,0.0,5,7,2,1
13185,65.0,3,6,1,-1.8,92.893,-46.2,1.354,5099.1,0.2,4,0.0,0.0,1.0,2,7,0.0,3,5,2,3
13186,31.0,1,999,0,1.4,93.918,-42.7,4.963,5228.1,999.0,0,0.0,1.0,0.0,2,8,0.0,3,7,1,1
13187,53.0,1,999,0,-1.8,93.075,-47.1,1.365,5099.1,999.0,0,0.0,0.0,0.0,3,8,0.0,3,4,1,1
13188,43.0,3,999,0,-0.1,93.2,-42.0,4.191,5195.8,999.0,0,0.0,0.0,0.0,3,8,0.0,6,11,2,1
13189,31.0,2,999,0,1.4,93.918,-42.7,4.962,5228.1,999.0,0,1.0,0.0,0.0,2,7,0.0,10,7,1,1
13190,31.0,3,999,0,1.1,93.994,-36.4,4.858,5191.0,999.0,0,1.0,1.0,1.0,2,4,0.0,4,5,2,1
13191,37.0,1,6,1,-0.1,93.2,-42.0,4.286,5195.8,0.2,3,1.0,0.0,1.0,2,7,0.0,6,11,1,3
13192,57.0,1,999,0,1.1,93.994,-36.4,4.857,5191.0,999.0,0,1.0,0.0,1.0,2,7,0.0,3,5,1,1
13193,31.0,3,999,0,1.4,93.444,-36.1,4.964,5228.1,999.0,0,1.0,0.0,0.0,2,8,0.0,6,8,1,1
13194,26.0,2,999,0,1.1,93.994,-36.4,4.858,5191.0,999.0,0,0.0,0.0,1.0,2,5,0.0,9,5,2,1
13195,31.0,1,999,0,1.1,93.994,-36.4,4.86,5191.0,999.0,0,0.0,0.0,1.0,1,8,0.0,4,5,1,1
13196,31.0,1,999,0,1.4,93.918,-42.7,4.962,5228.1,999.0,0,0.0,0.0,0.0,2,2,0.0,4,7,1,1
13197,41.0,2,999,0,-1.8,93.075,-47.1,1.41,5099.1,999.0,0,0.0,0.0,0.0,1,7,0.0,9,4,1,1
13198,41.0,2,999,0,1.4,93.444,-36.1,4.964,5228.1,999.0,0,0.0,0.0,0.0,3,7,0.0,6,8,1,1
13199,63.0,1,3,2,-1.1,94.767,-50.8,1.049,4963.6,0.1,2,1.0,0.0,0.0,2,2,0.0,8,11,1,3
13200,47.0,1,999,0,1.1,93.994,-36.4,4.856,5191.0,999.0,0,1.0,0.0,1.0,2,4,0.0,5,5,1,1
13201,31.0,1,999,0,1.1,93.994,-36.4,4.857,5191.0,999.0,0,1.0,0.0,1.0,1,8,0.0,9,5,1,1
13202,43.0,2,999,0,1.1,93.994,-36.4,4.857,5191.0,999.0,0,1.0,1.0,1.0,2,2,0.0,4,5,1,1
13203,34.0,2,12,1,-2.9,92.201,-31.4,0.883,5076.2,0.4,3,1.0,0.0,0.0,1,6,0.0,5,8,1,3
13204,38.0,1,999,1,-3.4,92.379,-29.8,0.773,5017.5,999.0,0,1.0,0.0,0.0,1,5,0.0,6,9,1,2
13205,50.0,2,999,0,1.4,93.918,-42.7,4.958,5228.1,999.0,0,1.0,0.0,0.0,2,8,0.0,4,7,1,1
13206,47.0,3,999,0,1.4,93.918,-42.7,4.962,5228.1,999.0,0,0.0,0.0,0.0,2,3,0.0,4,7,2,1
13207,29.0,1,999,1,-0.1,93.2,-42.0,4.076,5195.8,999.0,0,1.0,0.0,0.0,1,7,0.0,5,11,1,2
13208,33.0,1,999,0,1.4,93.918,-42.7,4.962,5228.1,999.0,0,0.0,0.0,1.0,2,8,0.0,4,7,1,1
13209,52.0,1,999,0,-1.7,94.215,-40.3,0.889,4991.6,999.0,0,0.0,0.0,1.0,1,8,0.0,5,7,2,1
13210,30.0,1,999,0,-1.8,92.893,-46.2,1.266,5099.1,999.0,0,1.0,0.0,0.0,3,5,0.0,9,5,1,1
13211,31.0,1,999,0,-0.1,93.2,-42.0,4.663,5195.8,999.0,0,1.0,0.0,1.0,2,7,0.0,3,11,1,1
13212,31.0,1,999,0,1.1,93.994,-36.4,4.857,5191.0,999.0,0,0.0,0.0,1.0,1,8,0.0,4,5,1,1
13213,56.0,1,999,1,-1.8,92.893,-46.2,1.281,5099.1,999.0,1,0.0,0.0,0.0,3,8,0.0,4,5,1,2
13214,39.0,4,999,0,1.4,93.918,-42.7,4.957,5228.1,999.0,0,1.0,0.0,0.0,2,8,0.0,2,7,1,1
13215,31.0,2,999,1,-0.1,93.2,-42.0,4.021,5195.8,999.0,1,0.0,1.0,0.0,1,5,0.0,6,11,1,2
13216,45.0,1,999,0,1.1,93.994,-36.4,4.857,5191.0,999.0,0,1.0,0.0,1.0,2,4,0.0,6,5,1,1
13217,31.0,1,999,0,-2.9,92.469,-33.6,1.072,5076.2,999.0,0,0.0,0.0,0.0,2,7,0.0,6,7,1,1
13218,34.0,1,999,0,1.4,93.918,-42.7,4.962,5228.1,999.0,0,0.0,0.0,0.0,1,7,0.0,5,7,1,1
13219,43.0,2,999,0,1.4,94.465,-41.8,4.864,5228.1,999.0,0,0.0,0.0,1.0,3,7,0.0,6,6,1,1
13220,48.0,1,999,0,-0.1,93.2,-42.0,4.153,5195.8,999.0,0,1.0,1.0,0.0,2,8,0.0,3,11,1,1
13221,32.0,3,999,1,-1.8,92.893,-46.2,1.334,5099.1,999.0,2,1.0,1.0,0.0,3,4,0.0,5,5,1,2
13222,35.0,1,999,0,-0.1,93.2,-42.0,4.12,5195.8,999.0,0,1.0,0.0,0.0,2,7,0.0,6,11,1,1
13223,60.0,3,999,0,1.4,93.444,-36.1,4.965,5228.1,999.0,0,0.0,0.0,0.0,2,2,0.0,8,8,2,1
13224,39.0,1,999,0,1.4,94.465,-41.8,4.961,5228.1,999.0,0,0.0,1.0,1.0,2,5,0.0,6,6,2,1
13225,31.0,1,999,0,-2.9,92.201,-31.4,0.879,5076.2,999.0,0,0.0,0.0,0.0,2,3,0.0,8,8,1,1
13226,51.0,2,999,0,1.4,93.918,-42.7,4.962,5228.1,999.0,0,1.0,0.0,0.0,2,2,0.0,2,7,1,1
13227,31.0,4,999,0,-0.1,93.2,-42.0,4.076,5195.8,999.0,0,1.0,0.0,0.0,1,8,0.0,10,11,1,1
13228,31.0,3,999,0,-2.9,92.201,-31.4,0.859,5076.2,999.0,0,0.0,0.0,1.0,2,7,0.0,8,8,1,1
13229,31.0,1,999,0,1.1,93.994,-36.4,4.857,5191.0,999.0,0,1.0,0.0,1.0,2,4,0.0,4,5,1,1
13230,53.0,1,999,0,1.4,93.918,-42.7,4.961,5228.1,999.0,0,1.0,0.0,0.0,2,7,0.0,7,7,1,1
13231,39.0,2,999,0,1.1,93.994,-36.4,4.857,5191.0,999.0,0,1.0,0.0,1.0,1,5,0.0,9,5,1,1
13232,31.0,1,999,0,-2.9,92.963,-40.8,1.266,5076.2,999.0,0,1.0,0.0,0.0,3,7,0.0,6,6,2,1
13233,36.0,1,999,0,-1.8,92.893,-46.2,1.281,5099.1,999.0,0,1.0,0.0,1.0,2,8,0.0,4,5,1,1
13234,31.0,2,999,0,-0.1,93.2,-42.0,4.153,5195.8,999.0,0,0.0,1.0,0.0,1,5,0.0,3,11,1,1
13235,31.0,32,999,0,1.4,94.465,-41.8,4.864,5228.1,999.0,0,0.0,0.0,1.0,1,7,0.0,6,6,1,1
13236,33.0,1,999,0,1.1,93.994,-36.4,4.857,5191.0,999.0,0,1.0,0.0,1.0,2,4,0.0,5,5,2,1
13237,42.0,1,999,0,1.4,93.918,-42.7,4.968,5228.1,999.0,0,0.0,0.0,0.0,2,4,0.0,3,7,1,1
13238,31.0,1,999,0,1.4,94.465,-41.8,4.865,5228.1,999.0,0,1.0,1.0,1.0,2,8,0.0,1,6,2,1
13239,35.0,1,999,0,1.1,93.994,-36.4,4.864,5191.0,999.0,0,0.0,0.0,1.0,1,5,0.0,6,5,1,1
13240,28.0,1,999,0,1.1,93.994,-36.4,4.86,5191.0,999.0,0,0.0,0.0,1.0,2,8,0.0,4,5,1,1
13241,41.0,1,18,2,-1.8,93.876,-40.0,0.695,5008.7,0.6,0,1.0,0.0,0.0,2,8,0.0,3,5,1,2
13242,31.0,2,999,0,-0.1,93.2,-42.0,4.076,5195.8,999.0,0,1.0,0.0,1.0,2,8,0.0,4,11,1,1
13243,35.0,2,999,0,1.4,94.465,-41.8,4.958,5228.1,999.0,0,0.0,0.0,1.0,2,5,0.0,4,6,1,1
13244,54.0,1,999,0,1.4,94.465,-41.8,4.961,5228.1,999.0,0,1.0,1.0,1.0,1,3,0.0,10,6,2,1
13245,31.0,2,999,0,1.4,93.918,-42.7,4.96,5228.1,999.0,0,1.0,1.0,0.0,2,8,0.0,6,7,2,1
13246,32.0,1,999,0,1.1,93.994,-36.4,4.856,5191.0,999.0,0,0.0,0.0,1.0,2,3,0.0,3,5,1,1
13247,45.0,1,999,0,1.4,94.465,-41.8,4.959,5228.1,999.0,0,0.0,0.0,1.0,2,8,0.0,12,6,1,1
13248,55.0,2,999,0,-1.8,92.893,-46.2,1.299,5099.1,999.0,0,1.0,0.0,0.0,2,7,0.0,3,5,2,1
13249,31.0,1,999,0,1.4,93.444,-36.1,4.964,5228.1,999.0,0,1.0,0.0,0.0,2,7,0.0,6,8,1,1
13250,31.0,1,999,0,1.4,94.465,-41.8,4.866,5228.1,999.0,0,1.0,0.0,1.0,1,8,0.0,4,6,1,1
13251,24.0,1,999,0,-1.7,94.055,-39.8,0.729,4991.6,999.0,0,1.0,0.0,0.0,1,5,0.0,11,6,1,1
13252,22.0,4,999,0,1.4,93.918,-42.7,4.963,5228.1,999.0,0,1.0,0.0,0.0,2,8,0.0,4,7,1,1
13253,59.0,2,2,1,-2.9,92.201,-31.4,0.884,5076.2,0.0666666666667,5,1.0,0.0,0.0,2,5,0.0,6,8,1,3
13254,44.0,1,999,0,1.4,93.918,-42.7,4.963,5228.1,999.0,0,0.0,0.0,0.0,2,6,0.0,5,7,1,1
13255,31.0,1,999,0,1.4,93.444,-36.1,4.966,5228.1,999.0,0,1.0,1.0,0.0,1,5,0.0,5,8,1,1
13256,31.0,1,999,0,1.1,93.994,-36.4,4.856,5191.0,999.0,0,1.0,0.0,1.0,2,8,0.0,1,5,1,1
13257,31.0,2,999,0,1.1,93.994,-36.4,4.857,5191.0,999.0,0,1.0,1.0,1.0,2,2,0.0,4,5,1,1
13258,28.0,4,999,0,1.4,93.918,-42.7,4.962,5228.1,999.0,0,0.0,0.0,0.0,1,6,0.0,4,7,1,1
13259,57.0,2,999,0,1.1,93.994,-36.4,4.857,5191.0,999.0,0,0.0,0.0,1.0,2,8,0.0,8,5,1,1
13260,31.0,1,999,0,1.4,93.444,-36.1,4.963,5228.1,999.0,0,1.0,0.0,0.0,1,8,0.0,5,8,1,1
13261,31.0,2,999,0,-1.8,92.893,-46.2,1.244,5099.1,999.0,0,0.0,0.0,0.0,2,5,0.0,6,5,2,1
13262,36.0,2,999,0,1.1,93.994,-36.4,4.858,5191.0,999.0,0,1.0,0.0,1.0,2,6,0.0,5,5,2,1
13263,51.0,1,999,0,-1.8,92.893,-46.2,1.299,5099.1,999.0,0,0.0,0.0,0.0,3,7,0.0,7,5,2,1
13264,31.0,2,999,0,1.1,93.994,-36.4,4.856,5191.0,999.0,0,0.0,0.0,1.0,2,2,0.0,7,5,1,1
13265,40.0,1,999,0,1.1,93.994,-36.4,4.856,5191.0,999.0,0,1.0,0.0,1.0,2,3,0.0,4,5,1,1
13266,32.0,2,999,0,1.4,94.465,-41.8,4.961,5228.1,999.0,0,1.0,0.0,1.0,2,6,0.0,5,6,2,1
13267,32.0,6,999,0,1.4,93.444,-36.1,4.962,5228.1,999.0,0,1.0,0.0,0.0,2,6,0.0,5,8,1,1
13268,36.0,6,999,0,-0.1,93.2,-42.0,4.12,5195.8,999.0,0,1.0,0.0,0.0,2,3,0.0,4,11,1,1
13269,38.0,1,999,0,1.4,93.444,-36.1,4.966,5228.1,999.0,0,1.0,0.0,0.0,3,6,0.0,5,8,1,1
13270,27.0,6,999,0,1.4,93.918,-42.7,4.961,5228.1,999.0,0,1.0,1.0,0.0,1,8,0.0,9,7,1,1
13271,32.0,1,999,0,1.4,94.465,-41.8,4.962,5228.1,999.0,0,1.0,0.0,1.0,2,5,0.0,9,6,1,1
13272,36.0,1,999,0,1.4,94.465,-41.8,4.958,5228.1,999.0,0,0.0,1.0,1.0,2,5,0.0,7,6,1,1
13273,26.0,2,999,1,-2.9,92.201,-31.4,0.883,5076.2,999.0,4,1.0,0.0,0.0,1,8,0.0,11,8,1,2
13274,31.0,1,999,0,1.1,93.994,-36.4,4.857,5191.0,999.0,0,1.0,0.0,1.0,2,8,0.0,9,5,2,1
13275,31.0,2,999,1,-1.8,93.075,-47.1,1.405,5099.1,999.0,2,1.0,0.0,0.0,2,5,0.0,5,4,2,2
13276,31.0,1,999,0,-1.8,92.893,-46.2,1.266,5099.1,999.0,0,1.0,0.0,0.0,1,8,0.0,12,5,1,1
13277,54.0,1,999,0,1.4,93.918,-42.7,4.962,5228.1,999.0,0,1.0,0.0,0.0,2,3,0.0,5,7,1,1
13278,31.0,1,999,1,-2.9,92.469,-33.6,1.029,5076.2,999.0,1,1.0,0.0,0.0,1,5,0.0,6,7,1,2
13279,40.0,3,999,0,1.4,93.444,-36.1,4.965,5228.1,999.0,0,1.0,0.0,0.0,2,8,0.0,6,8,1,1
13280,31.0,1,999,0,-1.8,93.075,-47.1,1.405,5099.1,999.0,0,0.0,0.0,1.0,3,8,0.0,1,4,1,1
13281,31.0,2,999,0,1.1,93.994,-36.4,4.86,5191.0,999.0,0,0.0,0.0,1.0,1,7,0.0,1,5,1,1
13282,31.0,2,999,0,-1.8,92.893,-46.2,1.327,5099.1,999.0,0,0.0,0.0,0.0,2,8,0.0,9,5,1,1
13283,31.0,4,999,0,1.4,93.918,-42.7,4.962,5228.1,999.0,0,1.0,0.0,1.0,2,8,0.0,6,7,1,1
13284,28.0,2,999,0,1.4,93.918,-42.7,4.96,5228.1,999.0,0,1.0,1.0,0.0,2,8,0.0,5,7,2,1
13285,31.0,1,999,1,-0.1,93.2,-42.0,4.191,5195.8,999.0,1,1.0,0.0,0.0,2,4,0.0,4,11,2,2
13286,31.0,1,999,0,1.1,93.994,-36.4,4.859,5191.0,999.0,0,0.0,0.0,1.0,2,8,0.0,4,5,1,1
13287,31.0,11,999,0,-1.8,92.893,-46.2,1.281,5099.1,999.0,0,0.0,0.0,0.0,3,5,0.0,6,5,1,1
13288,38.0,4,999,0,-1.8,93.075,-47.1,1.405,5099.1,999.0,0,1.0,1.0,0.0,1,2,0.0,7,4,2,1
13289,33.0,1,999,0,-2.9,92.963,-40.8,1.262,5076.2,999.0,0,1.0,0.0,0.0,2,7,0.0,6,6,1,1
13290,56.0,5,999,0,1.4,94.465,-41.8,4.959,5228.1,999.0,0,0.0,0.0,1.0,2,2,0.0,4,6,1,1
13291,26.0,3,999,0,1.4,93.918,-42.7,4.963,5228.1,999.0,0,0.0,0.0,0.0,1,7,0.0,6,7,1,1
13292,23.0,1,999,0,1.4,93.918,-42.7,4.96,5228.1,999.0,0,0.0,0.0,0.0,1,5,0.0,9,7,2,1
13293,52.0,3,999,0,1.1,93.994,-36.4,4.864,5191.0,999.0,0,0.0,0.0,1.0,2,7,0.0,1,5,1,1
13294,49.0,1,999,0,1.1,93.994,-36.4,4.858,5191.0,999.0,0,0.0,0.0,1.0,2,8,0.0,2,5,2,1
13295,36.0,1,999,0,1.1,93.994,-36.4,4.857,5191.0,999.0,0,1.0,1.0,1.0,2,6,0.0,4,5,1,1
13296,41.0,1,999,0,1.1,93.994,-36.4,4.859,5191.0,999.0,0,0.0,0.0,1.0,2,3,0.0,2,5,1,1
13297,53.0,3,999,0,1.4,93.918,-42.7,4.962,5228.1,999.0,0,1.0,0.0,0.0,2,4,0.0,4,7,1,1
13298,31.0,21,999,0,1.4,93.918,-42.7,4.961,5228.1,999.0,0,0.0,1.0,0.0,2,8,0.0,4,7,1,1
13299,25.0,1,999,0,1.4,93.918,-42.7,4.96,5228.1,999.0,0,0.0,0.0,0.0,3,8,0.0,6,7,2,1
13300,31.0,3,999,1,-0.1,93.2,-42.0,4.021,5195.8,999.0,0,0.0,0.0,0.0,1,7,0.0,5,11,1,2
13301,34.0,1,999,0,1.1,93.994,-36.4,4.858,5191.0,999.0,0,0.0,0.0,1.0,2,5,0.0,9,5,1,1
13302,31.0,2,999,0,1.4,93.918,-42.7,4.962,5228.1,999.0,0,1.0,0.0,0.0,1,8,0.0,6,7,2,1
13303,31.0,3,999,0,1.4,93.444,-36.1,4.965,5228.1,999.0,0,0.0,0.0,0.0,2,3,0.0,4,8,2,1
13304,31.0,8,999,0,1.4,93.918,-42.7,4.962,5228.1,999.0,0,0.0,0.0,1.0,2,7,0.0,6,7,1,1
13305,31.0,1,999,0,-0.1,93.2,-42.0,4.12,5195.8,999.0,0,0.0,0.0,0.0,1,7,0.0,3,11,1,1
13306,31.0,1,999,0,-1.8,92.893,-46.2,1.266,5099.1,999.0,0,0.0,0.0,0.0,2,4,0.0,4,5,1,1
13307,48.0,1,999,0,1.4,93.918,-42.7,4.966,5228.1,999.0,0,1.0,0.0,1.0,2,3,0.0,7,7,1,1
13308,31.0,1,999,0,1.4,93.444,-36.1,4.963,5228.1,999.0,0,1.0,0.0,0.0,2,7,0.0,10,8,1,1
13309,33.0,2,999,1,-1.8,92.893,-46.2,1.334,5099.1,999.0,1,1.0,0.0,0.0,2,5,0.0,9,5,1,2
13310,26.0,2,999,0,-2.9,92.963,-40.8,1.268,5076.2,999.0,0,1.0,0.0,0.0,1,8,0.0,1,6,1,1
13311,33.0,3,3,4,-1.7,94.027,-38.3,0.896,4991.6,0.1,12,1.0,0.0,0.0,2,6,0.0,11,8,2,3
13312,30.0,1,999,0,1.1,93.994,-36.4,4.858,5191.0,999.0,0,1.0,0.0,1.0,1,8,0.0,4,5,1,1
13313,37.0,2,999,0,1.1,93.994,-36.4,4.857,5191.0,999.0,0,1.0,1.0,1.0,2,7,0.0,6,5,1,1
13314,24.0,6,999,0,-1.8,92.893,-46.2,1.266,5099.1,999.0,0,0.0,0.0,0.0,1,6,0.0,6,5,1,1
13315,34.0,1,999,1,-1.7,94.215,-40.3,0.884,4991.6,999.0,4,0.0,0.0,1.0,1,8,0.0,5,7,1,2
13316,22.0,3,999,1,-1.8,92.893,-46.2,1.266,5099.1,999.0,5,1.0,1.0,1.0,1,5,0.0,11,5,1,2
13317,51.0,1,999,0,-0.1,93.2,-42.0,4.153,5195.8,999.0,0,0.0,0.0,0.0,2,2,0.0,4,11,1,1
13318,30.0,2,999,0,1.4,93.918,-42.7,4.962,5228.1,999.0,0,1.0,1.0,0.0,1,7,0.0,6,7,2,1
13319,45.0,4,999,0,1.4,93.918,-42.7,4.963,5228.1,999.0,0,1.0,0.0,0.0,2,7,0.0,6,7,1,1
13320,31.0,2,999,0,-1.8,93.075,-47.1,1.365,5099.1,999.0,0,1.0,0.0,1.0,1,8,0.0,12,4,1,1
13321,46.0,1,999,0,1.4,93.918,-42.7,4.962,5228.1,999.0,0,0.0,0.0,1.0,2,7,0.0,5,7,1,1
13322,46.0,1,999,0,-1.8,93.075,-47.1,1.365,5099.1,999.0,0,0.0,0.0,0.0,2,8,0.0,6,4,1,1
13323,31.0,2,999,0,-1.8,93.075,-47.1,1.41,5099.1,999.0,0,1.0,0.0,0.0,1,7,0.0,6,4,1,1
13324,33.0,1,999,0,1.1,93.994,-36.4,4.857,5191.0,999.0,0,0.0,0.0,1.0,2,4,0.0,6,5,1,1
13325,34.0,3,999,0,1.4,93.444,-36.1,4.964,5228.1,999.0,0,1.0,0.0,0.0,2,8,0.0,5,8,1,1
13326,38.0,2,999,0,-0.1,93.2,-42.0,4.191,5195.8,999.0,0,1.0,0.0,1.0,2,8,0.0,5,11,2,1
13327,31.0,1,999,0,1.4,93.444,-36.1,4.964,5228.1,999.0,0,1.0,0.0,0.0,2,8,0.0,6,8,1,1
13328,32.0,1,999,0,1.1,93.994,-36.4,4.856,5191.0,999.0,0,1.0,0.0,1.0,1,5,0.0,11,5,1,1
13329,31.0,1,999,0,-1.8,92.893,-46.2,1.313,5099.1,999.0,0,0.0,0.0,0.0,3,8,0.0,3,5,1,1
13330,31.0,1,999,0,-3.4,92.649,-30.1,0.716,5017.5,999.0,0,1.0,0.0,0.0,2,8,0.0,3,11,1,1
13331,46.0,1,999,0,-1.8,93.075,-47.1,1.405,5099.1,999.0,0,0.0,0.0,0.0,2,8,0.0,3,4,1,1
13332,29.0,3,3,2,-2.9,92.963,-40.8,1.244,5076.2,0.1,2,0.0,1.0,0.0,1,2,0.0,10,6,1,3
13333,34.0,1,999,0,-1.8,92.893,-46.2,1.313,5099.1,999.0,0,1.0,0.0,0.0,1,8,0.0,4,5,1,1
13334,39.0,1,999,0,1.1,93.994,-36.4,4.856,5191.0,999.0,0,0.0,0.0,1.0,2,8,0.0,9,5,1,1
13335,31.0,4,999,0,-1.8,93.075,-47.1,1.41,5099.1,999.0,0,0.0,0.0,0.0,1,8,0.0,6,4,1,1
13336,27.0,1,999,0,1.4,93.918,-42.7,4.962,5228.1,999.0,0,1.0,0.0,0.0,1,8,0.0,5,7,1,1
13337,40.0,3,999,0,1.4,93.444,-36.1,4.964,5228.1,999.0,0,0.0,0.0,0.0,2,7,0.0,6,8,1,1
13338,27.0,4,999,0,1.4,94.465,-41.8,4.961,5228.1,999.0,0,1.0,0.0,1.0,2,4,0.0,2,6,1,1
13339,35.0,2,999,0,1.1,93.994,-36.4,4.858,5191.0,999.0,0,1.0,1.0,1.0,2,8,0.0,9,5,2,1
13340,43.0,10,999,0,1.1,93.994,-36.4,4.859,5191.0,999.0,0,0.0,0.0,1.0,1,2,0.0,4,5,1,1
13341,31.0,1,999,0,1.1,93.994,-36.4,4.856,5191.0,999.0,0,0.0,1.0,1.0,2,2,0.0,4,5,1,1
13342,46.0,3,999,0,1.4,94.465,-41.8,4.866,5228.1,999.0,0,1.0,0.0,1.0,2,2,0.0,4,6,1,1
13343,31.0,1,999,1,-1.8,93.075,-47.1,1.405,5099.1,999.0,1,1.0,0.0,0.0,1,7,0.0,5,4,1,2
13344,28.0,2,999,0,1.4,93.918,-42.7,4.963,5228.1,999.0,0,1.0,0.0,1.0,1,8,0.0,6,7,1,1
13345,49.0,2,999,1,-1.8,92.893,-46.2,1.334,5099.1,999.0,1,0.0,0.0,0.0,1,8,0.0,6,5,1,2
13346,44.0,1,999,0,1.4,94.465,-41.8,4.962,5228.1,999.0,0,0.0,0.0,1.0,1,5,0.0,6,6,1,1
13347,31.0,1,999,0,1.1,93.994,-36.4,4.855,5191.0,999.0,0,0.0,0.0,1.0,1,8,0.0,3,5,1,1
13348,51.0,1,999,0,1.1,93.994,-36.4,4.856,5191.0,999.0,0,1.0,0.0,1.0,2,4,0.0,8,5,1,1
13349,37.0,1,999,1,-2.9,92.201,-31.4,0.859,5076.2,999.0,2,0.0,1.0,0.0,2,7,0.0,6,8,1,2
13350,52.0,2,3,1,-2.9,92.963,-40.8,1.268,5076.2,0.1,3,0.0,0.0,0.0,1,8,0.0,4,6,1,3
13351,38.0,7,999,0,-1.8,92.893,-46.2,1.266,5099.1,999.0,0,1.0,0.0,0.0,2,5,0.0,9,5,1,1
13352,29.0,1,999,0,-0.1,93.2,-42.0,4.592,5195.8,999.0,0,1.0,0.0,0.0,2,7,0.0,5,11,1,1
13353,45.0,2,999,0,1.1,93.994,-36.4,4.86,5191.0,999.0,0,1.0,0.0,1.0,2,8,0.0,12,5,1,1
13354,25.0,2,999,0,1.4,94.465,-41.8,4.961,5228.1,999.0,0,1.0,0.0,1.0,2,6,0.0,4,6,2,1
13355,23.0,1,999,0,1.4,93.918,-42.7,4.963,5228.1,999.0,0,1.0,0.0,0.0,1,6,0.0,6,7,1,1
13356,42.0,4,999,0,-0.1,93.2,-42.0,4.12,5195.8,999.0,0,1.0,1.0,0.0,2,2,0.0,7,11,1,1
13357,45.0,1,999,0,1.1,93.994,-36.4,4.857,5191.0,999.0,0,0.0,0.0,1.0,2,3,0.0,4,5,1,1
13358,55.0,4,999,0,1.4,93.918,-42.7,4.96,5228.1,999.0,0,0.0,0.0,0.0,2,8,0.0,5,7,2,1
13359,31.0,1,999,0,1.1,93.994,-36.4,4.86,5191.0,999.0,0,1.0,0.0,1.0,1,2,0.0,2,5,1,1
13360,31.0,1,5,1,-1.8,93.075,-47.1,1.41,5099.1,0.166666666667,3,0.0,0.0,0.0,2,4,0.0,4,4,1,3
13361,31.0,3,3,1,-2.9,92.963,-40.8,1.26,5076.2,0.1,0,0.0,1.0,0.0,2,7,0.0,6,6,1,3
13362,29.0,3,999,0,1.4,93.918,-42.7,4.962,5228.1,999.0,0,1.0,0.0,0.0,1,8,0.0,6,7,1,1
13363,29.0,1,999,0,1.1,93.994,-36.4,4.86,5191.0,999.0,0,0.0,0.0,1.0,1,7,0.0,10,5,1,1
13364,31.0,2,999,0,1.1,93.994,-36.4,4.855,5191.0,999.0,0,0.0,0.0,1.0,3,8,0.0,2,5,1,1
13365,50.0,2,999,0,1.4,93.444,-36.1,4.968,5228.1,999.0,0,1.0,0.0,0.0,2,7,0.0,6,8,1,1
13366,41.0,1,999,0,1.4,94.465,-41.8,4.962,5228.1,999.0,0,1.0,0.0,1.0,3,8,0.0,4,6,1,1
13367,39.0,1,12,2,-1.8,93.369,-34.8,0.639,5008.7,0.4,8,0.0,0.0,0.0,3,5,0.0,5,3,2,3
13368,33.0,2,999,0,-1.8,92.893,-46.2,1.266,5099.1,999.0,0,1.0,1.0,0.0,2,8,0.0,4,5,1,1
13369,31.0,13,999,0,1.4,93.444,-36.1,4.965,5228.1,999.0,0,1.0,0.0,0.0,2,2,0.0,8,8,2,1
13370,30.0,2,999,0,1.4,93.918,-42.7,4.961,5228.1,999.0,0,0.0,1.0,0.0,1,5,0.0,6,7,1,1
13371,27.0,1,999,0,-1.8,93.075,-47.1,1.498,5099.1,999.0,0,1.0,1.0,0.0,2,6,0.0,7,4,1,1
13372,50.0,3,999,0,-1.8,92.893,-46.2,1.313,5099.1,999.0,0,0.0,0.0,0.0,3,8,0.0,4,5,1,1
13373,42.0,1,999,1,-1.8,93.749,-34.6,0.642,5008.7,999.0,2,1.0,0.0,1.0,3,8,0.0,2,4,2,2
13374,55.0,1,999,0,1.4,94.465,-41.8,4.866,5228.1,999.0,0,1.0,0.0,1.0,2,6,0.0,8,6,1,1
13375,30.0,4,999,0,1.4,93.444,-36.1,4.967,5228.1,999.0,0,1.0,0.0,0.0,2,7,0.0,6,8,1,1
13376,55.0,2,999,0,-0.1,93.2,-42.0,4.153,5195.8,999.0,0,1.0,1.0,0.0,2,8,0.0,7,11,1,1
13377,35.0,1,999,1,-1.8,92.893,-46.2,1.266,5099.1,999.0,1,0.0,0.0,0.0,2,3,0.0,4,5,1,2
13378,49.0,2,999,0,1.4,94.465,-41.8,4.961,5228.1,999.0,0,0.0,0.0,1.0,2,8,0.0,7,6,1,1
13379,33.0,2,999,0,1.4,93.918,-42.7,4.962,5228.1,999.0,0,0.0,0.0,1.0,1,4,0.0,4,7,1,1
13380,34.0,7,999,1,-1.8,92.893,-46.2,1.25,5099.1,999.0,2,0.0,0.0,1.0,1,4,0.0,4,5,1,2
13381,34.0,1,999,0,-1.8,92.893,-46.2,1.281,5099.1,999.0,0,1.0,1.0,0.0,2,8,0.0,9,5,1,1
13382,37.0,2,999,0,-1.8,92.893,-46.2,1.313,5099.1,999.0,0,1.0,0.0,0.0,1,8,0.0,9,5,1,1
13383,29.0,1,6,3,-1.7,94.055,-39.8,0.715,4991.6,0.2,3,1.0,0.0,0.0,1,7,0.0,6,6,1,3
13384,58.0,1,999,2,-3.4,92.431,-26.9,0.742,5017.5,999.0,2,0.0,1.0,0.0,2,8,0.0,10,10,1,2
13385,27.0,2,999,0,1.1,93.994,-36.4,4.86,5191.0,999.0,0,0.0,0.0,1.0,1,5,0.0,9,5,1,1
13386,31.0,2,999,0,1.4,93.918,-42.7,4.961,5228.1,999.0,0,1.0,0.0,0.0,1,4,0.0,4,7,1,1
13387,37.0,2,999,0,1.4,93.444,-36.1,4.964,5228.1,999.0,0,1.0,0.0,0.0,2,6,0.0,5,8,1,1
13388,31.0,2,999,0,-0.1,93.2,-42.0,4.153,5195.8,999.0,0,0.0,0.0,0.0,2,2,0.0,1,11,1,1
13389,51.0,3,999,0,-0.1,93.2,-42.0,4.076,5195.8,999.0,0,0.0,0.0,0.0,3,7,0.0,6,11,1,1
13390,38.0,1,999,0,1.4,94.465,-41.8,4.967,5228.1,999.0,0,0.0,0.0,1.0,3,8,0.0,4,6,1,1
13391,31.0,6,999,0,1.4,94.465,-41.8,4.947,5228.1,999.0,0,0.0,0.0,1.0,2,8,0.0,5,6,2,1
13392,53.0,4,999,0,-0.1,93.2,-42.0,4.12,5195.8,999.0,0,1.0,0.0,0.0,2,7,0.0,1,11,1,1
13393,31.0,2,999,0,-1.1,94.199,-37.5,0.883,4963.6,999.0,0,0.0,0.0,0.0,2,6,0.0,8,9,1,1
13394,31.0,2,999,0,-1.8,93.075,-47.1,1.445,5099.1,999.0,0,1.0,0.0,0.0,2,5,0.0,1,4,1,1
13395,31.0,6,999,0,1.4,93.918,-42.7,4.962,5228.1,999.0,0,1.0,0.0,0.0,2,5,0.0,2,7,2,1
13396,32.0,2,999,0,1.4,93.918,-42.7,4.963,5228.1,999.0,0,1.0,0.0,0.0,3,3,0.0,4,7,1,1
13397,60.0,1,999,0,1.4,93.918,-42.7,4.961,5228.1,999.0,0,0.0,0.0,0.0,2,6,0.0,5,7,1,1
13398,41.0,1,999,0,1.4,94.465,-41.8,4.947,5228.1,999.0,0,0.0,1.0,1.0,2,6,0.0,4,6,1,1
13399,35.0,4,999,0,1.4,93.918,-42.7,4.963,5228.1,999.0,0,0.0,0.0,0.0,1,7,0.0,5,7,1,1
13400,27.0,1,999,0,1.4,93.918,-42.7,4.957,5228.1,999.0,0,0.0,0.0,0.0,2,4,0.0,4,7,1,1
13401,29.0,2,999,0,1.1,93.994,-36.4,4.855,5191.0,999.0,0,0.0,0.0,1.0,3,8,0.0,6,5,1,1
13402,32.0,2,4,1,-2.9,92.201,-31.4,0.883,5076.2,0.133333333333,2,1.0,0.0,0.0,2,7,0.0,5,8,1,3
13403,41.0,4,999,0,1.4,94.465,-41.8,4.961,5228.1,999.0,0,0.0,0.0,1.0,3,8,0.0,4,6,2,1
13404,31.0,6,999,0,1.4,94.465,-41.8,4.967,5228.1,999.0,0,0.0,0.0,1.0,2,2,0.0,4,6,1,1
13405,54.0,1,999,0,1.4,93.444,-36.1,4.963,5228.1,999.0,0,0.0,0.0,0.0,2,7,0.0,6,8,1,1
13406,41.0,2,999,0,1.4,93.918,-42.7,4.963,5228.1,999.0,0,0.0,0.0,0.0,1,8,0.0,4,7,1,1
13407,36.0,3,999,0,1.1,93.994,-36.4,4.858,5191.0,999.0,0,0.0,0.0,1.0,1,4,0.0,4,5,2,1
13408,31.0,1,999,1,-2.9,92.201,-31.4,0.851,5076.2,999.0,3,0.0,0.0,0.0,1,8,0.0,6,8,1,2
13409,56.0,1,999,0,1.4,93.444,-36.1,4.968,5228.1,999.0,0,1.0,0.0,0.0,2,5,0.0,8,8,1,1
13410,51.0,1,999,0,1.4,94.465,-41.8,4.96,5228.1,999.0,0,1.0,0.0,1.0,2,4,0.0,4,6,2,1
13411,31.0,1,999,0,1.4,93.918,-42.7,4.962,5228.1,999.0,0,0.0,0.0,0.0,1,8,0.0,3,7,1,1
13412,31.0,1,999,1,-1.8,93.075,-47.1,1.405,5099.1,999.0,3,0.0,0.0,0.0,2,8,0.0,9,4,2,2
13413,37.0,1,999,0,1.4,94.465,-41.8,4.959,5228.1,999.0,0,0.0,0.0,1.0,2,8,0.0,4,6,1,1
13414,33.0,2,999,0,1.4,93.918,-42.7,4.961,5228.1,999.0,0,0.0,0.0,0.0,1,8,0.0,6,7,1,1
13415,34.0,8,999,0,1.4,93.918,-42.7,4.963,5228.1,999.0,0,1.0,0.0,0.0,1,8,0.0,5,7,1,1
13416,39.0,2,999,0,1.4,94.465,-41.8,4.865,5228.1,999.0,0,0.0,0.0,1.0,2,4,0.0,4,6,2,1
13417,31.0,1,999,0,1.1,93.994,-36.4,4.857,5191.0,999.0,0,0.0,0.0,1.0,2,8,0.0,6,5,1,1
13418,45.0,3,999,0,1.4,93.444,-36.1,4.963,5228.1,999.0,0,0.0,0.0,0.0,2,8,0.0,2,8,1,1
13419,31.0,2,999,0,-1.8,93.075,-47.1,1.405,5099.1,999.0,0,0.0,0.0,0.0,2,2,0.0,4,4,1,1
13420,33.0,2,999,1,-1.8,92.893,-46.2,1.354,5099.1,999.0,1,0.0,1.0,0.0,2,5,0.0,9,5,2,2
13421,34.0,1,999,0,1.1,93.994,-36.4,4.856,5191.0,999.0,0,0.0,0.0,1.0,2,8,0.0,4,5,1,1
13422,31.0,1,999,1,-1.8,92.893,-46.2,1.266,5099.1,999.0,1,0.0,0.0,1.0,2,2,0.0,4,5,1,2
13423,58.0,1,999,0,-2.9,92.201,-31.4,0.869,5076.2,999.0,0,0.0,0.0,0.0,3,8,0.0,4,8,1,1
13424,32.0,1,999,0,1.4,93.444,-36.1,4.963,5228.1,999.0,0,0.0,0.0,0.0,2,8,0.0,6,8,1,1
13425,36.0,1,999,1,-3.4,92.431,-26.9,0.742,5017.5,999.0,1,0.0,0.0,0.0,1,8,0.0,6,10,1,2
13426,54.0,3,999,0,1.4,93.918,-42.7,4.962,5228.1,999.0,0,0.0,1.0,0.0,2,6,0.0,8,7,1,1
13427,31.0,1,999,0,-1.8,92.893,-46.2,1.344,5099.1,999.0,0,0.0,0.0,0.0,2,5,0.0,9,5,1,1
13428,31.0,7,999,0,1.4,93.918,-42.7,4.962,5228.1,999.0,0,0.0,0.0,0.0,2,4,0.0,3,7,2,1
13429,32.0,2,999,0,-1.8,92.893,-46.2,1.266,5099.1,999.0,0,0.0,0.0,0.0,2,7,0.0,6,5,1,1
13430,48.0,1,4,1,-2.9,92.201,-31.4,0.881,5076.2,0.133333333333,3,1.0,0.0,0.0,3,7,0.0,6,8,1,3
13431,52.0,1,999,0,1.1,93.994,-36.4,4.859,5191.0,999.0,0,1.0,1.0,1.0,2,2,0.0,4,5,1,1
13432,53.0,2,999,0,1.4,93.918,-42.7,4.962,5228.1,999.0,0,1.0,1.0,0.0,2,7,0.0,7,7,1,1
13433,44.0,4,999,0,-0.1,93.2,-42.0,4.076,5195.8,999.0,0,1.0,0.0,0.0,1,7,0.0,6,11,1,1
13434,31.0,2,999,0,1.1,93.994,-36.4,4.857,5191.0,999.0,0,0.0,0.0,1.0,2,8,0.0,4,5,2,1
13435,55.0,1,999,0,-1.8,93.075,-47.1,1.466,5099.1,999.0,0,1.0,0.0,0.0,2,2,0.0,8,4,2,1
13436,43.0,4,999,0,1.4,93.444,-36.1,4.967,5228.1,999.0,0,1.0,1.0,0.0,1,8,0.0,6,8,1,1
13437,39.0,4,999,0,1.4,93.918,-42.7,4.96,5228.1,999.0,0,1.0,0.0,0.0,2,5,0.0,6,7,1,1
13438,31.0,4,999,0,-1.8,92.893,-46.2,1.313,5099.1,999.0,0,1.0,0.0,0.0,2,5,0.0,9,5,1,1
13439,31.0,1,999,0,1.1,93.994,-36.4,4.857,5191.0,999.0,0,0.0,0.0,1.0,2,8,0.0,5,5,1,1
13440,70.0,1,999,0,-1.8,93.075,-47.1,1.41,5099.1,999.0,0,1.0,1.0,0.0,2,8,0.0,8,4,1,1
13441,31.0,1,999,2,-1.1,94.601,-49.5,0.977,4963.6,999.0,4,0.0,0.0,0.0,1,5,0.0,9,10,2,2
13442,43.0,6,999,1,-1.8,92.893,-46.2,1.281,5099.1,999.0,4,1.0,1.0,0.0,2,8,0.0,4,5,1,2
13443,29.0,1,999,0,-1.1,94.199,-37.5,0.878,4963.6,999.0,0,0.0,0.0,0.0,1,8,0.0,6,9,1,1
13444,39.0,4,999,0,-1.8,92.893,-46.2,1.25,5099.1,999.0,0,0.0,0.0,0.0,3,7,0.0,5,5,1,1
13445,38.0,1,999,0,-1.7,94.215,-40.3,0.782,4991.6,999.0,0,0.0,0.0,1.0,3,8,0.0,10,7,1,1
13446,42.0,2,999,0,1.1,93.994,-36.4,4.856,5191.0,999.0,0,0.0,0.0,1.0,2,4,0.0,5,5,1,1
13447,30.0,2,999,0,1.1,93.994,-36.4,4.86,5191.0,999.0,0,1.0,0.0,1.0,2,4,0.0,4,5,1,1
13448,28.0,2,999,0,1.4,93.918,-42.7,4.963,5228.1,999.0,0,1.0,0.0,0.0,1,8,0.0,6,7,1,1
13449,56.0,1,999,0,1.4,93.918,-42.7,4.963,5228.1,999.0,0,1.0,0.0,0.0,2,8,0.0,4,7,1,1
13450,42.0,1,999,0,-1.8,93.075,-47.1,1.445,5099.1,999.0,0,1.0,1.0,0.0,2,3,0.0,4,4,1,1
13451,48.0,1,999,0,1.4,93.444,-36.1,4.963,5228.1,999.0,0,1.0,1.0,0.0,2,5,0.0,9,8,1,1
13452,40.0,2,999,0,-0.1,93.2,-42.0,4.12,5195.8,999.0,0,0.0,0.0,0.0,1,5,0.0,6,11,1,1
13453,31.0,2,999,0,-2.9,92.469,-33.6,1.029,5076.2,999.0,0,1.0,0.0,0.0,2,6,0.0,5,7,1,1
13454,31.0,1,999,0,1.4,94.465,-41.8,4.866,5228.1,999.0,0,0.0,0.0,1.0,1,5,0.0,6,6,1,1
13455,35.0,1,999,0,1.4,93.918,-42.7,4.961,5228.1,999.0,0,0.0,0.0,0.0,3,8,0.0,4,7,1,1
13456,31.0,2,999,0,-0.1,93.2,-42.0,4.021,5195.8,999.0,0,1.0,0.0,0.0,3,8,0.0,9,11,1,1
13457,53.0,4,999,0,1.4,93.918,-42.7,4.961,5228.1,999.0,0,1.0,0.0,0.0,3,5,0.0,5,7,1,1
13458,38.0,1,999,0,1.4,93.918,-42.7,4.968,5228.1,999.0,0,0.0,0.0,0.0,2,5,0.0,9,7,1,1
13459,37.0,1,999,0,1.1,93.994,-36.4,4.857,5191.0,999.0,0,0.0,0.0,1.0,3,4,0.0,4,5,1,1
13460,31.0,1,999,0,1.4,93.444,-36.1,4.964,5228.1,999.0,0,0.0,1.0,0.0,2,8,0.0,5,8,1,1
13461,48.0,2,999,0,1.4,93.918,-42.7,4.962,5228.1,999.0,0,1.0,0.0,0.0,2,6,0.0,5,7,2,1
13462,41.0,1,999,0,1.1,93.994,-36.4,4.857,5191.0,999.0,0,1.0,0.0,1.0,2,7,0.0,6,5,2,1
13463,20.0,2,999,0,-1.8,93.749,-34.6,0.663,5008.7,999.0,0,0.0,0.0,0.0,1,8,0.0,11,4,1,1
13464,72.0,1,999,0,-3.4,92.649,-30.1,0.714,5017.5,999.0,0,0.0,0.0,0.0,2,7,0.0,8,11,2,1
13465,41.0,11,999,0,1.4,93.444,-36.1,4.962,5228.1,999.0,0,1.0,0.0,0.0,2,7,0.0,6,8,1,1
13466,33.0,2,999,0,-0.1,93.2,-42.0,4.076,5195.8,999.0,0,1.0,0.0,0.0,1,8,0.0,4,11,1,1
13467,54.0,1,999,0,1.4,93.918,-42.7,4.962,5228.1,999.0,0,1.0,0.0,0.0,2,6,0.0,8,7,1,1
13468,41.0,5,999,0,1.4,93.918,-42.7,4.96,5228.1,999.0,0,1.0,0.0,0.0,3,5,0.0,7,7,2,1
13469,31.0,4,999,0,1.4,93.918,-42.7,4.96,5228.1,999.0,0,0.0,1.0,1.0,2,4,0.0,4,7,2,1
13470,39.0,5,999,0,-0.1,93.2,-42.0,4.12,5195.8,999.0,0,0.0,1.0,0.0,2,3,0.0,4,11,1,1
13471,40.0,1,999,0,1.1,93.994,-36.4,4.857,5191.0,999.0,0,0.0,1.0,1.0,2,7,0.0,6,5,2,1
13472,54.0,1,999,0,-3.4,92.431,-26.9,0.739,5017.5,999.0,0,0.0,1.0,0.0,3,5,0.0,10,10,2,1
13473,47.0,2,999,0,1.1,93.994,-36.4,4.857,5191.0,999.0,0,1.0,0.0,1.0,2,4,0.0,4,5,2,1
13474,40.0,4,999,0,1.4,94.465,-41.8,4.96,5228.1,999.0,0,1.0,0.0,1.0,2,4,0.0,4,6,2,1
13475,56.0,2,999,0,1.4,93.918,-42.7,4.968,5228.1,999.0,0,0.0,1.0,0.0,3,7,0.0,5,7,1,1
13476,24.0,1,999,0,-1.8,93.075,-47.1,1.405,5099.1,999.0,0,1.0,0.0,0.0,1,5,0.0,5,4,2,1
13477,31.0,1,999,0,1.4,93.918,-42.7,4.961,5228.1,999.0,0,1.0,0.0,0.0,2,8,0.0,8,7,1,1
13478,27.0,1,999,0,-1.8,92.893,-46.2,1.299,5099.1,999.0,0,1.0,0.0,0.0,2,4,0.0,4,5,2,1
13479,47.0,3,999,0,1.4,93.918,-42.7,4.968,5228.1,999.0,0,1.0,0.0,0.0,2,8,0.0,5,7,1,1
13480,47.0,1,999,0,1.1,93.994,-36.4,4.857,5191.0,999.0,0,1.0,0.0,1.0,3,4,0.0,4,5,1,1
13481,52.0,1,999,0,-1.8,92.893,-46.2,1.334,5099.1,999.0,0,0.0,0.0,0.0,1,8,0.0,6,5,1,1
13482,47.0,4,999,0,-2.9,92.963,-40.8,1.281,5076.2,999.0,0,1.0,0.0,0.0,1,7,0.0,6,6,2,1
13483,58.0,2,999,0,1.4,93.444,-36.1,4.964,5228.1,999.0,0,0.0,0.0,0.0,3,6,0.0,6,8,1,1
13484,33.0,2,999,0,-1.8,93.075,-47.1,1.453,5099.1,999.0,0,0.0,0.0,0.0,1,8,0.0,4,4,1,1
13485,31.0,2,999,0,-1.8,93.075,-47.1,1.479,5099.1,999.0,0,0.0,0.0,0.0,2,8,0.0,4,4,1,1
13486,56.0,1,999,1,-3.4,92.649,-30.1,0.716,5017.5,999.0,0,1.0,0.0,0.0,3,2,0.0,2,11,1,2
13487,33.0,4,999,0,-1.7,94.027,-38.3,0.886,4991.6,999.0,0,1.0,0.0,0.0,2,6,0.0,4,8,1,1
13488,33.0,2,999,0,1.4,93.918,-42.7,4.96,5228.1,999.0,0,0.0,1.0,0.0,2,3,0.0,4,7,2,1
13489,35.0,1,999,1,-1.8,93.075,-47.1,1.405,5099.1,999.0,0,1.0,1.0,0.0,3,5,0.0,6,4,2,2
13490,41.0,4,999,0,1.4,93.444,-36.1,4.967,5228.1,999.0,0,1.0,0.0,0.0,3,7,0.0,6,8,1,1
13491,31.0,6,999,1,-1.8,92.893,-46.2,1.327,5099.1,999.0,5,1.0,0.0,0.0,2,7,0.0,6,5,1,2
13492,51.0,2,999,0,1.4,94.465,-41.8,4.958,5228.1,999.0,0,1.0,0.0,1.0,3,8,0.0,6,6,1,1
13493,29.0,1,999,0,-1.8,92.893,-46.2,1.281,5099.1,999.0,0,0.0,0.0,0.0,2,4,0.0,4,5,1,1
13494,26.0,4,999,1,-1.8,92.893,-46.2,1.266,5099.1,999.0,4,0.0,0.0,0.0,1,7,0.0,6,5,1,2
13495,31.0,2,6,1,-3.4,92.379,-29.8,0.739,5017.5,0.2,1,0.0,0.0,0.0,2,7,0.0,6,9,2,3
13496,34.0,4,999,0,-1.8,92.893,-46.2,1.266,5099.1,999.0,0,1.0,0.0,0.0,2,6,0.0,5,5,1,1
13497,54.0,1,999,0,1.4,93.444,-36.1,4.965,5228.1,999.0,0,0.0,0.0,0.0,2,2,0.0,8,8,2,1
13498,37.0,3,9,1,-1.8,92.893,-46.2,1.244,5099.1,0.3,1,1.0,0.0,0.0,3,7,0.0,3,5,2,3
13499,38.0,30,999,0,1.4,93.918,-42.7,4.961,5228.1,999.0,0,1.0,0.0,0.0,2,8,0.0,6,7,1,1
13500,30.0,5,999,0,1.1,93.994,-36.4,4.857,5191.0,999.0,0,1.0,0.0,1.0,2,8,0.0,5,5,1,1
13501,30.0,1,3,2,-2.9,92.963,-40.8,1.26,5076.2,0.1,2,1.0,0.0,0.0,1,8,0.0,6,6,1,3
13502,31.0,1,999,0,1.4,93.918,-42.7,4.963,5228.1,999.0,0,1.0,0.0,0.0,2,3,0.0,6,7,1,1
13503,57.0,2,999,1,-1.8,93.075,-47.1,1.435,5099.1,999.0,0,1.0,0.0,0.0,2,5,0.0,9,4,1,2
13504,31.0,2,999,0,1.4,93.918,-42.7,4.961,5228.1,999.0,0,1.0,0.0,0.0,2,4,0.0,8,7,1,1
13505,47.0,1,999,0,1.1,93.994,-36.4,4.86,5191.0,999.0,0,1.0,0.0,1.0,1,8,0.0,4,5,1,1
13506,31.0,1,999,0,-1.1,94.199,-37.5,0.882,4963.6,999.0,0,1.0,1.0,1.0,1,7,0.0,11,9,2,1
13507,45.0,1,999,0,1.4,93.918,-42.7,4.962,5228.1,999.0,0,1.0,0.0,0.0,2,8,0.0,1,7,1,1
13508,37.0,2,999,0,1.4,93.918,-42.7,4.963,5228.1,999.0,0,0.0,0.0,1.0,1,8,0.0,6,7,1,1
13509,37.0,2,999,0,1.4,94.465,-41.8,4.961,5228.1,999.0,0,1.0,0.0,1.0,2,8,0.0,5,6,1,1
13510,45.0,1,999,0,1.4,93.918,-42.7,4.962,5228.1,999.0,0,0.0,0.0,0.0,2,8,0.0,9,7,2,1
13511,44.0,5,999,0,1.4,93.444,-36.1,4.963,5228.1,999.0,0,1.0,0.0,0.0,2,7,0.0,3,8,2,1
13512,34.0,2,999,0,-1.8,92.893,-46.2,1.344,5099.1,999.0,0,0.0,0.0,0.0,2,5,0.0,6,5,1,1
13513,33.0,1,999,0,-1.7,94.027,-38.3,0.889,4991.6,999.0,0,1.0,0.0,1.0,1,8,0.0,10,8,1,1
13514,58.0,3,999,0,1.4,94.465,-41.8,4.959,5228.1,999.0,0,1.0,0.0,1.0,2,8,0.0,7,6,1,1
13515,32.0,5,999,0,1.4,93.918,-42.7,4.961,5228.1,999.0,0,0.0,0.0,1.0,2,4,0.0,4,7,1,1
13516,48.0,4,999,0,1.4,93.444,-36.1,4.965,5228.1,999.0,0,1.0,0.0,0.0,2,5,0.0,6,8,2,1
13517,31.0,1,999,0,-1.8,92.843,-50.0,1.663,5099.1,999.0,0,1.0,0.0,0.0,2,6,0.0,8,3,1,1
13518,31.0,3,999,0,1.1,93.994,-36.4,4.855,5191.0,999.0,0,0.0,0.0,1.0,1,5,0.0,6,5,1,1
13519,51.0,10,999,1,-0.1,93.2,-42.0,4.021,5195.8,999.0,2,0.0,0.0,0.0,2,8,0.0,4,11,1,2
13520,30.0,1,999,0,1.4,93.918,-42.7,4.962,5228.1,999.0,0,0.0,0.0,0.0,1,8,0.0,5,7,1,1
13521,32.0,1,999,0,-0.1,93.2,-42.0,4.021,5195.8,999.0,0,1.0,0.0,1.0,2,7,0.0,6,11,1,1
13522,39.0,3,999,0,1.1,93.994,-36.4,4.857,5191.0,999.0,0,1.0,0.0,1.0,2,2,0.0,2,5,1,1
13523,30.0,1,999,0,1.4,94.465,-41.8,4.961,5228.1,999.0,0,0.0,1.0,1.0,1,2,0.0,4,6,2,1
13524,37.0,7,999,0,1.4,93.918,-42.7,4.961,5228.1,999.0,0,1.0,0.0,0.0,2,8,0.0,9,7,1,1
13525,31.0,3,999,0,1.4,93.918,-42.7,4.968,5228.1,999.0,0,1.0,0.0,0.0,2,2,0.0,4,7,1,1
13526,47.0,1,999,0,1.4,94.465,-41.8,4.961,5228.1,999.0,0,0.0,0.0,1.0,1,2,0.0,2,6,1,1
13527,31.0,6,999,0,1.4,93.918,-42.7,4.96,5228.1,999.0,0,0.0,0.0,0.0,1,5,0.0,6,7,2,1
13528,36.0,1,999,0,1.1,93.994,-36.4,4.856,5191.0,999.0,0,0.0,0.0,1.0,2,8,0.0,4,5,1,1
13529,54.0,2,999,0,1.4,93.444,-36.1,4.963,5228.1,999.0,0,1.0,0.0,0.0,3,7,0.0,6,8,1,1
13530,43.0,3,999,1,-1.8,92.893,-46.2,1.266,5099.1,999.0,3,1.0,0.0,0.0,2,8,0.0,4,5,1,2
13531,30.0,1,999,0,1.4,93.444,-36.1,4.964,5228.1,999.0,0,1.0,0.0,0.0,2,8,0.0,6,8,1,1
13532,29.0,1,999,0,-1.8,92.893,-46.2,1.327,5099.1,999.0,0,1.0,1.0,1.0,2,8,0.0,9,5,1,1
13533,27.0,1,999,0,1.4,93.918,-42.7,4.957,5228.1,999.0,0,1.0,0.0,1.0,1,5,0.0,5,7,1,1
13534,51.0,2,999,0,1.1,93.994,-36.4,4.856,5191.0,999.0,0,0.0,0.0,1.0,2,2,0.0,4,5,1,1
13535,25.0,1,999,0,1.4,94.465,-41.8,4.962,5228.1,999.0,0,0.0,0.0,1.0,2,8,0.0,4,6,1,1
13536,55.0,1,999,0,1.4,93.918,-42.7,4.961,5228.1,999.0,0,1.0,1.0,0.0,2,8,0.0,6,7,1,1
13537,33.0,1,999,0,-1.8,92.893,-46.2,1.313,5099.1,999.0,0,1.0,0.0,0.0,2,8,0.0,6,5,1,1
13538,33.0,1,999,0,1.4,94.465,-41.8,4.967,5228.1,999.0,0,0.0,0.0,1.0,2,8,0.0,5,6,1,1
13539,42.0,3,999,0,1.4,94.465,-41.8,4.961,5228.1,999.0,0,1.0,1.0,1.0,1,3,0.0,4,6,1,1
13540,47.0,2,999,0,-0.1,93.2,-42.0,4.076,5195.8,999.0,0,0.0,0.0,1.0,2,6,0.0,5,11,1,1
13541,55.0,5,999,0,-1.8,92.893,-46.2,1.291,5099.1,999.0,0,0.0,0.0,0.0,2,8,0.0,4,5,1,1
13542,31.0,2,999,0,1.4,94.465,-41.8,4.962,5228.1,999.0,0,0.0,0.0,1.0,1,4,0.0,3,6,1,1
13543,31.0,2,999,0,1.4,93.444,-36.1,4.968,5228.1,999.0,0,1.0,0.0,0.0,2,8,0.0,7,8,1,1
13544,41.0,12,999,0,1.4,94.465,-41.8,4.865,5228.1,999.0,0,0.0,0.0,1.0,3,7,0.0,3,6,2,1
13545,39.0,1,999,0,1.4,93.444,-36.1,4.97,5228.1,999.0,0,0.0,0.0,0.0,1,8,0.0,5,8,2,1
13546,55.0,2,999,0,1.1,93.994,-36.4,4.857,5191.0,999.0,0,0.0,0.0,1.0,2,7,0.0,3,5,1,1
13547,33.0,2,999,0,1.4,94.465,-41.8,4.961,5228.1,999.0,0,1.0,0.0,1.0,2,7,0.0,7,6,1,1
13548,31.0,5,999,0,-1.8,92.893,-46.2,1.344,5099.1,999.0,0,0.0,0.0,0.0,2,8,0.0,8,5,1,1
13549,38.0,9,999,0,1.1,93.994,-36.4,4.859,5191.0,999.0,0,0.0,0.0,1.0,2,2,0.0,4,5,1,1
13550,32.0,1,999,1,-0.1,93.2,-42.0,4.153,5195.8,999.0,2,1.0,0.0,0.0,2,5,0.0,9,11,1,2
13551,31.0,8,999,0,1.4,94.465,-41.8,4.959,5228.1,999.0,0,1.0,0.0,1.0,2,8,0.0,5,6,1,1
13552,31.0,2,999,1,-1.8,93.075,-47.1,1.365,5099.1,999.0,0,0.0,0.0,0.0,2,5,0.0,6,4,1,2
13553,49.0,3,999,0,1.4,93.918,-42.7,4.958,5228.1,999.0,0,1.0,0.0,0.0,3,5,0.0,5,7,1,1
13554,30.0,1,999,0,-0.1,93.2,-42.0,4.076,5195.8,999.0,0,1.0,0.0,0.0,1,7,0.0,7,11,1,1
13555,31.0,2,999,1,-2.9,92.963,-40.8,1.266,5076.2,999.0,0,1.0,1.0,0.0,2,6,0.0,5,6,2,2
13556,27.0,2,999,0,1.4,94.465,-41.8,4.962,5228.1,999.0,0,1.0,1.0,1.0,1,5,0.0,3,6,1,1
13557,30.0,3,999,0,1.1,93.994,-36.4,4.857,5191.0,999.0,0,1.0,0.0,1.0,2,7,0.0,6,5,2,1
13558,52.0,1,999,0,1.4,93.918,-42.7,4.961,5228.1,999.0,0,0.0,1.0,0.0,2,7,0.0,2,7,1,1
13559,27.0,2,999,0,-1.7,94.055,-39.8,0.737,4991.6,999.0,0,0.0,0.0,0.0,1,6,0.0,5,6,1,1
13560,49.0,4,999,0,1.4,93.918,-42.7,4.961,5228.1,999.0,0,1.0,0.0,1.0,2,2,0.0,10,7,1,1
13561,38.0,4,999,0,-1.8,93.075,-47.1,1.405,5099.1,999.0,0,1.0,0.0,0.0,2,4,0.0,4,4,2,1
13562,39.0,3,999,0,1.4,93.918,-42.7,4.962,5228.1,999.0,0,0.0,0.0,0.0,1,7,0.0,5,7,2,1
13563,45.0,1,999,0,1.4,93.918,-42.7,4.962,5228.1,999.0,0,1.0,1.0,0.0,2,8,0.0,7,7,1,1
13564,53.0,1,999,0,-0.1,93.2,-42.0,4.12,5195.8,999.0,0,0.0,0.0,0.0,2,4,0.0,4,11,1,1
13565,31.0,2,999,0,-0.1,93.2,-42.0,4.153,5195.8,999.0,0,1.0,0.0,0.0,2,6,0.0,1,11,1,1
13566,39.0,1,999,0,-0.1,93.2,-42.0,4.153,5195.8,999.0,0,0.0,0.0,0.0,2,7,0.0,3,11,1,1
13567,40.0,2,999,0,1.1,93.994,-36.4,4.857,5191.0,999.0,0,0.0,1.0,1.0,2,5,0.0,4,5,1,1
13568,37.0,2,999,0,-0.1,93.2,-42.0,4.191,5195.8,999.0,0,1.0,0.0,0.0,2,7,0.0,6,11,2,1
13569,31.0,1,999,0,-0.1,93.2,-42.0,4.12,5195.8,999.0,0,1.0,0.0,0.0,1,3,0.0,4,11,1,1
13570,27.0,4,999,0,-1.8,92.893,-46.2,1.281,5099.1,999.0,0,1.0,1.0,0.0,2,8,0.0,6,5,1,1
13571,57.0,1,999,0,1.4,94.465,-41.8,4.967,5228.1,999.0,0,1.0,0.0,1.0,3,7,0.0,3,6,1,1
13572,31.0,1,999,0,-1.8,92.893,-46.2,1.281,5099.1,999.0,0,0.0,1.0,0.0,2,8,0.0,4,5,1,1
13573,46.0,1,999,0,1.1,93.994,-36.4,4.857,5191.0,999.0,0,1.0,1.0,1.0,2,8,0.0,1,5,2,1
13574,30.0,3,999,0,1.4,93.918,-42.7,4.963,5228.1,999.0,0,1.0,0.0,0.0,1,4,0.0,9,7,1,1
13575,35.0,1,999,0,-0.1,93.2,-42.0,4.076,5195.8,999.0,0,1.0,0.0,0.0,2,4,0.0,11,11,1,1
13576,31.0,3,999,1,-2.9,92.963,-40.8,1.281,5076.2,999.0,3,0.0,0.0,0.0,1,7,0.0,6,6,2,2
13577,53.0,3,6,1,-1.8,92.893,-46.2,1.27,5099.1,0.2,3,0.0,1.0,0.0,2,7,0.0,1,5,1,3
13578,41.0,3,999,0,1.1,93.994,-36.4,4.857,5191.0,999.0,0,1.0,0.0,1.0,2,8,0.0,9,5,1,1
13579,33.0,1,999,0,-0.1,93.2,-42.0,4.191,5195.8,999.0,0,1.0,1.0,0.0,2,8,0.0,4,11,2,1
13580,36.0,2,999,0,-1.8,92.843,-50.0,1.538,5099.1,999.0,0,0.0,0.0,0.0,2,8,0.0,3,3,1,1
13581,31.0,1,999,0,-1.8,92.893,-46.2,1.291,5099.1,999.0,0,0.0,0.0,0.0,2,4,0.0,4,5,1,1
13582,50.0,1,999,0,1.4,93.918,-42.7,4.961,5228.1,999.0,0,0.0,1.0,0.0,2,8,0.0,5,7,1,1
13583,35.0,1,999,0,1.4,93.444,-36.1,4.966,5228.1,999.0,0,0.0,0.0,0.0,2,5,0.0,5,8,1,1
13584,38.0,1,999,0,1.4,93.918,-42.7,4.963,5228.1,999.0,0,0.0,0.0,0.0,2,5,0.0,2,7,1,1
13585,25.0,1,999,0,-1.8,93.075,-47.1,1.415,5099.1,999.0,0,0.0,0.0,0.0,1,5,0.0,11,4,1,1
13586,31.0,2,999,1,-3.4,92.431,-26.9,0.731,5017.5,999.0,0,1.0,0.0,0.0,1,7,0.0,6,10,2,2
13587,41.0,2,999,0,1.4,94.465,-41.8,4.962,5228.1,999.0,0,0.0,0.0,1.0,2,8,0.0,4,6,1,1
13588,28.0,1,999,1,-0.1,93.2,-42.0,4.12,5195.8,999.0,2,1.0,0.0,1.0,2,8,0.0,1,11,1,2
13589,30.0,1,999,0,1.4,93.918,-42.7,4.96,5228.1,999.0,0,1.0,0.0,0.0,2,4,0.0,4,7,2,1
13590,31.0,3,999,0,1.1,93.994,-36.4,4.857,5191.0,999.0,0,0.0,0.0,1.0,1,7,0.0,6,5,1,1
13591,45.0,5,999,0,1.4,93.444,-36.1,4.967,5228.1,999.0,0,1.0,0.0,0.0,2,7,0.0,6,8,1,1
13592,54.0,1,999,0,-1.8,92.893,-46.2,1.344,5099.1,999.0,0,0.0,0.0,0.0,2,7,0.0,3,5,1,1
13593,50.0,3,999,1,-0.1,93.2,-42.0,4.12,5195.8,999.0,1,0.0,0.0,0.0,2,5,0.0,6,11,1,2
13594,51.0,1,999,0,1.1,93.994,-36.4,4.857,5191.0,999.0,0,1.0,0.0,1.0,2,3,0.0,9,5,2,1
13595,31.0,3,999,0,1.1,93.994,-36.4,4.857,5191.0,999.0,0,1.0,0.0,1.0,1,4,0.0,4,5,2,1
13596,41.0,2,999,0,-1.8,92.893,-46.2,1.281,5099.1,999.0,0,1.0,0.0,0.0,2,8,0.0,9,5,1,1
13597,49.0,2,6,1,-3.0,92.713,-33.0,0.717,5023.5,0.2,0,1.0,0.0,0.0,1,8,0.0,2,12,2,3
13598,29.0,2,999,0,1.1,93.994,-36.4,4.857,5191.0,999.0,0,0.0,0.0,1.0,1,4,0.0,6,5,2,1
13599,31.0,2,999,0,-2.9,92.201,-31.4,0.873,5076.2,999.0,0,0.0,0.0,0.0,2,7,0.0,1,8,1,1
13600,59.0,1,999,0,-1.8,92.893,-46.2,1.259,5099.1,999.0,0,1.0,0.0,0.0,2,6,0.0,5,5,1,1
13601,48.0,4,999,0,-0.1,93.2,-42.0,4.021,5195.8,999.0,0,0.0,0.0,0.0,2,7,0.0,6,11,1,1
13602,35.0,1,999,0,-0.1,93.2,-42.0,4.021,5195.8,999.0,0,0.0,0.0,0.0,2,7,0.0,3,11,1,1
13603,31.0,2,999,0,1.1,93.994,-36.4,4.855,5191.0,999.0,0,0.0,0.0,1.0,3,8,0.0,5,5,1,1
13604,34.0,2,999,0,1.1,93.994,-36.4,4.855,5191.0,999.0,0,0.0,1.0,1.0,2,6,0.0,5,5,1,1
13605,31.0,1,999,0,-1.8,92.893,-46.2,1.344,5099.1,999.0,0,0.0,0.0,0.0,3,8,0.0,6,5,1,1
13606,23.0,5,999,0,1.4,94.465,-41.8,4.947,5228.1,999.0,0,0.0,0.0,1.0,1,8,0.0,9,6,2,1
13607,45.0,2,999,0,1.1,93.994,-36.4,4.859,5191.0,999.0,0,1.0,0.0,1.0,2,8,0.0,6,5,1,1
13608,34.0,1,999,0,-1.8,93.075,-47.1,1.405,5099.1,999.0,0,1.0,0.0,0.0,1,8,0.0,6,4,2,1
13609,29.0,2,999,0,-3.4,92.431,-26.9,0.731,5017.5,999.0,0,1.0,0.0,0.0,1,8,0.0,5,10,2,1
13610,30.0,1,999,0,1.1,93.994,-36.4,4.857,5191.0,999.0,0,0.0,0.0,1.0,2,8,0.0,4,5,1,1
13611,37.0,2,999,1,-1.8,92.893,-46.2,1.327,5099.1,999.0,4,0.0,0.0,0.0,2,3,0.0,4,5,1,2
13612,31.0,2,999,0,1.4,93.918,-42.7,4.963,5228.1,999.0,0,1.0,0.0,0.0,1,5,0.0,4,7,1,1
13613,35.0,2,999,0,1.4,93.918,-42.7,4.961,5228.1,999.0,0,1.0,0.0,0.0,1,4,0.0,4,7,1,1
13614,31.0,3,999,0,1.4,93.444,-36.1,4.964,5228.1,999.0,0,1.0,1.0,0.0,2,8,0.0,6,8,1,1
13615,33.0,5,999,0,1.4,93.444,-36.1,4.964,5228.1,999.0,0,0.0,0.0,0.0,2,6,0.0,5,8,1,1
13616,47.0,3,999,0,1.4,93.918,-42.7,4.962,5228.1,999.0,0,0.0,0.0,0.0,2,7,0.0,6,7,1,1
13617,27.0,1,999,0,1.4,94.465,-41.8,4.947,5228.1,999.0,0,0.0,0.0,1.0,1,8,0.0,1,6,1,1
13618,52.0,5,999,0,1.4,93.444,-36.1,4.968,5228.1,999.0,0,1.0,0.0,0.0,1,8,0.0,5,8,1,1
13619,54.0,3,999,0,1.4,93.918,-42.7,4.962,5228.1,999.0,0,0.0,0.0,0.0,2,7,0.0,6,7,1,1
13620,31.0,2,999,0,-1.8,92.893,-46.2,1.327,5099.1,999.0,0,1.0,0.0,0.0,1,8,0.0,3,5,1,1
13621,34.0,2,999,0,-1.8,92.893,-46.2,1.264,5099.1,999.0,0,1.0,0.0,0.0,2,7,0.0,6,5,2,1
13622,33.0,1,999,1,-1.8,92.893,-46.2,1.25,5099.1,999.0,1,1.0,0.0,0.0,2,5,0.0,9,5,1,2
13623,46.0,2,999,0,1.4,93.444,-36.1,4.967,5228.1,999.0,0,0.0,0.0,0.0,2,2,0.0,4,8,1,1
13624,62.0,1,999,1,-2.9,92.201,-31.4,0.851,5076.2,999.0,1,0.0,0.0,0.0,2,8,0.0,6,8,1,2
13625,31.0,2,999,0,1.4,94.465,-41.8,4.864,5228.1,999.0,0,0.0,1.0,1.0,2,2,0.0,4,6,1,1
13626,31.0,1,999,1,-0.1,93.2,-42.0,4.021,5195.8,999.0,3,0.0,0.0,0.0,2,5,0.0,6,11,1,2
13627,31.0,2,999,0,-0.1,93.2,-42.0,4.021,5195.8,999.0,0,0.0,0.0,0.0,2,7,0.0,3,11,1,1
13628,36.0,1,999,0,1.4,94.465,-41.8,4.866,5228.1,999.0,0,0.0,0.0,1.0,2,8,0.0,3,6,1,1
13629,33.0,1,999,0,-1.8,93.075,-47.1,1.406,5099.1,999.0,0,0.0,0.0,1.0,2,7,0.0,1,4,1,1
13630,31.0,2,999,0,1.4,93.918,-42.7,4.961,5228.1,999.0,0,0.0,0.0,0.0,1,7,0.0,6,7,1,1
13631,31.0,1,999,0,1.1,93.994,-36.4,4.857,5191.0,999.0,0,1.0,0.0,1.0,2,4,0.0,4,5,1,1
13632,31.0,1,999,0,1.4,94.465,-41.8,4.96,5228.1,999.0,0,1.0,0.0,1.0,2,8,0.0,4,6,1,1
13633,31.0,2,12,1,-1.8,92.893,-46.2,1.334,5099.1,0.4,2,1.0,0.0,0.0,3,7,0.0,3,5,1,3
13634,36.0,1,999,0,1.1,93.994,-36.4,4.864,5191.0,999.0,0,0.0,0.0,1.0,1,4,0.0,4,5,1,1
13635,62.0,1,6,1,-3.4,92.431,-26.9,0.724,5017.5,0.2,1,0.0,0.0,0.0,2,5,0.0,8,10,1,3
13636,29.0,4,999,0,1.4,94.465,-41.8,4.959,5228.1,999.0,0,1.0,1.0,1.0,1,8,0.0,6,6,1,1
13637,31.0,2,999,0,1.1,93.994,-36.4,4.859,5191.0,999.0,0,1.0,1.0,1.0,3,6,0.0,5,5,1,1
13638,31.0,2,6,2,-1.7,94.027,-38.3,0.899,4991.6,0.2,6,1.0,1.0,0.0,1,8,0.0,6,8,1,3
13639,31.0,1,999,0,-2.9,92.963,-40.8,1.26,5076.2,999.0,0,1.0,1.0,0.0,1,5,0.0,6,6,1,1
13640,33.0,1,999,0,-0.1,93.2,-42.0,4.153,5195.8,999.0,0,1.0,0.0,0.0,2,7,0.0,3,11,1,1
13641,33.0,1,999,0,-2.9,92.963,-40.8,1.26,5076.2,999.0,0,1.0,0.0,0.0,3,7,0.0,3,6,1,1
13642,37.0,1,999,1,-3.4,92.379,-29.8,0.753,5017.5,999.0,1,1.0,1.0,0.0,1,7,0.0,12,9,1,2
13643,31.0,2,999,0,1.4,93.918,-42.7,4.961,5228.1,999.0,0,1.0,1.0,0.0,3,5,0.0,6,7,1,1
13644,29.0,1,999,0,1.4,93.444,-36.1,4.964,5228.1,999.0,0,0.0,0.0,0.0,1,6,0.0,5,8,1,1
13645,44.0,1,999,0,1.1,93.994,-36.4,4.86,5191.0,999.0,0,0.0,1.0,1.0,2,8,0.0,4,5,1,1
13646,31.0,3,999,1,-1.8,93.749,-34.6,0.635,5008.7,999.0,1,1.0,0.0,1.0,3,5,0.0,6,4,1,2
13647,30.0,1,999,0,1.1,93.994,-36.4,4.857,5191.0,999.0,0,1.0,1.0,1.0,2,8,0.0,9,5,1,1
13648,31.0,1,999,0,1.4,93.918,-42.7,4.961,5228.1,999.0,0,0.0,0.0,0.0,1,5,0.0,6,7,1,1
13649,31.0,1,999,0,1.4,94.465,-41.8,4.959,5228.1,999.0,0,1.0,0.0,1.0,3,4,0.0,4,6,1,1
13650,31.0,3,999,0,1.1,93.994,-36.4,4.857,5191.0,999.0,0,1.0,0.0,1.0,3,4,0.0,4,5,1,1
13651,43.0,1,999,0,1.1,93.994,-36.4,4.856,5191.0,999.0,0,0.0,0.0,1.0,2,7,0.0,7,5,1,1
13652,57.0,2,999,0,-1.7,94.215,-40.3,0.896,4991.6,999.0,0,0.0,1.0,0.0,2,2,0.0,4,7,1,1
13653,66.0,1,999,0,-3.4,92.379,-29.8,0.77,5017.5,999.0,0,0.0,0.0,0.0,2,8,0.0,6,9,1,1
13654,31.0,4,999,0,1.1,93.994,-36.4,4.857,5191.0,999.0,0,1.0,0.0,1.0,2,8,0.0,4,5,2,1
13655,31.0,2,999,1,-2.9,92.201,-31.4,0.883,5076.2,999.0,1,1.0,0.0,0.0,3,6,0.0,5,8,1,2
13656,31.0,4,999,0,-2.9,92.963,-40.8,1.26,5076.2,999.0,0,0.0,0.0,0.0,2,5,0.0,9,6,1,1
13657,58.0,1,999,1,-0.1,93.2,-42.0,4.153,5195.8,999.0,4,1.0,0.0,0.0,2,4,0.0,4,11,1,2
13658,31.0,2,999,0,1.1,93.994,-36.4,4.857,5191.0,999.0,0,0.0,1.0,1.0,2,8,0.0,5,5,1,1
13659,31.0,1,999,0,1.4,93.918,-42.7,4.96,5228.1,999.0,0,0.0,0.0,0.0,1,5,0.0,9,7,1,1
13660,37.0,2,4,3,-1.7,94.215,-40.3,0.79,4991.6,0.133333333333,0,1.0,0.0,0.0,1,7,0.0,6,7,1,3
13661,34.0,1,999,0,-1.8,93.075,-47.1,1.405,5099.1,999.0,0,1.0,0.0,0.0,2,6,0.0,4,4,1,1
13662,31.0,1,999,0,1.1,93.994,-36.4,4.864,5191.0,999.0,0,0.0,0.0,1.0,2,6,0.0,5,5,1,1
13663,31.0,2,999,0,1.4,94.465,-41.8,4.961,5228.1,999.0,0,1.0,0.0,1.0,2,5,0.0,9,6,2,1
13664,46.0,2,999,0,1.4,93.444,-36.1,4.97,5228.1,999.0,0,0.0,0.0,0.0,2,4,0.0,4,8,2,1
13665,59.0,3,999,1,-1.8,93.075,-47.1,1.365,5099.1,999.0,1,1.0,0.0,0.0,2,5,0.0,6,4,1,2
13666,32.0,2,999,1,-3.4,92.649,-30.1,0.715,5017.5,999.0,0,0.0,0.0,0.0,2,7,0.0,6,11,2,2
13667,52.0,1,999,0,1.1,93.994,-36.4,4.859,5191.0,999.0,0,0.0,0.0,1.0,2,5,0.0,5,5,1,1
13668,31.0,2,999,0,1.4,93.444,-36.1,4.965,5228.1,999.0,0,1.0,0.0,0.0,2,7,0.0,3,8,2,1
13669,48.0,2,999,0,-0.1,93.2,-42.0,4.021,5195.8,999.0,0,1.0,0.0,0.0,2,8,0.0,6,11,1,1
13670,47.0,1,999,0,1.4,93.444,-36.1,4.968,5228.1,999.0,0,0.0,0.0,0.0,2,8,0.0,3,8,1,1
13671,31.0,1,999,0,-1.8,93.075,-47.1,1.405,5099.1,999.0,0,0.0,0.0,0.0,2,4,0.0,7,4,1,1
13672,31.0,1,999,0,-1.8,92.893,-46.2,1.344,5099.1,999.0,0,1.0,0.0,0.0,2,8,0.0,4,5,1,1
13673,31.0,1,999,0,1.4,93.444,-36.1,4.965,5228.1,999.0,0,1.0,0.0,0.0,2,6,0.0,5,8,2,1
13674,25.0,1,3,3,-1.7,94.027,-38.3,0.904,4991.6,0.1,9,0.0,0.0,0.0,1,5,0.0,10,8,1,3
13675,48.0,2,999,0,1.1,93.994,-36.4,4.857,5191.0,999.0,0,1.0,0.0,1.0,2,6,0.0,5,5,2,1
13676,35.0,6,999,0,1.1,93.994,-36.4,4.864,5191.0,999.0,0,0.0,1.0,1.0,3,4,0.0,4,5,1,1
13677,31.0,3,999,0,1.4,94.465,-41.8,4.959,5228.1,999.0,0,0.0,0.0,1.0,1,7,0.0,6,6,1,1
13678,35.0,5,999,0,1.4,93.918,-42.7,4.968,5228.1,999.0,0,1.0,0.0,0.0,1,6,0.0,5,7,1,1
13679,54.0,9,999,0,1.4,94.465,-41.8,4.967,5228.1,999.0,0,0.0,0.0,1.0,2,4,0.0,5,6,1,1
13680,31.0,2,999,1,-1.1,94.199,-37.5,0.884,4963.6,999.0,0,1.0,0.0,0.0,2,7,0.0,3,9,1,2
13681,48.0,5,999,0,1.4,93.918,-42.7,4.961,5228.1,999.0,0,1.0,0.0,0.0,2,4,0.0,4,7,1,1
13682,33.0,1,999,0,1.4,93.444,-36.1,4.97,5228.1,999.0,0,1.0,1.0,0.0,3,6,0.0,5,8,2,1
13683,42.0,3,999,1,-1.8,92.893,-46.2,1.313,5099.1,999.0,2,1.0,1.0,0.0,2,3,0.0,7,5,1,2
13684,45.0,1,999,0,1.1,93.994,-36.4,4.856,5191.0,999.0,0,0.0,0.0,1.0,2,4,0.0,4,5,1,1
13685,59.0,3,999,0,1.4,93.918,-42.7,4.962,5228.1,999.0,0,1.0,0.0,0.0,3,5,0.0,6,7,2,1
13686,35.0,1,999,0,-1.8,93.075,-47.1,1.405,5099.1,999.0,0,1.0,0.0,0.0,3,3,0.0,4,4,1,1
13687,32.0,7,999,0,1.4,93.444,-36.1,4.963,5228.1,999.0,0,0.0,0.0,0.0,1,8,0.0,5,8,2,1
13688,43.0,2,999,0,-1.8,92.893,-46.2,1.327,5099.1,999.0,0,0.0,0.0,0.0,1,5,0.0,6,5,1,1
13689,23.0,1,999,0,1.4,93.918,-42.7,4.957,5228.1,999.0,0,0.0,0.0,0.0,1,5,0.0,4,7,1,1
13690,33.0,5,999,0,-1.8,92.893,-46.2,1.291,5099.1,999.0,0,0.0,0.0,0.0,2,2,0.0,4,5,1,1
13691,39.0,3,999,0,-1.8,92.843,-50.0,1.687,5099.1,999.0,0,1.0,0.0,1.0,1,2,0.0,4,3,1,1
13692,42.0,6,999,0,1.4,93.918,-42.7,4.962,5228.1,999.0,0,1.0,0.0,0.0,3,8,0.0,5,7,1,1
13693,48.0,2,999,0,-0.1,93.2,-42.0,4.021,5195.8,999.0,0,1.0,1.0,1.0,2,6,0.0,10,11,1,1
13694,36.0,5,999,0,-1.8,92.893,-46.2,1.354,5099.1,999.0,0,1.0,0.0,0.0,2,6,0.0,5,5,2,1
13695,31.0,2,6,1,-3.4,92.649,-30.1,0.716,5017.5,0.2,4,1.0,0.0,0.0,1,8,0.0,5,11,1,3
13696,58.0,1,999,0,1.4,93.444,-36.1,4.965,5228.1,999.0,0,0.0,0.0,0.0,2,8,0.0,6,8,1,1
13697,31.0,4,999,0,1.4,93.918,-42.7,4.957,5228.1,999.0,0,0.0,0.0,0.0,1,8,0.0,5,7,1,1
13698,31.0,3,999,0,1.4,94.465,-41.8,4.958,5228.1,999.0,0,0.0,0.0,1.0,1,7,0.0,3,6,2,1
13699,30.0,2,999,0,1.4,93.444,-36.1,4.963,5228.1,999.0,0,0.0,0.0,0.0,1,7,0.0,5,8,2,1
13700,31.0,2,999,0,1.4,94.465,-41.8,4.866,5228.1,999.0,0,1.0,1.0,1.0,2,8,0.0,5,6,1,1
13701,35.0,1,999,0,1.1,93.994,-36.4,4.858,5191.0,999.0,0,0.0,0.0,1.0,2,4,0.0,5,5,1,1
13702,65.0,5,3,1,-1.1,94.601,-49.5,1.025,4963.6,0.1,3,1.0,0.0,0.0,2,8,0.0,8,10,1,3
13703,49.0,6,999,0,1.4,93.918,-42.7,4.961,5228.1,999.0,0,0.0,0.0,0.0,1,7,0.0,6,7,1,1
13704,30.0,1,999,0,1.4,94.465,-41.8,4.961,5228.1,999.0,0,0.0,0.0,1.0,1,2,0.0,4,6,1,1
13705,31.0,1,999,0,1.1,93.994,-36.4,4.855,5191.0,999.0,0,0.0,1.0,1.0,2,8,0.0,2,5,1,1
13706,31.0,2,999,0,-1.8,92.893,-46.2,1.344,5099.1,999.0,0,1.0,0.0,0.0,3,8,0.0,7,5,1,1
13707,31.0,2,999,0,-1.8,92.893,-46.2,1.291,5099.1,999.0,0,0.0,0.0,0.0,1,8,0.0,5,5,1,1
13708,33.0,1,999,0,1.4,94.465,-41.8,4.967,5228.1,999.0,0,1.0,0.0,1.0,2,8,0.0,5,6,1,1
13709,31.0,1,999,0,-0.1,93.798,-40.4,5.045,5195.8,999.0,0,1.0,1.0,1.0,2,8,0.0,6,10,1,1
13710,31.0,4,999,0,1.1,93.994,-36.4,4.859,5191.0,999.0,0,0.0,1.0,1.0,2,8,0.0,4,5,1,1
13711,48.0,1,999,0,1.4,93.444,-36.1,4.968,5228.1,999.0,0,0.0,0.0,0.0,3,8,0.0,5,8,1,1
13712,25.0,1,999,0,-1.7,94.055,-39.8,0.702,4991.6,999.0,0,1.0,0.0,0.0,1,8,0.0,9,6,1,1
13713,42.0,2,999,0,-0.1,93.2,-42.0,4.153,5195.8,999.0,0,0.0,0.0,0.0,2,7,0.0,7,11,1,1
13714,35.0,2,999,1,-0.1,93.2,-42.0,4.191,5195.8,999.0,1,1.0,0.0,0.0,2,7,0.0,6,11,2,2
13715,31.0,3,999,0,-1.8,92.893,-46.2,1.244,5099.1,999.0,0,1.0,0.0,0.0,2,4,0.0,4,5,2,1
13716,28.0,2,999,0,-2.9,92.963,-40.8,1.26,5076.2,999.0,0,1.0,1.0,0.0,1,5,0.0,6,6,1,1
13717,31.0,2,999,0,-0.1,93.2,-42.0,4.021,5195.8,999.0,0,1.0,1.0,0.0,1,8,0.0,5,11,1,1
13718,38.0,2,999,2,-1.8,92.843,-50.0,1.687,5099.1,999.0,4,0.0,0.0,0.0,2,7,0.0,5,3,1,2
13719,29.0,3,999,0,1.4,94.465,-41.8,4.962,5228.1,999.0,0,0.0,0.0,1.0,1,5,0.0,5,6,1,1
13720,31.0,2,999,0,-0.1,93.2,-42.0,4.191,5195.8,999.0,0,1.0,0.0,0.0,2,7,0.0,6,11,1,1
13721,40.0,1,999,0,-0.1,93.2,-42.0,4.021,5195.8,999.0,0,1.0,1.0,0.0,2,8,0.0,3,11,1,1
13722,31.0,1,999,0,-1.8,92.893,-46.2,1.266,5099.1,999.0,0,1.0,0.0,0.0,2,7,0.0,5,5,1,1
13723,43.0,2,999,1,-1.8,93.075,-47.1,1.405,5099.1,999.0,1,0.0,0.0,0.0,2,3,0.0,4,4,2,2
13724,47.0,1,999,1,-3.0,92.713,-33.0,0.712,5023.5,999.0,0,1.0,0.0,0.0,2,8,0.0,2,12,1,2
13725,35.0,1,999,1,-1.8,92.893,-46.2,1.244,5099.1,999.0,1,1.0,0.0,0.0,3,5,0.0,6,5,2,2
13726,30.0,6,999,0,-1.8,92.893,-46.2,1.25,5099.1,999.0,0,1.0,0.0,0.0,1,6,0.0,5,5,1,1
13727,34.0,5,999,0,1.1,93.994,-36.4,4.855,5191.0,999.0,0,1.0,1.0,1.0,2,8,0.0,4,5,1,1
13728,31.0,7,999,0,-2.9,92.469,-33.6,1.059,5076.2,999.0,0,0.0,0.0,0.0,2,5,0.0,6,7,1,1
13729,43.0,3,999,0,1.4,94.465,-41.8,4.962,5228.1,999.0,0,0.0,0.0,1.0,2,8,0.0,4,6,1,1
13730,50.0,1,6,2,-1.7,94.027,-38.3,0.904,4991.6,0.2,4,0.0,0.0,0.0,1,7,0.0,6,8,1,3
13731,31.0,12,999,0,1.4,93.444,-36.1,4.963,5228.1,999.0,0,1.0,0.0,0.0,2,8,0.0,3,8,1,1
13732,31.0,3,999,0,1.4,93.918,-42.7,4.963,5228.1,999.0,0,0.0,0.0,0.0,3,5,0.0,6,7,1,1
13733,29.0,5,999,0,1.1,93.994,-36.4,4.858,5191.0,999.0,0,1.0,0.0,1.0,2,3,0.0,7,5,1,1
13734,32.0,2,999,0,-0.1,93.2,-42.0,4.12,5195.8,999.0,0,0.0,0.0,0.0,3,8,0.0,9,11,1,1
13735,31.0,1,999,0,1.4,93.444,-36.1,4.965,5228.1,999.0,0,1.0,0.0,0.0,2,5,0.0,6,8,1,1
13736,28.0,5,999,0,1.4,94.465,-41.8,4.962,5228.1,999.0,0,0.0,0.0,1.0,2,3,0.0,4,6,1,1
13737,38.0,2,5,3,-1.7,94.055,-39.8,0.707,4991.6,0.166666666667,9,0.0,0.0,0.0,2,8,0.0,4,6,1,3
13738,57.0,4,999,0,-1.8,92.893,-46.2,1.244,5099.1,999.0,0,1.0,0.0,0.0,3,3,0.0,5,5,2,1
13739,32.0,1,999,0,-0.1,93.2,-42.0,4.021,5195.8,999.0,0,1.0,0.0,0.0,1,6,0.0,5,11,1,1
13740,31.0,2,999,0,1.4,93.918,-42.7,4.963,5228.1,999.0,0,1.0,0.0,0.0,2,5,0.0,4,7,1,1
13741,40.0,2,999,1,-1.8,92.893,-46.2,1.327,5099.1,999.0,4,0.0,0.0,1.0,1,8,0.0,5,5,1,2
13742,26.0,2,999,0,1.4,94.465,-41.8,4.961,5228.1,999.0,0,0.0,0.0,1.0,2,6,0.0,5,6,2,1
13743,44.0,3,999,1,-1.8,93.075,-47.1,1.405,5099.1,999.0,3,0.0,0.0,0.0,2,2,0.0,4,4,2,2
13744,70.0,2,4,2,-1.8,93.876,-40.0,0.697,5008.7,0.133333333333,6,1.0,0.0,1.0,3,8,0.0,8,5,1,3
13745,73.0,1,999,0,-1.8,93.075,-47.1,1.423,5099.1,999.0,0,0.0,1.0,0.0,3,8,0.0,8,4,1,1
13746,31.0,2,999,0,1.4,93.918,-42.7,4.962,5228.1,999.0,0,0.0,0.0,0.0,1,4,0.0,5,7,1,1
13747,31.0,8,999,0,1.4,93.918,-42.7,4.968,5228.1,999.0,0,1.0,0.0,0.0,2,2,0.0,4,7,1,1
13748,31.0,1,999,0,-1.8,92.893,-46.2,1.244,5099.1,999.0,0,1.0,0.0,0.0,1,8,0.0,6,5,2,1
13749,31.0,1,999,0,-0.1,93.2,-42.0,4.076,5195.8,999.0,0,1.0,0.0,0.0,2,7,0.0,6,11,1,1
13750,40.0,1,999,1,-1.8,92.893,-46.2,1.313,5099.1,999.0,1,0.0,0.0,0.0,1,5,0.0,9,5,1,2
13751,27.0,2,999,1,-1.8,92.893,-46.2,1.291,5099.1,999.0,2,0.0,0.0,0.0,1,2,0.0,4,5,1,2
13752,31.0,1,999,0,1.1,93.994,-36.4,4.856,5191.0,999.0,0,0.0,0.0,1.0,1,7,0.0,1,5,1,1
13753,27.0,1,999,1,-1.8,92.893,-46.2,1.266,5099.1,999.0,1,1.0,0.0,0.0,1,5,0.0,9,5,1,2
13754,31.0,3,999,0,1.4,93.918,-42.7,4.96,5228.1,999.0,0,1.0,1.0,0.0,1,7,0.0,6,7,2,1
13755,38.0,2,999,0,1.4,93.918,-42.7,4.959,5228.1,999.0,0,0.0,0.0,0.0,2,8,0.0,4,7,1,1
13756,37.0,7,999,0,-1.8,92.893,-46.2,1.344,5099.1,999.0,0,0.0,0.0,0.0,2,3,0.0,4,5,1,1
13757,47.0,1,999,0,1.4,93.444,-36.1,4.964,5228.1,999.0,0,0.0,0.0,0.0,2,8,0.0,6,8,1,1
13758,33.0,2,999,0,1.4,93.444,-36.1,4.97,5228.1,999.0,0,0.0,1.0,0.0,3,8,0.0,6,8,2,1
13759,43.0,1,999,0,1.4,94.465,-41.8,4.958,5228.1,999.0,0,0.0,0.0,1.0,2,8,0.0,4,6,1,1
13760,33.0,4,999,0,1.4,93.444,-36.1,4.964,5228.1,999.0,0,0.0,0.0,0.0,1,8,0.0,6,8,1,1
13761,37.0,1,999,0,1.1,93.994,-36.4,4.857,5191.0,999.0,0,1.0,0.0,1.0,2,5,0.0,9,5,2,1
13762,31.0,1,999,0,-0.1,93.2,-42.0,4.12,5195.8,999.0,0,1.0,0.0,0.0,2,8,0.0,5,11,1,1
13763,48.0,1,999,0,-1.8,92.893,-46.2,1.299,5099.1,999.0,0,1.0,0.0,0.0,3,8,0.0,6,5,2,1
13764,31.0,1,999,0,1.1,93.994,-36.4,4.86,5191.0,999.0,0,1.0,0.0,1.0,2,8,0.0,7,5,1,1
13765,31.0,1,999,0,1.4,94.465,-41.8,4.864,5228.1,999.0,0,0.0,0.0,1.0,1,5,0.0,1,6,1,1
13766,31.0,1,999,0,-2.9,92.201,-31.4,0.883,5076.2,999.0,0,1.0,0.0,1.0,2,8,0.0,9,8,1,1
13767,31.0,6,999,0,1.4,93.918,-42.7,4.961,5228.1,999.0,0,1.0,0.0,0.0,2,5,0.0,6,7,1,1
13768,31.0,3,6,1,-3.4,92.649,-30.1,0.719,5017.5,0.2,0,1.0,0.0,0.0,2,7,0.0,6,11,2,3
13769,36.0,2,999,0,-3.4,92.379,-29.8,0.819,5017.5,999.0,0,1.0,1.0,0.0,2,8,0.0,6,9,1,1
13770,21.0,1,999,0,-1.8,93.075,-47.1,1.405,5099.1,999.0,0,1.0,0.0,0.0,1,7,0.0,1,4,2,1
13771,37.0,1,999,0,-1.8,93.075,-47.1,1.365,5099.1,999.0,0,1.0,0.0,0.0,1,7,0.0,1,4,1,1
13772,29.0,2,999,0,-3.4,92.431,-26.9,0.743,5017.5,999.0,0,0.0,0.0,0.0,3,8,0.0,10,10,2,1
13773,31.0,4,999,0,1.1,93.994,-36.4,4.858,5191.0,999.0,0,1.0,1.0,1.0,2,8,0.0,5,5,1,1
13774,31.0,1,999,0,-0.1,93.2,-42.0,4.153,5195.8,999.0,0,0.0,1.0,0.0,1,8,0.0,5,11,1,1
13775,31.0,3,999,0,1.4,94.465,-41.8,4.959,5228.1,999.0,0,1.0,0.0,1.0,2,8,0.0,4,6,1,1
13776,35.0,2,999,0,1.1,93.994,-36.4,4.857,5191.0,999.0,0,1.0,1.0,1.0,2,8,0.0,5,5,1,1
13777,31.0,6,999,0,1.4,93.918,-42.7,4.962,5228.1,999.0,0,0.0,0.0,0.0,2,6,0.0,5,7,1,1
13778,31.0,1,999,0,1.4,94.465,-41.8,4.961,5228.1,999.0,0,1.0,0.0,1.0,2,6,0.0,4,6,2,1
13779,53.0,1,999,0,-0.1,93.2,-42.0,4.076,5195.8,999.0,0,1.0,0.0,0.0,3,6,0.0,1,11,1,1
13780,73.0,1,999,0,-2.9,92.201,-31.4,0.821,5076.2,999.0,0,1.0,0.0,0.0,3,8,0.0,8,8,2,1
13781,26.0,1,999,1,-1.8,93.075,-47.1,1.479,5099.1,999.0,2,1.0,0.0,0.0,1,5,0.0,7,4,1,2
13782,47.0,2,999,0,-1.8,93.075,-47.1,1.445,5099.1,999.0,0,0.0,0.0,0.0,3,4,0.0,10,4,1,1
13783,31.0,3,999,0,1.4,93.918,-42.7,4.958,5228.1,999.0,0,1.0,1.0,0.0,2,6,0.0,5,7,1,1
13784,31.0,2,999,0,-1.8,92.893,-46.2,1.25,5099.1,999.0,0,0.0,0.0,0.0,2,7,0.0,3,5,1,1
13785,54.0,3,999,0,1.4,93.444,-36.1,4.964,5228.1,999.0,0,1.0,0.0,0.0,2,8,0.0,4,8,1,1
13786,45.0,2,999,0,1.1,93.994,-36.4,4.857,5191.0,999.0,0,1.0,0.0,1.0,2,5,0.0,9,5,1,1
13787,31.0,7,999,0,1.4,93.918,-42.7,4.957,5228.1,999.0,0,1.0,0.0,0.0,2,8,0.0,11,7,1,1
13788,44.0,2,999,0,-1.8,92.893,-46.2,1.299,5099.1,999.0,0,1.0,0.0,0.0,2,3,0.0,4,5,2,1
13789,52.0,3,999,0,1.1,93.994,-36.4,4.864,5191.0,999.0,0,0.0,0.0,1.0,1,8,0.0,4,5,1,1
13790,31.0,1,999,0,-1.8,93.075,-47.1,1.41,5099.1,999.0,0,0.0,0.0,0.0,2,8,0.0,4,4,1,1
13791,34.0,2,999,0,1.1,93.994,-36.4,4.857,5191.0,999.0,0,0.0,0.0,1.0,1,7,0.0,3,5,2,1
13792,28.0,5,999,0,1.4,93.918,-42.7,4.962,5228.1,999.0,0,0.0,0.0,0.0,1,4,0.0,4,7,1,1
13793,31.0,1,999,0,1.1,93.994,-36.4,4.858,5191.0,999.0,0,0.0,0.0,1.0,2,2,0.0,3,5,2,1
13794,36.0,4,999,0,-1.8,92.893,-46.2,1.27,5099.1,999.0,0,1.0,0.0,1.0,2,8,0.0,5,5,1,1
13795,31.0,7,999,0,-1.8,92.893,-46.2,1.27,5099.1,999.0,0,0.0,0.0,0.0,2,8,0.0,3,5,1,1
13796,27.0,3,999,0,-1.8,92.893,-46.2,1.281,5099.1,999.0,0,1.0,0.0,0.0,2,5,0.0,6,5,1,1
13797,52.0,2,999,0,1.1,93.994,-36.4,4.856,5191.0,999.0,0,0.0,0.0,1.0,2,8,0.0,4,5,1,1
13798,43.0,3,999,1,-1.8,92.893,-46.2,1.291,5099.1,999.0,3,1.0,0.0,0.0,2,5,0.0,6,5,1,2
13799,23.0,6,999,0,-1.8,92.893,-46.2,1.244,5099.1,999.0,0,1.0,0.0,0.0,2,8,0.0,9,5,2,1
13800,43.0,2,999,0,-0.1,93.2,-42.0,4.153,5195.8,999.0,0,1.0,0.0,0.0,2,8,0.0,7,11,1,1
13801,45.0,8,999,0,1.4,94.465,-41.8,4.962,5228.1,999.0,0,0.0,0.0,1.0,2,5,0.0,6,6,1,1
13802,36.0,3,999,0,-0.1,93.2,-42.0,4.076,5195.8,999.0,0,0.0,0.0,0.0,2,4,0.0,4,11,1,1
13803,32.0,1,999,0,1.4,93.918,-42.7,4.963,5228.1,999.0,0,0.0,0.0,0.0,3,7,0.0,6,7,1,1
13804,55.0,6,999,0,1.4,93.918,-42.7,4.966,5228.1,999.0,0,0.0,0.0,1.0,2,8,0.0,4,7,1,1
13805,37.0,7,999,0,-0.1,93.2,-42.0,4.021,5195.8,999.0,0,0.0,0.0,0.0,2,8,0.0,7,11,1,1
13806,31.0,2,999,0,1.1,93.994,-36.4,4.857,5191.0,999.0,0,0.0,0.0,1.0,1,8,0.0,4,5,1,1
13807,54.0,4,999,0,1.1,93.994,-36.4,4.86,5191.0,999.0,0,0.0,0.0,1.0,2,7,0.0,5,5,1,1
13808,31.0,1,999,0,-1.8,93.075,-47.1,1.405,5099.1,999.0,0,1.0,0.0,0.0,2,7,0.0,8,4,1,1
13809,45.0,1,999,0,-1.8,92.893,-46.2,1.266,5099.1,999.0,0,0.0,0.0,0.0,2,4,0.0,4,5,1,1
13810,31.0,1,999,0,-1.8,92.893,-46.2,1.344,5099.1,999.0,0,1.0,0.0,0.0,2,2,0.0,4,5,1,1
13811,33.0,4,999,0,1.4,94.465,-41.8,4.96,5228.1,999.0,0,0.0,0.0,1.0,1,7,0.0,1,6,2,1
13812,86.0,1,999,0,-1.7,94.055,-39.8,0.767,4991.6,999.0,0,0.0,0.0,1.0,1,4,0.0,8,6,1,1
13813,28.0,1,999,1,-2.9,92.963,-40.8,1.268,5076.2,999.0,1,1.0,0.0,0.0,1,8,0.0,6,6,1,2
13814,37.0,2,999,0,1.4,94.465,-41.8,4.967,5228.1,999.0,0,0.0,0.0,1.0,2,8,0.0,10,6,1,1
13815,43.0,2,999,0,1.1,93.994,-36.4,4.858,5191.0,999.0,0,0.0,0.0,1.0,3,7,0.0,5,5,2,1
13816,25.0,7,999,0,1.4,94.465,-41.8,4.96,5228.1,999.0,0,0.0,0.0,1.0,1,7,0.0,1,6,2,1
13817,25.0,3,999,0,-2.9,92.963,-40.8,1.215,5076.2,999.0,0,1.0,0.0,0.0,2,8,0.0,6,6,2,1
13818,36.0,1,6,1,-1.1,94.199,-37.5,0.881,4963.6,0.2,4,1.0,0.0,0.0,3,7,0.0,3,9,1,3
13819,39.0,1,999,0,1.4,93.444,-36.1,4.963,5228.1,999.0,0,0.0,0.0,0.0,2,8,0.0,5,8,1,1
13820,31.0,1,999,0,1.4,94.465,-41.8,4.967,5228.1,999.0,0,1.0,1.0,1.0,2,8,0.0,4,6,1,1
13821,43.0,2,999,0,-2.9,92.201,-31.4,0.869,5076.2,999.0,0,1.0,1.0,0.0,2,8,0.0,3,8,1,1
13822,31.0,4,999,1,-1.8,92.893,-46.2,1.25,5099.1,999.0,2,0.0,0.0,0.0,2,8,0.0,4,5,1,2
13823,31.0,1,999,0,1.4,93.444,-36.1,4.966,5228.1,999.0,0,1.0,0.0,0.0,3,6,0.0,5,8,1,1
13824,26.0,1,999,0,1.4,94.465,-41.8,4.864,5228.1,999.0,0,0.0,0.0,1.0,2,4,0.0,4,6,1,1
13825,33.0,1,999,1,-1.8,93.075,-47.1,1.405,5099.1,999.0,2,0.0,1.0,0.0,2,6,0.0,5,4,1,2
13826,31.0,2,999,0,1.4,93.918,-42.7,4.962,5228.1,999.0,0,1.0,0.0,0.0,1,7,0.0,5,7,2,1
13827,31.0,4,999,0,1.4,93.918,-42.7,4.961,5228.1,999.0,0,1.0,0.0,1.0,1,6,0.0,5,7,1,1
13828,36.0,2,999,0,-1.8,92.893,-46.2,1.327,5099.1,999.0,0,1.0,0.0,0.0,3,6,0.0,5,5,1,1
13829,42.0,2,999,0,1.4,93.918,-42.7,4.963,5228.1,999.0,0,1.0,0.0,0.0,2,5,0.0,9,7,1,1
13830,40.0,1,999,0,1.4,94.465,-41.8,4.959,5228.1,999.0,0,0.0,0.0,1.0,2,4,0.0,4,6,1,1
13831,42.0,1,999,0,-1.8,92.893,-46.2,1.334,5099.1,999.0,0,1.0,0.0,0.0,2,5,0.0,4,5,1,1
13832,31.0,5,999,0,-1.8,92.893,-46.2,1.25,5099.1,999.0,0,1.0,0.0,0.0,2,8,0.0,4,5,1,1
13833,30.0,3,999,0,1.4,93.918,-42.7,4.963,5228.1,999.0,0,1.0,1.0,1.0,2,3,0.0,4,7,1,1
13834,30.0,5,999,0,1.1,93.994,-36.4,4.864,5191.0,999.0,0,0.0,0.0,1.0,1,7,0.0,1,5,1,1
13835,39.0,1,999,0,1.4,94.465,-41.8,4.961,5228.1,999.0,0,1.0,0.0,1.0,2,8,0.0,5,6,2,1
13836,50.0,1,999,0,1.1,93.994,-36.4,4.857,5191.0,999.0,0,0.0,0.0,1.0,2,8,0.0,6,5,1,1
13837,39.0,1,999,0,1.4,94.465,-41.8,4.959,5228.1,999.0,0,0.0,0.0,1.0,1,8,0.0,6,6,1,1
13838,39.0,1,999,0,-1.8,93.075,-47.1,1.405,5099.1,999.0,0,1.0,0.0,0.0,1,5,0.0,6,4,1,1
13839,41.0,1,999,0,-3.0,92.713,-33.0,0.715,5023.5,999.0,0,1.0,1.0,1.0,2,8,0.0,1,12,1,1
13840,38.0,2,999,0,-1.8,93.075,-47.1,1.405,5099.1,999.0,0,0.0,0.0,0.0,2,8,0.0,5,4,1,1
13841,34.0,2,999,0,-1.8,92.893,-46.2,1.244,5099.1,999.0,0,1.0,1.0,0.0,1,7,0.0,1,5,2,1
13842,31.0,1,999,0,1.1,93.994,-36.4,4.857,5191.0,999.0,0,1.0,0.0,1.0,2,6,0.0,9,5,2,1
13843,52.0,1,999,0,-0.1,93.2,-42.0,4.076,5195.8,999.0,0,1.0,0.0,0.0,2,4,0.0,2,11,1,1
13844,38.0,6,999,0,1.4,93.918,-42.7,4.968,5228.1,999.0,0,0.0,0.0,0.0,2,3,0.0,6,7,1,1
13845,23.0,1,999,0,-1.8,92.893,-46.2,1.281,5099.1,999.0,0,1.0,0.0,0.0,1,5,0.0,6,5,1,1
13846,30.0,4,999,0,1.1,93.994,-36.4,4.857,5191.0,999.0,0,0.0,0.0,1.0,2,5,0.0,4,5,2,1
13847,54.0,3,999,0,1.1,93.994,-36.4,4.86,5191.0,999.0,0,0.0,0.0,1.0,2,8,0.0,8,5,1,1
13848,40.0,1,2,3,-1.8,93.876,-40.0,0.683,5008.7,0.0666666666667,3,1.0,0.0,0.0,1,4,0.0,6,5,1,3
13849,56.0,1,999,0,1.1,93.994,-36.4,4.857,5191.0,999.0,0,0.0,0.0,1.0,2,7,0.0,3,5,1,1
13850,31.0,3,999,0,1.4,93.444,-36.1,4.968,5228.1,999.0,0,1.0,0.0,0.0,2,6,0.0,5,8,1,1
13851,40.0,1,999,0,-1.8,92.893,-46.2,1.25,5099.1,999.0,0,1.0,0.0,0.0,3,5,0.0,6,5,1,1
13852,36.0,2,999,0,-1.8,92.893,-46.2,1.334,5099.1,999.0,0,0.0,0.0,0.0,1,7,0.0,5,5,1,1
13853,37.0,1,999,0,1.4,93.918,-42.7,4.962,5228.1,999.0,0,0.0,0.0,0.0,2,3,0.0,4,7,1,1
13854,60.0,1,6,2,-1.8,93.876,-40.0,0.682,5008.7,0.2,4,1.0,0.0,0.0,2,8,0.0,6,5,1,3
13855,32.0,3,999,0,-1.8,92.893,-46.2,1.25,5099.1,999.0,0,1.0,1.0,0.0,2,4,0.0,4,5,1,1
13856,36.0,1,999,0,-1.8,92.893,-46.2,1.344,5099.1,999.0,0,1.0,0.0,0.0,2,8,0.0,4,5,1,1
13857,38.0,3,999,0,-3.4,92.649,-30.1,0.719,5017.5,999.0,0,1.0,0.0,0.0,2,7,0.0,6,11,2,1
13858,33.0,1,999,0,1.4,94.465,-41.8,4.866,5228.1,999.0,0,0.0,0.0,1.0,1,6,0.0,6,6,1,1
13859,31.0,2,999,0,1.1,93.994,-36.4,4.857,5191.0,999.0,0,0.0,1.0,1.0,2,8,0.0,4,5,1,1
13860,36.0,2,999,0,-0.1,93.2,-42.0,4.076,5195.8,999.0,0,0.0,0.0,0.0,1,7,0.0,6,11,1,1
13861,44.0,1,999,0,1.4,93.444,-36.1,4.968,5228.1,999.0,0,1.0,0.0,0.0,2,7,0.0,5,8,1,1
13862,35.0,2,999,0,-0.1,93.2,-42.0,4.12,5195.8,999.0,0,0.0,0.0,0.0,2,6,0.0,6,11,1,1
13863,38.0,1,999,1,-1.8,93.075,-47.1,1.423,5099.1,999.0,1,0.0,0.0,0.0,2,4,0.0,4,4,1,2
13864,31.0,3,999,0,1.4,93.918,-42.7,4.96,5228.1,999.0,0,0.0,0.0,0.0,2,8,0.0,3,7,2,1
13865,29.0,2,999,1,-1.8,92.893,-46.2,1.299,5099.1,999.0,1,1.0,1.0,0.0,3,8,0.0,6,5,2,2
13866,31.0,1,999,0,1.1,93.994,-36.4,4.857,5191.0,999.0,0,0.0,0.0,1.0,2,8,0.0,3,5,1,1
13867,34.0,1,999,0,-0.1,93.2,-42.0,4.021,5195.8,999.0,0,0.0,1.0,0.0,2,8,0.0,7,11,1,1
13868,32.0,3,999,0,1.4,93.918,-42.7,4.963,5228.1,999.0,0,1.0,1.0,0.0,2,4,0.0,4,7,1,1
13869,49.0,2,999,0,1.1,93.994,-36.4,4.855,5191.0,999.0,0,0.0,0.0,1.0,2,6,0.0,5,5,1,1
13870,31.0,1,999,0,-0.1,93.2,-42.0,4.12,5195.8,999.0,0,0.0,0.0,0.0,1,8,0.0,4,11,1,1
13871,31.0,1,999,0,-1.8,92.893,-46.2,1.344,5099.1,999.0,0,1.0,1.0,0.0,2,4,0.0,4,5,1,1
13872,38.0,1,999,0,1.4,93.444,-36.1,4.968,5228.1,999.0,0,0.0,0.0,0.0,2,2,0.0,2,8,1,1
13873,32.0,2,999,0,1.1,93.994,-36.4,4.864,5191.0,999.0,0,1.0,0.0,1.0,2,6,0.0,5,5,1,1
13874,48.0,1,999,0,1.4,93.918,-42.7,4.961,5228.1,999.0,0,0.0,1.0,0.0,1,8,0.0,4,7,1,1
13875,44.0,6,999,1,-1.8,92.893,-46.2,1.299,5099.1,999.0,3,0.0,0.0,0.0,2,6,0.0,5,5,2,2
13876,29.0,1,999,1,-1.8,92.893,-46.2,1.291,5099.1,999.0,4,1.0,0.0,0.0,1,8,0.0,4,5,1,2
13877,28.0,1,999,0,1.4,94.465,-41.8,4.866,5228.1,999.0,0,1.0,0.0,1.0,1,8,0.0,12,6,1,1
13878,31.0,5,999,0,1.4,93.918,-42.7,4.957,5228.1,999.0,0,0.0,0.0,0.0,2,7,0.0,6,7,1,1
13879,31.0,1,999,0,1.1,93.994,-36.4,4.857,5191.0,999.0,0,0.0,0.0,1.0,2,8,0.0,9,5,1,1
13880,31.0,3,999,0,1.4,93.918,-42.7,4.963,5228.1,999.0,0,1.0,0.0,0.0,2,2,0.0,2,7,1,1
13881,31.0,2,999,0,1.4,93.918,-42.7,4.963,5228.1,999.0,0,0.0,0.0,0.0,2,5,0.0,6,7,1,1
13882,31.0,2,999,0,-1.8,92.893,-46.2,1.327,5099.1,999.0,0,1.0,0.0,0.0,2,8,0.0,4,5,1,1
13883,32.0,5,999,0,1.4,94.465,-41.8,4.864,5228.1,999.0,0,1.0,1.0,1.0,2,3,0.0,4,6,1,1
13884,35.0,5,999,0,1.4,93.444,-36.1,4.963,5228.1,999.0,0,1.0,0.0,0.0,2,6,0.0,5,8,2,1
13885,38.0,7,999,0,-1.8,92.893,-46.2,1.244,5099.1,999.0,0,1.0,0.0,1.0,1,6,0.0,5,5,2,1
13886,31.0,3,999,0,1.4,93.918,-42.7,4.961,5228.1,999.0,0,1.0,0.0,0.0,1,5,0.0,4,7,1,1
13887,31.0,1,999,0,-2.9,92.963,-40.8,1.252,5076.2,999.0,0,1.0,0.0,1.0,2,8,0.0,6,6,1,1
13888,31.0,1,999,0,-0.1,93.2,-42.0,4.12,5195.8,999.0,0,1.0,0.0,0.0,1,2,0.0,5,11,1,1
13889,31.0,1,999,0,1.4,93.444,-36.1,4.963,5228.1,999.0,0,0.0,1.0,0.0,2,5,0.0,5,8,1,1
13890,40.0,1,999,1,-0.1,93.2,-42.0,4.153,5195.8,999.0,2,1.0,0.0,0.0,3,4,0.0,4,11,1,2
13891,31.0,1,999,0,-1.8,92.893,-46.2,1.344,5099.1,999.0,0,1.0,0.0,0.0,3,8,0.0,3,5,1,1
13892,41.0,2,999,0,1.4,94.465,-41.8,4.865,5228.1,999.0,0,0.0,0.0,1.0,1,2,0.0,4,6,2,1
13893,37.0,3,999,0,-1.8,93.075,-47.1,1.405,5099.1,999.0,0,1.0,0.0,0.0,2,4,0.0,4,4,2,1
13894,31.0,1,2,2,-3.4,92.431,-26.9,0.744,5017.5,0.0666666666667,2,0.0,0.0,0.0,2,2,0.0,12,10,1,3
13895,30.0,2,999,0,1.1,93.994,-36.4,4.857,5191.0,999.0,0,0.0,0.0,1.0,2,7,0.0,6,5,1,1
13896,31.0,2,999,0,1.4,93.444,-36.1,4.967,5228.1,999.0,0,1.0,0.0,0.0,2,7,0.0,5,8,1,1
13897,47.0,10,999,0,1.4,93.918,-42.7,4.962,5228.1,999.0,0,1.0,0.0,0.0,2,3,0.0,9,7,2,1
13898,31.0,3,999,1,-1.8,93.075,-47.1,1.405,5099.1,999.0,2,0.0,0.0,0.0,2,5,0.0,9,4,2,2
13899,52.0,1,999,0,1.1,93.994,-36.4,4.859,5191.0,999.0,0,1.0,1.0,1.0,3,8,0.0,9,5,1,1
13900,31.0,2,999,0,-1.8,92.893,-46.2,1.25,5099.1,999.0,0,0.0,0.0,0.0,3,8,0.0,8,5,1,1
13901,58.0,3,999,0,1.1,93.994,-36.4,4.86,5191.0,999.0,0,1.0,0.0,1.0,2,4,0.0,8,5,1,1
13902,51.0,2,999,0,1.1,93.994,-36.4,4.86,5191.0,999.0,0,0.0,1.0,1.0,2,7,0.0,3,5,1,1
13903,24.0,1,11,2,-1.7,94.215,-40.3,0.884,4991.6,0.366666666667,6,1.0,0.0,0.0,1,5,0.0,9,7,1,3
13904,31.0,5,999,0,-1.8,92.893,-46.2,1.291,5099.1,999.0,0,1.0,0.0,1.0,2,8,0.0,4,5,1,1
13905,25.0,1,999,1,-1.8,92.893,-46.2,1.266,5099.1,999.0,4,0.0,0.0,0.0,1,8,0.0,6,5,1,2
13906,36.0,2,999,2,-1.8,92.893,-46.2,1.281,5099.1,999.0,2,1.0,0.0,0.0,2,4,0.0,4,5,1,2
13907,58.0,1,999,0,-0.1,93.2,-42.0,4.191,5195.8,999.0,0,0.0,0.0,0.0,2,5,0.0,8,11,1,1
13908,78.0,1,999,0,-1.7,94.215,-40.3,0.87,4991.6,999.0,0,0.0,0.0,0.0,2,2,0.0,8,7,2,1
13909,68.0,2,999,1,-1.7,94.055,-39.8,0.742,4991.6,999.0,2,1.0,0.0,0.0,2,2,0.0,8,6,1,2
13910,31.0,12,999,0,1.4,94.465,-41.8,4.959,5228.1,999.0,0,1.0,0.0,1.0,2,3,0.0,4,6,1,1
13911,24.0,4,999,0,-1.8,92.893,-46.2,1.266,5099.1,999.0,0,1.0,0.0,1.0,2,7,0.0,3,5,1,1
13912,54.0,2,999,0,-0.1,93.2,-42.0,4.076,5195.8,999.0,0,1.0,0.0,0.0,2,8,0.0,3,11,1,1
13913,36.0,4,999,0,1.4,93.918,-42.7,4.962,5228.1,999.0,0,0.0,0.0,0.0,2,8,0.0,2,7,2,1
13914,35.0,1,999,0,1.1,93.994,-36.4,4.857,5191.0,999.0,0,1.0,1.0,1.0,1,8,0.0,6,5,1,1
13915,31.0,1,999,1,-0.1,93.2,-42.0,4.153,5195.8,999.0,2,0.0,0.0,0.0,2,2,0.0,4,11,1,2
13916,50.0,1,999,0,1.4,93.918,-42.7,4.962,5228.1,999.0,0,0.0,0.0,0.0,2,8,0.0,5,7,1,1
13917,38.0,5,999,0,1.4,94.465,-41.8,4.959,5228.1,999.0,0,1.0,1.0,1.0,1,8,0.0,1,6,1,1
13918,31.0,2,999,0,-1.8,92.893,-46.2,1.25,5099.1,999.0,0,0.0,0.0,0.0,2,4,0.0,4,5,1,1
13919,31.0,2,999,0,1.1,93.994,-36.4,4.859,5191.0,999.0,0,0.0,0.0,1.0,2,2,0.0,4,5,1,1
13920,33.0,7,999,0,1.4,93.444,-36.1,4.965,5228.1,999.0,0,1.0,0.0,0.0,2,6,0.0,5,8,1,1
13921,50.0,6,999,0,-1.8,92.893,-46.2,1.313,5099.1,999.0,0,0.0,0.0,0.0,2,8,0.0,4,5,1,1
13922,37.0,1,999,0,1.4,93.444,-36.1,4.967,5228.1,999.0,0,1.0,0.0,0.0,2,7,0.0,3,8,1,1
13923,58.0,8,999,0,1.4,93.444,-36.1,4.962,5228.1,999.0,0,1.0,0.0,0.0,2,3,0.0,1,8,1,1
13924,42.0,5,999,0,1.1,93.994,-36.4,4.857,5191.0,999.0,0,0.0,0.0,1.0,1,8,0.0,6,5,1,1
13925,42.0,1,999,0,-1.8,92.893,-46.2,1.327,5099.1,999.0,0,1.0,0.0,0.0,2,8,0.0,4,5,1,1
13926,31.0,2,999,0,-1.8,92.843,-50.0,1.811,5099.1,999.0,0,1.0,0.0,0.0,1,8,0.0,11,3,2,1
13927,52.0,10,999,0,1.1,93.994,-36.4,4.857,5191.0,999.0,0,1.0,0.0,1.0,2,2,0.0,4,5,1,1
13928,31.0,4,999,0,1.1,93.994,-36.4,4.86,5191.0,999.0,0,1.0,0.0,1.0,2,8,0.0,3,5,1,1
13929,52.0,2,999,0,1.4,94.465,-41.8,4.959,5228.1,999.0,0,0.0,0.0,1.0,2,5,0.0,8,6,1,1
13930,31.0,3,999,0,1.1,93.994,-36.4,4.859,5191.0,999.0,0,0.0,0.0,1.0,2,5,0.0,5,5,1,1
13931,36.0,2,999,0,1.4,93.918,-42.7,4.962,5228.1,999.0,0,0.0,1.0,0.0,2,3,0.0,4,7,1,1
13932,41.0,1,999,0,1.1,93.994,-36.4,4.86,5191.0,999.0,0,0.0,0.0,1.0,2,2,0.0,4,5,1,1
13933,32.0,9,999,0,1.4,93.444,-36.1,4.962,5228.1,999.0,0,1.0,0.0,0.0,2,8,0.0,1,8,1,1
13934,31.0,1,999,0,-0.1,93.2,-42.0,4.12,5195.8,999.0,0,1.0,0.0,0.0,2,7,0.0,6,11,1,1
13935,45.0,4,999,0,1.1,93.994,-36.4,4.857,5191.0,999.0,0,1.0,0.0,1.0,1,6,0.0,5,5,1,1
13936,37.0,1,999,0,1.4,93.918,-42.7,4.96,5228.1,999.0,0,1.0,1.0,0.0,1,3,0.0,4,7,2,1
13937,31.0,3,999,0,1.1,93.994,-36.4,4.855,5191.0,999.0,0,1.0,0.0,1.0,2,6,0.0,5,5,1,1
13938,47.0,1,999,1,-1.1,94.601,-49.5,1.0,4963.6,999.0,1,1.0,0.0,0.0,1,7,0.0,6,10,1,2
13939,31.0,1,999,0,1.1,93.994,-36.4,4.864,5191.0,999.0,0,0.0,0.0,1.0,2,5,0.0,2,5,1,1
13940,43.0,1,999,0,-1.8,92.893,-46.2,1.244,5099.1,999.0,0,1.0,0.0,0.0,3,5,0.0,9,5,2,1
13941,37.0,2,999,0,1.1,93.994,-36.4,4.855,5191.0,999.0,0,1.0,1.0,1.0,2,2,0.0,2,5,1,1
13942,46.0,1,999,0,1.4,93.918,-42.7,4.961,5228.1,999.0,0,0.0,1.0,0.0,3,2,0.0,2,7,1,1
13943,31.0,1,999,0,1.4,93.918,-42.7,4.962,5228.1,999.0,0,1.0,0.0,0.0,2,8,0.0,7,7,1,1
13944,32.0,1,999,0,-1.8,92.893,-46.2,1.354,5099.1,999.0,0,0.0,0.0,0.0,1,8,0.0,9,5,2,1
13945,51.0,2,999,0,1.4,93.444,-36.1,4.963,5228.1,999.0,0,0.0,0.0,0.0,2,7,0.0,3,8,1,1
13946,43.0,1,999,0,-1.8,93.075,-47.1,1.483,5099.1,999.0,0,0.0,0.0,0.0,3,5,0.0,9,4,1,1
13947,50.0,6,999,0,1.1,93.994,-36.4,4.86,5191.0,999.0,0,0.0,0.0,1.0,2,5,0.0,9,5,1,1
13948,51.0,4,999,0,1.4,93.918,-42.7,4.962,5228.1,999.0,0,0.0,0.0,0.0,2,7,0.0,6,7,1,1
13949,55.0,2,999,1,-0.1,93.2,-42.0,4.021,5195.8,999.0,0,0.0,0.0,0.0,2,8,0.0,3,11,1,2
13950,36.0,10,999,0,1.1,93.994,-36.4,4.858,5191.0,999.0,0,0.0,0.0,1.0,2,6,0.0,5,5,1,1
13951,35.0,2,999,0,1.1,93.994,-36.4,4.864,5191.0,999.0,0,1.0,1.0,1.0,2,8,0.0,1,5,1,1
13952,40.0,1,999,0,-0.1,93.2,-42.0,4.12,5195.8,999.0,0,1.0,0.0,0.0,2,8,0.0,6,11,1,1
13953,51.0,2,999,0,-1.8,92.893,-46.2,1.313,5099.1,999.0,0,0.0,0.0,0.0,2,7,0.0,3,5,1,1
13954,31.0,1,999,0,1.4,93.444,-36.1,4.963,5228.1,999.0,0,0.0,0.0,0.0,2,7,0.0,6,8,1,1
13955,31.0,2,999,3,-1.1,94.199,-37.5,0.886,4963.6,999.0,9,1.0,0.0,0.0,1,8,0.0,11,9,1,2
13956,44.0,1,999,0,-1.8,92.893,-46.2,1.313,5099.1,999.0,0,0.0,0.0,0.0,2,4,0.0,4,5,1,1
13957,36.0,2,999,0,1.1,93.994,-36.4,4.857,5191.0,999.0,0,1.0,0.0,1.0,2,3,0.0,4,5,1,1
13958,23.0,2,999,0,-3.4,92.431,-26.9,0.722,5017.5,999.0,0,1.0,1.0,0.0,2,6,0.0,5,10,1,1
13959,35.0,4,999,0,-0.1,93.2,-42.0,4.076,5195.8,999.0,0,0.0,0.0,0.0,2,7,0.0,5,11,1,1
13960,33.0,1,999,0,1.4,93.444,-36.1,4.963,5228.1,999.0,0,0.0,0.0,0.0,2,7,0.0,6,8,1,1
13961,38.0,1,999,0,-1.8,92.843,-50.0,1.757,5099.1,999.0,0,0.0,0.0,0.0,2,6,0.0,5,3,1,1
13962,47.0,1,999,0,1.1,93.994,-36.4,4.86,5191.0,999.0,0,1.0,1.0,1.0,1,8,0.0,6,5,1,1
13963,31.0,1,999,0,1.4,93.444,-36.1,4.965,5228.1,999.0,0,0.0,0.0,0.0,2,7,0.0,6,8,2,1
13964,58.0,1,999,0,1.4,93.918,-42.7,4.958,5228.1,999.0,0,1.0,0.0,0.0,3,2,0.0,4,7,1,1
13965,31.0,3,999,0,1.4,94.465,-41.8,4.959,5228.1,999.0,0,1.0,0.0,1.0,2,4,0.0,7,6,1,1
13966,33.0,4,999,2,-2.9,92.201,-31.4,0.873,5076.2,999.0,6,1.0,0.0,0.0,2,7,0.0,5,8,1,2
13967,47.0,3,999,0,1.4,94.465,-41.8,4.96,5228.1,999.0,0,1.0,0.0,1.0,2,5,0.0,9,6,2,1
13968,28.0,2,999,0,-1.8,92.893,-46.2,1.334,5099.1,999.0,0,1.0,0.0,0.0,1,5,0.0,5,5,1,1
13969,33.0,1,999,0,1.4,94.465,-41.8,4.864,5228.1,999.0,0,0.0,0.0,1.0,2,8,0.0,10,6,1,1
13970,42.0,2,999,0,1.4,93.918,-42.7,4.963,5228.1,999.0,0,1.0,0.0,0.0,3,8,0.0,5,7,1,1
13971,27.0,1,999,0,1.1,93.994,-36.4,4.857,5191.0,999.0,0,0.0,0.0,1.0,2,3,0.0,4,5,1,1
13972,33.0,2,15,3,-1.8,93.876,-40.0,0.685,5008.7,0.5,6,0.0,0.0,0.0,2,7,0.0,6,5,2,2
13973,35.0,1,999,0,1.4,93.444,-36.1,4.966,5228.1,999.0,0,0.0,0.0,0.0,2,7,0.0,3,8,1,1
13974,41.0,2,999,0,1.4,93.444,-36.1,4.963,5228.1,999.0,0,1.0,0.0,0.0,2,8,0.0,5,8,2,1
13975,43.0,1,999,0,1.4,93.918,-42.7,4.962,5228.1,999.0,0,0.0,0.0,0.0,3,4,0.0,4,7,1,1
13976,58.0,2,999,0,1.4,93.918,-42.7,4.963,5228.1,999.0,0,0.0,0.0,0.0,2,5,0.0,12,7,1,1
13977,31.0,3,999,0,1.4,94.465,-41.8,4.959,5228.1,999.0,0,0.0,0.0,1.0,1,2,0.0,4,6,1,1
13978,31.0,1,999,0,1.4,93.444,-36.1,4.964,5228.1,999.0,0,0.0,0.0,0.0,1,7,0.0,6,8,1,1
13979,34.0,2,999,0,1.4,93.918,-42.7,4.962,5228.1,999.0,0,1.0,1.0,0.0,2,2,0.0,4,7,1,1
13980,31.0,1,999,0,-0.1,93.2,-42.0,4.191,5195.8,999.0,0,0.0,0.0,0.0,2,6,0.0,5,11,2,1
13981,43.0,1,999,0,-0.1,93.2,-42.0,4.12,5195.8,999.0,0,0.0,0.0,0.0,3,5,0.0,9,11,1,1
13982,31.0,3,999,0,-3.4,92.649,-30.1,0.716,5017.5,999.0,0,1.0,0.0,0.0,2,3,0.0,8,11,1,1
13983,31.0,2,999,0,1.4,93.918,-42.7,4.963,5228.1,999.0,0,0.0,0.0,0.0,1,8,0.0,9,7,1,1
13984,36.0,11,999,0,1.1,93.994,-36.4,4.864,5191.0,999.0,0,0.0,0.0,1.0,2,2,0.0,4,5,1,1
13985,31.0,7,999,0,1.4,93.444,-36.1,4.964,5228.1,999.0,0,0.0,0.0,0.0,2,5,0.0,5,8,1,1
13986,35.0,1,999,0,-1.8,93.075,-47.1,1.435,5099.1,999.0,0,1.0,0.0,0.0,2,8,0.0,9,4,1,1
13987,31.0,1,999,1,-1.8,92.893,-46.2,1.313,5099.1,999.0,1,0.0,0.0,0.0,2,7,0.0,6,5,1,2
13988,48.0,3,999,0,1.4,93.918,-42.7,4.963,5228.1,999.0,0,1.0,0.0,0.0,3,8,0.0,5,7,1,1
13989,36.0,2,6,1,-0.1,93.2,-42.0,4.076,5195.8,0.2,0,0.0,0.0,0.0,2,7,0.0,3,11,1,3
13990,36.0,1,999,0,1.4,94.465,-41.8,4.96,5228.1,999.0,0,1.0,0.0,1.0,1,7,0.0,6,6,2,1
13991,42.0,4,999,0,1.4,94.465,-41.8,4.967,5228.1,999.0,0,0.0,0.0,1.0,1,5,0.0,9,6,1,1
13992,61.0,2,3,1,-2.9,92.201,-31.4,0.859,5076.2,0.1,3,0.0,0.0,1.0,2,7,0.0,8,8,1,3
13993,27.0,2,999,0,-1.1,94.601,-49.5,1.043,4963.6,999.0,0,0.0,0.0,0.0,1,7,0.0,5,10,1,1
13994,31.0,2,6,2,-3.0,92.713,-33.0,0.718,5023.5,0.2,6,1.0,0.0,0.0,1,7,0.0,11,12,1,3
13995,42.0,1,999,0,-2.9,92.201,-31.4,0.883,5076.2,999.0,0,0.0,0.0,0.0,1,7,0.0,6,8,1,1
13996,33.0,1,999,0,1.1,93.994,-36.4,4.857,5191.0,999.0,0,0.0,0.0,1.0,3,5,0.0,9,5,1,1
13997,31.0,1,999,0,1.1,93.994,-36.4,4.857,5191.0,999.0,0,0.0,0.0,1.0,3,5,0.0,6,5,1,1
13998,31.0,2,999,0,1.4,94.465,-41.8,4.961,5228.1,999.0,0,0.0,0.0,1.0,2,7,0.0,6,6,1,1
13999,44.0,2,999,0,1.4,93.918,-42.7,4.96,5228.1,999.0,0,1.0,0.0,0.0,2,8,0.0,4,7,2,1
14000,39.0,1,999,0,-0.1,93.2,-42.0,4.076,5195.8,999.0,0,1.0,0.0,0.0,2,4,0.0,4,11,1,1
14001,31.0,5,999,0,1.1,93.994,-36.4,4.857,5191.0,999.0,0,1.0,0.0,1.0,1,8,0.0,4,5,2,1
14002,39.0,1,999,0,1.4,94.465,-41.8,4.967,5228.1,999.0,0,1.0,0.0,1.0,2,8,0.0,3,6,1,1
14003,31.0,2,999,0,1.4,93.918,-42.7,4.961,5228.1,999.0,0,1.0,0.0,0.0,1,7,0.0,6,7,1,1
14004,54.0,1,999,0,1.4,93.918,-42.7,4.962,5228.1,999.0,0,0.0,0.0,1.0,2,8,0.0,9,7,1,1
14005,31.0,1,999,0,1.4,93.918,-42.7,4.963,5228.1,999.0,0,1.0,0.0,0.0,2,4,0.0,1,7,1,1
14006,31.0,1,999,0,-0.1,93.2,-42.0,4.076,5195.8,999.0,0,1.0,0.0,0.0,1,8,0.0,6,11,1,1
14007,45.0,1,999,0,-1.8,92.843,-50.0,1.51,5099.1,999.0,0,1.0,0.0,0.0,2,8,0.0,4,3,1,1
14008,25.0,1,999,0,1.1,93.994,-36.4,4.859,5191.0,999.0,0,1.0,0.0,1.0,3,2,0.0,9,5,1,1
14009,33.0,5,999,1,-0.1,93.2,-42.0,4.191,5195.8,999.0,0,0.0,0.0,1.0,1,7,0.0,5,11,1,2
14010,52.0,2,6,1,-1.7,94.215,-40.3,0.893,4991.6,0.2,1,1.0,1.0,0.0,2,6,0.0,6,7,1,3
14011,31.0,1,999,0,-1.8,92.893,-46.2,1.299,5099.1,999.0,0,1.0,0.0,0.0,2,4,0.0,5,5,2,1
14012,34.0,1,999,0,-1.8,92.893,-46.2,1.244,5099.1,999.0,0,1.0,0.0,0.0,2,3,0.0,4,5,2,1
14013,26.0,3,999,0,1.4,94.465,-41.8,4.961,5228.1,999.0,0,1.0,1.0,1.0,1,5,0.0,6,6,1,1
14014,22.0,1,999,0,1.4,94.465,-41.8,4.864,5228.1,999.0,0,0.0,0.0,1.0,1,5,0.0,9,6,1,1
14015,33.0,1,999,0,1.4,93.918,-42.7,4.957,5228.1,999.0,0,1.0,0.0,0.0,2,5,0.0,6,7,1,1
14016,31.0,1,4,3,-3.0,92.713,-33.0,0.72,5023.5,0.133333333333,3,0.0,0.0,0.0,2,8,0.0,8,12,1,3
14017,38.0,6,999,0,1.4,94.465,-41.8,4.959,5228.1,999.0,0,1.0,0.0,1.0,1,8,0.0,4,6,1,1
14018,31.0,1,999,0,1.1,93.994,-36.4,4.855,5191.0,999.0,0,0.0,0.0,1.0,2,8,0.0,6,5,1,1
14019,28.0,4,999,0,-2.9,92.469,-33.6,1.048,5076.2,999.0,0,1.0,0.0,0.0,1,7,0.0,9,7,2,1
14020,57.0,1,999,0,-0.1,93.2,-42.0,4.021,5195.8,999.0,0,1.0,1.0,0.0,2,7,0.0,10,11,1,1
14021,28.0,1,999,0,1.1,93.994,-36.4,4.857,5191.0,999.0,0,1.0,0.0,1.0,1,4,0.0,4,5,2,1
14022,45.0,3,999,0,1.4,93.444,-36.1,4.97,5228.1,999.0,0,1.0,0.0,0.0,2,8,0.0,10,8,2,1
14023,33.0,7,999,0,1.4,93.918,-42.7,4.957,5228.1,999.0,0,1.0,0.0,0.0,2,3,0.0,7,7,1,1
14024,56.0,1,999,0,1.4,93.918,-42.7,4.962,5228.1,999.0,0,0.0,0.0,1.0,2,8,0.0,4,7,1,1
14025,31.0,1,999,0,1.4,94.465,-41.8,4.961,5228.1,999.0,0,1.0,0.0,1.0,2,8,0.0,8,6,1,1
14026,54.0,2,999,0,1.4,93.918,-42.7,4.962,5228.1,999.0,0,1.0,0.0,0.0,2,5,0.0,10,7,1,1
14027,34.0,1,999,0,-1.8,93.075,-47.1,1.423,5099.1,999.0,0,1.0,0.0,0.0,1,7,0.0,6,4,1,1
14028,31.0,1,999,0,-0.1,93.2,-42.0,4.076,5195.8,999.0,0,0.0,0.0,0.0,3,8,0.0,1,11,1,1
14029,31.0,6,999,0,-1.8,92.893,-46.2,1.266,5099.1,999.0,0,1.0,0.0,1.0,1,5,0.0,6,5,1,1
14030,49.0,3,999,0,1.4,93.444,-36.1,4.964,5228.1,999.0,0,0.0,0.0,0.0,2,7,0.0,6,8,1,1
14031,31.0,1,999,0,-1.8,92.893,-46.2,1.334,5099.1,999.0,0,0.0,0.0,0.0,2,8,0.0,4,5,1,1
14032,43.0,2,999,0,1.4,94.465,-41.8,4.865,5228.1,999.0,0,0.0,0.0,1.0,2,6,0.0,5,6,2,1
14033,31.0,5,999,0,-1.8,93.075,-47.1,1.435,5099.1,999.0,0,1.0,1.0,0.0,2,7,0.0,6,4,1,1
14034,35.0,3,999,0,-1.8,93.075,-47.1,1.405,5099.1,999.0,0,0.0,0.0,0.0,1,6,0.0,9,4,2,1
14035,30.0,1,999,1,-1.8,92.893,-46.2,1.25,5099.1,999.0,3,0.0,0.0,0.0,1,8,0.0,6,5,1,2
14036,72.0,1,999,0,-1.7,94.215,-40.3,0.881,4991.6,999.0,0,1.0,0.0,0.0,2,3,0.0,8,7,1,1
14037,48.0,1,999,0,1.4,93.918,-42.7,4.962,5228.1,999.0,0,1.0,1.0,0.0,3,5,0.0,9,7,1,1
14038,55.0,2,999,0,-1.8,93.075,-47.1,1.405,5099.1,999.0,0,1.0,0.0,0.0,2,8,0.0,4,4,1,1
14039,34.0,13,999,0,1.4,94.465,-41.8,4.864,5228.1,999.0,0,0.0,0.0,1.0,2,8,0.0,4,6,1,1
14040,31.0,2,999,0,-0.1,93.2,-42.0,4.021,5195.8,999.0,0,1.0,1.0,0.0,2,3,0.0,4,11,1,1
14041,31.0,3,999,0,1.4,93.918,-42.7,4.958,5228.1,999.0,0,0.0,0.0,0.0,1,5,0.0,4,7,1,1
14042,31.0,5,999,0,1.4,93.918,-42.7,4.957,5228.1,999.0,0,1.0,0.0,0.0,1,5,0.0,6,7,1,1
14043,30.0,3,999,0,1.1,93.994,-36.4,4.856,5191.0,999.0,0,1.0,0.0,1.0,1,7,0.0,3,5,1,1
14044,49.0,1,999,0,-0.1,93.2,-42.0,4.076,5195.8,999.0,0,1.0,0.0,0.0,2,7,0.0,5,11,1,1
14045,31.0,1,999,0,1.1,93.994,-36.4,4.856,5191.0,999.0,0,1.0,0.0,1.0,2,8,0.0,9,5,1,1
14046,37.0,2,999,0,1.1,93.994,-36.4,4.855,5191.0,999.0,0,1.0,0.0,1.0,1,8,0.0,1,5,1,1
14047,60.0,1,3,1,-1.8,92.893,-46.2,1.266,5099.1,0.1,2,1.0,0.0,0.0,2,8,0.0,8,5,1,3
14048,38.0,4,999,0,1.4,93.918,-42.7,4.961,5228.1,999.0,0,0.0,0.0,0.0,1,6,0.0,5,7,1,1
14049,40.0,4,999,0,1.4,94.465,-41.8,4.958,5228.1,999.0,0,0.0,0.0,1.0,2,8,0.0,4,6,1,1
14050,31.0,2,999,0,-0.1,93.2,-42.0,4.076,5195.8,999.0,0,1.0,1.0,0.0,2,7,0.0,8,11,1,1
14051,31.0,1,999,0,1.4,93.444,-36.1,4.964,5228.1,999.0,0,0.0,1.0,0.0,2,8,0.0,8,8,1,1
14052,31.0,1,999,0,-2.9,92.201,-31.4,0.829,5076.2,999.0,0,1.0,0.0,0.0,3,7,0.0,6,8,1,1
14053,31.0,1,999,0,1.1,93.994,-36.4,4.857,5191.0,999.0,0,1.0,0.0,1.0,2,2,0.0,4,5,1,1
14054,38.0,1,999,0,-0.1,93.2,-42.0,4.191,5195.8,999.0,0,1.0,0.0,1.0,2,7,0.0,3,11,2,1
14055,25.0,2,999,0,-1.8,92.893,-46.2,1.25,5099.1,999.0,0,0.0,0.0,0.0,1,8,0.0,9,5,1,1
14056,27.0,1,4,3,-2.9,92.201,-31.4,0.879,5076.2,0.133333333333,0,0.0,0.0,0.0,1,5,0.0,10,8,1,3
14057,23.0,1,999,0,1.1,93.994,-36.4,4.859,5191.0,999.0,0,0.0,0.0,1.0,1,5,0.0,9,5,1,1
14058,31.0,1,999,0,-1.8,92.843,-50.0,1.703,5099.1,999.0,0,1.0,0.0,0.0,1,6,0.0,5,3,2,1
14059,43.0,2,999,0,1.1,93.994,-36.4,4.855,5191.0,999.0,0,0.0,0.0,1.0,2,8,0.0,3,5,1,1
14060,33.0,2,999,0,-1.8,92.893,-46.2,1.334,5099.1,999.0,0,0.0,0.0,0.0,2,4,0.0,4,5,1,1
14061,46.0,1,999,0,1.4,93.918,-42.7,4.96,5228.1,999.0,0,1.0,0.0,0.0,2,8,0.0,4,7,2,1
14062,27.0,3,999,0,-1.7,94.055,-39.8,0.767,4991.6,999.0,0,1.0,0.0,0.0,1,7,0.0,12,6,1,1
14063,41.0,3,999,0,1.4,94.465,-41.8,4.959,5228.1,999.0,0,1.0,0.0,1.0,2,6,0.0,5,6,1,1
14064,48.0,1,999,0,1.4,93.918,-42.7,4.962,5228.1,999.0,0,1.0,0.0,0.0,2,3,0.0,4,7,1,1
14065,31.0,2,999,0,1.4,94.465,-41.8,4.967,5228.1,999.0,0,1.0,0.0,1.0,2,7,0.0,7,6,1,1
14066,48.0,2,999,0,1.1,93.994,-36.4,4.857,5191.0,999.0,0,1.0,0.0,1.0,1,8,0.0,6,5,1,1
14067,54.0,1,999,0,1.1,93.994,-36.4,4.857,5191.0,999.0,0,1.0,1.0,1.0,2,4,0.0,8,5,1,1
14068,37.0,1,999,1,-1.8,93.075,-47.1,1.405,5099.1,999.0,1,0.0,1.0,0.0,2,5,0.0,9,4,1,2
14069,40.0,1,999,0,1.1,93.994,-36.4,4.857,5191.0,999.0,0,0.0,1.0,1.0,2,8,0.0,4,5,2,1
14070,49.0,1,999,0,1.4,93.444,-36.1,4.963,5228.1,999.0,0,0.0,0.0,1.0,2,8,0.0,9,8,1,1
14071,31.0,4,999,0,1.1,93.994,-36.4,4.857,5191.0,999.0,0,1.0,0.0,1.0,3,6,0.0,5,5,2,1
14072,29.0,1,999,0,-1.8,92.893,-46.2,1.266,5099.1,999.0,0,0.0,0.0,0.0,1,6,0.0,5,5,1,1
14073,30.0,1,999,0,1.1,93.994,-36.4,4.857,5191.0,999.0,0,1.0,0.0,1.0,2,2,0.0,4,5,1,1
14074,31.0,3,999,0,-1.8,93.749,-34.6,0.644,5008.7,999.0,0,1.0,0.0,0.0,2,7,0.0,8,4,1,1
14075,31.0,2,999,0,-2.9,92.963,-40.8,1.206,5076.2,999.0,0,0.0,1.0,0.0,2,6,0.0,4,6,1,1
14076,30.0,3,999,0,-1.8,93.075,-47.1,1.483,5099.1,999.0,0,1.0,0.0,0.0,2,7,0.0,6,4,1,1
14077,30.0,1,999,2,-1.7,94.055,-39.8,0.767,4991.6,999.0,6,1.0,0.0,1.0,1,8,0.0,5,6,1,2
14078,51.0,3,999,0,-1.7,94.215,-40.3,0.896,4991.6,999.0,0,0.0,0.0,0.0,3,5,0.0,8,7,1,1
14079,35.0,15,999,0,1.4,94.465,-41.8,4.864,5228.1,999.0,0,1.0,0.0,1.0,1,2,0.0,4,6,1,1
14080,46.0,1,999,0,1.4,93.918,-42.7,4.963,5228.1,999.0,0,1.0,0.0,0.0,3,8,0.0,9,7,1,1
14081,31.0,4,999,0,1.1,93.994,-36.4,4.857,5191.0,999.0,0,0.0,0.0,1.0,3,8,0.0,4,5,2,1
14082,31.0,1,999,0,1.1,93.994,-36.4,4.858,5191.0,999.0,0,1.0,0.0,1.0,2,8,0.0,10,5,2,1
14083,42.0,1,999,0,1.1,93.994,-36.4,4.856,5191.0,999.0,0,0.0,0.0,1.0,3,7,0.0,5,5,1,1
14084,30.0,3,999,0,-0.1,93.2,-42.0,4.076,5195.8,999.0,0,1.0,0.0,0.0,2,8,0.0,6,11,1,1
14085,34.0,1,999,0,1.1,93.994,-36.4,4.856,5191.0,999.0,0,1.0,0.0,1.0,2,6,0.0,5,5,1,1
14086,32.0,1,999,0,-1.8,93.075,-47.1,1.405,5099.1,999.0,0,1.0,0.0,0.0,2,8,0.0,8,4,1,1
14087,31.0,2,999,1,-1.8,92.893,-46.2,1.327,5099.1,999.0,0,1.0,0.0,0.0,2,5,0.0,6,5,1,2
14088,31.0,1,999,0,1.4,93.444,-36.1,4.968,5228.1,999.0,0,0.0,0.0,0.0,2,8,0.0,1,8,1,1
14089,39.0,4,999,0,1.4,93.918,-42.7,4.96,5228.1,999.0,0,1.0,0.0,0.0,2,7,0.0,6,7,2,1
14090,31.0,1,999,0,-1.8,92.893,-46.2,1.27,5099.1,999.0,0,1.0,1.0,1.0,3,7,0.0,7,5,1,1
14091,43.0,1,999,0,-2.9,92.469,-33.6,1.029,5076.2,999.0,0,0.0,0.0,0.0,3,8,0.0,6,7,1,1
14092,45.0,1,999,0,-1.7,94.027,-38.3,0.895,4991.6,999.0,0,1.0,1.0,1.0,3,8,0.0,6,8,1,1
14093,55.0,2,999,0,1.4,94.465,-41.8,4.865,5228.1,999.0,0,1.0,1.0,1.0,2,8,0.0,4,6,2,1
14094,32.0,1,999,0,1.1,93.994,-36.4,4.859,5191.0,999.0,0,0.0,0.0,1.0,2,8,0.0,4,5,1,1
14095,37.0,2,999,0,1.4,93.918,-42.7,4.96,5228.1,999.0,0,0.0,0.0,1.0,2,8,0.0,4,7,2,1
14096,31.0,1,999,0,-3.4,92.379,-29.8,0.741,5017.5,999.0,0,1.0,0.0,0.0,3,8,0.0,8,9,1,1
14097,50.0,1,999,0,-1.8,93.075,-47.1,1.405,5099.1,999.0,0,1.0,0.0,1.0,2,7,0.0,3,4,1,1
14098,41.0,2,999,0,1.1,93.994,-36.4,4.857,5191.0,999.0,0,0.0,0.0,1.0,3,5,0.0,6,5,1,1
14099,28.0,1,999,0,1.4,93.918,-42.7,4.961,5228.1,999.0,0,1.0,0.0,0.0,1,8,0.0,5,7,1,1
14100,41.0,1,999,0,1.4,94.465,-41.8,4.864,5228.1,999.0,0,0.0,0.0,1.0,2,5,0.0,9,6,1,1
14101,36.0,1,999,0,-1.8,92.893,-46.2,1.344,5099.1,999.0,0,0.0,0.0,0.0,1,5,0.0,6,5,1,1
14102,31.0,1,999,1,-0.1,93.2,-42.0,4.021,5195.8,999.0,0,1.0,0.0,0.0,3,2,0.0,4,11,1,2
14103,51.0,2,999,1,-2.9,92.469,-33.6,1.072,5076.2,999.0,2,1.0,0.0,0.0,2,6,0.0,5,7,1,2
14104,32.0,1,999,0,-1.8,92.843,-50.0,1.703,5099.1,999.0,0,1.0,0.0,0.0,1,8,0.0,3,3,2,1
14105,31.0,2,999,0,1.4,93.918,-42.7,4.961,5228.1,999.0,0,1.0,0.0,0.0,3,4,0.0,4,7,1,1
14106,31.0,1,999,0,1.4,93.918,-42.7,4.962,5228.1,999.0,0,0.0,0.0,0.0,2,2,0.0,2,7,1,1
14107,39.0,1,999,1,-1.8,92.893,-46.2,1.299,5099.1,999.0,4,1.0,0.0,0.0,1,4,0.0,4,5,2,2
14108,36.0,2,999,2,-2.9,92.201,-31.4,0.884,5076.2,999.0,8,1.0,0.0,0.0,3,7,0.0,6,8,2,2
14109,50.0,1,999,0,1.4,93.918,-42.7,4.962,5228.1,999.0,0,1.0,1.0,0.0,2,8,0.0,10,7,1,1
14110,50.0,2,999,0,1.4,93.918,-42.7,4.96,5228.1,999.0,0,0.0,0.0,0.0,2,4,0.0,7,7,2,1
14111,35.0,3,999,0,1.4,93.918,-42.7,4.962,5228.1,999.0,0,0.0,0.0,0.0,2,8,0.0,3,7,1,1
14112,41.0,1,999,0,1.4,93.918,-42.7,4.962,5228.1,999.0,0,1.0,1.0,0.0,1,8,0.0,4,7,1,1
14113,55.0,3,999,0,1.1,93.994,-36.4,4.86,5191.0,999.0,0,1.0,0.0,1.0,2,6,0.0,5,5,1,1
14114,32.0,1,999,0,-1.8,93.075,-47.1,1.466,5099.1,999.0,0,1.0,1.0,0.0,2,4,0.0,4,4,2,1
14115,32.0,7,999,0,1.1,93.994,-36.4,4.858,5191.0,999.0,0,0.0,0.0,1.0,1,8,0.0,3,5,2,1
14116,45.0,6,999,0,1.4,94.465,-41.8,4.959,5228.1,999.0,0,0.0,0.0,1.0,2,8,0.0,4,6,1,1
14117,26.0,4,999,0,-1.8,92.893,-46.2,1.291,5099.1,999.0,0,1.0,0.0,0.0,2,2,0.0,1,5,1,1
14118,49.0,1,999,0,1.4,93.918,-42.7,4.963,5228.1,999.0,0,0.0,0.0,0.0,2,6,0.0,5,7,1,1
14119,31.0,3,999,0,1.4,93.444,-36.1,4.963,5228.1,999.0,0,0.0,0.0,0.0,1,6,0.0,5,8,1,1
14120,31.0,2,999,0,-0.1,93.2,-42.0,4.076,5195.8,999.0,0,0.0,0.0,0.0,1,7,0.0,6,11,1,1
14121,29.0,1,999,0,1.1,93.994,-36.4,4.859,5191.0,999.0,0,1.0,1.0,1.0,2,5,0.0,9,5,1,1
14122,31.0,3,999,0,-1.8,92.893,-46.2,1.291,5099.1,999.0,0,1.0,0.0,0.0,2,4,0.0,3,5,1,1
14123,37.0,1,999,0,-1.8,92.893,-46.2,1.264,5099.1,999.0,0,0.0,0.0,0.0,1,6,0.0,4,5,2,1
14124,35.0,5,999,0,1.1,93.994,-36.4,4.856,5191.0,999.0,0,0.0,0.0,1.0,2,3,0.0,4,5,1,1
14125,38.0,6,999,0,1.1,93.994,-36.4,4.857,5191.0,999.0,0,1.0,0.0,1.0,1,3,0.0,4,5,1,1
14126,37.0,5,999,0,1.1,93.994,-36.4,4.857,5191.0,999.0,0,0.0,1.0,1.0,2,3,0.0,4,5,1,1
14127,27.0,1,999,0,1.4,93.918,-42.7,4.961,5228.1,999.0,0,1.0,0.0,0.0,1,7,0.0,10,7,1,1
14128,34.0,2,999,0,1.4,94.465,-41.8,4.958,5228.1,999.0,0,0.0,0.0,1.0,2,6,0.0,5,6,1,1
14129,32.0,12,999,0,1.4,93.918,-42.7,4.962,5228.1,999.0,0,1.0,0.0,0.0,1,2,0.0,4,7,1,1
14130,50.0,1,999,0,1.1,93.994,-36.4,4.857,5191.0,999.0,0,0.0,0.0,1.0,3,5,0.0,6,5,1,1
14131,31.0,1,999,1,-1.8,93.075,-47.1,1.479,5099.1,999.0,2,0.0,1.0,0.0,1,5,0.0,7,4,1,2
14132,26.0,1,999,0,1.4,93.918,-42.7,4.96,5228.1,999.0,0,1.0,0.0,0.0,1,8,0.0,5,7,2,1
14133,34.0,3,999,0,1.4,93.444,-36.1,4.963,5228.1,999.0,0,0.0,0.0,0.0,2,8,0.0,5,8,1,1
14134,60.0,4,999,0,1.4,93.918,-42.7,4.968,5228.1,999.0,0,1.0,0.0,0.0,2,6,0.0,3,7,1,1
14135,31.0,3,999,0,-1.8,92.893,-46.2,1.281,5099.1,999.0,0,1.0,0.0,0.0,2,3,0.0,4,5,1,1
14136,31.0,1,999,0,1.4,93.444,-36.1,4.966,5228.1,999.0,0,0.0,0.0,0.0,1,8,0.0,5,8,1,1
14137,32.0,2,999,0,-0.1,93.2,-42.0,4.076,5195.8,999.0,0,0.0,0.0,0.0,2,6,0.0,5,11,1,1
14138,31.0,2,999,0,1.1,93.994,-36.4,4.857,5191.0,999.0,0,0.0,0.0,1.0,2,4,0.0,5,5,1,1
14139,48.0,1,999,0,1.4,94.465,-41.8,4.958,5228.1,999.0,0,1.0,1.0,1.0,3,8,0.0,4,6,1,1
14140,31.0,2,999,0,-1.8,92.893,-46.2,1.334,5099.1,999.0,0,0.0,0.0,0.0,1,8,0.0,9,5,1,1
14141,37.0,1,2,1,-1.8,92.893,-46.2,1.266,5099.1,0.0666666666667,3,1.0,0.0,0.0,1,4,0.0,7,5,1,3
14142,32.0,1,999,0,1.1,93.994,-36.4,4.86,5191.0,999.0,0,1.0,0.0,1.0,1,6,0.0,9,5,1,1
14143,29.0,3,999,0,1.4,93.444,-36.1,4.965,5228.1,999.0,0,0.0,0.0,0.0,1,6,0.0,5,8,2,1
14144,36.0,1,999,0,1.4,93.444,-36.1,4.966,5228.1,999.0,0,0.0,0.0,0.0,2,6,0.0,5,8,1,1
14145,53.0,2,999,0,1.1,93.994,-36.4,4.856,5191.0,999.0,0,1.0,0.0,1.0,2,4,0.0,4,5,1,1
14146,38.0,3,999,0,1.1,93.994,-36.4,4.855,5191.0,999.0,0,0.0,0.0,1.0,2,8,0.0,3,5,1,1
14147,32.0,1,999,0,1.4,93.444,-36.1,4.964,5228.1,999.0,0,0.0,0.0,0.0,1,7,0.0,6,8,1,1
14148,47.0,1,999,0,-0.1,93.2,-42.0,4.12,5195.8,999.0,0,1.0,0.0,0.0,2,5,0.0,9,11,1,1
14149,31.0,2,999,0,-1.8,92.893,-46.2,1.25,5099.1,999.0,0,1.0,1.0,0.0,1,5,0.0,1,5,1,1
14150,31.0,1,999,2,-1.1,94.199,-37.5,0.882,4963.6,999.0,2,0.0,0.0,0.0,2,5,0.0,6,9,2,2
14151,31.0,1,999,0,1.4,93.918,-42.7,4.962,5228.1,999.0,0,0.0,0.0,0.0,1,8,0.0,5,7,1,1
14152,42.0,2,4,1,-0.1,93.2,-42.0,4.076,5195.8,0.133333333333,2,1.0,0.0,0.0,2,7,0.0,6,11,1,3
14153,45.0,1,999,0,1.1,93.994,-36.4,4.855,5191.0,999.0,0,0.0,1.0,1.0,2,2,0.0,4,5,1,1
14154,50.0,2,999,0,1.4,93.918,-42.7,4.961,5228.1,999.0,0,1.0,0.0,0.0,1,8,0.0,9,7,1,1
14155,53.0,1,999,0,1.4,94.465,-41.8,4.864,5228.1,999.0,0,1.0,1.0,1.0,2,8,0.0,3,6,1,1
14156,33.0,2,999,0,-1.8,92.893,-46.2,1.334,5099.1,999.0,0,1.0,0.0,0.0,1,7,0.0,6,5,1,1
14157,50.0,1,999,0,1.4,93.444,-36.1,4.963,5228.1,999.0,0,0.0,0.0,0.0,2,8,0.0,6,8,1,1
14158,31.0,2,999,0,-1.8,92.893,-46.2,1.291,5099.1,999.0,0,0.0,0.0,0.0,2,5,0.0,9,5,1,1
14159,31.0,1,999,0,1.4,94.465,-41.8,4.96,5228.1,999.0,0,0.0,1.0,1.0,1,7,0.0,6,6,2,1
14160,30.0,1,999,0,-0.1,93.2,-42.0,4.153,5195.8,999.0,0,0.0,0.0,0.0,2,5,0.0,10,11,1,1
14161,31.0,32,999,0,1.4,94.465,-41.8,4.865,5228.1,999.0,0,1.0,0.0,1.0,2,5,0.0,9,6,2,1
14162,22.0,2,999,0,-1.8,92.893,-46.2,1.281,5099.1,999.0,0,1.0,0.0,0.0,1,8,0.0,6,5,1,1
14163,31.0,2,999,0,1.1,93.994,-36.4,4.857,5191.0,999.0,0,0.0,1.0,1.0,3,8,0.0,9,5,2,1
14164,67.0,2,999,1,-2.9,92.963,-40.8,1.262,5076.2,999.0,5,1.0,0.0,0.0,2,8,0.0,6,6,1,2
14165,60.0,8,999,0,1.4,93.444,-36.1,4.963,5228.1,999.0,0,1.0,1.0,0.0,2,8,0.0,8,8,1,1
14166,42.0,3,999,0,1.4,93.918,-42.7,4.962,5228.1,999.0,0,0.0,0.0,0.0,2,7,0.0,6,7,1,1
14167,34.0,1,999,1,-1.8,92.893,-46.2,1.266,5099.1,999.0,1,0.0,0.0,0.0,2,8,0.0,6,5,1,2
14168,30.0,1,999,0,1.4,93.444,-36.1,4.964,5228.1,999.0,0,0.0,0.0,0.0,1,5,0.0,6,8,1,1
14169,31.0,2,999,1,-1.8,92.893,-46.2,1.327,5099.1,999.0,0,0.0,1.0,0.0,1,5,0.0,9,5,1,2
14170,40.0,3,999,0,-0.1,93.2,-42.0,4.12,5195.8,999.0,0,0.0,0.0,0.0,1,8,0.0,5,11,1,1
14171,33.0,4,999,1,-1.8,92.843,-50.0,1.602,5099.1,999.0,4,1.0,0.0,0.0,1,5,0.0,4,3,1,2
14172,43.0,1,999,0,1.4,93.918,-42.7,4.962,5228.1,999.0,0,1.0,0.0,0.0,2,5,0.0,7,7,1,1
14173,45.0,4,999,0,-1.8,93.075,-47.1,1.415,5099.1,999.0,0,1.0,0.0,0.0,2,8,0.0,9,4,1,1
14174,31.0,2,999,0,-1.7,94.055,-39.8,0.748,4991.6,999.0,0,0.0,1.0,0.0,3,2,0.0,8,6,1,1
14175,31.0,1,999,0,1.4,93.918,-42.7,4.962,5228.1,999.0,0,0.0,0.0,0.0,2,7,0.0,6,7,1,1
14176,33.0,6,999,0,1.4,93.918,-42.7,4.961,5228.1,999.0,0,1.0,0.0,0.0,2,5,0.0,4,7,1,1
14177,47.0,5,999,0,-0.1,93.2,-42.0,4.021,5195.8,999.0,0,0.0,0.0,1.0,1,5,0.0,6,11,1,1
14178,31.0,1,999,0,1.4,93.444,-36.1,4.97,5228.1,999.0,0,1.0,0.0,0.0,2,4,0.0,4,8,2,1
14179,32.0,4,999,0,-1.8,92.893,-46.2,1.25,5099.1,999.0,0,0.0,1.0,0.0,1,6,0.0,6,5,1,1
14180,35.0,2,999,0,-0.1,93.2,-42.0,4.021,5195.8,999.0,0,1.0,0.0,0.0,2,4,0.0,4,11,1,1
14181,31.0,1,999,0,1.4,93.918,-42.7,4.958,5228.1,999.0,0,0.0,0.0,0.0,2,5,0.0,9,7,1,1
14182,50.0,7,999,0,1.4,93.918,-42.7,4.968,5228.1,999.0,0,0.0,0.0,0.0,2,6,0.0,1,7,1,1
14183,44.0,1,999,0,1.1,93.994,-36.4,4.855,5191.0,999.0,0,0.0,0.0,1.0,2,3,0.0,12,5,1,1
14184,58.0,1,999,0,-0.1,93.2,-42.0,4.191,5195.8,999.0,0,1.0,0.0,0.0,3,7,0.0,3,11,2,1
14185,47.0,1,999,0,1.4,93.444,-36.1,4.968,5228.1,999.0,0,1.0,0.0,0.0,2,8,0.0,4,8,1,1
14186,46.0,3,999,0,1.4,94.465,-41.8,4.967,5228.1,999.0,0,0.0,0.0,1.0,3,8,0.0,5,6,1,1
14187,37.0,2,999,0,1.4,93.444,-36.1,4.963,5228.1,999.0,0,0.0,0.0,0.0,2,7,0.0,5,8,1,1
14188,52.0,7,999,0,1.1,93.994,-36.4,4.859,5191.0,999.0,0,1.0,0.0,1.0,2,8,0.0,1,5,1,1
14189,34.0,4,999,0,-1.8,92.893,-46.2,1.266,5099.1,999.0,0,1.0,0.0,0.0,1,6,0.0,5,5,1,1
14190,58.0,3,999,0,1.4,93.444,-36.1,4.963,5228.1,999.0,0,1.0,0.0,0.0,3,6,0.0,5,8,1,1
14191,31.0,2,999,0,1.1,93.994,-36.4,4.855,5191.0,999.0,0,1.0,0.0,1.0,2,4,0.0,4,5,1,1
14192,31.0,2,999,0,1.4,93.444,-36.1,4.968,5228.1,999.0,0,1.0,0.0,0.0,2,8,0.0,6,8,1,1
14193,44.0,3,999,0,1.4,94.465,-41.8,4.866,5228.1,999.0,0,1.0,1.0,1.0,2,2,0.0,4,6,1,1
14194,31.0,4,999,0,1.4,93.918,-42.7,4.962,5228.1,999.0,0,1.0,1.0,0.0,3,8,0.0,6,7,1,1
14195,52.0,6,999,0,1.4,94.465,-41.8,4.865,5228.1,999.0,0,0.0,1.0,1.0,2,5,0.0,9,6,1,1
14196,31.0,1,999,0,-1.8,93.075,-47.1,1.483,5099.1,999.0,0,0.0,0.0,0.0,2,7,0.0,3,4,1,1
14197,35.0,1,999,0,1.1,93.994,-36.4,4.855,5191.0,999.0,0,1.0,1.0,1.0,2,4,0.0,12,5,1,1
14198,42.0,4,999,1,-0.1,93.2,-42.0,4.191,5195.8,999.0,2,0.0,0.0,0.0,2,7,0.0,1,11,2,2
14199,21.0,4,999,0,-1.8,92.893,-46.2,1.25,5099.1,999.0,0,0.0,0.0,0.0,1,5,0.0,11,5,1,1
14200,45.0,1,999,0,1.4,93.444,-36.1,4.965,5228.1,999.0,0,0.0,0.0,0.0,2,6,0.0,5,8,1,1
14201,36.0,1,999,0,1.1,93.994,-36.4,4.859,5191.0,999.0,0,1.0,1.0,1.0,2,8,0.0,4,5,1,1
14202,41.0,1,999,0,-1.1,94.601,-49.5,0.942,4963.6,999.0,0,1.0,0.0,0.0,1,2,0.0,8,10,1,1
14203,39.0,2,999,0,1.4,93.444,-36.1,4.964,5228.1,999.0,0,0.0,1.0,0.0,2,6,0.0,5,8,1,1
14204,29.0,2,999,0,1.4,93.444,-36.1,4.963,5228.1,999.0,0,1.0,0.0,0.0,2,7,0.0,2,8,2,1
14205,43.0,2,999,1,-0.1,93.2,-42.0,4.191,5195.8,999.0,2,1.0,0.0,0.0,2,7,0.0,6,11,2,2
14206,41.0,2,999,0,-1.8,93.075,-47.1,1.423,5099.1,999.0,0,1.0,1.0,0.0,2,8,0.0,5,4,1,1
14207,34.0,1,999,0,1.4,93.444,-36.1,4.963,5228.1,999.0,0,0.0,0.0,0.0,2,5,0.0,5,8,1,1
14208,31.0,18,999,0,1.4,94.465,-41.8,4.864,5228.1,999.0,0,0.0,0.0,1.0,2,8,0.0,4,6,1,1
14209,24.0,2,999,0,1.4,93.918,-42.7,4.958,5228.1,999.0,0,0.0,0.0,0.0,1,5,0.0,9,7,1,1
14210,31.0,1,999,0,-2.9,92.201,-31.4,0.884,5076.2,999.0,0,1.0,1.0,0.0,1,8,0.0,6,8,2,1
14211,47.0,3,999,0,-0.1,93.2,-42.0,4.076,5195.8,999.0,0,0.0,0.0,0.0,2,5,0.0,6,11,1,1
14212,37.0,5,999,0,-0.1,93.2,-42.0,4.021,5195.8,999.0,0,1.0,0.0,0.0,2,7,0.0,6,11,1,1
14213,45.0,1,999,1,-1.8,92.893,-46.2,1.281,5099.1,999.0,1,0.0,0.0,0.0,3,4,0.0,9,5,1,2
14214,42.0,1,999,0,1.4,93.918,-42.7,4.963,5228.1,999.0,0,0.0,0.0,0.0,2,2,0.0,4,7,1,1
14215,47.0,1,999,0,-1.8,93.075,-47.1,1.41,5099.1,999.0,0,1.0,0.0,0.0,2,7,0.0,7,4,1,1
14216,31.0,1,999,0,1.4,94.465,-41.8,4.865,5228.1,999.0,0,1.0,0.0,1.0,2,8,0.0,6,6,2,1
14217,29.0,1,999,0,-1.8,92.893,-46.2,1.281,5099.1,999.0,0,0.0,0.0,0.0,1,8,0.0,4,5,1,1
14218,36.0,4,999,0,1.4,94.465,-41.8,4.959,5228.1,999.0,0,0.0,0.0,1.0,2,3,0.0,4,6,1,1
14219,48.0,1,999,0,1.1,93.994,-36.4,4.855,5191.0,999.0,0,1.0,0.0,1.0,2,8,0.0,5,5,1,1
14220,31.0,18,999,0,1.1,93.994,-36.4,4.859,5191.0,999.0,0,0.0,0.0,1.0,3,6,0.0,6,5,1,1
14221,31.0,3,999,0,1.1,93.994,-36.4,4.859,5191.0,999.0,0,1.0,0.0,1.0,2,8,0.0,1,5,1,1
14222,58.0,2,999,0,1.4,93.444,-36.1,4.965,5228.1,999.0,0,0.0,0.0,0.0,2,7,0.0,6,8,1,1
14223,41.0,2,999,0,1.4,93.918,-42.7,4.961,5228.1,999.0,0,0.0,0.0,1.0,2,8,0.0,7,7,1,1
14224,46.0,3,999,1,-1.8,93.075,-47.1,1.405,5099.1,999.0,4,0.0,0.0,0.0,2,7,0.0,3,4,1,2
14225,38.0,1,999,0,-2.9,92.963,-40.8,1.099,5076.2,999.0,0,1.0,0.0,0.0,1,7,0.0,5,6,1,1
14226,35.0,1,999,0,1.1,93.994,-36.4,4.86,5191.0,999.0,0,1.0,0.0,1.0,2,5,0.0,6,5,1,1
14227,31.0,4,999,0,1.4,93.918,-42.7,4.957,5228.1,999.0,0,1.0,0.0,0.0,3,8,0.0,3,7,1,1
14228,39.0,1,6,2,-3.0,92.713,-33.0,0.706,5023.5,0.2,6,1.0,0.0,0.0,1,7,0.0,10,12,2,3
14229,28.0,2,999,0,1.4,93.918,-42.7,4.96,5228.1,999.0,0,1.0,1.0,0.0,2,4,0.0,4,7,2,1
14230,32.0,3,999,0,1.1,93.994,-36.4,4.857,5191.0,999.0,0,1.0,0.0,1.0,1,5,0.0,9,5,2,1
14231,38.0,17,999,0,1.4,93.918,-42.7,4.963,5228.1,999.0,0,0.0,0.0,0.0,2,8,0.0,4,7,1,1
14232,47.0,3,999,0,1.4,93.444,-36.1,4.964,5228.1,999.0,0,1.0,0.0,0.0,2,8,0.0,4,8,1,1
14233,53.0,1,999,0,1.4,93.918,-42.7,4.962,5228.1,999.0,0,1.0,0.0,0.0,3,2,0.0,9,7,1,1
14234,30.0,2,999,0,1.1,93.994,-36.4,4.86,5191.0,999.0,0,0.0,0.0,1.0,1,8,0.0,5,5,1,1
14235,48.0,2,999,0,-1.8,92.893,-46.2,1.344,5099.1,999.0,0,1.0,0.0,0.0,2,4,0.0,4,5,1,1
14236,27.0,1,999,0,1.4,93.918,-42.7,4.962,5228.1,999.0,0,1.0,0.0,0.0,1,4,0.0,4,7,1,1
14237,42.0,12,999,0,1.4,93.918,-42.7,4.968,5228.1,999.0,0,1.0,0.0,1.0,2,7,0.0,6,7,1,1
14238,31.0,3,999,0,1.4,94.465,-41.8,4.958,5228.1,999.0,0,0.0,0.0,1.0,2,8,0.0,4,6,1,1
14239,31.0,2,999,0,1.4,93.444,-36.1,4.965,5228.1,999.0,0,1.0,1.0,0.0,2,7,0.0,6,8,1,1
14240,31.0,1,999,0,-1.1,94.767,-50.8,1.031,4963.6,999.0,0,1.0,0.0,0.0,1,8,0.0,6,11,1,1
14241,30.0,2,999,0,-1.8,92.893,-46.2,1.327,5099.1,999.0,0,1.0,0.0,0.0,2,8,0.0,4,5,1,1
14242,40.0,1,999,0,1.4,94.465,-41.8,4.959,5228.1,999.0,0,0.0,0.0,1.0,2,7,0.0,3,6,1,1
14243,41.0,1,999,0,1.1,93.994,-36.4,4.855,5191.0,999.0,0,0.0,0.0,1.0,2,4,0.0,10,5,1,1
14244,31.0,2,999,2,-2.9,92.201,-31.4,0.854,5076.2,999.0,6,1.0,0.0,0.0,2,8,0.0,6,8,1,2
14245,56.0,6,999,0,1.1,93.994,-36.4,4.856,5191.0,999.0,0,1.0,0.0,1.0,3,8,0.0,6,5,1,1
14246,45.0,1,999,1,-1.8,92.893,-46.2,1.313,5099.1,999.0,0,0.0,0.0,0.0,1,7,0.0,5,5,1,2
14247,32.0,1,999,0,1.4,93.918,-42.7,4.962,5228.1,999.0,0,0.0,0.0,0.0,1,8,0.0,6,7,1,1
14248,31.0,1,999,0,1.4,94.465,-41.8,4.96,5228.1,999.0,0,1.0,1.0,1.0,1,8,0.0,4,6,2,1
14249,31.0,4,999,0,-1.8,92.893,-46.2,1.281,5099.1,999.0,0,0.0,0.0,0.0,2,8,0.0,4,5,1,1
14250,36.0,2,999,0,-1.8,92.893,-46.2,1.266,5099.1,999.0,0,1.0,0.0,0.0,2,4,0.0,4,5,1,1
14251,31.0,1,999,1,-1.8,93.075,-47.1,1.405,5099.1,999.0,1,1.0,0.0,0.0,2,4,0.0,1,4,1,2
14252,31.0,2,999,0,1.1,93.994,-36.4,4.857,5191.0,999.0,0,0.0,0.0,1.0,2,3,0.0,3,5,1,1
14253,31.0,4,999,0,-2.9,92.469,-33.6,1.048,5076.2,999.0,0,1.0,0.0,0.0,1,7,0.0,6,7,2,1
14254,32.0,1,999,0,1.4,93.918,-42.7,4.957,5228.1,999.0,0,1.0,0.0,0.0,1,5,0.0,6,7,1,1
14255,35.0,4,999,0,-1.8,92.893,-46.2,1.313,5099.1,999.0,0,1.0,0.0,0.0,2,8,0.0,6,5,1,1
14256,31.0,1,999,0,1.1,93.994,-36.4,4.856,5191.0,999.0,0,0.0,0.0,1.0,1,8,0.0,4,5,1,1
14257,53.0,1,999,0,1.4,94.465,-41.8,4.865,5228.1,999.0,0,0.0,0.0,1.0,3,2,0.0,9,6,2,1
14258,31.0,2,999,0,-1.8,92.893,-46.2,1.281,5099.1,999.0,0,1.0,0.0,0.0,2,4,0.0,10,5,1,1
14259,40.0,4,999,0,1.1,93.994,-36.4,4.86,5191.0,999.0,0,0.0,0.0,1.0,1,2,0.0,4,5,1,1
14260,45.0,3,999,0,1.4,93.444,-36.1,4.967,5228.1,999.0,0,1.0,1.0,0.0,3,5,0.0,6,8,1,1
14261,31.0,3,999,0,1.4,93.918,-42.7,4.968,5228.1,999.0,0,0.0,0.0,1.0,1,8,0.0,6,7,1,1
14262,31.0,1,999,0,1.4,93.918,-42.7,4.963,5228.1,999.0,0,1.0,0.0,0.0,2,8,0.0,5,7,1,1
14263,45.0,1,999,0,1.4,93.918,-42.7,4.957,5228.1,999.0,0,1.0,0.0,0.0,3,2,0.0,4,7,1,1
14264,30.0,1,999,0,1.4,93.444,-36.1,4.963,5228.1,999.0,0,0.0,0.0,0.0,1,8,0.0,5,8,1,1
14265,31.0,1,999,0,-2.9,92.201,-31.4,0.873,5076.2,999.0,0,0.0,0.0,0.0,2,7,0.0,10,8,1,1
14266,55.0,3,999,0,1.4,93.918,-42.7,4.96,5228.1,999.0,0,0.0,0.0,0.0,2,8,0.0,6,7,2,1
14267,31.0,5,999,0,-1.8,92.843,-50.0,1.726,5099.1,999.0,0,1.0,0.0,0.0,2,6,0.0,5,3,1,1
14268,40.0,3,999,0,1.4,93.444,-36.1,4.965,5228.1,999.0,0,0.0,0.0,0.0,2,8,0.0,3,8,1,1
14269,29.0,1,999,0,1.4,94.465,-41.8,4.864,5228.1,999.0,0,0.0,0.0,1.0,1,8,0.0,6,6,1,1
14270,49.0,3,999,0,1.4,93.918,-42.7,4.962,5228.1,999.0,0,1.0,0.0,0.0,3,8,0.0,4,7,2,1
14271,37.0,5,999,0,-3.4,92.649,-30.1,0.722,5017.5,999.0,0,1.0,1.0,1.0,3,5,0.0,6,11,2,1
14272,23.0,4,999,0,-2.9,92.963,-40.8,1.262,5076.2,999.0,0,0.0,0.0,1.0,1,8,0.0,11,6,1,1
14273,26.0,1,999,0,1.1,93.994,-36.4,4.86,5191.0,999.0,0,0.0,1.0,1.0,1,3,0.0,4,5,1,1
14274,22.0,2,999,0,1.4,93.918,-42.7,4.957,5228.1,999.0,0,0.0,1.0,0.0,1,5,0.0,11,7,1,1
14275,31.0,7,999,0,1.4,93.444,-36.1,4.963,5228.1,999.0,0,1.0,0.0,0.0,2,7,0.0,6,8,1,1
14276,31.0,2,999,0,-2.9,92.201,-31.4,0.859,5076.2,999.0,0,1.0,0.0,0.0,1,8,0.0,6,8,1,1
14277,20.0,1,999,0,-1.8,92.893,-46.2,1.334,5099.1,999.0,0,1.0,0.0,0.0,1,5,0.0,4,5,1,1
14278,31.0,2,999,1,-1.7,94.055,-39.8,0.72,4991.6,999.0,1,1.0,0.0,0.0,1,7,0.0,1,6,2,2
14279,43.0,23,999,0,1.4,94.465,-41.8,4.959,5228.1,999.0,0,0.0,0.0,1.0,2,8,0.0,4,6,1,1
14280,34.0,2,999,0,-0.1,93.2,-42.0,4.021,5195.8,999.0,0,1.0,0.0,0.0,1,7,0.0,3,11,1,1
14281,29.0,1,999,0,1.4,94.465,-41.8,4.958,5228.1,999.0,0,0.0,0.0,1.0,1,8,0.0,7,6,1,1
14282,48.0,1,999,0,-1.8,92.893,-46.2,1.327,5099.1,999.0,0,1.0,0.0,0.0,3,8,0.0,6,5,1,1
14283,26.0,5,999,0,1.4,93.918,-42.7,4.962,5228.1,999.0,0,1.0,1.0,0.0,2,5,0.0,6,7,1,1
14284,43.0,1,999,0,1.4,93.918,-42.7,4.962,5228.1,999.0,0,1.0,0.0,0.0,2,2,0.0,2,7,1,1
14285,26.0,3,999,0,-1.1,94.767,-50.8,1.04,4963.6,999.0,0,0.0,0.0,0.0,1,7,0.0,6,11,1,1
14286,31.0,1,999,0,1.4,94.465,-41.8,4.865,5228.1,999.0,0,1.0,1.0,1.0,1,7,0.0,6,6,2,1
14287,48.0,2,999,1,-1.8,92.893,-46.2,1.25,5099.1,999.0,4,1.0,0.0,0.0,2,4,0.0,4,5,1,2
14288,33.0,1,999,0,-1.8,93.075,-47.1,1.41,5099.1,999.0,0,1.0,0.0,0.0,1,7,0.0,6,4,1,1
14289,39.0,2,999,0,1.4,93.444,-36.1,4.962,5228.1,999.0,0,0.0,0.0,0.0,2,8,0.0,5,8,1,1
14290,22.0,2,999,0,1.4,93.918,-42.7,4.963,5228.1,999.0,0,0.0,0.0,0.0,2,8,0.0,4,7,1,1
14291,55.0,2,999,0,1.4,93.444,-36.1,4.963,5228.1,999.0,0,1.0,1.0,0.0,2,4,0.0,4,8,1,1
14292,24.0,1,999,0,1.4,93.918,-42.7,4.958,5228.1,999.0,0,1.0,0.0,0.0,1,4,0.0,9,7,1,1
14293,33.0,8,999,0,1.4,93.918,-42.7,4.958,5228.1,999.0,0,1.0,0.0,1.0,1,4,0.0,4,7,1,1
14294,52.0,7,999,1,-0.1,93.2,-42.0,4.021,5195.8,999.0,0,0.0,0.0,0.0,2,4,0.0,5,11,1,2
14295,31.0,1,999,0,-2.9,92.963,-40.8,1.262,5076.2,999.0,0,1.0,1.0,0.0,2,4,0.0,10,6,1,1
14296,51.0,2,999,0,1.1,93.994,-36.4,4.856,5191.0,999.0,0,0.0,0.0,1.0,2,7,0.0,6,5,1,1
14297,31.0,3,999,0,1.4,93.918,-42.7,4.96,5228.1,999.0,0,0.0,0.0,0.0,2,5,0.0,3,7,2,1
14298,31.0,2,999,0,1.4,93.918,-42.7,4.961,5228.1,999.0,0,0.0,1.0,0.0,1,8,0.0,6,7,1,1
14299,35.0,1,999,0,-1.8,93.075,-47.1,1.405,5099.1,999.0,0,1.0,0.0,0.0,2,5,0.0,9,4,1,1
14300,48.0,2,999,0,1.1,93.994,-36.4,4.856,5191.0,999.0,0,1.0,0.0,1.0,1,7,0.0,6,5,1,1
14301,31.0,2,999,1,-1.8,93.075,-47.1,1.405,5099.1,999.0,1,0.0,1.0,0.0,2,5,0.0,6,4,1,2
14302,31.0,2,999,0,-1.8,92.893,-46.2,1.334,5099.1,999.0,0,1.0,0.0,0.0,2,4,0.0,10,5,1,1
14303,31.0,2,999,0,-1.8,93.075,-47.1,1.423,5099.1,999.0,0,1.0,0.0,0.0,2,4,0.0,4,4,1,1
14304,33.0,5,999,0,-1.8,92.893,-46.2,1.281,5099.1,999.0,0,0.0,1.0,1.0,1,4,0.0,4,5,1,1
14305,51.0,1,999,0,-1.8,93.369,-34.8,0.655,5008.7,999.0,0,0.0,0.0,1.0,2,8,0.0,3,3,1,1
14306,31.0,4,999,0,1.4,94.465,-41.8,4.967,5228.1,999.0,0,0.0,0.0,1.0,3,7,0.0,6,6,1,1
14307,25.0,1,999,0,1.4,93.918,-42.7,4.958,5228.1,999.0,0,1.0,0.0,0.0,2,2,0.0,4,7,1,1
14308,31.0,1,999,0,-3.4,92.649,-30.1,0.714,5017.5,999.0,0,0.0,0.0,0.0,2,8,0.0,6,11,1,1
14309,45.0,14,999,0,1.4,93.444,-36.1,4.965,5228.1,999.0,0,0.0,0.0,0.0,2,2,0.0,2,8,2,1
14310,31.0,1,999,0,1.4,93.918,-42.7,4.957,5228.1,999.0,0,1.0,0.0,0.0,2,4,0.0,4,7,1,1
14311,30.0,2,999,0,-1.8,92.893,-46.2,1.327,5099.1,999.0,0,0.0,0.0,0.0,1,6,0.0,5,5,1,1
14312,38.0,3,999,0,1.4,93.918,-42.7,4.968,5228.1,999.0,0,1.0,0.0,1.0,2,3,0.0,6,7,1,1
14313,46.0,2,999,1,-1.8,93.075,-47.1,1.435,5099.1,999.0,1,0.0,0.0,0.0,1,4,0.0,5,4,1,2
14314,33.0,4,999,0,1.1,93.994,-36.4,4.858,5191.0,999.0,0,0.0,0.0,1.0,2,5,0.0,9,5,2,1
14315,31.0,1,999,0,1.1,93.994,-36.4,4.864,5191.0,999.0,0,0.0,0.0,1.0,2,8,0.0,9,5,1,1
14316,49.0,1,999,0,1.4,93.918,-42.7,4.957,5228.1,999.0,0,0.0,0.0,0.0,2,3,0.0,4,7,1,1
14317,31.0,3,999,0,1.4,94.465,-41.8,4.947,5228.1,999.0,0,0.0,0.0,1.0,2,2,0.0,2,6,2,1
14318,29.0,1,999,0,-1.8,93.075,-47.1,1.445,5099.1,999.0,0,1.0,1.0,0.0,2,7,0.0,6,4,1,1
14319,33.0,2,999,0,1.4,94.465,-41.8,4.961,5228.1,999.0,0,1.0,0.0,1.0,3,5,0.0,9,6,2,1
14320,31.0,2,999,0,-0.1,93.2,-42.0,4.021,5195.8,999.0,0,0.0,0.0,0.0,1,8,0.0,5,11,1,1
14321,42.0,2,999,0,1.4,93.918,-42.7,4.963,5228.1,999.0,0,0.0,0.0,0.0,1,5,0.0,5,7,1,1
14322,46.0,2,999,0,1.4,93.444,-36.1,4.966,5228.1,999.0,0,0.0,0.0,0.0,2,2,0.0,4,8,1,1
14323,29.0,1,999,0,-0.1,93.2,-42.0,4.12,5195.8,999.0,0,0.0,0.0,0.0,1,7,0.0,3,11,1,1
14324,47.0,2,999,0,-1.8,93.075,-47.1,1.41,5099.1,999.0,0,1.0,0.0,0.0,2,4,0.0,4,4,1,1
14325,47.0,5,999,0,1.4,93.918,-42.7,4.968,5228.1,999.0,0,0.0,1.0,1.0,2,5,0.0,6,7,1,1
14326,57.0,1,999,0,1.4,93.444,-36.1,4.964,5228.1,999.0,0,1.0,0.0,0.0,2,2,0.0,4,8,1,1
14327,46.0,2,999,0,1.1,93.994,-36.4,4.857,5191.0,999.0,0,1.0,0.0,1.0,2,3,0.0,4,5,1,1
14328,80.0,1,6,1,-2.9,92.201,-31.4,0.883,5076.2,0.2,2,1.0,1.0,0.0,2,1,0.0,8,8,1,3
14329,33.0,1,999,0,1.4,93.444,-36.1,4.962,5228.1,999.0,0,0.0,0.0,0.0,3,7,0.0,6,8,1,1
14330,36.0,3,999,0,-1.7,94.055,-39.8,0.729,4991.6,999.0,0,0.0,0.0,0.0,2,5,0.0,9,6,1,1
14331,48.0,1,999,0,1.1,93.994,-36.4,4.859,5191.0,999.0,0,0.0,1.0,1.0,2,8,0.0,5,5,1,1
14332,42.0,3,999,0,1.1,93.994,-36.4,4.856,5191.0,999.0,0,0.0,0.0,1.0,2,2,0.0,4,5,1,1
14333,42.0,1,999,0,1.1,93.994,-36.4,4.857,5191.0,999.0,0,1.0,0.0,1.0,2,7,0.0,3,5,2,1
14334,31.0,2,999,1,-1.8,92.893,-46.2,1.299,5099.1,999.0,1,0.0,0.0,1.0,2,5,0.0,9,5,2,2
14335,31.0,1,999,0,1.1,93.994,-36.4,4.858,5191.0,999.0,0,1.0,1.0,1.0,2,8,0.0,4,5,1,1
14336,31.0,1,999,0,1.1,93.994,-36.4,4.86,5191.0,999.0,0,1.0,0.0,1.0,1,5,0.0,6,5,1,1
14337,46.0,1,999,0,1.4,93.444,-36.1,4.968,5228.1,999.0,0,1.0,0.0,0.0,2,8,0.0,4,8,1,1
14338,31.0,1,999,0,1.4,93.918,-42.7,4.962,5228.1,999.0,0,1.0,0.0,0.0,3,4,0.0,4,7,1,1
14339,53.0,4,999,0,-1.8,93.075,-47.1,1.405,5099.1,999.0,0,1.0,0.0,0.0,2,5,0.0,9,4,2,1
14340,31.0,3,999,0,1.4,93.918,-42.7,4.96,5228.1,999.0,0,1.0,0.0,0.0,2,5,0.0,4,7,2,1
14341,29.0,2,999,0,-0.1,93.2,-42.0,4.021,5195.8,999.0,0,1.0,0.0,0.0,1,8,0.0,9,11,1,1
14342,56.0,4,999,0,1.4,93.444,-36.1,4.964,5228.1,999.0,0,0.0,1.0,0.0,2,2,0.0,8,8,1,1
14343,49.0,1,999,0,-1.8,93.075,-47.1,1.365,5099.1,999.0,0,0.0,0.0,0.0,3,7,0.0,6,4,1,1
14344,39.0,6,999,0,-1.7,94.027,-38.3,0.898,4991.6,999.0,0,1.0,0.0,0.0,1,5,0.0,9,8,1,1
14345,46.0,1,999,0,-0.1,93.2,-42.0,4.191,5195.8,999.0,0,1.0,0.0,0.0,2,2,0.0,7,11,2,1
14346,36.0,7,999,0,1.4,93.444,-36.1,4.965,5228.1,999.0,0,1.0,0.0,0.0,2,6,0.0,6,8,2,1
14347,30.0,1,3,1,-2.9,92.963,-40.8,1.268,5076.2,0.1,1,0.0,1.0,0.0,1,7,0.0,6,6,1,3
14348,48.0,2,999,0,1.1,93.994,-36.4,4.859,5191.0,999.0,0,1.0,0.0,1.0,2,4,0.0,4,5,1,1
14349,33.0,5,999,0,1.4,93.918,-42.7,4.968,5228.1,999.0,0,1.0,0.0,0.0,2,8,0.0,5,7,1,1
14350,49.0,2,999,0,1.1,93.994,-36.4,4.857,5191.0,999.0,0,0.0,0.0,1.0,2,6,0.0,5,5,1,1
14351,25.0,3,999,0,1.4,93.918,-42.7,4.968,5228.1,999.0,0,0.0,0.0,0.0,1,5,0.0,11,7,1,1
14352,32.0,2,999,0,-1.8,92.893,-46.2,1.291,5099.1,999.0,0,1.0,0.0,0.0,2,5,0.0,7,5,1,1
14353,32.0,3,999,0,1.1,93.994,-36.4,4.858,5191.0,999.0,0,0.0,0.0,1.0,2,4,0.0,4,5,1,1
14354,25.0,1,999,0,-1.8,93.075,-47.1,1.415,5099.1,999.0,0,1.0,1.0,0.0,1,8,0.0,11,4,1,1
14355,52.0,1,999,1,-1.8,92.893,-46.2,1.327,5099.1,999.0,1,1.0,0.0,0.0,2,8,0.0,7,5,1,2
14356,31.0,1,999,0,1.1,93.994,-36.4,4.857,5191.0,999.0,0,0.0,0.0,1.0,2,8,0.0,9,5,1,1
14357,30.0,1,999,0,1.4,94.465,-41.8,4.961,5228.1,999.0,0,0.0,1.0,1.0,3,4,0.0,4,6,1,1
14358,38.0,1,999,0,-0.1,93.2,-42.0,4.153,5195.8,999.0,0,1.0,0.0,0.0,1,5,0.0,6,11,1,1
14359,31.0,3,999,0,-3.4,92.379,-29.8,0.813,5017.5,999.0,0,1.0,1.0,1.0,2,6,0.0,6,9,1,1
14360,31.0,1,999,0,1.4,93.918,-42.7,4.962,5228.1,999.0,0,1.0,0.0,0.0,2,4,0.0,4,7,1,1
14361,50.0,1,999,0,1.4,93.918,-42.7,4.958,5228.1,999.0,0,0.0,0.0,0.0,2,2,0.0,7,7,1,1
14362,45.0,5,999,0,1.4,93.444,-36.1,4.963,5228.1,999.0,0,0.0,1.0,0.0,2,6,0.0,5,8,1,1
14363,34.0,2,999,0,1.1,93.994,-36.4,4.856,5191.0,999.0,0,0.0,0.0,1.0,2,6,0.0,7,5,1,1
14364,31.0,2,999,0,1.4,93.918,-42.7,4.963,5228.1,999.0,0,1.0,0.0,0.0,2,4,0.0,4,7,1,1
14365,39.0,2,999,0,1.1,93.994,-36.4,4.855,5191.0,999.0,0,1.0,0.0,1.0,2,8,0.0,10,5,1,1
14366,35.0,1,999,0,1.4,94.465,-41.8,4.865,5228.1,999.0,0,0.0,0.0,1.0,2,5,0.0,4,6,1,1
14367,31.0,3,999,0,1.4,93.444,-36.1,4.964,5228.1,999.0,0,1.0,0.0,0.0,1,7,0.0,6,8,1,1
14368,48.0,3,999,0,1.4,94.465,-41.8,4.866,5228.1,999.0,0,1.0,0.0,1.0,3,2,0.0,4,6,1,1
14369,31.0,1,999,0,1.1,93.994,-36.4,4.856,5191.0,999.0,0,0.0,0.0,1.0,2,8,0.0,6,5,1,1
14370,24.0,2,999,0,1.4,94.465,-41.8,4.865,5228.1,999.0,0,1.0,0.0,1.0,1,5,0.0,9,6,1,1
14371,42.0,2,999,0,1.1,93.994,-36.4,4.857,5191.0,999.0,0,1.0,1.0,1.0,2,4,0.0,4,5,2,1
14372,31.0,16,999,0,1.4,93.918,-42.7,4.961,5228.1,999.0,0,0.0,0.0,0.0,2,8,0.0,2,7,1,1
14373,31.0,2,8,2,-3.4,92.649,-30.1,0.715,5017.5,0.266666666667,6,0.0,0.0,0.0,1,8,0.0,4,11,1,2
14374,37.0,1,999,1,-1.8,92.893,-46.2,1.244,5099.1,999.0,0,1.0,0.0,0.0,2,6,0.0,4,5,2,2
14375,29.0,1,999,1,-3.4,92.431,-26.9,0.728,5017.5,999.0,3,0.0,0.0,0.0,2,5,0.0,9,10,1,2
14376,46.0,2,999,0,1.4,94.465,-41.8,4.967,5228.1,999.0,0,1.0,0.0,1.0,2,6,0.0,1,6,1,1
14377,53.0,2,999,0,1.4,93.918,-42.7,4.962,5228.1,999.0,0,1.0,1.0,0.0,2,7,0.0,6,7,1,1
14378,31.0,2,999,0,-3.4,92.431,-26.9,0.722,5017.5,999.0,0,0.0,0.0,0.0,2,8,0.0,8,10,1,1
14379,30.0,3,999,0,1.1,93.994,-36.4,4.864,5191.0,999.0,0,1.0,0.0,1.0,2,7,0.0,6,5,1,1
14380,56.0,1,999,0,1.4,94.465,-41.8,4.961,5228.1,999.0,0,1.0,1.0,1.0,2,8,0.0,7,6,1,1
14381,31.0,12,999,0,1.4,94.465,-41.8,4.96,5228.1,999.0,0,1.0,0.0,1.0,1,4,0.0,4,6,2,1
14382,31.0,2,999,0,1.4,93.444,-36.1,4.963,5228.1,999.0,0,0.0,0.0,1.0,2,6,0.0,5,8,1,1
14383,46.0,20,999,0,1.4,93.918,-42.7,4.96,5228.1,999.0,0,1.0,0.0,0.0,2,8,0.0,2,7,2,1
14384,27.0,1,999,0,-1.7,94.027,-38.3,0.9,4991.6,999.0,0,1.0,0.0,0.0,1,8,0.0,11,8,1,1
14385,37.0,2,999,0,1.4,94.465,-41.8,4.959,5228.1,999.0,0,1.0,1.0,1.0,2,5,0.0,9,6,1,1
14386,31.0,3,999,1,-0.1,93.2,-42.0,4.12,5195.8,999.0,4,1.0,0.0,0.0,3,5,0.0,9,11,1,2
14387,36.0,2,999,0,-2.9,92.963,-40.8,1.281,5076.2,999.0,0,0.0,0.0,0.0,2,8,0.0,3,6,2,1
14388,31.0,1,999,0,1.4,94.465,-41.8,4.864,5228.1,999.0,0,0.0,0.0,1.0,2,5,0.0,4,6,1,1
14389,33.0,1,999,0,1.4,93.918,-42.7,4.957,5228.1,999.0,0,0.0,0.0,0.0,2,7,0.0,6,7,1,1
14390,46.0,3,999,0,1.4,93.444,-36.1,4.965,5228.1,999.0,0,0.0,0.0,0.0,2,2,0.0,4,8,2,1
14391,36.0,3,999,0,1.4,93.444,-36.1,4.966,5228.1,999.0,0,1.0,1.0,0.0,1,6,0.0,5,8,1,1
14392,31.0,1,999,1,-1.1,94.199,-37.5,0.879,4963.6,999.0,2,0.0,0.0,1.0,2,6,0.0,9,9,2,2
14393,41.0,5,5,1,-0.1,93.2,-42.0,4.021,5195.8,0.166666666667,1,1.0,0.0,0.0,2,6,0.0,5,11,1,3
14394,27.0,5,999,0,1.1,93.994,-36.4,4.857,5191.0,999.0,0,1.0,0.0,1.0,2,2,0.0,4,5,2,1
14395,35.0,1,999,1,-1.8,92.893,-46.2,1.291,5099.1,999.0,1,1.0,0.0,0.0,2,5,0.0,4,5,1,2
14396,54.0,16,999,0,1.4,94.465,-41.8,4.962,5228.1,999.0,0,0.0,0.0,1.0,2,5,0.0,10,6,1,1
14397,52.0,4,999,0,1.4,93.444,-36.1,4.966,5228.1,999.0,0,1.0,0.0,0.0,2,2,0.0,9,8,1,1
14398,34.0,1,999,0,-1.8,92.893,-46.2,1.334,5099.1,999.0,0,0.0,0.0,0.0,2,4,0.0,4,5,1,1
14399,43.0,2,999,0,1.4,93.918,-42.7,4.963,5228.1,999.0,0,0.0,0.0,0.0,3,4,0.0,5,7,1,1
14400,32.0,1,999,2,-1.8,93.075,-47.1,1.405,5099.1,999.0,2,1.0,1.0,1.0,2,5,0.0,6,4,1,2
14401,34.0,1,999,0,-2.9,92.201,-31.4,0.859,5076.2,999.0,0,1.0,0.0,0.0,2,7,0.0,6,8,1,1
14402,37.0,1,999,0,-1.8,93.075,-47.1,1.41,5099.1,999.0,0,1.0,0.0,0.0,3,6,0.0,5,4,1,1
14403,42.0,1,999,1,-1.8,93.075,-47.1,1.453,5099.1,999.0,1,0.0,0.0,0.0,3,8,0.0,5,4,1,2
14404,48.0,5,999,0,1.4,94.465,-41.8,4.864,5228.1,999.0,0,0.0,1.0,1.0,1,5,0.0,9,6,1,1
14405,56.0,6,999,0,-0.1,93.2,-42.0,4.153,5195.8,999.0,0,1.0,0.0,0.0,1,6,0.0,5,11,1,1
14406,42.0,2,999,0,1.1,93.994,-36.4,4.864,5191.0,999.0,0,1.0,0.0,1.0,2,8,0.0,9,5,1,1
14407,54.0,1,999,0,-1.8,92.893,-46.2,1.291,5099.1,999.0,0,1.0,0.0,0.0,3,6,0.0,3,5,1,1
14408,32.0,2,999,1,-1.8,93.075,-47.1,1.415,5099.1,999.0,2,1.0,0.0,1.0,1,7,0.0,10,4,1,2
14409,31.0,4,999,0,-0.1,93.2,-42.0,4.076,5195.8,999.0,0,0.0,0.0,0.0,2,3,0.0,4,11,1,1
14410,55.0,4,999,0,1.4,93.444,-36.1,4.963,5228.1,999.0,0,1.0,1.0,0.0,2,6,0.0,5,8,2,1
14411,31.0,3,999,0,1.1,93.994,-36.4,4.86,5191.0,999.0,0,1.0,1.0,1.0,2,8,0.0,7,5,1,1
14412,31.0,1,999,0,1.4,94.465,-41.8,4.961,5228.1,999.0,0,1.0,0.0,1.0,2,3,0.0,4,6,2,1
14413,31.0,1,999,0,-2.9,92.201,-31.4,0.884,5076.2,999.0,0,1.0,1.0,0.0,2,6,0.0,8,8,2,1
14414,55.0,1,999,0,1.4,93.918,-42.7,4.962,5228.1,999.0,0,0.0,0.0,0.0,3,8,0.0,5,7,1,1
14415,31.0,1,999,0,-0.1,93.2,-42.0,4.12,5195.8,999.0,0,1.0,0.0,0.0,2,7,0.0,6,11,1,1
14416,49.0,1,999,1,-1.8,93.075,-47.1,1.365,5099.1,999.0,1,1.0,0.0,0.0,2,7,0.0,3,4,1,2
14417,62.0,2,999,0,-2.9,92.201,-31.4,0.873,5076.2,999.0,0,0.0,0.0,0.0,2,7,0.0,8,8,1,1
14418,33.0,1,999,0,-1.1,94.199,-37.5,0.879,4963.6,999.0,0,0.0,0.0,0.0,2,8,0.0,5,9,1,1
14419,35.0,3,999,0,1.1,93.994,-36.4,4.856,5191.0,999.0,0,1.0,0.0,1.0,1,8,0.0,4,5,1,1
14420,42.0,1,999,0,1.4,93.444,-36.1,4.964,5228.1,999.0,0,1.0,1.0,0.0,2,5,0.0,9,8,1,1
14421,31.0,1,999,0,1.4,93.918,-42.7,4.963,5228.1,999.0,0,0.0,0.0,1.0,2,7,0.0,7,7,1,1
14422,29.0,2,999,0,1.4,93.918,-42.7,4.96,5228.1,999.0,0,0.0,0.0,0.0,1,7,0.0,9,7,2,1
14423,47.0,1,999,0,1.1,93.994,-36.4,4.857,5191.0,999.0,0,1.0,0.0,1.0,3,8,0.0,9,5,1,1
14424,34.0,2,999,0,1.1,93.994,-36.4,4.857,5191.0,999.0,0,0.0,1.0,1.0,2,3,0.0,4,5,1,1
14425,41.0,1,999,0,1.4,94.465,-41.8,4.947,5228.1,999.0,0,0.0,0.0,1.0,2,3,0.0,4,6,2,1
14426,39.0,1,999,0,1.1,93.994,-36.4,4.857,5191.0,999.0,0,0.0,0.0,1.0,2,8,0.0,4,5,1,1
14427,46.0,3,999,0,1.4,93.918,-42.7,4.96,5228.1,999.0,0,1.0,0.0,0.0,2,4,0.0,10,7,2,1
14428,31.0,1,999,1,-1.8,92.893,-46.2,1.354,5099.1,999.0,3,1.0,1.0,0.0,1,5,0.0,6,5,2,2
14429,31.0,1,999,0,1.4,93.444,-36.1,4.966,5228.1,999.0,0,1.0,1.0,0.0,1,6,0.0,2,8,1,1
14430,40.0,1,999,0,-1.8,92.893,-46.2,1.344,5099.1,999.0,0,1.0,0.0,0.0,2,5,0.0,5,5,1,1
14431,45.0,3,999,0,1.4,94.465,-41.8,4.958,5228.1,999.0,0,1.0,0.0,1.0,3,4,0.0,4,6,1,1
14432,47.0,10,999,0,1.4,93.918,-42.7,4.96,5228.1,999.0,0,0.0,0.0,0.0,2,6,0.0,5,7,2,1
14433,28.0,2,999,0,1.4,93.918,-42.7,4.968,5228.1,999.0,0,0.0,0.0,0.0,1,7,0.0,6,7,1,1
14434,26.0,1,999,0,-1.8,92.893,-46.2,1.327,5099.1,999.0,0,1.0,0.0,0.0,1,7,0.0,9,5,1,1
14435,56.0,3,999,0,1.4,93.918,-42.7,4.962,5228.1,999.0,0,1.0,1.0,0.0,3,4,0.0,4,7,2,1
14436,41.0,2,999,0,1.4,93.444,-36.1,4.964,5228.1,999.0,0,0.0,1.0,0.0,2,6,0.0,5,8,1,1
14437,59.0,1,999,0,1.1,93.994,-36.4,4.86,5191.0,999.0,0,1.0,0.0,1.0,2,5,0.0,6,5,1,1
14438,45.0,2,999,0,1.4,93.918,-42.7,4.962,5228.1,999.0,0,1.0,0.0,0.0,2,8,0.0,6,7,1,1
14439,26.0,3,999,0,1.1,93.994,-36.4,4.857,5191.0,999.0,0,1.0,0.0,1.0,1,7,0.0,6,5,2,1
14440,45.0,2,999,0,1.4,94.465,-41.8,4.961,5228.1,999.0,0,1.0,0.0,1.0,1,8,0.0,3,6,1,1
14441,31.0,2,999,0,-1.8,92.893,-46.2,1.25,5099.1,999.0,0,0.0,0.0,0.0,1,8,0.0,6,5,1,1
14442,60.0,2,999,0,-3.4,92.431,-26.9,0.724,5017.5,999.0,0,1.0,0.0,0.0,2,8,0.0,3,10,1,1
14443,26.0,8,999,0,1.4,93.918,-42.7,4.963,5228.1,999.0,0,1.0,0.0,0.0,1,7,0.0,9,7,1,1
14444,55.0,1,999,0,-0.1,93.2,-42.0,4.021,5195.8,999.0,0,0.0,0.0,0.0,2,5,0.0,8,11,1,1
14445,31.0,1,999,0,1.4,93.918,-42.7,4.963,5228.1,999.0,0,1.0,0.0,0.0,1,5,0.0,4,7,1,1
14446,44.0,2,999,1,-1.8,92.893,-46.2,1.25,5099.1,999.0,3,1.0,0.0,0.0,2,8,0.0,4,5,1,2
14447,25.0,8,999,0,-1.8,92.893,-46.2,1.313,5099.1,999.0,0,0.0,0.0,1.0,1,5,0.0,6,5,1,1
14448,56.0,3,999,0,1.1,93.994,-36.4,4.857,5191.0,999.0,0,0.0,0.0,1.0,2,5,0.0,9,5,1,1
14449,35.0,2,999,0,-0.1,93.2,-42.0,4.076,5195.8,999.0,0,0.0,0.0,0.0,2,8,0.0,6,11,1,1
14450,53.0,4,999,0,1.4,93.444,-36.1,4.965,5228.1,999.0,0,0.0,0.0,0.0,2,7,0.0,3,8,2,1
14451,31.0,1,999,0,1.4,94.465,-41.8,4.865,5228.1,999.0,0,1.0,1.0,1.0,3,7,0.0,3,6,1,1
14452,31.0,2,999,0,-0.1,93.2,-42.0,4.153,5195.8,999.0,0,1.0,0.0,0.0,3,8,0.0,6,11,1,1
14453,27.0,2,999,0,-1.7,94.055,-39.8,0.761,4991.6,999.0,0,0.0,0.0,0.0,1,5,0.0,6,6,1,1
14454,34.0,1,999,0,1.4,93.444,-36.1,4.965,5228.1,999.0,0,1.0,0.0,0.0,1,8,0.0,6,8,2,1
14455,30.0,1,999,0,1.4,93.444,-36.1,4.966,5228.1,999.0,0,1.0,0.0,0.0,1,6,0.0,5,8,1,1
14456,31.0,3,999,0,1.4,93.918,-42.7,4.961,5228.1,999.0,0,0.0,0.0,0.0,1,8,0.0,9,7,1,1
14457,43.0,2,999,0,1.1,93.994,-36.4,4.857,5191.0,999.0,0,0.0,0.0,1.0,2,5,0.0,9,5,2,1
14458,54.0,1,999,0,-1.8,93.075,-47.1,1.435,5099.1,999.0,0,1.0,0.0,0.0,2,4,0.0,1,4,1,1
14459,35.0,2,999,1,-0.1,93.2,-42.0,4.191,5195.8,999.0,1,1.0,0.0,0.0,2,8,0.0,4,11,2,2
14460,31.0,1,999,0,1.4,93.918,-42.7,4.957,5228.1,999.0,0,1.0,0.0,0.0,3,6,0.0,5,7,1,1
14461,46.0,2,999,0,1.4,93.918,-42.7,4.962,5228.1,999.0,0,0.0,0.0,0.0,2,7,0.0,3,7,2,1
14462,31.0,5,999,0,1.1,93.994,-36.4,4.86,5191.0,999.0,0,1.0,0.0,1.0,2,2,0.0,4,5,1,1
14463,36.0,1,999,0,1.4,93.444,-36.1,4.966,5228.1,999.0,0,0.0,0.0,0.0,2,8,0.0,6,8,1,1
14464,39.0,24,999,0,1.4,94.465,-41.8,4.967,5228.1,999.0,0,1.0,0.0,1.0,2,7,0.0,3,6,1,1
14465,32.0,2,999,0,-0.1,93.2,-42.0,4.076,5195.8,999.0,0,1.0,0.0,0.0,2,5,0.0,9,11,1,1
14466,31.0,1,999,0,-2.9,92.469,-33.6,1.044,5076.2,999.0,0,0.0,0.0,0.0,1,8,0.0,11,7,1,1
14467,40.0,1,999,0,1.4,93.918,-42.7,4.963,5228.1,999.0,0,1.0,0.0,0.0,2,2,0.0,9,7,1,1
14468,47.0,2,999,0,1.4,93.918,-42.7,4.957,5228.1,999.0,0,1.0,0.0,0.0,1,8,0.0,4,7,1,1
14469,32.0,1,999,1,-1.7,94.055,-39.8,0.761,4991.6,999.0,4,1.0,0.0,1.0,2,8,0.0,4,6,1,2
14470,38.0,1,999,1,-1.8,92.893,-46.2,1.281,5099.1,999.0,1,1.0,1.0,0.0,2,8,0.0,6,5,1,2
14471,43.0,2,999,0,1.4,93.444,-36.1,4.964,5228.1,999.0,0,0.0,0.0,0.0,2,8,0.0,3,8,1,1
14472,31.0,3,7,3,-1.8,93.876,-40.0,0.697,5008.7,0.233333333333,3,0.0,0.0,0.0,3,7,0.0,5,5,1,3
14473,32.0,1,999,0,-0.1,93.2,-42.0,4.12,5195.8,999.0,0,0.0,0.0,0.0,3,7,0.0,3,11,1,1
14474,33.0,1,999,0,-2.9,92.201,-31.4,0.879,5076.2,999.0,0,0.0,0.0,0.0,1,8,0.0,6,8,1,1
14475,58.0,1,999,2,-1.1,94.767,-50.8,1.046,4963.6,999.0,2,1.0,0.0,0.0,2,8,0.0,6,11,1,2
14476,31.0,1,999,0,1.4,94.465,-41.8,4.866,5228.1,999.0,0,1.0,0.0,1.0,2,2,0.0,2,6,1,1
14477,31.0,2,999,0,-0.1,93.2,-42.0,4.12,5195.8,999.0,0,1.0,0.0,0.0,1,8,0.0,5,11,1,1
14478,36.0,2,999,0,1.4,93.918,-42.7,4.962,5228.1,999.0,0,0.0,0.0,1.0,1,8,0.0,6,7,1,1
14479,51.0,5,999,0,1.4,93.918,-42.7,4.962,5228.1,999.0,0,0.0,0.0,1.0,1,7,0.0,6,7,1,1
14480,31.0,1,999,0,-1.8,92.893,-46.2,1.334,5099.1,999.0,0,1.0,1.0,0.0,2,8,0.0,4,5,1,1
14481,52.0,2,999,0,1.4,93.444,-36.1,4.97,5228.1,999.0,0,0.0,0.0,0.0,2,8,0.0,3,8,2,1
14482,26.0,1,999,0,-2.9,92.201,-31.4,0.861,5076.2,999.0,0,1.0,1.0,0.0,1,7,0.0,6,8,2,1
14483,44.0,1,999,0,1.4,93.918,-42.7,4.963,5228.1,999.0,0,0.0,0.0,0.0,2,6,0.0,5,7,1,1
14484,35.0,2,999,0,1.4,93.918,-42.7,4.958,5228.1,999.0,0,0.0,1.0,0.0,2,6,0.0,5,7,1,1
14485,30.0,1,999,0,1.1,93.994,-36.4,4.857,5191.0,999.0,0,0.0,0.0,1.0,2,5,0.0,6,5,2,1
14486,41.0,1,999,0,1.1,93.994,-36.4,4.864,5191.0,999.0,0,1.0,0.0,1.0,2,6,0.0,6,5,1,1
14487,29.0,1,999,0,1.4,93.444,-36.1,4.965,5228.1,999.0,0,1.0,0.0,0.0,2,7,0.0,5,8,2,1
14488,31.0,1,999,0,-1.8,92.893,-46.2,1.299,5099.1,999.0,0,1.0,0.0,0.0,3,5,0.0,9,5,2,1
14489,43.0,1,999,0,-0.1,93.2,-42.0,4.153,5195.8,999.0,0,0.0,0.0,0.0,2,4,0.0,4,11,1,1
14490,47.0,1,999,0,1.4,93.444,-36.1,4.964,5228.1,999.0,0,1.0,1.0,0.0,2,8,0.0,6,8,1,1
14491,31.0,2,999,0,1.1,93.994,-36.4,4.857,5191.0,999.0,0,0.0,0.0,1.0,2,2,0.0,5,5,1,1
14492,31.0,10,999,0,1.4,93.444,-36.1,4.965,5228.1,999.0,0,1.0,0.0,0.0,2,6,0.0,5,8,2,1
14493,51.0,1,999,0,1.4,94.465,-41.8,4.967,5228.1,999.0,0,1.0,0.0,1.0,2,8,0.0,4,6,1,1
14494,24.0,1,999,0,1.4,93.918,-42.7,4.963,5228.1,999.0,0,1.0,0.0,0.0,1,4,0.0,5,7,1,1
14495,40.0,2,999,0,1.1,93.994,-36.4,4.855,5191.0,999.0,0,1.0,0.0,1.0,2,8,0.0,3,5,1,1
14496,31.0,2,999,0,1.1,93.994,-36.4,4.856,5191.0,999.0,0,1.0,0.0,1.0,2,5,0.0,6,5,1,1
14497,31.0,1,999,0,1.4,93.918,-42.7,4.96,5228.1,999.0,0,0.0,0.0,0.0,1,8,0.0,6,7,2,1
14498,25.0,1,999,0,1.1,93.994,-36.4,4.855,5191.0,999.0,0,0.0,0.0,1.0,1,8,0.0,11,5,1,1
14499,36.0,1,999,1,-1.8,92.893,-46.2,1.327,5099.1,999.0,1,1.0,0.0,0.0,2,8,0.0,4,5,1,2
14500,31.0,3,999,0,1.4,93.918,-42.7,4.963,5228.1,999.0,0,0.0,1.0,0.0,2,5,0.0,11,7,1,1
14501,37.0,1,999,0,1.1,93.994,-36.4,4.856,5191.0,999.0,0,1.0,0.0,1.0,2,8,0.0,9,5,1,1
14502,30.0,1,999,0,-1.8,93.369,-34.8,0.635,5008.7,999.0,0,1.0,0.0,0.0,1,8,0.0,11,3,1,1
14503,35.0,5,999,0,-1.8,92.893,-46.2,1.299,5099.1,999.0,0,0.0,0.0,0.0,2,2,0.0,4,5,2,1
14504,42.0,1,999,0,1.4,93.918,-42.7,4.957,5228.1,999.0,0,0.0,0.0,0.0,2,7,0.0,6,7,1,1
14505,48.0,3,999,0,-0.1,93.2,-42.0,4.12,5195.8,999.0,0,0.0,0.0,0.0,2,5,0.0,9,11,1,1
14506,31.0,7,999,0,1.4,93.918,-42.7,4.957,5228.1,999.0,0,0.0,0.0,0.0,3,8,0.0,4,7,1,1
14507,38.0,6,999,0,1.4,94.465,-41.8,4.96,5228.1,999.0,0,1.0,0.0,1.0,1,3,0.0,4,6,2,1
14508,30.0,2,999,0,-0.1,93.2,-42.0,4.076,5195.8,999.0,0,0.0,0.0,0.0,1,8,0.0,3,11,1,1
14509,31.0,3,999,0,1.4,93.444,-36.1,4.964,5228.1,999.0,0,0.0,1.0,0.0,2,2,0.0,4,8,1,1
14510,26.0,1,999,0,-1.8,92.893,-46.2,1.327,5099.1,999.0,0,1.0,0.0,0.0,1,6,0.0,5,5,1,1
14511,36.0,17,999,0,1.4,93.918,-42.7,4.962,5228.1,999.0,0,0.0,0.0,0.0,1,5,0.0,9,7,1,1
14512,40.0,2,999,0,-0.1,93.2,-42.0,4.153,5195.8,999.0,0,0.0,0.0,0.0,3,7,0.0,6,11,1,1
14513,31.0,1,999,0,-1.8,92.893,-46.2,1.327,5099.1,999.0,0,0.0,0.0,0.0,2,4,0.0,6,5,1,1
14514,48.0,1,999,0,1.4,94.465,-41.8,4.865,5228.1,999.0,0,1.0,0.0,1.0,2,8,0.0,4,6,2,1
14515,31.0,1,999,0,-2.9,92.963,-40.8,1.266,5076.2,999.0,0,0.0,0.0,0.0,2,8,0.0,9,6,2,1
14516,31.0,3,999,0,1.4,93.918,-42.7,4.962,5228.1,999.0,0,0.0,0.0,0.0,2,6,0.0,10,7,1,1
14517,48.0,2,999,0,1.1,93.994,-36.4,4.856,5191.0,999.0,0,0.0,0.0,1.0,3,7,0.0,3,5,1,1
14518,35.0,1,999,0,-0.1,93.2,-42.0,4.076,5195.8,999.0,0,0.0,0.0,0.0,4,7,0.0,1,11,1,1
14519,29.0,1,999,0,1.4,93.918,-42.7,4.963,5228.1,999.0,0,0.0,0.0,0.0,2,7,0.0,6,7,1,1
14520,50.0,4,999,0,-0.1,93.2,-42.0,4.153,5195.8,999.0,0,0.0,0.0,1.0,2,8,0.0,6,11,1,1
14521,46.0,2,999,0,-0.1,93.2,-42.0,4.076,5195.8,999.0,0,1.0,0.0,0.0,3,6,0.0,5,11,1,1
14522,29.0,1,999,0,1.1,93.994,-36.4,4.859,5191.0,999.0,0,0.0,0.0,1.0,1,7,0.0,6,5,1,1
14523,31.0,11,999,0,-1.8,92.893,-46.2,1.25,5099.1,999.0,0,0.0,0.0,0.0,1,5,0.0,10,5,1,1
14524,57.0,1,999,0,1.1,93.994,-36.4,4.857,5191.0,999.0,0,0.0,0.0,1.0,2,2,0.0,5,5,1,1
14525,34.0,3,999,0,1.1,93.994,-36.4,4.857,5191.0,999.0,0,0.0,0.0,1.0,1,5,0.0,6,5,1,1
14526,50.0,4,999,0,1.1,93.994,-36.4,4.857,5191.0,999.0,0,0.0,0.0,1.0,2,4,0.0,3,5,2,1
14527,44.0,1,999,1,-1.8,93.075,-47.1,1.479,5099.1,999.0,3,0.0,0.0,0.0,3,7,0.0,3,4,1,2
14528,50.0,2,999,0,1.1,93.994,-36.4,4.855,5191.0,999.0,0,1.0,0.0,1.0,2,4,0.0,4,5,1,1
14529,33.0,2,999,0,1.4,93.918,-42.7,4.962,5228.1,999.0,0,1.0,0.0,0.0,1,5,0.0,9,7,1,1
14530,20.0,4,999,0,-1.8,92.893,-46.2,1.25,5099.1,999.0,0,1.0,0.0,1.0,1,4,0.0,4,5,1,1
14531,58.0,1,999,0,1.4,94.465,-41.8,4.865,5228.1,999.0,0,0.0,0.0,1.0,2,3,0.0,4,6,2,1
14532,31.0,2,999,0,-1.8,92.893,-46.2,1.25,5099.1,999.0,0,0.0,0.0,0.0,2,3,0.0,4,5,1,1
14533,64.0,3,999,0,-2.9,92.963,-40.8,1.26,5076.2,999.0,0,1.0,0.0,0.0,2,8,0.0,8,6,2,1
14534,53.0,3,999,0,-2.9,92.963,-40.8,1.281,5076.2,999.0,0,1.0,0.0,0.0,1,2,0.0,8,6,2,1
14535,36.0,3,999,0,1.1,93.994,-36.4,4.857,5191.0,999.0,0,1.0,0.0,1.0,2,2,0.0,4,5,1,1
14536,22.0,1,999,0,-1.8,93.876,-40.0,0.697,5008.7,999.0,0,1.0,0.0,0.0,1,5,0.0,11,5,1,1
14537,31.0,1,999,0,1.4,93.918,-42.7,4.962,5228.1,999.0,0,0.0,0.0,1.0,1,7,0.0,5,7,1,1
14538,41.0,2,999,0,1.4,93.918,-42.7,4.962,5228.1,999.0,0,1.0,1.0,0.0,2,5,0.0,9,7,2,1
14539,37.0,2,999,0,-2.9,92.469,-33.6,1.048,5076.2,999.0,0,1.0,0.0,0.0,2,7,0.0,6,7,2,1
14540,31.0,4,999,2,-1.8,92.893,-46.2,1.354,5099.1,999.0,2,0.0,1.0,0.0,2,5,0.0,1,5,2,2
14541,47.0,2,999,1,-0.1,93.2,-42.0,4.153,5195.8,999.0,1,0.0,0.0,0.0,3,7,0.0,7,11,1,2
14542,36.0,3,999,0,-0.1,93.2,-42.0,4.021,5195.8,999.0,0,1.0,0.0,0.0,3,8,0.0,7,11,1,1
14543,31.0,1,999,0,-0.1,93.2,-42.0,4.12,5195.8,999.0,0,0.0,0.0,0.0,2,7,0.0,1,11,1,1
14544,54.0,3,999,0,1.4,94.465,-41.8,4.958,5228.1,999.0,0,1.0,0.0,1.0,3,8,0.0,4,6,1,1
14545,31.0,3,999,0,1.1,93.994,-36.4,4.857,5191.0,999.0,0,1.0,0.0,1.0,2,3,0.0,7,5,1,1
14546,31.0,1,999,0,1.4,93.918,-42.7,4.962,5228.1,999.0,0,0.0,1.0,0.0,2,8,0.0,6,7,1,1
14547,31.0,5,999,0,1.4,93.444,-36.1,4.966,5228.1,999.0,0,0.0,1.0,0.0,1,6,0.0,5,8,1,1
14548,30.0,1,999,0,-1.8,92.893,-46.2,1.299,5099.1,999.0,0,0.0,0.0,0.0,1,5,0.0,6,5,2,1
14549,34.0,1,999,0,-1.8,92.893,-46.2,1.344,5099.1,999.0,0,1.0,0.0,1.0,2,8,0.0,4,5,1,1
14550,28.0,1,999,0,-3.4,92.379,-29.8,0.797,5017.5,999.0,0,1.0,0.0,0.0,1,7,0.0,9,9,2,1
14551,31.0,2,999,0,1.1,93.994,-36.4,4.857,5191.0,999.0,0,0.0,0.0,1.0,1,7,0.0,6,5,1,1
14552,31.0,1,999,0,-0.1,93.2,-42.0,4.191,5195.8,999.0,0,1.0,0.0,0.0,2,8,0.0,6,11,2,1
14553,29.0,2,999,0,-2.9,92.963,-40.8,1.268,5076.2,999.0,0,0.0,1.0,0.0,2,7,0.0,9,6,1,1
14554,41.0,13,999,0,1.4,93.918,-42.7,4.961,5228.1,999.0,0,0.0,0.0,0.0,1,8,0.0,9,7,1,1
14555,31.0,2,999,1,-1.8,93.075,-47.1,1.405,5099.1,999.0,2,1.0,0.0,0.0,2,7,0.0,7,4,1,2
14556,31.0,14,999,0,1.1,93.994,-36.4,4.858,5191.0,999.0,0,1.0,0.0,1.0,2,5,0.0,5,5,1,1
14557,30.0,3,999,0,1.4,93.918,-42.7,4.963,5228.1,999.0,0,1.0,1.0,0.0,1,5,0.0,9,7,1,1
14558,51.0,2,999,0,-3.0,92.713,-33.0,0.714,5023.5,999.0,0,0.0,0.0,0.0,3,5,0.0,10,12,1,1
14559,35.0,1,999,3,-2.9,92.201,-31.4,0.883,5076.2,999.0,6,0.0,1.0,0.0,2,7,0.0,6,8,1,2
14560,31.0,2,999,0,-1.8,92.893,-46.2,1.313,5099.1,999.0,0,1.0,0.0,0.0,2,8,0.0,4,5,1,1
14561,35.0,2,999,1,-1.8,92.893,-46.2,1.299,5099.1,999.0,0,1.0,1.0,1.0,3,5,0.0,6,5,2,2
14562,31.0,2,999,0,-1.8,93.075,-47.1,1.365,5099.1,999.0,0,0.0,0.0,0.0,2,6,0.0,5,4,1,1
14563,36.0,1,999,0,-1.8,92.893,-46.2,1.281,5099.1,999.0,0,1.0,0.0,0.0,1,6,0.0,9,5,1,1
14564,39.0,5,999,0,1.4,93.918,-42.7,4.962,5228.1,999.0,0,1.0,0.0,0.0,3,5,0.0,6,7,2,1
14565,31.0,1,999,0,1.1,93.994,-36.4,4.86,5191.0,999.0,0,1.0,0.0,1.0,2,8,0.0,4,5,1,1
14566,40.0,4,999,0,1.4,93.918,-42.7,4.963,5228.1,999.0,0,0.0,0.0,0.0,2,8,0.0,7,7,1,1
14567,31.0,1,999,0,-1.7,94.055,-39.8,0.711,4991.6,999.0,0,0.0,1.0,1.0,1,5,0.0,9,6,2,1
14568,31.0,1,999,0,-1.8,93.075,-47.1,1.405,5099.1,999.0,0,1.0,0.0,0.0,3,5,0.0,9,4,2,1
14569,31.0,17,999,0,1.4,94.465,-41.8,4.866,5228.1,999.0,0,0.0,0.0,1.0,2,8,0.0,9,6,1,1
14570,31.0,3,999,0,1.1,93.994,-36.4,4.857,5191.0,999.0,0,1.0,0.0,1.0,2,7,0.0,5,5,2,1
14571,31.0,1,999,0,-1.8,92.893,-46.2,1.344,5099.1,999.0,0,1.0,0.0,0.0,2,8,0.0,4,5,1,1
14572,34.0,1,999,0,-1.8,92.893,-46.2,1.334,5099.1,999.0,0,0.0,1.0,0.0,2,8,0.0,6,5,1,1
14573,34.0,2,999,0,1.1,93.994,-36.4,4.857,5191.0,999.0,0,1.0,0.0,1.0,2,5,0.0,9,5,2,1
14574,40.0,1,999,1,-1.8,92.893,-46.2,1.244,5099.1,999.0,2,1.0,0.0,0.0,1,8,0.0,6,5,1,2
14575,28.0,2,999,0,-1.8,92.893,-46.2,1.291,5099.1,999.0,0,1.0,0.0,0.0,1,8,0.0,3,5,1,1
14576,51.0,2,999,0,-0.1,93.2,-42.0,4.153,5195.8,999.0,0,1.0,0.0,0.0,2,7,0.0,6,11,1,1
14577,32.0,1,999,0,1.4,94.465,-41.8,4.864,5228.1,999.0,0,1.0,1.0,1.0,1,7,0.0,6,6,1,1
14578,32.0,2,999,0,1.1,93.994,-36.4,4.864,5191.0,999.0,0,1.0,1.0,1.0,1,8,0.0,10,5,1,1
14579,30.0,1,999,0,1.1,93.994,-36.4,4.857,5191.0,999.0,0,0.0,0.0,1.0,2,8,0.0,4,5,1,1
14580,31.0,1,999,1,-1.8,92.893,-46.2,1.327,5099.1,999.0,3,0.0,1.0,0.0,2,3,0.0,8,5,1,2
14581,31.0,1,999,0,-3.4,92.431,-26.9,0.722,5017.5,999.0,0,0.0,0.0,0.0,2,6,0.0,5,10,1,1
14582,51.0,2,999,0,1.1,93.994,-36.4,4.855,5191.0,999.0,0,0.0,0.0,1.0,3,8,0.0,4,5,1,1
14583,35.0,2,999,0,1.4,94.465,-41.8,4.967,5228.1,999.0,0,0.0,0.0,1.0,1,3,0.0,4,6,1,1
14584,31.0,2,999,0,-2.9,92.469,-33.6,0.908,5076.2,999.0,0,1.0,1.0,0.0,1,7,0.0,5,7,1,1
14585,32.0,4,999,0,-1.8,92.893,-46.2,1.299,5099.1,999.0,0,0.0,0.0,0.0,2,8,0.0,7,5,2,1
14586,36.0,1,999,0,1.1,93.994,-36.4,4.86,5191.0,999.0,0,1.0,0.0,1.0,2,6,0.0,5,5,1,1
14587,83.0,1,999,0,-3.4,92.649,-30.1,0.716,5017.5,999.0,0,1.0,1.0,0.0,3,2,0.0,8,11,1,1
14588,31.0,1,999,0,1.4,93.444,-36.1,4.963,5228.1,999.0,0,0.0,0.0,0.0,2,6,0.0,5,8,2,1
14589,38.0,1,999,0,1.1,93.994,-36.4,4.86,5191.0,999.0,0,0.0,0.0,1.0,3,5,0.0,6,5,1,1
14590,32.0,2,999,0,-0.1,93.2,-42.0,4.153,5195.8,999.0,0,0.0,0.0,0.0,2,2,0.0,4,11,1,1
14591,31.0,1,999,0,1.4,93.918,-42.7,4.963,5228.1,999.0,0,1.0,0.0,0.0,1,7,0.0,5,7,1,1
14592,71.0,1,999,0,-1.1,94.199,-37.5,0.886,4963.6,999.0,0,0.0,0.0,0.0,2,5,0.0,8,9,1,1
14593,67.0,4,999,1,-3.4,92.649,-30.1,0.72,5017.5,999.0,4,1.0,0.0,0.0,2,7,0.0,1,11,1,2
14594,33.0,2,999,0,1.1,93.994,-36.4,4.859,5191.0,999.0,0,1.0,1.0,1.0,2,4,0.0,4,5,1,1
14595,31.0,3,10,1,-1.8,92.893,-46.2,1.244,5099.1,0.333333333333,1,0.0,0.0,0.0,2,8,0.0,9,5,2,3
14596,31.0,4,999,0,-1.8,92.893,-46.2,1.281,5099.1,999.0,0,1.0,0.0,0.0,2,7,0.0,3,5,1,1
14597,32.0,23,999,0,1.1,93.994,-36.4,4.86,5191.0,999.0,0,1.0,0.0,1.0,3,8,0.0,6,5,1,1
14598,31.0,1,12,1,-1.7,94.215,-40.3,0.835,4991.6,0.4,7,0.0,0.0,1.0,2,7,0.0,8,7,1,3
14599,37.0,1,999,0,1.4,93.444,-36.1,4.965,5228.1,999.0,0,0.0,0.0,0.0,3,6,0.0,5,8,1,1
14600,41.0,4,999,0,-1.1,94.767,-50.8,1.04,4963.6,999.0,0,1.0,0.0,0.0,2,7,0.0,6,11,1,1
14601,33.0,1,999,0,1.4,93.444,-36.1,4.964,5228.1,999.0,0,1.0,0.0,0.0,2,7,0.0,6,8,1,1
14602,31.0,2,999,0,1.4,94.465,-41.8,4.958,5228.1,999.0,0,1.0,0.0,1.0,2,5,0.0,6,6,1,1
14603,54.0,13,999,0,1.4,93.918,-42.7,4.963,5228.1,999.0,0,1.0,0.0,0.0,4,2,0.0,2,7,1,1
14604,31.0,1,999,0,1.4,94.465,-41.8,4.967,5228.1,999.0,0,1.0,0.0,1.0,2,5,0.0,10,6,1,1
14605,30.0,2,999,0,1.4,93.918,-42.7,4.96,5228.1,999.0,0,0.0,0.0,0.0,2,8,0.0,4,7,2,1
14606,26.0,1,999,0,-1.8,92.893,-46.2,1.344,5099.1,999.0,0,1.0,0.0,0.0,1,5,0.0,11,5,1,1
14607,55.0,3,999,0,1.4,93.918,-42.7,4.96,5228.1,999.0,0,1.0,0.0,0.0,2,5,0.0,6,7,2,1
14608,42.0,7,999,0,1.4,94.465,-41.8,4.864,5228.1,999.0,0,0.0,0.0,1.0,2,8,0.0,3,6,1,1
14609,25.0,8,999,0,1.4,93.918,-42.7,4.968,5228.1,999.0,0,0.0,0.0,0.0,1,4,0.0,6,7,1,1
14610,32.0,1,999,0,-0.1,93.2,-42.0,4.12,5195.8,999.0,0,0.0,0.0,0.0,1,5,0.0,4,11,1,1
14611,32.0,8,999,0,1.4,94.465,-41.8,4.864,5228.1,999.0,0,1.0,0.0,1.0,2,2,0.0,4,6,1,1
14612,28.0,2,6,1,-1.8,92.893,-46.2,1.281,5099.1,0.2,2,1.0,0.0,0.0,1,6,0.0,5,5,1,3
14613,38.0,1,999,0,1.1,93.994,-36.4,4.859,5191.0,999.0,0,1.0,0.0,1.0,2,8,0.0,5,5,1,1
14614,54.0,2,999,0,1.1,93.994,-36.4,4.864,5191.0,999.0,0,0.0,0.0,1.0,2,6,0.0,5,5,1,1
14615,23.0,1,10,1,-1.8,92.893,-46.2,1.266,5099.1,0.333333333333,1,1.0,0.0,0.0,1,5,0.0,6,5,1,3
14616,32.0,2,999,0,-1.8,92.893,-46.2,1.299,5099.1,999.0,0,1.0,0.0,0.0,2,2,0.0,4,5,2,1
14617,26.0,3,999,3,-1.7,94.027,-38.3,0.894,4991.6,999.0,9,0.0,0.0,0.0,1,8,0.0,11,8,1,2
14618,31.0,1,999,0,1.4,93.918,-42.7,4.96,5228.1,999.0,0,1.0,0.0,0.0,2,2,0.0,2,7,2,1
14619,34.0,1,999,0,1.4,93.918,-42.7,4.962,5228.1,999.0,0,0.0,1.0,0.0,1,8,0.0,5,7,1,1
14620,35.0,5,999,0,1.4,93.444,-36.1,4.967,5228.1,999.0,0,1.0,0.0,0.0,2,7,0.0,6,8,1,1
14621,35.0,1,999,0,1.4,93.444,-36.1,4.968,5228.1,999.0,0,1.0,0.0,0.0,1,7,0.0,5,8,1,1
14622,31.0,1,999,0,1.1,93.994,-36.4,4.857,5191.0,999.0,0,1.0,0.0,1.0,4,7,0.0,3,5,2,1
14623,35.0,1,999,0,1.1,93.994,-36.4,4.857,5191.0,999.0,0,1.0,0.0,1.0,2,3,0.0,4,5,2,1
14624,31.0,1,999,0,1.1,93.994,-36.4,4.857,5191.0,999.0,0,1.0,0.0,1.0,2,8,0.0,4,5,2,1
14625,43.0,1,999,0,1.1,93.994,-36.4,4.855,5191.0,999.0,0,1.0,0.0,1.0,2,5,0.0,6,5,1,1
14626,31.0,1,999,0,-0.1,93.2,-42.0,4.021,5195.8,999.0,0,0.0,1.0,0.0,1,8,0.0,6,11,1,1
14627,50.0,20,999,0,1.4,94.465,-41.8,4.962,5228.1,999.0,0,1.0,0.0,1.0,2,6,0.0,5,6,1,1
14628,31.0,1,999,0,1.1,93.994,-36.4,4.856,5191.0,999.0,0,0.0,0.0,1.0,2,5,0.0,3,5,1,1
14629,31.0,1,999,0,1.4,93.918,-42.7,4.962,5228.1,999.0,0,1.0,0.0,0.0,2,7,0.0,5,7,1,1
14630,47.0,2,999,0,-2.9,92.469,-33.6,1.059,5076.2,999.0,0,0.0,0.0,1.0,2,6,0.0,5,7,1,1
14631,82.0,1,999,0,-3.4,92.431,-26.9,0.744,5017.5,999.0,0,1.0,0.0,0.0,2,7,0.0,8,10,1,1
14632,31.0,2,999,1,-1.8,93.075,-47.1,1.405,5099.1,999.0,3,0.0,1.0,0.0,1,5,0.0,9,4,1,2
14633,31.0,4,999,0,1.4,93.444,-36.1,4.963,5228.1,999.0,0,1.0,0.0,0.0,2,6,0.0,5,8,2,1
14634,50.0,9,999,0,1.4,93.918,-42.7,4.963,5228.1,999.0,0,0.0,0.0,0.0,1,5,0.0,9,7,1,1
14635,33.0,1,999,0,-2.9,92.201,-31.4,0.879,5076.2,999.0,0,1.0,1.0,0.0,1,8,0.0,6,8,1,1
14636,58.0,6,999,1,-2.9,92.469,-33.6,0.903,5076.2,999.0,3,0.0,0.0,0.0,2,8,0.0,3,7,1,2
14637,30.0,1,999,0,1.4,93.444,-36.1,4.965,5228.1,999.0,0,0.0,0.0,0.0,2,8,0.0,5,8,1,1
14638,31.0,3,999,0,1.4,93.918,-42.7,4.958,5228.1,999.0,0,0.0,0.0,0.0,3,8,0.0,4,7,1,1
14639,31.0,2,999,0,1.1,93.994,-36.4,4.86,5191.0,999.0,0,0.0,0.0,1.0,2,2,0.0,4,5,1,1
14640,31.0,1,999,0,1.4,93.444,-36.1,4.963,5228.1,999.0,0,1.0,1.0,0.0,1,7,0.0,5,8,1,1
14641,24.0,1,999,0,-1.8,93.075,-47.1,1.365,5099.1,999.0,0,0.0,1.0,0.0,1,8,0.0,11,4,1,1
14642,33.0,3,999,0,1.1,93.994,-36.4,4.858,5191.0,999.0,0,1.0,1.0,1.0,3,6,0.0,10,5,2,1
14643,34.0,2,999,0,-1.8,92.893,-46.2,1.313,5099.1,999.0,0,0.0,1.0,0.0,1,7,0.0,6,5,1,1
14644,45.0,1,999,0,-0.1,93.2,-42.0,4.021,5195.8,999.0,0,0.0,1.0,0.0,3,8,0.0,6,11,1,1
14645,27.0,3,999,1,-1.8,92.893,-46.2,1.291,5099.1,999.0,3,1.0,0.0,0.0,1,5,0.0,6,5,1,2
14646,28.0,1,999,0,-1.8,93.075,-47.1,1.41,5099.1,999.0,0,0.0,0.0,0.0,2,4,0.0,5,4,1,1
14647,31.0,2,999,1,-1.8,92.893,-46.2,1.334,5099.1,999.0,0,1.0,0.0,0.0,2,3,0.0,4,5,1,2
14648,45.0,1,999,0,1.4,94.465,-41.8,4.961,5228.1,999.0,0,0.0,0.0,1.0,2,8,0.0,4,6,1,1
14649,31.0,1,999,0,-2.9,92.469,-33.6,1.059,5076.2,999.0,0,1.0,0.0,0.0,2,5,0.0,8,7,1,1
14650,50.0,2,999,1,-1.8,93.075,-47.1,1.405,5099.1,999.0,1,1.0,0.0,0.0,3,8,0.0,5,4,1,2
14651,51.0,1,999,0,1.4,93.444,-36.1,4.966,5228.1,999.0,0,0.0,0.0,0.0,2,5,0.0,3,8,1,1
14652,32.0,1,999,0,1.1,93.994,-36.4,4.856,5191.0,999.0,0,1.0,0.0,1.0,2,8,0.0,7,5,1,1
14653,31.0,2,999,0,1.4,94.465,-41.8,4.961,5228.1,999.0,0,1.0,0.0,1.0,3,8,0.0,5,6,2,1
14654,57.0,1,999,0,1.1,93.994,-36.4,4.856,5191.0,999.0,0,1.0,0.0,1.0,3,2,0.0,4,5,1,1
14655,31.0,1,999,0,1.4,93.444,-36.1,4.963,5228.1,999.0,0,1.0,0.0,0.0,3,5,0.0,5,8,1,1
14656,29.0,1,999,0,1.1,93.994,-36.4,4.857,5191.0,999.0,0,0.0,0.0,1.0,1,7,0.0,6,5,1,1
14657,33.0,4,999,0,1.1,93.994,-36.4,4.859,5191.0,999.0,0,1.0,1.0,1.0,1,5,0.0,6,5,1,1
14658,33.0,1,999,0,1.4,93.918,-42.7,4.957,5228.1,999.0,0,1.0,0.0,1.0,2,4,0.0,4,7,1,1
14659,45.0,3,999,0,-1.8,92.893,-46.2,1.344,5099.1,999.0,0,1.0,0.0,0.0,3,4,0.0,7,5,1,1
14660,86.0,3,999,0,-1.1,94.199,-37.5,0.881,4963.6,999.0,0,1.0,0.0,0.0,2,2,0.0,8,9,1,1
14661,52.0,2,999,0,1.4,94.465,-41.8,4.961,5228.1,999.0,0,1.0,0.0,1.0,2,4,0.0,7,6,2,1
14662,66.0,2,999,0,-2.9,92.201,-31.4,0.879,5076.2,999.0,0,1.0,0.0,0.0,4,8,0.0,8,8,1,1
14663,40.0,1,999,0,1.4,94.465,-41.8,4.959,5228.1,999.0,0,1.0,0.0,1.0,2,8,0.0,7,6,1,1
14664,46.0,1,999,0,1.1,93.994,-36.4,4.857,5191.0,999.0,0,1.0,0.0,1.0,2,8,0.0,4,5,2,1
14665,32.0,2,999,0,1.4,93.444,-36.1,4.963,5228.1,999.0,0,1.0,0.0,0.0,1,5,0.0,5,8,1,1
14666,48.0,3,999,0,1.4,93.918,-42.7,4.962,5228.1,999.0,0,1.0,0.0,0.0,1,3,0.0,4,7,2,1
14667,31.0,2,999,0,1.4,94.465,-41.8,4.961,5228.1,999.0,0,1.0,0.0,1.0,1,8,0.0,6,6,2,1
14668,36.0,1,999,0,1.1,93.994,-36.4,4.857,5191.0,999.0,0,0.0,0.0,1.0,2,8,0.0,6,5,2,1
14669,22.0,1,999,0,-2.9,92.963,-40.8,1.26,5076.2,999.0,0,1.0,0.0,0.0,1,8,0.0,11,6,2,1
14670,54.0,1,999,0,1.4,93.918,-42.7,4.963,5228.1,999.0,0,1.0,0.0,0.0,2,8,0.0,4,7,1,1
14671,58.0,3,999,0,1.4,93.918,-42.7,4.961,5228.1,999.0,0,0.0,0.0,0.0,2,2,0.0,8,7,1,1
14672,47.0,3,999,2,-1.7,94.215,-40.3,0.896,4991.6,999.0,2,1.0,1.0,0.0,2,7,0.0,6,7,1,2
14673,31.0,2,999,0,-3.0,92.713,-33.0,0.715,5023.5,999.0,0,0.0,0.0,1.0,3,4,0.0,8,12,1,1
14674,35.0,2,999,0,1.4,94.465,-41.8,4.864,5228.1,999.0,0,1.0,0.0,1.0,1,6,0.0,5,6,1,1
14675,31.0,3,999,0,-2.9,92.201,-31.4,0.883,5076.2,999.0,0,1.0,0.0,0.0,1,5,0.0,6,8,1,1
14676,31.0,1,999,0,1.4,93.444,-36.1,4.966,5228.1,999.0,0,0.0,0.0,0.0,2,8,0.0,6,8,1,1
14677,31.0,1,999,0,1.4,93.918,-42.7,4.963,5228.1,999.0,0,1.0,0.0,0.0,1,8,0.0,4,7,1,1
14678,36.0,1,999,0,-1.8,93.369,-34.8,0.635,5008.7,999.0,0,1.0,0.0,0.0,1,8,0.0,6,3,1,1
14679,47.0,6,999,0,1.4,94.465,-41.8,4.961,5228.1,999.0,0,1.0,0.0,1.0,2,6,0.0,5,6,1,1
14680,47.0,2,999,1,-1.8,92.893,-46.2,1.291,5099.1,999.0,1,0.0,0.0,0.0,2,4,0.0,4,5,1,2
14681,36.0,1,999,0,1.4,93.918,-42.7,4.962,5228.1,999.0,0,1.0,0.0,0.0,2,8,0.0,4,7,1,1
14682,31.0,1,999,0,1.1,93.994,-36.4,4.864,5191.0,999.0,0,0.0,0.0,1.0,1,8,0.0,4,5,1,1
14683,30.0,3,10,1,-1.8,93.749,-34.6,0.645,5008.7,0.333333333333,3,1.0,1.0,0.0,1,5,0.0,11,4,2,3
14684,55.0,3,999,0,1.4,93.918,-42.7,4.962,5228.1,999.0,0,0.0,0.0,0.0,2,8,0.0,1,7,2,1
14685,57.0,1,3,2,-3.4,92.649,-30.1,0.716,5017.5,0.1,2,1.0,0.0,0.0,2,2,0.0,8,11,1,3
14686,31.0,4,999,1,-1.8,92.893,-46.2,1.299,5099.1,999.0,1,0.0,0.0,0.0,2,7,0.0,5,5,2,2
14687,33.0,4,999,0,1.4,94.465,-41.8,4.947,5228.1,999.0,0,0.0,0.0,1.0,2,5,0.0,9,6,1,1
14688,45.0,2,999,0,1.1,93.994,-36.4,4.857,5191.0,999.0,0,0.0,0.0,1.0,2,8,0.0,10,5,2,1
14689,31.0,3,999,0,-0.1,93.2,-42.0,4.12,5195.8,999.0,0,1.0,0.0,0.0,2,8,0.0,6,11,1,1
14690,27.0,2,999,0,1.1,93.994,-36.4,4.856,5191.0,999.0,0,1.0,1.0,1.0,2,4,0.0,4,5,1,1
14691,49.0,4,999,0,1.4,94.465,-41.8,4.961,5228.1,999.0,0,1.0,0.0,1.0,2,5,0.0,6,6,1,1
14692,31.0,4,999,1,-1.8,92.893,-46.2,1.244,5099.1,999.0,0,1.0,0.0,0.0,2,8,0.0,6,5,2,2
14693,47.0,1,999,0,1.4,93.918,-42.7,4.962,5228.1,999.0,0,0.0,1.0,0.0,3,5,0.0,5,7,1,1
14694,60.0,2,999,0,1.4,93.444,-36.1,4.966,5228.1,999.0,0,0.0,0.0,0.0,2,7,0.0,6,8,1,1
14695,33.0,1,999,0,1.1,93.994,-36.4,4.857,5191.0,999.0,0,0.0,0.0,1.0,1,7,0.0,6,5,1,1
14696,40.0,2,999,0,1.4,94.465,-41.8,4.958,5228.1,999.0,0,1.0,0.0,1.0,1,2,0.0,4,6,1,1
14697,31.0,1,999,0,-1.1,94.199,-37.5,0.886,4963.6,999.0,0,0.0,0.0,0.0,1,8,0.0,5,9,1,1
14698,31.0,1,999,1,-1.8,92.893,-46.2,1.313,5099.1,999.0,2,0.0,0.0,0.0,1,7,0.0,1,5,1,2
14699,51.0,1,999,0,1.4,94.465,-41.8,4.961,5228.1,999.0,0,0.0,0.0,1.0,2,4,0.0,4,6,2,1
14700,31.0,4,999,1,-1.8,92.893,-46.2,1.25,5099.1,999.0,1,1.0,1.0,0.0,2,8,0.0,4,5,1,2
14701,37.0,1,999,0,1.4,93.444,-36.1,4.962,5228.1,999.0,0,0.0,0.0,0.0,1,7,0.0,6,8,1,1
14702,37.0,11,999,0,1.4,93.444,-36.1,4.965,5228.1,999.0,0,1.0,0.0,0.0,2,8,0.0,5,8,2,1
14703,34.0,4,999,0,1.4,93.918,-42.7,4.96,5228.1,999.0,0,1.0,0.0,1.0,2,4,0.0,4,7,2,1
14704,31.0,17,999,0,1.1,93.994,-36.4,4.856,5191.0,999.0,0,0.0,0.0,1.0,2,7,0.0,6,5,1,1
14705,65.0,2,7,3,-1.1,94.601,-49.5,0.993,4963.6,0.233333333333,6,0.0,0.0,0.0,2,2,0.0,8,10,1,3
14706,35.0,2,999,0,1.4,93.918,-42.7,4.962,5228.1,999.0,0,1.0,1.0,0.0,1,6,0.0,5,7,1,1
14707,46.0,4,999,0,1.4,93.918,-42.7,4.962,5228.1,999.0,0,1.0,0.0,1.0,3,8,0.0,5,7,1,1
14708,32.0,1,999,0,1.1,93.994,-36.4,4.857,5191.0,999.0,0,1.0,0.0,1.0,1,5,0.0,5,5,1,1
14709,45.0,1,999,0,-1.8,92.893,-46.2,1.291,5099.1,999.0,0,1.0,1.0,0.0,2,7,0.0,6,5,1,1
14710,52.0,1,999,0,1.4,93.444,-36.1,4.966,5228.1,999.0,0,0.0,0.0,0.0,2,7,0.0,6,8,1,1
14711,31.0,3,999,0,1.1,93.994,-36.4,4.855,5191.0,999.0,0,0.0,0.0,1.0,2,4,0.0,9,5,1,1
14712,25.0,15,999,0,1.4,93.918,-42.7,4.963,5228.1,999.0,0,0.0,0.0,1.0,2,7,0.0,10,7,1,1
14713,31.0,2,999,0,1.4,93.918,-42.7,4.968,5228.1,999.0,0,1.0,0.0,0.0,1,8,0.0,9,7,1,1
14714,38.0,1,999,0,-1.8,93.075,-47.1,1.365,5099.1,999.0,0,1.0,0.0,0.0,1,7,0.0,6,4,1,1
14715,30.0,4,999,1,-1.8,92.893,-46.2,1.313,5099.1,999.0,3,1.0,1.0,0.0,3,8,0.0,9,5,1,2
14716,51.0,1,999,0,-0.1,93.2,-42.0,4.076,5195.8,999.0,0,0.0,0.0,0.0,1,8,0.0,7,11,1,1
14717,37.0,3,999,0,1.4,94.465,-41.8,4.864,5228.1,999.0,0,1.0,0.0,1.0,2,8,0.0,5,6,1,1
14718,36.0,2,999,0,1.1,93.994,-36.4,4.857,5191.0,999.0,0,0.0,0.0,1.0,2,8,0.0,6,5,1,1
14719,41.0,1,999,0,1.4,94.465,-41.8,4.967,5228.1,999.0,0,0.0,0.0,1.0,2,4,0.0,4,6,1,1
14720,38.0,1,999,0,1.4,93.444,-36.1,4.967,5228.1,999.0,0,1.0,0.0,0.0,1,8,0.0,6,8,1,1
14721,30.0,2,999,0,-2.9,92.963,-40.8,1.262,5076.2,999.0,0,0.0,0.0,0.0,1,7,0.0,6,6,1,1
14722,39.0,1,999,0,-0.1,93.2,-42.0,4.191,5195.8,999.0,0,0.0,1.0,1.0,1,4,0.0,3,11,2,1
14723,29.0,2,999,0,1.4,94.465,-41.8,4.955,5228.1,999.0,0,0.0,0.0,1.0,3,2,0.0,4,6,1,1
14724,31.0,1,999,1,-1.8,92.893,-46.2,1.327,5099.1,999.0,1,1.0,0.0,0.0,2,2,0.0,4,5,1,2
14725,40.0,3,999,0,1.4,93.444,-36.1,4.968,5228.1,999.0,0,1.0,0.0,0.0,1,7,0.0,6,8,1,1
14726,45.0,3,999,0,1.4,93.918,-42.7,4.963,5228.1,999.0,0,1.0,1.0,0.0,3,5,0.0,9,7,1,1
14727,57.0,1,999,0,-1.8,93.075,-47.1,1.365,5099.1,999.0,0,1.0,1.0,1.0,2,7,0.0,8,4,1,1
14728,31.0,1,999,0,1.1,93.994,-36.4,4.857,5191.0,999.0,0,1.0,1.0,1.0,2,8,0.0,9,5,1,1
14729,35.0,2,999,0,1.1,93.994,-36.4,4.855,5191.0,999.0,0,0.0,0.0,1.0,2,4,0.0,10,5,1,1
14730,31.0,1,999,0,1.4,93.444,-36.1,4.968,5228.1,999.0,0,1.0,0.0,0.0,2,5,0.0,5,8,1,1
14731,31.0,5,999,0,-2.9,92.963,-40.8,1.281,5076.2,999.0,0,0.0,0.0,0.0,2,6,0.0,5,6,2,1
14732,37.0,3,5,5,-1.1,94.601,-49.5,1.025,4963.6,0.166666666667,0,1.0,0.0,0.0,2,7,0.0,3,10,1,3
14733,36.0,1,999,0,-0.1,93.2,-42.0,4.12,5195.8,999.0,0,1.0,0.0,0.0,1,7,0.0,6,11,1,1
14734,36.0,1,999,0,1.1,93.994,-36.4,4.857,5191.0,999.0,0,0.0,0.0,1.0,2,7,0.0,6,5,2,1
14735,53.0,2,999,0,-0.1,93.2,-42.0,4.153,5195.8,999.0,0,1.0,1.0,0.0,2,6,0.0,6,11,1,1
14736,35.0,5,999,0,1.4,93.918,-42.7,4.957,5228.1,999.0,0,1.0,0.0,0.0,1,5,0.0,4,7,1,1
14737,31.0,1,999,0,-2.9,92.963,-40.8,1.262,5076.2,999.0,0,1.0,0.0,0.0,2,7,0.0,3,6,1,1
14738,34.0,1,999,0,1.4,93.444,-36.1,4.965,5228.1,999.0,0,0.0,0.0,0.0,2,6,0.0,7,8,1,1
14739,33.0,2,999,0,1.1,93.994,-36.4,4.856,5191.0,999.0,0,0.0,0.0,1.0,2,4,0.0,4,5,1,1
14740,43.0,2,999,0,1.4,94.465,-41.8,4.96,5228.1,999.0,0,1.0,0.0,1.0,2,4,0.0,4,6,2,1
14741,39.0,2,999,0,1.1,93.994,-36.4,4.856,5191.0,999.0,0,0.0,0.0,1.0,2,6,0.0,5,5,1,1
14742,45.0,2,999,0,1.4,93.918,-42.7,4.962,5228.1,999.0,0,0.0,0.0,0.0,2,2,0.0,4,7,1,1
14743,33.0,3,999,0,-1.8,92.893,-46.2,1.25,5099.1,999.0,0,1.0,1.0,0.0,3,4,0.0,4,5,1,1
14744,38.0,7,999,0,1.4,93.444,-36.1,4.966,5228.1,999.0,0,1.0,0.0,0.0,2,7,0.0,6,8,1,1
14745,40.0,1,999,0,-0.1,93.2,-42.0,4.076,5195.8,999.0,0,0.0,0.0,0.0,1,7,0.0,3,11,1,1
14746,32.0,2,999,1,-3.4,92.649,-30.1,0.718,5017.5,999.0,2,1.0,1.0,0.0,1,7,0.0,3,11,1,2
14747,31.0,20,999,0,1.4,93.918,-42.7,4.961,5228.1,999.0,0,0.0,0.0,0.0,2,2,0.0,2,7,1,1
14748,31.0,1,999,0,1.4,94.465,-41.8,4.967,5228.1,999.0,0,1.0,0.0,1.0,2,8,0.0,3,6,1,1
14749,28.0,1,999,0,1.4,93.918,-42.7,4.962,5228.1,999.0,0,1.0,0.0,0.0,2,5,0.0,9,7,1,1
14750,39.0,1,999,0,1.4,93.444,-36.1,4.967,5228.1,999.0,0,0.0,0.0,0.0,1,8,0.0,6,8,1,1
14751,40.0,1,999,1,-3.4,92.379,-29.8,0.809,5017.5,999.0,3,0.0,0.0,0.0,1,8,0.0,12,9,1,2
14752,36.0,2,999,1,-1.8,92.893,-46.2,1.291,5099.1,999.0,3,1.0,0.0,0.0,1,7,0.0,4,5,1,2
14753,31.0,1,999,0,1.4,94.465,-41.8,4.967,5228.1,999.0,0,0.0,1.0,1.0,1,8,0.0,4,6,1,1
14754,31.0,1,999,0,1.1,93.994,-36.4,4.855,5191.0,999.0,0,0.0,0.0,1.0,2,6,0.0,9,5,1,1
14755,37.0,1,1,1,-3.4,92.379,-29.8,0.753,5017.5,0.0333333333333,0,0.0,0.0,0.0,1,8,0.0,12,9,1,3
14756,30.0,1,999,0,-1.8,93.749,-34.6,0.646,5008.7,999.0,0,1.0,0.0,0.0,1,7,0.0,6,4,1,1
14757,31.0,1,999,1,-1.7,94.027,-38.3,0.9,4991.6,999.0,3,0.0,0.0,1.0,1,7,0.0,6,8,1,2
14758,28.0,2,999,0,-1.8,92.843,-50.0,1.538,5099.1,999.0,0,1.0,0.0,0.0,1,5,0.0,6,3,1,1
14759,49.0,2,999,0,1.4,94.465,-41.8,4.961,5228.1,999.0,0,0.0,1.0,1.0,2,4,0.0,4,6,1,1
14760,29.0,3,999,1,-1.8,92.893,-46.2,1.299,5099.1,999.0,0,1.0,0.0,0.0,1,8,0.0,4,5,2,2
14761,41.0,1,999,0,1.4,93.444,-36.1,4.968,5228.1,999.0,0,1.0,1.0,0.0,2,8,0.0,5,8,1,1
14762,51.0,3,999,0,1.4,93.444,-36.1,4.968,5228.1,999.0,0,0.0,0.0,0.0,3,5,0.0,5,8,1,1
14763,31.0,6,999,0,-1.8,92.893,-46.2,1.266,5099.1,999.0,0,0.0,1.0,1.0,1,5,0.0,9,5,1,1
14764,31.0,4,999,0,1.4,93.918,-42.7,4.963,5228.1,999.0,0,1.0,0.0,1.0,2,5,0.0,4,7,1,1
14765,58.0,1,999,0,1.1,93.994,-36.4,4.859,5191.0,999.0,0,0.0,0.0,1.0,2,8,0.0,2,5,1,1
14766,41.0,5,999,0,1.4,93.918,-42.7,4.963,5228.1,999.0,0,1.0,1.0,0.0,3,8,0.0,7,7,1,1
14767,41.0,2,0,2,-1.7,94.027,-38.3,0.904,4991.6,0.0,2,1.0,1.0,0.0,3,5,0.0,6,8,1,3
14768,36.0,1,999,0,1.4,93.444,-36.1,4.966,5228.1,999.0,0,0.0,0.0,0.0,2,6,0.0,4,8,1,1
14769,38.0,5,999,0,1.4,93.444,-36.1,4.963,5228.1,999.0,0,0.0,0.0,0.0,3,7,0.0,5,8,2,1
14770,31.0,3,999,0,1.4,93.444,-36.1,4.968,5228.1,999.0,0,0.0,1.0,0.0,1,7,0.0,6,8,1,1
14771,41.0,1,999,1,-1.8,92.893,-46.2,1.281,5099.1,999.0,2,1.0,0.0,0.0,2,8,0.0,4,5,1,2
14772,58.0,5,999,0,1.4,93.444,-36.1,4.966,5228.1,999.0,0,0.0,0.0,0.0,2,2,0.0,2,8,1,1
14773,47.0,1,999,0,-1.8,93.876,-40.0,0.684,5008.7,999.0,0,0.0,1.0,1.0,3,6,0.0,5,5,1,1
14774,43.0,6,999,0,-1.8,92.893,-46.2,1.299,5099.1,999.0,0,0.0,0.0,0.0,2,4,0.0,4,5,2,1
14775,52.0,3,999,0,1.1,93.994,-36.4,4.859,5191.0,999.0,0,1.0,1.0,1.0,2,8,0.0,4,5,1,1
14776,31.0,6,999,0,-1.8,92.893,-46.2,1.244,5099.1,999.0,0,1.0,1.0,0.0,1,5,0.0,5,5,2,1
14777,34.0,16,999,0,1.1,93.994,-36.4,4.857,5191.0,999.0,0,1.0,0.0,1.0,2,8,0.0,3,5,1,1
14778,60.0,2,999,0,1.4,93.918,-42.7,4.962,5228.1,999.0,0,1.0,0.0,1.0,2,5,0.0,8,7,1,1
14779,48.0,2,999,1,-1.8,92.893,-46.2,1.266,5099.1,999.0,3,0.0,0.0,0.0,3,7,0.0,3,5,1,2
14780,65.0,5,999,0,-3.4,92.431,-26.9,0.72,5017.5,999.0,0,0.0,0.0,0.0,2,8,0.0,8,10,1,1
14781,45.0,1,999,0,-1.8,93.075,-47.1,1.405,5099.1,999.0,0,1.0,0.0,0.0,3,5,0.0,6,4,2,1
14782,32.0,2,999,0,1.4,93.444,-36.1,4.965,5228.1,999.0,0,1.0,1.0,0.0,1,8,0.0,5,8,1,1
14783,31.0,1,999,0,-0.1,93.2,-42.0,4.12,5195.8,999.0,0,0.0,1.0,0.0,1,7,0.0,3,11,1,1
14784,31.0,2,999,0,-1.8,93.075,-47.1,1.479,5099.1,999.0,0,0.0,0.0,0.0,2,3,0.0,4,4,1,1
14785,42.0,2,999,0,1.4,94.465,-41.8,4.865,5228.1,999.0,0,0.0,0.0,1.0,2,5,0.0,9,6,1,1
14786,32.0,1,999,0,1.1,93.994,-36.4,4.857,5191.0,999.0,0,0.0,0.0,1.0,2,5,0.0,9,5,1,1
14787,38.0,1,999,0,-1.8,93.369,-34.8,0.643,5008.7,999.0,0,1.0,0.0,0.0,1,7,0.0,6,3,1,1
14788,53.0,4,999,0,1.4,93.444,-36.1,4.968,5228.1,999.0,0,1.0,0.0,1.0,2,8,0.0,4,8,1,1
14789,55.0,2,999,0,-1.8,92.893,-46.2,1.266,5099.1,999.0,0,1.0,0.0,0.0,2,6,0.0,7,5,1,1
14790,41.0,1,999,2,-1.8,93.075,-47.1,1.483,5099.1,999.0,2,1.0,1.0,0.0,2,2,0.0,4,4,1,2
14791,31.0,1,999,0,1.4,94.465,-41.8,4.958,5228.1,999.0,0,0.0,0.0,1.0,2,5,0.0,9,6,1,1
14792,30.0,3,999,0,1.4,93.918,-42.7,4.962,5228.1,999.0,0,0.0,0.0,0.0,2,4,0.0,4,7,2,1
14793,54.0,1,999,0,1.4,93.444,-36.1,4.964,5228.1,999.0,0,1.0,0.0,0.0,2,8,0.0,4,8,1,1
14794,28.0,1,999,0,-2.9,92.201,-31.4,0.879,5076.2,999.0,0,0.0,0.0,0.0,1,7,0.0,6,8,1,1
14795,34.0,2,999,0,-1.8,92.893,-46.2,1.313,5099.1,999.0,0,1.0,0.0,0.0,1,7,0.0,3,5,1,1
14796,31.0,2,999,0,1.4,93.918,-42.7,4.957,5228.1,999.0,0,1.0,0.0,0.0,3,8,0.0,5,7,1,1
14797,48.0,4,999,0,-1.8,92.893,-46.2,1.334,5099.1,999.0,0,1.0,0.0,0.0,2,3,0.0,4,5,1,1
14798,38.0,3,999,0,-1.8,92.893,-46.2,1.291,5099.1,999.0,0,0.0,0.0,0.0,2,8,0.0,4,5,1,1
14799,42.0,2,999,0,1.4,93.444,-36.1,4.967,5228.1,999.0,0,0.0,0.0,0.0,2,7,0.0,6,8,1,1
14800,29.0,2,999,1,-2.9,92.469,-33.6,1.072,5076.2,999.0,2,0.0,0.0,0.0,2,6,0.0,5,7,1,2
14801,38.0,2,999,0,-0.1,93.2,-42.0,4.191,5195.8,999.0,0,1.0,1.0,0.0,1,4,0.0,6,11,2,1
14802,37.0,2,999,1,-3.4,92.649,-30.1,0.719,5017.5,999.0,0,1.0,1.0,0.0,3,8,0.0,7,11,1,2
14803,31.0,1,999,0,-3.4,92.431,-26.9,0.735,5017.5,999.0,0,1.0,0.0,0.0,3,2,0.0,8,10,1,1
14804,31.0,2,999,0,1.4,93.918,-42.7,4.962,5228.1,999.0,0,1.0,0.0,0.0,1,7,0.0,3,7,2,1
14805,51.0,14,999,0,1.4,93.918,-42.7,4.962,5228.1,999.0,0,1.0,1.0,0.0,3,7,0.0,7,7,2,1
14806,55.0,2,999,0,1.4,93.918,-42.7,4.961,5228.1,999.0,0,0.0,0.0,0.0,2,1,0.0,4,7,1,1
14807,47.0,2,999,0,1.4,94.465,-41.8,4.866,5228.1,999.0,0,0.0,0.0,1.0,2,3,0.0,4,6,1,1
14808,31.0,1,999,0,-1.8,92.893,-46.2,1.244,5099.1,999.0,0,1.0,1.0,0.0,2,4,0.0,4,5,2,1
14809,31.0,1,999,0,-0.1,93.2,-42.0,4.153,5195.8,999.0,0,0.0,1.0,0.0,1,5,0.0,3,11,1,1
14810,31.0,1,999,0,1.1,93.994,-36.4,4.855,5191.0,999.0,0,1.0,1.0,1.0,2,2,0.0,4,5,1,1
14811,31.0,2,999,0,1.1,93.994,-36.4,4.859,5191.0,999.0,0,1.0,0.0,1.0,2,8,0.0,11,5,1,1
14812,52.0,1,999,0,-1.8,92.893,-46.2,1.344,5099.1,999.0,0,0.0,0.0,0.0,2,8,0.0,4,5,1,1
14813,29.0,2,999,1,-1.8,93.075,-47.1,1.405,5099.1,999.0,3,0.0,0.0,0.0,1,5,0.0,9,4,1,2
14814,29.0,2,999,0,-1.8,93.075,-47.1,1.415,5099.1,999.0,0,0.0,0.0,0.0,1,5,0.0,10,4,1,1
14815,31.0,1,999,0,1.4,93.444,-36.1,4.966,5228.1,999.0,0,1.0,0.0,0.0,2,6,0.0,5,8,1,1
14816,31.0,4,999,0,-1.8,92.893,-46.2,1.354,5099.1,999.0,0,1.0,0.0,0.0,1,7,0.0,6,5,2,1
14817,57.0,1,999,1,-2.9,92.201,-31.4,0.883,5076.2,999.0,0,1.0,0.0,0.0,2,8,0.0,6,8,1,2
14818,31.0,2,999,0,1.4,94.465,-41.8,4.955,5228.1,999.0,0,1.0,0.0,1.0,3,8,0.0,8,6,1,1
14819,31.0,1,999,0,1.1,93.994,-36.4,4.855,5191.0,999.0,0,0.0,0.0,1.0,2,8,0.0,6,5,1,1
14820,32.0,1,999,0,-0.1,93.2,-42.0,4.343,5195.8,999.0,0,1.0,0.0,1.0,2,8,0.0,10,11,1,1
14821,35.0,1,999,0,1.4,93.444,-36.1,4.966,5228.1,999.0,0,1.0,0.0,0.0,2,7,0.0,5,8,1,1
14822,26.0,2,999,0,1.4,93.918,-42.7,4.957,5228.1,999.0,0,1.0,0.0,0.0,1,6,0.0,5,7,1,1
14823,49.0,2,999,0,1.1,93.994,-36.4,4.856,5191.0,999.0,0,0.0,0.0,1.0,2,5,0.0,9,5,1,1
14824,28.0,2,999,0,-1.8,92.843,-50.0,1.548,5099.1,999.0,0,0.0,0.0,0.0,1,7,0.0,6,3,1,1
14825,30.0,1,999,0,1.4,93.918,-42.7,4.961,5228.1,999.0,0,0.0,0.0,0.0,2,8,0.0,4,7,1,1
14826,29.0,3,999,0,-0.1,93.2,-42.0,4.076,5195.8,999.0,0,1.0,0.0,0.0,1,8,0.0,9,11,1,1
14827,32.0,1,999,0,-1.8,92.893,-46.2,1.327,5099.1,999.0,0,1.0,0.0,0.0,3,5,0.0,6,5,1,1
14828,36.0,2,999,0,1.4,93.918,-42.7,4.962,5228.1,999.0,0,1.0,1.0,0.0,2,7,0.0,6,7,2,1
14829,30.0,1,999,0,1.4,94.465,-41.8,4.959,5228.1,999.0,0,1.0,0.0,1.0,2,8,0.0,4,6,1,1
14830,35.0,1,999,1,-0.1,93.2,-42.0,4.12,5195.8,999.0,0,0.0,0.0,1.0,1,4,0.0,5,11,1,2
14831,37.0,2,999,0,1.1,93.994,-36.4,4.864,5191.0,999.0,0,0.0,0.0,1.0,2,5,0.0,4,5,1,1
14832,33.0,1,999,0,-1.8,92.893,-46.2,1.266,5099.1,999.0,0,0.0,0.0,0.0,2,3,0.0,4,5,1,1
14833,59.0,2,999,0,1.1,93.994,-36.4,4.855,5191.0,999.0,0,1.0,0.0,1.0,2,8,0.0,8,5,1,1
14834,46.0,3,999,0,1.4,93.918,-42.7,4.956,5228.1,999.0,0,0.0,0.0,1.0,2,8,0.0,9,7,1,1
14835,39.0,1,999,0,-0.1,93.2,-42.0,4.12,5195.8,999.0,0,0.0,0.0,0.0,2,8,0.0,6,11,1,1
14836,34.0,2,999,0,-3.0,92.713,-33.0,0.707,5023.5,999.0,0,1.0,0.0,0.0,2,7,0.0,6,12,1,1
14837,35.0,1,999,0,1.4,94.465,-41.8,4.864,5228.1,999.0,0,1.0,0.0,1.0,2,8,0.0,4,6,1,1
14838,50.0,2,999,0,1.4,93.918,-42.7,4.958,5228.1,999.0,0,0.0,0.0,0.0,2,8,0.0,4,7,1,1
14839,38.0,1,999,1,-1.8,93.075,-47.1,1.483,5099.1,999.0,1,1.0,0.0,0.0,2,4,0.0,9,4,1,2
14840,37.0,2,999,0,1.1,93.994,-36.4,4.857,5191.0,999.0,0,0.0,0.0,1.0,2,4,0.0,1,5,2,1
14841,31.0,1,999,0,-2.9,92.963,-40.8,1.262,5076.2,999.0,0,1.0,0.0,0.0,2,6,0.0,12,6,1,1
14842,34.0,1,999,0,1.1,93.994,-36.4,4.86,5191.0,999.0,0,0.0,0.0,1.0,2,8,0.0,1,5,1,1
14843,29.0,2,999,0,-2.9,92.963,-40.8,1.252,5076.2,999.0,0,1.0,0.0,1.0,1,6,0.0,9,6,1,1
14844,29.0,1,999,0,-1.8,92.893,-46.2,1.25,5099.1,999.0,0,1.0,1.0,0.0,2,8,0.0,10,5,1,1
14845,31.0,1,999,2,-2.9,92.201,-31.4,0.884,5076.2,999.0,4,1.0,0.0,0.0,2,7,0.0,10,8,1,2
14846,31.0,4,999,0,-1.8,92.893,-46.2,1.313,5099.1,999.0,0,1.0,0.0,0.0,1,3,0.0,4,5,1,1
14847,31.0,1,999,1,-1.8,92.893,-46.2,1.327,5099.1,999.0,4,0.0,1.0,0.0,1,2,0.0,4,5,1,2
14848,45.0,1,999,0,1.4,94.465,-41.8,4.866,5228.1,999.0,0,0.0,0.0,1.0,2,8,0.0,4,6,1,1
14849,32.0,1,999,0,-1.8,92.893,-46.2,1.266,5099.1,999.0,0,1.0,0.0,0.0,2,8,0.0,4,5,1,1
14850,30.0,4,999,0,-1.8,92.893,-46.2,1.291,5099.1,999.0,0,0.0,0.0,0.0,2,7,0.0,6,5,1,1
14851,48.0,1,999,0,-1.8,93.075,-47.1,1.41,5099.1,999.0,0,0.0,1.0,0.0,2,8,0.0,4,4,1,1
14852,35.0,17,999,0,1.4,93.444,-36.1,4.962,5228.1,999.0,0,0.0,0.0,0.0,1,7,0.0,5,8,1,1
14853,25.0,1,999,0,-1.8,92.893,-46.2,1.327,5099.1,999.0,0,1.0,0.0,0.0,1,4,0.0,4,5,1,1
14854,31.0,1,999,0,-0.1,93.2,-42.0,4.021,5195.8,999.0,0,0.0,0.0,0.0,2,8,0.0,6,11,1,1
14855,31.0,1,999,0,1.4,94.465,-41.8,4.959,5228.1,999.0,0,0.0,0.0,1.0,1,7,0.0,6,6,1,1
14856,51.0,1,999,0,1.1,93.994,-36.4,4.857,5191.0,999.0,0,1.0,1.0,1.0,2,2,0.0,4,5,2,1
14857,47.0,1,999,1,-1.8,92.893,-46.2,1.299,5099.1,999.0,5,0.0,0.0,0.0,1,5,0.0,6,5,2,2
14858,37.0,1,999,0,1.1,93.994,-36.4,4.856,5191.0,999.0,0,1.0,0.0,1.0,2,8,0.0,5,5,1,1
14859,33.0,1,999,0,1.4,93.918,-42.7,4.962,5228.1,999.0,0,1.0,1.0,0.0,1,8,0.0,6,7,1,1
14860,52.0,1,999,0,1.4,93.444,-36.1,4.963,5228.1,999.0,0,1.0,0.0,0.0,2,7,0.0,1,8,1,1
14861,33.0,1,999,0,-1.8,92.893,-46.2,1.266,5099.1,999.0,0,1.0,0.0,0.0,2,8,0.0,4,5,1,1
14862,58.0,1,999,0,1.1,93.994,-36.4,4.857,5191.0,999.0,0,1.0,0.0,1.0,2,2,0.0,12,5,1,1
14863,31.0,1,999,0,1.4,93.918,-42.7,4.956,5228.1,999.0,0,1.0,0.0,1.0,1,8,0.0,10,7,1,1
14864,36.0,3,999,1,-1.8,92.893,-46.2,1.281,5099.1,999.0,3,0.0,0.0,0.0,2,4,0.0,4,5,1,2
14865,48.0,1,999,0,-1.8,92.893,-46.2,1.299,5099.1,999.0,0,0.0,0.0,0.0,2,4,0.0,4,5,1,1
14866,26.0,1,999,0,1.1,93.994,-36.4,4.86,5191.0,999.0,0,0.0,0.0,1.0,2,8,0.0,5,5,1,1
14867,38.0,1,999,3,-1.1,94.199,-37.5,0.884,4963.6,999.0,3,1.0,0.0,1.0,2,7,0.0,5,9,1,2
14868,26.0,1,999,0,1.4,93.918,-42.7,4.963,5228.1,999.0,0,1.0,0.0,0.0,2,8,0.0,5,7,1,1
14869,31.0,4,999,0,1.4,93.444,-36.1,4.966,5228.1,999.0,0,0.0,0.0,0.0,2,4,0.0,1,8,1,1
14870,22.0,2,999,0,1.1,93.994,-36.4,4.864,5191.0,999.0,0,0.0,0.0,1.0,1,3,0.0,4,5,1,1
14871,32.0,3,999,0,-1.8,93.075,-47.1,1.435,5099.1,999.0,0,0.0,0.0,0.0,3,8,0.0,9,4,1,1
14872,39.0,2,999,0,1.4,93.444,-36.1,4.967,5228.1,999.0,0,1.0,1.0,0.0,2,5,0.0,5,8,1,1
14873,31.0,3,999,0,1.1,93.994,-36.4,4.86,5191.0,999.0,0,0.0,0.0,1.0,2,8,0.0,4,5,1,1
14874,31.0,1,999,0,1.4,93.918,-42.7,4.96,5228.1,999.0,0,0.0,0.0,0.0,1,5,0.0,9,7,2,1
14875,31.0,1,999,0,-1.8,92.893,-46.2,1.291,5099.1,999.0,0,0.0,0.0,0.0,2,8,0.0,3,5,1,1
14876,31.0,5,999,0,1.4,93.918,-42.7,4.961,5228.1,999.0,0,1.0,0.0,0.0,2,2,0.0,4,7,1,1
14877,35.0,1,999,1,-0.1,93.2,-42.0,4.076,5195.8,999.0,3,1.0,0.0,0.0,2,7,0.0,7,11,1,2
14878,40.0,1,999,0,1.4,93.444,-36.1,4.965,5228.1,999.0,0,1.0,0.0,0.0,2,6,0.0,5,8,2,1
14879,31.0,1,999,0,1.4,93.918,-42.7,4.96,5228.1,999.0,0,1.0,1.0,0.0,2,8,0.0,2,7,2,1
14880,31.0,1,999,1,-0.1,93.2,-42.0,4.076,5195.8,999.0,2,0.0,1.0,0.0,1,7,0.0,7,11,1,2
14881,53.0,1,999,0,1.4,93.918,-42.7,4.96,5228.1,999.0,0,1.0,0.0,0.0,2,7,0.0,7,7,2,1
14882,31.0,1,999,0,1.4,93.918,-42.7,4.963,5228.1,999.0,0,0.0,0.0,0.0,2,8,0.0,4,7,1,1
14883,29.0,2,999,0,1.4,94.465,-41.8,4.864,5228.1,999.0,0,1.0,0.0,1.0,1,5,0.0,6,6,1,1
14884,36.0,2,999,0,1.1,93.994,-36.4,4.858,5191.0,999.0,0,0.0,0.0,1.0,2,4,0.0,5,5,1,1
14885,31.0,2,999,0,1.1,93.994,-36.4,4.864,5191.0,999.0,0,0.0,0.0,1.0,4,6,0.0,5,5,1,1
14886,31.0,1,999,0,-1.8,92.893,-46.2,1.291,5099.1,999.0,0,0.0,0.0,0.0,1,5,0.0,6,5,1,1
14887,31.0,2,999,0,-1.8,92.893,-46.2,1.259,5099.1,999.0,0,1.0,0.0,0.0,2,7,0.0,6,5,1,1
14888,31.0,4,999,0,1.4,93.444,-36.1,4.964,5228.1,999.0,0,0.0,0.0,0.0,2,6,0.0,5,8,1,1
14889,55.0,1,999,0,-1.8,92.893,-46.2,1.264,5099.1,999.0,0,0.0,1.0,0.0,2,8,0.0,10,5,1,1
14890,56.0,1,999,0,-0.1,93.2,-42.0,4.153,5195.8,999.0,0,1.0,0.0,0.0,2,7,0.0,3,11,1,1
14891,31.0,3,999,0,-1.8,93.075,-47.1,1.365,5099.1,999.0,0,0.0,0.0,0.0,1,5,0.0,11,4,1,1
14892,34.0,1,999,0,1.1,93.994,-36.4,4.858,5191.0,999.0,0,1.0,0.0,1.0,2,8,0.0,5,5,1,1
14893,36.0,2,999,0,1.4,93.918,-42.7,4.96,5228.1,999.0,0,0.0,0.0,0.0,2,5,0.0,7,7,2,1
14894,33.0,1,999,0,1.1,93.994,-36.4,4.858,5191.0,999.0,0,1.0,0.0,1.0,2,5,0.0,3,5,1,1
14895,52.0,1,999,0,1.4,94.465,-41.8,4.961,5228.1,999.0,0,1.0,0.0,1.0,3,8,0.0,9,6,1,1
14896,31.0,3,999,0,1.4,94.465,-41.8,4.96,5228.1,999.0,0,0.0,0.0,1.0,2,3,0.0,5,6,2,1
14897,34.0,3,999,0,1.4,93.444,-36.1,4.963,5228.1,999.0,0,0.0,1.0,0.0,1,7,0.0,6,8,1,1
14898,37.0,4,999,0,-1.8,92.893,-46.2,1.344,5099.1,999.0,0,1.0,0.0,0.0,2,3,0.0,4,5,1,1
14899,37.0,2,999,0,1.1,93.994,-36.4,4.857,5191.0,999.0,0,0.0,0.0,1.0,1,6,0.0,4,5,1,1
14900,30.0,5,999,0,1.4,94.465,-41.8,4.958,5228.1,999.0,0,1.0,0.0,1.0,2,8,0.0,9,6,1,1
14901,28.0,1,999,0,-1.8,92.893,-46.2,1.291,5099.1,999.0,0,1.0,0.0,0.0,1,7,0.0,3,5,1,1
14902,33.0,2,3,2,-1.1,94.601,-49.5,0.977,4963.6,0.1,4,1.0,0.0,0.0,1,7,0.0,9,10,2,3
14903,45.0,2,999,0,1.4,93.918,-42.7,4.962,5228.1,999.0,0,1.0,0.0,0.0,2,2,0.0,4,7,1,1
14904,35.0,3,999,0,1.4,93.444,-36.1,4.962,5228.1,999.0,0,1.0,0.0,0.0,2,7,0.0,6,8,1,1
14905,35.0,3,999,0,-1.8,93.075,-47.1,1.405,5099.1,999.0,0,0.0,0.0,0.0,2,8,0.0,3,4,2,1
14906,67.0,2,5,5,-1.1,94.767,-50.8,1.039,4963.6,0.166666666667,5,1.0,0.0,0.0,3,6,0.0,2,11,2,3
14907,55.0,1,999,0,-0.1,93.2,-42.0,4.021,5195.8,999.0,0,0.0,0.0,0.0,2,7,0.0,7,11,1,1
14908,31.0,2,999,0,1.4,93.918,-42.7,4.957,5228.1,999.0,0,1.0,1.0,0.0,2,6,0.0,5,7,1,1
14909,31.0,1,999,0,-1.8,93.075,-47.1,1.423,5099.1,999.0,0,1.0,0.0,0.0,2,6,0.0,5,4,1,1
14910,42.0,1,999,0,1.1,93.994,-36.4,4.856,5191.0,999.0,0,1.0,1.0,1.0,2,8,0.0,4,5,1,1
14911,63.0,2,3,1,-2.9,92.201,-31.4,0.869,5076.2,0.1,2,1.0,0.0,0.0,3,2,0.0,8,8,1,3
14912,45.0,5,999,0,1.4,93.444,-36.1,4.965,5228.1,999.0,0,0.0,0.0,0.0,2,3,0.0,9,8,1,1
14913,31.0,1,999,0,1.1,93.994,-36.4,4.857,5191.0,999.0,0,1.0,0.0,1.0,2,2,0.0,12,5,1,1
14914,44.0,2,999,0,1.1,93.994,-36.4,4.859,5191.0,999.0,0,1.0,0.0,1.0,2,2,0.0,4,5,1,1
14915,31.0,3,999,0,-1.8,92.893,-46.2,1.281,5099.1,999.0,0,0.0,0.0,0.0,2,5,0.0,6,5,1,1
14916,40.0,1,999,0,-1.8,93.075,-47.1,1.445,5099.1,999.0,0,1.0,0.0,0.0,3,5,0.0,9,4,1,1
14917,34.0,2,999,0,-1.8,92.893,-46.2,1.25,5099.1,999.0,0,1.0,1.0,0.0,3,5,0.0,9,5,1,1
14918,44.0,3,999,2,-1.8,92.893,-46.2,1.281,5099.1,999.0,4,1.0,0.0,0.0,2,8,0.0,6,5,1,2
14919,52.0,1,999,0,1.4,93.444,-36.1,4.963,5228.1,999.0,0,0.0,0.0,0.0,2,6,0.0,5,8,1,1
14920,43.0,1,999,0,1.1,93.994,-36.4,4.855,5191.0,999.0,0,1.0,0.0,1.0,2,8,0.0,4,5,1,1
14921,27.0,4,999,1,-1.8,92.893,-46.2,1.266,5099.1,999.0,2,1.0,0.0,1.0,1,4,0.0,6,5,1,2
14922,44.0,4,999,0,1.4,93.918,-42.7,4.957,5228.1,999.0,0,0.0,1.0,0.0,2,2,0.0,9,7,1,1
14923,31.0,1,999,0,-1.8,92.893,-46.2,1.264,5099.1,999.0,0,0.0,0.0,0.0,2,6,0.0,5,5,2,1
14924,64.0,2,999,0,-1.1,94.601,-49.5,0.959,4963.6,999.0,0,1.0,0.0,0.0,3,4,0.0,10,10,1,1
14925,50.0,5,999,0,1.1,93.994,-36.4,4.857,5191.0,999.0,0,1.0,0.0,1.0,2,2,0.0,4,5,2,1
14926,31.0,11,999,0,1.4,93.918,-42.7,4.962,5228.1,999.0,0,1.0,0.0,1.0,2,5,0.0,9,7,1,1
14927,31.0,1,999,1,-1.8,93.075,-47.1,1.41,5099.1,999.0,2,0.0,0.0,0.0,2,4,0.0,4,4,1,2
14928,56.0,2,999,1,-1.8,92.893,-46.2,1.327,5099.1,999.0,2,0.0,1.0,0.0,2,4,0.0,6,5,1,2
14929,33.0,5,999,0,1.4,93.918,-42.7,4.968,5228.1,999.0,0,0.0,0.0,0.0,1,6,0.0,5,7,1,1
14930,31.0,2,999,0,-1.8,92.893,-46.2,1.299,5099.1,999.0,0,1.0,0.0,0.0,1,8,0.0,9,5,2,1
14931,31.0,2,999,0,1.4,94.465,-41.8,4.866,5228.1,999.0,0,1.0,1.0,1.0,2,2,0.0,4,6,1,1
14932,56.0,1,999,0,-0.1,93.2,-42.0,4.021,5195.8,999.0,0,0.0,0.0,1.0,3,5,0.0,4,11,1,1
14933,39.0,6,999,0,1.4,93.918,-42.7,4.968,5228.1,999.0,0,0.0,0.0,0.0,2,6,0.0,5,7,1,1
14934,56.0,3,999,0,-2.9,92.963,-40.8,1.26,5076.2,999.0,0,1.0,0.0,0.0,2,8,0.0,3,6,1,1
14935,46.0,1,999,0,1.4,93.918,-42.7,4.963,5228.1,999.0,0,0.0,0.0,0.0,3,7,0.0,6,7,1,1
14936,44.0,1,999,0,-1.8,92.893,-46.2,1.354,5099.1,999.0,0,1.0,0.0,0.0,2,5,0.0,1,5,2,1
14937,55.0,7,999,0,1.4,94.465,-41.8,4.959,5228.1,999.0,0,0.0,0.0,1.0,2,8,0.0,12,6,1,1
14938,31.0,6,999,0,1.1,93.994,-36.4,4.86,5191.0,999.0,0,0.0,0.0,1.0,2,2,0.0,4,5,1,1
14939,31.0,3,999,0,1.4,93.444,-36.1,4.964,5228.1,999.0,0,0.0,0.0,0.0,1,8,0.0,6,8,1,1
14940,36.0,5,999,0,1.4,94.465,-41.8,4.967,5228.1,999.0,0,0.0,1.0,1.0,2,7,0.0,3,6,1,1
14941,29.0,2,999,1,-0.1,93.2,-42.0,4.076,5195.8,999.0,1,0.0,0.0,0.0,1,6,0.0,5,11,1,2
14942,31.0,2,999,0,1.1,93.994,-36.4,4.86,5191.0,999.0,0,1.0,0.0,1.0,2,8,0.0,6,5,1,1
14943,37.0,8,999,0,1.1,93.994,-36.4,4.864,5191.0,999.0,0,0.0,0.0,1.0,2,6,0.0,10,5,1,1
14944,29.0,1,999,1,-1.8,92.893,-46.2,1.266,5099.1,999.0,0,1.0,0.0,0.0,2,5,0.0,9,5,1,2
14945,33.0,1,999,0,1.4,93.918,-42.7,4.957,5228.1,999.0,0,0.0,0.0,0.0,1,5,0.0,6,7,1,1
14946,31.0,2,999,1,-0.1,93.2,-42.0,4.153,5195.8,999.0,3,1.0,0.0,0.0,2,5,0.0,6,11,1,2
14947,43.0,3,999,0,1.1,93.994,-36.4,4.855,5191.0,999.0,0,1.0,0.0,1.0,2,8,0.0,3,5,1,1
14948,53.0,1,999,0,-1.8,92.893,-46.2,1.25,5099.1,999.0,0,1.0,0.0,0.0,2,5,0.0,6,5,1,1
14949,31.0,4,999,0,1.1,93.994,-36.4,4.857,5191.0,999.0,0,1.0,0.0,1.0,3,8,0.0,8,5,1,1
14950,37.0,2,999,0,1.4,94.465,-41.8,4.961,5228.1,999.0,0,1.0,0.0,1.0,2,6,0.0,4,6,2,1
14951,50.0,1,999,0,1.1,93.994,-36.4,4.857,5191.0,999.0,0,0.0,0.0,1.0,2,8,0.0,9,5,1,1
14952,45.0,3,999,0,-0.1,93.2,-42.0,4.076,5195.8,999.0,0,0.0,0.0,0.0,2,3,0.0,4,11,1,1
14953,31.0,1,999,0,1.1,93.994,-36.4,4.857,5191.0,999.0,0,1.0,0.0,1.0,2,8,0.0,2,5,1,1
14954,31.0,2,999,0,1.4,93.444,-36.1,4.963,5228.1,999.0,0,1.0,0.0,0.0,1,6,0.0,5,8,1,1
14955,31.0,1,999,0,-2.9,92.201,-31.4,0.881,5076.2,999.0,0,1.0,0.0,0.0,1,7,0.0,6,8,1,1
14956,31.0,5,999,0,-1.8,92.893,-46.2,1.266,5099.1,999.0,0,1.0,0.0,1.0,2,4,0.0,4,5,1,1
14957,46.0,1,999,0,1.4,93.444,-36.1,4.963,5228.1,999.0,0,1.0,0.0,0.0,1,7,0.0,6,8,1,1
14958,41.0,1,999,0,1.4,94.465,-41.8,4.865,5228.1,999.0,0,1.0,1.0,1.0,3,5,0.0,9,6,2,1
14959,48.0,1,999,1,-1.8,93.075,-47.1,1.445,5099.1,999.0,1,0.0,0.0,0.0,2,6,0.0,5,4,1,2
14960,33.0,2,999,0,1.4,93.918,-42.7,4.963,5228.1,999.0,0,0.0,0.0,0.0,2,8,0.0,6,7,1,1
14961,42.0,7,999,0,-2.9,92.201,-31.4,0.883,5076.2,999.0,0,1.0,0.0,1.0,2,8,0.0,10,8,1,1
14962,36.0,7,6,1,-1.7,94.027,-38.3,0.894,4991.6,0.2,3,0.0,0.0,0.0,2,7,0.0,6,8,1,3
14963,35.0,1,4,2,-3.4,92.431,-26.9,0.754,5017.5,0.133333333333,2,0.0,0.0,0.0,2,8,0.0,6,10,1,3
14964,31.0,3,999,1,-2.9,92.469,-33.6,1.048,5076.2,999.0,1,0.0,0.0,0.0,1,8,0.0,7,7,2,2
14965,31.0,1,999,0,-1.8,92.843,-50.0,1.799,5099.1,999.0,0,0.0,0.0,0.0,2,7,0.0,3,3,1,1
14966,31.0,2,999,0,1.4,93.918,-42.7,4.957,5228.1,999.0,0,0.0,0.0,0.0,1,8,0.0,5,7,1,1
14967,34.0,4,999,1,-1.1,94.199,-37.5,0.879,4963.6,999.0,2,0.0,0.0,0.0,1,7,0.0,5,9,1,2
14968,53.0,31,999,0,1.4,93.918,-42.7,4.968,5228.1,999.0,0,1.0,0.0,0.0,2,8,0.0,1,7,1,1
14969,44.0,1,999,0,-0.1,93.2,-42.0,4.191,5195.8,999.0,0,1.0,0.0,1.0,1,7,0.0,6,11,2,1
14970,42.0,1,999,0,-1.8,92.893,-46.2,1.313,5099.1,999.0,0,1.0,0.0,0.0,3,7,0.0,6,5,1,1
14971,31.0,2,999,0,1.1,93.994,-36.4,4.859,5191.0,999.0,0,1.0,0.0,1.0,1,2,0.0,4,5,1,1
14972,28.0,1,999,0,-1.8,92.893,-46.2,1.281,5099.1,999.0,0,1.0,0.0,0.0,1,5,0.0,11,5,1,1
14973,44.0,1,999,0,-0.1,93.2,-42.0,4.191,5195.8,999.0,0,1.0,0.0,0.0,3,6,0.0,8,11,1,1
14974,31.0,1,999,0,1.4,94.465,-41.8,4.865,5228.1,999.0,0,0.0,0.0,1.0,2,5,0.0,9,6,2,1
14975,52.0,1,999,0,1.1,93.994,-36.4,4.86,5191.0,999.0,0,1.0,1.0,1.0,2,2,0.0,4,5,1,1
14976,88.0,2,999,0,-2.9,92.201,-31.4,0.873,5076.2,999.0,0,1.0,0.0,0.0,3,2,0.0,8,8,1,1
14977,38.0,1,999,0,-0.1,93.2,-42.0,4.191,5195.8,999.0,0,1.0,0.0,0.0,2,8,0.0,5,11,2,1
14978,36.0,1,999,0,1.4,93.918,-42.7,4.963,5228.1,999.0,0,1.0,1.0,0.0,2,8,0.0,9,7,1,1
14979,29.0,1,999,0,-0.1,93.2,-42.0,4.076,5195.8,999.0,0,0.0,0.0,0.0,1,8,0.0,1,11,1,1
14980,31.0,1,999,0,1.1,93.994,-36.4,4.857,5191.0,999.0,0,0.0,0.0,1.0,2,5,0.0,4,5,2,1
14981,31.0,3,999,1,-0.1,93.2,-42.0,4.153,5195.8,999.0,2,1.0,0.0,0.0,2,5,0.0,6,11,1,2
14982,30.0,1,999,0,-0.1,93.2,-42.0,4.076,5195.8,999.0,0,1.0,0.0,0.0,1,6,0.0,5,11,1,1
14983,31.0,2,999,0,1.1,93.994,-36.4,4.857,5191.0,999.0,0,1.0,0.0,1.0,2,4,0.0,4,5,1,1
14984,35.0,1,999,1,-1.8,92.893,-46.2,1.334,5099.1,999.0,2,1.0,0.0,0.0,1,5,0.0,9,5,1,2
14985,30.0,4,999,0,1.4,93.444,-36.1,4.964,5228.1,999.0,0,1.0,0.0,0.0,1,7,0.0,6,8,1,1
14986,37.0,1,999,0,1.4,93.444,-36.1,4.965,5228.1,999.0,0,1.0,0.0,0.0,1,8,0.0,5,8,1,1
14987,31.0,4,999,0,1.4,93.918,-42.7,4.962,5228.1,999.0,0,0.0,0.0,0.0,1,7,0.0,6,7,1,1
14988,28.0,2,999,0,1.4,93.918,-42.7,4.96,5228.1,999.0,0,1.0,0.0,0.0,2,8,0.0,5,7,2,1
14989,45.0,1,999,0,1.4,94.465,-41.8,4.959,5228.1,999.0,0,0.0,1.0,1.0,2,8,0.0,4,6,1,1
14990,29.0,3,999,0,1.4,93.444,-36.1,4.963,5228.1,999.0,0,0.0,0.0,0.0,2,8,0.0,5,8,1,1
14991,33.0,2,999,0,1.4,94.465,-41.8,4.961,5228.1,999.0,0,0.0,1.0,1.0,2,7,0.0,3,6,1,1
14992,31.0,2,999,0,1.4,94.465,-41.8,4.961,5228.1,999.0,0,1.0,0.0,1.0,2,2,0.0,3,6,2,1
14993,31.0,1,999,0,1.4,93.444,-36.1,4.968,5228.1,999.0,0,0.0,0.0,0.0,2,7,0.0,5,8,1,1
14994,59.0,1,999,0,1.1,93.994,-36.4,4.859,5191.0,999.0,0,1.0,0.0,1.0,3,4,0.0,8,5,1,1
14995,31.0,1,999,0,1.4,93.444,-36.1,4.968,5228.1,999.0,0,0.0,0.0,0.0,2,7,0.0,6,8,1,1
14996,31.0,2,999,0,1.4,93.444,-36.1,4.965,5228.1,999.0,0,1.0,0.0,0.0,2,7,0.0,5,8,1,1
14997,30.0,4,999,1,-1.8,92.893,-46.2,1.281,5099.1,999.0,3,0.0,0.0,0.0,2,4,0.0,5,5,1,2
14998,29.0,3,999,0,1.4,94.465,-41.8,4.959,5228.1,999.0,0,1.0,0.0,1.0,2,5,0.0,6,6,1,1
14999,31.0,6,999,0,-2.9,92.963,-40.8,1.244,5076.2,999.0,0,0.0,0.0,0.0,2,6,0.0,9,6,1,1
15000,60.0,1,10,3,-1.1,94.601,-49.5,0.972,4963.6,0.333333333333,3,1.0,1.0,0.0,2,2,0.0,8,10,1,2
15001,31.0,1,999,0,-0.1,93.2,-42.0,4.153,5195.8,999.0,0,0.0,0.0,0.0,1,5,0.0,3,11,1,1
15002,43.0,4,999,0,1.4,93.918,-42.7,4.962,5228.1,999.0,0,1.0,0.0,0.0,3,4,0.0,10,7,2,1
15003,48.0,2,999,0,1.4,93.918,-42.7,4.963,5228.1,999.0,0,1.0,1.0,0.0,2,8,0.0,6,7,1,1
15004,31.0,2,999,0,1.1,93.994,-36.4,4.859,5191.0,999.0,0,1.0,0.0,1.0,2,5,0.0,9,5,1,1
15005,35.0,1,999,1,-3.4,92.431,-26.9,0.74,5017.5,999.0,2,0.0,0.0,0.0,2,7,0.0,6,10,1,2
15006,42.0,2,999,0,-0.1,93.2,-42.0,4.153,5195.8,999.0,0,0.0,0.0,0.0,2,3,0.0,4,11,1,1
15007,31.0,1,999,1,-1.8,92.893,-46.2,1.344,5099.1,999.0,2,1.0,0.0,0.0,2,5,0.0,9,5,1,2
15008,59.0,2,999,0,1.4,93.444,-36.1,4.965,5228.1,999.0,0,1.0,0.0,0.0,2,2,0.0,4,8,1,1
15009,25.0,1,999,1,-3.4,92.431,-26.9,0.739,5017.5,999.0,2,1.0,1.0,0.0,1,7,0.0,6,10,1,2
15010,31.0,1,999,0,1.4,93.918,-42.7,4.958,5228.1,999.0,0,1.0,0.0,0.0,2,2,0.0,4,7,1,1
15011,31.0,1,999,0,-1.8,92.893,-46.2,1.264,5099.1,999.0,0,0.0,0.0,0.0,3,8,0.0,6,5,2,1
15012,42.0,3,999,0,1.4,94.465,-41.8,4.865,5228.1,999.0,0,0.0,0.0,1.0,2,4,0.0,4,6,2,1
15013,54.0,1,999,0,1.4,93.444,-36.1,4.964,5228.1,999.0,0,0.0,0.0,0.0,2,7,0.0,6,8,1,1
15014,52.0,1,999,0,-1.8,92.893,-46.2,1.244,5099.1,999.0,0,0.0,0.0,0.0,2,4,0.0,4,5,1,1
15015,31.0,8,999,0,1.4,94.465,-41.8,4.959,5228.1,999.0,0,1.0,0.0,1.0,2,8,0.0,4,6,1,1
15016,32.0,1,999,0,-0.1,93.2,-42.0,4.076,5195.8,999.0,0,1.0,1.0,0.0,2,6,0.0,6,11,1,1
15017,34.0,9,999,0,-1.8,92.893,-46.2,1.25,5099.1,999.0,0,0.0,0.0,0.0,1,5,0.0,6,5,1,1
15018,39.0,1,999,0,-0.1,93.2,-42.0,4.021,5195.8,999.0,0,1.0,0.0,0.0,3,8,0.0,9,11,1,1
15019,31.0,1,999,0,-1.8,92.893,-46.2,1.244,5099.1,999.0,0,1.0,0.0,0.0,2,4,0.0,4,5,2,1
15020,36.0,1,999,0,1.1,93.994,-36.4,4.857,5191.0,999.0,0,1.0,0.0,1.0,2,5,0.0,5,5,2,1
15021,32.0,1,999,0,1.1,93.994,-36.4,4.855,5191.0,999.0,0,0.0,0.0,1.0,1,7,0.0,3,5,1,1
15022,35.0,1,999,0,1.4,93.918,-42.7,4.962,5228.1,999.0,0,1.0,0.0,0.0,3,4,0.0,4,7,1,1
15023,31.0,2,999,0,1.4,93.918,-42.7,4.962,5228.1,999.0,0,0.0,0.0,0.0,2,4,0.0,4,7,1,1
15024,31.0,2,999,0,1.1,93.994,-36.4,4.859,5191.0,999.0,0,1.0,1.0,1.0,1,7,0.0,6,5,1,1
15025,37.0,1,999,0,-1.8,93.075,-47.1,1.405,5099.1,999.0,0,0.0,0.0,0.0,3,5,0.0,5,4,1,1
15026,53.0,7,999,0,1.4,94.465,-41.8,4.959,5228.1,999.0,0,1.0,0.0,1.0,2,4,0.0,3,6,1,1
15027,56.0,3,999,0,1.1,93.994,-36.4,4.857,5191.0,999.0,0,1.0,0.0,1.0,2,8,0.0,5,5,2,1
15028,31.0,2,999,0,-3.4,92.649,-30.1,0.715,5017.5,999.0,0,1.0,0.0,0.0,3,8,0.0,8,11,1,1
15029,47.0,1,999,0,1.4,94.465,-41.8,4.961,5228.1,999.0,0,0.0,0.0,1.0,2,7,0.0,6,6,1,1
15030,31.0,3,999,1,-1.1,94.199,-37.5,0.879,4963.6,999.0,1,0.0,0.0,0.0,1,7,0.0,5,9,1,2
15031,45.0,3,999,1,-1.8,93.075,-47.1,1.41,5099.1,999.0,5,0.0,0.0,0.0,1,6,0.0,5,4,1,2
15032,59.0,1,999,0,-2.9,92.201,-31.4,0.883,5076.2,999.0,0,0.0,0.0,1.0,3,6,0.0,6,8,1,1
15033,70.0,1,3,2,-3.4,92.379,-29.8,0.77,5017.5,0.1,6,0.0,0.0,0.0,2,2,0.0,8,9,1,3
15034,31.0,3,999,0,-1.8,93.075,-47.1,1.405,5099.1,999.0,0,0.0,0.0,0.0,2,8,0.0,6,4,1,1
15035,54.0,1,3,1,-1.8,92.893,-46.2,1.27,5099.1,0.1,1,0.0,0.0,0.0,2,8,0.0,10,5,1,3
15036,31.0,2,999,0,1.4,93.918,-42.7,4.963,5228.1,999.0,0,1.0,0.0,1.0,1,5,0.0,6,7,1,1
15037,54.0,4,999,0,1.4,94.465,-41.8,4.961,5228.1,999.0,0,1.0,0.0,1.0,2,8,0.0,2,6,2,1
15038,44.0,1,999,2,-1.8,92.893,-46.2,1.299,5099.1,999.0,2,1.0,0.0,0.0,2,4,0.0,6,5,2,2
15039,28.0,1,999,1,-1.7,94.027,-38.3,0.899,4991.6,999.0,1,0.0,1.0,0.0,1,8,0.0,10,8,1,2
15040,31.0,3,999,0,1.4,93.918,-42.7,4.961,5228.1,999.0,0,1.0,0.0,0.0,2,6,0.0,5,7,1,1
15041,37.0,6,999,0,-0.1,93.2,-42.0,4.021,5195.8,999.0,0,1.0,0.0,0.0,2,8,0.0,5,11,1,1
15042,31.0,1,999,0,1.4,93.444,-36.1,4.97,5228.1,999.0,0,1.0,0.0,0.0,2,4,0.0,4,8,1,1
15043,39.0,2,999,0,-0.1,93.2,-42.0,4.12,5195.8,999.0,0,0.0,0.0,0.0,2,7,0.0,6,11,1,1
15044,34.0,1,999,2,-1.7,94.215,-40.3,0.81,4991.6,999.0,0,1.0,0.0,0.0,2,7,0.0,6,7,1,2
15045,28.0,7,999,0,1.4,93.918,-42.7,4.962,5228.1,999.0,0,1.0,0.0,0.0,1,7,0.0,5,7,1,1
15046,46.0,1,999,0,1.4,93.444,-36.1,4.966,5228.1,999.0,0,0.0,0.0,0.0,2,6,0.0,6,8,1,1
15047,42.0,2,999,0,1.4,93.444,-36.1,4.968,5228.1,999.0,0,1.0,0.0,0.0,3,8,0.0,5,8,1,1
15048,46.0,2,999,0,1.1,93.994,-36.4,4.857,5191.0,999.0,0,0.0,0.0,1.0,2,4,0.0,1,5,2,1
15049,31.0,1,999,0,1.4,93.918,-42.7,4.962,5228.1,999.0,0,1.0,0.0,0.0,3,6,0.0,5,7,1,1
15050,31.0,1,999,0,-1.8,92.893,-46.2,1.327,5099.1,999.0,0,1.0,0.0,0.0,2,8,0.0,4,5,1,1
15051,57.0,2,999,0,1.4,93.444,-36.1,4.97,5228.1,999.0,0,1.0,0.0,0.0,2,5,0.0,6,8,2,1
15052,31.0,1,999,0,1.4,93.918,-42.7,4.962,5228.1,999.0,0,0.0,1.0,0.0,2,2,0.0,4,7,1,1
15053,31.0,1,999,1,-1.8,92.893,-46.2,1.334,5099.1,999.0,3,1.0,0.0,0.0,1,7,0.0,5,5,1,2
15054,33.0,3,999,0,1.1,93.994,-36.4,4.857,5191.0,999.0,0,0.0,0.0,1.0,1,7,0.0,1,5,1,1
15055,45.0,1,999,1,-0.1,93.2,-42.0,4.12,5195.8,999.0,3,1.0,1.0,0.0,3,6,0.0,5,11,1,2
15056,31.0,2,999,0,1.4,93.444,-36.1,4.968,5228.1,999.0,0,1.0,0.0,0.0,1,7,0.0,5,8,1,1
15057,44.0,2,999,0,1.1,93.994,-36.4,4.86,5191.0,999.0,0,0.0,0.0,1.0,2,2,0.0,4,5,1,1
15058,31.0,1,999,0,1.4,93.444,-36.1,4.963,5228.1,999.0,0,0.0,0.0,1.0,2,3,0.0,9,8,2,1
15059,50.0,6,999,0,1.4,93.918,-42.7,4.962,5228.1,999.0,0,0.0,0.0,0.0,3,7,0.0,3,7,2,1
15060,27.0,1,4,1,-1.8,93.749,-34.6,0.635,5008.7,0.133333333333,3,1.0,0.0,1.0,1,8,0.0,11,4,1,3
15061,31.0,1,999,0,1.4,93.918,-42.7,4.958,5228.1,999.0,0,1.0,1.0,0.0,3,8,0.0,1,7,1,1
15062,50.0,8,999,0,1.4,93.918,-42.7,4.962,5228.1,999.0,0,0.0,1.0,0.0,1,6,0.0,5,7,2,1
15063,31.0,1,999,0,-2.9,92.963,-40.8,1.26,5076.2,999.0,0,0.0,0.0,0.0,1,7,0.0,6,6,1,1
15064,37.0,1,999,0,-2.9,92.201,-31.4,0.879,5076.2,999.0,0,1.0,0.0,0.0,1,6,0.0,4,8,1,1
15065,31.0,6,999,1,-1.8,92.893,-46.2,1.291,5099.1,999.0,2,1.0,0.0,0.0,2,4,0.0,4,5,1,2
15066,24.0,1,999,0,1.1,93.994,-36.4,4.857,5191.0,999.0,0,1.0,0.0,1.0,2,2,0.0,4,5,1,1
15067,38.0,3,999,0,-1.8,92.893,-46.2,1.244,5099.1,999.0,0,1.0,1.0,0.0,2,5,0.0,6,5,2,1
15068,39.0,1,999,0,1.4,94.465,-41.8,4.958,5228.1,999.0,0,1.0,0.0,1.0,2,7,0.0,6,6,1,1
15069,37.0,2,999,0,-1.8,92.893,-46.2,1.327,5099.1,999.0,0,0.0,0.0,0.0,2,8,0.0,9,5,1,1
15070,32.0,1,999,0,1.1,93.994,-36.4,4.86,5191.0,999.0,0,0.0,0.0,1.0,1,6,0.0,9,5,1,1
15071,41.0,2,999,0,1.4,93.444,-36.1,4.963,5228.1,999.0,0,0.0,0.0,0.0,2,5,0.0,5,8,2,1
15072,43.0,1,999,0,-2.9,92.963,-40.8,1.262,5076.2,999.0,0,0.0,1.0,0.0,2,8,0.0,6,6,1,1
15073,26.0,3,999,0,-1.8,92.893,-46.2,1.266,5099.1,999.0,0,0.0,0.0,0.0,1,8,0.0,6,5,1,1
15074,43.0,1,999,1,-1.8,92.893,-46.2,1.344,5099.1,999.0,1,1.0,0.0,0.0,2,3,0.0,4,5,1,2
15075,36.0,1,999,0,1.4,93.444,-36.1,4.965,5228.1,999.0,0,1.0,0.0,0.0,2,6,0.0,5,8,2,1
15076,53.0,4,999,0,-0.1,93.2,-42.0,4.021,5195.8,999.0,0,1.0,0.0,0.0,2,7,0.0,3,11,1,1
15077,35.0,6,999,0,1.1,93.994,-36.4,4.857,5191.0,999.0,0,0.0,0.0,1.0,2,3,0.0,9,5,2,1
15078,33.0,1,999,0,1.4,93.444,-36.1,4.964,5228.1,999.0,0,1.0,1.0,0.0,2,7,0.0,10,8,1,1
15079,55.0,3,999,0,-2.9,92.963,-40.8,1.252,5076.2,999.0,0,1.0,0.0,0.0,2,8,0.0,3,6,1,1
15080,35.0,7,999,0,1.4,93.444,-36.1,4.962,5228.1,999.0,0,1.0,1.0,0.0,2,7,0.0,6,8,1,1
15081,32.0,2,5,1,-0.1,93.2,-42.0,4.191,5195.8,0.166666666667,2,0.0,0.0,0.0,2,4,0.0,4,11,2,3
15082,37.0,7,999,0,1.4,94.465,-41.8,4.961,5228.1,999.0,0,0.0,0.0,1.0,2,6,0.0,4,6,1,1
15083,56.0,2,999,0,-2.9,92.201,-31.4,0.859,5076.2,999.0,0,1.0,0.0,0.0,2,8,0.0,3,8,1,1
15084,31.0,1,999,0,1.4,93.444,-36.1,4.966,5228.1,999.0,0,1.0,0.0,0.0,2,8,0.0,7,8,1,1
15085,55.0,4,999,0,1.4,94.465,-41.8,4.959,5228.1,999.0,0,1.0,0.0,1.0,2,2,0.0,10,6,1,1
15086,33.0,2,999,0,1.1,93.994,-36.4,4.856,5191.0,999.0,0,1.0,0.0,1.0,2,7,0.0,5,5,1,1
15087,31.0,1,999,0,1.4,93.444,-36.1,4.964,5228.1,999.0,0,1.0,0.0,0.0,2,7,0.0,6,8,1,1
15088,31.0,1,999,0,-0.1,93.2,-42.0,4.021,5195.8,999.0,0,0.0,0.0,0.0,2,5,0.0,11,11,1,1
15089,31.0,2,999,0,-1.8,92.893,-46.2,1.281,5099.1,999.0,0,0.0,0.0,0.0,1,7,0.0,3,5,1,1
15090,36.0,1,999,0,-0.1,93.2,-42.0,4.12,5195.8,999.0,0,1.0,0.0,0.0,1,7,0.0,7,11,1,1
15091,49.0,3,999,0,1.4,93.918,-42.7,4.961,5228.1,999.0,0,0.0,0.0,0.0,1,7,0.0,6,7,1,1
15092,35.0,4,999,0,1.1,93.994,-36.4,4.857,5191.0,999.0,0,1.0,0.0,1.0,1,8,0.0,6,5,1,1
15093,31.0,1,999,0,-1.8,93.075,-47.1,1.41,5099.1,999.0,0,0.0,0.0,0.0,1,8,0.0,6,4,1,1
15094,30.0,5,999,0,1.4,93.918,-42.7,4.962,5228.1,999.0,0,1.0,0.0,0.0,2,2,0.0,4,7,1,1
15095,31.0,17,999,0,1.1,93.994,-36.4,4.859,5191.0,999.0,0,0.0,1.0,1.0,2,8,0.0,7,5,1,1
15096,31.0,1,999,0,-0.1,93.2,-42.0,4.076,5195.8,999.0,0,1.0,0.0,0.0,2,8,0.0,9,11,1,1
15097,38.0,1,999,0,1.1,93.994,-36.4,4.855,5191.0,999.0,0,1.0,0.0,1.0,1,4,0.0,4,5,1,1
15098,32.0,3,999,0,1.4,93.918,-42.7,4.96,5228.1,999.0,0,1.0,0.0,1.0,2,5,0.0,6,7,2,1
15099,31.0,3,999,0,1.4,93.918,-42.7,4.962,5228.1,999.0,0,0.0,0.0,0.0,1,4,0.0,4,7,1,1
15100,31.0,1,999,0,1.4,94.465,-41.8,4.962,5228.1,999.0,0,0.0,0.0,1.0,1,5,0.0,9,6,1,1
15101,55.0,2,999,0,1.1,93.994,-36.4,4.857,5191.0,999.0,0,1.0,0.0,1.0,3,7,0.0,6,5,1,1
15102,58.0,1,999,0,-1.8,92.893,-46.2,1.25,5099.1,999.0,0,1.0,1.0,0.0,2,7,0.0,3,5,1,1
15103,37.0,2,999,2,-1.8,93.075,-47.1,1.41,5099.1,999.0,4,1.0,0.0,1.0,1,8,0.0,5,4,1,2
15104,29.0,1,999,0,1.4,93.444,-36.1,4.964,5228.1,999.0,0,0.0,0.0,0.0,1,8,0.0,5,8,1,1
15105,31.0,2,999,0,1.1,93.994,-36.4,4.857,5191.0,999.0,0,1.0,0.0,1.0,3,6,0.0,8,5,2,1
15106,46.0,1,999,0,1.1,93.994,-36.4,4.856,5191.0,999.0,0,0.0,0.0,1.0,2,2,0.0,4,5,1,1
15107,42.0,3,999,0,-0.1,93.2,-42.0,4.12,5195.8,999.0,0,1.0,0.0,0.0,2,2,0.0,4,11,1,1
15108,58.0,4,999,0,1.4,94.465,-41.8,4.967,5228.1,999.0,0,1.0,1.0,1.0,2,5,0.0,2,6,1,1
15109,23.0,1,999,1,-2.9,92.963,-40.8,1.26,5076.2,999.0,1,0.0,0.0,0.0,1,5,0.0,6,6,2,2
15110,31.0,2,999,0,1.4,94.465,-41.8,4.959,5228.1,999.0,0,1.0,1.0,1.0,2,6,0.0,5,6,1,1
15111,27.0,4,999,0,-1.8,93.369,-34.8,0.635,5008.7,999.0,0,0.0,0.0,0.0,1,7,0.0,6,3,1,1
15112,26.0,3,999,0,1.1,93.994,-36.4,4.855,5191.0,999.0,0,0.0,0.0,1.0,1,5,0.0,9,5,1,1
15113,31.0,1,999,0,1.4,93.444,-36.1,4.963,5228.1,999.0,0,0.0,0.0,0.0,2,6,1.0,5,8,1,1
15114,55.0,3,999,0,1.4,93.444,-36.1,4.965,5228.1,999.0,0,1.0,0.0,0.0,3,6,0.0,5,8,1,1
15115,44.0,1,999,1,-1.8,92.893,-46.2,1.313,5099.1,999.0,3,0.0,0.0,0.0,2,8,0.0,6,5,1,2
15116,22.0,1,999,0,1.1,93.994,-36.4,4.856,5191.0,999.0,0,1.0,1.0,1.0,1,8,0.0,4,5,1,1
15117,54.0,2,10,1,-1.8,92.893,-46.2,1.299,5099.1,0.333333333333,4,0.0,0.0,0.0,3,8,0.0,4,5,2,3
15118,49.0,1,999,0,1.1,93.994,-36.4,4.86,5191.0,999.0,0,1.0,0.0,1.0,2,8,0.0,9,5,1,1
15119,61.0,2,999,1,-3.4,92.431,-26.9,0.722,5017.5,999.0,7,0.0,0.0,0.0,2,6,0.0,5,10,1,2
15120,24.0,1,999,0,1.4,93.918,-42.7,4.959,5228.1,999.0,0,0.0,0.0,1.0,1,4,0.0,4,7,1,1
15121,38.0,1,999,0,1.4,93.918,-42.7,4.962,5228.1,999.0,0,0.0,0.0,0.0,3,8,0.0,4,7,1,1
15122,43.0,7,999,1,-1.8,92.893,-46.2,1.344,5099.1,999.0,0,1.0,1.0,0.0,3,2,0.0,4,5,1,2
15123,31.0,1,999,0,1.4,93.444,-36.1,4.968,5228.1,999.0,0,1.0,0.0,0.0,2,8,0.0,5,8,1,1
15124,40.0,5,999,1,-1.8,92.893,-46.2,1.244,5099.1,999.0,3,0.0,0.0,0.0,1,5,0.0,6,5,2,2
15125,37.0,6,999,0,-1.8,92.893,-46.2,1.266,5099.1,999.0,0,0.0,1.0,0.0,2,5,0.0,5,5,1,1
15126,32.0,2,999,0,1.4,94.465,-41.8,4.961,5228.1,999.0,0,1.0,1.0,1.0,2,4,0.0,1,6,1,1
15127,36.0,5,999,0,-0.1,93.2,-42.0,4.153,5195.8,999.0,0,0.0,0.0,0.0,2,2,0.0,4,11,1,1
15128,28.0,1,999,0,1.1,93.994,-36.4,4.855,5191.0,999.0,0,1.0,0.0,1.0,1,8,0.0,9,5,1,1
15129,36.0,1,999,0,-1.8,93.075,-47.1,1.405,5099.1,999.0,0,0.0,0.0,0.0,1,8,0.0,6,4,1,1
15130,55.0,4,999,0,1.4,93.444,-36.1,4.962,5228.1,999.0,0,1.0,1.0,0.0,2,2,0.0,4,8,1,1
15131,25.0,1,999,0,1.4,93.918,-42.7,4.963,5228.1,999.0,0,0.0,0.0,0.0,1,5,0.0,6,7,1,1
15132,31.0,2,999,0,-1.8,92.893,-46.2,1.264,5099.1,999.0,0,1.0,0.0,0.0,2,7,0.0,6,5,2,1
15133,31.0,1,999,0,1.4,94.465,-41.8,4.959,5228.1,999.0,0,0.0,0.0,1.0,2,8,0.0,4,6,1,1
15134,31.0,1,999,1,-1.8,93.369,-34.8,0.646,5008.7,999.0,2,1.0,0.0,1.0,2,7,0.0,6,3,1,2
15135,31.0,1,999,0,1.4,93.918,-42.7,4.96,5228.1,999.0,0,1.0,1.0,0.0,1,5,0.0,9,7,2,1
15136,47.0,1,999,0,1.4,93.918,-42.7,4.961,5228.1,999.0,0,1.0,1.0,0.0,2,4,0.0,5,7,1,1
15137,45.0,7,999,0,-1.8,92.893,-46.2,1.244,5099.1,999.0,0,1.0,0.0,0.0,1,5,0.0,4,5,2,1
15138,31.0,3,999,0,1.1,93.994,-36.4,4.856,5191.0,999.0,0,1.0,0.0,1.0,2,8,0.0,3,5,1,1
15139,31.0,5,999,0,1.4,93.444,-36.1,4.965,5228.1,999.0,0,0.0,0.0,0.0,3,5,0.0,5,8,2,1
15140,38.0,1,999,2,-3.4,92.431,-26.9,0.742,5017.5,999.0,4,0.0,1.0,0.0,3,6,0.0,5,10,1,2
15141,31.0,2,999,0,1.1,93.994,-36.4,4.856,5191.0,999.0,0,0.0,0.0,1.0,2,8,0.0,2,5,1,1
15142,34.0,6,999,0,1.1,93.994,-36.4,4.859,5191.0,999.0,0,1.0,1.0,1.0,1,8,0.0,4,5,1,1
15143,31.0,1,999,0,1.4,93.918,-42.7,4.962,5228.1,999.0,0,0.0,0.0,0.0,3,8,0.0,6,7,1,1
15144,34.0,2,999,0,1.4,93.918,-42.7,4.96,5228.1,999.0,0,1.0,0.0,0.0,2,4,0.0,4,7,2,1
15145,59.0,2,999,1,-1.8,92.893,-46.2,1.266,5099.1,999.0,3,0.0,0.0,0.0,2,7,0.0,1,5,1,2
15146,30.0,1,999,1,-1.7,94.055,-39.8,0.748,4991.6,999.0,4,0.0,1.0,0.0,2,7,0.0,5,6,1,2
15147,32.0,1,999,0,1.4,94.465,-41.8,4.967,5228.1,999.0,0,0.0,0.0,1.0,2,6,0.0,4,6,1,1
15148,38.0,2,999,0,-1.8,93.075,-47.1,1.405,5099.1,999.0,0,0.0,0.0,0.0,2,5,0.0,9,4,2,1
15149,29.0,1,5,2,-1.1,94.601,-49.5,0.972,4963.6,0.166666666667,4,1.0,0.0,0.0,2,8,0.0,5,10,1,3
15150,39.0,1,999,0,1.4,94.465,-41.8,4.947,5228.1,999.0,0,1.0,1.0,1.0,1,5,0.0,6,6,2,1
15151,45.0,2,999,0,1.4,93.444,-36.1,4.963,5228.1,999.0,0,1.0,0.0,0.0,2,5,0.0,6,8,1,1
15152,46.0,2,999,0,1.4,93.918,-42.7,4.958,5228.1,999.0,0,0.0,0.0,0.0,2,2,0.0,4,7,1,1
15153,31.0,3,999,0,1.4,94.465,-41.8,4.865,5228.1,999.0,0,0.0,0.0,1.0,1,7,0.0,6,6,2,1
15154,34.0,1,999,0,1.1,93.994,-36.4,4.864,5191.0,999.0,0,0.0,1.0,1.0,2,5,0.0,9,5,1,1
15155,39.0,1,999,0,1.4,93.918,-42.7,4.963,5228.1,999.0,0,1.0,0.0,0.0,2,4,0.0,4,7,1,1
15156,31.0,2,999,0,1.4,93.444,-36.1,4.963,5228.1,999.0,0,1.0,1.0,0.0,2,2,0.0,6,8,1,1
15157,36.0,1,999,0,-0.1,93.2,-42.0,4.021,5195.8,999.0,0,1.0,0.0,0.0,2,3,0.0,6,11,1,1
15158,45.0,4,999,0,1.4,94.465,-41.8,4.959,5228.1,999.0,0,1.0,0.0,1.0,2,4,0.0,3,6,1,1
15159,31.0,3,999,0,1.1,93.994,-36.4,4.858,5191.0,999.0,0,1.0,1.0,1.0,2,2,0.0,4,5,1,1
15160,50.0,2,999,0,1.1,93.994,-36.4,4.857,5191.0,999.0,0,1.0,0.0,1.0,2,2,0.0,2,5,1,1
15161,48.0,4,999,0,1.1,93.994,-36.4,4.86,5191.0,999.0,0,0.0,0.0,1.0,2,5,0.0,4,5,1,1
15162,31.0,1,999,0,-1.8,92.893,-46.2,1.244,5099.1,999.0,0,0.0,0.0,0.0,3,5,0.0,5,5,2,1
15163,26.0,3,999,0,1.4,93.918,-42.7,4.963,5228.1,999.0,0,0.0,0.0,0.0,2,5,0.0,4,7,1,1
15164,32.0,4,999,0,1.4,93.444,-36.1,4.964,5228.1,999.0,0,1.0,0.0,0.0,2,5,0.0,5,8,1,1
15165,29.0,3,999,0,1.4,93.444,-36.1,4.966,5228.1,999.0,0,1.0,0.0,0.0,1,7,0.0,6,8,1,1
15166,37.0,3,999,0,1.4,94.465,-41.8,4.962,5228.1,999.0,0,0.0,0.0,1.0,1,7,0.0,5,6,1,1
15167,28.0,3,999,0,1.4,93.918,-42.7,4.962,5228.1,999.0,0,0.0,1.0,0.0,2,5,0.0,9,7,1,1
15168,31.0,1,999,0,-0.1,93.2,-42.0,4.12,5195.8,999.0,0,1.0,1.0,0.0,1,7,0.0,6,11,1,1
15169,31.0,2,999,0,1.4,93.444,-36.1,4.963,5228.1,999.0,0,0.0,0.0,0.0,1,8,0.0,5,8,2,1
15170,28.0,1,999,2,-1.8,92.893,-46.2,1.266,5099.1,999.0,4,0.0,0.0,0.0,1,7,0.0,6,5,1,2
15171,31.0,1,999,0,1.4,93.918,-42.7,4.968,5228.1,999.0,0,0.0,0.0,1.0,2,5,0.0,9,7,1,1
15172,41.0,1,999,0,-1.8,92.893,-46.2,1.281,5099.1,999.0,0,1.0,0.0,0.0,1,8,0.0,4,5,1,1
15173,29.0,5,999,0,-1.8,93.749,-34.6,0.659,5008.7,999.0,0,1.0,0.0,0.0,1,8,0.0,9,4,1,1
15174,60.0,3,999,1,-1.7,94.055,-39.8,0.723,4991.6,999.0,0,1.0,0.0,0.0,2,2,0.0,2,6,1,2
15175,31.0,1,999,0,-0.1,93.2,-42.0,4.191,5195.8,999.0,0,1.0,0.0,0.0,2,8,0.0,5,11,2,1
15176,32.0,1,999,0,-0.1,93.2,-42.0,4.153,5195.8,999.0,0,0.0,0.0,0.0,1,7,0.0,6,11,1,1
15177,30.0,2,3,1,-1.7,94.215,-40.3,0.797,4991.6,0.1,6,1.0,0.0,0.0,1,7,0.0,6,7,1,3
15178,33.0,4,999,0,1.4,93.444,-36.1,4.966,5228.1,999.0,0,0.0,0.0,0.0,2,8,0.0,5,8,1,1
15179,37.0,2,999,0,-1.8,92.893,-46.2,1.266,5099.1,999.0,0,1.0,0.0,0.0,1,8,0.0,2,5,1,1
15180,26.0,1,999,0,-1.8,92.893,-46.2,1.266,5099.1,999.0,0,1.0,1.0,0.0,1,8,0.0,11,5,1,1
15181,30.0,1,999,0,1.4,93.444,-36.1,4.968,5228.1,999.0,0,1.0,0.0,0.0,1,8,0.0,5,8,1,1
15182,44.0,1,999,0,1.4,94.465,-41.8,4.866,5228.1,999.0,0,0.0,0.0,1.0,2,7,0.0,3,6,1,1
15183,53.0,1,999,0,1.1,93.994,-36.4,4.856,5191.0,999.0,0,1.0,0.0,1.0,2,7,0.0,6,5,1,1
15184,39.0,3,999,1,-1.8,93.749,-34.6,0.64,5008.7,999.0,3,0.0,0.0,0.0,2,6,0.0,5,4,1,2
15185,34.0,3,999,1,-1.1,94.199,-37.5,0.882,4963.6,999.0,2,0.0,0.0,0.0,2,7,0.0,10,9,2,2
15186,20.0,2,999,0,-1.8,93.075,-47.1,1.365,5099.1,999.0,0,1.0,0.0,0.0,1,8,0.0,11,4,1,1
15187,26.0,2,999,0,-1.8,92.893,-46.2,1.299,5099.1,999.0,0,0.0,1.0,0.0,1,8,0.0,11,5,2,1
15188,46.0,2,999,0,1.1,93.994,-36.4,4.856,5191.0,999.0,0,0.0,0.0,1.0,2,4,0.0,4,5,1,1
15189,27.0,1,999,0,-1.8,92.893,-46.2,1.266,5099.1,999.0,0,1.0,1.0,0.0,1,8,0.0,11,5,1,1
15190,45.0,12,999,0,-1.8,92.893,-46.2,1.291,5099.1,999.0,0,1.0,1.0,0.0,1,8,0.0,6,5,1,1
15191,27.0,1,999,0,1.1,93.994,-36.4,4.856,5191.0,999.0,0,1.0,0.0,1.0,2,4,0.0,4,5,1,1
15192,31.0,1,999,1,-0.1,93.2,-42.0,4.191,5195.8,999.0,3,1.0,0.0,0.0,3,7,0.0,3,11,2,2
15193,31.0,1,999,0,1.4,93.918,-42.7,4.962,5228.1,999.0,0,0.0,0.0,1.0,2,2,0.0,4,7,1,1
15194,50.0,3,999,0,1.4,93.918,-42.7,4.961,5228.1,999.0,0,0.0,0.0,0.0,2,6,0.0,6,7,1,1
15195,31.0,1,7,1,-1.8,93.876,-40.0,0.668,5008.7,0.233333333333,2,0.0,0.0,0.0,1,5,0.0,11,5,1,3
15196,49.0,12,999,0,1.1,93.994,-36.4,4.858,5191.0,999.0,0,1.0,0.0,1.0,2,2,0.0,4,5,2,1
15197,47.0,3,999,0,1.4,93.918,-42.7,4.962,5228.1,999.0,0,0.0,0.0,0.0,1,7,0.0,3,7,1,1
15198,46.0,3,999,0,1.1,93.994,-36.4,4.857,5191.0,999.0,0,1.0,0.0,1.0,1,5,0.0,6,5,1,1
15199,31.0,1,999,0,-1.8,92.843,-50.0,1.51,5099.1,999.0,0,1.0,0.0,0.0,1,8,0.0,6,3,1,1
15200,40.0,1,999,0,1.4,93.918,-42.7,4.96,5228.1,999.0,0,0.0,0.0,0.0,2,4,0.0,5,7,2,1
15201,31.0,3,999,0,-1.8,92.893,-46.2,1.291,5099.1,999.0,0,0.0,1.0,0.0,2,2,0.0,4,5,1,1
15202,31.0,1,999,1,-1.8,92.893,-46.2,1.266,5099.1,999.0,2,0.0,0.0,0.0,2,7,0.0,5,5,1,2
15203,46.0,2,999,0,-0.1,93.2,-42.0,4.076,5195.8,999.0,0,0.0,0.0,0.0,2,8,0.0,5,11,1,1
15204,48.0,3,999,0,1.4,93.918,-42.7,4.963,5228.1,999.0,0,0.0,0.0,0.0,2,8,0.0,5,7,1,1
15205,31.0,1,999,0,1.4,93.918,-42.7,4.963,5228.1,999.0,0,1.0,0.0,0.0,1,8,0.0,6,7,1,1
15206,31.0,1,999,0,-1.8,93.075,-47.1,1.405,5099.1,999.0,0,1.0,1.0,0.0,1,6,0.0,6,4,1,1
15207,37.0,3,999,0,1.4,93.918,-42.7,4.968,5228.1,999.0,0,0.0,0.0,0.0,3,8,0.0,9,7,1,1
15208,26.0,1,999,0,1.4,93.918,-42.7,4.958,5228.1,999.0,0,1.0,1.0,0.0,1,7,0.0,6,7,1,1
15209,63.0,2,6,1,-1.1,94.601,-49.5,0.987,4963.6,0.2,2,1.0,0.0,0.0,2,7,0.0,6,10,1,3
15210,31.0,1,999,0,1.4,93.444,-36.1,4.965,5228.1,999.0,0,0.0,0.0,0.0,2,6,0.0,5,8,1,1
15211,32.0,1,999,0,-1.8,93.075,-47.1,1.479,5099.1,999.0,0,0.0,0.0,0.0,2,8,0.0,9,4,1,1
15212,31.0,13,999,0,1.4,93.918,-42.7,4.961,5228.1,999.0,0,0.0,1.0,0.0,1,8,0.0,4,7,1,1
15213,24.0,1,999,0,1.4,94.465,-41.8,4.958,5228.1,999.0,0,0.0,1.0,1.0,2,8,0.0,4,6,1,1
15214,31.0,5,999,0,1.1,93.994,-36.4,4.86,5191.0,999.0,0,0.0,0.0,1.0,2,4,0.0,4,5,1,1
15215,59.0,1,999,0,1.4,94.465,-41.8,4.96,5228.1,999.0,0,1.0,0.0,1.0,2,8,0.0,4,6,2,1
15216,31.0,5,999,0,1.4,93.918,-42.7,4.961,5228.1,999.0,0,0.0,0.0,0.0,1,7,0.0,6,7,1,1
15217,31.0,1,3,3,-1.7,94.027,-38.3,0.904,4991.6,0.1,6,1.0,0.0,0.0,1,8,0.0,10,8,1,3
15218,29.0,1,999,0,1.4,93.918,-42.7,4.963,5228.1,999.0,0,1.0,0.0,0.0,1,8,0.0,4,7,1,1
15219,53.0,10,999,0,1.4,94.465,-41.8,4.961,5228.1,999.0,0,1.0,0.0,1.0,2,4,0.0,4,6,2,1
15220,31.0,1,999,0,-1.8,92.893,-46.2,1.281,5099.1,999.0,0,0.0,1.0,0.0,2,3,0.0,4,5,1,1
15221,53.0,10,999,0,-0.1,93.2,-42.0,4.12,5195.8,999.0,0,1.0,0.0,0.0,2,8,0.0,7,11,1,1
15222,32.0,3,999,1,-1.8,92.893,-46.2,1.291,5099.1,999.0,3,1.0,1.0,1.0,1,7,0.0,3,5,1,2
15223,29.0,1,999,0,-0.1,93.2,-42.0,4.153,5195.8,999.0,0,0.0,1.0,0.0,1,7,0.0,3,11,1,1
15224,36.0,2,999,0,-1.8,92.893,-46.2,1.334,5099.1,999.0,0,0.0,0.0,0.0,2,7,0.0,6,5,1,1
15225,31.0,3,999,0,1.4,93.444,-36.1,4.963,5228.1,999.0,0,1.0,0.0,0.0,1,7,0.0,2,8,1,1
15226,31.0,2,999,0,1.4,93.444,-36.1,4.964,5228.1,999.0,0,1.0,0.0,0.0,2,8,0.0,5,8,1,1
15227,27.0,2,999,0,-1.1,94.199,-37.5,0.879,4963.6,999.0,0,0.0,0.0,0.0,1,7,0.0,3,9,2,1
15228,51.0,1,999,0,1.4,93.918,-42.7,4.962,5228.1,999.0,0,1.0,0.0,1.0,2,8,0.0,4,7,1,1
15229,40.0,1,999,0,1.4,94.465,-41.8,4.866,5228.1,999.0,0,0.0,0.0,1.0,3,5,0.0,6,6,1,1
15230,31.0,1,999,1,-2.9,92.963,-40.8,1.26,5076.2,999.0,2,1.0,1.0,0.0,2,7,0.0,6,6,1,2
15231,28.0,4,999,0,-1.8,92.893,-46.2,1.25,5099.1,999.0,0,0.0,1.0,1.0,1,7,0.0,5,5,1,1
15232,33.0,2,999,1,-0.1,93.2,-42.0,4.153,5195.8,999.0,0,0.0,0.0,0.0,2,8,0.0,7,11,1,2
15233,37.0,1,999,0,1.4,94.465,-41.8,4.967,5228.1,999.0,0,1.0,0.0,1.0,1,8,0.0,4,6,1,1
15234,46.0,1,999,1,-2.9,92.963,-40.8,1.268,5076.2,999.0,1,0.0,0.0,1.0,2,8,0.0,5,6,1,2
15235,43.0,2,999,0,1.1,93.994,-36.4,4.857,5191.0,999.0,0,1.0,0.0,1.0,2,2,0.0,4,5,1,1
15236,40.0,2,999,0,-0.1,93.2,-42.0,4.12,5195.8,999.0,0,0.0,0.0,0.0,2,6,0.0,5,11,1,1
15237,31.0,1,999,0,-3.4,92.649,-30.1,0.72,5017.5,999.0,0,0.0,0.0,0.0,3,8,0.0,6,11,1,1
15238,31.0,3,999,0,1.4,94.465,-41.8,4.967,5228.1,999.0,0,1.0,1.0,1.0,2,2,0.0,4,6,1,1
15239,52.0,1,999,0,1.4,93.918,-42.7,4.961,5228.1,999.0,0,0.0,0.0,1.0,2,5,0.0,6,7,1,1
15240,37.0,1,999,1,-1.8,92.893,-46.2,1.299,5099.1,999.0,0,0.0,0.0,0.0,3,6,0.0,5,5,2,2
15241,42.0,1,999,0,1.1,93.994,-36.4,4.859,5191.0,999.0,0,1.0,1.0,1.0,2,2,0.0,4,5,1,1
15242,37.0,1,999,0,1.4,93.444,-36.1,4.965,5228.1,999.0,0,1.0,0.0,0.0,2,2,0.0,2,8,1,1
15243,53.0,1,999,0,1.4,94.465,-41.8,4.959,5228.1,999.0,0,0.0,0.0,1.0,3,8,0.0,1,6,1,1
15244,44.0,5,999,0,-2.9,92.469,-33.6,0.908,5076.2,999.0,0,0.0,0.0,0.0,3,5,0.0,6,7,1,1
15245,38.0,1,999,1,-1.8,93.075,-47.1,1.405,5099.1,999.0,3,1.0,0.0,0.0,2,4,0.0,4,4,1,2
15246,41.0,2,999,0,-1.8,92.893,-46.2,1.244,5099.1,999.0,0,1.0,0.0,0.0,1,7,0.0,6,5,2,1
15247,43.0,2,999,0,1.4,93.918,-42.7,4.962,5228.1,999.0,0,1.0,0.0,0.0,1,8,0.0,6,7,1,1
15248,18.0,1,999,0,-1.8,92.843,-50.0,1.687,5099.1,999.0,0,1.0,1.0,0.0,1,5,0.0,11,3,1,1
15249,37.0,2,999,0,-0.1,93.2,-42.0,4.021,5195.8,999.0,0,1.0,0.0,1.0,2,8,0.0,7,11,1,1
15250,31.0,1,999,0,-0.1,93.2,-42.0,4.12,5195.8,999.0,0,0.0,0.0,0.0,2,7,0.0,3,11,1,1
15251,41.0,2,999,0,1.4,94.465,-41.8,4.967,5228.1,999.0,0,1.0,0.0,1.0,2,8,0.0,3,6,1,1
15252,37.0,1,999,0,-1.8,92.893,-46.2,1.344,5099.1,999.0,0,0.0,1.0,0.0,2,7,0.0,3,5,1,1
15253,35.0,1,999,0,-1.8,92.893,-46.2,1.313,5099.1,999.0,0,1.0,0.0,0.0,2,7,0.0,6,5,1,1
15254,64.0,1,3,2,-2.9,92.201,-31.4,0.854,5076.2,0.1,6,1.0,0.0,0.0,2,2,0.0,8,8,1,3
15255,37.0,1,999,0,-1.8,92.893,-46.2,1.313,5099.1,999.0,0,1.0,0.0,0.0,2,8,0.0,1,5,1,1
15256,51.0,2,999,0,1.1,93.994,-36.4,4.856,5191.0,999.0,0,0.0,0.0,1.0,2,8,0.0,10,5,1,1
15257,42.0,3,999,0,-1.8,92.893,-46.2,1.334,5099.1,999.0,0,0.0,0.0,0.0,2,3,0.0,4,5,1,1
15258,43.0,10,999,0,1.1,93.994,-36.4,4.86,5191.0,999.0,0,1.0,0.0,1.0,2,8,0.0,6,5,1,1
15259,51.0,7,999,0,1.1,93.994,-36.4,4.857,5191.0,999.0,0,1.0,0.0,1.0,3,8,0.0,9,5,2,1
15260,25.0,28,999,0,1.4,93.918,-42.7,4.968,5228.1,999.0,0,1.0,0.0,0.0,1,4,0.0,6,7,1,1
15261,32.0,2,999,0,1.1,93.994,-36.4,4.86,5191.0,999.0,0,1.0,0.0,1.0,2,7,0.0,6,5,1,1
15262,51.0,1,999,0,1.4,93.444,-36.1,4.964,5228.1,999.0,0,1.0,0.0,0.0,2,2,0.0,4,8,1,1
15263,56.0,1,999,0,1.4,94.465,-41.8,4.958,5228.1,999.0,0,1.0,0.0,1.0,2,2,0.0,8,6,1,1
15264,31.0,2,999,0,1.4,94.465,-41.8,4.96,5228.1,999.0,0,1.0,0.0,1.0,2,8,0.0,6,6,2,1
15265,45.0,3,999,0,-1.8,92.893,-46.2,1.327,5099.1,999.0,0,1.0,1.0,0.0,2,2,0.0,4,5,1,1
15266,46.0,2,999,0,1.1,93.994,-36.4,4.857,5191.0,999.0,0,0.0,1.0,1.0,2,4,0.0,1,5,2,1
15267,31.0,1,999,0,-0.1,93.2,-42.0,4.021,5195.8,999.0,0,1.0,1.0,0.0,1,7,0.0,5,11,1,1
15268,31.0,1,999,0,1.4,93.444,-36.1,4.963,5228.1,999.0,0,0.0,0.0,0.0,1,7,0.0,6,8,1,1
15269,34.0,3,999,0,1.1,93.994,-36.4,4.856,5191.0,999.0,0,0.0,1.0,1.0,2,2,0.0,4,5,1,1
15270,33.0,7,999,0,1.4,93.918,-42.7,4.963,5228.1,999.0,0,1.0,0.0,1.0,1,8,0.0,4,7,1,1
15271,25.0,3,999,0,-1.8,92.843,-50.0,1.531,5099.1,999.0,0,0.0,0.0,0.0,2,8,0.0,6,3,1,1
15272,49.0,3,999,0,-1.8,92.893,-46.2,1.299,5099.1,999.0,0,1.0,0.0,0.0,1,5,0.0,4,5,1,1
15273,31.0,1,3,1,-2.9,92.963,-40.8,1.215,5076.2,0.1,0,1.0,0.0,0.0,1,6,0.0,5,6,2,3
15274,45.0,4,999,0,1.4,94.465,-41.8,4.864,5228.1,999.0,0,0.0,1.0,1.0,2,8,0.0,5,6,1,1
15275,52.0,1,999,0,1.1,93.994,-36.4,4.857,5191.0,999.0,0,0.0,0.0,1.0,2,8,0.0,2,5,1,1
15276,37.0,1,999,0,-1.8,92.893,-46.2,1.313,5099.1,999.0,0,0.0,0.0,0.0,1,7,0.0,1,5,1,1
15277,31.0,1,999,0,-1.8,92.893,-46.2,1.25,5099.1,999.0,0,1.0,0.0,0.0,2,7,0.0,4,5,1,1
15278,34.0,2,999,0,-1.8,92.893,-46.2,1.313,5099.1,999.0,0,1.0,0.0,0.0,2,8,0.0,6,5,1,1
15279,40.0,1,999,0,1.4,93.444,-36.1,4.963,5228.1,999.0,0,1.0,0.0,0.0,2,5,0.0,6,8,1,1
15280,48.0,1,999,0,1.1,93.994,-36.4,4.857,5191.0,999.0,0,0.0,0.0,1.0,2,2,0.0,8,5,1,1
15281,31.0,1,999,0,-0.1,93.2,-42.0,4.12,5195.8,999.0,0,0.0,0.0,0.0,1,5,0.0,9,11,1,1
15282,36.0,4,999,0,1.1,93.994,-36.4,4.855,5191.0,999.0,0,0.0,0.0,1.0,3,8,0.0,6,5,1,1
15283,83.0,2,999,0,-3.4,92.379,-29.8,0.771,5017.5,999.0,0,1.0,0.0,0.0,2,8,0.0,8,9,2,1
15284,34.0,1,999,0,1.4,94.465,-41.8,4.865,5228.1,999.0,0,0.0,0.0,1.0,3,2,0.0,4,6,2,1
15285,31.0,1,999,1,-0.1,93.2,-42.0,4.153,5195.8,999.0,1,1.0,1.0,0.0,3,8,0.0,5,11,1,2
15286,53.0,1,999,0,1.4,93.918,-42.7,4.962,5228.1,999.0,0,0.0,1.0,0.0,2,8,0.0,4,7,1,1
15287,51.0,1,999,0,1.4,93.444,-36.1,4.963,5228.1,999.0,0,1.0,1.0,1.0,2,2,0.0,4,8,1,1
15288,31.0,1,999,0,1.4,93.918,-42.7,4.962,5228.1,999.0,0,1.0,1.0,0.0,1,7,0.0,3,7,1,1
15289,28.0,1,999,1,-1.8,92.893,-46.2,1.281,5099.1,999.0,2,1.0,0.0,0.0,2,4,0.0,5,5,1,2
15290,32.0,1,999,0,1.1,93.994,-36.4,4.864,5191.0,999.0,0,0.0,0.0,1.0,2,4,0.0,4,5,1,1
15291,48.0,2,999,0,1.4,93.444,-36.1,4.964,5228.1,999.0,0,1.0,0.0,0.0,2,7,0.0,6,8,1,1
15292,51.0,2,999,0,1.4,93.444,-36.1,4.965,5228.1,999.0,0,1.0,0.0,0.0,2,2,0.0,4,8,2,1
15293,59.0,3,999,0,1.4,93.444,-36.1,4.968,5228.1,999.0,0,0.0,0.0,0.0,2,8,0.0,10,8,1,1
15294,36.0,1,999,0,-1.8,92.893,-46.2,1.299,5099.1,999.0,0,0.0,0.0,0.0,2,3,0.0,4,5,2,1
15295,31.0,1,999,0,1.4,93.918,-42.7,4.959,5228.1,999.0,0,1.0,0.0,1.0,1,8,0.0,6,7,1,1
15296,27.0,1,999,0,-1.8,92.893,-46.2,1.334,5099.1,999.0,0,1.0,1.0,0.0,1,8,0.0,5,5,1,1
15297,31.0,2,999,0,1.4,93.918,-42.7,4.962,5228.1,999.0,0,1.0,0.0,0.0,2,8,0.0,5,7,1,1
15298,20.0,2,3,5,-1.8,93.876,-40.0,0.697,5008.7,0.1,5,0.0,0.0,0.0,1,8,0.0,11,5,1,3
15299,35.0,3,999,0,1.1,93.994,-36.4,4.855,5191.0,999.0,0,0.0,0.0,1.0,2,4,0.0,4,5,1,1
15300,39.0,2,999,0,-1.8,93.075,-47.1,1.405,5099.1,999.0,0,0.0,0.0,0.0,1,5,0.0,6,4,2,1
15301,33.0,1,999,0,1.1,93.994,-36.4,4.857,5191.0,999.0,0,1.0,0.0,1.0,2,7,0.0,3,5,1,1
15302,39.0,1,999,0,-0.1,93.2,-42.0,4.12,5195.8,999.0,0,1.0,0.0,0.0,2,7,0.0,6,11,1,1
15303,36.0,1,999,1,-1.8,92.893,-46.2,1.344,5099.1,999.0,5,0.0,0.0,0.0,1,3,0.0,4,5,1,2
15304,31.0,6,999,0,1.4,94.465,-41.8,4.959,5228.1,999.0,0,0.0,1.0,1.0,2,8,0.0,5,6,1,1
15305,31.0,2,999,0,1.1,93.994,-36.4,4.86,5191.0,999.0,0,1.0,1.0,1.0,3,7,0.0,6,5,1,1
15306,27.0,2,999,0,1.1,93.994,-36.4,4.856,5191.0,999.0,0,1.0,0.0,1.0,2,8,0.0,6,5,1,1
15307,49.0,2,999,0,1.1,93.994,-36.4,4.856,5191.0,999.0,0,1.0,1.0,1.0,2,8,0.0,7,5,1,1
15308,31.0,2,999,0,1.1,93.994,-36.4,4.859,5191.0,999.0,0,1.0,0.0,1.0,2,6,0.0,5,5,1,1
15309,31.0,3,999,0,1.1,93.994,-36.4,4.856,5191.0,999.0,0,0.0,0.0,1.0,1,4,0.0,3,5,1,1
15310,27.0,6,999,0,-1.7,94.215,-40.3,0.827,4991.6,999.0,0,0.0,0.0,0.0,1,7,0.0,6,7,2,1
15311,27.0,4,999,0,-1.8,92.893,-46.2,1.354,5099.1,999.0,0,0.0,0.0,0.0,1,7,0.0,3,5,2,1
15312,50.0,1,999,1,-0.1,93.2,-42.0,4.021,5195.8,999.0,3,0.0,0.0,0.0,2,7,0.0,7,11,1,2
15313,31.0,1,999,0,1.4,93.444,-36.1,4.968,5228.1,999.0,0,0.0,1.0,0.0,1,8,0.0,6,8,1,1
15314,26.0,3,999,0,1.4,93.918,-42.7,4.962,5228.1,999.0,0,0.0,0.0,1.0,3,8,0.0,4,7,2,1
15315,36.0,9,999,0,1.1,93.994,-36.4,4.856,5191.0,999.0,0,0.0,0.0,1.0,2,8,0.0,5,5,1,1
15316,43.0,1,999,0,1.1,93.994,-36.4,4.855,5191.0,999.0,0,0.0,0.0,1.0,1,8,0.0,5,5,1,1
15317,31.0,1,999,0,-1.8,93.876,-40.0,0.677,5008.7,999.0,0,0.0,0.0,0.0,2,7,0.0,6,5,1,1
15318,52.0,1,999,0,1.4,93.918,-42.7,4.962,5228.1,999.0,0,1.0,0.0,1.0,2,4,0.0,4,7,1,1
15319,31.0,1,999,0,1.1,93.994,-36.4,4.857,5191.0,999.0,0,1.0,1.0,1.0,2,5,0.0,9,5,1,1
15320,43.0,1,6,2,-2.9,92.201,-31.4,0.869,5076.2,0.2,6,1.0,0.0,0.0,2,4,0.0,3,8,1,2
15321,37.0,5,999,0,1.1,93.994,-36.4,4.86,5191.0,999.0,0,0.0,0.0,1.0,1,8,0.0,4,5,1,1
15322,45.0,2,999,0,1.1,93.994,-36.4,4.857,5191.0,999.0,0,0.0,0.0,1.0,2,5,0.0,2,5,1,1
15323,20.0,3,999,3,-1.1,94.601,-49.5,0.977,4963.6,999.0,21,0.0,0.0,0.0,1,8,0.0,11,10,2,2
15324,73.0,2,999,0,-2.9,92.201,-31.4,0.873,5076.2,999.0,0,1.0,0.0,0.0,2,8,0.0,8,8,1,1
15325,28.0,1,3,1,-2.9,92.963,-40.8,1.268,5076.2,0.1,5,1.0,1.0,0.0,1,8,0.0,5,6,1,3
15326,31.0,2,999,0,1.4,94.465,-41.8,4.959,5228.1,999.0,0,1.0,0.0,1.0,2,8,0.0,4,6,1,1
15327,30.0,2,999,0,-1.8,92.893,-46.2,1.25,5099.1,999.0,0,0.0,0.0,0.0,1,8,0.0,4,5,1,1
15328,31.0,3,999,0,-2.9,92.963,-40.8,1.286,5076.2,999.0,0,1.0,0.0,0.0,2,8,0.0,9,6,1,1
15329,43.0,1,999,0,1.1,93.994,-36.4,4.856,5191.0,999.0,0,0.0,0.0,1.0,2,5,0.0,12,5,1,1
15330,59.0,1,999,0,-1.8,93.075,-47.1,1.41,5099.1,999.0,0,1.0,0.0,0.0,2,4,0.0,4,4,1,1
15331,54.0,1,999,0,1.4,93.918,-42.7,4.963,5228.1,999.0,0,0.0,0.0,1.0,2,7,0.0,10,7,1,1
15332,59.0,1,999,0,-3.4,92.379,-29.8,0.77,5017.5,999.0,0,1.0,0.0,0.0,2,2,0.0,8,9,1,1
15333,39.0,1,999,0,1.1,93.994,-36.4,4.86,5191.0,999.0,0,0.0,1.0,1.0,2,5,0.0,10,5,1,1
15334,24.0,1,999,0,1.4,93.918,-42.7,4.96,5228.1,999.0,0,1.0,0.0,0.0,2,4,0.0,4,7,2,1
15335,51.0,1,999,0,1.1,93.994,-36.4,4.856,5191.0,999.0,0,0.0,0.0,1.0,2,8,0.0,7,5,1,1
15336,32.0,2,999,0,1.4,93.918,-42.7,4.958,5228.1,999.0,0,1.0,0.0,0.0,2,4,0.0,7,7,1,1
15337,55.0,2,999,0,1.1,93.994,-36.4,4.855,5191.0,999.0,0,1.0,1.0,1.0,2,8,0.0,5,5,1,1
15338,35.0,2,999,0,1.1,93.994,-36.4,4.856,5191.0,999.0,0,1.0,0.0,1.0,2,7,0.0,5,5,1,1
15339,31.0,1,999,0,1.4,93.444,-36.1,4.963,5228.1,999.0,0,1.0,0.0,0.0,2,5,0.0,9,8,1,1
15340,34.0,2,999,0,1.4,93.918,-42.7,4.962,5228.1,999.0,0,0.0,0.0,0.0,2,7,0.0,6,7,1,1
15341,31.0,1,999,0,1.4,94.465,-41.8,4.864,5228.1,999.0,0,0.0,1.0,1.0,1,7,0.0,6,6,1,1
15342,58.0,2,999,0,-2.9,92.963,-40.8,1.252,5076.2,999.0,0,1.0,0.0,0.0,2,2,0.0,8,6,1,1
15343,45.0,5,999,0,1.1,93.994,-36.4,4.856,5191.0,999.0,0,1.0,0.0,1.0,1,3,0.0,4,5,1,1
15344,31.0,1,999,0,1.4,93.444,-36.1,4.966,5228.1,999.0,0,1.0,0.0,0.0,2,5,0.0,5,8,1,1
15345,32.0,3,999,0,-1.8,93.075,-47.1,1.445,5099.1,999.0,0,0.0,0.0,0.0,1,8,0.0,5,4,1,1
15346,32.0,2,999,0,-1.8,92.843,-50.0,1.556,5099.1,999.0,0,0.0,0.0,0.0,3,6,0.0,5,3,1,1
15347,30.0,8,999,0,-1.8,92.893,-46.2,1.281,5099.1,999.0,0,0.0,0.0,0.0,1,4,0.0,4,5,1,1
15348,49.0,1,999,0,1.1,93.994,-36.4,4.857,5191.0,999.0,0,0.0,0.0,1.0,2,2,0.0,2,5,1,1
15349,26.0,3,999,0,1.1,93.994,-36.4,4.86,5191.0,999.0,0,1.0,0.0,1.0,2,5,0.0,6,5,1,1
15350,39.0,1,999,1,-1.8,92.893,-46.2,1.334,5099.1,999.0,1,0.0,0.0,0.0,1,3,0.0,4,5,1,2
15351,31.0,1,999,0,1.1,93.994,-36.4,4.857,5191.0,999.0,0,0.0,0.0,1.0,2,5,0.0,6,5,1,1
15352,31.0,2,999,0,1.1,93.994,-36.4,4.856,5191.0,999.0,0,1.0,1.0,1.0,2,6,0.0,5,5,1,1
15353,26.0,2,3,2,-1.8,92.893,-46.2,1.313,5099.1,0.1,2,1.0,0.0,0.0,1,8,0.0,11,5,1,3
15354,30.0,9,999,0,1.4,94.465,-41.8,4.959,5228.1,999.0,0,1.0,1.0,1.0,1,8,0.0,9,6,1,1
15355,31.0,4,999,3,-3.4,92.649,-30.1,0.714,5017.5,999.0,9,0.0,0.0,0.0,1,5,0.0,6,11,1,2
15356,31.0,1,999,0,-3.4,92.431,-26.9,0.728,5017.5,999.0,0,0.0,0.0,0.0,2,2,0.0,8,10,1,1
15357,51.0,9,999,0,1.1,93.994,-36.4,4.864,5191.0,999.0,0,1.0,0.0,1.0,2,8,0.0,4,5,1,1
15358,37.0,4,999,0,1.4,94.465,-41.8,4.961,5228.1,999.0,0,1.0,0.0,1.0,2,4,0.0,4,6,1,1
15359,37.0,8,999,0,1.4,93.444,-36.1,4.964,5228.1,999.0,0,1.0,0.0,0.0,1,6,0.0,4,8,1,1
15360,35.0,3,999,0,1.1,93.994,-36.4,4.857,5191.0,999.0,0,1.0,0.0,1.0,2,8,0.0,6,5,2,1
15361,31.0,2,999,0,1.1,93.994,-36.4,4.859,5191.0,999.0,0,0.0,0.0,1.0,2,8,0.0,4,5,1,1
15362,31.0,3,6,1,-3.4,92.431,-26.9,0.73,5017.5,0.2,1,0.0,0.0,0.0,1,8,0.0,11,10,1,3
15363,58.0,2,999,0,-3.4,92.649,-30.1,0.719,5017.5,999.0,0,0.0,0.0,0.0,2,2,0.0,3,11,1,1
15364,31.0,1,999,0,1.4,94.465,-41.8,4.866,5228.1,999.0,0,1.0,0.0,1.0,2,5,0.0,7,6,1,1
15365,31.0,1,999,0,-1.8,92.893,-46.2,1.291,5099.1,999.0,0,1.0,0.0,1.0,1,8,0.0,6,5,1,1
15366,66.0,3,6,2,-1.7,94.027,-38.3,0.903,4991.6,0.2,2,1.0,0.0,0.0,3,7,0.0,6,8,1,3
15367,33.0,11,999,0,1.4,93.444,-36.1,4.962,5228.1,999.0,0,1.0,0.0,0.0,1,7,0.0,5,8,1,1
15368,57.0,1,999,0,1.1,93.994,-36.4,4.858,5191.0,999.0,0,1.0,0.0,1.0,2,2,0.0,8,5,2,1
15369,30.0,2,999,0,-1.8,92.893,-46.2,1.313,5099.1,999.0,0,0.0,0.0,0.0,2,4,0.0,1,5,1,1
15370,34.0,1,999,0,1.4,93.444,-36.1,4.97,5228.1,999.0,0,1.0,0.0,0.0,1,8,0.0,5,8,2,1
15371,49.0,17,999,0,1.4,93.444,-36.1,4.962,5228.1,999.0,0,1.0,0.0,0.0,3,5,0.0,9,8,1,1
15372,49.0,6,999,0,1.1,93.994,-36.4,4.857,5191.0,999.0,0,1.0,0.0,1.0,2,4,0.0,5,5,2,1
15373,31.0,2,999,0,1.4,94.465,-41.8,4.864,5228.1,999.0,0,0.0,0.0,1.0,2,5,0.0,2,6,1,1
15374,38.0,2,999,0,1.4,94.465,-41.8,4.864,5228.1,999.0,0,0.0,0.0,1.0,2,5,0.0,9,6,1,1
15375,31.0,1,4,2,-2.9,92.201,-31.4,0.873,5076.2,0.133333333333,6,1.0,0.0,0.0,2,8,0.0,3,8,1,3
15376,29.0,4,999,0,1.4,94.465,-41.8,4.959,5228.1,999.0,0,0.0,0.0,1.0,1,7,0.0,6,6,1,1
15377,31.0,1,999,0,1.4,94.465,-41.8,4.961,5228.1,999.0,0,0.0,0.0,1.0,2,5,0.0,6,6,1,1
15378,31.0,4,999,0,-1.8,92.893,-46.2,1.291,5099.1,999.0,0,1.0,1.0,0.0,2,5,0.0,4,5,1,1
15379,36.0,1,999,0,-1.8,93.075,-47.1,1.405,5099.1,999.0,0,1.0,0.0,0.0,1,8,0.0,3,4,2,1
15380,38.0,2,999,0,1.1,93.994,-36.4,4.857,5191.0,999.0,0,1.0,1.0,1.0,1,8,0.0,4,5,1,1
15381,33.0,1,999,1,-1.8,92.893,-46.2,1.344,5099.1,999.0,2,1.0,0.0,0.0,2,4,0.0,2,5,1,2
15382,41.0,1,999,0,-1.8,93.075,-47.1,1.365,5099.1,999.0,0,0.0,0.0,0.0,2,3,0.0,3,4,1,1
15383,33.0,2,999,0,-1.8,92.893,-46.2,1.313,5099.1,999.0,0,1.0,0.0,0.0,2,4,0.0,4,5,1,1
15384,31.0,1,999,0,-0.1,93.2,-42.0,4.12,5195.8,999.0,0,1.0,0.0,0.0,2,7,0.0,1,11,1,1
15385,31.0,6,999,0,1.4,94.465,-41.8,4.864,5228.1,999.0,0,0.0,0.0,1.0,2,4,0.0,4,6,1,1
15386,72.0,3,999,0,-1.8,93.876,-40.0,0.699,5008.7,999.0,0,0.0,0.0,0.0,1,7,0.0,8,5,1,1
15387,37.0,5,999,0,-1.8,92.893,-46.2,1.281,5099.1,999.0,0,0.0,1.0,0.0,2,3,0.0,4,5,1,1
15388,30.0,2,999,0,-1.8,93.075,-47.1,1.483,5099.1,999.0,0,1.0,1.0,0.0,2,8,0.0,6,4,1,1
15389,36.0,1,999,0,-0.1,93.2,-42.0,4.153,5195.8,999.0,0,0.0,0.0,1.0,1,7,0.0,5,11,1,1
15390,46.0,3,999,0,-1.8,92.893,-46.2,1.266,5099.1,999.0,0,1.0,0.0,0.0,2,4,0.0,4,5,1,1
15391,41.0,4,999,0,-0.1,93.2,-42.0,4.021,5195.8,999.0,0,1.0,0.0,0.0,2,8,0.0,4,11,1,1
15392,31.0,5,999,0,1.4,93.444,-36.1,4.964,5228.1,999.0,0,1.0,0.0,0.0,2,3,0.0,4,8,1,1
15393,40.0,1,999,0,1.4,93.918,-42.7,4.962,5228.1,999.0,0,0.0,0.0,1.0,2,8,0.0,1,7,2,1
15394,35.0,2,999,0,1.4,93.444,-36.1,4.965,5228.1,999.0,0,1.0,0.0,0.0,1,7,0.0,6,8,1,1
15395,48.0,1,999,1,-1.8,93.075,-47.1,1.405,5099.1,999.0,1,0.0,0.0,0.0,2,3,0.0,4,4,1,2
15396,81.0,1,999,0,-3.4,92.379,-29.8,0.741,5017.5,999.0,0,1.0,0.0,0.0,2,8,0.0,8,9,1,1
15397,45.0,1,999,0,1.4,93.918,-42.7,4.968,5228.1,999.0,0,0.0,0.0,0.0,2,7,0.0,3,7,1,1
15398,33.0,2,999,0,-1.8,93.075,-47.1,1.405,5099.1,999.0,0,0.0,0.0,0.0,1,8,0.0,6,4,1,1
15399,31.0,3,999,0,-2.9,92.963,-40.8,1.26,5076.2,999.0,0,0.0,0.0,0.0,1,7,0.0,5,6,1,1
15400,31.0,1,999,0,-1.8,93.075,-47.1,1.41,5099.1,999.0,0,1.0,0.0,0.0,2,8,0.0,5,4,1,1
15401,31.0,1,999,0,-1.8,92.893,-46.2,1.334,5099.1,999.0,0,0.0,1.0,0.0,3,8,0.0,2,5,1,1
15402,34.0,5,6,1,-1.8,92.893,-46.2,1.281,5099.1,0.2,3,0.0,1.0,1.0,2,8,0.0,3,5,1,3
15403,36.0,1,999,0,1.1,93.994,-36.4,4.856,5191.0,999.0,0,1.0,0.0,1.0,1,8,0.0,9,5,1,1
15404,40.0,3,999,0,1.4,94.465,-41.8,4.958,5228.1,999.0,0,0.0,0.0,1.0,2,8,0.0,6,6,1,1
15405,40.0,1,7,2,-3.4,92.649,-30.1,0.714,5017.5,0.233333333333,4,0.0,0.0,0.0,1,8,0.0,5,11,2,2
15406,40.0,2,999,0,-0.1,93.2,-42.0,4.191,5195.8,999.0,0,0.0,0.0,0.0,2,2,0.0,4,11,2,1
15407,31.0,2,999,0,1.1,93.994,-36.4,4.857,5191.0,999.0,0,0.0,1.0,1.0,2,8,0.0,6,5,1,1
15408,41.0,2,3,2,-1.1,94.767,-50.8,1.041,4963.6,0.1,8,0.0,0.0,0.0,2,8,0.0,10,11,1,3
15409,45.0,1,999,0,1.4,93.444,-36.1,4.968,5228.1,999.0,0,1.0,1.0,0.0,2,2,0.0,1,8,1,1
15410,31.0,3,999,0,1.4,93.918,-42.7,4.962,5228.1,999.0,0,0.0,1.0,0.0,1,4,0.0,4,7,2,1
15411,31.0,6,999,0,1.1,93.994,-36.4,4.856,5191.0,999.0,0,1.0,0.0,1.0,2,8,0.0,4,5,1,1
15412,31.0,1,999,0,-3.4,92.431,-26.9,0.72,5017.5,999.0,0,0.0,0.0,0.0,2,4,0.0,5,10,1,1
15413,33.0,3,999,1,-1.8,92.893,-46.2,1.313,5099.1,999.0,1,1.0,1.0,0.0,1,8,0.0,6,5,1,2
15414,34.0,3,999,0,1.4,93.918,-42.7,4.962,5228.1,999.0,0,1.0,0.0,0.0,2,5,0.0,6,7,2,1
15415,58.0,2,999,1,-1.8,92.893,-46.2,1.344,5099.1,999.0,2,0.0,0.0,0.0,1,2,0.0,4,5,1,2
15416,57.0,3,999,0,1.4,94.465,-41.8,4.959,5228.1,999.0,0,0.0,0.0,1.0,1,5,0.0,8,6,1,1
15417,31.0,5,999,0,1.4,94.465,-41.8,4.864,5228.1,999.0,0,1.0,0.0,1.0,2,5,0.0,1,6,1,1
15418,31.0,4,999,0,1.4,93.918,-42.7,4.957,5228.1,999.0,0,1.0,0.0,0.0,2,8,0.0,4,7,1,1
15419,57.0,3,999,0,1.1,93.994,-36.4,4.857,5191.0,999.0,0,1.0,1.0,1.0,2,8,0.0,4,5,2,1
15420,38.0,1,999,0,1.4,94.465,-41.8,4.866,5228.1,999.0,0,0.0,0.0,1.0,2,5,0.0,9,6,1,1
15421,31.0,2,999,0,1.1,93.994,-36.4,4.857,5191.0,999.0,0,1.0,0.0,1.0,3,4,0.0,4,5,2,1
15422,57.0,1,999,0,1.4,93.918,-42.7,4.962,5228.1,999.0,0,1.0,0.0,0.0,2,4,0.0,4,7,1,1
15423,41.0,1,999,0,1.4,93.444,-36.1,4.968,5228.1,999.0,0,1.0,0.0,0.0,1,6,0.0,5,8,1,1
15424,31.0,3,999,0,1.1,93.994,-36.4,4.856,5191.0,999.0,0,0.0,0.0,1.0,2,8,0.0,5,5,1,1
15425,35.0,3,999,0,1.4,93.918,-42.7,4.96,5228.1,999.0,0,1.0,0.0,0.0,3,8,0.0,9,7,2,1
15426,37.0,2,6,1,-1.7,94.055,-39.8,0.742,4991.6,0.2,0,1.0,0.0,0.0,1,7,0.0,10,6,1,3
15427,52.0,1,999,0,-0.1,93.2,-42.0,4.153,5195.8,999.0,0,1.0,0.0,0.0,2,7,0.0,3,11,1,1
15428,31.0,1,999,0,-1.8,93.075,-47.1,1.405,5099.1,999.0,0,0.0,0.0,0.0,2,4,0.0,4,4,1,1
15429,28.0,1,999,0,-1.8,92.893,-46.2,1.291,5099.1,999.0,0,1.0,0.0,0.0,2,4,0.0,5,5,1,1
15430,35.0,1,999,1,-1.8,92.893,-46.2,1.299,5099.1,999.0,2,1.0,0.0,0.0,2,8,0.0,5,5,2,2
15431,50.0,1,999,0,1.4,93.444,-36.1,4.964,5228.1,999.0,0,1.0,0.0,0.0,2,7,0.0,5,8,1,1
15432,31.0,14,999,0,1.4,94.465,-41.8,4.959,5228.1,999.0,0,1.0,0.0,1.0,1,8,0.0,6,6,1,1
15433,35.0,1,999,0,1.1,93.994,-36.4,4.855,5191.0,999.0,0,1.0,0.0,1.0,2,4,0.0,12,5,1,1
15434,50.0,1,999,0,1.4,93.444,-36.1,4.966,5228.1,999.0,0,1.0,0.0,0.0,2,3,0.0,4,8,1,1
15435,33.0,4,999,0,1.4,93.918,-42.7,4.968,5228.1,999.0,0,1.0,0.0,0.0,2,7,0.0,5,7,1,1
15436,42.0,1,999,0,1.4,93.444,-36.1,4.964,5228.1,999.0,0,1.0,0.0,0.0,2,6,0.0,5,8,1,1
15437,29.0,1,999,0,1.4,93.918,-42.7,4.963,5228.1,999.0,0,1.0,1.0,1.0,2,8,0.0,6,7,1,1
15438,31.0,1,999,0,1.1,93.994,-36.4,4.858,5191.0,999.0,0,0.0,0.0,1.0,1,2,0.0,9,5,1,1
15439,46.0,1,999,0,1.4,93.918,-42.7,4.963,5228.1,999.0,0,1.0,0.0,0.0,2,2,0.0,4,7,1,1
15440,28.0,3,999,0,1.1,93.994,-36.4,4.855,5191.0,999.0,0,1.0,0.0,1.0,1,4,0.0,4,5,1,1
15441,32.0,2,999,0,1.1,93.994,-36.4,4.857,5191.0,999.0,0,0.0,0.0,1.0,1,5,0.0,6,5,1,1
15442,31.0,1,999,0,-1.8,93.075,-47.1,1.41,5099.1,999.0,0,1.0,0.0,0.0,2,8,0.0,5,4,1,1
15443,44.0,1,999,0,1.4,93.918,-42.7,4.962,5228.1,999.0,0,0.0,0.0,0.0,2,5,0.0,6,7,1,1
15444,31.0,1,999,0,1.1,93.994,-36.4,4.857,5191.0,999.0,0,1.0,0.0,1.0,1,7,0.0,6,5,1,1
15445,29.0,7,999,0,1.4,93.918,-42.7,4.963,5228.1,999.0,0,1.0,1.0,1.0,2,8,0.0,4,7,1,1
15446,33.0,5,999,1,-1.8,92.893,-46.2,1.313,5099.1,999.0,1,0.0,1.0,0.0,2,8,0.0,4,5,1,2
15447,32.0,1,999,0,1.4,93.444,-36.1,4.964,5228.1,999.0,0,1.0,0.0,0.0,2,7,0.0,3,8,1,1
15448,46.0,1,999,0,1.1,93.994,-36.4,4.856,5191.0,999.0,0,0.0,0.0,1.0,2,4,0.0,3,5,1,1
15449,40.0,1,999,0,1.1,93.994,-36.4,4.857,5191.0,999.0,0,0.0,0.0,1.0,2,8,0.0,6,5,1,1
15450,37.0,5,999,0,1.1,93.994,-36.4,4.857,5191.0,999.0,0,0.0,0.0,1.0,2,7,0.0,5,5,1,1
15451,30.0,3,999,0,1.4,93.444,-36.1,4.966,5228.1,999.0,0,1.0,0.0,0.0,2,5,0.0,4,8,1,1
15452,31.0,1,999,1,-1.8,93.075,-47.1,1.365,5099.1,999.0,5,1.0,0.0,0.0,1,8,0.0,11,4,1,2
15453,54.0,16,999,0,1.4,94.465,-41.8,4.967,5228.1,999.0,0,0.0,0.0,1.0,2,8,0.0,6,6,1,1
15454,31.0,1,999,0,-1.8,92.893,-46.2,1.344,5099.1,999.0,0,1.0,0.0,0.0,2,3,0.0,9,5,1,1
15455,31.0,2,999,0,-0.1,93.2,-42.0,4.021,5195.8,999.0,0,1.0,0.0,0.0,1,4,0.0,9,11,1,1
15456,31.0,1,999,0,1.4,94.465,-41.8,4.866,5228.1,999.0,0,0.0,0.0,1.0,2,8,0.0,4,6,1,1
15457,32.0,6,999,0,1.4,93.444,-36.1,4.963,5228.1,999.0,0,0.0,0.0,0.0,3,7,0.0,6,8,1,1
15458,40.0,1,999,0,1.4,93.918,-42.7,4.96,5228.1,999.0,0,0.0,0.0,0.0,2,7,0.0,6,7,2,1
15459,31.0,2,999,0,-1.8,92.893,-46.2,1.291,5099.1,999.0,0,0.0,0.0,0.0,2,4,0.0,4,5,1,1
15460,31.0,1,999,0,-1.8,92.893,-46.2,1.281,5099.1,999.0,0,0.0,0.0,0.0,3,3,0.0,4,5,1,1
15461,28.0,2,999,0,1.4,94.465,-41.8,4.864,5228.1,999.0,0,0.0,0.0,1.0,2,8,0.0,6,6,1,1
15462,31.0,2,999,0,1.4,93.918,-42.7,4.96,5228.1,999.0,0,0.0,0.0,1.0,2,8,0.0,5,7,2,1
15463,37.0,2,999,0,1.4,94.465,-41.8,4.866,5228.1,999.0,0,1.0,0.0,1.0,2,8,0.0,4,6,1,1
15464,31.0,1,999,0,1.4,94.465,-41.8,4.967,5228.1,999.0,0,0.0,0.0,1.0,2,5,0.0,3,6,1,1
15465,31.0,1,999,0,1.4,93.918,-42.7,4.96,5228.1,999.0,0,0.0,0.0,0.0,2,8,0.0,4,7,2,1
15466,30.0,1,999,0,1.4,93.918,-42.7,4.966,5228.1,999.0,0,1.0,1.0,1.0,3,2,0.0,4,7,1,1
15467,39.0,1,999,0,-1.7,94.027,-38.3,0.898,4991.6,999.0,0,1.0,1.0,1.0,1,2,0.0,4,8,1,1
15468,31.0,2,999,0,1.1,93.994,-36.4,4.859,5191.0,999.0,0,1.0,0.0,1.0,2,4,0.0,4,5,1,1
15469,40.0,1,999,0,1.1,93.994,-36.4,4.857,5191.0,999.0,0,0.0,1.0,1.0,1,7,0.0,2,5,2,1
15470,31.0,1,999,1,-1.8,92.893,-46.2,1.334,5099.1,999.0,1,1.0,0.0,0.0,2,5,0.0,4,5,1,2
15471,54.0,2,999,0,1.1,93.994,-36.4,4.858,5191.0,999.0,0,0.0,0.0,1.0,2,5,0.0,6,5,1,1
15472,27.0,2,999,0,1.4,93.918,-42.7,4.961,5228.1,999.0,0,1.0,1.0,0.0,1,4,0.0,6,7,1,1
15473,31.0,2,999,0,1.1,93.994,-36.4,4.864,5191.0,999.0,0,1.0,0.0,1.0,3,8,0.0,4,5,1,1
15474,60.0,1,999,0,-2.9,92.201,-31.4,0.879,5076.2,999.0,0,0.0,0.0,0.0,2,7,0.0,8,8,1,1
15475,34.0,1,999,0,-1.7,94.027,-38.3,0.89,4991.6,999.0,0,1.0,1.0,1.0,1,5,0.0,6,8,1,1
15476,23.0,1,999,0,-1.8,92.893,-46.2,1.266,5099.1,999.0,0,0.0,0.0,0.0,1,5,0.0,11,5,1,1
15477,39.0,2,999,0,1.1,93.994,-36.4,4.857,5191.0,999.0,0,1.0,0.0,1.0,2,5,0.0,6,5,1,1
15478,36.0,2,999,0,-0.1,93.2,-42.0,4.076,5195.8,999.0,0,1.0,0.0,0.0,2,4,0.0,9,11,1,1
15479,31.0,1,999,0,-1.7,94.027,-38.3,0.9,4991.6,999.0,0,1.0,0.0,0.0,2,8,0.0,6,8,1,1
15480,44.0,2,999,0,1.4,93.918,-42.7,4.962,5228.1,999.0,0,0.0,0.0,0.0,2,4,0.0,4,7,1,1
15481,46.0,2,999,0,1.1,93.994,-36.4,4.856,5191.0,999.0,0,1.0,0.0,1.0,2,8,0.0,4,5,1,1
15482,44.0,2,999,0,1.4,94.465,-41.8,4.959,5228.1,999.0,0,1.0,1.0,1.0,1,2,0.0,8,6,1,1
15483,33.0,3,999,0,-0.1,93.2,-42.0,4.076,5195.8,999.0,0,0.0,0.0,0.0,2,7,0.0,6,11,1,1
15484,54.0,1,999,0,-3.4,92.379,-29.8,0.797,5017.5,999.0,0,1.0,0.0,1.0,2,8,0.0,5,9,2,1
15485,31.0,2,999,0,-0.1,93.2,-42.0,4.021,5195.8,999.0,0,1.0,1.0,0.0,1,5,0.0,6,11,1,1
15486,53.0,8,999,0,1.4,93.444,-36.1,4.962,5228.1,999.0,0,1.0,0.0,0.0,2,6,0.0,5,8,1,1
15487,31.0,1,999,0,-3.4,92.649,-30.1,0.715,5017.5,999.0,0,0.0,1.0,1.0,1,7,0.0,1,11,1,1
15488,31.0,1,999,0,-0.1,93.2,-42.0,4.153,5195.8,999.0,0,0.0,1.0,0.0,2,5,0.0,5,11,1,1
15489,37.0,1,999,0,-1.8,92.893,-46.2,1.281,5099.1,999.0,0,0.0,0.0,0.0,3,6,0.0,5,5,1,1
15490,39.0,1,999,0,1.4,93.444,-36.1,4.968,5228.1,999.0,0,1.0,0.0,0.0,1,5,0.0,6,8,1,1
15491,39.0,2,999,0,-1.8,92.893,-46.2,1.313,5099.1,999.0,0,0.0,0.0,1.0,2,4,0.0,4,5,1,1
15492,48.0,2,999,0,1.1,93.994,-36.4,4.855,5191.0,999.0,0,1.0,1.0,1.0,2,5,0.0,6,5,1,1
15493,31.0,1,999,0,1.4,94.465,-41.8,4.865,5228.1,999.0,0,0.0,1.0,1.0,1,8,0.0,6,6,2,1
15494,36.0,1,999,0,1.1,93.994,-36.4,4.858,5191.0,999.0,0,0.0,0.0,1.0,1,6,0.0,5,5,1,1
15495,48.0,5,999,1,-3.0,92.713,-33.0,0.718,5023.5,999.0,3,1.0,0.0,0.0,2,8,0.0,3,12,1,2
15496,33.0,1,999,0,1.4,93.444,-36.1,4.968,5228.1,999.0,0,0.0,0.0,0.0,2,8,0.0,12,8,1,1
15497,31.0,8,999,0,1.4,93.918,-42.7,4.96,5228.1,999.0,0,1.0,0.0,0.0,2,5,0.0,3,7,2,1
15498,53.0,1,999,0,1.4,93.918,-42.7,4.962,5228.1,999.0,0,1.0,0.0,0.0,2,8,0.0,5,7,1,1
15499,39.0,5,999,0,1.4,93.918,-42.7,4.961,5228.1,999.0,0,1.0,1.0,0.0,2,2,0.0,4,7,1,1
15500,31.0,2,999,0,1.4,93.918,-42.7,4.961,5228.1,999.0,0,0.0,1.0,0.0,1,7,0.0,7,7,1,1
15501,31.0,2,999,0,1.1,93.994,-36.4,4.857,5191.0,999.0,0,1.0,0.0,1.0,2,8,0.0,4,5,2,1
15502,31.0,4,999,0,1.4,93.444,-36.1,4.967,5228.1,999.0,0,1.0,1.0,0.0,2,8,0.0,4,8,1,1
15503,39.0,1,999,0,1.4,94.465,-41.8,4.959,5228.1,999.0,0,1.0,0.0,1.0,2,7,0.0,7,6,1,1
15504,31.0,1,999,0,1.1,93.994,-36.4,4.857,5191.0,999.0,0,1.0,0.0,1.0,2,3,0.0,5,5,1,1
15505,44.0,1,999,0,1.1,93.994,-36.4,4.857,5191.0,999.0,0,1.0,0.0,1.0,2,5,0.0,9,5,1,1
15506,42.0,2,999,0,1.4,93.918,-42.7,4.96,5228.1,999.0,0,1.0,0.0,1.0,3,7,0.0,6,7,2,1
15507,47.0,2,999,0,1.4,94.465,-41.8,4.959,5228.1,999.0,0,0.0,1.0,1.0,3,2,0.0,4,6,1,1
15508,47.0,1,999,1,-3.4,92.379,-29.8,0.755,5017.5,999.0,3,1.0,0.0,0.0,3,5,0.0,6,9,1,2
15509,26.0,1,999,0,1.4,93.918,-42.7,4.959,5228.1,999.0,0,0.0,1.0,1.0,1,5,0.0,6,7,1,1
15510,52.0,1,999,0,1.4,93.918,-42.7,4.962,5228.1,999.0,0,1.0,1.0,0.0,2,5,0.0,9,7,1,1
15511,36.0,2,999,0,1.1,93.994,-36.4,4.857,5191.0,999.0,0,1.0,0.0,1.0,2,5,0.0,6,5,1,1
15512,31.0,1,999,0,1.4,93.444,-36.1,4.966,5228.1,999.0,0,0.0,0.0,0.0,1,8,0.0,6,8,1,1
15513,31.0,1,999,0,-1.8,93.075,-47.1,1.365,5099.1,999.0,0,1.0,0.0,0.0,2,5,0.0,6,4,1,1
15514,31.0,2,999,0,1.4,93.918,-42.7,4.957,5228.1,999.0,0,1.0,0.0,1.0,2,7,0.0,6,7,1,1
15515,38.0,1,3,4,-1.8,93.369,-34.8,0.639,5008.7,0.1,8,0.0,1.0,0.0,1,8,0.0,11,3,2,3
15516,31.0,1,999,0,-1.8,92.893,-46.2,1.299,5099.1,999.0,0,1.0,1.0,0.0,2,5,0.0,4,5,2,1
15517,31.0,1,999,1,-1.8,92.893,-46.2,1.313,5099.1,999.0,4,1.0,0.0,0.0,1,6,0.0,5,5,1,2
15518,31.0,8,10,1,-1.8,92.893,-46.2,1.299,5099.1,0.333333333333,5,1.0,0.0,0.0,2,8,0.0,4,5,2,3
15519,26.0,6,999,0,1.4,93.918,-42.7,4.958,5228.1,999.0,0,1.0,0.0,0.0,1,5,0.0,6,7,1,1
15520,37.0,3,999,0,-1.8,92.893,-46.2,1.291,5099.1,999.0,0,1.0,0.0,0.0,3,6,0.0,4,5,1,1
15521,31.0,3,999,0,1.4,93.918,-42.7,4.962,5228.1,999.0,0,1.0,0.0,0.0,1,4,0.0,4,7,1,1
15522,31.0,1,999,0,1.4,93.918,-42.7,4.962,5228.1,999.0,0,1.0,0.0,0.0,2,6,0.0,5,7,1,1
15523,26.0,2,999,0,-1.8,92.893,-46.2,1.25,5099.1,999.0,0,0.0,0.0,0.0,2,8,0.0,5,5,1,1
15524,43.0,1,999,0,1.1,93.994,-36.4,4.856,5191.0,999.0,0,0.0,1.0,1.0,2,8,0.0,5,5,1,1
15525,39.0,5,999,1,-1.8,92.893,-46.2,1.299,5099.1,999.0,0,0.0,0.0,0.0,2,8,0.0,6,5,2,2
15526,32.0,7,999,0,-1.8,92.893,-46.2,1.244,5099.1,999.0,0,1.0,0.0,0.0,1,7,0.0,6,5,2,1
15527,57.0,3,999,1,-1.8,92.893,-46.2,1.291,5099.1,999.0,1,1.0,0.0,0.0,3,4,0.0,8,5,1,2
15528,29.0,7,999,0,-1.8,92.893,-46.2,1.281,5099.1,999.0,0,1.0,0.0,1.0,1,4,0.0,4,5,1,1
15529,31.0,1,999,0,1.4,93.444,-36.1,4.968,5228.1,999.0,0,1.0,0.0,0.0,2,7,0.0,6,8,1,1
15530,32.0,2,999,1,-1.8,92.893,-46.2,1.291,5099.1,999.0,5,1.0,0.0,0.0,1,8,0.0,4,5,1,2
15531,31.0,2,999,0,-1.8,93.075,-47.1,1.405,5099.1,999.0,0,0.0,0.0,0.0,2,5,0.0,9,4,1,1
15532,31.0,1,999,1,-1.8,92.893,-46.2,1.281,5099.1,999.0,3,1.0,0.0,0.0,1,5,0.0,4,5,1,2
15533,44.0,4,999,0,1.1,93.994,-36.4,4.855,5191.0,999.0,0,0.0,1.0,1.0,2,6,0.0,5,5,1,1
15534,41.0,3,999,0,-0.1,93.2,-42.0,4.076,5195.8,999.0,0,0.0,1.0,0.0,2,6,0.0,9,11,1,1
15535,31.0,1,999,1,-0.1,93.2,-42.0,4.153,5195.8,999.0,0,0.0,0.0,0.0,2,5,0.0,9,11,1,2
15536,37.0,1,999,0,1.4,94.465,-41.8,4.959,5228.1,999.0,0,1.0,0.0,1.0,2,5,0.0,6,6,1,1
15537,31.0,2,999,0,-1.8,92.893,-46.2,1.266,5099.1,999.0,0,1.0,0.0,0.0,1,8,0.0,6,5,1,1
15538,35.0,2,6,3,-1.7,94.027,-38.3,0.903,4991.6,0.2,3,1.0,0.0,0.0,2,8,0.0,6,8,1,3
15539,45.0,5,999,1,-1.8,92.893,-46.2,1.281,5099.1,999.0,0,0.0,0.0,0.0,1,5,0.0,6,5,1,2
15540,32.0,1,999,0,1.4,93.918,-42.7,4.962,5228.1,999.0,0,0.0,0.0,0.0,2,8,0.0,4,7,1,1
15541,44.0,2,999,0,1.4,93.444,-36.1,4.965,5228.1,999.0,0,0.0,0.0,0.0,2,8,0.0,4,8,2,1
15542,31.0,1,999,0,1.4,94.465,-41.8,4.959,5228.1,999.0,0,0.0,0.0,1.0,1,7,0.0,3,6,1,1
15543,30.0,4,999,0,1.4,93.918,-42.7,4.957,5228.1,999.0,0,1.0,0.0,0.0,2,8,0.0,4,7,1,1
15544,38.0,1,999,0,1.4,94.465,-41.8,4.865,5228.1,999.0,0,0.0,0.0,1.0,2,4,0.0,4,6,2,1
15545,31.0,1,999,1,-1.8,93.075,-47.1,1.453,5099.1,999.0,2,0.0,0.0,0.0,2,4,0.0,4,4,1,2
15546,37.0,3,999,0,-1.8,92.893,-46.2,1.313,5099.1,999.0,0,1.0,0.0,0.0,2,5,0.0,4,5,1,1
15547,31.0,4,999,0,-1.8,92.893,-46.2,1.25,5099.1,999.0,0,1.0,0.0,0.0,1,4,0.0,4,5,1,1
15548,31.0,3,999,1,-0.1,93.2,-42.0,4.191,5195.8,999.0,1,1.0,0.0,0.0,2,6,0.0,4,11,2,2
15549,58.0,5,999,0,-0.1,93.2,-42.0,4.076,5195.8,999.0,0,1.0,0.0,0.0,3,8,0.0,4,11,1,1
15550,43.0,6,999,0,-0.1,93.2,-42.0,4.153,5195.8,999.0,0,1.0,0.0,1.0,2,5,0.0,6,11,1,1
15551,76.0,1,999,0,-3.0,92.713,-33.0,0.707,5023.5,999.0,0,1.0,0.0,0.0,3,6,0.0,8,12,1,1
15552,44.0,1,999,0,1.4,94.465,-41.8,4.959,5228.1,999.0,0,1.0,0.0,1.0,3,5,0.0,4,6,1,1
15553,31.0,3,999,0,1.1,93.994,-36.4,4.856,5191.0,999.0,0,1.0,1.0,1.0,1,7,0.0,3,5,1,1
15554,39.0,1,999,1,-0.1,93.2,-42.0,4.153,5195.8,999.0,2,0.0,1.0,0.0,2,4,0.0,10,11,1,2
15555,31.0,2,999,0,-2.9,92.201,-31.4,0.881,5076.2,999.0,0,1.0,0.0,0.0,2,8,0.0,6,8,1,1
15556,31.0,22,999,0,1.1,93.994,-36.4,4.86,5191.0,999.0,0,0.0,0.0,1.0,1,5,0.0,6,5,1,1
15557,31.0,1,999,0,-1.8,92.893,-46.2,1.281,5099.1,999.0,0,1.0,1.0,0.0,1,8,0.0,6,5,1,1
15558,31.0,2,999,0,1.1,93.994,-36.4,4.855,5191.0,999.0,0,1.0,0.0,1.0,2,4,0.0,6,5,1,1
15559,39.0,3,999,0,1.1,93.994,-36.4,4.859,5191.0,999.0,0,0.0,0.0,1.0,2,8,0.0,6,5,1,1
15560,53.0,2,999,0,-1.8,93.749,-34.6,0.64,5008.7,999.0,0,1.0,0.0,0.0,3,8,0.0,3,4,1,1
15561,30.0,5,999,0,1.4,94.465,-41.8,4.959,5228.1,999.0,0,1.0,0.0,1.0,2,5,0.0,9,6,1,1
15562,28.0,1,999,0,-1.8,93.749,-34.6,0.663,5008.7,999.0,0,1.0,0.0,0.0,1,7,0.0,5,4,1,1
15563,41.0,4,999,0,1.1,93.994,-36.4,4.857,5191.0,999.0,0,0.0,0.0,1.0,3,5,0.0,6,5,1,1
15564,31.0,1,999,0,-1.8,92.893,-46.2,1.327,5099.1,999.0,0,0.0,0.0,0.0,3,7,0.0,1,5,1,1
15565,31.0,4,999,0,1.4,93.918,-42.7,4.961,5228.1,999.0,0,0.0,0.0,0.0,1,5,0.0,9,7,1,1
15566,42.0,3,999,0,1.1,93.994,-36.4,4.856,5191.0,999.0,0,0.0,0.0,1.0,1,8,0.0,5,5,1,1
15567,31.0,5,999,0,1.1,93.994,-36.4,4.86,5191.0,999.0,0,0.0,0.0,1.0,2,4,0.0,4,5,1,1
15568,30.0,2,999,0,-0.1,93.2,-42.0,4.12,5195.8,999.0,0,1.0,0.0,0.0,2,8,0.0,9,11,1,1
15569,48.0,1,999,0,-0.1,93.2,-42.0,4.153,5195.8,999.0,0,1.0,0.0,0.0,2,5,0.0,9,11,1,1
15570,32.0,1,999,0,1.1,93.994,-36.4,4.855,5191.0,999.0,0,0.0,0.0,1.0,1,7,0.0,5,5,1,1
15571,30.0,7,999,0,1.4,93.444,-36.1,4.963,5228.1,999.0,0,0.0,0.0,0.0,2,7,0.0,6,8,2,1
15572,56.0,2,999,0,1.1,93.994,-36.4,4.857,5191.0,999.0,0,1.0,0.0,1.0,2,8,0.0,5,5,1,1
15573,31.0,1,6,1,-1.7,94.215,-40.3,0.81,4991.6,0.2,1,1.0,0.0,0.0,1,5,0.0,6,7,1,3
15574,40.0,5,999,0,1.4,93.444,-36.1,4.964,5228.1,999.0,0,0.0,0.0,0.0,2,7,0.0,6,8,1,1
15575,45.0,5,999,0,1.4,94.465,-41.8,4.967,5228.1,999.0,0,0.0,0.0,1.0,2,7,0.0,7,6,1,1
15576,31.0,3,999,0,-1.8,92.843,-50.0,1.687,5099.1,999.0,0,1.0,0.0,0.0,1,5,0.0,6,3,1,1
15577,46.0,2,999,0,-1.8,92.893,-46.2,1.299,5099.1,999.0,0,1.0,0.0,0.0,2,2,0.0,4,5,2,1
15578,33.0,1,999,0,1.4,94.465,-41.8,4.967,5228.1,999.0,0,1.0,0.0,1.0,1,7,0.0,6,6,1,1
15579,47.0,1,999,0,1.4,93.918,-42.7,4.962,5228.1,999.0,0,1.0,0.0,1.0,2,8,0.0,2,7,2,1
15580,35.0,1,999,0,1.4,93.918,-42.7,4.963,5228.1,999.0,0,1.0,1.0,0.0,2,4,0.0,4,7,1,1
15581,59.0,3,999,0,1.4,93.444,-36.1,4.965,5228.1,999.0,0,0.0,1.0,0.0,2,8,0.0,3,8,2,1
15582,28.0,3,999,0,-1.8,92.893,-46.2,1.266,5099.1,999.0,0,0.0,0.0,0.0,2,8,0.0,9,5,1,1
15583,29.0,3,999,0,1.1,93.994,-36.4,4.86,5191.0,999.0,0,0.0,0.0,1.0,2,7,0.0,6,5,1,1
15584,42.0,1,999,0,1.4,94.465,-41.8,4.958,5228.1,999.0,0,1.0,0.0,1.0,2,8,0.0,4,6,1,1
15585,31.0,1,999,1,-1.8,92.893,-46.2,1.313,5099.1,999.0,1,0.0,1.0,0.0,2,8,0.0,4,5,1,2
15586,66.0,1,999,0,-1.8,92.843,-50.0,1.531,5099.1,999.0,0,1.0,0.0,1.0,2,8,0.0,8,3,1,1
15587,32.0,2,999,1,-1.8,92.893,-46.2,1.281,5099.1,999.0,2,0.0,1.0,0.0,1,8,0.0,4,5,1,2
15588,29.0,2,999,0,-1.8,93.075,-47.1,1.445,5099.1,999.0,0,0.0,0.0,0.0,1,7,0.0,6,4,1,1
15589,50.0,1,999,0,1.4,93.918,-42.7,4.962,5228.1,999.0,0,1.0,0.0,0.0,2,8,0.0,4,7,1,1
15590,44.0,2,999,0,1.1,93.994,-36.4,4.855,5191.0,999.0,0,1.0,1.0,1.0,1,4,0.0,12,5,1,1
15591,25.0,9,999,0,1.4,94.465,-41.8,4.961,5228.1,999.0,0,1.0,0.0,1.0,2,5,0.0,9,6,2,1
15592,49.0,3,999,0,1.4,93.444,-36.1,4.964,5228.1,999.0,0,0.0,0.0,0.0,2,8,0.0,5,8,1,1
15593,36.0,10,999,0,1.1,93.994,-36.4,4.857,5191.0,999.0,0,1.0,0.0,1.0,2,5,0.0,4,5,2,1
15594,34.0,3,999,0,-1.8,92.893,-46.2,1.291,5099.1,999.0,0,1.0,0.0,0.0,2,8,0.0,6,5,1,1
15595,43.0,1,999,1,-3.4,92.649,-30.1,0.714,5017.5,999.0,0,1.0,0.0,0.0,2,8,0.0,3,11,1,2
15596,31.0,3,999,0,1.4,93.918,-42.7,4.961,5228.1,999.0,0,1.0,0.0,0.0,2,8,0.0,6,7,1,1
15597,31.0,9,999,0,1.4,94.465,-41.8,4.961,5228.1,999.0,0,0.0,0.0,1.0,1,5,0.0,11,6,1,1
15598,31.0,1,999,0,1.1,93.994,-36.4,4.857,5191.0,999.0,0,0.0,0.0,1.0,3,2,0.0,4,5,1,1
15599,30.0,4,999,0,1.4,93.444,-36.1,4.968,5228.1,999.0,0,0.0,1.0,0.0,2,7,0.0,6,8,1,1
15600,31.0,1,999,0,1.4,93.444,-36.1,4.963,5228.1,999.0,0,1.0,0.0,0.0,1,8,0.0,5,8,1,1
15601,31.0,3,999,0,1.4,93.918,-42.7,4.961,5228.1,999.0,0,1.0,0.0,0.0,3,8,0.0,6,7,1,1
15602,58.0,2,4,2,-3.4,92.431,-26.9,0.74,5017.5,0.133333333333,2,0.0,1.0,0.0,2,2,0.0,5,10,1,3
15603,31.0,1,999,0,-0.1,93.2,-42.0,4.076,5195.8,999.0,0,1.0,0.0,0.0,1,7,0.0,6,11,1,1
15604,31.0,1,999,0,1.1,93.994,-36.4,4.856,5191.0,999.0,0,1.0,0.0,1.0,2,8,0.0,3,5,1,1
15605,34.0,1,999,1,-1.1,94.199,-37.5,0.877,4963.6,999.0,3,1.0,1.0,0.0,2,6,0.0,6,9,1,2
15606,52.0,2,999,0,-3.4,92.379,-29.8,0.762,5017.5,999.0,0,0.0,0.0,0.0,2,8,0.0,6,9,1,1
15607,34.0,1,999,0,1.4,93.444,-36.1,4.966,5228.1,999.0,0,0.0,0.0,0.0,2,8,0.0,5,8,1,1
15608,42.0,2,999,0,1.1,93.994,-36.4,4.855,5191.0,999.0,0,0.0,0.0,1.0,1,4,0.0,6,5,1,1
15609,30.0,5,999,0,1.4,93.444,-36.1,4.966,5228.1,999.0,0,0.0,0.0,0.0,1,6,0.0,5,8,1,1
15610,56.0,1,999,0,1.4,93.918,-42.7,4.961,5228.1,999.0,0,1.0,0.0,0.0,2,3,0.0,8,7,1,1
15611,49.0,1,999,0,1.4,93.444,-36.1,4.968,5228.1,999.0,0,0.0,0.0,0.0,2,5,0.0,9,8,1,1
15612,37.0,1,999,1,-0.1,93.2,-42.0,4.12,5195.8,999.0,0,1.0,0.0,0.0,3,7,0.0,3,11,1,2
15613,37.0,1,999,0,1.4,93.918,-42.7,4.966,5228.1,999.0,0,1.0,0.0,1.0,2,4,0.0,5,7,1,1
15614,35.0,1,999,0,1.4,93.918,-42.7,4.961,5228.1,999.0,0,1.0,0.0,0.0,3,8,0.0,4,7,1,1
15615,37.0,1,999,0,1.1,93.994,-36.4,4.855,5191.0,999.0,0,1.0,1.0,1.0,2,8,0.0,6,5,1,1
15616,31.0,1,999,1,-1.8,92.893,-46.2,1.281,5099.1,999.0,1,0.0,0.0,0.0,1,5,0.0,4,5,1,2
15617,34.0,5,999,1,-1.8,92.893,-46.2,1.299,5099.1,999.0,1,0.0,0.0,0.0,2,4,0.0,4,5,2,2
15618,31.0,1,6,2,-1.7,94.055,-39.8,0.702,4991.6,0.2,2,0.0,0.0,1.0,1,4,0.0,4,6,1,3
15619,31.0,2,999,0,1.4,93.918,-42.7,4.962,5228.1,999.0,0,0.0,0.0,1.0,2,8,0.0,9,7,1,1
15620,31.0,3,999,0,1.1,93.994,-36.4,4.857,5191.0,999.0,0,0.0,1.0,1.0,1,7,0.0,6,5,1,1
15621,31.0,2,999,0,1.1,93.994,-36.4,4.86,5191.0,999.0,0,1.0,0.0,1.0,2,8,0.0,6,5,1,1
15622,31.0,1,999,0,1.4,93.444,-36.1,4.963,5228.1,999.0,0,1.0,1.0,0.0,2,8,0.0,6,8,1,1
15623,31.0,1,999,0,1.1,93.994,-36.4,4.858,5191.0,999.0,0,0.0,0.0,1.0,3,6,0.0,5,5,2,1
15624,29.0,1,999,0,1.4,93.444,-36.1,4.966,5228.1,999.0,0,0.0,0.0,0.0,1,7,0.0,6,8,1,1
15625,54.0,1,999,0,1.1,93.994,-36.4,4.86,5191.0,999.0,0,1.0,0.0,1.0,3,8,0.0,3,5,1,1
15626,31.0,1,999,0,-0.1,93.2,-42.0,4.12,5195.8,999.0,0,0.0,0.0,0.0,2,4,0.0,5,11,1,1
15627,28.0,1,999,0,-1.8,92.893,-46.2,1.291,5099.1,999.0,0,0.0,0.0,0.0,2,2,0.0,4,5,1,1
15628,44.0,1,999,0,1.1,93.994,-36.4,4.857,5191.0,999.0,0,0.0,0.0,1.0,2,8,0.0,5,5,2,1
15629,39.0,1,999,0,1.4,94.465,-41.8,4.961,5228.1,999.0,0,0.0,1.0,1.0,2,4,0.0,4,6,1,1
15630,38.0,5,999,0,1.4,93.444,-36.1,4.966,5228.1,999.0,0,1.0,1.0,0.0,2,7,0.0,7,8,1,1
15631,31.0,6,999,0,1.4,93.444,-36.1,4.965,5228.1,999.0,0,0.0,0.0,0.0,2,6,0.0,5,8,2,1
15632,32.0,1,999,0,1.4,94.465,-41.8,4.961,5228.1,999.0,0,0.0,0.0,1.0,2,8,0.0,4,6,1,1
15633,40.0,2,999,0,-0.1,93.2,-42.0,4.191,5195.8,999.0,0,1.0,1.0,0.0,2,7,0.0,6,11,2,1
15634,31.0,1,999,0,1.4,93.918,-42.7,4.958,5228.1,999.0,0,1.0,0.0,0.0,2,7,0.0,6,7,1,1
15635,51.0,1,999,0,-0.1,93.2,-42.0,4.076,5195.8,999.0,0,1.0,0.0,0.0,2,8,0.0,5,11,1,1
15636,49.0,1,999,0,1.4,94.465,-41.8,4.866,5228.1,999.0,0,0.0,0.0,1.0,2,8,0.0,4,6,1,1
15637,29.0,1,999,0,-0.1,93.2,-42.0,4.153,5195.8,999.0,0,0.0,0.0,0.0,1,8,0.0,3,11,1,1
15638,43.0,5,999,0,1.4,93.918,-42.7,4.96,5228.1,999.0,0,1.0,0.0,0.0,2,5,0.0,10,7,2,1
15639,43.0,1,999,0,-3.4,92.649,-30.1,0.715,5017.5,999.0,0,1.0,0.0,1.0,2,8,0.0,6,11,1,1
15640,34.0,4,999,0,-1.8,92.893,-46.2,1.266,5099.1,999.0,0,1.0,0.0,0.0,2,4,0.0,10,5,1,1
15641,51.0,3,999,0,1.4,93.444,-36.1,4.965,5228.1,999.0,0,0.0,0.0,0.0,2,4,0.0,4,8,1,1
15642,31.0,2,999,0,-1.8,93.075,-47.1,1.423,5099.1,999.0,0,0.0,0.0,1.0,2,2,0.0,8,4,1,1
15643,49.0,1,999,0,1.4,93.444,-36.1,4.964,5228.1,999.0,0,0.0,0.0,0.0,2,3,0.0,4,8,1,1
15644,48.0,1,999,0,1.1,93.994,-36.4,4.857,5191.0,999.0,0,0.0,0.0,1.0,1,8,0.0,6,5,2,1
15645,42.0,3,999,0,1.4,93.918,-42.7,4.959,5228.1,999.0,0,1.0,0.0,1.0,3,7,0.0,6,7,1,1
15646,51.0,4,999,0,-0.1,93.2,-42.0,4.021,5195.8,999.0,0,0.0,0.0,0.0,1,8,0.0,9,11,1,1
15647,36.0,5,999,0,-0.1,93.2,-42.0,4.153,5195.8,999.0,0,1.0,0.0,0.0,2,8,0.0,6,11,1,1
15648,43.0,4,999,0,-1.8,93.749,-34.6,0.645,5008.7,999.0,0,0.0,0.0,1.0,3,7,0.0,6,4,1,1
15649,30.0,1,999,0,1.1,93.994,-36.4,4.856,5191.0,999.0,0,1.0,0.0,1.0,1,4,0.0,4,5,1,1
15650,36.0,8,999,0,1.4,93.918,-42.7,4.961,5228.1,999.0,0,1.0,0.0,0.0,2,2,0.0,4,7,1,1
15651,26.0,3,999,1,-1.8,92.893,-46.2,1.25,5099.1,999.0,2,0.0,0.0,0.0,2,4,0.0,4,5,1,2
15652,35.0,1,999,0,1.4,94.465,-41.8,4.967,5228.1,999.0,0,0.0,0.0,1.0,2,4,0.0,4,6,1,1
15653,40.0,5,999,0,1.4,93.444,-36.1,4.962,5228.1,999.0,0,0.0,1.0,0.0,1,7,0.0,6,8,1,1
15654,31.0,1,999,0,1.1,93.994,-36.4,4.864,5191.0,999.0,0,1.0,0.0,1.0,2,4,0.0,7,5,1,1
15655,37.0,2,999,0,1.4,93.444,-36.1,4.968,5228.1,999.0,0,1.0,0.0,0.0,2,8,0.0,3,8,1,1
15656,54.0,1,999,0,1.4,93.444,-36.1,4.964,5228.1,999.0,0,1.0,0.0,0.0,2,8,0.0,1,8,1,1
15657,54.0,2,999,0,-0.1,93.2,-42.0,4.191,5195.8,999.0,0,0.0,0.0,0.0,2,4,0.0,6,11,2,1
15658,47.0,2,999,0,-3.4,92.649,-30.1,0.715,5017.5,999.0,0,1.0,0.0,0.0,2,4,0.0,3,11,1,1
15659,32.0,2,7,2,-1.8,92.893,-46.2,1.327,5099.1,0.233333333333,6,1.0,0.0,0.0,1,6,0.0,6,5,1,2
15660,31.0,2,999,0,1.4,93.444,-36.1,4.964,5228.1,999.0,0,1.0,0.0,0.0,2,7,0.0,3,8,1,1
15661,40.0,6,999,0,1.4,94.465,-41.8,4.961,5228.1,999.0,0,1.0,1.0,1.0,2,5,0.0,6,6,1,1
15662,33.0,1,999,1,-1.8,92.893,-46.2,1.299,5099.1,999.0,4,1.0,1.0,0.0,2,5,0.0,6,5,1,2
15663,29.0,3,999,0,1.4,93.918,-42.7,4.959,5228.1,999.0,0,1.0,1.0,1.0,2,3,0.0,7,7,1,1
15664,22.0,1,999,0,1.4,93.918,-42.7,4.963,5228.1,999.0,0,0.0,0.0,1.0,1,4,0.0,5,7,1,1
15665,46.0,3,999,0,-1.7,94.215,-40.3,0.822,4991.6,999.0,0,1.0,0.0,0.0,2,8,0.0,6,7,1,1
15666,37.0,1,999,0,-1.8,92.893,-46.2,1.313,5099.1,999.0,0,1.0,0.0,0.0,2,5,0.0,6,5,1,1
15667,37.0,4,999,0,1.4,94.465,-41.8,4.864,5228.1,999.0,0,1.0,0.0,1.0,2,5,0.0,6,6,1,1
15668,31.0,1,999,0,1.1,93.994,-36.4,4.864,5191.0,999.0,0,1.0,0.0,1.0,2,4,0.0,4,5,1,1
15669,31.0,1,999,0,1.1,93.994,-36.4,4.859,5191.0,999.0,0,1.0,1.0,1.0,2,4,0.0,4,5,1,1
15670,33.0,2,999,1,-1.8,92.893,-46.2,1.334,5099.1,999.0,0,1.0,0.0,1.0,2,8,0.0,6,5,1,2
15671,31.0,2,999,0,1.4,93.444,-36.1,4.963,5228.1,999.0,0,0.0,0.0,0.0,3,7,0.0,6,8,1,1
15672,25.0,1,999,0,1.1,93.994,-36.4,4.857,5191.0,999.0,0,0.0,0.0,1.0,1,2,0.0,3,5,1,1
15673,57.0,1,999,0,-2.9,92.963,-40.8,1.252,5076.2,999.0,0,0.0,0.0,0.0,2,7,0.0,6,6,1,1
15674,38.0,11,999,0,1.4,93.444,-36.1,4.965,5228.1,999.0,0,1.0,0.0,0.0,2,7,0.0,6,8,1,1
15675,31.0,1,999,0,1.4,93.444,-36.1,4.964,5228.1,999.0,0,1.0,0.0,0.0,2,6,0.0,2,8,1,1
15676,38.0,1,999,0,1.1,93.994,-36.4,4.859,5191.0,999.0,0,0.0,0.0,1.0,2,4,0.0,2,5,1,1
15677,33.0,4,999,0,1.1,93.994,-36.4,4.856,5191.0,999.0,0,1.0,1.0,1.0,2,2,0.0,3,5,1,1
15678,50.0,1,999,0,-1.8,92.843,-50.0,1.614,5099.1,999.0,0,1.0,0.0,0.0,3,7,0.0,6,3,1,1
15679,45.0,2,999,1,-1.7,94.215,-40.3,0.884,4991.6,999.0,6,0.0,1.0,1.0,2,7,0.0,3,7,1,2
15680,31.0,2,999,0,-2.9,92.963,-40.8,1.26,5076.2,999.0,0,1.0,1.0,0.0,3,5,0.0,9,6,1,1
15681,23.0,2,999,1,-1.1,94.601,-49.5,1.032,4963.6,999.0,2,1.0,0.0,0.0,1,5,0.0,11,10,2,2
15682,31.0,2,999,0,1.4,93.918,-42.7,4.962,5228.1,999.0,0,0.0,0.0,0.0,2,5,0.0,8,7,2,1
15683,39.0,1,999,0,-1.8,92.893,-46.2,1.313,5099.1,999.0,0,1.0,0.0,1.0,2,5,0.0,4,5,1,1
15684,31.0,2,999,0,1.4,93.444,-36.1,4.964,5228.1,999.0,0,1.0,0.0,0.0,2,8,0.0,5,8,1,1
15685,43.0,4,999,0,1.1,93.994,-36.4,4.855,5191.0,999.0,0,0.0,0.0,1.0,2,5,0.0,9,5,1,1
15686,39.0,2,999,1,-1.7,94.055,-39.8,0.702,4991.6,999.0,2,0.0,1.0,0.0,2,7,0.0,5,6,1,2
15687,53.0,2,999,2,-1.8,93.749,-34.6,0.64,5008.7,999.0,6,1.0,1.0,0.0,2,8,0.0,5,4,1,2
15688,48.0,3,999,0,1.4,93.444,-36.1,4.963,5228.1,999.0,0,1.0,0.0,0.0,2,8,0.0,3,8,1,1
15689,31.0,1,999,0,1.1,93.994,-36.4,4.86,5191.0,999.0,0,1.0,0.0,1.0,2,7,0.0,10,5,1,1
15690,32.0,5,999,0,-1.8,92.893,-46.2,1.244,5099.1,999.0,0,1.0,1.0,0.0,3,8,0.0,6,5,2,1
15691,31.0,3,999,0,1.4,94.465,-41.8,4.967,5228.1,999.0,0,1.0,0.0,1.0,3,5,0.0,9,6,1,1
15692,39.0,2,999,0,1.1,93.994,-36.4,4.855,5191.0,999.0,0,1.0,0.0,1.0,2,5,0.0,4,5,1,1
15693,38.0,3,999,0,1.1,93.994,-36.4,4.857,5191.0,999.0,0,0.0,0.0,1.0,3,5,0.0,10,5,1,1
15694,48.0,3,999,0,1.4,93.444,-36.1,4.968,5228.1,999.0,0,1.0,0.0,0.0,2,4,0.0,4,8,1,1
15695,58.0,2,999,1,-0.1,93.2,-42.0,4.191,5195.8,999.0,0,0.0,0.0,0.0,2,7,0.0,1,11,2,2
15696,47.0,8,999,0,1.4,93.444,-36.1,4.965,5228.1,999.0,0,1.0,0.0,0.0,2,7,0.0,3,8,1,1
15697,32.0,2,999,0,1.1,93.994,-36.4,4.857,5191.0,999.0,0,0.0,0.0,1.0,1,7,0.0,6,5,1,1
15698,42.0,1,999,0,-2.9,92.469,-33.6,1.044,5076.2,999.0,0,1.0,0.0,0.0,2,5,0.0,4,7,1,1
15699,29.0,1,999,0,1.4,93.918,-42.7,4.96,5228.1,999.0,0,1.0,0.0,0.0,2,4,0.0,4,7,1,1
15700,27.0,2,999,0,1.4,93.918,-42.7,4.963,5228.1,999.0,0,1.0,1.0,0.0,2,4,0.0,5,7,1,1
15701,39.0,2,999,0,1.1,93.994,-36.4,4.857,5191.0,999.0,0,0.0,0.0,1.0,2,2,0.0,2,5,2,1
15702,44.0,1,999,1,-0.1,93.2,-42.0,4.12,5195.8,999.0,2,0.0,0.0,0.0,2,8,0.0,9,11,1,2
15703,31.0,1,999,0,1.4,93.918,-42.7,4.961,5228.1,999.0,0,1.0,0.0,0.0,3,2,0.0,8,7,1,1
15704,36.0,2,999,0,-2.9,92.963,-40.8,1.268,5076.2,999.0,0,0.0,0.0,0.0,1,6,0.0,5,6,1,1
15705,31.0,2,999,0,1.1,93.994,-36.4,4.859,5191.0,999.0,0,0.0,0.0,1.0,2,8,0.0,5,5,1,1
15706,31.0,4,999,0,-1.8,92.893,-46.2,1.291,5099.1,999.0,0,1.0,0.0,0.0,1,5,0.0,6,5,1,1
15707,34.0,1,999,0,1.1,93.994,-36.4,4.858,5191.0,999.0,0,1.0,0.0,1.0,1,5,0.0,6,5,1,1
15708,27.0,1,999,0,-2.9,92.963,-40.8,1.262,5076.2,999.0,0,0.0,1.0,0.0,1,7,0.0,6,6,1,1
15709,30.0,1,999,0,1.4,93.444,-36.1,4.968,5228.1,999.0,0,1.0,0.0,0.0,1,8,0.0,5,8,1,1
15710,45.0,1,999,0,1.4,93.918,-42.7,4.958,5228.1,999.0,0,0.0,1.0,0.0,2,4,0.0,9,7,1,1
15711,39.0,1,999,1,-2.9,92.963,-40.8,1.215,5076.2,999.0,3,0.0,0.0,0.0,2,8,0.0,6,6,2,2
15712,56.0,2,999,0,1.4,93.444,-36.1,4.964,5228.1,999.0,0,0.0,0.0,0.0,3,7,0.0,8,8,1,1
15713,54.0,6,999,0,1.4,94.465,-41.8,4.864,5228.1,999.0,0,1.0,0.0,1.0,2,6,0.0,5,6,1,1
15714,31.0,1,999,0,-1.8,92.893,-46.2,1.291,5099.1,999.0,0,1.0,0.0,0.0,3,7,0.0,6,5,1,1
15715,31.0,1,999,0,1.1,93.994,-36.4,4.857,5191.0,999.0,0,1.0,0.0,1.0,2,7,0.0,1,5,1,1
15716,40.0,2,999,0,-1.8,93.075,-47.1,1.405,5099.1,999.0,0,0.0,1.0,0.0,1,8,0.0,4,4,1,1
15717,47.0,1,999,0,1.4,93.444,-36.1,4.966,5228.1,999.0,0,1.0,0.0,0.0,2,8,0.0,9,8,1,1
15718,48.0,8,999,0,1.1,93.994,-36.4,4.86,5191.0,999.0,0,0.0,0.0,1.0,2,5,0.0,5,5,1,1
15719,28.0,3,999,0,1.4,93.918,-42.7,4.962,5228.1,999.0,0,1.0,0.0,0.0,2,4,0.0,4,7,1,1
15720,41.0,1,999,0,1.4,94.465,-41.8,4.961,5228.1,999.0,0,1.0,1.0,1.0,1,8,0.0,5,6,2,1
15721,53.0,2,999,1,-1.8,93.075,-47.1,1.466,5099.1,999.0,2,1.0,0.0,0.0,2,2,0.0,4,4,2,2
15722,31.0,1,999,2,-1.8,93.075,-47.1,1.405,5099.1,999.0,2,0.0,0.0,0.0,2,3,0.0,4,4,1,2
15723,38.0,1,999,0,-0.1,93.2,-42.0,4.153,5195.8,999.0,0,1.0,0.0,0.0,1,5,0.0,6,11,1,1
15724,49.0,2,999,0,-0.1,93.2,-42.0,4.021,5195.8,999.0,0,0.0,0.0,0.0,2,7,0.0,3,11,1,1
15725,31.0,3,999,0,1.1,93.994,-36.4,4.856,5191.0,999.0,0,0.0,0.0,1.0,2,8,0.0,7,5,1,1
15726,44.0,1,999,0,1.4,93.444,-36.1,4.964,5228.1,999.0,0,1.0,1.0,0.0,2,6,0.0,5,8,1,1
15727,31.0,2,999,0,1.4,93.444,-36.1,4.963,5228.1,999.0,0,1.0,0.0,0.0,1,7,0.0,6,8,1,1
15728,47.0,3,999,1,-1.8,92.893,-46.2,1.291,5099.1,999.0,0,0.0,0.0,0.0,3,2,0.0,4,5,1,2
15729,48.0,1,999,0,1.1,93.994,-36.4,4.857,5191.0,999.0,0,0.0,0.0,1.0,2,8,0.0,4,5,1,1
15730,31.0,1,3,1,-1.8,92.893,-46.2,1.264,5099.1,0.1,0,0.0,1.0,0.0,2,4,0.0,4,5,2,3
15731,31.0,20,999,0,1.4,93.918,-42.7,4.963,5228.1,999.0,0,1.0,0.0,1.0,2,7,0.0,1,7,1,1
15732,33.0,11,999,0,1.1,93.994,-36.4,4.857,5191.0,999.0,0,0.0,1.0,1.0,1,4,0.0,4,5,2,1
15733,33.0,6,999,0,-1.8,93.075,-47.1,1.405,5099.1,999.0,0,0.0,0.0,0.0,2,5,0.0,6,4,1,1
15734,51.0,2,999,0,-3.0,92.713,-33.0,0.709,5023.5,999.0,0,0.0,1.0,0.0,2,8,0.0,5,12,1,1
15735,29.0,9,999,0,1.4,93.918,-42.7,4.957,5228.1,999.0,0,0.0,1.0,1.0,1,5,0.0,6,7,1,1
15736,21.0,1,6,1,-1.8,93.369,-34.8,0.655,5008.7,0.2,2,0.0,0.0,0.0,1,4,0.0,11,3,1,3
15737,33.0,6,999,0,1.4,94.465,-41.8,4.959,5228.1,999.0,0,0.0,0.0,1.0,2,4,0.0,10,6,1,1
15738,60.0,1,999,0,1.4,93.444,-36.1,4.97,5228.1,999.0,0,0.0,0.0,0.0,2,3,0.0,8,8,2,1
15739,37.0,4,999,0,1.1,93.994,-36.4,4.857,5191.0,999.0,0,1.0,1.0,1.0,1,8,0.0,5,5,1,1
15740,50.0,1,999,0,1.4,93.918,-42.7,4.963,5228.1,999.0,0,1.0,0.0,1.0,1,5,0.0,9,7,1,1
15741,35.0,3,999,1,-3.0,92.713,-33.0,0.707,5023.5,999.0,2,1.0,1.0,0.0,2,6,0.0,10,12,1,2
15742,40.0,1,999,0,-0.1,93.2,-42.0,4.191,5195.8,999.0,0,0.0,0.0,1.0,2,8,0.0,6,11,2,1
15743,43.0,2,999,0,1.4,93.918,-42.7,4.961,5228.1,999.0,0,1.0,0.0,0.0,2,7,0.0,6,7,1,1
15744,35.0,2,999,0,-0.1,93.2,-42.0,4.076,5195.8,999.0,0,1.0,0.0,0.0,1,8,0.0,6,11,1,1
15745,33.0,1,999,0,-1.8,92.893,-46.2,1.299,5099.1,999.0,0,1.0,0.0,0.0,2,8,0.0,4,5,2,1
15746,44.0,3,999,1,-1.8,92.893,-46.2,1.299,5099.1,999.0,3,1.0,0.0,0.0,2,8,0.0,5,5,2,2
15747,30.0,1,999,0,1.4,93.444,-36.1,4.963,5228.1,999.0,0,0.0,0.0,0.0,1,7,0.0,6,8,1,1
15748,33.0,1,999,0,1.1,93.994,-36.4,4.856,5191.0,999.0,0,0.0,0.0,1.0,2,5,0.0,9,5,1,1
15749,29.0,2,999,0,-1.8,93.075,-47.1,1.405,5099.1,999.0,0,0.0,0.0,0.0,1,8,0.0,5,4,2,1
15750,35.0,3,999,0,1.1,93.994,-36.4,4.857,5191.0,999.0,0,0.0,0.0,1.0,2,8,0.0,6,5,1,1
15751,42.0,4,999,0,-0.1,93.2,-42.0,4.153,5195.8,999.0,0,1.0,0.0,1.0,1,8,0.0,5,11,1,1
15752,33.0,11,999,0,1.4,93.918,-42.7,4.958,5228.1,999.0,0,1.0,0.0,0.0,1,5,0.0,9,7,1,1
15753,27.0,1,999,1,-1.8,93.369,-34.8,0.635,5008.7,999.0,2,1.0,0.0,0.0,1,7,0.0,6,3,1,2
15754,31.0,2,999,0,1.1,93.994,-36.4,4.858,5191.0,999.0,0,0.0,0.0,1.0,2,8,0.0,5,5,1,1
15755,44.0,1,999,1,-0.1,93.2,-42.0,4.191,5195.8,999.0,2,0.0,0.0,0.0,2,8,0.0,6,11,1,2
15756,42.0,1,999,0,1.4,93.444,-36.1,4.964,5228.1,999.0,0,0.0,0.0,0.0,1,7,0.0,6,8,1,1
15757,31.0,29,999,0,1.4,94.465,-41.8,4.959,5228.1,999.0,0,0.0,0.0,1.0,1,8,0.0,6,6,1,1
15758,32.0,7,999,0,-0.1,93.2,-42.0,4.12,5195.8,999.0,0,1.0,0.0,0.0,2,2,0.0,7,11,1,1
15759,40.0,4,999,0,1.4,93.918,-42.7,4.962,5228.1,999.0,0,1.0,0.0,0.0,2,8,0.0,9,7,1,1
15760,35.0,2,999,0,-1.8,92.893,-46.2,1.313,5099.1,999.0,0,1.0,0.0,0.0,2,5,0.0,5,5,1,1
15761,45.0,5,999,0,-1.8,92.893,-46.2,1.354,5099.1,999.0,0,0.0,0.0,0.0,2,2,0.0,7,5,2,1
15762,29.0,5,999,0,1.4,93.444,-36.1,4.965,5228.1,999.0,0,1.0,0.0,0.0,1,7,0.0,6,8,2,1
15763,31.0,3,999,0,1.1,93.994,-36.4,4.857,5191.0,999.0,0,0.0,0.0,1.0,2,5,0.0,9,5,2,1
15764,31.0,7,999,0,1.4,93.444,-36.1,4.964,5228.1,999.0,0,1.0,0.0,0.0,2,7,0.0,2,8,1,1
15765,57.0,1,999,0,-0.1,93.2,-42.0,4.021,5195.8,999.0,0,1.0,0.0,0.0,2,7,0.0,10,11,1,1
15766,45.0,2,999,0,-2.9,92.963,-40.8,1.266,5076.2,999.0,0,0.0,0.0,0.0,2,4,0.0,10,6,2,1
15767,31.0,1,999,0,1.1,93.994,-36.4,4.857,5191.0,999.0,0,1.0,0.0,1.0,1,8,0.0,6,5,1,1
15768,31.0,2,999,0,-0.1,93.2,-42.0,4.191,5195.8,999.0,0,1.0,1.0,0.0,2,4,0.0,6,11,2,1
15769,28.0,1,999,1,-1.8,92.893,-46.2,1.281,5099.1,999.0,2,1.0,1.0,0.0,2,5,0.0,6,5,1,2
15770,31.0,1,999,0,1.4,93.918,-42.7,4.962,5228.1,999.0,0,1.0,1.0,0.0,1,7,0.0,5,7,1,1
15771,41.0,2,999,0,-0.1,93.2,-42.0,4.021,5195.8,999.0,0,1.0,0.0,0.0,3,5,0.0,6,11,1,1
15772,52.0,1,999,0,-2.9,92.963,-40.8,1.266,5076.2,999.0,0,0.0,1.0,0.0,1,7,0.0,6,6,2,1
15773,35.0,1,999,0,-1.8,92.893,-46.2,1.281,5099.1,999.0,0,0.0,1.0,0.0,2,7,0.0,6,5,1,1
15774,32.0,7,999,0,1.4,93.918,-42.7,4.962,5228.1,999.0,0,1.0,0.0,0.0,2,8,0.0,5,7,1,1
15775,41.0,2,999,0,-1.8,92.893,-46.2,1.313,5099.1,999.0,0,1.0,0.0,0.0,1,5,0.0,9,5,1,1
15776,30.0,5,999,0,1.4,94.465,-41.8,4.961,5228.1,999.0,0,0.0,1.0,1.0,1,8,0.0,4,6,1,1
15777,52.0,12,999,0,1.4,93.918,-42.7,4.962,5228.1,999.0,0,1.0,0.0,0.0,2,4,0.0,2,7,2,1
15778,49.0,2,999,1,-0.1,93.2,-42.0,4.191,5195.8,999.0,1,1.0,0.0,0.0,2,5,0.0,3,11,2,2
15779,45.0,3,999,0,1.4,93.918,-42.7,4.96,5228.1,999.0,0,0.0,0.0,0.0,3,8,0.0,6,7,2,1
15780,27.0,1,1,1,-1.8,92.893,-46.2,1.299,5099.1,0.0333333333333,2,0.0,0.0,0.0,1,7,0.0,6,5,2,3
15781,53.0,9,999,0,1.4,93.918,-42.7,4.962,5228.1,999.0,0,1.0,1.0,0.0,2,8,0.0,3,7,2,1
15782,31.0,2,999,0,1.4,93.444,-36.1,4.964,5228.1,999.0,0,1.0,0.0,0.0,2,7,0.0,5,8,1,1
15783,54.0,3,999,1,-0.1,93.2,-42.0,4.021,5195.8,999.0,3,0.0,0.0,0.0,2,7,0.0,1,11,1,2
15784,31.0,2,999,0,-2.9,92.963,-40.8,1.215,5076.2,999.0,0,0.0,0.0,0.0,2,4,0.0,4,6,2,1
15785,31.0,4,999,0,1.4,93.918,-42.7,4.96,5228.1,999.0,0,1.0,1.0,0.0,1,7,0.0,6,7,2,1
15786,47.0,1,999,0,-0.1,93.2,-42.0,4.12,5195.8,999.0,0,1.0,0.0,0.0,2,8,0.0,10,11,1,1
15787,37.0,3,999,1,-1.8,92.893,-46.2,1.334,5099.1,999.0,2,0.0,0.0,0.0,3,7,0.0,1,5,1,2
15788,46.0,2,999,0,-1.8,93.075,-47.1,1.405,5099.1,999.0,0,1.0,0.0,0.0,2,7,0.0,6,4,1,1
15789,38.0,2,999,0,-0.1,93.2,-42.0,4.021,5195.8,999.0,0,1.0,1.0,0.0,2,8,0.0,4,11,1,1
15790,40.0,3,999,0,1.1,93.994,-36.4,4.857,5191.0,999.0,0,1.0,0.0,1.0,1,8,0.0,6,5,2,1
15791,46.0,5,999,0,1.1,93.994,-36.4,4.855,5191.0,999.0,0,0.0,0.0,1.0,2,4,0.0,2,5,1,1
15792,59.0,1,3,1,-1.1,94.199,-37.5,0.886,4963.6,0.1,4,0.0,1.0,0.0,2,7,0.0,6,9,1,3
15793,39.0,2,999,0,1.1,93.994,-36.4,4.859,5191.0,999.0,0,1.0,0.0,1.0,3,8,0.0,4,5,1,1
15794,27.0,2,999,0,-1.8,92.893,-46.2,1.281,5099.1,999.0,0,1.0,0.0,0.0,2,8,0.0,1,5,1,1
15795,34.0,1,999,0,-1.8,92.893,-46.2,1.313,5099.1,999.0,0,0.0,0.0,0.0,2,7,0.0,5,5,1,1
15796,52.0,2,999,0,1.4,94.465,-41.8,4.866,5228.1,999.0,0,0.0,0.0,1.0,2,2,0.0,2,6,1,1
15797,42.0,5,999,0,-1.8,92.893,-46.2,1.291,5099.1,999.0,0,1.0,0.0,0.0,2,4,0.0,4,5,1,1
15798,31.0,1,999,0,1.4,93.918,-42.7,4.957,5228.1,999.0,0,0.0,0.0,0.0,2,6,0.0,6,7,1,1
15799,58.0,1,999,0,1.4,93.918,-42.7,4.961,5228.1,999.0,0,1.0,0.0,0.0,2,2,0.0,2,7,1,1
15800,36.0,2,999,0,-1.8,93.075,-47.1,1.453,5099.1,999.0,0,0.0,1.0,0.0,1,7,0.0,1,4,1,1
15801,26.0,2,999,1,-3.4,92.431,-26.9,0.742,5017.5,999.0,3,1.0,0.0,0.0,1,4,0.0,11,10,1,2
15802,35.0,1,999,0,1.4,93.444,-36.1,4.965,5228.1,999.0,0,1.0,1.0,0.0,1,7,0.0,6,8,1,1
15803,49.0,1,999,0,1.4,94.465,-41.8,4.961,5228.1,999.0,0,0.0,1.0,1.0,2,8,0.0,12,6,1,1
15804,41.0,2,999,0,-0.1,93.2,-42.0,4.153,5195.8,999.0,0,1.0,0.0,0.0,1,6,0.0,9,11,1,1
15805,31.0,1,999,0,-1.8,92.893,-46.2,1.334,5099.1,999.0,0,0.0,0.0,0.0,2,3,0.0,9,5,1,1
15806,38.0,2,999,0,-1.8,92.893,-46.2,1.291,5099.1,999.0,0,1.0,0.0,0.0,1,8,0.0,6,5,1,1
15807,30.0,4,999,0,1.4,93.918,-42.7,4.96,5228.1,999.0,0,1.0,1.0,0.0,1,7,0.0,5,7,2,1
15808,35.0,1,999,0,1.1,93.994,-36.4,4.857,5191.0,999.0,0,0.0,0.0,1.0,2,8,0.0,4,5,1,1
15809,39.0,2,999,2,-1.8,93.075,-47.1,1.483,5099.1,999.0,10,0.0,0.0,0.0,2,5,0.0,9,4,1,2
15810,27.0,2,999,0,1.4,94.465,-41.8,4.864,5228.1,999.0,0,0.0,0.0,1.0,1,8,0.0,9,6,1,1
15811,35.0,1,999,0,1.1,93.994,-36.4,4.856,5191.0,999.0,0,1.0,1.0,1.0,2,8,0.0,4,5,1,1
15812,24.0,1,999,0,-2.9,92.963,-40.8,1.26,5076.2,999.0,0,1.0,1.0,0.0,1,8,0.0,6,6,2,1
15813,34.0,2,999,0,-1.8,92.893,-46.2,1.281,5099.1,999.0,0,1.0,1.0,0.0,3,3,0.0,9,5,1,1
15814,36.0,1,999,0,1.4,94.465,-41.8,4.961,5228.1,999.0,0,1.0,0.0,1.0,2,7,0.0,1,6,1,1
15815,38.0,1,999,0,1.4,93.918,-42.7,4.963,5228.1,999.0,0,1.0,0.0,0.0,1,6,0.0,5,7,1,1
15816,39.0,3,11,1,-1.8,92.893,-46.2,1.354,5099.1,0.366666666667,3,1.0,0.0,0.0,2,6,0.0,5,5,2,3
15817,56.0,2,999,0,1.4,94.465,-41.8,4.967,5228.1,999.0,0,0.0,0.0,1.0,2,4,0.0,4,6,1,1
15818,35.0,2,999,0,1.1,93.994,-36.4,4.859,5191.0,999.0,0,0.0,1.0,1.0,1,3,0.0,1,5,1,1
15819,55.0,3,999,0,-0.1,93.2,-42.0,4.191,5195.8,999.0,0,1.0,0.0,0.0,2,8,0.0,4,11,2,1
15820,46.0,1,999,0,1.4,94.465,-41.8,4.866,5228.1,999.0,0,0.0,0.0,1.0,2,5,0.0,6,6,1,1
15821,29.0,2,999,0,-1.8,93.075,-47.1,1.435,5099.1,999.0,0,1.0,0.0,0.0,2,4,0.0,4,4,1,1
15822,38.0,2,999,0,-1.8,92.893,-46.2,1.244,5099.1,999.0,0,1.0,0.0,0.0,1,8,0.0,6,5,2,1
15823,31.0,11,999,0,1.4,94.465,-41.8,4.962,5228.1,999.0,0,0.0,0.0,1.0,3,4,0.0,4,6,1,1
15824,35.0,2,999,0,1.4,93.918,-42.7,4.963,5228.1,999.0,0,0.0,0.0,0.0,1,8,0.0,4,7,1,1
15825,31.0,1,999,0,1.1,93.994,-36.4,4.855,5191.0,999.0,0,1.0,1.0,1.0,2,6,0.0,4,5,1,1
15826,31.0,2,999,0,1.1,93.994,-36.4,4.856,5191.0,999.0,0,0.0,0.0,1.0,2,3,0.0,4,5,1,1
15827,31.0,1,999,0,1.4,93.444,-36.1,4.967,5228.1,999.0,0,1.0,0.0,0.0,3,8,0.0,4,8,1,1
15828,33.0,1,999,0,-1.7,94.215,-40.3,0.893,4991.6,999.0,0,0.0,0.0,1.0,1,7,0.0,6,7,1,1
15829,35.0,1,999,0,1.1,93.994,-36.4,4.86,5191.0,999.0,0,0.0,0.0,1.0,2,5,0.0,9,5,1,1
15830,27.0,1,999,0,1.4,93.918,-42.7,4.963,5228.1,999.0,0,1.0,0.0,1.0,1,4,0.0,4,7,1,1
15831,31.0,2,999,0,1.1,93.994,-36.4,4.857,5191.0,999.0,0,1.0,0.0,1.0,2,2,0.0,10,5,1,1
15832,31.0,3,999,0,1.4,93.918,-42.7,4.962,5228.1,999.0,0,1.0,0.0,1.0,3,4,0.0,4,7,1,1
15833,51.0,2,999,0,1.4,93.918,-42.7,4.962,5228.1,999.0,0,1.0,0.0,0.0,3,5,0.0,2,7,1,1
15834,37.0,1,999,0,1.4,93.918,-42.7,4.962,5228.1,999.0,0,1.0,0.0,0.0,3,8,0.0,7,7,1,1
15835,37.0,1,999,0,1.4,93.918,-42.7,4.961,5228.1,999.0,0,1.0,0.0,0.0,2,5,0.0,4,7,1,1
15836,35.0,1,999,0,-1.8,93.075,-47.1,1.405,5099.1,999.0,0,0.0,0.0,0.0,2,8,0.0,4,4,1,1
15837,36.0,2,999,1,-0.1,93.2,-42.0,4.191,5195.8,999.0,0,0.0,0.0,0.0,3,5,0.0,10,11,2,2
15838,31.0,5,999,0,1.1,93.994,-36.4,4.86,5191.0,999.0,0,0.0,0.0,1.0,2,8,0.0,12,5,1,1
15839,37.0,2,999,0,1.4,93.918,-42.7,4.957,5228.1,999.0,0,1.0,0.0,0.0,3,5,0.0,7,7,1,1
15840,31.0,1,999,0,1.1,93.994,-36.4,4.857,5191.0,999.0,0,0.0,0.0,1.0,2,4,0.0,2,5,2,1
15841,25.0,1,999,0,1.4,93.918,-42.7,4.961,5228.1,999.0,0,1.0,0.0,0.0,1,8,0.0,9,7,1,1
15842,44.0,3,999,0,1.1,93.994,-36.4,4.858,5191.0,999.0,0,0.0,0.0,1.0,2,3,0.0,12,5,1,1
15843,43.0,1,999,0,-0.1,93.2,-42.0,4.076,5195.8,999.0,0,0.0,0.0,0.0,3,8,0.0,9,11,1,1
15844,53.0,1,999,2,-2.9,92.201,-31.4,0.821,5076.2,999.0,0,1.0,0.0,0.0,2,7,0.0,6,8,2,2
15845,51.0,1,999,0,-1.8,93.075,-47.1,1.405,5099.1,999.0,0,1.0,0.0,0.0,2,5,0.0,9,4,2,1
15846,37.0,2,999,0,-1.8,93.075,-47.1,1.405,5099.1,999.0,0,1.0,0.0,0.0,1,8,0.0,5,4,1,1
15847,46.0,7,999,0,-1.8,93.075,-47.1,1.405,5099.1,999.0,0,1.0,0.0,1.0,2,7,0.0,6,4,1,1
15848,51.0,2,999,0,1.4,94.465,-41.8,4.961,5228.1,999.0,0,1.0,0.0,1.0,2,2,0.0,4,6,1,1
15849,30.0,1,999,0,1.4,93.444,-36.1,4.966,5228.1,999.0,0,0.0,0.0,0.0,1,8,0.0,6,8,1,1
15850,36.0,5,999,0,1.1,93.994,-36.4,4.855,5191.0,999.0,0,0.0,0.0,1.0,2,4,0.0,4,5,1,1
15851,47.0,1,999,0,1.1,93.994,-36.4,4.856,5191.0,999.0,0,0.0,0.0,1.0,3,5,0.0,9,5,1,1
15852,31.0,1,999,0,1.1,93.994,-36.4,4.857,5191.0,999.0,0,1.0,0.0,1.0,2,8,0.0,4,5,2,1
15853,53.0,5,999,0,1.4,94.465,-41.8,4.961,5228.1,999.0,0,1.0,0.0,1.0,4,8,0.0,9,6,1,1
15854,63.0,1,6,1,-1.1,94.601,-49.5,1.025,4963.6,0.2,0,0.0,0.0,0.0,2,8,0.0,12,10,1,3
15855,31.0,1,999,1,-1.8,92.893,-46.2,1.327,5099.1,999.0,4,0.0,0.0,0.0,2,5,0.0,9,5,1,2
15856,42.0,3,999,0,-1.8,93.075,-47.1,1.423,5099.1,999.0,0,1.0,1.0,0.0,1,3,0.0,9,4,1,1
15857,42.0,2,999,0,1.4,93.444,-36.1,4.965,5228.1,999.0,0,1.0,0.0,0.0,3,8,0.0,5,8,2,1
15858,31.0,5,999,0,1.4,94.465,-41.8,4.959,5228.1,999.0,0,1.0,0.0,1.0,2,7,0.0,6,6,1,1
15859,37.0,32,999,0,1.4,93.918,-42.7,4.968,5228.1,999.0,0,0.0,0.0,1.0,2,6,0.0,5,7,1,1
15860,45.0,1,999,0,1.1,93.994,-36.4,4.86,5191.0,999.0,0,0.0,0.0,1.0,2,8,0.0,12,5,1,1
15861,39.0,2,999,0,1.1,93.994,-36.4,4.86,5191.0,999.0,0,1.0,0.0,1.0,1,3,0.0,7,5,1,1
15862,44.0,1,999,0,1.4,93.444,-36.1,4.968,5228.1,999.0,0,0.0,0.0,0.0,3,8,0.0,5,8,1,1
15863,53.0,3,999,0,1.4,93.918,-42.7,4.962,5228.1,999.0,0,0.0,0.0,0.0,2,7,0.0,1,7,1,1
15864,31.0,1,999,0,1.1,93.994,-36.4,4.858,5191.0,999.0,0,0.0,0.0,1.0,2,6,0.0,5,5,1,1
15865,56.0,10,999,0,1.1,93.994,-36.4,4.856,5191.0,999.0,0,1.0,0.0,1.0,2,2,0.0,4,5,1,1
15866,53.0,1,6,2,-3.0,92.713,-33.0,0.706,5023.5,0.2,2,1.0,1.0,1.0,2,7,0.0,6,12,2,3
15867,31.0,1,999,0,-0.1,93.2,-42.0,4.153,5195.8,999.0,0,0.0,0.0,0.0,2,8,0.0,6,11,1,1
15868,27.0,2,999,2,-1.7,94.215,-40.3,0.782,4991.6,999.0,2,0.0,0.0,0.0,1,8,0.0,6,7,1,2
15869,36.0,2,999,0,1.1,93.994,-36.4,4.859,5191.0,999.0,0,1.0,0.0,1.0,3,5,0.0,6,5,1,1
15870,26.0,3,999,0,1.4,94.465,-41.8,4.865,5228.1,999.0,0,0.0,0.0,1.0,2,8,0.0,4,6,2,1
15871,42.0,5,999,0,1.4,93.918,-42.7,4.963,5228.1,999.0,0,1.0,0.0,0.0,2,4,0.0,4,7,1,1
15872,41.0,2,999,0,-1.8,92.843,-50.0,1.531,5099.1,999.0,0,0.0,0.0,0.0,2,6,0.0,5,3,1,1
15873,28.0,3,999,0,1.1,93.994,-36.4,4.858,5191.0,999.0,0,0.0,0.0,1.0,2,8,0.0,3,5,2,1
15874,40.0,3,999,0,1.4,93.444,-36.1,4.965,5228.1,999.0,0,1.0,1.0,0.0,3,6,0.0,5,8,1,1
15875,36.0,1,999,1,-1.8,92.843,-50.0,1.538,5099.1,999.0,2,1.0,0.0,0.0,2,8,0.0,3,3,1,2
15876,31.0,4,999,0,1.4,93.444,-36.1,4.965,5228.1,999.0,0,1.0,0.0,0.0,2,4,0.0,4,8,1,1
15877,31.0,7,999,0,1.4,93.918,-42.7,4.955,5228.1,999.0,0,0.0,0.0,1.0,2,4,0.0,4,7,1,1
15878,31.0,2,999,0,-1.8,92.893,-46.2,1.313,5099.1,999.0,0,1.0,0.0,1.0,1,8,0.0,9,5,1,1
15879,28.0,1,999,0,-1.8,93.075,-47.1,1.365,5099.1,999.0,0,1.0,0.0,0.0,1,7,0.0,6,4,1,1
15880,59.0,1,999,0,1.4,93.444,-36.1,4.964,5228.1,999.0,0,1.0,0.0,0.0,1,7,0.0,5,8,1,1
15881,31.0,1,999,0,-3.0,92.713,-33.0,0.721,5023.5,999.0,0,1.0,0.0,0.0,2,7,0.0,8,12,1,1
15882,29.0,2,999,0,-1.8,93.075,-47.1,1.415,5099.1,999.0,0,1.0,0.0,0.0,1,7,0.0,5,4,1,1
15883,31.0,1,999,0,-0.1,93.2,-42.0,4.663,5195.8,999.0,0,0.0,0.0,1.0,3,7,0.0,6,11,1,1
15884,31.0,5,999,0,1.4,94.465,-41.8,4.864,5228.1,999.0,0,0.0,0.0,1.0,1,5,0.0,6,6,1,1
15885,35.0,3,999,0,-1.7,94.055,-39.8,0.754,4991.6,999.0,0,1.0,0.0,0.0,2,7,0.0,3,6,2,1
15886,31.0,1,999,0,-1.8,92.843,-50.0,1.51,5099.1,999.0,0,1.0,0.0,0.0,2,4,0.0,4,3,1,1
15887,38.0,1,999,0,-3.4,92.431,-26.9,0.74,5017.5,999.0,0,1.0,0.0,0.0,2,7,0.0,6,10,1,1
15888,48.0,2,999,0,1.4,93.444,-36.1,4.964,5228.1,999.0,0,1.0,0.0,1.0,2,4,0.0,4,8,1,1
15889,31.0,2,999,0,1.4,93.444,-36.1,4.964,5228.1,999.0,0,1.0,0.0,0.0,2,5,0.0,6,8,1,1
15890,31.0,1,999,1,-1.8,92.893,-46.2,1.291,5099.1,999.0,1,1.0,0.0,0.0,1,7,0.0,5,5,1,2
15891,31.0,1,999,1,-1.8,92.893,-46.2,1.281,5099.1,999.0,3,1.0,0.0,0.0,1,8,0.0,9,5,1,2
15892,34.0,5,999,0,1.4,93.918,-42.7,4.962,5228.1,999.0,0,0.0,0.0,0.0,2,5,0.0,6,7,1,1
15893,32.0,2,999,2,-1.1,94.767,-50.8,1.048,4963.6,999.0,6,0.0,0.0,0.0,1,5,0.0,6,11,2,2
15894,31.0,1,999,0,1.4,93.918,-42.7,4.962,5228.1,999.0,0,0.0,0.0,0.0,3,6,0.0,5,7,1,1
15895,27.0,1,999,0,1.4,93.918,-42.7,4.957,5228.1,999.0,0,1.0,0.0,1.0,1,5,0.0,6,7,1,1
15896,35.0,2,999,0,-0.1,93.2,-42.0,4.191,5195.8,999.0,0,1.0,0.0,0.0,1,6,0.0,1,11,2,1
15897,35.0,3,999,0,1.4,94.465,-41.8,4.947,5228.1,999.0,0,0.0,0.0,1.0,2,8,0.0,4,6,1,1
15898,37.0,1,999,0,-1.8,93.075,-47.1,1.405,5099.1,999.0,0,1.0,1.0,0.0,2,4,0.0,4,4,1,1
15899,31.0,1,999,0,1.4,93.444,-36.1,4.964,5228.1,999.0,0,1.0,0.0,0.0,2,8,0.0,5,8,1,1
15900,31.0,1,999,0,-0.1,93.798,-40.4,4.86,5195.8,999.0,0,1.0,0.0,1.0,2,8,0.0,4,10,1,1
15901,38.0,7,999,0,1.4,94.465,-41.8,4.967,5228.1,999.0,0,1.0,0.0,1.0,1,7,0.0,6,6,1,1
15902,41.0,2,999,0,1.1,93.994,-36.4,4.855,5191.0,999.0,0,1.0,1.0,1.0,2,5,0.0,6,5,1,1
15903,46.0,1,999,0,-0.1,93.2,-42.0,4.076,5195.8,999.0,0,1.0,0.0,0.0,2,8,0.0,7,11,1,1
15904,39.0,4,999,0,1.4,94.465,-41.8,4.961,5228.1,999.0,0,1.0,1.0,1.0,2,4,0.0,4,6,1,1
15905,33.0,1,999,0,1.4,93.918,-42.7,4.955,5228.1,999.0,0,1.0,0.0,1.0,2,2,0.0,4,7,1,1
15906,58.0,2,999,0,-2.9,92.963,-40.8,1.262,5076.2,999.0,0,1.0,0.0,0.0,3,5,0.0,8,6,1,1
15907,33.0,3,999,1,-1.8,93.749,-34.6,0.644,5008.7,999.0,4,0.0,0.0,0.0,1,7,0.0,3,4,1,2
15908,31.0,3,999,0,1.1,93.994,-36.4,4.855,5191.0,999.0,0,0.0,0.0,1.0,2,5,0.0,9,5,1,1
15909,41.0,8,999,1,-0.1,93.2,-42.0,4.021,5195.8,999.0,2,0.0,0.0,0.0,3,7,0.0,3,11,1,2
15910,28.0,1,999,0,1.4,94.465,-41.8,4.961,5228.1,999.0,0,0.0,0.0,1.0,2,8,0.0,6,6,1,1
15911,46.0,3,999,0,1.4,93.918,-42.7,4.962,5228.1,999.0,0,1.0,0.0,1.0,2,8,0.0,4,7,1,1
15912,36.0,6,999,0,-1.8,92.893,-46.2,1.281,5099.1,999.0,0,0.0,0.0,0.0,1,5,0.0,9,5,1,1
15913,33.0,1,999,0,1.1,93.994,-36.4,4.855,5191.0,999.0,0,0.0,0.0,1.0,2,6,0.0,5,5,1,1
15914,56.0,2,999,0,-1.8,92.893,-46.2,1.281,5099.1,999.0,0,1.0,1.0,0.0,2,2,0.0,4,5,1,1
15915,31.0,1,999,1,-1.8,92.893,-46.2,1.259,5099.1,999.0,1,1.0,1.0,0.0,2,6,0.0,7,5,1,2
15916,33.0,1,999,0,1.4,93.444,-36.1,4.964,5228.1,999.0,0,1.0,0.0,0.0,1,7,0.0,6,8,1,1
15917,27.0,4,999,0,-1.8,92.893,-46.2,1.25,5099.1,999.0,0,0.0,0.0,0.0,1,8,0.0,5,5,1,1
15918,26.0,1,999,1,-1.8,92.893,-46.2,1.266,5099.1,999.0,0,1.0,1.0,0.0,1,7,0.0,3,5,1,2
15919,33.0,1,6,1,-2.9,92.201,-31.4,0.884,5076.2,0.2,1,1.0,0.0,0.0,2,5,0.0,6,8,1,3
15920,52.0,1,999,0,-1.8,92.893,-46.2,1.244,5099.1,999.0,0,1.0,0.0,0.0,2,8,0.0,6,5,2,1
15921,55.0,5,999,0,1.4,93.918,-42.7,4.962,5228.1,999.0,0,1.0,1.0,0.0,2,5,0.0,10,7,1,1
15922,39.0,1,999,0,1.1,93.994,-36.4,4.856,5191.0,999.0,0,0.0,0.0,1.0,3,4,0.0,9,5,1,1
15923,34.0,1,999,0,1.1,93.994,-36.4,4.86,5191.0,999.0,0,0.0,0.0,1.0,2,5,0.0,9,5,1,1
15924,34.0,2,999,0,1.4,94.465,-41.8,4.962,5228.1,999.0,0,1.0,0.0,1.0,2,7,0.0,5,6,1,1
15925,55.0,2,999,0,1.4,93.444,-36.1,4.963,5228.1,999.0,0,0.0,1.0,0.0,2,8,0.0,6,8,1,1
15926,51.0,3,999,0,1.1,93.994,-36.4,4.855,5191.0,999.0,0,0.0,0.0,1.0,2,2,0.0,7,5,1,1
15927,43.0,1,999,0,1.4,93.918,-42.7,4.961,5228.1,999.0,0,1.0,0.0,0.0,2,5,0.0,6,7,1,1
15928,31.0,4,999,0,1.4,94.465,-41.8,4.959,5228.1,999.0,0,1.0,1.0,1.0,1,8,0.0,9,6,1,1
15929,31.0,4,999,0,1.1,93.994,-36.4,4.856,5191.0,999.0,0,1.0,0.0,1.0,2,7,0.0,1,5,1,1
15930,23.0,1,999,0,1.4,93.918,-42.7,4.963,5228.1,999.0,0,0.0,0.0,0.0,1,8,0.0,4,7,1,1
15931,40.0,2,999,0,1.4,93.918,-42.7,4.961,5228.1,999.0,0,0.0,0.0,0.0,2,5,0.0,4,7,1,1
15932,48.0,8,999,0,1.4,94.465,-41.8,4.961,5228.1,999.0,0,1.0,0.0,1.0,3,3,0.0,9,6,1,1
15933,31.0,4,999,0,-1.8,92.893,-46.2,1.354,5099.1,999.0,0,0.0,0.0,0.0,2,7,0.0,6,5,2,1
15934,52.0,1,999,0,1.4,93.444,-36.1,4.963,5228.1,999.0,0,1.0,0.0,0.0,2,5,0.0,6,8,1,1
15935,31.0,2,999,1,-1.8,92.893,-46.2,1.299,5099.1,999.0,1,0.0,1.0,0.0,2,2,0.0,4,5,2,2
15936,27.0,3,999,0,-1.8,92.893,-46.2,1.25,5099.1,999.0,0,1.0,1.0,0.0,2,4,0.0,4,5,1,1
15937,47.0,1,999,1,-0.1,93.2,-42.0,4.153,5195.8,999.0,3,0.0,0.0,0.0,2,6,0.0,5,11,1,2
15938,34.0,3,999,0,1.4,94.465,-41.8,4.961,5228.1,999.0,0,0.0,0.0,1.0,1,5,0.0,6,6,1,1
15939,44.0,4,999,0,1.4,94.465,-41.8,4.864,5228.1,999.0,0,0.0,1.0,1.0,2,8,0.0,7,6,1,1
15940,50.0,1,999,0,1.4,93.918,-42.7,4.961,5228.1,999.0,0,0.0,1.0,0.0,2,2,0.0,4,7,1,1
15941,59.0,1,999,0,1.4,93.444,-36.1,4.963,5228.1,999.0,0,1.0,0.0,0.0,2,6,0.0,5,8,2,1
15942,33.0,1,999,0,1.4,94.465,-41.8,4.958,5228.1,999.0,0,1.0,0.0,1.0,2,8,0.0,12,6,1,1
15943,60.0,2,999,0,1.1,93.994,-36.4,4.857,5191.0,999.0,0,1.0,0.0,1.0,3,8,0.0,8,5,1,1
15944,31.0,1,6,4,-2.9,92.201,-31.4,0.849,5076.2,0.2,12,1.0,0.0,0.0,1,8,0.0,11,8,1,2
15945,31.0,1,999,0,1.4,93.444,-36.1,4.964,5228.1,999.0,0,0.0,0.0,0.0,1,7,0.0,6,8,1,1
15946,42.0,4,999,0,-0.1,93.2,-42.0,4.021,5195.8,999.0,0,0.0,0.0,0.0,1,6,0.0,4,11,1,1
15947,25.0,3,999,0,1.4,94.465,-41.8,4.864,5228.1,999.0,0,1.0,0.0,1.0,2,8,0.0,6,6,1,1
15948,31.0,2,999,0,-1.8,92.893,-46.2,1.291,5099.1,999.0,0,1.0,1.0,0.0,1,8,0.0,4,5,1,1
15949,36.0,1,999,1,-1.8,92.893,-46.2,1.313,5099.1,999.0,3,0.0,0.0,0.0,2,4,0.0,6,5,1,2
15950,30.0,2,999,0,1.1,93.994,-36.4,4.86,5191.0,999.0,0,1.0,0.0,1.0,1,7,0.0,1,5,1,1
15951,33.0,2,999,0,1.1,93.994,-36.4,4.857,5191.0,999.0,0,1.0,0.0,1.0,2,6,0.0,5,5,1,1
15952,48.0,1,999,0,1.1,93.994,-36.4,4.857,5191.0,999.0,0,0.0,0.0,1.0,2,8,0.0,6,5,2,1
15953,39.0,2,999,1,-1.8,92.893,-46.2,1.25,5099.1,999.0,0,1.0,0.0,0.0,3,8,0.0,5,5,1,2
15954,31.0,3,999,0,1.4,93.918,-42.7,4.958,5228.1,999.0,0,0.0,0.0,0.0,1,6,0.0,5,7,1,1
15955,31.0,3,999,0,-0.1,93.2,-42.0,4.12,5195.8,999.0,0,1.0,0.0,0.0,2,5,0.0,9,11,1,1
15956,31.0,2,999,0,1.1,93.994,-36.4,4.859,5191.0,999.0,0,0.0,1.0,1.0,2,5,0.0,9,5,1,1
15957,31.0,4,999,0,1.4,93.918,-42.7,4.962,5228.1,999.0,0,0.0,0.0,0.0,1,5,0.0,9,7,1,1
15958,31.0,2,999,0,1.4,93.444,-36.1,4.963,5228.1,999.0,0,1.0,0.0,0.0,1,6,0.0,5,8,1,1
15959,42.0,1,999,0,-1.8,92.893,-46.2,1.327,5099.1,999.0,0,1.0,0.0,0.0,2,3,0.0,4,5,1,1
15960,37.0,3,999,0,1.1,93.994,-36.4,4.86,5191.0,999.0,0,1.0,0.0,1.0,3,4,0.0,4,5,1,1
15961,31.0,1,999,0,1.1,93.994,-36.4,4.857,5191.0,999.0,0,0.0,0.0,1.0,2,8,0.0,5,5,1,1
15962,28.0,1,999,0,1.4,94.465,-41.8,4.967,5228.1,999.0,0,0.0,0.0,1.0,1,8,0.0,6,6,1,1
15963,40.0,1,999,0,1.4,93.918,-42.7,4.963,5228.1,999.0,0,1.0,1.0,0.0,2,8,0.0,4,7,1,1
15964,31.0,1,999,0,1.1,93.994,-36.4,4.856,5191.0,999.0,0,0.0,0.0,1.0,3,2,0.0,2,5,1,1
15965,31.0,2,999,0,1.1,93.994,-36.4,4.857,5191.0,999.0,0,1.0,1.0,1.0,1,5,0.0,9,5,1,1
15966,24.0,1,999,0,-1.8,93.075,-47.1,1.405,5099.1,999.0,0,1.0,0.0,0.0,1,5,0.0,9,4,1,1
15967,40.0,3,999,0,1.1,93.994,-36.4,4.864,5191.0,999.0,0,1.0,0.0,1.0,2,5,0.0,9,5,1,1
15968,40.0,5,999,1,-1.8,92.893,-46.2,1.281,5099.1,999.0,4,1.0,0.0,0.0,2,3,0.0,5,5,1,2
15969,23.0,3,999,0,1.4,94.465,-41.8,4.864,5228.1,999.0,0,1.0,0.0,1.0,2,8,0.0,4,6,1,1
15970,59.0,3,999,0,-1.8,93.075,-47.1,1.405,5099.1,999.0,0,1.0,0.0,0.0,3,8,0.0,6,4,1,1
15971,44.0,2,999,0,-1.8,92.893,-46.2,1.299,5099.1,999.0,0,0.0,0.0,0.0,2,6,0.0,5,5,2,1
15972,64.0,1,999,2,-1.8,93.075,-47.1,1.405,5099.1,999.0,4,1.0,0.0,0.0,2,2,0.0,8,4,1,2
15973,31.0,4,999,0,1.4,93.918,-42.7,4.961,5228.1,999.0,0,1.0,0.0,1.0,2,4,0.0,4,7,1,1
15974,31.0,1,999,0,1.4,94.465,-41.8,4.864,5228.1,999.0,0,0.0,0.0,1.0,2,5,0.0,6,6,1,1
15975,37.0,3,999,0,1.4,94.465,-41.8,4.866,5228.1,999.0,0,0.0,0.0,1.0,2,8,0.0,5,6,1,1
15976,27.0,1,999,0,1.4,93.918,-42.7,4.958,5228.1,999.0,0,1.0,0.0,0.0,1,8,0.0,11,7,1,1
15977,38.0,3,999,0,1.4,93.918,-42.7,4.961,5228.1,999.0,0,1.0,1.0,0.0,2,8,0.0,2,7,1,1
15978,25.0,1,999,1,-3.4,92.431,-26.9,0.72,5017.5,999.0,2,0.0,0.0,0.0,1,5,0.0,11,10,1,2
15979,58.0,6,3,1,-2.9,92.201,-31.4,0.838,5076.2,0.1,3,1.0,0.0,0.0,2,5,0.0,8,8,1,3
15980,58.0,4,999,0,1.4,93.918,-42.7,4.962,5228.1,999.0,0,1.0,0.0,0.0,2,8,0.0,8,7,1,1
15981,29.0,2,999,0,-0.1,93.2,-42.0,4.153,5195.8,999.0,0,1.0,0.0,1.0,3,3,0.0,4,11,1,1
15982,38.0,1,999,0,1.4,94.465,-41.8,4.967,5228.1,999.0,0,0.0,0.0,1.0,2,4,0.0,10,6,1,1
15983,31.0,5,999,0,-1.8,92.893,-46.2,1.313,5099.1,999.0,0,0.0,1.0,1.0,2,8,0.0,4,5,1,1
15984,50.0,1,999,0,-0.1,93.2,-42.0,4.12,5195.8,999.0,0,0.0,0.0,0.0,4,3,0.0,1,11,1,1
15985,46.0,1,999,0,1.4,93.918,-42.7,4.963,5228.1,999.0,0,0.0,0.0,0.0,1,4,0.0,4,7,1,1
15986,31.0,9,999,0,1.4,93.918,-42.7,4.963,5228.1,999.0,0,1.0,1.0,0.0,1,7,0.0,9,7,1,1
15987,31.0,2,999,0,1.1,93.994,-36.4,4.857,5191.0,999.0,0,1.0,0.0,1.0,2,8,0.0,9,5,1,1
15988,31.0,1,999,0,1.4,93.444,-36.1,4.967,5228.1,999.0,0,1.0,0.0,0.0,1,8,0.0,6,8,1,1
15989,39.0,1,999,0,1.4,93.918,-42.7,4.957,5228.1,999.0,0,0.0,0.0,0.0,2,8,0.0,5,7,1,1
15990,32.0,2,999,0,-0.1,93.2,-42.0,4.191,5195.8,999.0,0,1.0,0.0,0.0,1,8,0.0,6,11,2,1
15991,27.0,3,999,0,1.4,93.918,-42.7,4.962,5228.1,999.0,0,0.0,1.0,0.0,2,4,0.0,3,7,2,1
15992,31.0,2,999,0,-2.9,92.201,-31.4,0.849,5076.2,999.0,0,1.0,0.0,1.0,1,8,0.0,11,8,1,1
15993,52.0,1,12,1,-1.8,92.893,-46.2,1.266,5099.1,0.4,1,0.0,0.0,0.0,2,3,0.0,5,5,1,3
15994,51.0,1,2,2,-1.8,93.075,-47.1,1.365,5099.1,0.0666666666667,4,1.0,1.0,0.0,2,6,0.0,5,4,1,3
15995,45.0,1,999,0,-1.8,92.893,-46.2,1.334,5099.1,999.0,0,1.0,1.0,0.0,3,5,0.0,10,5,1,1
15996,49.0,1,999,0,1.4,93.918,-42.7,4.962,5228.1,999.0,0,1.0,0.0,0.0,2,8,0.0,2,7,1,1
15997,37.0,2,999,0,1.1,93.994,-36.4,4.864,5191.0,999.0,0,1.0,0.0,1.0,2,5,0.0,6,5,1,1
15998,35.0,1,999,0,1.1,93.994,-36.4,4.86,5191.0,999.0,0,1.0,1.0,1.0,2,7,0.0,1,5,1,1
15999,31.0,6,999,0,-3.0,92.713,-33.0,0.71,5023.5,999.0,0,1.0,0.0,0.0,1,5,0.0,4,12,1,1
16000,28.0,3,999,0,1.4,94.465,-41.8,4.864,5228.1,999.0,0,0.0,0.0,1.0,1,5,0.0,9,6,1,1
16001,31.0,1,999,0,1.1,93.994,-36.4,4.86,5191.0,999.0,0,1.0,0.0,1.0,2,4,0.0,4,5,1,1
16002,26.0,4,999,0,1.1,93.994,-36.4,4.857,5191.0,999.0,0,0.0,0.0,1.0,1,8,0.0,9,5,1,1
16003,58.0,2,999,0,1.1,93.994,-36.4,4.857,5191.0,999.0,0,1.0,0.0,1.0,2,4,0.0,4,5,2,1
16004,31.0,2,999,0,-1.8,93.075,-47.1,1.405,5099.1,999.0,0,1.0,0.0,0.0,2,8,0.0,1,4,2,1
16005,37.0,1,999,0,1.4,93.918,-42.7,4.96,5228.1,999.0,0,1.0,0.0,0.0,2,8,0.0,4,7,1,1
16006,31.0,1,999,0,1.4,94.465,-41.8,4.961,5228.1,999.0,0,0.0,1.0,1.0,2,2,0.0,3,6,1,1
16007,44.0,1,999,0,1.1,93.994,-36.4,4.859,5191.0,999.0,0,1.0,0.0,1.0,1,7,0.0,5,5,1,1
16008,41.0,2,999,0,-1.8,93.075,-47.1,1.405,5099.1,999.0,0,0.0,0.0,0.0,2,8,0.0,4,4,1,1
16009,39.0,2,999,0,-1.8,92.893,-46.2,1.299,5099.1,999.0,0,1.0,0.0,0.0,2,5,0.0,6,5,2,1
16010,49.0,9,999,0,1.4,93.444,-36.1,4.965,5228.1,999.0,0,1.0,0.0,0.0,2,8,0.0,9,8,1,1
16011,24.0,5,6,2,-1.7,94.027,-38.3,0.905,4991.6,0.2,6,1.0,1.0,0.0,1,8,0.0,6,8,1,3
16012,31.0,3,999,0,-0.1,93.2,-42.0,4.021,5195.8,999.0,0,0.0,0.0,0.0,1,8,0.0,8,11,1,1
16013,65.0,3,999,1,-1.8,93.876,-40.0,0.684,5008.7,999.0,1,1.0,0.0,0.0,2,8,0.0,6,5,1,2
16014,31.0,6,999,0,-1.8,92.893,-46.2,1.25,5099.1,999.0,0,0.0,1.0,0.0,1,8,0.0,5,5,1,1
16015,48.0,1,999,0,1.4,93.918,-42.7,4.962,5228.1,999.0,0,1.0,0.0,0.0,2,2,0.0,4,7,1,1
16016,31.0,2,999,0,1.4,93.918,-42.7,4.962,5228.1,999.0,0,1.0,0.0,0.0,3,8,0.0,6,7,2,1
16017,34.0,1,13,1,-2.9,92.201,-31.4,0.859,5076.2,0.433333333333,2,0.0,0.0,0.0,2,8,0.0,5,8,1,3
16018,34.0,3,999,1,-1.8,92.893,-46.2,1.25,5099.1,999.0,0,1.0,0.0,0.0,2,5,0.0,9,5,1,2
16019,31.0,2,999,0,-1.8,92.893,-46.2,1.259,5099.1,999.0,0,1.0,0.0,0.0,2,7,0.0,6,5,1,1
16020,29.0,10,999,0,1.4,94.465,-41.8,4.961,5228.1,999.0,0,0.0,0.0,1.0,1,8,0.0,1,6,2,1
16021,31.0,1,999,0,1.4,93.918,-42.7,4.961,5228.1,999.0,0,1.0,1.0,0.0,2,8,0.0,5,7,1,1
16022,57.0,1,999,0,-1.8,92.893,-46.2,1.334,5099.1,999.0,0,0.0,0.0,0.0,2,7,0.0,3,5,1,1
16023,26.0,1,999,0,1.1,93.994,-36.4,4.857,5191.0,999.0,0,1.0,0.0,1.0,1,5,0.0,5,5,2,1
16024,31.0,1,999,0,-0.1,93.2,-42.0,4.191,5195.8,999.0,0,0.0,0.0,0.0,2,7,0.0,3,11,2,1
16025,37.0,1,999,0,-0.1,93.2,-42.0,4.153,5195.8,999.0,0,1.0,0.0,0.0,2,6,0.0,5,11,1,1
16026,31.0,3,999,0,-0.1,93.2,-42.0,4.153,5195.8,999.0,0,0.0,0.0,0.0,2,7,0.0,3,11,1,1
16027,43.0,2,999,0,1.4,93.918,-42.7,4.962,5228.1,999.0,0,0.0,0.0,0.0,1,7,0.0,3,7,1,1
16028,31.0,4,999,0,-1.8,92.893,-46.2,1.281,5099.1,999.0,0,1.0,0.0,0.0,1,8,0.0,5,5,1,1
16029,38.0,3,999,0,1.1,93.994,-36.4,4.857,5191.0,999.0,0,1.0,0.0,1.0,2,4,0.0,4,5,1,1
16030,56.0,40,999,0,1.4,94.465,-41.8,4.959,5228.1,999.0,0,0.0,1.0,1.0,2,6,0.0,1,6,1,1
16031,43.0,1,999,0,1.4,93.918,-42.7,4.962,5228.1,999.0,0,1.0,1.0,0.0,2,8,0.0,9,7,2,1
16032,48.0,1,999,0,1.4,93.444,-36.1,4.968,5228.1,999.0,0,1.0,0.0,0.0,2,2,0.0,9,8,1,1
16033,31.0,5,999,0,1.1,93.994,-36.4,4.857,5191.0,999.0,0,0.0,0.0,1.0,2,4,0.0,6,5,1,1
16034,31.0,2,999,0,1.1,93.994,-36.4,4.856,5191.0,999.0,0,1.0,0.0,1.0,1,5,0.0,9,5,1,1
16035,31.0,1,999,1,-1.8,92.893,-46.2,1.327,5099.1,999.0,1,1.0,0.0,0.0,1,5,0.0,9,5,1,2
16036,36.0,1,999,0,1.4,94.465,-41.8,4.96,5228.1,999.0,0,1.0,1.0,1.0,2,8,0.0,3,6,2,1
16037,38.0,1,999,1,-0.1,93.2,-42.0,4.191,5195.8,999.0,2,1.0,0.0,0.0,1,6,0.0,5,11,1,2
16038,58.0,1,999,0,1.4,93.444,-36.1,4.967,5228.1,999.0,0,1.0,1.0,0.0,2,7,0.0,8,8,1,1
16039,24.0,2,999,0,1.4,93.918,-42.7,4.962,5228.1,999.0,0,1.0,1.0,0.0,2,8,0.0,3,7,1,1
16040,44.0,1,999,0,1.4,94.465,-41.8,4.961,5228.1,999.0,0,1.0,0.0,1.0,3,8,0.0,5,6,2,1
16041,31.0,1,999,0,1.4,94.465,-41.8,4.967,5228.1,999.0,0,0.0,0.0,1.0,2,4,0.0,2,6,1,1
16042,31.0,4,999,0,1.4,93.918,-42.7,4.963,5228.1,999.0,0,0.0,1.0,0.0,1,4,0.0,6,7,1,1
16043,32.0,2,999,0,-1.8,92.893,-46.2,1.327,5099.1,999.0,0,1.0,0.0,0.0,1,8,0.0,5,5,1,1
16044,44.0,2,999,0,1.1,93.994,-36.4,4.857,5191.0,999.0,0,1.0,1.0,1.0,3,8,0.0,5,5,1,1
16045,77.0,1,999,0,-1.8,93.876,-40.0,0.697,5008.7,999.0,0,0.0,0.0,0.0,3,2,0.0,8,5,1,1
16046,31.0,5,999,0,1.1,93.994,-36.4,4.86,5191.0,999.0,0,1.0,0.0,1.0,2,8,0.0,9,5,1,1
16047,46.0,2,999,0,-1.8,93.075,-47.1,1.445,5099.1,999.0,0,1.0,0.0,0.0,2,3,0.0,5,4,1,1
16048,32.0,11,999,0,-1.8,92.893,-46.2,1.25,5099.1,999.0,0,1.0,0.0,0.0,2,4,0.0,4,5,1,1
16049,42.0,1,999,0,1.4,93.444,-36.1,4.964,5228.1,999.0,0,1.0,0.0,0.0,1,8,0.0,5,8,1,1
16050,31.0,2,999,0,1.4,94.465,-41.8,4.959,5228.1,999.0,0,1.0,0.0,1.0,2,8,0.0,12,6,1,1
16051,42.0,3,999,0,1.4,93.918,-42.7,4.957,5228.1,999.0,0,0.0,0.0,0.0,2,3,0.0,4,7,1,1
16052,33.0,1,999,0,1.4,93.918,-42.7,4.96,5228.1,999.0,0,1.0,0.0,0.0,2,3,0.0,4,7,1,1
16053,49.0,6,999,0,-0.1,93.2,-42.0,4.076,5195.8,999.0,0,0.0,0.0,1.0,3,3,0.0,3,11,1,1
16054,31.0,1,999,0,1.1,93.994,-36.4,4.856,5191.0,999.0,0,1.0,0.0,1.0,1,8,0.0,6,5,1,1
16055,31.0,1,999,1,-1.8,92.893,-46.2,1.291,5099.1,999.0,4,0.0,0.0,0.0,3,6,0.0,5,5,1,2
16056,45.0,1,999,0,1.4,94.465,-41.8,4.866,5228.1,999.0,0,0.0,1.0,1.0,2,8,0.0,12,6,1,1
16057,31.0,1,999,0,-0.1,93.2,-42.0,4.12,5195.8,999.0,0,1.0,0.0,0.0,3,7,0.0,1,11,1,1
16058,33.0,3,999,0,1.1,93.994,-36.4,4.857,5191.0,999.0,0,0.0,0.0,1.0,2,8,0.0,6,5,1,1
16059,31.0,1,999,0,1.4,93.918,-42.7,4.963,5228.1,999.0,0,0.0,0.0,0.0,1,7,0.0,6,7,1,1
16060,32.0,2,999,0,-1.8,92.893,-46.2,1.291,5099.1,999.0,0,0.0,0.0,0.0,2,4,0.0,4,5,1,1
16061,57.0,10,999,0,1.1,93.994,-36.4,4.86,5191.0,999.0,0,1.0,0.0,1.0,4,2,0.0,8,5,1,1
16062,62.0,1,999,0,-2.9,92.201,-31.4,0.861,5076.2,999.0,0,0.0,0.0,0.0,3,5,0.0,3,8,2,1
16063,31.0,1,999,1,-3.4,92.649,-30.1,0.715,5017.5,999.0,2,0.0,1.0,0.0,2,7,0.0,6,11,1,2
16064,57.0,1,999,0,1.4,93.918,-42.7,4.961,5228.1,999.0,0,0.0,0.0,0.0,2,8,0.0,4,7,1,1
16065,46.0,2,999,0,1.4,93.918,-42.7,4.962,5228.1,999.0,0,1.0,1.0,0.0,2,3,0.0,4,7,1,1
16066,31.0,1,999,0,-1.8,92.893,-46.2,1.344,5099.1,999.0,0,1.0,0.0,0.0,2,8,0.0,4,5,1,1
16067,31.0,1,999,0,1.1,93.994,-36.4,4.859,5191.0,999.0,0,0.0,0.0,1.0,2,2,0.0,4,5,1,1
16068,78.0,1,999,1,-1.8,93.369,-34.8,0.655,5008.7,999.0,2,1.0,0.0,0.0,3,6,0.0,8,3,1,2
16069,25.0,1,999,0,-2.9,92.201,-31.4,0.881,5076.2,999.0,0,1.0,0.0,0.0,1,7,0.0,6,8,1,1
16070,42.0,1,999,0,1.1,93.994,-36.4,4.86,5191.0,999.0,0,1.0,0.0,1.0,3,5,0.0,6,5,1,1
16071,31.0,1,999,0,-1.8,93.075,-47.1,1.415,5099.1,999.0,0,1.0,0.0,0.0,1,7,0.0,10,4,1,1
16072,30.0,3,999,0,1.4,93.918,-42.7,4.962,5228.1,999.0,0,1.0,0.0,0.0,1,4,0.0,4,7,2,1
16073,31.0,1,999,0,-1.8,92.893,-46.2,1.327,5099.1,999.0,0,0.0,0.0,0.0,1,7,0.0,6,5,1,1
16074,34.0,5,999,0,1.1,93.994,-36.4,4.86,5191.0,999.0,0,1.0,0.0,1.0,2,8,0.0,4,5,1,1
16075,51.0,1,999,1,-1.8,92.893,-46.2,1.266,5099.1,999.0,2,1.0,0.0,0.0,2,5,0.0,8,5,1,2
16076,36.0,2,999,0,-1.8,92.893,-46.2,1.344,5099.1,999.0,0,1.0,1.0,0.0,2,8,0.0,4,5,1,1
16077,46.0,1,999,0,1.4,94.465,-41.8,4.959,5228.1,999.0,0,1.0,0.0,1.0,2,5,0.0,6,6,1,1
16078,50.0,2,999,0,1.4,93.918,-42.7,4.962,5228.1,999.0,0,1.0,1.0,0.0,2,6,0.0,1,7,1,1
16079,31.0,1,999,0,1.1,93.994,-36.4,4.857,5191.0,999.0,0,1.0,1.0,1.0,1,8,0.0,6,5,1,1
16080,31.0,1,999,1,-1.8,93.075,-47.1,1.405,5099.1,999.0,2,0.0,0.0,0.0,2,4,0.0,10,4,1,2
16081,40.0,1,999,1,-2.9,92.201,-31.4,0.884,5076.2,999.0,0,0.0,0.0,0.0,3,4,0.0,4,8,2,2
16082,34.0,2,999,0,-1.1,94.199,-37.5,0.879,4963.6,999.0,0,0.0,0.0,0.0,1,7,0.0,5,9,1,1
16083,40.0,4,999,0,1.4,93.444,-36.1,4.964,5228.1,999.0,0,1.0,1.0,0.0,1,6,0.0,5,8,1,1
16084,30.0,5,999,0,1.1,93.994,-36.4,4.858,5191.0,999.0,0,1.0,0.0,1.0,3,8,0.0,3,5,2,1
16085,30.0,3,999,0,-0.1,93.2,-42.0,4.12,5195.8,999.0,0,1.0,1.0,0.0,1,5,0.0,6,11,1,1
16086,31.0,4,999,0,1.4,93.918,-42.7,4.962,5228.1,999.0,0,1.0,0.0,0.0,1,8,0.0,6,7,1,1
16087,31.0,14,999,0,1.4,93.444,-36.1,4.963,5228.1,999.0,0,0.0,0.0,1.0,1,6,0.0,5,8,1,1
16088,31.0,1,999,0,1.1,93.994,-36.4,4.858,5191.0,999.0,0,0.0,0.0,1.0,2,4,0.0,6,5,1,1
16089,32.0,2,999,0,1.4,93.444,-36.1,4.966,5228.1,999.0,0,0.0,0.0,0.0,3,7,0.0,6,8,1,1
16090,31.0,5,999,0,1.4,93.444,-36.1,4.965,5228.1,999.0,0,0.0,0.0,0.0,1,5,0.0,5,8,2,1
16091,34.0,1,999,0,1.4,94.465,-41.8,4.961,5228.1,999.0,0,1.0,1.0,1.0,2,3,0.0,4,6,1,1
16092,31.0,2,999,0,-2.9,92.963,-40.8,1.252,5076.2,999.0,0,0.0,0.0,0.0,1,2,0.0,10,6,1,1
16093,31.0,8,999,0,-1.8,92.893,-46.2,1.313,5099.1,999.0,0,0.0,0.0,0.0,3,7,0.0,7,5,1,1
16094,33.0,2,999,0,1.4,93.444,-36.1,4.966,5228.1,999.0,0,0.0,1.0,0.0,2,7,0.0,6,8,1,1
16095,31.0,2,999,0,1.4,93.918,-42.7,4.96,5228.1,999.0,0,1.0,0.0,0.0,2,2,0.0,4,7,1,1
16096,45.0,1,999,0,-1.8,92.893,-46.2,1.291,5099.1,999.0,0,1.0,0.0,0.0,2,2,0.0,4,5,1,1
16097,53.0,2,3,2,-1.1,94.199,-37.5,0.877,4963.6,0.1,4,0.0,0.0,0.0,3,7,0.0,3,9,1,3
16098,31.0,1,999,0,1.4,94.465,-41.8,4.864,5228.1,999.0,0,0.0,0.0,1.0,1,8,0.0,11,6,1,1
16099,31.0,1,999,1,-1.8,92.893,-46.2,1.313,5099.1,999.0,3,0.0,1.0,0.0,1,7,0.0,3,5,1,2
16100,37.0,3,999,0,1.4,93.918,-42.7,4.959,5228.1,999.0,0,0.0,1.0,1.0,2,7,0.0,10,7,1,1
16101,29.0,1,999,0,1.1,93.994,-36.4,4.857,5191.0,999.0,0,0.0,1.0,1.0,1,8,0.0,4,5,2,1
16102,32.0,3,999,0,1.1,93.994,-36.4,4.856,5191.0,999.0,0,0.0,1.0,1.0,2,8,0.0,6,5,1,1
16103,55.0,3,999,0,-1.8,92.893,-46.2,1.25,5099.1,999.0,0,1.0,0.0,0.0,2,5,0.0,6,5,1,1
16104,25.0,4,999,1,-2.9,92.963,-40.8,1.268,5076.2,999.0,0,0.0,0.0,0.0,1,7,0.0,1,6,1,2
16105,32.0,2,999,0,1.1,93.994,-36.4,4.858,5191.0,999.0,0,1.0,0.0,1.0,2,5,0.0,9,5,1,1
16106,31.0,2,999,0,-1.8,92.893,-46.2,1.266,5099.1,999.0,0,1.0,0.0,0.0,2,4,0.0,4,5,1,1
16107,29.0,3,999,0,1.1,93.994,-36.4,4.856,5191.0,999.0,0,1.0,1.0,1.0,2,5,0.0,9,5,1,1
16108,31.0,5,999,0,1.4,94.465,-41.8,4.967,5228.1,999.0,0,0.0,0.0,1.0,1,6,0.0,5,6,1,1
16109,42.0,2,999,0,1.1,93.994,-36.4,4.857,5191.0,999.0,0,1.0,0.0,1.0,2,7,0.0,6,5,1,1
16110,31.0,3,999,0,1.4,93.444,-36.1,4.967,5228.1,999.0,0,1.0,0.0,1.0,1,6,0.0,5,8,1,1
16111,31.0,1,999,0,1.4,94.465,-41.8,4.962,5228.1,999.0,0,0.0,1.0,1.0,1,5,0.0,6,6,1,1
16112,63.0,1,999,0,-3.4,92.431,-26.9,0.724,5017.5,999.0,0,1.0,0.0,0.0,2,5,0.0,8,10,1,1
16113,31.0,4,999,1,-1.8,92.893,-46.2,1.266,5099.1,999.0,0,1.0,0.0,0.0,2,8,0.0,6,5,1,2
16114,63.0,1,999,1,-3.4,92.379,-29.8,0.788,5017.5,999.0,3,1.0,1.0,0.0,2,8,0.0,8,9,1,2
16115,50.0,1,999,0,1.1,93.994,-36.4,4.857,5191.0,999.0,0,0.0,0.0,1.0,2,3,0.0,4,5,1,1
16116,40.0,3,999,0,1.1,93.994,-36.4,4.856,5191.0,999.0,0,1.0,0.0,1.0,2,8,0.0,4,5,1,1
16117,34.0,2,999,0,-1.8,92.893,-46.2,1.281,5099.1,999.0,0,0.0,0.0,1.0,2,5,0.0,4,5,1,1
16118,31.0,2,999,0,1.4,93.918,-42.7,4.958,5228.1,999.0,0,1.0,1.0,0.0,2,8,0.0,9,7,1,1
16119,30.0,1,999,0,-3.4,92.649,-30.1,0.72,5017.5,999.0,0,1.0,0.0,0.0,1,4,0.0,10,11,1,1
16120,56.0,1,999,0,1.4,93.918,-42.7,4.962,5228.1,999.0,0,0.0,1.0,0.0,2,8,0.0,9,7,1,1
16121,31.0,3,999,0,1.4,93.444,-36.1,4.964,5228.1,999.0,0,1.0,0.0,0.0,2,5,0.0,5,8,1,1
16122,42.0,1,999,0,1.4,94.465,-41.8,4.866,5228.1,999.0,0,1.0,0.0,1.0,2,2,0.0,4,6,1,1
16123,31.0,4,999,0,1.4,93.444,-36.1,4.963,5228.1,999.0,0,1.0,0.0,0.0,3,8,0.0,6,8,1,1
16124,24.0,4,999,0,-3.4,92.431,-26.9,0.73,5017.5,999.0,0,0.0,0.0,0.0,1,8,0.0,11,10,1,1
16125,31.0,1,999,0,1.4,94.465,-41.8,4.962,5228.1,999.0,0,0.0,0.0,1.0,2,4,0.0,4,6,1,1
16126,30.0,3,999,0,1.1,93.994,-36.4,4.864,5191.0,999.0,0,1.0,0.0,1.0,1,5,0.0,6,5,1,1
16127,31.0,1,999,1,-0.1,93.2,-42.0,4.12,5195.8,999.0,2,0.0,0.0,0.0,2,7,0.0,3,11,1,2
16128,37.0,4,999,0,1.4,93.444,-36.1,4.966,5228.1,999.0,0,1.0,0.0,0.0,2,6,0.0,5,8,1,1
16129,56.0,5,999,0,1.4,93.918,-42.7,4.962,5228.1,999.0,0,1.0,0.0,0.0,2,2,0.0,4,7,1,1
16130,54.0,1,999,0,-1.8,92.893,-46.2,1.25,5099.1,999.0,0,1.0,0.0,0.0,1,3,0.0,9,5,1,1
16131,25.0,1,999,0,1.1,93.994,-36.4,4.858,5191.0,999.0,0,0.0,0.0,1.0,2,2,0.0,4,5,1,1
16132,33.0,3,999,0,1.4,93.444,-36.1,4.963,5228.1,999.0,0,1.0,1.0,0.0,1,7,0.0,5,8,1,1
16133,31.0,1,999,0,-2.9,92.201,-31.4,0.884,5076.2,999.0,0,0.0,0.0,0.0,2,4,0.0,4,8,2,1
16134,27.0,3,999,0,1.4,93.918,-42.7,4.963,5228.1,999.0,0,0.0,0.0,0.0,1,7,0.0,3,7,1,1
16135,37.0,1,999,0,1.4,93.444,-36.1,4.968,5228.1,999.0,0,1.0,0.0,0.0,2,5,0.0,2,8,1,1
16136,31.0,1,999,0,-0.1,93.2,-42.0,4.153,5195.8,999.0,0,1.0,0.0,0.0,2,8,0.0,8,11,1,1
16137,34.0,1,999,0,1.4,93.444,-36.1,4.963,5228.1,999.0,0,1.0,0.0,0.0,2,6,0.0,5,8,1,1
16138,28.0,3,999,0,1.4,94.465,-41.8,4.865,5228.1,999.0,0,0.0,0.0,1.0,1,8,0.0,9,6,2,1
16139,28.0,2,999,0,1.4,93.918,-42.7,4.961,5228.1,999.0,0,1.0,0.0,0.0,1,5,0.0,5,7,1,1
16140,46.0,3,999,0,1.4,93.444,-36.1,4.964,5228.1,999.0,0,0.0,0.0,0.0,2,8,0.0,6,8,1,1
16141,49.0,2,999,0,-1.8,92.893,-46.2,1.281,5099.1,999.0,0,1.0,0.0,0.0,2,2,0.0,7,5,1,1
16142,31.0,1,999,0,-1.7,94.027,-38.3,0.904,4991.6,999.0,0,1.0,0.0,0.0,2,5,0.0,3,8,1,1
16143,31.0,1,999,0,1.4,93.918,-42.7,4.963,5228.1,999.0,0,0.0,0.0,0.0,3,4,0.0,4,7,1,1
16144,47.0,4,999,0,1.4,93.918,-42.7,4.962,5228.1,999.0,0,1.0,1.0,0.0,2,3,0.0,4,7,1,1
16145,31.0,2,999,1,-1.8,92.893,-46.2,1.334,5099.1,999.0,3,0.0,0.0,0.0,2,8,0.0,4,5,1,2
16146,39.0,1,999,0,-0.1,93.2,-42.0,4.191,5195.8,999.0,0,1.0,0.0,0.0,2,8,0.0,6,11,2,1
16147,28.0,1,999,0,1.1,93.994,-36.4,4.857,5191.0,999.0,0,0.0,1.0,1.0,1,5,0.0,9,5,2,1
16148,33.0,1,999,0,-0.1,93.2,-42.0,4.12,5195.8,999.0,0,1.0,0.0,1.0,2,8,0.0,10,11,1,1
16149,36.0,4,999,0,1.4,93.444,-36.1,4.964,5228.1,999.0,0,1.0,1.0,0.0,2,7,0.0,3,8,1,1
16150,35.0,2,999,0,1.4,93.444,-36.1,4.965,5228.1,999.0,0,1.0,0.0,0.0,2,6,0.0,5,8,1,1
16151,27.0,3,999,0,1.4,93.918,-42.7,4.962,5228.1,999.0,0,1.0,0.0,0.0,1,8,0.0,1,7,1,1
16152,50.0,2,999,1,-0.1,93.2,-42.0,4.153,5195.8,999.0,3,1.0,0.0,0.0,2,4,0.0,7,11,1,2
16153,31.0,1,999,0,1.4,93.444,-36.1,4.966,5228.1,999.0,0,0.0,0.0,0.0,1,5,0.0,5,8,1,1
16154,44.0,1,999,1,-1.8,92.893,-46.2,1.25,5099.1,999.0,4,1.0,0.0,0.0,2,7,0.0,3,5,1,2
16155,49.0,5,999,1,-0.1,93.2,-42.0,4.12,5195.8,999.0,4,0.0,1.0,0.0,3,7,0.0,3,11,1,2
16156,33.0,3,999,0,-0.1,93.2,-42.0,4.153,5195.8,999.0,0,1.0,0.0,1.0,1,8,0.0,5,11,1,1
16157,48.0,1,999,0,1.4,93.918,-42.7,4.962,5228.1,999.0,0,1.0,0.0,0.0,3,6,0.0,5,7,1,1
16158,29.0,3,999,0,1.4,93.444,-36.1,4.963,5228.1,999.0,0,1.0,1.0,0.0,2,5,0.0,6,8,1,1
16159,46.0,2,999,1,-1.8,93.075,-47.1,1.435,5099.1,999.0,2,0.0,0.0,0.0,1,4,0.0,5,4,1,2
16160,31.0,4,1,2,-1.8,92.893,-46.2,1.291,5099.1,0.0333333333333,0,0.0,0.0,0.0,2,8,0.0,9,5,1,3
16161,49.0,1,999,0,1.1,93.994,-36.4,4.857,5191.0,999.0,0,0.0,0.0,1.0,2,4,0.0,4,5,1,1
16162,31.0,3,999,0,1.1,93.994,-36.4,4.857,5191.0,999.0,0,1.0,1.0,1.0,2,7,0.0,6,5,1,1
16163,31.0,3,999,0,1.4,94.465,-41.8,4.865,5228.1,999.0,0,0.0,0.0,1.0,2,5,0.0,6,6,2,1
16164,43.0,1,999,0,1.1,93.994,-36.4,4.857,5191.0,999.0,0,0.0,0.0,1.0,2,5,0.0,3,5,1,1
16165,29.0,13,999,0,-1.8,92.843,-50.0,1.556,5099.1,999.0,0,1.0,0.0,0.0,1,4,0.0,4,3,1,1
16166,51.0,1,999,0,-1.8,92.893,-46.2,1.344,5099.1,999.0,0,1.0,0.0,0.0,2,5,0.0,3,5,1,1
16167,37.0,1,999,0,-1.8,93.749,-34.6,0.644,5008.7,999.0,0,1.0,1.0,0.0,2,7,0.0,6,4,1,1
16168,42.0,8,999,0,-1.8,92.893,-46.2,1.281,5099.1,999.0,0,1.0,1.0,0.0,1,8,0.0,9,5,1,1
16169,31.0,2,999,0,1.4,93.918,-42.7,4.962,5228.1,999.0,0,1.0,0.0,0.0,1,3,0.0,8,7,2,1
16170,59.0,1,999,0,1.4,93.918,-42.7,4.961,5228.1,999.0,0,1.0,0.0,0.0,2,3,0.0,8,7,1,1
16171,58.0,3,999,0,1.4,94.465,-41.8,4.864,5228.1,999.0,0,0.0,1.0,1.0,1,7,0.0,6,6,1,1
16172,31.0,4,999,0,1.1,93.994,-36.4,4.857,5191.0,999.0,0,1.0,0.0,1.0,1,8,0.0,7,5,1,1
16173,41.0,2,999,0,1.1,93.994,-36.4,4.86,5191.0,999.0,0,1.0,0.0,1.0,2,2,0.0,4,5,1,1
16174,33.0,4,999,0,1.1,93.994,-36.4,4.856,5191.0,999.0,0,0.0,0.0,1.0,3,5,0.0,9,5,1,1
16175,58.0,1,999,0,1.4,93.444,-36.1,4.968,5228.1,999.0,0,1.0,0.0,0.0,2,5,0.0,6,8,1,1
16176,40.0,2,999,0,-1.8,93.075,-47.1,1.405,5099.1,999.0,0,1.0,0.0,0.0,2,8,0.0,4,4,1,1
16177,49.0,11,999,0,1.4,93.918,-42.7,4.962,5228.1,999.0,0,1.0,0.0,0.0,2,5,0.0,6,7,2,1
16178,38.0,4,999,0,-0.1,93.2,-42.0,4.076,5195.8,999.0,0,1.0,1.0,0.0,1,5,0.0,6,11,1,1
16179,31.0,4,999,0,1.4,94.465,-41.8,4.959,5228.1,999.0,0,0.0,0.0,1.0,2,7,0.0,7,6,1,1
16180,25.0,1,999,0,1.4,93.918,-42.7,4.962,5228.1,999.0,0,0.0,0.0,0.0,1,5,0.0,9,7,1,1
16181,31.0,8,999,0,1.4,93.444,-36.1,4.966,5228.1,999.0,0,1.0,0.0,0.0,2,8,0.0,4,8,1,1
16182,25.0,1,999,0,-1.8,92.893,-46.2,1.354,5099.1,999.0,0,1.0,1.0,0.0,4,7,0.0,5,5,2,1
16183,89.0,1,999,0,-1.7,94.055,-39.8,0.72,4991.6,999.0,0,0.0,0.0,0.0,3,8,0.0,8,6,2,1
16184,40.0,1,999,0,1.4,94.465,-41.8,4.96,5228.1,999.0,0,0.0,0.0,1.0,2,2,0.0,2,6,2,1
16185,47.0,3,999,0,1.4,93.444,-36.1,4.964,5228.1,999.0,0,1.0,0.0,0.0,2,6,0.0,5,8,1,1
16186,43.0,1,999,0,1.4,93.918,-42.7,4.96,5228.1,999.0,0,0.0,0.0,0.0,2,8,0.0,3,7,2,1
16187,31.0,3,999,0,1.1,93.994,-36.4,4.855,5191.0,999.0,0,0.0,1.0,1.0,2,5,0.0,6,5,1,1
16188,32.0,4,999,0,-1.8,92.893,-46.2,1.25,5099.1,999.0,0,0.0,0.0,0.0,1,7,0.0,6,5,1,1
16189,35.0,3,999,0,1.4,94.465,-41.8,4.962,5228.1,999.0,0,0.0,0.0,1.0,1,6,0.0,5,6,1,1
16190,35.0,1,999,0,1.4,93.918,-42.7,4.961,5228.1,999.0,0,1.0,0.0,0.0,2,7,0.0,6,7,1,1
16191,34.0,6,999,0,-1.8,93.075,-47.1,1.365,5099.1,999.0,0,0.0,0.0,0.0,2,8,0.0,5,4,1,1
16192,36.0,1,999,0,1.4,93.918,-42.7,4.962,5228.1,999.0,0,0.0,0.0,1.0,3,8,0.0,5,7,1,1
16193,39.0,2,999,0,1.1,93.994,-36.4,4.856,5191.0,999.0,0,0.0,1.0,1.0,2,6,0.0,10,5,1,1
16194,31.0,3,999,0,-0.1,93.2,-42.0,4.12,5195.8,999.0,0,0.0,0.0,0.0,2,6,0.0,5,11,1,1
16195,31.0,2,999,0,-1.8,92.843,-50.0,1.531,5099.1,999.0,0,1.0,0.0,1.0,1,8,0.0,5,3,1,1
16196,31.0,1,999,2,-1.1,94.199,-37.5,0.878,4963.6,999.0,2,1.0,0.0,0.0,3,7,0.0,6,9,1,2
16197,29.0,11,999,0,1.4,93.444,-36.1,4.962,5228.1,999.0,0,1.0,0.0,0.0,1,7,0.0,6,8,1,1
16198,44.0,1,999,0,1.1,93.994,-36.4,4.857,5191.0,999.0,0,0.0,0.0,1.0,2,4,0.0,4,5,2,1
16199,31.0,1,999,0,1.1,93.994,-36.4,4.857,5191.0,999.0,0,0.0,0.0,1.0,3,8,0.0,5,5,1,1
16200,31.0,1,999,1,-0.1,93.2,-42.0,4.191,5195.8,999.0,4,0.0,0.0,0.0,1,5,0.0,5,11,2,2
16201,31.0,1,999,0,-1.8,92.893,-46.2,1.313,5099.1,999.0,0,1.0,0.0,0.0,1,3,0.0,4,5,1,1
16202,59.0,2,999,1,-2.9,92.201,-31.4,0.884,5076.2,999.0,4,0.0,0.0,0.0,2,8,0.0,8,8,1,2
16203,31.0,2,999,0,-0.1,93.2,-42.0,4.021,5195.8,999.0,0,0.0,0.0,0.0,2,5,0.0,6,11,1,1
16204,24.0,1,999,0,1.1,93.994,-36.4,4.859,5191.0,999.0,0,1.0,0.0,1.0,1,8,0.0,9,5,1,1
16205,55.0,2,999,0,-3.4,92.379,-29.8,0.803,5017.5,999.0,0,1.0,0.0,0.0,1,7,0.0,6,9,1,1
16206,28.0,1,999,0,-3.4,92.431,-26.9,0.742,5017.5,999.0,0,0.0,0.0,1.0,1,5,0.0,6,10,1,1
16207,31.0,1,999,1,-0.1,93.2,-42.0,4.076,5195.8,999.0,0,1.0,0.0,0.0,1,4,0.0,4,11,1,2
16208,53.0,3,999,0,-1.8,93.075,-47.1,1.406,5099.1,999.0,0,0.0,0.0,1.0,2,4,0.0,8,4,1,1
16209,39.0,1,999,0,1.4,93.444,-36.1,4.966,5228.1,999.0,0,0.0,0.0,0.0,2,7,0.0,3,8,1,1
16210,31.0,1,999,1,-0.1,93.2,-42.0,4.076,5195.8,999.0,1,0.0,0.0,0.0,1,8,0.0,4,11,1,2
16211,31.0,1,999,0,1.4,93.918,-42.7,4.96,5228.1,999.0,0,0.0,0.0,0.0,2,4,0.0,4,7,2,1
16212,31.0,2,999,0,1.4,94.465,-41.8,4.961,5228.1,999.0,0,0.0,0.0,1.0,2,6,0.0,5,6,1,1
16213,41.0,1,999,0,-1.8,92.893,-46.2,1.244,5099.1,999.0,0,0.0,0.0,0.0,2,5,0.0,3,5,2,1
16214,37.0,1,999,0,1.1,93.994,-36.4,4.855,5191.0,999.0,0,0.0,0.0,1.0,2,8,0.0,10,5,1,1
16215,38.0,5,999,0,1.4,93.918,-42.7,4.968,5228.1,999.0,0,0.0,0.0,0.0,2,5,0.0,6,7,1,1
16216,38.0,9,999,0,-1.8,92.893,-46.2,1.244,5099.1,999.0,0,1.0,1.0,0.0,1,6,0.0,5,5,2,1
16217,48.0,1,999,0,1.4,94.465,-41.8,4.959,5228.1,999.0,0,0.0,0.0,1.0,2,2,0.0,4,6,1,1
16218,38.0,1,999,0,-0.1,93.2,-42.0,4.153,5195.8,999.0,0,0.0,0.0,0.0,2,4,0.0,4,11,1,1
16219,37.0,2,999,0,1.1,93.994,-36.4,4.857,5191.0,999.0,0,1.0,0.0,1.0,2,8,0.0,6,5,1,1
16220,31.0,1,999,0,1.4,93.444,-36.1,4.963,5228.1,999.0,0,1.0,0.0,0.0,3,6,0.0,2,8,1,1
16221,31.0,2,999,0,1.1,93.994,-36.4,4.855,5191.0,999.0,0,1.0,1.0,1.0,2,8,0.0,4,5,1,1
16222,35.0,3,999,0,1.4,94.465,-41.8,4.967,5228.1,999.0,0,1.0,0.0,1.0,1,3,0.0,8,6,1,1
16223,31.0,1,999,0,-1.8,92.893,-46.2,1.313,5099.1,999.0,0,1.0,1.0,0.0,2,8,0.0,4,5,1,1
16224,27.0,9,999,0,1.1,93.994,-36.4,4.856,5191.0,999.0,0,0.0,0.0,1.0,2,2,0.0,4,5,1,1
16225,37.0,1,999,2,-1.7,94.055,-39.8,0.719,4991.6,999.0,6,1.0,0.0,0.0,2,7,0.0,6,6,1,2
16226,31.0,1,999,0,1.4,94.465,-41.8,4.962,5228.1,999.0,0,1.0,0.0,1.0,1,4,0.0,4,6,1,1
16227,40.0,3,999,0,1.4,93.444,-36.1,4.963,5228.1,999.0,0,0.0,0.0,0.0,2,6,0.0,5,8,2,1
16228,28.0,3,999,0,1.4,94.465,-41.8,4.959,5228.1,999.0,0,1.0,0.0,1.0,2,3,0.0,4,6,1,1
16229,57.0,2,999,1,-1.8,93.075,-47.1,1.405,5099.1,999.0,3,0.0,0.0,0.0,2,8,0.0,8,4,1,2
16230,42.0,2,999,0,-0.1,93.2,-42.0,4.021,5195.8,999.0,0,1.0,0.0,0.0,2,5,0.0,6,11,1,1
16231,30.0,1,13,1,-1.8,93.876,-40.0,0.682,5008.7,0.433333333333,3,0.0,0.0,0.0,1,5,0.0,6,5,1,3
16232,29.0,2,999,0,1.4,93.918,-42.7,4.962,5228.1,999.0,0,0.0,0.0,0.0,2,8,0.0,5,7,1,1
16233,32.0,2,999,0,1.1,93.994,-36.4,4.856,5191.0,999.0,0,0.0,0.0,1.0,2,7,0.0,6,5,1,1
16234,31.0,1,999,1,-1.8,92.893,-46.2,1.327,5099.1,999.0,3,1.0,0.0,0.0,2,4,0.0,4,5,1,2
16235,43.0,1,999,0,1.4,93.918,-42.7,4.957,5228.1,999.0,0,0.0,0.0,0.0,2,8,0.0,2,7,1,1
16236,50.0,2,999,1,-1.8,93.075,-47.1,1.41,5099.1,999.0,5,1.0,0.0,0.0,2,2,0.0,10,4,1,2
16237,36.0,2,999,0,-1.1,94.767,-50.8,1.028,4963.6,999.0,0,0.0,0.0,0.0,2,8,0.0,6,11,1,1
16238,43.0,1,999,0,1.1,93.994,-36.4,4.857,5191.0,999.0,0,0.0,0.0,1.0,2,4,0.0,1,5,1,1
16239,38.0,1,999,0,-0.1,93.2,-42.0,4.191,5195.8,999.0,0,1.0,0.0,0.0,2,4,0.0,7,11,2,1
16240,33.0,7,999,0,1.4,94.465,-41.8,4.959,5228.1,999.0,0,0.0,1.0,1.0,2,8,0.0,3,6,1,1
16241,40.0,1,999,0,-0.1,93.2,-42.0,4.076,5195.8,999.0,0,0.0,0.0,0.0,1,3,0.0,9,11,1,1
16242,31.0,1,999,0,-0.1,93.2,-42.0,4.12,5195.8,999.0,0,1.0,0.0,0.0,1,8,0.0,6,11,1,1
16243,45.0,5,999,0,1.4,93.444,-36.1,4.968,5228.1,999.0,0,1.0,0.0,0.0,2,4,0.0,4,8,1,1
16244,32.0,3,999,0,1.4,94.465,-41.8,4.962,5228.1,999.0,0,1.0,1.0,1.0,2,6,0.0,9,6,1,1
16245,31.0,3,999,0,1.4,94.465,-41.8,4.959,5228.1,999.0,0,1.0,0.0,1.0,1,3,0.0,7,6,1,1
16246,31.0,12,999,0,1.4,93.444,-36.1,4.962,5228.1,999.0,0,1.0,0.0,0.0,1,6,0.0,5,8,1,1
16247,24.0,1,999,0,1.1,93.994,-36.4,4.855,5191.0,999.0,0,0.0,0.0,1.0,1,8,0.0,9,5,1,1
16248,33.0,1,999,0,1.4,94.465,-41.8,4.959,5228.1,999.0,0,1.0,1.0,1.0,1,7,0.0,6,6,1,1
16249,47.0,3,999,0,1.4,93.444,-36.1,4.964,5228.1,999.0,0,0.0,0.0,0.0,2,7,0.0,6,8,1,1
16250,47.0,2,999,0,-1.8,92.893,-46.2,1.244,5099.1,999.0,0,0.0,0.0,0.0,2,8,0.0,9,5,2,1
16251,29.0,6,999,0,1.4,94.465,-41.8,4.961,5228.1,999.0,0,0.0,0.0,1.0,2,8,0.0,1,6,2,1
16252,36.0,2,999,0,-1.8,92.893,-46.2,1.344,5099.1,999.0,0,1.0,0.0,0.0,1,5,0.0,6,5,1,1
16253,34.0,1,999,1,-1.8,92.893,-46.2,1.266,5099.1,999.0,2,0.0,0.0,0.0,2,8,0.0,6,5,1,2
16254,59.0,1,999,0,1.1,93.994,-36.4,4.858,5191.0,999.0,0,0.0,0.0,1.0,2,6,0.0,8,5,1,1
16255,31.0,1,999,0,-1.8,92.893,-46.2,1.299,5099.1,999.0,0,1.0,0.0,0.0,3,7,0.0,7,5,2,1
16256,24.0,2,999,0,1.4,94.465,-41.8,4.961,5228.1,999.0,0,1.0,1.0,1.0,1,8,0.0,9,6,2,1
16257,53.0,1,999,0,1.4,94.465,-41.8,4.961,5228.1,999.0,0,0.0,0.0,1.0,1,5,0.0,6,6,1,1
16258,42.0,2,999,1,-1.8,93.075,-47.1,1.405,5099.1,999.0,4,1.0,0.0,0.0,3,8,0.0,6,4,1,2
16259,56.0,1,999,0,-1.8,93.075,-47.1,1.405,5099.1,999.0,0,1.0,0.0,0.0,2,2,0.0,2,4,1,1
16260,44.0,1,999,0,1.4,94.465,-41.8,4.961,5228.1,999.0,0,1.0,0.0,1.0,1,3,0.0,4,6,2,1
16261,48.0,5,999,0,1.4,94.465,-41.8,4.865,5228.1,999.0,0,0.0,0.0,1.0,3,6,0.0,5,6,2,1
16262,36.0,1,999,0,1.1,93.994,-36.4,4.859,5191.0,999.0,0,1.0,0.0,1.0,2,5,0.0,9,5,1,1
16263,54.0,10,999,0,1.1,93.994,-36.4,4.856,5191.0,999.0,0,0.0,0.0,1.0,2,5,0.0,8,5,1,1
16264,54.0,2,999,0,-0.1,93.2,-42.0,4.021,5195.8,999.0,0,1.0,0.0,0.0,1,5,0.0,5,11,1,1
16265,31.0,3,999,0,1.4,94.465,-41.8,4.961,5228.1,999.0,0,0.0,1.0,1.0,2,3,0.0,9,6,1,1
16266,37.0,1,5,1,-1.8,93.075,-47.1,1.445,5099.1,0.166666666667,3,1.0,0.0,0.0,2,2,0.0,4,4,1,3
16267,35.0,11,999,0,1.4,93.918,-42.7,4.961,5228.1,999.0,0,0.0,0.0,0.0,2,5,0.0,6,7,1,1
16268,29.0,2,999,0,1.1,93.994,-36.4,4.858,5191.0,999.0,0,1.0,1.0,1.0,2,5,0.0,4,5,1,1
16269,31.0,2,999,0,1.4,93.444,-36.1,4.965,5228.1,999.0,0,0.0,0.0,0.0,2,7,0.0,3,8,2,1
16270,48.0,2,999,0,1.1,93.994,-36.4,4.857,5191.0,999.0,0,0.0,0.0,1.0,2,5,0.0,9,5,2,1
16271,31.0,10,999,0,1.4,93.918,-42.7,4.963,5228.1,999.0,0,1.0,0.0,1.0,2,7,0.0,1,7,1,1
16272,28.0,9,999,0,-1.8,92.893,-46.2,1.25,5099.1,999.0,0,1.0,0.0,1.0,1,8,0.0,5,5,1,1
16273,31.0,5,999,0,1.1,93.994,-36.4,4.86,5191.0,999.0,0,1.0,0.0,1.0,3,6,0.0,5,5,1,1
16274,35.0,10,999,0,1.1,93.994,-36.4,4.864,5191.0,999.0,0,0.0,0.0,1.0,3,6,0.0,5,5,1,1
16275,38.0,2,999,0,-0.1,93.2,-42.0,4.076,5195.8,999.0,0,1.0,0.0,0.0,2,3,0.0,9,11,1,1
16276,52.0,2,999,0,-1.8,92.893,-46.2,1.244,5099.1,999.0,0,0.0,1.0,0.0,3,4,0.0,6,5,2,1
16277,40.0,1,999,0,1.1,93.994,-36.4,4.857,5191.0,999.0,0,1.0,1.0,1.0,2,8,0.0,4,5,2,1
16278,31.0,1,999,0,1.4,94.465,-41.8,4.864,5228.1,999.0,0,1.0,0.0,1.0,2,8,0.0,7,6,1,1
16279,25.0,2,999,0,1.1,93.994,-36.4,4.857,5191.0,999.0,0,1.0,0.0,1.0,2,7,0.0,1,5,1,1
16280,38.0,1,999,0,1.1,93.994,-36.4,4.857,5191.0,999.0,0,1.0,0.0,1.0,2,5,0.0,9,5,1,1
16281,37.0,6,999,0,1.4,93.918,-42.7,4.957,5228.1,999.0,0,1.0,0.0,0.0,2,6,0.0,5,7,1,1
16282,31.0,3,999,0,1.4,93.444,-36.1,4.965,5228.1,999.0,0,1.0,0.0,0.0,2,6,0.0,5,8,2,1
16283,31.0,2,999,0,-0.1,93.2,-42.0,4.021,5195.8,999.0,0,0.0,0.0,0.0,2,8,0.0,2,11,1,1
16284,31.0,2,999,0,-1.8,93.075,-47.1,1.41,5099.1,999.0,0,1.0,0.0,1.0,1,7,0.0,3,4,1,1
16285,79.0,1,3,2,-2.9,92.201,-31.4,0.849,5076.2,0.1,2,0.0,0.0,0.0,2,2,0.0,2,8,1,3
16286,31.0,1,999,0,1.4,93.444,-36.1,4.968,5228.1,999.0,0,0.0,0.0,0.0,2,8,0.0,5,8,1,1
16287,31.0,2,999,0,1.1,93.994,-36.4,4.857,5191.0,999.0,0,0.0,0.0,1.0,2,5,0.0,4,5,1,1
16288,31.0,1,999,0,-1.8,92.893,-46.2,1.334,5099.1,999.0,0,0.0,0.0,0.0,2,4,0.0,4,5,1,1
16289,43.0,2,12,1,-1.8,92.893,-46.2,1.244,5099.1,0.4,1,0.0,1.0,0.0,2,6,0.0,5,5,2,3
16290,37.0,12,999,0,1.4,93.444,-36.1,4.965,5228.1,999.0,0,0.0,0.0,0.0,2,8,0.0,6,8,1,1
16291,45.0,2,999,0,1.4,94.465,-41.8,4.96,5228.1,999.0,0,1.0,0.0,1.0,2,3,0.0,4,6,2,1
16292,19.0,2,999,1,-3.4,92.379,-29.8,0.813,5017.5,999.0,2,1.0,0.0,0.0,1,4,0.0,11,9,1,2
16293,42.0,3,999,0,-2.9,92.201,-31.4,0.834,5076.2,999.0,0,0.0,0.0,1.0,3,1,0.0,8,8,1,1
16294,47.0,2,999,0,1.4,93.444,-36.1,4.97,5228.1,999.0,0,0.0,0.0,0.0,2,6,0.0,5,8,2,1
16295,31.0,8,999,0,1.1,93.994,-36.4,4.859,5191.0,999.0,0,1.0,1.0,1.0,1,8,0.0,1,5,1,1
16296,31.0,5,999,0,1.1,93.994,-36.4,4.857,5191.0,999.0,0,0.0,0.0,1.0,2,8,0.0,4,5,2,1
16297,43.0,5,999,0,1.4,94.465,-41.8,4.967,5228.1,999.0,0,0.0,0.0,1.0,2,7,0.0,3,6,1,1
16298,58.0,2,999,0,-1.8,92.893,-46.2,1.354,5099.1,999.0,0,1.0,1.0,0.0,2,7,0.0,6,5,2,1
16299,47.0,1,999,0,-0.1,93.2,-42.0,4.021,5195.8,999.0,0,1.0,0.0,0.0,2,8,0.0,5,11,1,1
16300,31.0,1,9,3,-1.1,94.199,-37.5,0.879,4963.6,0.3,12,1.0,0.0,1.0,1,5,0.0,9,9,1,3
16301,29.0,2,999,0,1.4,94.465,-41.8,4.947,5228.1,999.0,0,0.0,0.0,1.0,2,8,0.0,4,6,1,1
16302,32.0,3,999,0,1.4,93.918,-42.7,4.963,5228.1,999.0,0,0.0,1.0,1.0,2,8,0.0,4,7,1,1
16303,59.0,2,999,0,1.4,94.465,-41.8,4.947,5228.1,999.0,0,1.0,0.0,1.0,3,2,0.0,5,6,1,1
16304,31.0,1,999,0,1.1,93.994,-36.4,4.856,5191.0,999.0,0,1.0,0.0,1.0,2,3,0.0,4,5,1,1
16305,31.0,1,999,0,-1.8,92.893,-46.2,1.291,5099.1,999.0,0,1.0,0.0,0.0,1,8,0.0,6,5,1,1
16306,39.0,1,999,0,-0.1,93.2,-42.0,4.153,5195.8,999.0,0,0.0,0.0,0.0,2,7,0.0,3,11,1,1
16307,55.0,2,999,0,1.1,93.994,-36.4,4.857,5191.0,999.0,0,1.0,1.0,1.0,2,5,0.0,6,5,2,1
16308,45.0,3,999,0,1.4,93.918,-42.7,4.957,5228.1,999.0,0,0.0,0.0,0.0,2,3,0.0,10,7,1,1
16309,46.0,1,999,0,1.4,93.444,-36.1,4.966,5228.1,999.0,0,0.0,0.0,0.0,2,8,0.0,9,8,1,1
16310,30.0,1,999,1,-1.8,92.893,-46.2,1.299,5099.1,999.0,0,1.0,0.0,0.0,2,7,0.0,3,5,2,2
16311,40.0,2,999,0,-1.8,93.075,-47.1,1.405,5099.1,999.0,0,1.0,1.0,0.0,1,7,0.0,6,4,2,1
16312,52.0,2,999,1,-1.8,93.075,-47.1,1.435,5099.1,999.0,3,1.0,0.0,0.0,2,5,0.0,6,4,1,2
16313,34.0,2,999,0,1.1,93.994,-36.4,4.856,5191.0,999.0,0,1.0,0.0,1.0,2,6,0.0,5,5,1,1
16314,30.0,3,999,0,-2.9,92.469,-33.6,0.908,5076.2,999.0,0,0.0,0.0,0.0,1,7,0.0,11,7,1,1
16315,42.0,1,999,1,-1.8,92.893,-46.2,1.344,5099.1,999.0,4,0.0,0.0,0.0,2,8,0.0,4,5,1,2
16316,28.0,1,999,0,-1.8,92.893,-46.2,1.291,5099.1,999.0,0,1.0,0.0,0.0,3,6,0.0,5,5,1,1
16317,58.0,1,999,0,1.1,93.994,-36.4,4.859,5191.0,999.0,0,0.0,0.0,1.0,2,4,0.0,3,5,1,1
16318,37.0,9,999,0,-0.1,93.2,-42.0,4.021,5195.8,999.0,0,0.0,0.0,1.0,2,7,0.0,1,11,1,1
16319,37.0,6,999,1,-1.8,92.893,-46.2,1.25,5099.1,999.0,4,1.0,0.0,1.0,1,8,0.0,6,5,1,2
16320,42.0,4,999,0,-2.9,92.201,-31.4,0.883,5076.2,999.0,0,0.0,0.0,0.0,2,8,0.0,10,8,1,1
16321,31.0,5,999,1,-1.8,93.369,-34.8,0.635,5008.7,999.0,3,1.0,0.0,0.0,2,8,0.0,9,3,2,2
16322,40.0,4,999,0,1.4,93.444,-36.1,4.964,5228.1,999.0,0,1.0,1.0,0.0,2,5,0.0,6,8,1,1
16323,34.0,1,999,0,1.4,93.444,-36.1,4.963,5228.1,999.0,0,1.0,0.0,0.0,2,5,0.0,6,8,1,1
16324,54.0,1,999,0,-1.8,93.075,-47.1,1.405,5099.1,999.0,0,1.0,0.0,0.0,2,8,0.0,5,4,2,1
16325,27.0,1,3,1,-3.4,92.649,-30.1,0.716,5017.5,0.1,0,1.0,0.0,0.0,1,8,0.0,3,11,1,3
16326,55.0,1,999,0,1.4,94.465,-41.8,4.864,5228.1,999.0,0,0.0,0.0,1.0,3,8,0.0,8,6,1,1
16327,52.0,4,999,0,1.1,93.994,-36.4,4.857,5191.0,999.0,0,1.0,0.0,1.0,2,8,0.0,1,5,1,1
16328,41.0,1,999,0,1.4,93.444,-36.1,4.963,5228.1,999.0,0,1.0,0.0,0.0,2,7,0.0,3,8,1,1
16329,44.0,1,999,0,-0.1,93.2,-42.0,4.12,5195.8,999.0,0,1.0,0.0,0.0,1,8,0.0,4,11,1,1
16330,33.0,2,999,1,-0.1,93.2,-42.0,4.021,5195.8,999.0,5,1.0,0.0,0.0,2,7,0.0,6,11,1,2
16331,41.0,2,999,0,1.4,94.465,-41.8,4.967,5228.1,999.0,0,1.0,0.0,1.0,3,8,0.0,5,6,1,1
16332,36.0,5,999,0,-1.8,92.893,-46.2,1.244,5099.1,999.0,0,0.0,0.0,1.0,1,8,0.0,6,5,2,1
16333,28.0,3,999,0,1.1,93.994,-36.4,4.858,5191.0,999.0,0,1.0,1.0,1.0,1,5,0.0,10,5,2,1
16334,31.0,2,999,0,1.4,93.918,-42.7,4.961,5228.1,999.0,0,0.0,1.0,0.0,1,8,0.0,9,7,1,1
16335,26.0,2,999,0,1.1,93.994,-36.4,4.859,5191.0,999.0,0,1.0,0.0,1.0,1,5,0.0,6,5,1,1
16336,33.0,3,999,0,1.4,93.918,-42.7,4.96,5228.1,999.0,0,0.0,0.0,1.0,1,6,0.0,7,7,2,1
16337,31.0,1,999,0,-1.8,93.075,-47.1,1.479,5099.1,999.0,0,1.0,1.0,0.0,3,5,0.0,9,4,1,1
16338,40.0,1,999,0,1.1,93.994,-36.4,4.857,5191.0,999.0,0,0.0,0.0,1.0,3,6,0.0,5,5,2,1
16339,26.0,3,999,1,-1.8,92.893,-46.2,1.25,5099.1,999.0,1,1.0,1.0,0.0,1,8,0.0,2,5,1,2
16340,35.0,2,999,0,1.4,93.444,-36.1,4.965,5228.1,999.0,0,0.0,0.0,0.0,1,7,0.0,6,8,2,1
16341,38.0,1,999,1,-0.1,93.2,-42.0,4.021,5195.8,999.0,2,1.0,0.0,0.0,2,5,0.0,9,11,1,2
16342,26.0,1,999,1,-2.9,92.201,-31.4,0.851,5076.2,999.0,4,0.0,0.0,0.0,1,7,0.0,6,8,1,2
16343,35.0,2,999,1,-1.8,92.893,-46.2,1.281,5099.1,999.0,1,1.0,0.0,0.0,2,5,0.0,6,5,1,2
16344,31.0,1,999,0,1.1,93.994,-36.4,4.857,5191.0,999.0,0,0.0,0.0,1.0,2,8,0.0,10,5,2,1
16345,28.0,1,999,0,-1.8,92.893,-46.2,1.266,5099.1,999.0,0,0.0,0.0,0.0,1,4,0.0,4,5,1,1
16346,46.0,1,999,0,1.4,93.918,-42.7,4.961,5228.1,999.0,0,1.0,0.0,0.0,2,8,0.0,5,7,1,1
16347,33.0,5,999,0,1.4,93.444,-36.1,4.965,5228.1,999.0,0,1.0,0.0,0.0,2,8,0.0,5,8,2,1
16348,31.0,1,999,0,1.4,93.918,-42.7,4.962,5228.1,999.0,0,1.0,0.0,0.0,2,8,0.0,10,7,1,1
16349,35.0,1,999,0,1.1,93.994,-36.4,4.856,5191.0,999.0,0,0.0,0.0,1.0,1,7,0.0,6,5,1,1
16350,58.0,2,999,0,1.1,93.994,-36.4,4.857,5191.0,999.0,0,1.0,0.0,1.0,2,8,0.0,3,5,2,1
16351,66.0,1,999,1,-1.7,94.215,-40.3,0.896,4991.6,999.0,5,0.0,0.0,0.0,3,5,0.0,8,7,1,2
16352,32.0,1,999,0,-0.1,93.2,-42.0,4.12,5195.8,999.0,0,1.0,0.0,0.0,2,6,0.0,9,11,1,1
16353,47.0,1,999,0,1.1,93.994,-36.4,4.858,5191.0,999.0,0,0.0,0.0,1.0,2,6,0.0,5,5,2,1
16354,57.0,6,999,0,1.4,93.918,-42.7,4.961,5228.1,999.0,0,1.0,1.0,0.0,3,8,0.0,6,7,1,1
16355,31.0,1,999,0,-1.1,94.601,-49.5,1.0,4963.6,999.0,0,1.0,0.0,0.0,2,7,0.0,6,10,2,1
16356,31.0,7,999,0,1.1,93.994,-36.4,4.856,5191.0,999.0,0,0.0,0.0,1.0,1,8,0.0,4,5,1,1
16357,31.0,1,999,0,1.4,93.918,-42.7,4.963,5228.1,999.0,0,0.0,0.0,0.0,2,4,0.0,4,7,1,1
16358,31.0,1,999,0,1.1,93.994,-36.4,4.857,5191.0,999.0,0,0.0,0.0,1.0,1,8,0.0,11,5,1,1
16359,31.0,1,999,0,-1.8,92.843,-50.0,1.629,5099.1,999.0,0,1.0,1.0,1.0,2,6,0.0,5,3,2,1
16360,48.0,1,999,0,1.1,93.994,-36.4,4.86,5191.0,999.0,0,0.0,0.0,1.0,2,7,0.0,5,5,1,1
16361,50.0,2,999,0,-0.1,93.2,-42.0,4.191,5195.8,999.0,0,0.0,0.0,0.0,2,7,0.0,1,11,2,1
16362,38.0,4,999,1,-1.8,92.893,-46.2,1.25,5099.1,999.0,2,1.0,0.0,0.0,2,8,0.0,4,5,1,2
16363,53.0,2,999,0,-3.4,92.379,-29.8,0.773,5017.5,999.0,0,1.0,0.0,0.0,2,2,0.0,2,9,1,1
16364,32.0,1,999,0,1.4,94.465,-41.8,4.961,5228.1,999.0,0,0.0,1.0,1.0,1,8,0.0,6,6,2,1
16365,31.0,1,999,0,1.4,93.918,-42.7,4.963,5228.1,999.0,0,1.0,1.0,1.0,2,8,0.0,4,7,1,1
16366,47.0,4,999,0,1.4,93.444,-36.1,4.963,5228.1,999.0,0,1.0,0.0,0.0,2,2,0.0,4,8,2,1
16367,43.0,2,999,0,1.1,93.994,-36.4,4.855,5191.0,999.0,0,1.0,0.0,1.0,1,8,0.0,5,5,1,1
16368,31.0,6,999,0,-1.1,94.767,-50.8,1.031,4963.6,999.0,0,1.0,0.0,0.0,2,6,0.0,8,11,1,1
16369,39.0,3,999,0,1.1,93.994,-36.4,4.864,5191.0,999.0,0,0.0,0.0,1.0,2,8,0.0,4,5,1,1
16370,50.0,5,999,0,1.4,93.444,-36.1,4.965,5228.1,999.0,0,1.0,0.0,0.0,2,7,0.0,6,8,1,1
16371,37.0,3,999,0,1.4,93.918,-42.7,4.96,5228.1,999.0,0,0.0,0.0,0.0,2,5,0.0,6,7,1,1
16372,40.0,2,999,0,1.4,93.918,-42.7,4.96,5228.1,999.0,0,1.0,0.0,1.0,2,5,0.0,1,7,2,1
16373,31.0,1,999,0,-0.1,93.2,-42.0,4.12,5195.8,999.0,0,1.0,0.0,0.0,1,8,0.0,6,11,1,1
16374,56.0,1,999,0,-1.8,92.893,-46.2,1.291,5099.1,999.0,0,1.0,0.0,0.0,3,8,0.0,4,5,1,1
16375,31.0,2,999,0,-1.8,92.893,-46.2,1.244,5099.1,999.0,0,1.0,0.0,0.0,1,5,0.0,11,5,2,1
16376,31.0,4,999,0,1.4,93.918,-42.7,4.961,5228.1,999.0,0,1.0,1.0,1.0,1,7,0.0,6,7,1,1
16377,53.0,1,999,0,1.1,93.994,-36.4,4.857,5191.0,999.0,0,1.0,0.0,1.0,2,8,0.0,4,5,1,1
16378,39.0,6,999,0,1.1,93.994,-36.4,4.857,5191.0,999.0,0,1.0,0.0,1.0,2,3,0.0,4,5,1,1
16379,42.0,4,999,0,1.4,94.465,-41.8,4.864,5228.1,999.0,0,0.0,0.0,1.0,2,2,0.0,4,6,1,1
16380,46.0,1,999,0,1.4,93.444,-36.1,4.968,5228.1,999.0,0,0.0,0.0,0.0,2,4,0.0,4,8,1,1
16381,31.0,1,999,0,1.1,93.994,-36.4,4.858,5191.0,999.0,0,0.0,0.0,1.0,2,4,0.0,4,5,2,1
16382,34.0,3,999,0,1.1,93.994,-36.4,4.856,5191.0,999.0,0,1.0,0.0,1.0,2,8,0.0,3,5,1,1
16383,31.0,1,999,0,-0.1,93.2,-42.0,4.191,5195.8,999.0,0,1.0,0.0,0.0,2,7,0.0,7,11,2,1
16384,40.0,1,999,0,-1.8,92.893,-46.2,1.313,5099.1,999.0,0,1.0,0.0,0.0,1,7,0.0,3,5,1,1
16385,35.0,2,999,0,1.4,93.918,-42.7,4.963,5228.1,999.0,0,0.0,0.0,0.0,1,7,0.0,6,7,1,1
16386,51.0,2,999,0,1.1,93.994,-36.4,4.86,5191.0,999.0,0,1.0,0.0,1.0,2,8,0.0,1,5,1,1
16387,36.0,3,999,0,1.4,94.465,-41.8,4.955,5228.1,999.0,0,1.0,1.0,1.0,1,4,0.0,4,6,1,1
16388,33.0,3,999,0,1.4,93.444,-36.1,4.965,5228.1,999.0,0,1.0,0.0,0.0,2,8,0.0,5,8,2,1
16389,31.0,3,999,1,-1.1,94.601,-49.5,0.982,4963.6,999.0,2,1.0,0.0,0.0,1,8,0.0,4,10,1,2
16390,28.0,1,999,0,1.4,93.918,-42.7,4.968,5228.1,999.0,0,1.0,0.0,0.0,1,5,0.0,6,7,1,1
16391,31.0,1,999,1,-1.8,92.893,-46.2,1.25,5099.1,999.0,1,0.0,0.0,0.0,2,7,0.0,3,5,1,2
16392,31.0,1,999,0,1.1,93.994,-36.4,4.857,5191.0,999.0,0,0.0,0.0,1.0,1,6,0.0,5,5,1,1
16393,34.0,3,999,0,1.1,93.994,-36.4,4.855,5191.0,999.0,0,1.0,0.0,1.0,2,7,0.0,6,5,1,1
16394,39.0,2,999,0,1.4,94.465,-41.8,4.961,5228.1,999.0,0,0.0,0.0,1.0,2,8,0.0,6,6,2,1
16395,30.0,11,999,0,1.4,94.465,-41.8,4.864,5228.1,999.0,0,0.0,0.0,1.0,1,8,0.0,4,6,1,1
16396,31.0,1,999,0,1.4,93.444,-36.1,4.968,5228.1,999.0,0,0.0,1.0,0.0,3,8,0.0,5,8,1,1
16397,27.0,9,999,0,1.1,93.994,-36.4,4.856,5191.0,999.0,0,0.0,0.0,1.0,2,3,0.0,4,5,1,1
16398,45.0,2,999,0,1.4,94.465,-41.8,4.865,5228.1,999.0,0,0.0,0.0,1.0,2,7,0.0,3,6,2,1
16399,41.0,2,999,0,1.1,93.994,-36.4,4.857,5191.0,999.0,0,0.0,0.0,1.0,3,3,0.0,4,5,1,1
16400,26.0,1,999,0,1.1,93.994,-36.4,4.864,5191.0,999.0,0,1.0,0.0,1.0,1,4,0.0,4,5,1,1
16401,31.0,2,999,0,-2.9,92.963,-40.8,1.26,5076.2,999.0,0,1.0,0.0,0.0,2,8,0.0,7,6,1,1
16402,41.0,1,999,0,1.4,93.444,-36.1,4.963,5228.1,999.0,0,1.0,0.0,0.0,2,8,0.0,5,8,2,1
16403,98.0,1,2,2,-3.4,92.431,-26.9,0.73,5017.5,0.0666666666667,2,1.0,0.0,0.0,2,8,0.0,8,10,1,3
16404,23.0,1,999,1,-2.9,92.963,-40.8,1.262,5076.2,999.0,0,0.0,0.0,0.0,1,4,0.0,4,6,1,2
16405,61.0,1,999,0,-2.9,92.201,-31.4,0.884,5076.2,999.0,0,0.0,0.0,0.0,2,6,0.0,8,8,1,1
16406,34.0,1,999,0,1.4,93.918,-42.7,4.962,5228.1,999.0,0,0.0,1.0,0.0,2,8,0.0,4,7,1,1
16407,33.0,1,6,1,-1.8,93.749,-34.6,0.654,5008.7,0.2,4,1.0,0.0,0.0,2,7,0.0,6,4,1,3
16408,24.0,1,999,1,-1.8,92.893,-46.2,1.266,5099.1,999.0,1,0.0,0.0,0.0,1,6,0.0,5,5,1,2
16409,31.0,4,999,0,1.1,93.994,-36.4,4.857,5191.0,999.0,0,1.0,1.0,1.0,2,5,0.0,6,5,2,1
16410,33.0,1,999,0,-2.9,92.963,-40.8,1.268,5076.2,999.0,0,0.0,0.0,1.0,1,7,0.0,6,6,1,1
16411,43.0,4,999,0,1.1,93.994,-36.4,4.858,5191.0,999.0,0,1.0,0.0,1.0,3,8,0.0,9,5,2,1
16412,31.0,2,999,0,-2.9,92.963,-40.8,1.268,5076.2,999.0,0,0.0,0.0,0.0,1,8,0.0,9,6,1,1
16413,29.0,1,999,0,1.4,94.465,-41.8,4.959,5228.1,999.0,0,1.0,1.0,1.0,1,4,0.0,4,6,1,1
16414,28.0,1,999,0,-1.8,92.843,-50.0,1.531,5099.1,999.0,0,1.0,0.0,1.0,1,8,0.0,6,3,1,1
16415,33.0,1,999,0,1.1,93.994,-36.4,4.857,5191.0,999.0,0,0.0,0.0,1.0,2,8,0.0,7,5,1,1
16416,31.0,5,999,0,1.4,93.444,-36.1,4.963,5228.1,999.0,0,0.0,0.0,0.0,1,7,0.0,5,8,1,1
16417,31.0,1,3,2,-1.8,93.369,-34.8,0.646,5008.7,0.1,4,1.0,0.0,1.0,1,7,0.0,6,3,1,3
16418,53.0,1,999,0,-1.8,93.075,-47.1,1.365,5099.1,999.0,0,0.0,1.0,0.0,2,8,0.0,5,4,1,1
16419,51.0,2,999,0,1.1,93.994,-36.4,4.857,5191.0,999.0,0,0.0,0.0,1.0,2,8,0.0,9,5,1,1
16420,25.0,1,999,0,-1.8,93.075,-47.1,1.405,5099.1,999.0,0,0.0,0.0,0.0,3,7,0.0,1,4,2,1
16421,36.0,3,999,0,1.1,93.994,-36.4,4.864,5191.0,999.0,0,1.0,1.0,1.0,2,8,0.0,2,5,1,1
16422,35.0,2,999,1,-1.8,92.893,-46.2,1.334,5099.1,999.0,1,1.0,0.0,0.0,2,8,0.0,4,5,1,2
16423,31.0,4,999,1,-1.8,92.893,-46.2,1.281,5099.1,999.0,0,0.0,0.0,1.0,1,4,0.0,4,5,1,2
16424,29.0,2,999,0,1.4,93.444,-36.1,4.963,5228.1,999.0,0,1.0,0.0,0.0,1,7,0.0,6,8,1,1
16425,48.0,1,999,0,-1.7,94.027,-38.3,0.904,4991.6,999.0,0,0.0,0.0,0.0,3,8,0.0,6,8,1,1
16426,31.0,1,999,0,1.1,93.994,-36.4,4.858,5191.0,999.0,0,0.0,0.0,1.0,2,6,0.0,5,5,1,1
16427,31.0,3,999,0,1.4,94.465,-41.8,4.864,5228.1,999.0,0,0.0,0.0,1.0,2,5,0.0,10,6,1,1
16428,47.0,2,999,0,1.4,93.444,-36.1,4.965,5228.1,999.0,0,0.0,0.0,0.0,2,7,0.0,1,8,1,1
16429,31.0,1,999,0,-0.1,93.2,-42.0,4.191,5195.8,999.0,0,1.0,1.0,1.0,2,2,0.0,8,11,2,1
16430,35.0,1,999,0,1.4,93.444,-36.1,4.962,5228.1,999.0,0,0.0,0.0,0.0,2,5,0.0,5,8,1,1
16431,28.0,3,999,0,1.4,94.465,-41.8,4.864,5228.1,999.0,0,0.0,0.0,1.0,2,5,0.0,6,6,1,1
16432,31.0,2,999,0,-2.9,92.201,-31.4,0.843,5076.2,999.0,0,1.0,0.0,0.0,2,8,0.0,2,8,2,1
16433,45.0,7,999,0,1.4,94.465,-41.8,4.864,5228.1,999.0,0,0.0,0.0,1.0,2,4,0.0,4,6,1,1
16434,25.0,1,999,0,1.1,93.994,-36.4,4.855,5191.0,999.0,0,1.0,0.0,1.0,1,2,0.0,4,5,1,1
16435,43.0,2,999,0,-0.1,93.2,-42.0,4.12,5195.8,999.0,0,0.0,0.0,0.0,2,7,0.0,3,11,1,1
16436,32.0,1,999,0,1.4,93.918,-42.7,4.961,5228.1,999.0,0,0.0,1.0,1.0,2,2,0.0,4,7,1,1
16437,31.0,1,999,0,1.1,93.994,-36.4,4.856,5191.0,999.0,0,1.0,0.0,1.0,3,8,0.0,5,5,1,1
16438,36.0,1,999,0,1.4,93.444,-36.1,4.964,5228.1,999.0,0,0.0,0.0,0.0,2,4,0.0,1,8,1,1
16439,37.0,2,999,0,-2.9,92.201,-31.4,0.869,5076.2,999.0,0,1.0,0.0,0.0,2,8,0.0,7,8,1,1
16440,40.0,10,999,0,1.4,94.465,-41.8,4.864,5228.1,999.0,0,1.0,1.0,1.0,2,5,0.0,6,6,1,1
16441,31.0,1,999,0,1.4,93.444,-36.1,4.964,5228.1,999.0,0,0.0,1.0,0.0,2,8,0.0,9,8,1,1
16442,34.0,3,999,0,-1.8,92.893,-46.2,1.25,5099.1,999.0,0,1.0,0.0,0.0,2,8,0.0,9,5,1,1
16443,49.0,6,999,0,1.4,94.465,-41.8,4.864,5228.1,999.0,0,0.0,0.0,1.0,2,7,0.0,6,6,1,1
16444,27.0,1,999,0,-1.8,92.893,-46.2,1.266,5099.1,999.0,0,1.0,0.0,0.0,2,6,0.0,6,5,1,1
16445,31.0,1,999,0,1.4,93.444,-36.1,4.964,5228.1,999.0,0,0.0,0.0,0.0,1,6,0.0,5,8,1,1
16446,31.0,3,999,0,-0.1,93.2,-42.0,4.076,5195.8,999.0,0,0.0,0.0,0.0,2,8,0.0,5,11,1,1
16447,36.0,29,999,0,1.4,93.918,-42.7,4.963,5228.1,999.0,0,0.0,0.0,0.0,1,6,0.0,5,7,1,1
16448,33.0,3,999,0,1.4,93.918,-42.7,4.963,5228.1,999.0,0,1.0,0.0,0.0,2,6,0.0,9,7,1,1
16449,36.0,1,999,0,1.4,94.465,-41.8,4.864,5228.1,999.0,0,1.0,0.0,1.0,2,6,0.0,6,6,1,1
16450,50.0,1,999,0,1.4,94.465,-41.8,4.961,5228.1,999.0,0,1.0,0.0,1.0,2,5,0.0,6,6,1,1
16451,42.0,2,999,1,-0.1,93.2,-42.0,4.191,5195.8,999.0,6,0.0,0.0,0.0,2,5,0.0,5,11,2,2
16452,39.0,1,999,0,-1.8,93.075,-47.1,1.405,5099.1,999.0,0,1.0,0.0,0.0,3,8,0.0,4,4,1,1
16453,57.0,1,999,0,-0.1,93.2,-42.0,4.021,5195.8,999.0,0,1.0,0.0,0.0,2,6,0.0,5,11,1,1
16454,45.0,1,999,0,1.4,94.465,-41.8,4.958,5228.1,999.0,0,0.0,0.0,1.0,3,8,0.0,9,6,1,1
16455,40.0,1,999,0,-1.8,92.893,-46.2,1.244,5099.1,999.0,0,1.0,0.0,0.0,1,5,0.0,6,5,2,1
16456,31.0,2,999,0,1.1,93.994,-36.4,4.857,5191.0,999.0,0,1.0,0.0,1.0,3,8,0.0,3,5,1,1
16457,31.0,1,999,1,-1.8,92.893,-46.2,1.281,5099.1,999.0,0,1.0,0.0,0.0,2,7,0.0,5,5,1,2
16458,30.0,4,999,0,-2.9,92.963,-40.8,1.286,5076.2,999.0,0,1.0,1.0,0.0,1,7,0.0,1,6,1,1
16459,44.0,2,999,1,-1.8,93.075,-47.1,1.405,5099.1,999.0,2,1.0,0.0,0.0,2,8,0.0,4,4,1,2
16460,32.0,2,999,0,1.1,93.994,-36.4,4.855,5191.0,999.0,0,0.0,1.0,1.0,2,7,0.0,6,5,1,1
16461,37.0,2,999,0,1.4,94.465,-41.8,4.961,5228.1,999.0,0,1.0,0.0,1.0,2,8,0.0,4,6,1,1
16462,31.0,1,999,0,1.4,93.918,-42.7,4.968,5228.1,999.0,0,1.0,0.0,0.0,1,7,0.0,6,7,1,1
16463,43.0,2,999,0,1.4,93.918,-42.7,4.962,5228.1,999.0,0,0.0,1.0,0.0,1,7,0.0,7,7,1,1
16464,35.0,14,999,0,1.4,94.465,-41.8,4.959,5228.1,999.0,0,0.0,0.0,1.0,1,8,0.0,9,6,1,1
16465,32.0,1,999,0,1.4,93.444,-36.1,4.964,5228.1,999.0,0,1.0,1.0,0.0,2,8,0.0,2,8,1,1
16466,31.0,1,999,0,1.4,93.918,-42.7,4.966,5228.1,999.0,0,1.0,0.0,1.0,2,5,0.0,4,7,1,1
16467,53.0,1,999,0,1.1,93.994,-36.4,4.859,5191.0,999.0,0,0.0,0.0,1.0,3,8,0.0,4,5,1,1
16468,43.0,9,999,0,1.1,93.994,-36.4,4.857,5191.0,999.0,0,0.0,0.0,1.0,3,8,0.0,5,5,1,1
16469,24.0,3,999,0,-3.0,92.713,-33.0,0.712,5023.5,999.0,0,1.0,0.0,0.0,1,8,0.0,11,12,1,1
16470,42.0,1,999,0,-0.1,93.2,-42.0,4.191,5195.8,999.0,0,1.0,0.0,0.0,2,8,0.0,3,11,2,1
16471,31.0,2,999,0,1.4,94.465,-41.8,4.961,5228.1,999.0,0,1.0,1.0,1.0,2,5,0.0,4,6,1,1
16472,48.0,11,999,0,-1.8,92.893,-46.2,1.334,5099.1,999.0,0,0.0,0.0,0.0,2,3,0.0,4,5,1,1
16473,37.0,5,999,0,-1.8,92.893,-46.2,1.354,5099.1,999.0,0,1.0,0.0,0.0,1,8,0.0,12,5,2,1
16474,31.0,2,999,0,1.1,93.994,-36.4,4.856,5191.0,999.0,0,0.0,1.0,1.0,1,8,0.0,5,5,1,1
16475,32.0,1,999,0,-2.9,92.201,-31.4,0.879,5076.2,999.0,0,1.0,0.0,0.0,2,6,0.0,5,8,1,1
16476,41.0,2,999,0,1.1,93.994,-36.4,4.856,5191.0,999.0,0,1.0,0.0,1.0,2,8,0.0,4,5,1,1
16477,33.0,1,999,0,1.1,93.994,-36.4,4.864,5191.0,999.0,0,0.0,0.0,1.0,2,4,0.0,3,5,1,1
16478,31.0,15,999,0,1.4,94.465,-41.8,4.865,5228.1,999.0,0,0.0,0.0,1.0,2,4,0.0,4,6,2,1
16479,47.0,1,999,1,-1.8,93.075,-47.1,1.405,5099.1,999.0,3,1.0,0.0,0.0,3,8,0.0,6,4,2,2
16480,56.0,7,999,0,1.4,93.444,-36.1,4.964,5228.1,999.0,0,1.0,0.0,1.0,2,4,0.0,1,8,1,1
16481,31.0,2,999,0,1.4,94.465,-41.8,4.961,5228.1,999.0,0,1.0,0.0,1.0,2,6,0.0,5,6,1,1
16482,27.0,2,3,1,-1.8,92.893,-46.2,1.264,5099.1,0.1,3,1.0,0.0,0.0,1,7,0.0,3,5,2,3
16483,31.0,3,999,0,1.1,93.994,-36.4,4.857,5191.0,999.0,0,0.0,0.0,1.0,2,3,0.0,4,5,2,1
16484,31.0,5,999,0,-1.8,93.075,-47.1,1.405,5099.1,999.0,0,0.0,0.0,0.0,2,2,0.0,4,4,2,1
16485,55.0,1,999,0,1.4,93.444,-36.1,4.965,5228.1,999.0,0,0.0,0.0,0.0,3,8,0.0,5,8,1,1
16486,34.0,1,999,0,1.1,93.994,-36.4,4.857,5191.0,999.0,0,0.0,0.0,1.0,1,6,0.0,5,5,1,1
16487,29.0,3,999,0,1.4,93.444,-36.1,4.964,5228.1,999.0,0,1.0,0.0,1.0,1,7,0.0,5,8,1,1
16488,31.0,2,999,0,1.4,93.918,-42.7,4.963,5228.1,999.0,0,1.0,0.0,0.0,1,8,0.0,6,7,1,1
16489,31.0,1,999,0,1.1,93.994,-36.4,4.857,5191.0,999.0,0,0.0,0.0,1.0,1,5,0.0,8,5,2,1
16490,52.0,2,999,0,1.4,93.444,-36.1,4.965,5228.1,999.0,0,1.0,1.0,0.0,2,5,0.0,5,8,1,1
16491,33.0,1,999,0,1.4,93.444,-36.1,4.963,5228.1,999.0,0,0.0,0.0,1.0,1,7,0.0,5,8,1,1
16492,57.0,2,999,0,1.4,93.444,-36.1,4.964,5228.1,999.0,0,0.0,0.0,0.0,2,8,0.0,5,8,1,1
16493,43.0,6,999,0,-1.8,92.893,-46.2,1.299,5099.1,999.0,0,1.0,0.0,0.0,2,4,0.0,4,5,2,1
16494,48.0,1,999,0,1.4,93.444,-36.1,4.965,5228.1,999.0,0,1.0,0.0,0.0,2,8,0.0,9,8,1,1
16495,42.0,6,999,1,-1.8,92.893,-46.2,1.266,5099.1,999.0,3,1.0,0.0,0.0,2,8,0.0,9,5,1,2
16496,31.0,1,999,0,1.4,93.918,-42.7,4.963,5228.1,999.0,0,0.0,0.0,0.0,2,2,0.0,4,7,1,1
16497,31.0,1,999,0,-2.9,92.963,-40.8,1.262,5076.2,999.0,0,0.0,1.0,0.0,1,7,0.0,6,6,1,1
16498,37.0,3,999,0,1.4,94.465,-41.8,4.864,5228.1,999.0,0,0.0,0.0,1.0,2,5,0.0,9,6,1,1
16499,31.0,1,999,0,1.4,93.444,-36.1,4.963,5228.1,999.0,0,1.0,1.0,0.0,3,8,0.0,6,8,1,1
16500,30.0,3,999,0,1.4,93.444,-36.1,4.965,5228.1,999.0,0,0.0,0.0,0.0,3,8,0.0,5,8,2,1
16501,28.0,1,999,0,1.1,93.994,-36.4,4.86,5191.0,999.0,0,0.0,0.0,1.0,2,4,0.0,4,5,1,1
16502,32.0,2,999,0,1.4,93.918,-42.7,4.963,5228.1,999.0,0,1.0,1.0,0.0,1,7,0.0,4,7,1,1
16503,27.0,1,999,0,-1.8,92.893,-46.2,1.281,5099.1,999.0,0,1.0,0.0,0.0,2,4,0.0,1,5,1,1
16504,49.0,2,999,0,1.1,93.994,-36.4,4.859,5191.0,999.0,0,1.0,0.0,1.0,3,8,0.0,6,5,1,1
16505,31.0,10,999,0,1.4,93.918,-42.7,4.96,5228.1,999.0,0,0.0,0.0,1.0,2,7,0.0,9,7,2,1
16506,30.0,3,999,0,1.4,93.444,-36.1,4.965,5228.1,999.0,0,1.0,0.0,0.0,1,7,0.0,6,8,2,1
16507,42.0,2,999,0,-1.8,93.075,-47.1,1.405,5099.1,999.0,0,0.0,0.0,0.0,2,7,0.0,3,4,1,1
16508,56.0,2,999,0,-3.4,92.379,-29.8,0.778,5017.5,999.0,0,1.0,0.0,0.0,2,8,0.0,7,9,1,1
16509,35.0,2,999,0,1.1,93.994,-36.4,4.864,5191.0,999.0,0,0.0,0.0,1.0,2,8,0.0,4,5,1,1
16510,32.0,2,999,0,1.1,93.994,-36.4,4.857,5191.0,999.0,0,0.0,0.0,1.0,3,4,0.0,4,5,1,1
16511,45.0,1,999,0,1.1,93.994,-36.4,4.855,5191.0,999.0,0,1.0,0.0,1.0,2,2,0.0,3,5,1,1
16512,38.0,5,999,0,-2.9,92.469,-33.6,0.908,5076.2,999.0,0,0.0,0.0,0.0,2,7,0.0,3,7,1,1
16513,31.0,1,999,0,-1.8,93.075,-47.1,1.405,5099.1,999.0,0,0.0,0.0,0.0,3,5,0.0,9,4,1,1
16514,47.0,2,999,0,1.1,93.994,-36.4,4.857,5191.0,999.0,0,0.0,1.0,1.0,3,2,0.0,4,5,2,1
16515,24.0,7,999,0,1.4,93.918,-42.7,4.958,5228.1,999.0,0,1.0,0.0,0.0,1,3,0.0,5,7,1,1
16516,31.0,1,999,0,1.4,94.465,-41.8,4.864,5228.1,999.0,0,1.0,0.0,1.0,1,4,0.0,4,6,1,1
16517,47.0,3,999,0,1.4,94.465,-41.8,4.864,5228.1,999.0,0,1.0,0.0,1.0,2,2,0.0,3,6,1,1
16518,50.0,2,999,0,1.4,93.444,-36.1,4.963,5228.1,999.0,0,0.0,1.0,0.0,1,7,0.0,6,8,1,1
16519,57.0,2,999,0,-0.1,93.2,-42.0,4.021,5195.8,999.0,0,0.0,0.0,0.0,2,8,0.0,9,11,1,1
16520,31.0,1,999,0,-1.8,92.893,-46.2,1.281,5099.1,999.0,0,0.0,0.0,0.0,2,8,0.0,5,5,1,1
16521,37.0,1,999,0,1.1,93.994,-36.4,4.858,5191.0,999.0,0,0.0,0.0,1.0,2,3,0.0,4,5,1,1
16522,41.0,3,999,0,-1.8,93.075,-47.1,1.405,5099.1,999.0,0,1.0,0.0,0.0,3,8,0.0,6,4,1,1
16523,31.0,1,6,1,-1.8,93.876,-40.0,0.682,5008.7,0.2,2,1.0,0.0,0.0,2,5,0.0,6,5,1,3
16524,31.0,7,999,0,-1.8,92.893,-46.2,1.291,5099.1,999.0,0,1.0,0.0,0.0,2,8,0.0,4,5,1,1
16525,39.0,1,999,0,1.1,93.994,-36.4,4.857,5191.0,999.0,0,1.0,0.0,1.0,3,5,0.0,9,5,2,1
16526,31.0,1,999,0,-0.1,93.2,-42.0,4.021,5195.8,999.0,0,0.0,0.0,0.0,2,8,0.0,5,11,1,1
16527,46.0,1,999,0,-1.8,92.893,-46.2,1.244,5099.1,999.0,0,0.0,0.0,0.0,2,7,0.0,3,5,2,1
16528,31.0,1,999,0,1.4,93.918,-42.7,4.962,5228.1,999.0,0,1.0,0.0,0.0,2,8,0.0,4,7,1,1
16529,27.0,1,999,0,1.4,93.918,-42.7,4.961,5228.1,999.0,0,0.0,0.0,0.0,1,7,0.0,6,7,1,1
16530,31.0,7,999,0,1.4,93.918,-42.7,4.957,5228.1,999.0,0,0.0,0.0,0.0,2,6,0.0,1,7,1,1
16531,31.0,1,999,0,1.4,93.918,-42.7,4.957,5228.1,999.0,0,0.0,0.0,0.0,1,4,0.0,4,7,1,1
16532,27.0,1,999,0,-1.8,92.893,-46.2,1.266,5099.1,999.0,0,1.0,0.0,0.0,2,8,0.0,9,5,1,1
16533,31.0,1,999,0,1.4,93.444,-36.1,4.968,5228.1,999.0,0,1.0,0.0,0.0,2,5,0.0,9,8,1,1
16534,32.0,4,999,0,1.4,93.444,-36.1,4.963,5228.1,999.0,0,1.0,0.0,0.0,1,7,0.0,6,8,1,1
16535,40.0,3,999,0,1.4,94.465,-41.8,4.864,5228.1,999.0,0,1.0,0.0,1.0,2,5,0.0,6,6,1,1
16536,34.0,1,999,0,1.1,93.994,-36.4,4.857,5191.0,999.0,0,0.0,0.0,1.0,2,7,0.0,6,5,1,1
16537,31.0,2,999,0,1.4,93.918,-42.7,4.962,5228.1,999.0,0,1.0,0.0,0.0,3,5,0.0,9,7,2,1
16538,47.0,1,999,0,-1.7,94.055,-39.8,0.711,4991.6,999.0,0,1.0,0.0,1.0,3,5,0.0,6,6,2,1
16539,48.0,4,999,0,1.4,93.918,-42.7,4.961,5228.1,999.0,0,1.0,1.0,0.0,2,8,0.0,4,7,1,1
16540,35.0,1,999,0,1.4,94.465,-41.8,4.967,5228.1,999.0,0,0.0,0.0,1.0,2,8,0.0,9,6,1,1
16541,35.0,3,999,0,1.4,94.465,-41.8,4.959,5228.1,999.0,0,1.0,0.0,1.0,2,4,0.0,3,6,1,1
16542,31.0,1,999,1,-1.8,92.893,-46.2,1.327,5099.1,999.0,3,1.0,0.0,0.0,2,8,0.0,4,5,1,2
16543,35.0,1,999,0,1.1,93.994,-36.4,4.856,5191.0,999.0,0,0.0,0.0,1.0,2,5,0.0,6,5,1,1
16544,33.0,3,999,0,1.4,93.444,-36.1,4.964,5228.1,999.0,0,1.0,0.0,0.0,2,8,0.0,6,8,1,1
16545,46.0,3,3,1,-0.1,93.2,-42.0,4.021,5195.8,0.1,1,0.0,0.0,0.0,3,2,0.0,10,11,1,3
16546,36.0,1,999,0,1.1,93.994,-36.4,4.855,5191.0,999.0,0,1.0,0.0,1.0,2,5,0.0,9,5,1,1
16547,19.0,5,13,1,-1.1,94.199,-37.5,0.879,4963.6,0.433333333333,3,1.0,1.0,0.0,1,8,0.0,11,9,1,3
16548,31.0,6,999,0,1.4,94.465,-41.8,4.961,5228.1,999.0,0,1.0,0.0,1.0,2,3,0.0,4,6,2,1
16549,33.0,2,999,0,1.1,93.994,-36.4,4.857,5191.0,999.0,0,0.0,0.0,1.0,2,7,0.0,6,5,1,1
16550,27.0,2,999,1,-2.9,92.201,-31.4,0.873,5076.2,999.0,3,0.0,1.0,0.0,1,5,0.0,6,8,1,2
16551,43.0,1,999,0,-2.9,92.963,-40.8,1.266,5076.2,999.0,0,1.0,0.0,0.0,2,5,0.0,6,6,2,1
16552,34.0,1,999,0,1.4,93.918,-42.7,4.963,5228.1,999.0,0,0.0,0.0,0.0,2,5,0.0,5,7,1,1
16553,46.0,2,999,1,-0.1,93.2,-42.0,4.191,5195.8,999.0,0,1.0,0.0,0.0,2,8,0.0,7,11,2,2
16554,47.0,4,999,1,-1.8,92.893,-46.2,1.344,5099.1,999.0,0,0.0,0.0,0.0,1,2,0.0,4,5,1,2
16555,41.0,2,999,0,1.1,93.994,-36.4,4.857,5191.0,999.0,0,0.0,0.0,1.0,2,4,0.0,5,5,2,1
16556,41.0,2,999,0,1.4,93.444,-36.1,4.967,5228.1,999.0,0,0.0,0.0,0.0,2,8,0.0,5,8,1,1
16557,38.0,5,999,0,-2.9,92.201,-31.4,0.854,5076.2,999.0,0,1.0,0.0,0.0,2,8,0.0,5,8,1,1
16558,80.0,2,999,0,-1.8,92.843,-50.0,1.51,5099.1,999.0,0,1.0,0.0,0.0,3,6,0.0,3,3,1,1
16559,60.0,7,999,0,1.4,93.918,-42.7,4.96,5228.1,999.0,0,0.0,0.0,1.0,2,8,0.0,8,7,2,1
16560,43.0,2,999,0,1.4,94.465,-41.8,4.866,5228.1,999.0,0,0.0,0.0,1.0,2,4,0.0,4,6,1,1
16561,54.0,1,999,0,1.4,93.444,-36.1,4.963,5228.1,999.0,0,1.0,0.0,0.0,2,2,0.0,4,8,1,1
16562,27.0,3,999,0,1.4,94.465,-41.8,4.96,5228.1,999.0,0,0.0,0.0,1.0,1,8,0.0,4,6,2,1
16563,31.0,2,999,0,1.1,93.994,-36.4,4.856,5191.0,999.0,0,1.0,0.0,1.0,3,8,0.0,5,5,1,1
16564,40.0,1,999,0,-0.1,93.2,-42.0,4.153,5195.8,999.0,0,0.0,0.0,0.0,2,8,0.0,5,11,1,1
16565,59.0,9,999,0,1.4,93.918,-42.7,4.962,5228.1,999.0,0,1.0,0.0,0.0,2,8,0.0,10,7,1,1
16566,35.0,3,999,0,1.4,94.465,-41.8,4.96,5228.1,999.0,0,0.0,0.0,1.0,3,7,0.0,6,6,2,1
16567,28.0,1,999,0,-1.8,92.893,-46.2,1.334,5099.1,999.0,0,0.0,0.0,0.0,1,6,0.0,5,5,1,1
16568,71.0,1,999,0,-2.9,92.201,-31.4,0.869,5076.2,999.0,0,1.0,0.0,0.0,2,8,0.0,8,8,1,1
16569,42.0,5,999,0,-1.8,92.893,-46.2,1.244,5099.1,999.0,0,0.0,1.0,0.0,1,7,0.0,5,5,2,1
16570,28.0,2,999,1,-1.8,92.893,-46.2,1.291,5099.1,999.0,0,0.0,0.0,1.0,2,4,0.0,5,5,1,2
16571,36.0,1,999,0,1.4,93.444,-36.1,4.963,5228.1,999.0,0,1.0,0.0,0.0,1,5,0.0,5,8,1,1
16572,37.0,8,999,0,1.4,93.444,-36.1,4.965,5228.1,999.0,0,0.0,1.0,0.0,1,7,0.0,6,8,2,1
16573,31.0,2,999,0,-0.1,93.2,-42.0,4.153,5195.8,999.0,0,1.0,0.0,0.0,2,7,0.0,6,11,1,1
16574,27.0,1,999,0,1.4,94.465,-41.8,4.961,5228.1,999.0,0,0.0,0.0,1.0,2,4,0.0,4,6,1,1
16575,31.0,1,999,0,1.4,93.918,-42.7,4.968,5228.1,999.0,0,0.0,1.0,1.0,1,6,0.0,5,7,1,1
16576,31.0,4,999,0,1.4,94.465,-41.8,4.961,5228.1,999.0,0,0.0,0.0,1.0,2,2,0.0,4,6,1,1
16577,31.0,13,999,0,1.1,93.994,-36.4,4.86,5191.0,999.0,0,1.0,1.0,1.0,1,7,0.0,3,5,1,1
16578,59.0,2,6,1,-3.4,92.431,-26.9,0.737,5017.5,0.2,4,1.0,0.0,0.0,2,2,0.0,2,10,1,3
16579,31.0,3,999,0,-1.8,93.075,-47.1,1.405,5099.1,999.0,0,0.0,1.0,0.0,1,7,0.0,5,4,1,1
16580,32.0,2,999,0,1.4,93.918,-42.7,4.962,5228.1,999.0,0,1.0,0.0,0.0,1,5,0.0,11,7,1,1
16581,30.0,1,999,1,-1.8,92.893,-46.2,1.299,5099.1,999.0,4,1.0,0.0,0.0,2,8,0.0,4,5,2,2
16582,36.0,1,999,0,1.4,94.465,-41.8,4.96,5228.1,999.0,0,0.0,0.0,1.0,2,7,0.0,5,6,2,1
16583,31.0,3,999,0,1.1,93.994,-36.4,4.857,5191.0,999.0,0,1.0,0.0,1.0,2,8,0.0,6,5,2,1
16584,31.0,2,999,0,1.4,94.465,-41.8,4.961,5228.1,999.0,0,0.0,0.0,1.0,2,8,0.0,4,6,1,1
16585,31.0,2,999,0,1.4,93.918,-42.7,4.96,5228.1,999.0,0,0.0,0.0,0.0,2,8,0.0,5,7,2,1
16586,45.0,1,999,0,1.4,94.465,-41.8,4.961,5228.1,999.0,0,0.0,0.0,1.0,2,8,0.0,12,6,1,1
16587,31.0,3,999,0,-1.1,94.767,-50.8,1.028,4963.6,999.0,0,1.0,0.0,0.0,3,6,0.0,8,11,1,1
16588,39.0,2,999,0,1.4,93.918,-42.7,4.962,5228.1,999.0,0,0.0,0.0,0.0,2,5,0.0,6,7,1,1
16589,27.0,3,999,0,-1.8,93.075,-47.1,1.445,5099.1,999.0,0,1.0,0.0,0.0,1,4,0.0,5,4,1,1
16590,31.0,4,999,0,1.4,94.465,-41.8,4.865,5228.1,999.0,0,1.0,0.0,1.0,2,4,0.0,4,6,2,1
16591,30.0,1,999,0,-1.8,93.075,-47.1,1.415,5099.1,999.0,0,1.0,0.0,0.0,1,7,0.0,3,4,1,1
16592,31.0,1,999,0,1.4,93.444,-36.1,4.963,5228.1,999.0,0,1.0,0.0,0.0,2,4,0.0,4,8,1,1
16593,47.0,1,999,0,1.4,93.444,-36.1,4.963,5228.1,999.0,0,0.0,0.0,0.0,1,7,0.0,6,8,1,1
16594,38.0,1,999,1,-1.8,92.893,-46.2,1.327,5099.1,999.0,3,1.0,1.0,0.0,2,7,0.0,5,5,1,2
16595,31.0,2,999,0,1.4,93.444,-36.1,4.965,5228.1,999.0,0,1.0,0.0,0.0,2,7,0.0,6,8,2,1
16596,36.0,3,999,1,-1.8,93.075,-47.1,1.405,5099.1,999.0,1,1.0,0.0,1.0,2,8,0.0,6,4,2,2
16597,31.0,6,999,0,1.1,93.994,-36.4,4.857,5191.0,999.0,0,0.0,0.0,1.0,2,4,0.0,4,5,1,1
16598,31.0,1,999,0,-1.8,93.369,-34.8,0.635,5008.7,999.0,0,1.0,0.0,0.0,2,8,0.0,8,3,1,1
16599,39.0,1,999,0,1.1,93.994,-36.4,4.855,5191.0,999.0,0,0.0,0.0,1.0,1,7,0.0,6,5,1,1
16600,59.0,2,999,0,1.4,93.918,-42.7,4.963,5228.1,999.0,0,0.0,0.0,0.0,3,8,0.0,8,7,1,1
16601,31.0,6,999,0,1.4,93.918,-42.7,4.962,5228.1,999.0,0,1.0,0.0,1.0,3,5,0.0,6,7,2,1
16602,31.0,2,999,0,-1.8,92.893,-46.2,1.244,5099.1,999.0,0,1.0,0.0,0.0,2,7,0.0,2,5,2,1
16603,31.0,2,999,0,1.1,93.994,-36.4,4.86,5191.0,999.0,0,1.0,0.0,1.0,1,8,0.0,6,5,1,1
16604,44.0,6,999,0,1.4,93.918,-42.7,4.963,5228.1,999.0,0,1.0,1.0,0.0,3,5,0.0,6,7,1,1
16605,56.0,1,999,0,1.1,93.994,-36.4,4.856,5191.0,999.0,0,1.0,0.0,1.0,2,8,0.0,6,5,1,1
16606,55.0,3,999,0,1.1,93.994,-36.4,4.86,5191.0,999.0,0,1.0,0.0,1.0,2,8,0.0,8,5,1,1
16607,32.0,2,999,0,-0.1,93.2,-42.0,4.076,5195.8,999.0,0,1.0,0.0,0.0,2,5,0.0,6,11,1,1
16608,31.0,1,999,0,1.4,93.444,-36.1,4.964,5228.1,999.0,0,0.0,0.0,0.0,1,7,0.0,6,8,1,1
16609,31.0,2,999,1,-0.1,93.2,-42.0,4.153,5195.8,999.0,2,0.0,0.0,0.0,2,7,0.0,3,11,1,2
16610,52.0,7,999,0,1.4,93.444,-36.1,4.964,5228.1,999.0,0,0.0,0.0,0.0,2,7,0.0,5,8,1,1
16611,42.0,1,999,0,1.1,93.994,-36.4,4.857,5191.0,999.0,0,0.0,0.0,1.0,3,2,0.0,4,5,1,1
16612,31.0,2,999,0,1.4,93.918,-42.7,4.962,5228.1,999.0,0,1.0,0.0,0.0,2,7,0.0,7,7,2,1
16613,56.0,3,999,0,1.1,93.994,-36.4,4.859,5191.0,999.0,0,1.0,1.0,1.0,2,8,0.0,3,5,1,1
16614,31.0,1,999,0,1.1,93.994,-36.4,4.859,5191.0,999.0,0,0.0,0.0,1.0,3,3,0.0,4,5,1,1
16615,47.0,8,999,0,1.4,94.465,-41.8,4.865,5228.1,999.0,0,0.0,0.0,1.0,2,5,0.0,9,6,2,1
16616,48.0,3,999,0,-2.9,92.963,-40.8,1.268,5076.2,999.0,0,1.0,0.0,1.0,2,8,0.0,6,6,1,1
16617,39.0,3,999,0,-1.8,92.893,-46.2,1.334,5099.1,999.0,0,0.0,0.0,0.0,2,4,0.0,4,5,1,1
16618,29.0,1,999,0,1.4,93.918,-42.7,4.957,5228.1,999.0,0,0.0,0.0,0.0,1,4,0.0,4,7,1,1
16619,58.0,1,999,0,-1.8,92.893,-46.2,1.344,5099.1,999.0,0,1.0,0.0,0.0,1,7,0.0,6,5,1,1
16620,34.0,1,999,0,1.4,94.465,-41.8,4.958,5228.1,999.0,0,0.0,0.0,1.0,2,5,0.0,9,6,1,1
16621,52.0,1,999,1,-0.1,93.2,-42.0,4.021,5195.8,999.0,5,1.0,0.0,0.0,2,6,0.0,5,11,1,2
16622,48.0,2,999,0,-0.1,93.2,-42.0,4.076,5195.8,999.0,0,1.0,0.0,0.0,1,8,0.0,9,11,1,1
16623,37.0,1,999,0,1.4,94.465,-41.8,4.959,5228.1,999.0,0,0.0,0.0,1.0,1,7,0.0,9,6,1,1
16624,31.0,1,999,0,-0.1,93.2,-42.0,4.12,5195.8,999.0,0,1.0,0.0,0.0,1,7,0.0,5,11,1,1
16625,30.0,1,999,0,1.4,93.444,-36.1,4.963,5228.1,999.0,0,0.0,0.0,0.0,1,8,0.0,5,8,1,1
16626,37.0,1,999,0,-0.1,93.2,-42.0,4.076,5195.8,999.0,0,1.0,0.0,0.0,1,7,0.0,10,11,1,1
16627,35.0,2,999,0,1.1,93.994,-36.4,4.858,5191.0,999.0,0,1.0,0.0,1.0,2,4,0.0,1,5,1,1
16628,32.0,1,999,1,-0.1,93.2,-42.0,4.153,5195.8,999.0,1,1.0,0.0,0.0,3,8,0.0,5,11,1,2
16629,31.0,1,999,0,-0.1,93.2,-42.0,4.191,5195.8,999.0,0,0.0,0.0,0.0,2,8,0.0,6,11,2,1
16630,76.0,1,999,1,-2.9,92.201,-31.4,0.873,5076.2,999.0,3,0.0,1.0,0.0,2,3,0.0,8,8,1,2
16631,31.0,3,999,2,-3.0,92.713,-33.0,0.707,5023.5,999.0,0,0.0,1.0,0.0,2,4,0.0,4,12,1,2
16632,31.0,1,999,0,-0.1,93.2,-42.0,4.191,5195.8,999.0,0,1.0,0.0,0.0,3,4,0.0,4,11,2,1
16633,31.0,5,999,0,1.4,93.444,-36.1,4.962,5228.1,999.0,0,1.0,0.0,0.0,2,7,0.0,6,8,1,1
16634,76.0,2,6,3,-1.7,94.027,-38.3,0.899,4991.6,0.2,9,1.0,0.0,0.0,2,7,0.0,8,8,1,3
16635,52.0,5,999,0,1.4,94.465,-41.8,4.96,5228.1,999.0,0,0.0,0.0,1.0,3,8,0.0,6,6,2,1
16636,30.0,2,999,0,1.4,93.918,-42.7,4.963,5228.1,999.0,0,1.0,0.0,0.0,2,8,0.0,1,7,1,1
16637,31.0,1,999,0,1.4,93.444,-36.1,4.965,5228.1,999.0,0,1.0,0.0,0.0,2,8,0.0,9,8,2,1
16638,35.0,1,999,0,1.4,93.918,-42.7,4.961,5228.1,999.0,0,1.0,0.0,0.0,2,2,0.0,2,7,1,1
16639,40.0,2,999,1,-1.8,93.075,-47.1,1.405,5099.1,999.0,2,1.0,0.0,0.0,2,7,0.0,3,4,1,2
16640,48.0,1,999,0,1.1,93.994,-36.4,4.856,5191.0,999.0,0,0.0,0.0,1.0,2,8,0.0,7,5,1,1
16641,37.0,1,999,2,-1.7,94.055,-39.8,0.748,4991.6,999.0,0,1.0,0.0,0.0,1,8,0.0,5,6,1,2
16642,28.0,1,999,0,1.1,93.994,-36.4,4.855,5191.0,999.0,0,0.0,0.0,1.0,1,7,0.0,6,5,1,1
16643,50.0,2,999,0,1.1,93.994,-36.4,4.857,5191.0,999.0,0,0.0,0.0,1.0,2,5,0.0,6,5,1,1
16644,36.0,3,6,1,-1.1,94.199,-37.5,0.881,4963.6,0.2,2,0.0,0.0,0.0,3,7,0.0,3,9,1,3
16645,30.0,2,999,0,-3.4,92.649,-30.1,0.715,5017.5,999.0,0,1.0,1.0,0.0,1,8,0.0,6,11,1,1
16646,44.0,1,999,1,-0.1,93.2,-42.0,4.191,5195.8,999.0,2,0.0,0.0,0.0,2,6,0.0,6,11,2,2
16647,55.0,3,999,0,1.4,93.918,-42.7,4.961,5228.1,999.0,0,0.0,0.0,0.0,3,5,0.0,9,7,1,1
16648,26.0,1,999,0,1.4,94.465,-41.8,4.962,5228.1,999.0,0,0.0,0.0,1.0,1,8,0.0,6,6,1,1
16649,35.0,21,999,0,1.4,94.465,-41.8,4.865,5228.1,999.0,0,1.0,0.0,1.0,1,7,0.0,3,6,2,1
16650,51.0,1,999,0,1.4,93.918,-42.7,4.961,5228.1,999.0,0,1.0,0.0,0.0,2,4,0.0,2,7,1,1
16651,26.0,1,999,0,1.4,93.918,-42.7,4.957,5228.1,999.0,0,1.0,1.0,0.0,1,6,0.0,5,7,1,1
16652,29.0,1,999,0,1.1,93.994,-36.4,4.855,5191.0,999.0,0,0.0,0.0,1.0,1,7,0.0,10,5,1,1
16653,31.0,1,999,0,-0.1,93.2,-42.0,4.191,5195.8,999.0,0,1.0,0.0,0.0,1,4,0.0,4,11,2,1
16654,27.0,4,999,0,-1.8,92.893,-46.2,1.281,5099.1,999.0,0,1.0,1.0,0.0,1,5,0.0,6,5,1,1
16655,36.0,1,999,0,1.1,93.994,-36.4,4.856,5191.0,999.0,0,0.0,1.0,1.0,2,8,0.0,5,5,1,1
16656,38.0,1,999,0,-1.8,92.893,-46.2,1.327,5099.1,999.0,0,0.0,0.0,0.0,2,8,0.0,4,5,1,1
16657,31.0,2,999,0,1.1,93.994,-36.4,4.856,5191.0,999.0,0,1.0,0.0,1.0,1,8,0.0,5,5,1,1
16658,44.0,1,999,0,1.4,93.918,-42.7,4.962,5228.1,999.0,0,1.0,0.0,0.0,2,5,0.0,6,7,1,1
16659,47.0,9,999,0,1.4,94.465,-41.8,4.961,5228.1,999.0,0,1.0,0.0,1.0,2,3,0.0,4,6,1,1
16660,35.0,2,999,0,1.1,93.994,-36.4,4.856,5191.0,999.0,0,0.0,0.0,1.0,2,6,0.0,5,5,1,1
16661,31.0,3,999,0,1.4,93.444,-36.1,4.965,5228.1,999.0,0,1.0,1.0,0.0,2,2,0.0,4,8,2,1
16662,34.0,5,999,0,1.4,93.444,-36.1,4.962,5228.1,999.0,0,1.0,0.0,0.0,2,7,0.0,6,8,1,1
16663,45.0,1,999,0,1.4,93.444,-36.1,4.967,5228.1,999.0,0,0.0,0.0,0.0,2,4,0.0,1,8,1,1
16664,39.0,1,999,0,-0.1,93.2,-42.0,4.191,5195.8,999.0,0,1.0,0.0,0.0,2,7,0.0,6,11,2,1
16665,26.0,1,999,0,1.1,93.994,-36.4,4.856,5191.0,999.0,0,0.0,0.0,1.0,2,5,0.0,6,5,1,1
16666,41.0,1,999,0,1.4,94.465,-41.8,4.865,5228.1,999.0,0,1.0,0.0,1.0,3,8,0.0,9,6,2,1
16667,38.0,3,999,0,1.4,94.465,-41.8,4.864,5228.1,999.0,0,0.0,0.0,1.0,2,3,0.0,4,6,1,1
16668,41.0,1,999,0,-2.9,92.201,-31.4,0.884,5076.2,999.0,0,0.0,0.0,0.0,2,5,0.0,6,8,1,1
16669,33.0,1,999,1,-0.1,93.2,-42.0,4.076,5195.8,999.0,3,0.0,0.0,0.0,1,7,0.0,10,11,1,2
16670,45.0,2,999,0,1.4,94.465,-41.8,4.959,5228.1,999.0,0,1.0,0.0,1.0,2,5,0.0,7,6,1,1
16671,52.0,4,999,0,1.4,93.918,-42.7,4.958,5228.1,999.0,0,1.0,0.0,0.0,2,8,0.0,5,7,1,1
16672,29.0,1,999,0,1.4,94.465,-41.8,4.865,5228.1,999.0,0,1.0,0.0,1.0,2,6,0.0,7,6,2,1
16673,60.0,5,999,0,1.1,93.994,-36.4,4.858,5191.0,999.0,0,0.0,0.0,1.0,2,8,0.0,8,5,1,1
16674,31.0,1,999,0,-0.1,93.2,-42.0,4.191,5195.8,999.0,0,1.0,0.0,0.0,2,2,0.0,7,11,2,1
16675,31.0,4,999,0,-1.8,93.876,-40.0,0.695,5008.7,999.0,0,1.0,0.0,0.0,1,4,0.0,9,5,1,1
16676,28.0,4,999,0,1.1,93.994,-36.4,4.864,5191.0,999.0,0,1.0,0.0,1.0,2,5,0.0,9,5,1,1
16677,29.0,1,999,1,-1.8,93.075,-47.1,1.405,5099.1,999.0,3,1.0,1.0,0.0,1,7,0.0,7,4,1,2
16678,38.0,1,999,0,-0.1,93.2,-42.0,4.076,5195.8,999.0,0,0.0,0.0,0.0,2,6,0.0,3,11,1,1
16679,34.0,3,999,0,1.1,93.994,-36.4,4.857,5191.0,999.0,0,0.0,0.0,1.0,2,7,0.0,5,5,1,1
16680,61.0,2,999,0,-3.4,92.379,-29.8,0.803,5017.5,999.0,0,1.0,1.0,0.0,2,4,0.0,8,9,1,1
16681,37.0,4,999,0,-1.8,93.075,-47.1,1.405,5099.1,999.0,0,0.0,1.0,0.0,2,2,0.0,4,4,1,1
16682,50.0,1,999,0,1.4,93.444,-36.1,4.967,5228.1,999.0,0,0.0,1.0,0.0,3,5,0.0,6,8,1,1
16683,53.0,1,999,0,-1.8,93.075,-47.1,1.415,5099.1,999.0,0,0.0,0.0,0.0,2,8,0.0,8,4,1,1
16684,34.0,2,999,1,-0.1,93.2,-42.0,4.12,5195.8,999.0,0,1.0,0.0,0.0,1,5,0.0,9,11,1,2
16685,47.0,3,999,0,1.4,93.444,-36.1,4.968,5228.1,999.0,0,0.0,0.0,0.0,2,8,0.0,7,8,1,1
16686,56.0,1,999,0,1.4,93.444,-36.1,4.965,5228.1,999.0,0,1.0,0.0,0.0,2,6,0.0,6,8,1,1
16687,25.0,1,999,0,-1.8,92.893,-46.2,1.266,5099.1,999.0,0,1.0,0.0,0.0,1,8,0.0,5,5,1,1
16688,39.0,1,999,0,-1.8,92.893,-46.2,1.299,5099.1,999.0,0,0.0,0.0,0.0,2,5,0.0,9,5,2,1
16689,31.0,2,999,0,-1.8,92.893,-46.2,1.281,5099.1,999.0,0,1.0,0.0,0.0,2,8,0.0,9,5,1,1
16690,56.0,2,999,0,1.1,93.994,-36.4,4.856,5191.0,999.0,0,1.0,0.0,1.0,2,7,0.0,7,5,1,1
16691,35.0,1,999,1,-0.1,93.2,-42.0,4.12,5195.8,999.0,1,0.0,0.0,0.0,3,4,0.0,2,11,1,2
16692,42.0,2,999,0,-0.1,93.2,-42.0,4.191,5195.8,999.0,0,0.0,0.0,0.0,2,8,0.0,6,11,2,1
16693,31.0,4,999,0,-2.9,92.963,-40.8,1.26,5076.2,999.0,0,0.0,0.0,1.0,2,5,0.0,6,6,1,1
16694,59.0,1,999,0,1.4,94.465,-41.8,4.959,5228.1,999.0,0,0.0,0.0,1.0,2,7,0.0,7,6,1,1
16695,57.0,1,999,0,1.4,93.444,-36.1,4.964,5228.1,999.0,0,0.0,1.0,0.0,2,2,0.0,4,8,1,1
16696,60.0,2,2,1,-1.8,93.075,-47.1,1.365,5099.1,0.0666666666667,3,1.0,0.0,0.0,2,5,0.0,10,4,1,3
16697,54.0,8,999,0,1.4,94.465,-41.8,4.865,5228.1,999.0,0,1.0,1.0,1.0,3,8,0.0,7,6,2,1
16698,36.0,3,999,0,1.4,94.465,-41.8,4.959,5228.1,999.0,0,1.0,0.0,1.0,2,7,0.0,6,6,1,1
16699,72.0,3,999,0,-3.4,92.431,-26.9,0.722,5017.5,999.0,0,1.0,1.0,0.0,2,3,0.0,8,10,1,1
16700,31.0,2,999,1,-1.8,92.893,-46.2,1.266,5099.1,999.0,0,1.0,0.0,0.0,1,7,0.0,6,5,1,2
16701,31.0,3,999,0,1.4,94.465,-41.8,4.865,5228.1,999.0,0,1.0,0.0,1.0,2,5,0.0,9,6,2,1
16702,42.0,3,999,0,1.4,93.918,-42.7,4.961,5228.1,999.0,0,0.0,0.0,0.0,2,3,0.0,9,7,1,1
16703,31.0,2,999,0,1.1,93.994,-36.4,4.856,5191.0,999.0,0,1.0,1.0,1.0,3,8,0.0,4,5,1,1
16704,61.0,1,999,0,-3.4,92.649,-30.1,0.716,5017.5,999.0,0,1.0,0.0,0.0,2,2,0.0,8,11,1,1
16705,50.0,2,999,0,1.4,93.444,-36.1,4.965,5228.1,999.0,0,1.0,0.0,0.0,2,7,0.0,3,8,2,1
16706,40.0,2,999,0,1.4,93.918,-42.7,4.955,5228.1,999.0,0,1.0,0.0,1.0,2,4,0.0,4,7,1,1
16707,60.0,1,999,0,1.1,93.994,-36.4,4.855,5191.0,999.0,0,0.0,0.0,1.0,2,7,0.0,8,5,1,1
16708,35.0,1,999,0,-1.8,92.893,-46.2,1.327,5099.1,999.0,0,0.0,0.0,0.0,2,7,0.0,3,5,1,1
16709,50.0,5,999,0,1.4,93.918,-42.7,4.961,5228.1,999.0,0,1.0,0.0,0.0,1,8,0.0,5,7,1,1
16710,38.0,1,999,0,1.1,93.994,-36.4,4.857,5191.0,999.0,0,1.0,0.0,1.0,1,7,0.0,6,5,1,1
16711,47.0,1,999,0,-0.1,93.2,-42.0,4.12,5195.8,999.0,0,0.0,0.0,0.0,2,6,0.0,10,11,1,1
16712,31.0,1,999,0,-2.9,92.201,-31.4,0.849,5076.2,999.0,0,0.0,0.0,0.0,3,2,0.0,8,8,1,1
16713,44.0,14,999,0,1.4,94.465,-41.8,4.962,5228.1,999.0,0,0.0,1.0,1.0,2,8,0.0,7,6,1,1
16714,31.0,1,999,0,-3.4,92.379,-29.8,0.788,5017.5,999.0,0,0.0,0.0,0.0,2,2,0.0,8,9,1,1
16715,62.0,2,999,0,-1.7,94.215,-40.3,0.876,4991.6,999.0,0,0.0,0.0,0.0,2,5,0.0,8,7,1,1
16716,59.0,9,999,0,1.4,93.444,-36.1,4.965,5228.1,999.0,0,0.0,0.0,0.0,2,4,0.0,8,8,2,1
16717,55.0,4,999,0,1.4,93.918,-42.7,4.961,5228.1,999.0,0,0.0,0.0,0.0,2,3,0.0,4,7,1,1
16718,32.0,2,999,0,-3.4,92.379,-29.8,0.819,5017.5,999.0,0,1.0,0.0,0.0,1,7,0.0,6,9,1,1
16719,44.0,3,999,0,-1.8,92.893,-46.2,1.299,5099.1,999.0,0,1.0,0.0,0.0,1,8,0.0,6,5,2,1
16720,25.0,3,12,2,-1.8,92.893,-46.2,1.299,5099.1,0.4,4,0.0,1.0,0.0,1,7,0.0,5,5,2,2
16721,36.0,7,999,0,-1.8,92.893,-46.2,1.281,5099.1,999.0,0,0.0,0.0,0.0,1,8,0.0,9,5,1,1
16722,44.0,2,999,0,1.4,93.918,-42.7,4.962,5228.1,999.0,0,0.0,1.0,0.0,2,7,0.0,7,7,1,1
16723,41.0,2,999,0,1.4,93.918,-42.7,4.962,5228.1,999.0,0,0.0,0.0,1.0,2,4,0.0,6,7,1,1
16724,25.0,1,6,4,-1.1,94.601,-49.5,1.032,4963.6,0.2,16,1.0,0.0,0.0,1,8,0.0,11,10,2,3
16725,52.0,1,999,3,-3.4,92.649,-30.1,0.72,5017.5,999.0,3,1.0,0.0,0.0,3,7,0.0,6,11,1,2
16726,24.0,2,999,0,1.4,93.918,-42.7,4.963,5228.1,999.0,0,0.0,1.0,0.0,2,4,0.0,4,7,1,1
16727,29.0,2,999,0,1.1,93.994,-36.4,4.864,5191.0,999.0,0,0.0,0.0,1.0,2,5,0.0,9,5,1,1
16728,31.0,2,999,0,1.4,93.444,-36.1,4.964,5228.1,999.0,0,1.0,0.0,0.0,1,7,0.0,6,8,1,1
16729,25.0,5,999,0,1.4,93.918,-42.7,4.961,5228.1,999.0,0,1.0,0.0,0.0,1,8,0.0,6,7,1,1
16730,34.0,5,999,0,1.4,93.444,-36.1,4.968,5228.1,999.0,0,1.0,0.0,0.0,2,5,0.0,5,8,1,1
16731,51.0,2,999,0,-2.9,92.963,-40.8,1.268,5076.2,999.0,0,0.0,0.0,0.0,1,7,0.0,6,6,1,1
16732,31.0,1,999,0,1.1,93.994,-36.4,4.856,5191.0,999.0,0,1.0,0.0,1.0,2,8,0.0,9,5,1,1
16733,48.0,2,999,0,1.4,93.444,-36.1,4.97,5228.1,999.0,0,1.0,0.0,0.0,2,4,0.0,4,8,2,1
16734,42.0,9,999,0,1.4,94.465,-41.8,4.864,5228.1,999.0,0,1.0,1.0,1.0,2,2,0.0,4,6,1,1
16735,36.0,4,999,0,1.4,93.444,-36.1,4.966,5228.1,999.0,0,0.0,1.0,0.0,1,7,0.0,6,8,1,1
16736,71.0,1,999,0,-3.4,92.379,-29.8,0.788,5017.5,999.0,0,1.0,0.0,0.0,2,2,0.0,8,9,1,1
16737,31.0,3,999,1,-1.8,92.893,-46.2,1.244,5099.1,999.0,1,0.0,0.0,0.0,3,7,0.0,3,5,2,2
16738,39.0,3,999,0,1.1,93.994,-36.4,4.857,5191.0,999.0,0,1.0,0.0,1.0,2,3,0.0,5,5,1,1
16739,31.0,2,999,0,1.1,93.994,-36.4,4.857,5191.0,999.0,0,0.0,0.0,1.0,2,8,0.0,2,5,1,1
16740,33.0,3,999,0,-3.4,92.431,-26.9,0.733,5017.5,999.0,0,1.0,0.0,0.0,2,8,0.0,9,10,1,1
16741,36.0,2,999,0,-1.8,93.075,-47.1,1.405,5099.1,999.0,0,0.0,0.0,0.0,2,8,0.0,1,4,1,1
16742,50.0,1,999,0,1.1,93.994,-36.4,4.855,5191.0,999.0,0,1.0,0.0,1.0,2,5,0.0,5,5,1,1
16743,31.0,3,999,0,1.4,94.465,-41.8,4.96,5228.1,999.0,0,1.0,0.0,1.0,1,8,0.0,9,6,2,1
16744,32.0,2,999,0,-1.8,92.893,-46.2,1.313,5099.1,999.0,0,1.0,0.0,0.0,2,7,0.0,6,5,1,1
16745,30.0,4,999,0,-1.7,94.215,-40.3,0.87,4991.6,999.0,0,1.0,1.0,0.0,2,8,0.0,5,7,2,1
16746,30.0,1,999,0,-1.8,92.893,-46.2,1.299,5099.1,999.0,0,1.0,1.0,0.0,2,4,0.0,4,5,2,1
16747,33.0,1,999,0,-1.8,92.843,-50.0,1.51,5099.1,999.0,0,1.0,0.0,0.0,2,5,0.0,4,3,1,1
16748,31.0,2,999,0,-1.8,93.075,-47.1,1.405,5099.1,999.0,0,0.0,0.0,0.0,2,5,0.0,9,4,1,1
16749,43.0,1,999,0,-1.8,92.893,-46.2,1.25,5099.1,999.0,0,1.0,1.0,0.0,3,4,0.0,4,5,1,1
16750,45.0,2,999,0,1.4,93.918,-42.7,4.961,5228.1,999.0,0,1.0,0.0,0.0,3,6,0.0,7,7,1,1
16751,26.0,3,7,1,-3.4,92.649,-30.1,0.715,5017.5,0.233333333333,2,1.0,0.0,0.0,1,7,0.0,6,11,1,3
16752,55.0,3,999,0,1.4,94.465,-41.8,4.959,5228.1,999.0,0,1.0,0.0,1.0,2,5,0.0,6,6,1,1
16753,58.0,1,999,0,-2.9,92.963,-40.8,1.262,5076.2,999.0,0,0.0,1.0,0.0,3,8,0.0,8,6,1,1
16754,45.0,16,999,0,1.4,94.465,-41.8,4.864,5228.1,999.0,0,0.0,0.0,1.0,2,8,0.0,7,6,1,1
16755,31.0,2,999,0,1.4,93.444,-36.1,4.965,5228.1,999.0,0,0.0,0.0,0.0,2,5,0.0,5,8,1,1
16756,45.0,2,999,0,1.4,94.465,-41.8,4.959,5228.1,999.0,0,1.0,0.0,1.0,2,5,0.0,9,6,1,1
16757,40.0,1,999,1,-1.8,93.075,-47.1,1.466,5099.1,999.0,1,0.0,0.0,0.0,2,8,0.0,9,4,2,2
16758,36.0,3,999,0,1.1,93.994,-36.4,4.857,5191.0,999.0,0,0.0,0.0,1.0,2,7,0.0,7,5,1,1
16759,50.0,2,9,3,-1.1,94.767,-50.8,1.049,4963.6,0.3,3,1.0,0.0,0.0,3,6,0.0,4,11,1,3
16760,53.0,2,999,0,1.4,93.918,-42.7,4.962,5228.1,999.0,0,0.0,0.0,0.0,2,5,0.0,8,7,1,1
16761,31.0,3,999,0,1.4,93.444,-36.1,4.964,5228.1,999.0,0,1.0,1.0,1.0,2,6,0.0,5,8,1,1
16762,18.0,1,999,2,-1.8,93.876,-40.0,0.672,5008.7,999.0,6,0.0,0.0,1.0,1,8,0.0,11,5,1,2
16763,41.0,2,999,0,-2.9,92.963,-40.8,1.262,5076.2,999.0,0,0.0,0.0,0.0,2,8,0.0,5,6,1,1
16764,32.0,2,999,0,-0.1,93.2,-42.0,4.12,5195.8,999.0,0,1.0,0.0,1.0,1,7,0.0,9,11,1,1
16765,40.0,1,999,1,-1.8,93.075,-47.1,1.405,5099.1,999.0,3,1.0,0.0,0.0,1,6,0.0,5,4,2,2
16766,59.0,2,999,0,-1.8,93.369,-34.8,0.652,5008.7,999.0,0,1.0,0.0,0.0,2,2,0.0,4,3,2,1
16767,27.0,1,999,0,-1.1,94.767,-50.8,1.049,4963.6,999.0,0,0.0,1.0,0.0,1,8,0.0,11,11,1,1
16768,31.0,1,999,0,1.4,93.444,-36.1,4.965,5228.1,999.0,0,0.0,0.0,0.0,1,8,0.0,6,8,1,1
16769,41.0,3,999,0,1.1,93.994,-36.4,4.857,5191.0,999.0,0,0.0,0.0,1.0,2,8,0.0,7,5,1,1
16770,55.0,2,999,0,-0.1,93.2,-42.0,4.076,5195.8,999.0,0,1.0,0.0,0.0,3,4,0.0,4,11,1,1
16771,31.0,2,6,2,-1.7,94.215,-40.3,0.846,4991.6,0.2,6,0.0,0.0,0.0,3,2,0.0,8,7,1,3
16772,26.0,1,999,0,1.4,94.465,-41.8,4.864,5228.1,999.0,0,1.0,0.0,1.0,1,5,0.0,4,6,1,1
16773,44.0,4,999,0,1.4,93.918,-42.7,4.962,5228.1,999.0,0,1.0,1.0,0.0,2,8,0.0,6,7,2,1
16774,30.0,3,999,0,1.4,93.444,-36.1,4.965,5228.1,999.0,0,0.0,0.0,0.0,3,5,0.0,5,8,2,1
16775,55.0,2,999,0,1.1,93.994,-36.4,4.857,5191.0,999.0,0,1.0,0.0,1.0,2,4,0.0,4,5,2,1
16776,23.0,1,999,0,1.4,93.918,-42.7,4.958,5228.1,999.0,0,1.0,0.0,0.0,1,7,0.0,3,7,1,1
16777,31.0,2,999,0,1.4,93.444,-36.1,4.965,5228.1,999.0,0,1.0,0.0,0.0,1,8,0.0,6,8,1,1
16778,44.0,1,999,0,-1.8,92.893,-46.2,1.344,5099.1,999.0,0,1.0,1.0,0.0,2,4,0.0,4,5,1,1
16779,49.0,1,999,0,1.4,93.918,-42.7,4.968,5228.1,999.0,0,1.0,0.0,0.0,2,4,0.0,5,7,1,1
16780,36.0,1,999,0,1.1,93.994,-36.4,4.855,5191.0,999.0,0,1.0,0.0,1.0,2,8,0.0,9,5,1,1
16781,31.0,3,999,0,-1.8,92.893,-46.2,1.25,5099.1,999.0,0,1.0,1.0,0.0,1,8,0.0,5,5,1,1
16782,39.0,3,999,0,-0.1,93.2,-42.0,4.076,5195.8,999.0,0,1.0,1.0,0.0,2,6,0.0,7,11,1,1
16783,35.0,4,999,0,1.4,93.444,-36.1,4.97,5228.1,999.0,0,0.0,0.0,0.0,2,7,0.0,6,8,2,1
16784,31.0,2,999,0,1.4,93.918,-42.7,4.959,5228.1,999.0,0,1.0,0.0,0.0,2,8,0.0,8,7,1,1
16785,58.0,5,999,0,1.4,94.465,-41.8,4.958,5228.1,999.0,0,0.0,0.0,1.0,2,4,0.0,4,6,1,1
16786,34.0,5,999,0,1.4,93.918,-42.7,4.961,5228.1,999.0,0,0.0,0.0,0.0,3,6,0.0,5,7,1,1
16787,32.0,2,999,0,-1.8,92.893,-46.2,1.291,5099.1,999.0,0,1.0,0.0,0.0,2,7,0.0,6,5,1,1
16788,46.0,1,999,1,-0.1,93.2,-42.0,4.153,5195.8,999.0,1,1.0,0.0,0.0,2,4,0.0,5,11,1,2
16789,49.0,6,999,0,1.4,93.918,-42.7,4.961,5228.1,999.0,0,0.0,0.0,0.0,2,7,0.0,6,7,1,1
16790,53.0,1,999,0,1.4,93.918,-42.7,4.968,5228.1,999.0,0,1.0,0.0,1.0,2,6,0.0,5,7,1,1
16791,31.0,1,999,0,1.1,93.994,-36.4,4.856,5191.0,999.0,0,0.0,1.0,1.0,2,7,0.0,8,5,1,1
16792,30.0,14,999,0,1.4,94.465,-41.8,4.959,5228.1,999.0,0,1.0,0.0,1.0,2,4,0.0,4,6,1,1
16793,30.0,2,999,0,-1.8,92.893,-46.2,1.313,5099.1,999.0,0,0.0,0.0,0.0,1,5,0.0,9,5,1,1
16794,31.0,11,999,0,-1.8,92.893,-46.2,1.281,5099.1,999.0,0,1.0,0.0,0.0,1,6,0.0,5,5,1,1
16795,36.0,2,999,0,-0.1,93.2,-42.0,4.076,5195.8,999.0,0,1.0,0.0,0.0,2,4,0.0,1,11,1,1
16796,37.0,3,999,0,1.4,93.444,-36.1,4.964,5228.1,999.0,0,1.0,0.0,0.0,1,7,0.0,5,8,1,1
16797,26.0,1,999,0,-3.0,92.713,-33.0,0.709,5023.5,999.0,0,0.0,0.0,1.0,1,7,0.0,11,12,2,1
16798,28.0,3,999,0,1.4,93.918,-42.7,4.958,5228.1,999.0,0,1.0,0.0,0.0,1,4,0.0,9,7,1,1
16799,60.0,1,6,1,-1.1,94.199,-37.5,0.879,4963.6,0.2,0,1.0,1.0,0.0,2,8,0.0,6,9,1,3
16800,31.0,4,999,0,1.4,94.465,-41.8,4.967,5228.1,999.0,0,0.0,0.0,1.0,2,5,0.0,6,6,1,1
16801,31.0,2,999,0,-1.8,92.893,-46.2,1.327,5099.1,999.0,0,0.0,1.0,0.0,1,4,0.0,4,5,1,1
16802,39.0,1,999,0,-1.8,93.075,-47.1,1.405,5099.1,999.0,0,1.0,1.0,0.0,2,7,0.0,3,4,1,1
16803,37.0,1,999,1,-1.8,92.893,-46.2,1.313,5099.1,999.0,2,0.0,0.0,0.0,2,3,0.0,4,5,1,2
16804,29.0,1,999,0,1.4,94.465,-41.8,4.959,5228.1,999.0,0,0.0,0.0,1.0,2,7,0.0,6,6,1,1
16805,31.0,2,999,0,1.4,93.918,-42.7,4.958,5228.1,999.0,0,0.0,0.0,0.0,2,8,0.0,4,7,1,1
16806,34.0,2,999,0,-1.7,94.027,-38.3,0.896,4991.6,999.0,0,0.0,0.0,0.0,1,4,0.0,5,8,2,1
16807,25.0,1,999,0,1.4,93.918,-42.7,4.963,5228.1,999.0,0,1.0,0.0,0.0,1,6,0.0,5,7,1,1
16808,47.0,1,999,1,-1.8,92.893,-46.2,1.344,5099.1,999.0,0,1.0,0.0,0.0,2,5,0.0,9,5,1,2
16809,31.0,2,999,0,1.4,93.918,-42.7,4.961,5228.1,999.0,0,1.0,0.0,0.0,2,4,0.0,6,7,1,1
16810,31.0,2,999,0,1.4,94.465,-41.8,4.961,5228.1,999.0,0,1.0,0.0,1.0,2,8,0.0,9,6,1,1
16811,35.0,1,999,0,1.4,93.444,-36.1,4.965,5228.1,999.0,0,1.0,1.0,0.0,2,8,0.0,3,8,1,1
16812,42.0,3,999,0,-1.8,93.075,-47.1,1.405,5099.1,999.0,0,1.0,0.0,0.0,2,5,0.0,4,4,2,1
16813,45.0,2,999,0,1.4,93.444,-36.1,4.965,5228.1,999.0,0,1.0,0.0,0.0,3,8,0.0,5,8,2,1
16814,25.0,2,999,0,-2.9,92.963,-40.8,1.262,5076.2,999.0,0,1.0,0.0,0.0,1,8,0.0,6,6,1,1
16815,50.0,2,999,0,-1.8,92.843,-50.0,1.64,5099.1,999.0,0,0.0,0.0,0.0,4,8,0.0,10,3,1,1
16816,31.0,2,999,0,-1.8,93.075,-47.1,1.365,5099.1,999.0,0,1.0,1.0,0.0,1,5,0.0,6,4,1,1
16817,48.0,1,999,0,-2.9,92.201,-31.4,0.879,5076.2,999.0,0,0.0,0.0,0.0,3,5,0.0,7,8,1,1
16818,37.0,2,999,0,-1.8,93.075,-47.1,1.405,5099.1,999.0,0,1.0,1.0,0.0,2,5,0.0,9,4,1,1
16819,31.0,1,999,0,1.4,93.918,-42.7,4.963,5228.1,999.0,0,1.0,1.0,0.0,2,5,0.0,6,7,1,1
16820,31.0,2,6,1,-3.4,92.431,-26.9,0.737,5017.5,0.2,3,1.0,0.0,0.0,2,8,0.0,6,10,1,3
16821,34.0,1,999,0,-1.8,92.843,-50.0,1.726,5099.1,999.0,0,1.0,1.0,0.0,1,8,0.0,5,3,1,1
16822,35.0,1,999,0,-1.8,93.075,-47.1,1.423,5099.1,999.0,0,0.0,0.0,0.0,2,8,0.0,6,4,1,1
16823,57.0,3,999,0,-1.8,92.893,-46.2,1.354,5099.1,999.0,0,1.0,0.0,0.0,2,7,0.0,1,5,2,1
16824,29.0,1,999,0,1.1,93.994,-36.4,4.859,5191.0,999.0,0,0.0,1.0,1.0,2,8,0.0,4,5,1,1
16825,28.0,4,999,0,1.4,94.465,-41.8,4.967,5228.1,999.0,0,0.0,0.0,1.0,2,4,0.0,4,6,1,1
16826,35.0,1,999,0,1.1,93.994,-36.4,4.859,5191.0,999.0,0,0.0,0.0,1.0,2,8,0.0,5,5,1,1
16827,31.0,1,999,0,-3.4,92.431,-26.9,0.739,5017.5,999.0,0,0.0,0.0,0.0,1,7,0.0,6,10,1,1
16828,34.0,1,999,1,-3.4,92.649,-30.1,0.714,5017.5,999.0,6,1.0,0.0,0.0,2,6,0.0,5,11,1,2
16829,48.0,3,999,0,1.4,94.465,-41.8,4.958,5228.1,999.0,0,1.0,0.0,1.0,2,8,0.0,3,6,1,1
16830,18.0,1,999,0,-3.4,92.379,-29.8,0.809,5017.5,999.0,0,1.0,0.0,0.0,1,8,0.0,11,9,1,1
16831,28.0,4,999,0,-1.8,92.893,-46.2,1.291,5099.1,999.0,0,1.0,0.0,0.0,1,8,0.0,9,5,1,1
16832,36.0,1,999,0,1.1,93.994,-36.4,4.858,5191.0,999.0,0,1.0,0.0,1.0,1,7,0.0,11,5,1,1
16833,53.0,6,999,0,1.4,93.444,-36.1,4.964,5228.1,999.0,0,1.0,0.0,0.0,2,2,0.0,12,8,1,1
16834,53.0,1,999,0,1.4,93.444,-36.1,4.963,5228.1,999.0,0,1.0,0.0,0.0,2,8,0.0,4,8,1,1
16835,24.0,2,999,0,-1.8,92.893,-46.2,1.266,5099.1,999.0,0,1.0,0.0,0.0,1,8,0.0,4,5,1,1
16836,33.0,1,999,0,1.4,94.465,-41.8,4.962,5228.1,999.0,0,0.0,1.0,1.0,1,5,0.0,6,6,1,1
16837,31.0,10,999,0,1.1,93.994,-36.4,4.857,5191.0,999.0,0,1.0,1.0,1.0,2,8,0.0,7,5,1,1
16838,33.0,2,999,1,-0.1,93.2,-42.0,4.021,5195.8,999.0,1,1.0,0.0,0.0,1,8,0.0,11,11,1,2
16839,52.0,1,999,1,-1.8,92.893,-46.2,1.334,5099.1,999.0,4,0.0,0.0,0.0,3,7,0.0,3,5,1,2
16840,57.0,1,999,0,1.1,93.994,-36.4,4.857,5191.0,999.0,0,1.0,1.0,1.0,1,8,0.0,8,5,2,1
16841,31.0,1,999,0,-1.8,93.075,-47.1,1.405,5099.1,999.0,0,1.0,0.0,0.0,2,4,0.0,4,4,2,1
16842,28.0,1,999,0,-1.8,93.075,-47.1,1.365,5099.1,999.0,0,0.0,1.0,1.0,1,7,0.0,6,4,1,1
16843,52.0,1,999,0,1.4,93.444,-36.1,4.968,5228.1,999.0,0,0.0,0.0,0.0,3,6,0.0,5,8,1,1
16844,31.0,2,999,0,1.4,94.465,-41.8,4.959,5228.1,999.0,0,1.0,0.0,1.0,2,8,0.0,7,6,1,1
16845,27.0,3,999,0,-1.8,92.893,-46.2,1.299,5099.1,999.0,0,1.0,0.0,0.0,2,2,0.0,4,5,2,1
16846,31.0,1,999,0,1.4,94.465,-41.8,4.958,5228.1,999.0,0,1.0,0.0,1.0,1,7,0.0,6,6,1,1
16847,33.0,3,999,0,-1.8,92.893,-46.2,1.327,5099.1,999.0,0,0.0,0.0,0.0,2,8,0.0,5,5,1,1
16848,38.0,1,999,0,-1.8,92.893,-46.2,1.344,5099.1,999.0,0,1.0,0.0,0.0,3,4,0.0,4,5,1,1
16849,63.0,1,999,0,-2.9,92.201,-31.4,0.838,5076.2,999.0,0,1.0,0.0,0.0,2,8,0.0,5,8,1,1
16850,30.0,1,999,0,1.4,93.444,-36.1,4.963,5228.1,999.0,0,1.0,0.0,0.0,2,6,0.0,5,8,1,1
16851,51.0,4,999,0,1.1,93.994,-36.4,4.857,5191.0,999.0,0,0.0,0.0,1.0,1,3,0.0,6,5,1,1
16852,26.0,1,6,3,-1.8,93.369,-34.8,0.649,5008.7,0.2,3,0.0,0.0,0.0,1,5,0.0,11,3,1,3
16853,28.0,2,999,0,1.1,93.994,-36.4,4.86,5191.0,999.0,0,0.0,1.0,1.0,3,5,0.0,6,5,1,1
16854,31.0,6,999,0,-1.8,92.893,-46.2,1.291,5099.1,999.0,0,1.0,0.0,0.0,2,8,0.0,9,5,1,1
16855,48.0,2,999,0,1.1,93.994,-36.4,4.857,5191.0,999.0,0,0.0,0.0,1.0,3,2,0.0,4,5,1,1
16856,31.0,1,999,0,1.4,93.918,-42.7,4.963,5228.1,999.0,0,0.0,0.0,0.0,2,8,0.0,4,7,1,1
16857,58.0,2,999,0,1.4,93.918,-42.7,4.963,5228.1,999.0,0,0.0,0.0,0.0,3,6,0.0,8,7,1,1
16858,27.0,2,999,0,1.4,93.918,-42.7,4.962,5228.1,999.0,0,0.0,0.0,0.0,1,8,0.0,9,7,1,1
16859,39.0,2,999,0,1.4,93.444,-36.1,4.97,5228.1,999.0,0,0.0,1.0,0.0,2,8,0.0,2,8,2,1
16860,31.0,3,999,0,1.4,94.465,-41.8,4.961,5228.1,999.0,0,0.0,0.0,1.0,2,5,0.0,6,6,2,1
16861,33.0,2,999,1,-1.8,92.893,-46.2,1.291,5099.1,999.0,0,1.0,0.0,0.0,1,2,0.0,4,5,1,2
16862,42.0,1,999,0,1.4,93.444,-36.1,4.964,5228.1,999.0,0,1.0,0.0,0.0,2,6,0.0,5,8,1,1
16863,33.0,6,999,0,-0.1,93.2,-42.0,4.076,5195.8,999.0,0,0.0,0.0,0.0,2,5,0.0,9,11,1,1
16864,30.0,1,999,1,-1.8,92.893,-46.2,1.244,5099.1,999.0,3,1.0,1.0,0.0,2,4,0.0,6,5,2,2
16865,43.0,4,999,0,1.1,93.994,-36.4,4.856,5191.0,999.0,0,0.0,0.0,1.0,2,7,0.0,6,5,1,1
16866,25.0,2,999,0,1.4,94.465,-41.8,4.962,5228.1,999.0,0,0.0,0.0,1.0,1,8,0.0,4,6,1,1
16867,40.0,2,999,0,-1.8,93.075,-47.1,1.405,5099.1,999.0,0,1.0,0.0,0.0,2,4,0.0,7,4,1,1
16868,28.0,1,999,0,-1.8,93.075,-47.1,1.405,5099.1,999.0,0,1.0,0.0,1.0,2,7,0.0,11,4,1,1
16869,32.0,2,999,0,-3.0,92.713,-33.0,0.707,5023.5,999.0,0,1.0,0.0,0.0,1,8,0.0,6,12,1,1
16870,32.0,1,999,0,1.4,94.465,-41.8,4.947,5228.1,999.0,0,1.0,0.0,1.0,3,6,0.0,1,6,2,1
16871,30.0,1,999,0,-1.8,93.075,-47.1,1.435,5099.1,999.0,0,0.0,0.0,0.0,1,7,0.0,1,4,1,1
16872,42.0,4,999,0,-1.8,92.893,-46.2,1.244,5099.1,999.0,0,1.0,0.0,0.0,3,5,0.0,9,5,2,1
16873,41.0,3,999,0,1.4,93.918,-42.7,4.959,5228.1,999.0,0,1.0,0.0,0.0,2,7,0.0,3,7,1,1
16874,43.0,2,999,0,1.1,93.994,-36.4,4.86,5191.0,999.0,0,1.0,0.0,1.0,2,8,0.0,6,5,1,1
16875,31.0,6,999,0,1.4,93.444,-36.1,4.962,5228.1,999.0,0,1.0,0.0,0.0,3,6,0.0,5,8,1,1
16876,40.0,1,999,0,1.4,93.444,-36.1,4.966,5228.1,999.0,0,1.0,0.0,0.0,2,7,0.0,6,8,1,1
16877,25.0,2,999,0,1.4,93.918,-42.7,4.963,5228.1,999.0,0,0.0,0.0,1.0,2,7,0.0,10,7,1,1
16878,32.0,1,999,0,1.4,93.918,-42.7,4.963,5228.1,999.0,0,1.0,0.0,0.0,2,8,0.0,4,7,1,1
16879,53.0,1,999,0,1.1,93.994,-36.4,4.86,5191.0,999.0,0,1.0,0.0,1.0,2,7,0.0,6,5,1,1
16880,31.0,1,999,0,1.1,93.994,-36.4,4.86,5191.0,999.0,0,0.0,0.0,1.0,2,3,0.0,4,5,1,1
16881,36.0,1,999,0,1.4,93.444,-36.1,4.963,5228.1,999.0,0,1.0,0.0,0.0,2,6,0.0,4,8,1,1
16882,34.0,1,999,0,-1.8,93.075,-47.1,1.498,5099.1,999.0,0,0.0,0.0,0.0,1,8,0.0,4,4,1,1
16883,54.0,2,999,0,1.4,93.444,-36.1,4.97,5228.1,999.0,0,1.0,0.0,0.0,2,8,0.0,5,8,2,1
16884,43.0,3,999,0,1.4,93.918,-42.7,4.962,5228.1,999.0,0,0.0,1.0,0.0,2,8,0.0,6,7,2,1
16885,46.0,1,999,0,1.4,93.444,-36.1,4.965,5228.1,999.0,0,0.0,0.0,0.0,2,4,0.0,4,8,1,1
16886,31.0,1,999,1,-1.1,94.767,-50.8,1.05,4963.6,999.0,0,0.0,0.0,0.0,2,8,0.0,6,11,2,2
16887,31.0,3,999,0,1.1,93.994,-36.4,4.864,5191.0,999.0,0,0.0,0.0,1.0,2,7,0.0,6,5,1,1
16888,34.0,3,999,0,-1.8,93.075,-47.1,1.445,5099.1,999.0,0,1.0,0.0,0.0,2,8,0.0,9,4,1,1
16889,34.0,2,999,0,1.4,93.444,-36.1,4.962,5228.1,999.0,0,1.0,0.0,1.0,2,8,0.0,5,8,1,1
16890,31.0,2,999,0,1.4,93.918,-42.7,4.962,5228.1,999.0,0,1.0,0.0,0.0,1,8,0.0,6,7,1,1
16891,39.0,1,999,0,1.4,93.918,-42.7,4.963,5228.1,999.0,0,0.0,0.0,0.0,2,2,0.0,10,7,1,1
16892,30.0,2,999,0,1.4,93.444,-36.1,4.964,5228.1,999.0,0,0.0,0.0,0.0,1,6,0.0,5,8,1,1
16893,37.0,2,999,0,-1.8,92.893,-46.2,1.344,5099.1,999.0,0,0.0,0.0,0.0,3,8,0.0,9,5,1,1
16894,40.0,1,999,0,-0.1,93.2,-42.0,4.191,5195.8,999.0,0,1.0,0.0,0.0,1,8,0.0,6,11,1,1
16895,31.0,3,999,0,1.1,93.994,-36.4,4.856,5191.0,999.0,0,1.0,0.0,1.0,2,4,0.0,4,5,1,1
16896,34.0,1,999,0,-1.8,93.876,-40.0,0.699,5008.7,999.0,0,1.0,0.0,1.0,2,8,0.0,5,5,1,1
16897,37.0,3,999,0,1.1,93.994,-36.4,4.857,5191.0,999.0,0,1.0,0.0,1.0,2,4,0.0,5,5,2,1
16898,31.0,3,999,0,-0.1,93.2,-42.0,4.076,5195.8,999.0,0,0.0,0.0,0.0,2,8,0.0,9,11,1,1
16899,46.0,3,999,0,1.1,93.994,-36.4,4.856,5191.0,999.0,0,0.0,0.0,1.0,2,8,0.0,4,5,1,1
16900,57.0,1,999,0,-0.1,93.2,-42.0,4.021,5195.8,999.0,0,1.0,1.0,0.0,3,7,0.0,6,11,1,1
16901,31.0,2,999,0,1.4,94.465,-41.8,4.864,5228.1,999.0,0,0.0,0.0,1.0,2,8,0.0,5,6,1,1
16902,35.0,3,999,0,-1.8,92.893,-46.2,1.27,5099.1,999.0,0,0.0,0.0,0.0,2,7,0.0,6,5,1,1
16903,44.0,2,999,0,1.4,93.444,-36.1,4.963,5228.1,999.0,0,1.0,1.0,0.0,2,3,0.0,4,8,1,1
16904,59.0,2,999,0,1.4,93.918,-42.7,4.961,5228.1,999.0,0,0.0,0.0,0.0,2,2,0.0,2,7,1,1
16905,44.0,3,999,0,-0.1,93.2,-42.0,4.021,5195.8,999.0,0,1.0,0.0,0.0,2,3,0.0,4,11,1,1
16906,32.0,1,999,0,1.4,94.465,-41.8,4.864,5228.1,999.0,0,0.0,0.0,1.0,1,7,0.0,4,6,1,1
16907,31.0,1,999,0,1.4,94.465,-41.8,4.962,5228.1,999.0,0,1.0,0.0,1.0,1,5,0.0,9,6,1,1
16908,31.0,4,999,0,1.4,93.918,-42.7,4.962,5228.1,999.0,0,0.0,0.0,0.0,2,8,0.0,8,7,2,1
16909,31.0,1,999,0,-1.8,92.843,-50.0,1.799,5099.1,999.0,0,1.0,0.0,0.0,2,6,0.0,5,3,1,1
16910,31.0,1,999,1,-1.8,92.893,-46.2,1.266,5099.1,999.0,2,0.0,0.0,0.0,1,5,0.0,4,5,1,2
16911,48.0,1,999,0,1.1,93.994,-36.4,4.856,5191.0,999.0,0,1.0,0.0,1.0,2,8,0.0,4,5,1,1
16912,34.0,1,999,0,-1.8,92.843,-50.0,1.726,5099.1,999.0,0,1.0,0.0,0.0,1,8,0.0,5,3,1,1
16913,32.0,2,999,0,1.4,94.465,-41.8,4.866,5228.1,999.0,0,0.0,0.0,1.0,1,8,0.0,2,6,1,1
16914,31.0,2,999,1,-0.1,93.2,-42.0,4.021,5195.8,999.0,2,0.0,0.0,0.0,2,8,0.0,6,11,1,2
16915,52.0,1,999,0,1.4,93.918,-42.7,4.962,5228.1,999.0,0,0.0,1.0,0.0,2,7,0.0,6,7,1,1
16916,31.0,2,999,0,-0.1,93.2,-42.0,4.076,5195.8,999.0,0,0.0,0.0,1.0,2,6,0.0,5,11,1,1
16917,31.0,1,999,0,1.1,93.994,-36.4,4.855,5191.0,999.0,0,1.0,1.0,1.0,2,8,0.0,6,5,1,1
16918,26.0,4,999,0,1.4,93.918,-42.7,4.962,5228.1,999.0,0,0.0,0.0,0.0,1,5,0.0,6,7,2,1
16919,25.0,2,999,0,1.4,93.918,-42.7,4.96,5228.1,999.0,0,1.0,0.0,0.0,1,5,0.0,9,7,2,1
16920,42.0,2,999,0,-1.8,93.075,-47.1,1.405,5099.1,999.0,0,0.0,0.0,0.0,1,5,0.0,6,4,1,1
16921,41.0,4,999,0,1.4,93.918,-42.7,4.957,5228.1,999.0,0,0.0,0.0,0.0,2,4,0.0,1,7,1,1
16922,32.0,1,999,0,-0.1,93.2,-42.0,4.076,5195.8,999.0,0,1.0,0.0,0.0,2,7,0.0,5,11,1,1
16923,54.0,3,999,0,1.4,93.444,-36.1,4.964,5228.1,999.0,0,1.0,0.0,0.0,2,6,0.0,5,8,1,1
16924,41.0,5,999,0,1.4,93.444,-36.1,4.963,5228.1,999.0,0,1.0,0.0,0.0,1,6,0.0,5,8,1,1
16925,51.0,2,999,0,1.4,94.465,-41.8,4.967,5228.1,999.0,0,0.0,0.0,1.0,2,8,0.0,1,6,1,1
16926,31.0,1,999,0,1.4,93.444,-36.1,4.963,5228.1,999.0,0,1.0,0.0,0.0,2,5,0.0,6,8,1,1
16927,46.0,1,999,1,-0.1,93.2,-42.0,4.191,5195.8,999.0,4,1.0,0.0,0.0,2,5,0.0,5,11,2,2
16928,36.0,1,999,0,1.4,94.465,-41.8,4.962,5228.1,999.0,0,1.0,0.0,1.0,2,5,0.0,6,6,1,1
16929,37.0,1,999,0,-0.1,93.2,-42.0,4.12,5195.8,999.0,0,1.0,0.0,0.0,1,8,0.0,9,11,1,1
16930,35.0,2,999,0,1.1,93.994,-36.4,4.855,5191.0,999.0,0,1.0,0.0,1.0,2,4,0.0,4,5,1,1
16931,40.0,3,999,0,1.1,93.994,-36.4,4.857,5191.0,999.0,0,0.0,0.0,1.0,3,5,0.0,10,5,1,1
16932,24.0,4,999,0,1.4,93.918,-42.7,4.957,5228.1,999.0,0,1.0,0.0,0.0,1,8,0.0,6,7,1,1
16933,37.0,1,999,0,1.4,94.465,-41.8,4.961,5228.1,999.0,0,0.0,0.0,1.0,2,8,0.0,5,6,1,1
16934,31.0,3,999,1,-0.1,93.2,-42.0,4.12,5195.8,999.0,2,0.0,0.0,0.0,2,8,0.0,9,11,1,2
16935,50.0,2,999,0,-3.0,92.713,-33.0,0.718,5023.5,999.0,0,1.0,0.0,1.0,1,5,0.0,6,12,1,1
16936,39.0,1,999,0,1.1,93.994,-36.4,4.856,5191.0,999.0,0,0.0,0.0,1.0,1,8,0.0,6,5,1,1
16937,36.0,1,999,0,-1.8,92.893,-46.2,1.313,5099.1,999.0,0,0.0,0.0,0.0,2,5,0.0,9,5,1,1
16938,31.0,4,999,0,1.1,93.994,-36.4,4.86,5191.0,999.0,0,1.0,1.0,1.0,1,5,0.0,4,5,1,1
16939,34.0,2,999,0,1.4,93.918,-42.7,4.962,5228.1,999.0,0,0.0,0.0,0.0,1,7,0.0,5,7,1,1
16940,36.0,2,999,1,-0.1,93.2,-42.0,4.153,5195.8,999.0,2,1.0,0.0,0.0,3,2,0.0,2,11,1,2
16941,46.0,1,999,0,1.4,93.918,-42.7,4.957,5228.1,999.0,0,0.0,0.0,0.0,2,2,0.0,4,7,1,1
16942,31.0,11,999,0,-1.8,92.843,-50.0,1.64,5099.1,999.0,0,0.0,0.0,0.0,1,7,0.0,11,3,1,1
16943,51.0,2,999,0,1.1,93.994,-36.4,4.859,5191.0,999.0,0,0.0,0.0,1.0,2,4,0.0,4,5,1,1
16944,80.0,4,999,0,-1.1,94.199,-37.5,0.879,4963.6,999.0,0,1.0,0.0,1.0,3,8,0.0,8,9,1,1
16945,31.0,14,999,0,1.4,93.918,-42.7,4.962,5228.1,999.0,0,0.0,0.0,1.0,1,5,0.0,9,7,1,1
16946,60.0,1,4,2,-1.7,94.215,-40.3,0.782,4991.6,0.133333333333,6,1.0,1.0,0.0,2,8,0.0,3,7,1,3
16947,31.0,1,999,1,-1.8,93.075,-47.1,1.453,5099.1,999.0,2,1.0,0.0,0.0,2,4,0.0,4,4,1,2
16948,36.0,2,999,0,1.4,94.465,-41.8,4.959,5228.1,999.0,0,1.0,0.0,1.0,1,7,0.0,10,6,1,1
16949,28.0,2,999,0,-1.8,92.893,-46.2,1.281,5099.1,999.0,0,0.0,0.0,0.0,2,8,0.0,6,5,1,1
16950,31.0,1,999,0,1.4,93.444,-36.1,4.964,5228.1,999.0,0,1.0,1.0,0.0,2,7,0.0,6,8,1,1
16951,29.0,1,999,0,1.1,93.994,-36.4,4.86,5191.0,999.0,0,0.0,0.0,1.0,1,8,0.0,6,5,1,1
16952,31.0,2,999,0,1.1,93.994,-36.4,4.856,5191.0,999.0,0,1.0,0.0,1.0,2,7,0.0,3,5,1,1
16953,33.0,1,999,1,-1.8,92.893,-46.2,1.344,5099.1,999.0,2,1.0,0.0,0.0,2,5,0.0,6,5,1,2
16954,49.0,1,999,0,-1.8,92.893,-46.2,1.299,5099.1,999.0,0,1.0,0.0,0.0,1,2,0.0,4,5,2,1
16955,31.0,1,4,1,-2.9,92.201,-31.4,0.873,5076.2,0.133333333333,1,1.0,0.0,0.0,2,8,0.0,6,8,1,3
16956,37.0,1,999,0,-3.4,92.649,-30.1,0.722,5017.5,999.0,0,1.0,1.0,0.0,2,8,0.0,6,11,2,1
16957,24.0,1,999,0,-1.8,92.893,-46.2,1.281,5099.1,999.0,0,1.0,0.0,0.0,1,8,0.0,4,5,1,1
16958,33.0,2,999,0,1.4,94.465,-41.8,4.865,5228.1,999.0,0,1.0,0.0,1.0,1,8,0.0,9,6,2,1
16959,50.0,3,999,0,1.4,93.444,-36.1,4.965,5228.1,999.0,0,0.0,0.0,0.0,2,7,0.0,6,8,1,1
16960,31.0,5,999,0,1.4,93.918,-42.7,4.968,5228.1,999.0,0,0.0,0.0,0.0,2,8,0.0,1,7,1,1
16961,46.0,1,999,0,-2.9,92.201,-31.4,0.881,5076.2,999.0,0,1.0,0.0,0.0,2,5,0.0,2,8,1,1
16962,31.0,7,999,1,-1.8,92.893,-46.2,1.25,5099.1,999.0,0,1.0,1.0,0.0,1,8,0.0,6,5,1,2
16963,39.0,1,999,0,-1.8,92.893,-46.2,1.327,5099.1,999.0,0,1.0,0.0,0.0,2,7,0.0,3,5,1,1
16964,36.0,1,999,0,-1.8,92.893,-46.2,1.266,5099.1,999.0,0,0.0,0.0,0.0,2,8,0.0,6,5,1,1
16965,36.0,1,999,0,1.4,93.444,-36.1,4.966,5228.1,999.0,0,0.0,0.0,0.0,2,8,0.0,6,8,1,1
16966,32.0,1,999,0,-1.8,92.893,-46.2,1.299,5099.1,999.0,0,1.0,0.0,0.0,2,4,0.0,4,5,2,1
16967,38.0,1,999,0,1.1,93.994,-36.4,4.857,5191.0,999.0,0,0.0,0.0,1.0,1,7,0.0,6,5,1,1
16968,54.0,3,999,0,1.1,93.994,-36.4,4.857,5191.0,999.0,0,1.0,0.0,1.0,3,8,0.0,3,5,2,1
16969,43.0,3,999,0,-1.8,93.075,-47.1,1.405,5099.1,999.0,0,1.0,0.0,0.0,3,7,0.0,6,4,1,1
16970,31.0,2,999,0,1.1,93.994,-36.4,4.857,5191.0,999.0,0,0.0,0.0,1.0,2,5,0.0,4,5,1,1
16971,36.0,3,999,0,1.4,93.444,-36.1,4.965,5228.1,999.0,0,0.0,0.0,0.0,2,7,0.0,6,8,2,1
16972,40.0,2,999,0,1.4,94.465,-41.8,4.864,5228.1,999.0,0,1.0,0.0,1.0,1,8,0.0,6,6,1,1
16973,32.0,2,999,0,1.4,94.465,-41.8,4.961,5228.1,999.0,0,0.0,0.0,1.0,1,8,0.0,6,6,2,1
16974,28.0,1,999,0,1.1,93.994,-36.4,4.857,5191.0,999.0,0,0.0,0.0,1.0,2,8,0.0,6,5,1,1
16975,23.0,1,999,0,-1.8,93.075,-47.1,1.365,5099.1,999.0,0,1.0,0.0,0.0,1,5,0.0,6,4,1,1
16976,35.0,1,999,0,-1.8,92.893,-46.2,1.327,5099.1,999.0,0,1.0,1.0,0.0,2,7,0.0,6,5,1,1
16977,31.0,1,999,0,1.4,93.918,-42.7,4.96,5228.1,999.0,0,1.0,1.0,0.0,1,8,0.0,4,7,2,1
16978,31.0,1,999,0,-1.8,92.893,-46.2,1.281,5099.1,999.0,0,0.0,1.0,0.0,1,5,0.0,6,5,1,1
16979,46.0,3,999,0,1.4,93.444,-36.1,4.964,5228.1,999.0,0,0.0,0.0,0.0,2,7,0.0,1,8,1,1
16980,57.0,5,999,0,1.4,93.918,-42.7,4.962,5228.1,999.0,0,1.0,0.0,0.0,2,8,0.0,4,7,1,1
16981,31.0,1,999,0,-1.7,94.027,-38.3,0.903,4991.6,999.0,0,1.0,0.0,1.0,1,8,0.0,9,8,1,1
16982,31.0,1,999,0,-0.1,93.2,-42.0,4.191,5195.8,999.0,0,1.0,0.0,0.0,2,4,0.0,10,11,2,1
16983,31.0,4,999,0,1.4,94.465,-41.8,4.967,5228.1,999.0,0,0.0,1.0,1.0,2,3,0.0,12,6,1,1
16984,46.0,1,999,0,1.4,93.444,-36.1,4.964,5228.1,999.0,0,0.0,0.0,0.0,2,8,0.0,5,8,1,1
16985,36.0,1,999,0,-1.8,92.893,-46.2,1.313,5099.1,999.0,0,0.0,0.0,0.0,2,8,0.0,4,5,1,1
16986,36.0,4,999,0,-1.8,92.893,-46.2,1.25,5099.1,999.0,0,1.0,0.0,0.0,2,6,0.0,5,5,1,1
16987,31.0,3,999,0,-1.8,92.893,-46.2,1.327,5099.1,999.0,0,1.0,0.0,0.0,1,7,0.0,6,5,1,1
16988,61.0,1,3,2,-3.4,92.379,-29.8,0.797,5017.5,0.1,0,0.0,0.0,0.0,2,7,0.0,8,9,2,3
16989,23.0,2,999,0,1.4,93.918,-42.7,4.963,5228.1,999.0,0,1.0,0.0,0.0,1,8,0.0,6,7,1,1
16990,33.0,1,999,0,1.1,93.994,-36.4,4.856,5191.0,999.0,0,0.0,0.0,1.0,1,5,0.0,5,5,1,1
16991,56.0,15,999,0,1.1,93.994,-36.4,4.859,5191.0,999.0,0,1.0,0.0,1.0,2,8,0.0,12,5,1,1
16992,50.0,8,999,0,-1.8,92.893,-46.2,1.299,5099.1,999.0,0,1.0,1.0,1.0,2,8,0.0,4,5,2,1
16993,31.0,1,999,0,-0.1,93.2,-42.0,4.076,5195.8,999.0,0,0.0,0.0,0.0,1,5,0.0,9,11,1,1
16994,56.0,5,999,0,1.4,93.918,-42.7,4.961,5228.1,999.0,0,0.0,0.0,0.0,2,2,0.0,4,7,1,1
16995,31.0,2,999,0,-3.4,92.649,-30.1,0.715,5017.5,999.0,0,1.0,0.0,0.0,1,7,0.0,6,11,1,1
16996,31.0,1,999,0,-0.1,93.2,-42.0,4.191,5195.8,999.0,0,1.0,0.0,0.0,2,8,0.0,3,11,2,1
16997,41.0,1,999,0,1.1,93.994,-36.4,4.857,5191.0,999.0,0,0.0,0.0,1.0,1,2,0.0,7,5,1,1
16998,30.0,3,999,0,-1.8,92.893,-46.2,1.299,5099.1,999.0,0,0.0,0.0,0.0,2,5,0.0,9,5,2,1
16999,31.0,1,999,0,1.4,93.918,-42.7,4.968,5228.1,999.0,0,1.0,0.0,0.0,3,8,0.0,1,7,1,1
17000,31.0,4,999,0,1.4,94.465,-41.8,4.947,5228.1,999.0,0,1.0,0.0,1.0,2,8,0.0,1,6,2,1
17001,50.0,2,999,0,1.1,93.994,-36.4,4.86,5191.0,999.0,0,1.0,0.0,1.0,1,4,0.0,4,5,1,1
17002,31.0,3,999,0,1.4,93.918,-42.7,4.959,5228.1,999.0,0,1.0,1.0,0.0,3,8,0.0,4,7,1,1
17003,28.0,1,2,1,-1.8,93.075,-47.1,1.365,5099.1,0.0666666666667,9,1.0,0.0,0.0,1,4,0.0,4,4,1,3
17004,80.0,3,6,4,-1.8,93.369,-34.8,0.649,5008.7,0.2,12,0.0,0.0,0.0,2,8,0.0,8,3,1,3
17005,31.0,1,999,2,-1.1,94.199,-37.5,0.883,4963.6,999.0,4,1.0,1.0,1.0,2,5,0.0,10,9,1,2
17006,31.0,1,999,2,-2.9,92.201,-31.4,0.881,5076.2,999.0,4,0.0,0.0,0.0,1,5,0.0,6,8,1,2
17007,31.0,3,999,0,-2.9,92.201,-31.4,0.883,5076.2,999.0,0,0.0,0.0,1.0,2,2,0.0,8,8,1,1
17008,35.0,1,999,0,-1.8,92.893,-46.2,1.299,5099.1,999.0,0,1.0,0.0,0.0,2,8,0.0,4,5,2,1
17009,39.0,1,999,0,-1.8,92.893,-46.2,1.25,5099.1,999.0,0,1.0,0.0,0.0,2,4,0.0,4,5,1,1
17010,29.0,2,999,0,1.4,94.465,-41.8,4.864,5228.1,999.0,0,1.0,0.0,1.0,1,7,0.0,10,6,1,1
17011,37.0,1,999,0,1.4,94.465,-41.8,4.866,5228.1,999.0,0,1.0,0.0,1.0,2,6,0.0,4,6,1,1
17012,37.0,3,999,0,-1.8,92.893,-46.2,1.334,5099.1,999.0,0,1.0,0.0,0.0,2,2,0.0,4,5,1,1
17013,35.0,2,5,1,-1.8,93.075,-47.1,1.365,5099.1,0.166666666667,0,0.0,0.0,0.0,2,8,0.0,5,4,1,3
17014,55.0,4,999,0,-1.8,92.893,-46.2,1.281,5099.1,999.0,0,0.0,0.0,1.0,3,8,0.0,4,5,1,1
17015,31.0,1,999,0,1.4,93.444,-36.1,4.965,5228.1,999.0,0,1.0,0.0,0.0,2,7,0.0,6,8,1,1
17016,41.0,2,999,0,1.4,93.918,-42.7,4.962,5228.1,999.0,0,1.0,0.0,1.0,1,5,0.0,7,7,1,1
17017,48.0,5,999,0,1.4,93.918,-42.7,4.962,5228.1,999.0,0,1.0,0.0,0.0,2,4,0.0,6,7,1,1
17018,32.0,3,999,0,-1.8,93.876,-40.0,0.699,5008.7,999.0,0,0.0,1.0,0.0,1,7,0.0,9,5,1,1
17019,59.0,1,999,0,1.1,93.994,-36.4,4.857,5191.0,999.0,0,0.0,0.0,1.0,3,6,0.0,8,5,2,1
17020,40.0,3,999,0,1.1,93.994,-36.4,4.855,5191.0,999.0,0,1.0,0.0,1.0,2,4,0.0,4,5,1,1
17021,39.0,1,999,0,1.1,93.994,-36.4,4.856,5191.0,999.0,0,0.0,0.0,1.0,2,4,0.0,4,5,1,1
17022,34.0,1,999,0,-1.8,93.075,-47.1,1.405,5099.1,999.0,0,1.0,0.0,0.0,3,4,0.0,5,4,1,1
17023,28.0,2,999,1,-1.8,92.893,-46.2,1.334,5099.1,999.0,5,0.0,0.0,0.0,1,6,0.0,5,5,1,2
17024,28.0,2,999,0,-1.8,93.075,-47.1,1.365,5099.1,999.0,0,1.0,0.0,0.0,1,8,0.0,10,4,1,1
17025,33.0,1,999,0,-1.8,92.893,-46.2,1.327,5099.1,999.0,0,0.0,0.0,0.0,1,7,0.0,7,5,1,1
17026,31.0,3,999,0,1.1,93.994,-36.4,4.864,5191.0,999.0,0,1.0,1.0,1.0,1,7,0.0,6,5,1,1
17027,31.0,1,999,0,1.4,93.444,-36.1,4.963,5228.1,999.0,0,0.0,0.0,0.0,2,8,0.0,6,8,1,1
17028,36.0,1,999,0,-1.7,94.055,-39.8,0.739,4991.6,999.0,0,1.0,1.0,0.0,1,7,0.0,6,6,1,1
17029,26.0,2,999,0,-1.8,92.893,-46.2,1.299,5099.1,999.0,0,0.0,0.0,0.0,1,5,0.0,6,5,2,1
17030,36.0,1,999,0,1.4,94.465,-41.8,4.961,5228.1,999.0,0,0.0,0.0,1.0,2,2,0.0,4,6,1,1
17031,28.0,2,999,0,-1.8,93.075,-47.1,1.405,5099.1,999.0,0,0.0,0.0,0.0,1,7,0.0,5,4,1,1
17032,49.0,1,999,0,-2.9,92.963,-40.8,1.262,5076.2,999.0,0,1.0,0.0,0.0,3,8,0.0,6,6,1,1
17033,31.0,2,999,0,1.4,93.918,-42.7,4.962,5228.1,999.0,0,0.0,0.0,0.0,2,7,0.0,1,7,2,1
17034,59.0,1,999,0,-2.9,92.201,-31.4,0.884,5076.2,999.0,0,1.0,1.0,0.0,2,8,0.0,8,8,1,1
17035,48.0,3,999,0,1.4,93.918,-42.7,4.962,5228.1,999.0,0,1.0,0.0,0.0,2,7,0.0,3,7,2,1
17036,31.0,1,999,0,1.4,93.918,-42.7,4.963,5228.1,999.0,0,1.0,0.0,0.0,2,7,0.0,6,7,1,1
17037,91.0,2,999,0,-3.4,92.379,-29.8,0.781,5017.5,999.0,0,0.0,1.0,0.0,2,7,0.0,8,9,1,1
17038,39.0,2,999,0,1.1,93.994,-36.4,4.858,5191.0,999.0,0,0.0,0.0,1.0,2,5,0.0,9,5,2,1
17039,36.0,10,999,0,1.4,93.444,-36.1,4.962,5228.1,999.0,0,1.0,0.0,0.0,3,8,0.0,6,8,1,1
17040,29.0,2,999,0,-2.9,92.201,-31.4,0.881,5076.2,999.0,0,0.0,0.0,0.0,1,7,0.0,6,8,1,1
17041,45.0,2,999,0,-1.1,94.199,-37.5,0.88,4963.6,999.0,0,0.0,0.0,0.0,2,5,0.0,10,9,1,1
17042,46.0,1,999,0,1.4,93.918,-42.7,4.96,5228.1,999.0,0,1.0,0.0,0.0,1,8,0.0,3,7,2,1
17043,31.0,4,999,0,1.4,93.444,-36.1,4.965,5228.1,999.0,0,1.0,0.0,0.0,2,7,0.0,6,8,1,1
17044,31.0,1,999,0,1.4,93.444,-36.1,4.963,5228.1,999.0,0,1.0,0.0,0.0,1,6,0.0,5,8,1,1
17045,30.0,4,999,0,1.4,93.444,-36.1,4.965,5228.1,999.0,0,1.0,1.0,0.0,1,7,0.0,6,8,1,1
17046,60.0,5,999,0,1.4,93.918,-42.7,4.963,5228.1,999.0,0,1.0,0.0,0.0,2,2,0.0,4,7,1,1
17047,38.0,1,999,0,-1.8,92.893,-46.2,1.313,5099.1,999.0,0,0.0,0.0,0.0,1,3,0.0,4,5,1,1
17048,47.0,3,999,0,1.4,93.444,-36.1,4.964,5228.1,999.0,0,1.0,0.0,0.0,2,7,0.0,5,8,1,1
17049,29.0,4,999,0,1.4,93.918,-42.7,4.96,5228.1,999.0,0,1.0,0.0,0.0,1,8,0.0,9,7,2,1
17050,42.0,2,999,0,1.4,93.918,-42.7,4.96,5228.1,999.0,0,0.0,0.0,0.0,3,2,0.0,2,7,1,1
17051,38.0,2,999,0,1.1,93.994,-36.4,4.859,5191.0,999.0,0,0.0,0.0,1.0,2,3,0.0,7,5,1,1
17052,53.0,7,999,0,1.1,93.994,-36.4,4.855,5191.0,999.0,0,0.0,0.0,1.0,2,7,0.0,6,5,1,1
17053,32.0,1,999,1,-0.1,93.2,-42.0,4.076,5195.8,999.0,0,0.0,0.0,0.0,1,7,0.0,5,11,1,2
17054,44.0,4,999,0,-1.8,92.893,-46.2,1.354,5099.1,999.0,0,1.0,0.0,0.0,1,6,0.0,1,5,2,1
17055,34.0,3,999,0,1.1,93.994,-36.4,4.864,5191.0,999.0,0,1.0,0.0,1.0,3,2,0.0,4,5,1,1
17056,27.0,3,999,0,-2.9,92.469,-33.6,0.927,5076.2,999.0,0,0.0,0.0,0.0,1,5,0.0,11,7,1,1
17057,34.0,1,999,0,-0.1,93.2,-42.0,4.021,5195.8,999.0,0,1.0,0.0,0.0,3,8,0.0,5,11,1,1
17058,42.0,4,999,0,1.4,93.444,-36.1,4.965,5228.1,999.0,0,1.0,0.0,0.0,2,8,0.0,6,8,1,1
17059,31.0,3,999,0,-0.1,93.2,-42.0,4.191,5195.8,999.0,0,1.0,1.0,0.0,2,5,0.0,7,11,2,1
17060,42.0,1,999,0,-1.8,92.893,-46.2,1.327,5099.1,999.0,0,1.0,0.0,0.0,2,7,0.0,4,5,1,1
17061,46.0,2,999,1,-1.8,92.893,-46.2,1.313,5099.1,999.0,2,0.0,0.0,0.0,2,4,0.0,6,5,1,2
17062,31.0,1,999,0,-0.1,93.2,-42.0,4.153,5195.8,999.0,0,1.0,0.0,0.0,3,4,0.0,4,11,1,1
17063,24.0,3,999,2,-2.9,92.963,-40.8,1.26,5076.2,999.0,0,1.0,1.0,0.0,1,8,0.0,11,6,1,2
17064,32.0,2,999,0,1.4,93.918,-42.7,4.962,5228.1,999.0,0,1.0,0.0,0.0,1,5,0.0,6,7,1,1
17065,51.0,1,999,0,-0.1,93.2,-42.0,4.153,5195.8,999.0,0,0.0,0.0,0.0,2,8,0.0,5,11,1,1
17066,43.0,6,999,0,-1.8,92.893,-46.2,1.291,5099.1,999.0,0,0.0,1.0,1.0,2,8,0.0,4,5,1,1
17067,40.0,2,999,0,-1.8,92.893,-46.2,1.281,5099.1,999.0,0,1.0,1.0,0.0,2,4,0.0,4,5,1,1
17068,31.0,1,999,0,-3.4,92.379,-29.8,0.75,5017.5,999.0,0,1.0,0.0,0.0,2,3,0.0,9,9,1,1
17069,37.0,2,999,0,1.4,93.918,-42.7,4.968,5228.1,999.0,0,1.0,0.0,0.0,3,4,0.0,4,7,1,1
17070,49.0,2,999,0,1.4,93.444,-36.1,4.967,5228.1,999.0,0,1.0,0.0,0.0,2,7,0.0,2,8,1,1
17071,31.0,3,999,0,1.4,93.918,-42.7,4.968,5228.1,999.0,0,1.0,0.0,0.0,1,5,0.0,4,7,1,1
17072,24.0,1,999,1,-1.8,93.749,-34.6,0.646,5008.7,999.0,3,1.0,0.0,0.0,1,4,0.0,11,4,1,2
17073,31.0,2,999,0,-0.1,93.2,-42.0,4.076,5195.8,999.0,0,0.0,0.0,0.0,2,5,0.0,9,11,1,1
17074,44.0,1,999,0,1.4,93.918,-42.7,4.962,5228.1,999.0,0,1.0,0.0,0.0,2,2,0.0,4,7,1,1
17075,45.0,2,999,0,1.4,93.444,-36.1,4.964,5228.1,999.0,0,0.0,0.0,0.0,2,2,0.0,9,8,1,1
17076,46.0,1,999,0,1.4,93.444,-36.1,4.967,5228.1,999.0,0,0.0,0.0,0.0,2,4,0.0,4,8,1,1
17077,31.0,10,999,0,1.4,93.918,-42.7,4.96,5228.1,999.0,0,1.0,0.0,0.0,2,7,0.0,6,7,2,1
17078,31.0,2,999,0,1.4,93.444,-36.1,4.967,5228.1,999.0,0,0.0,1.0,0.0,2,6,0.0,9,8,1,1
17079,38.0,2,999,1,-1.8,92.893,-46.2,1.291,5099.1,999.0,2,1.0,0.0,0.0,2,8,0.0,4,5,1,2
17080,31.0,1,999,0,-2.9,92.963,-40.8,1.26,5076.2,999.0,0,0.0,0.0,0.0,1,7,0.0,3,6,1,1
17081,41.0,7,999,0,1.1,93.994,-36.4,4.86,5191.0,999.0,0,1.0,0.0,1.0,2,5,0.0,6,5,1,1
17082,31.0,5,999,0,-1.8,92.893,-46.2,1.291,5099.1,999.0,0,1.0,1.0,0.0,1,5,0.0,9,5,1,1
17083,31.0,2,999,2,-1.8,92.893,-46.2,1.313,5099.1,999.0,6,0.0,0.0,0.0,1,5,0.0,9,5,1,2
17084,35.0,3,999,0,-0.1,93.2,-42.0,4.12,5195.8,999.0,0,1.0,0.0,0.0,2,7,0.0,3,11,1,1
17085,43.0,2,999,0,-1.8,92.893,-46.2,1.281,5099.1,999.0,0,0.0,0.0,0.0,1,5,0.0,1,5,1,1
17086,31.0,2,999,0,1.1,93.994,-36.4,4.855,5191.0,999.0,0,1.0,1.0,1.0,2,8,0.0,6,5,1,1
17087,31.0,2,999,0,1.1,93.994,-36.4,4.857,5191.0,999.0,0,1.0,0.0,1.0,2,4,0.0,7,5,1,1
17088,42.0,2,999,0,1.4,93.918,-42.7,4.957,5228.1,999.0,0,0.0,0.0,0.0,2,8,0.0,5,7,1,1
17089,34.0,1,999,0,-0.1,93.2,-42.0,4.076,5195.8,999.0,0,1.0,0.0,0.0,2,1,0.0,1,11,1,1
17090,37.0,5,999,0,-1.8,92.893,-46.2,1.344,5099.1,999.0,0,0.0,0.0,0.0,2,8,0.0,6,5,1,1
17091,36.0,1,999,1,-0.1,93.2,-42.0,4.12,5195.8,999.0,2,1.0,0.0,0.0,2,7,0.0,3,11,1,2
17092,42.0,3,999,0,-1.8,92.893,-46.2,1.266,5099.1,999.0,0,1.0,0.0,0.0,2,6,0.0,5,5,1,1
17093,35.0,4,999,0,1.4,94.465,-41.8,4.96,5228.1,999.0,0,1.0,0.0,1.0,1,7,0.0,11,6,2,1
17094,24.0,1,999,0,1.4,93.918,-42.7,4.96,5228.1,999.0,0,0.0,0.0,0.0,1,5,0.0,9,7,2,1
17095,35.0,2,999,0,1.1,93.994,-36.4,4.857,5191.0,999.0,0,1.0,0.0,1.0,1,8,0.0,6,5,2,1
17096,43.0,3,999,1,-1.8,92.893,-46.2,1.313,5099.1,999.0,2,1.0,0.0,0.0,2,8,0.0,4,5,1,2
17097,28.0,6,999,0,-1.8,92.893,-46.2,1.266,5099.1,999.0,0,1.0,0.0,0.0,2,5,0.0,7,5,1,1
17098,31.0,1,6,1,-3.4,92.431,-26.9,0.742,5017.5,0.2,4,0.0,1.0,0.0,2,6,0.0,6,10,1,3
17099,36.0,1,999,0,-1.8,92.893,-46.2,1.291,5099.1,999.0,0,1.0,1.0,0.0,1,8,0.0,7,5,1,1
17100,56.0,2,999,0,1.4,93.444,-36.1,4.967,5228.1,999.0,0,0.0,0.0,0.0,2,2,0.0,4,8,1,1
17101,74.0,5,999,0,-1.8,93.749,-34.6,0.643,5008.7,999.0,0,0.0,0.0,1.0,2,2,0.0,8,4,2,1
17102,31.0,2,999,0,-0.1,93.2,-42.0,4.076,5195.8,999.0,0,1.0,1.0,1.0,1,8,0.0,6,11,1,1
17103,37.0,1,999,0,-1.8,93.075,-47.1,1.405,5099.1,999.0,0,1.0,0.0,0.0,1,5,0.0,9,4,1,1
17104,31.0,1,999,0,1.4,93.918,-42.7,4.962,5228.1,999.0,0,1.0,0.0,0.0,1,8,0.0,9,7,1,1
17105,29.0,2,999,0,1.1,93.994,-36.4,4.857,5191.0,999.0,0,1.0,0.0,1.0,2,8,0.0,4,5,2,1
17106,47.0,1,999,0,1.1,93.994,-36.4,4.857,5191.0,999.0,0,1.0,0.0,1.0,2,8,0.0,4,5,1,1
17107,49.0,1,999,0,-1.8,92.893,-46.2,1.344,5099.1,999.0,0,0.0,0.0,0.0,2,8,0.0,7,5,1,1
17108,28.0,11,999,0,-2.9,92.201,-31.4,0.869,5076.2,999.0,0,0.0,0.0,1.0,2,6,0.0,10,8,1,1
17109,31.0,1,999,0,-1.8,93.075,-47.1,1.405,5099.1,999.0,0,1.0,0.0,0.0,2,6,0.0,5,4,1,1
17110,31.0,1,999,1,-3.4,92.379,-29.8,0.75,5017.5,999.0,1,0.0,0.0,0.0,3,7,0.0,3,9,1,2
17111,29.0,2,999,2,-2.9,92.963,-40.8,1.26,5076.2,999.0,4,1.0,1.0,0.0,1,5,0.0,9,6,1,2
17112,36.0,1,999,0,1.4,93.918,-42.7,4.963,5228.1,999.0,0,0.0,0.0,0.0,2,4,0.0,4,7,1,1
17113,27.0,3,999,0,1.4,93.918,-42.7,4.96,5228.1,999.0,0,1.0,0.0,0.0,1,5,0.0,11,7,2,1
17114,57.0,1,999,0,1.4,93.918,-42.7,4.961,5228.1,999.0,0,1.0,1.0,1.0,2,7,0.0,6,7,1,1
17115,33.0,2,999,0,1.4,93.444,-36.1,4.964,5228.1,999.0,0,1.0,0.0,0.0,2,7,0.0,6,8,1,1
17116,51.0,7,999,0,1.1,93.994,-36.4,4.856,5191.0,999.0,0,1.0,0.0,1.0,2,2,0.0,4,5,1,1
17117,61.0,4,999,1,-1.8,93.075,-47.1,1.405,5099.1,999.0,3,1.0,0.0,0.0,2,2,0.0,8,4,1,2
17118,29.0,3,999,0,-1.7,94.215,-40.3,0.84,4991.6,999.0,0,1.0,0.0,0.0,1,6,0.0,5,7,1,1
17119,42.0,1,999,0,1.4,93.918,-42.7,4.968,5228.1,999.0,0,0.0,1.0,0.0,2,4,0.0,4,7,1,1
17120,31.0,2,999,0,1.1,93.994,-36.4,4.857,5191.0,999.0,0,1.0,0.0,1.0,2,8,0.0,7,5,1,1
17121,38.0,1,999,0,1.1,93.994,-36.4,4.857,5191.0,999.0,0,0.0,0.0,1.0,2,8,0.0,4,5,2,1
17122,63.0,4,999,0,-3.0,92.713,-33.0,0.706,5023.5,999.0,0,0.0,0.0,0.0,2,6,0.0,8,12,2,1
17123,41.0,1,999,0,1.4,93.444,-36.1,4.966,5228.1,999.0,0,0.0,0.0,0.0,2,6,0.0,5,8,1,1
17124,25.0,1,999,0,1.4,93.918,-42.7,4.96,5228.1,999.0,0,0.0,1.0,0.0,2,8,0.0,6,7,2,1
17125,51.0,2,999,0,1.4,93.444,-36.1,4.963,5228.1,999.0,0,0.0,0.0,0.0,3,8,0.0,6,8,1,1
17126,36.0,1,999,1,-1.7,94.055,-39.8,0.761,4991.6,999.0,0,0.0,0.0,0.0,2,7,0.0,3,6,1,2
17127,31.0,2,999,0,1.4,94.465,-41.8,4.864,5228.1,999.0,0,0.0,1.0,1.0,1,8,0.0,6,6,1,1
17128,31.0,1,999,0,1.1,93.994,-36.4,4.858,5191.0,999.0,0,0.0,0.0,1.0,2,4,0.0,9,5,1,1
17129,28.0,2,6,1,-1.7,94.215,-40.3,0.827,4991.6,0.2,2,1.0,0.0,0.0,1,5,0.0,11,7,2,3
17130,54.0,1,999,0,1.4,93.918,-42.7,4.962,5228.1,999.0,0,0.0,0.0,1.0,2,8,0.0,9,7,1,1
17131,28.0,10,999,0,1.4,93.918,-42.7,4.968,5228.1,999.0,0,1.0,0.0,0.0,1,8,0.0,6,7,1,1
17132,28.0,3,999,0,-2.9,92.201,-31.4,0.851,5076.2,999.0,0,1.0,0.0,0.0,1,6,0.0,5,8,1,1
17133,35.0,3,999,0,1.1,93.994,-36.4,4.857,5191.0,999.0,0,1.0,0.0,1.0,2,6,0.0,5,5,2,1
17134,23.0,2,999,0,-3.0,92.713,-33.0,0.708,5023.5,999.0,0,1.0,0.0,0.0,1,4,0.0,11,12,1,1
17135,31.0,6,999,0,1.4,93.918,-42.7,4.968,5228.1,999.0,0,0.0,0.0,0.0,1,8,0.0,5,7,1,1
17136,31.0,1,2,3,-1.7,94.055,-39.8,0.761,4991.6,0.0666666666667,12,0.0,0.0,0.0,2,3,0.0,7,6,1,3
17137,35.0,1,999,1,-1.8,92.893,-46.2,1.327,5099.1,999.0,3,0.0,1.0,0.0,1,5,0.0,9,5,1,2
17138,42.0,2,999,0,1.1,93.994,-36.4,4.86,5191.0,999.0,0,1.0,0.0,1.0,1,7,0.0,6,5,1,1
17139,25.0,3,999,0,1.4,93.918,-42.7,4.963,5228.1,999.0,0,1.0,0.0,0.0,1,6,0.0,5,7,1,1
17140,31.0,1,999,0,1.4,93.444,-36.1,4.968,5228.1,999.0,0,0.0,0.0,0.0,3,8,0.0,10,8,1,1
17141,31.0,1,999,0,1.4,93.918,-42.7,4.963,5228.1,999.0,0,1.0,0.0,0.0,2,4,0.0,9,7,1,1
17142,30.0,1,999,0,1.4,93.918,-42.7,4.959,5228.1,999.0,0,1.0,0.0,1.0,1,5,0.0,6,7,1,1
17143,39.0,2,6,1,-0.1,93.2,-42.0,4.12,5195.8,0.2,4,1.0,1.0,1.0,2,3,0.0,4,11,1,3
17144,58.0,1,999,0,-0.1,93.2,-42.0,4.153,5195.8,999.0,0,1.0,0.0,0.0,2,4,0.0,4,11,1,1
17145,34.0,2,999,0,-2.9,92.201,-31.4,0.843,5076.2,999.0,0,1.0,0.0,0.0,2,7,0.0,6,8,2,1
17146,36.0,2,999,0,1.4,93.918,-42.7,4.961,5228.1,999.0,0,0.0,1.0,0.0,1,5,0.0,6,7,1,1
17147,56.0,3,999,0,-0.1,93.2,-42.0,4.021,5195.8,999.0,0,1.0,0.0,0.0,2,2,0.0,6,11,1,1
17148,30.0,1,999,0,1.4,93.444,-36.1,4.968,5228.1,999.0,0,0.0,0.0,0.0,1,8,0.0,5,8,1,1
17149,42.0,4,999,0,1.4,93.918,-42.7,4.962,5228.1,999.0,0,1.0,0.0,0.0,2,5,0.0,2,7,2,1
17150,25.0,11,999,0,1.4,93.918,-42.7,4.963,5228.1,999.0,0,1.0,0.0,0.0,1,8,0.0,6,7,1,1
17151,44.0,3,999,0,1.4,94.465,-41.8,4.959,5228.1,999.0,0,0.0,0.0,1.0,2,8,0.0,4,6,1,1
17152,46.0,3,999,0,1.4,93.444,-36.1,4.962,5228.1,999.0,0,1.0,0.0,0.0,2,5,0.0,6,8,1,1
17153,31.0,1,999,0,1.1,93.994,-36.4,4.856,5191.0,999.0,0,0.0,0.0,1.0,2,4,0.0,5,5,1,1
17154,35.0,2,999,0,1.4,93.444,-36.1,4.965,5228.1,999.0,0,1.0,0.0,0.0,2,7,0.0,3,8,1,1
17155,41.0,2,999,0,1.1,93.994,-36.4,4.855,5191.0,999.0,0,0.0,0.0,1.0,2,6,0.0,5,5,1,1
17156,33.0,2,999,0,1.4,93.444,-36.1,4.963,5228.1,999.0,0,1.0,0.0,0.0,2,7,0.0,6,8,2,1
17157,31.0,3,999,0,1.4,93.918,-42.7,4.962,5228.1,999.0,0,0.0,0.0,0.0,2,7,0.0,1,7,2,1
17158,27.0,1,999,0,-1.8,93.369,-34.8,0.655,5008.7,999.0,0,0.0,1.0,1.0,2,6,0.0,5,3,1,1
17159,31.0,1,999,1,-1.8,92.893,-46.2,1.291,5099.1,999.0,4,1.0,0.0,0.0,2,8,0.0,5,5,1,2
17160,41.0,2,999,0,1.4,94.465,-41.8,4.866,5228.1,999.0,0,0.0,0.0,1.0,2,8,0.0,9,6,1,1
17161,55.0,1,999,0,1.4,94.465,-41.8,4.959,5228.1,999.0,0,0.0,0.0,1.0,2,5,0.0,5,6,1,1
17162,48.0,1,999,0,1.1,93.994,-36.4,4.857,5191.0,999.0,0,1.0,0.0,1.0,2,7,0.0,3,5,2,1
17163,41.0,3,999,0,1.4,93.918,-42.7,4.962,5228.1,999.0,0,1.0,1.0,0.0,2,5,0.0,5,7,2,1
17164,34.0,1,999,0,1.4,93.444,-36.1,4.965,5228.1,999.0,0,0.0,0.0,0.0,1,6,0.0,5,8,2,1
17165,31.0,2,999,1,-1.8,92.893,-46.2,1.334,5099.1,999.0,2,0.0,0.0,0.0,1,7,0.0,6,5,1,2
17166,63.0,1,999,1,-1.8,93.075,-47.1,1.365,5099.1,999.0,4,0.0,0.0,0.0,2,5,0.0,8,4,1,2
17167,31.0,3,999,0,1.4,93.444,-36.1,4.964,5228.1,999.0,0,0.0,0.0,0.0,3,8,0.0,5,8,1,1
17168,56.0,1,999,0,1.1,93.994,-36.4,4.859,5191.0,999.0,0,1.0,0.0,1.0,3,5,0.0,10,5,1,1
17169,33.0,1,999,0,-0.1,93.2,-42.0,4.076,5195.8,999.0,0,0.0,0.0,0.0,2,8,0.0,7,11,1,1
17170,49.0,1,999,0,1.1,93.994,-36.4,4.858,5191.0,999.0,0,1.0,0.0,1.0,2,3,0.0,4,5,1,1
17171,36.0,1,999,0,-0.1,93.2,-42.0,4.076,5195.8,999.0,0,1.0,0.0,0.0,1,2,0.0,4,11,1,1
17172,31.0,6,999,1,-1.8,92.893,-46.2,1.291,5099.1,999.0,1,0.0,0.0,0.0,2,8,0.0,5,5,1,2
17173,52.0,3,999,0,-1.8,92.893,-46.2,1.266,5099.1,999.0,0,0.0,1.0,0.0,2,7,0.0,6,5,1,1
17174,39.0,1,999,0,1.4,94.465,-41.8,4.961,5228.1,999.0,0,1.0,1.0,1.0,2,5,0.0,9,6,2,1
17175,32.0,9,999,0,1.1,93.994,-36.4,4.858,5191.0,999.0,0,1.0,1.0,1.0,2,5,0.0,9,5,1,1
17176,32.0,2,999,0,1.1,93.994,-36.4,4.857,5191.0,999.0,0,0.0,0.0,1.0,2,2,0.0,4,5,2,1
17177,31.0,1,3,1,-1.8,93.876,-40.0,0.683,5008.7,0.1,0,1.0,0.0,0.0,2,7,0.0,6,5,1,3
17178,39.0,2,999,0,1.1,93.994,-36.4,4.859,5191.0,999.0,0,0.0,0.0,1.0,2,8,0.0,4,5,1,1
17179,31.0,1,999,0,1.4,93.918,-42.7,4.962,5228.1,999.0,0,1.0,1.0,0.0,2,8,0.0,5,7,1,1
17180,50.0,1,999,0,1.1,93.994,-36.4,4.857,5191.0,999.0,0,1.0,0.0,1.0,2,7,0.0,3,5,1,1
17181,33.0,1,999,0,1.1,93.994,-36.4,4.86,5191.0,999.0,0,1.0,1.0,1.0,2,7,0.0,9,5,1,1
17182,57.0,4,999,0,1.4,94.465,-41.8,4.865,5228.1,999.0,0,0.0,0.0,1.0,3,2,0.0,4,6,2,1
17183,31.0,3,999,0,1.1,93.994,-36.4,4.86,5191.0,999.0,0,1.0,0.0,1.0,2,8,0.0,9,5,1,1
17184,28.0,1,999,0,-1.8,92.843,-50.0,1.64,5099.1,999.0,0,1.0,0.0,0.0,1,8,0.0,1,3,1,1
17185,41.0,1,999,0,-1.8,93.369,-34.8,0.653,5008.7,999.0,0,0.0,0.0,0.0,3,7,0.0,6,3,1,1
17186,36.0,1,999,0,1.1,93.994,-36.4,4.86,5191.0,999.0,0,1.0,0.0,1.0,1,3,0.0,4,5,1,1
17187,43.0,2,999,0,-0.1,93.2,-42.0,4.021,5195.8,999.0,0,1.0,0.0,0.0,2,7,0.0,5,11,1,1
17188,31.0,1,999,0,1.1,93.994,-36.4,4.856,5191.0,999.0,0,0.0,0.0,1.0,2,8,0.0,9,5,1,1
17189,63.0,2,14,1,-1.8,93.876,-40.0,0.685,5008.7,0.466666666667,2,1.0,1.0,0.0,2,8,0.0,8,5,2,3
17190,42.0,1,999,0,1.4,94.465,-41.8,4.866,5228.1,999.0,0,1.0,0.0,1.0,2,8,0.0,4,6,1,1
17191,31.0,5,999,1,-0.1,93.2,-42.0,4.021,5195.8,999.0,1,1.0,0.0,0.0,2,8,0.0,7,11,1,2
17192,48.0,1,4,3,-2.9,92.201,-31.4,0.873,5076.2,0.133333333333,6,0.0,0.0,0.0,2,7,0.0,1,8,1,3
17193,30.0,1,999,0,1.4,94.465,-41.8,4.864,5228.1,999.0,0,1.0,0.0,1.0,2,8,0.0,9,6,1,1
17194,31.0,2,999,0,1.4,93.918,-42.7,4.957,5228.1,999.0,0,1.0,0.0,0.0,2,3,0.0,4,7,1,1
17195,33.0,1,999,0,-0.1,93.798,-40.4,4.76,5195.8,999.0,0,0.0,0.0,0.0,2,7,0.0,6,10,1,1
17196,31.0,2,999,0,1.4,93.918,-42.7,4.963,5228.1,999.0,0,1.0,0.0,0.0,2,8,0.0,5,7,1,1
17197,35.0,1,999,0,-0.1,93.2,-42.0,4.153,5195.8,999.0,0,0.0,0.0,1.0,1,8,0.0,3,11,1,1
17198,35.0,1,999,0,1.4,94.465,-41.8,4.866,5228.1,999.0,0,0.0,0.0,1.0,2,4,0.0,4,6,1,1
17199,49.0,1,999,0,1.4,94.465,-41.8,4.959,5228.1,999.0,0,0.0,0.0,1.0,2,2,0.0,4,6,1,1
17200,39.0,1,999,0,1.4,93.918,-42.7,4.968,5228.1,999.0,0,0.0,0.0,0.0,2,8,0.0,5,7,1,1
17201,36.0,1,999,0,-0.1,93.2,-42.0,4.12,5195.8,999.0,0,0.0,0.0,0.0,1,8,0.0,6,11,1,1
17202,56.0,4,999,0,1.1,93.994,-36.4,4.857,5191.0,999.0,0,1.0,0.0,1.0,2,6,0.0,4,5,2,1
17203,38.0,4,999,0,1.1,93.994,-36.4,4.858,5191.0,999.0,0,0.0,0.0,1.0,2,7,0.0,6,5,1,1
17204,41.0,4,999,0,1.4,93.918,-42.7,4.955,5228.1,999.0,0,1.0,1.0,1.0,2,7,0.0,7,7,1,1
17205,50.0,6,999,0,1.4,94.465,-41.8,4.958,5228.1,999.0,0,1.0,0.0,1.0,2,7,0.0,6,6,1,1
17206,31.0,20,999,0,1.4,93.918,-42.7,4.968,5228.1,999.0,0,1.0,0.0,0.0,2,2,0.0,7,7,1,1
17207,60.0,5,999,0,1.4,93.918,-42.7,4.961,5228.1,999.0,0,0.0,0.0,0.0,3,6,0.0,8,7,1,1
17208,30.0,1,999,1,-1.8,92.893,-46.2,1.327,5099.1,999.0,4,0.0,0.0,0.0,2,8,0.0,4,5,1,2
17209,31.0,1,999,0,1.1,93.994,-36.4,4.856,5191.0,999.0,0,0.0,0.0,1.0,2,5,0.0,9,5,1,1
17210,71.0,1,999,1,-3.4,92.431,-26.9,0.754,5017.5,999.0,2,1.0,0.0,0.0,2,2,0.0,8,10,1,2
17211,43.0,1,999,0,-0.1,93.2,-42.0,4.153,5195.8,999.0,0,0.0,1.0,0.0,2,8,0.0,4,11,1,1
17212,29.0,1,999,0,1.1,93.994,-36.4,4.856,5191.0,999.0,0,1.0,0.0,1.0,3,5,0.0,9,5,1,1
17213,31.0,10,999,0,1.4,93.444,-36.1,4.964,5228.1,999.0,0,1.0,1.0,0.0,3,7,0.0,6,8,1,1
17214,31.0,2,999,0,-2.9,92.469,-33.6,1.072,5076.2,999.0,0,1.0,0.0,0.0,2,8,0.0,7,7,1,1
17215,51.0,3,999,0,1.1,93.994,-36.4,4.857,5191.0,999.0,0,1.0,0.0,1.0,2,7,0.0,3,5,1,1
17216,53.0,1,999,2,-1.8,93.369,-34.8,0.654,5008.7,999.0,6,1.0,0.0,1.0,3,7,0.0,6,3,1,2
17217,55.0,1,999,0,1.4,93.918,-42.7,4.963,5228.1,999.0,0,0.0,0.0,0.0,2,8,0.0,8,7,1,1
17218,31.0,1,3,2,-2.9,92.201,-31.4,0.861,5076.2,0.1,0,1.0,0.0,0.0,2,6,0.0,5,8,2,3
17219,42.0,7,999,0,-0.1,93.2,-42.0,4.021,5195.8,999.0,0,1.0,0.0,1.0,2,7,0.0,5,11,1,1
17220,46.0,2,999,0,1.1,93.994,-36.4,4.858,5191.0,999.0,0,0.0,0.0,1.0,2,2,0.0,2,5,1,1
17221,32.0,1,999,0,-1.8,93.075,-47.1,1.41,5099.1,999.0,0,1.0,0.0,0.0,1,7,0.0,6,4,1,1
17222,29.0,1,999,0,1.4,93.918,-42.7,4.963,5228.1,999.0,0,0.0,0.0,0.0,2,6,0.0,1,7,1,1
17223,47.0,1,999,0,1.4,93.444,-36.1,4.966,5228.1,999.0,0,1.0,0.0,0.0,2,3,0.0,4,8,1,1
17224,41.0,4,999,0,-1.8,92.893,-46.2,1.291,5099.1,999.0,0,0.0,0.0,0.0,2,3,0.0,4,5,1,1
17225,31.0,3,999,0,1.1,93.994,-36.4,4.857,5191.0,999.0,0,1.0,0.0,1.0,2,7,0.0,3,5,1,1
17226,60.0,4,999,0,1.4,94.465,-41.8,4.959,5228.1,999.0,0,1.0,0.0,1.0,2,6,0.0,1,6,1,1
17227,55.0,1,999,0,1.1,93.994,-36.4,4.86,5191.0,999.0,0,0.0,0.0,1.0,3,7,0.0,6,5,1,1
17228,67.0,2,13,1,-1.7,94.027,-38.3,0.898,4991.6,0.433333333333,2,0.0,0.0,0.0,2,8,0.0,8,8,2,3
17229,24.0,1,999,1,-2.9,92.201,-31.4,0.849,5076.2,999.0,2,1.0,1.0,0.0,1,5,0.0,11,8,1,2
17230,44.0,1,999,0,-0.1,93.2,-42.0,4.153,5195.8,999.0,0,1.0,0.0,0.0,2,6,0.0,5,11,1,1
17231,42.0,5,999,0,1.4,93.444,-36.1,4.967,5228.1,999.0,0,0.0,0.0,0.0,2,7,0.0,6,8,1,1
17232,38.0,1,999,0,-0.1,93.2,-42.0,4.076,5195.8,999.0,0,1.0,0.0,0.0,2,7,0.0,3,11,1,1
17233,23.0,1,999,2,-1.7,94.215,-40.3,0.893,4991.6,999.0,2,0.0,0.0,0.0,1,8,0.0,11,7,1,2
17234,57.0,1,999,0,1.1,93.994,-36.4,4.86,5191.0,999.0,0,0.0,0.0,1.0,2,8,0.0,5,5,1,1
17235,33.0,2,999,1,-1.8,92.893,-46.2,1.291,5099.1,999.0,1,1.0,0.0,0.0,2,8,0.0,4,5,1,2
17236,21.0,1,999,0,-3.4,92.431,-26.9,0.739,5017.5,999.0,0,0.0,0.0,0.0,1,5,0.0,11,10,2,1
17237,31.0,8,999,0,1.4,94.465,-41.8,4.864,5228.1,999.0,0,1.0,0.0,1.0,2,6,0.0,5,6,1,1
17238,47.0,1,999,0,1.1,93.994,-36.4,4.859,5191.0,999.0,0,0.0,0.0,1.0,2,8,0.0,4,5,1,1
17239,31.0,1,999,0,1.4,93.444,-36.1,4.963,5228.1,999.0,0,1.0,0.0,0.0,2,8,0.0,9,8,1,1
17240,23.0,2,999,0,1.4,93.918,-42.7,4.958,5228.1,999.0,0,1.0,0.0,0.0,1,8,0.0,8,7,1,1
17241,28.0,1,999,0,-1.8,92.893,-46.2,1.327,5099.1,999.0,0,1.0,0.0,0.0,3,7,0.0,6,5,1,1
17242,31.0,1,999,1,-3.4,92.649,-30.1,0.714,5017.5,999.0,1,1.0,0.0,0.0,2,6,0.0,5,11,1,2
17243,31.0,1,999,0,1.4,93.918,-42.7,4.963,5228.1,999.0,0,1.0,0.0,0.0,2,5,0.0,8,7,1,1
17244,31.0,1,999,0,-1.8,92.893,-46.2,1.344,5099.1,999.0,0,0.0,0.0,0.0,2,5,0.0,9,5,1,1
17245,30.0,2,999,1,-1.8,92.893,-46.2,1.25,5099.1,999.0,3,1.0,1.0,0.0,1,5,0.0,5,5,1,2
17246,35.0,3,999,0,1.1,93.994,-36.4,4.857,5191.0,999.0,0,0.0,0.0,1.0,1,8,0.0,6,5,2,1
17247,39.0,12,999,0,1.4,93.918,-42.7,4.968,5228.1,999.0,0,1.0,0.0,0.0,1,2,0.0,4,7,1,1
17248,57.0,1,999,0,1.4,93.918,-42.7,4.962,5228.1,999.0,0,0.0,0.0,1.0,2,8,0.0,7,7,1,1
17249,31.0,13,999,0,1.4,93.918,-42.7,4.963,5228.1,999.0,0,1.0,1.0,0.0,2,7,0.0,6,7,1,1
17250,52.0,2,999,0,1.4,94.465,-41.8,4.961,5228.1,999.0,0,0.0,0.0,1.0,2,5,0.0,5,6,1,1
17251,37.0,8,999,0,1.4,93.918,-42.7,4.957,5228.1,999.0,0,1.0,0.0,1.0,2,8,0.0,4,7,1,1
17252,47.0,3,999,0,-1.8,92.893,-46.2,1.313,5099.1,999.0,0,1.0,0.0,0.0,2,8,0.0,4,5,1,1
17253,33.0,3,999,0,-1.8,93.075,-47.1,1.405,5099.1,999.0,0,0.0,0.0,0.0,2,8,0.0,4,4,1,1
17254,33.0,4,999,0,1.1,93.994,-36.4,4.859,5191.0,999.0,0,0.0,0.0,1.0,2,7,0.0,6,5,1,1
17255,52.0,1,999,0,1.4,94.465,-41.8,4.959,5228.1,999.0,0,0.0,0.0,1.0,2,5,0.0,5,6,1,1
17256,41.0,1,999,1,-0.1,93.2,-42.0,4.12,5195.8,999.0,7,1.0,0.0,0.0,2,8,0.0,6,11,1,2
17257,31.0,4,999,0,1.4,93.444,-36.1,4.963,5228.1,999.0,0,1.0,0.0,0.0,2,7,0.0,5,8,2,1
17258,33.0,1,999,0,1.4,93.918,-42.7,4.961,5228.1,999.0,0,0.0,0.0,0.0,1,6,0.0,5,7,1,1
17259,19.0,4,999,0,-1.8,93.075,-47.1,1.405,5099.1,999.0,0,1.0,1.0,0.0,1,8,0.0,11,4,1,1
17260,31.0,4,999,0,1.4,93.918,-42.7,4.961,5228.1,999.0,0,0.0,0.0,0.0,1,7,0.0,6,7,1,1
17261,44.0,1,999,0,-1.8,92.893,-46.2,1.244,5099.1,999.0,0,0.0,0.0,0.0,1,5,0.0,3,5,2,1
17262,26.0,3,999,0,1.1,93.994,-36.4,4.86,5191.0,999.0,0,0.0,0.0,1.0,1,8,0.0,5,5,1,1
17263,50.0,14,999,0,1.4,93.918,-42.7,4.961,5228.1,999.0,0,0.0,0.0,0.0,2,8,0.0,6,7,1,1
17264,29.0,1,999,0,-1.7,94.027,-38.3,0.89,4991.6,999.0,0,1.0,0.0,1.0,1,8,0.0,9,8,1,1
17265,57.0,7,999,0,1.4,93.918,-42.7,4.962,5228.1,999.0,0,0.0,0.0,0.0,1,8,0.0,6,7,1,1
17266,35.0,1,999,0,1.4,93.918,-42.7,4.962,5228.1,999.0,0,0.0,0.0,0.0,1,4,0.0,10,7,1,1
17267,42.0,4,999,0,-0.1,93.2,-42.0,4.12,5195.8,999.0,0,0.0,0.0,0.0,1,7,0.0,1,11,1,1
17268,31.0,1,999,1,-1.8,92.893,-46.2,1.25,5099.1,999.0,1,1.0,0.0,0.0,1,7,0.0,3,5,1,2
17269,55.0,4,999,0,1.4,93.444,-36.1,4.962,5228.1,999.0,0,1.0,0.0,0.0,2,8,0.0,12,8,1,1
17270,25.0,2,999,0,-1.8,93.075,-47.1,1.405,5099.1,999.0,0,0.0,0.0,0.0,1,5,0.0,6,4,1,1
17271,43.0,1,999,0,1.1,93.994,-36.4,4.855,5191.0,999.0,0,0.0,0.0,1.0,2,2,0.0,10,5,1,1
17272,58.0,1,999,0,-1.8,93.075,-47.1,1.405,5099.1,999.0,0,0.0,0.0,0.0,2,4,0.0,10,4,1,1
17273,31.0,1,999,1,-1.8,92.893,-46.2,1.299,5099.1,999.0,1,1.0,0.0,0.0,1,5,0.0,9,5,2,2
17274,56.0,3,999,0,1.1,93.994,-36.4,4.855,5191.0,999.0,0,1.0,0.0,1.0,2,7,0.0,7,5,1,1
17275,33.0,2,999,0,1.4,93.918,-42.7,4.961,5228.1,999.0,0,1.0,0.0,0.0,2,8,0.0,4,7,1,1
17276,36.0,1,999,0,1.4,94.465,-41.8,4.961,5228.1,999.0,0,1.0,0.0,1.0,1,7,0.0,5,6,1,1
17277,57.0,5,999,1,-1.8,92.893,-46.2,1.25,5099.1,999.0,3,1.0,0.0,0.0,2,8,0.0,3,5,1,2
17278,31.0,1,999,0,-1.8,92.893,-46.2,1.259,5099.1,999.0,0,1.0,0.0,0.0,2,5,0.0,5,5,1,1
17279,38.0,1,999,0,1.1,93.994,-36.4,4.857,5191.0,999.0,0,1.0,0.0,1.0,1,4,0.0,4,5,1,1
17280,25.0,1,999,0,-1.8,92.893,-46.2,1.334,5099.1,999.0,0,0.0,0.0,0.0,1,8,0.0,6,5,1,1
17281,50.0,1,999,0,1.4,93.444,-36.1,4.97,5228.1,999.0,0,1.0,0.0,0.0,2,8,0.0,4,8,2,1
17282,31.0,3,999,0,-1.1,94.601,-49.5,1.032,4963.6,999.0,0,1.0,0.0,1.0,3,8,0.0,6,10,2,1
17283,60.0,1,999,0,-1.8,93.075,-47.1,1.405,5099.1,999.0,0,1.0,0.0,0.0,2,8,0.0,4,4,2,1
17284,31.0,1,999,0,-1.1,94.199,-37.5,0.878,4963.6,999.0,0,0.0,0.0,0.0,2,7,0.0,5,9,1,1
17285,31.0,1,999,0,1.4,93.444,-36.1,4.964,5228.1,999.0,0,0.0,0.0,0.0,2,5,0.0,6,8,1,1
17286,39.0,2,999,0,1.1,93.994,-36.4,4.857,5191.0,999.0,0,1.0,0.0,1.0,2,7,0.0,2,5,2,1
17287,31.0,2,999,0,-0.1,93.2,-42.0,4.191,5195.8,999.0,0,1.0,0.0,1.0,2,7,0.0,3,11,2,1
17288,26.0,1,999,2,-1.8,92.893,-46.2,1.266,5099.1,999.0,4,0.0,0.0,0.0,2,8,0.0,4,5,1,2
17289,46.0,1,999,0,1.4,93.444,-36.1,4.97,5228.1,999.0,0,1.0,0.0,1.0,2,8,0.0,2,8,2,1
17290,37.0,2,999,0,1.4,93.444,-36.1,4.964,5228.1,999.0,0,0.0,0.0,0.0,2,8,0.0,3,8,1,1
17291,35.0,1,999,0,1.4,93.918,-42.7,4.963,5228.1,999.0,0,0.0,0.0,0.0,2,5,0.0,5,7,1,1
17292,31.0,2,999,0,1.4,94.465,-41.8,4.958,5228.1,999.0,0,1.0,1.0,1.0,1,5,0.0,5,6,1,1
17293,32.0,1,999,0,-0.1,93.2,-42.0,4.076,5195.8,999.0,0,0.0,0.0,0.0,1,7,0.0,7,11,1,1
17294,31.0,1,999,0,-1.8,93.075,-47.1,1.423,5099.1,999.0,0,1.0,1.0,0.0,1,7,0.0,6,4,1,1
17295,48.0,1,999,0,1.4,93.444,-36.1,4.965,5228.1,999.0,0,1.0,1.0,0.0,2,8,0.0,6,8,1,1
17296,56.0,3,999,0,1.4,93.918,-42.7,4.962,5228.1,999.0,0,0.0,0.0,0.0,2,2,0.0,4,7,2,1
17297,56.0,1,999,0,1.1,93.994,-36.4,4.859,5191.0,999.0,0,1.0,1.0,1.0,2,2,0.0,4,5,1,1
17298,31.0,2,999,0,-0.1,93.2,-42.0,4.153,5195.8,999.0,0,1.0,0.0,1.0,2,8,0.0,9,11,1,1
17299,44.0,31,999,0,1.4,93.918,-42.7,4.968,5228.1,999.0,0,0.0,0.0,0.0,3,6,0.0,4,7,1,1
17300,31.0,1,999,0,1.4,93.444,-36.1,4.964,5228.1,999.0,0,1.0,0.0,0.0,2,7,0.0,6,8,1,1
17301,30.0,4,999,1,-0.1,93.2,-42.0,4.021,5195.8,999.0,0,0.0,0.0,0.0,1,8,0.0,11,11,1,2
17302,58.0,4,999,0,-1.8,92.843,-50.0,1.538,5099.1,999.0,0,1.0,0.0,0.0,2,2,0.0,10,3,1,1
17303,35.0,1,999,0,1.4,93.444,-36.1,4.963,5228.1,999.0,0,1.0,1.0,0.0,2,6,0.0,5,8,1,1
17304,33.0,1,999,0,1.4,93.918,-42.7,4.96,5228.1,999.0,0,1.0,0.0,0.0,2,8,0.0,3,7,2,1
17305,38.0,3,999,1,-1.8,92.893,-46.2,1.327,5099.1,999.0,3,1.0,0.0,0.0,2,7,0.0,5,5,1,2
17306,32.0,2,999,0,1.4,94.465,-41.8,4.961,5228.1,999.0,0,1.0,0.0,1.0,2,8,0.0,4,6,1,1
17307,31.0,1,999,0,-1.8,92.893,-46.2,1.266,5099.1,999.0,0,1.0,0.0,0.0,2,7,0.0,3,5,1,1
17308,31.0,3,999,0,1.4,93.444,-36.1,4.963,5228.1,999.0,0,1.0,1.0,0.0,3,8,0.0,5,8,1,1
17309,31.0,1,999,0,1.1,93.994,-36.4,4.86,5191.0,999.0,0,1.0,0.0,1.0,3,8,0.0,6,5,1,1
17310,36.0,1,999,0,1.4,93.444,-36.1,4.965,5228.1,999.0,0,1.0,0.0,0.0,2,7,0.0,3,8,2,1
17311,31.0,1,999,0,1.1,93.994,-36.4,4.855,5191.0,999.0,0,0.0,0.0,1.0,2,2,0.0,4,5,1,1
17312,64.0,3,999,0,-3.0,92.713,-33.0,0.72,5023.5,999.0,0,0.0,1.0,0.0,2,7,0.0,6,12,1,1
17313,52.0,1,999,0,-0.1,93.2,-42.0,4.021,5195.8,999.0,0,1.0,0.0,0.0,2,7,0.0,6,11,1,1
17314,56.0,1,999,0,1.4,93.918,-42.7,4.962,5228.1,999.0,0,0.0,0.0,1.0,2,2,0.0,4,7,2,1
17315,42.0,1,999,0,1.1,93.994,-36.4,4.856,5191.0,999.0,0,0.0,0.0,1.0,2,3,0.0,4,5,1,1
17316,41.0,2,999,1,-0.1,93.2,-42.0,4.153,5195.8,999.0,2,1.0,0.0,1.0,2,8,0.0,5,11,1,2
17317,43.0,7,999,0,1.1,93.994,-36.4,4.856,5191.0,999.0,0,1.0,1.0,1.0,2,2,0.0,4,5,1,1
17318,53.0,2,999,0,-0.1,93.2,-42.0,4.191,5195.8,999.0,0,1.0,0.0,0.0,2,7,0.0,5,11,1,1
17319,31.0,2,999,0,1.1,93.994,-36.4,4.857,5191.0,999.0,0,1.0,0.0,1.0,2,8,0.0,5,5,1,1
17320,31.0,2,999,0,-1.8,92.893,-46.2,1.299,5099.1,999.0,0,1.0,0.0,0.0,2,8,0.0,5,5,2,1
17321,36.0,1,999,0,1.4,93.918,-42.7,4.962,5228.1,999.0,0,0.0,0.0,0.0,2,4,0.0,4,7,2,1
17322,26.0,1,999,0,-1.8,92.893,-46.2,1.299,5099.1,999.0,0,1.0,0.0,0.0,2,3,0.0,4,5,2,1
17323,32.0,1,999,0,1.1,93.994,-36.4,4.858,5191.0,999.0,0,1.0,0.0,1.0,2,6,0.0,5,5,1,1
17324,29.0,4,999,0,1.4,93.444,-36.1,4.968,5228.1,999.0,0,0.0,0.0,0.0,1,5,0.0,5,8,1,1
17325,29.0,1,999,1,-1.8,92.893,-46.2,1.291,5099.1,999.0,1,1.0,1.0,0.0,2,5,0.0,4,5,1,2
17326,77.0,2,999,1,-2.9,92.963,-40.8,1.266,5076.2,999.0,6,0.0,0.0,0.0,1,8,0.0,3,6,2,2
17327,59.0,4,999,1,-3.0,92.713,-33.0,0.7,5023.5,999.0,4,0.0,0.0,0.0,2,7,0.0,3,12,1,2
17328,32.0,3,999,0,1.4,94.465,-41.8,4.958,5228.1,999.0,0,1.0,0.0,1.0,1,7,0.0,3,6,1,1
17329,31.0,3,999,0,1.4,93.918,-42.7,4.961,5228.1,999.0,0,1.0,1.0,1.0,2,8,0.0,8,7,1,1
17330,48.0,3,999,0,1.1,93.994,-36.4,4.858,5191.0,999.0,0,0.0,1.0,1.0,3,6,0.0,5,5,1,1
17331,49.0,1,999,0,1.1,93.994,-36.4,4.856,5191.0,999.0,0,0.0,0.0,1.0,2,8,0.0,4,5,1,1
17332,31.0,1,999,0,1.4,93.918,-42.7,4.96,5228.1,999.0,0,1.0,0.0,0.0,2,6,0.0,9,7,1,1
17333,31.0,1,999,0,-1.8,92.893,-46.2,1.313,5099.1,999.0,0,1.0,1.0,0.0,2,6,0.0,5,5,1,1
17334,27.0,2,999,0,-1.8,92.893,-46.2,1.299,5099.1,999.0,0,0.0,0.0,0.0,1,7,0.0,11,5,1,1
17335,56.0,1,3,1,-3.4,92.431,-26.9,0.733,5017.5,0.1,2,0.0,0.0,0.0,2,8,0.0,8,10,1,3
17336,25.0,2,10,4,-1.7,94.027,-38.3,0.898,4991.6,0.333333333333,0,0.0,0.0,0.0,1,5,0.0,11,8,2,2
17337,30.0,1,999,0,1.1,93.994,-36.4,4.86,5191.0,999.0,0,1.0,0.0,1.0,2,7,0.0,5,5,1,1
17338,29.0,10,999,0,1.4,94.465,-41.8,4.962,5228.1,999.0,0,0.0,0.0,1.0,2,6,0.0,5,6,1,1
17339,57.0,1,999,0,1.4,93.444,-36.1,4.964,5228.1,999.0,0,1.0,0.0,0.0,2,6,0.0,5,8,1,1
17340,31.0,1,999,0,1.4,93.918,-42.7,4.959,5228.1,999.0,0,0.0,0.0,1.0,1,6,0.0,10,7,1,1
17341,31.0,4,999,0,1.4,94.465,-41.8,4.865,5228.1,999.0,0,0.0,0.0,1.0,2,7,0.0,6,6,2,1
17342,30.0,2,999,0,1.1,93.994,-36.4,4.855,5191.0,999.0,0,0.0,0.0,1.0,3,5,0.0,9,5,1,1
17343,40.0,3,999,0,1.1,93.994,-36.4,4.859,5191.0,999.0,0,1.0,0.0,1.0,2,3,0.0,4,5,1,1
17344,44.0,1,999,0,-1.8,92.893,-46.2,1.264,5099.1,999.0,0,1.0,0.0,0.0,1,8,0.0,4,5,1,1
17345,40.0,2,999,0,1.4,94.465,-41.8,4.865,5228.1,999.0,0,1.0,1.0,1.0,2,7,0.0,3,6,2,1
17346,29.0,1,999,0,1.4,94.465,-41.8,4.959,5228.1,999.0,0,0.0,0.0,1.0,2,7,0.0,6,6,1,1
17347,31.0,1,999,0,-1.8,92.893,-46.2,1.299,5099.1,999.0,0,1.0,0.0,0.0,2,2,0.0,1,5,2,1
17348,31.0,6,999,0,1.4,93.444,-36.1,4.966,5228.1,999.0,0,1.0,0.0,0.0,2,7,0.0,6,8,1,1
17349,51.0,1,999,0,-1.8,92.893,-46.2,1.266,5099.1,999.0,0,1.0,0.0,0.0,3,7,0.0,6,5,1,1
17350,31.0,1,10,1,-1.8,93.369,-34.8,0.646,5008.7,0.333333333333,1,1.0,0.0,0.0,1,8,0.0,10,3,1,3
17351,42.0,1,999,0,-0.1,93.798,-40.4,5.045,5195.8,999.0,0,0.0,0.0,1.0,2,2,0.0,1,10,1,1
17352,30.0,1,999,0,1.4,93.918,-42.7,4.961,5228.1,999.0,0,0.0,1.0,1.0,1,7,0.0,6,7,1,1
17353,31.0,2,999,0,-0.1,93.2,-42.0,4.153,5195.8,999.0,0,0.0,0.0,0.0,2,5,0.0,6,11,1,1
17354,30.0,1,999,0,1.4,93.918,-42.7,4.957,5228.1,999.0,0,1.0,0.0,0.0,2,8,0.0,4,7,1,1
17355,41.0,1,999,0,1.4,94.465,-41.8,4.866,5228.1,999.0,0,0.0,0.0,1.0,2,2,0.0,4,6,1,1
17356,52.0,1,999,0,1.4,93.444,-36.1,4.966,5228.1,999.0,0,0.0,0.0,0.0,2,2,0.0,4,8,1,1
17357,64.0,1,3,1,-3.4,92.649,-30.1,0.714,5017.5,0.1,1,0.0,0.0,0.0,2,8,0.0,8,11,2,3
17358,28.0,2,999,0,1.1,93.994,-36.4,4.857,5191.0,999.0,0,0.0,0.0,1.0,3,7,0.0,5,5,1,1
17359,31.0,7,999,0,1.4,93.918,-42.7,4.962,5228.1,999.0,0,1.0,0.0,1.0,1,8,0.0,5,7,1,1
17360,43.0,1,999,1,-1.8,92.893,-46.2,1.25,5099.1,999.0,3,1.0,0.0,0.0,2,5,0.0,6,5,1,2
17361,20.0,3,999,0,-1.8,92.893,-46.2,1.266,5099.1,999.0,0,1.0,0.0,0.0,1,5,0.0,4,5,1,1
17362,29.0,3,999,0,-1.8,92.893,-46.2,1.344,5099.1,999.0,0,0.0,0.0,0.0,2,8,0.0,7,5,1,1
17363,73.0,1,6,1,-1.8,93.075,-47.1,1.405,5099.1,0.2,1,1.0,0.0,0.0,2,8,0.0,8,4,2,3
17364,29.0,2,6,1,-1.7,94.215,-40.3,0.861,4991.6,0.2,2,1.0,0.0,0.0,1,5,0.0,6,7,1,3
17365,40.0,1,999,1,-0.1,93.2,-42.0,4.021,5195.8,999.0,7,1.0,1.0,0.0,2,7,0.0,3,11,1,2
17366,52.0,3,999,0,1.4,93.444,-36.1,4.964,5228.1,999.0,0,1.0,1.0,0.0,1,7,0.0,6,8,1,1
17367,31.0,1,999,1,-3.4,92.379,-29.8,0.819,5017.5,999.0,1,0.0,0.0,0.0,2,4,0.0,8,9,1,2
17368,34.0,15,999,0,1.4,93.444,-36.1,4.964,5228.1,999.0,0,1.0,1.0,0.0,3,8,0.0,6,8,1,1
17369,28.0,1,999,0,1.1,93.994,-36.4,4.859,5191.0,999.0,0,1.0,0.0,1.0,1,5,0.0,6,5,1,1
17370,38.0,1,999,0,1.1,93.994,-36.4,4.857,5191.0,999.0,0,1.0,0.0,1.0,2,4,0.0,4,5,1,1
17371,41.0,8,999,0,1.4,93.918,-42.7,4.962,5228.1,999.0,0,1.0,0.0,0.0,2,8,0.0,9,7,2,1
17372,46.0,1,999,0,-1.8,93.075,-47.1,1.423,5099.1,999.0,0,0.0,0.0,0.0,2,6,0.0,5,4,1,1
17373,36.0,1,999,0,-1.8,92.893,-46.2,1.266,5099.1,999.0,0,1.0,0.0,0.0,1,5,0.0,6,5,1,1
17374,31.0,2,999,0,-0.1,93.2,-42.0,4.12,5195.8,999.0,0,1.0,0.0,0.0,2,7,0.0,9,11,1,1
17375,53.0,1,999,1,-3.4,92.379,-29.8,0.803,5017.5,999.0,2,1.0,1.0,0.0,2,6,0.0,5,9,1,2
17376,45.0,2,999,1,-1.8,93.876,-40.0,0.697,5008.7,999.0,2,0.0,0.0,0.0,1,7,0.0,5,5,1,2
17377,54.0,1,999,0,1.4,93.444,-36.1,4.97,5228.1,999.0,0,0.0,0.0,0.0,2,8,0.0,4,8,2,1
17378,22.0,1,999,1,-2.9,92.963,-40.8,1.26,5076.2,999.0,4,1.0,1.0,0.0,1,5,0.0,11,6,1,2
17379,31.0,4,999,1,-2.9,92.469,-33.6,0.908,5076.2,999.0,0,0.0,1.0,0.0,2,7,0.0,6,7,1,2
17380,31.0,1,999,0,-0.1,93.2,-42.0,4.076,5195.8,999.0,0,1.0,0.0,0.0,2,8,0.0,6,11,1,1
17381,30.0,2,999,0,1.4,93.444,-36.1,4.97,5228.1,999.0,0,1.0,0.0,0.0,1,8,0.0,6,8,2,1
17382,40.0,1,9,1,-1.7,94.215,-40.3,0.896,4991.6,0.3,4,1.0,0.0,0.0,2,7,0.0,3,7,1,3
17383,40.0,2,999,0,1.4,93.444,-36.1,4.97,5228.1,999.0,0,1.0,0.0,0.0,2,7,0.0,7,8,2,1
17384,58.0,2,999,0,1.4,93.444,-36.1,4.968,5228.1,999.0,0,0.0,0.0,0.0,2,8,0.0,4,8,1,1
17385,32.0,3,999,0,1.4,93.444,-36.1,4.964,5228.1,999.0,0,1.0,0.0,0.0,2,7,0.0,6,8,1,1
17386,37.0,8,999,0,1.4,93.918,-42.7,4.96,5228.1,999.0,0,1.0,0.0,1.0,1,5,0.0,4,7,2,1
17387,32.0,1,999,0,1.1,93.994,-36.4,4.857,5191.0,999.0,0,1.0,1.0,1.0,1,6,0.0,9,5,1,1
17388,27.0,1,999,0,1.1,93.994,-36.4,4.856,5191.0,999.0,0,1.0,0.0,1.0,2,8,0.0,6,5,1,1
17389,38.0,1,3,1,-3.4,92.379,-29.8,0.768,5017.5,0.1,1,1.0,0.0,0.0,1,7,0.0,6,9,1,3
17390,31.0,1,999,0,1.4,94.465,-41.8,4.865,5228.1,999.0,0,0.0,0.0,1.0,1,5,0.0,6,6,1,1
17391,46.0,1,999,0,1.4,94.465,-41.8,4.865,5228.1,999.0,0,0.0,0.0,1.0,2,4,0.0,7,6,2,1
17392,33.0,1,999,0,-0.1,93.2,-42.0,4.076,5195.8,999.0,0,1.0,0.0,0.0,2,4,0.0,4,11,1,1
17393,32.0,3,999,0,1.4,93.444,-36.1,4.965,5228.1,999.0,0,0.0,0.0,0.0,2,6,0.0,5,8,2,1
17394,27.0,2,999,0,1.4,94.465,-41.8,4.864,5228.1,999.0,0,1.0,0.0,1.0,1,7,0.0,11,6,1,1
17395,46.0,14,999,0,1.4,94.465,-41.8,4.962,5228.1,999.0,0,1.0,0.0,1.0,2,4,0.0,6,6,1,1
17396,29.0,2,999,0,1.1,93.994,-36.4,4.856,5191.0,999.0,0,0.0,0.0,1.0,1,5,0.0,6,5,1,1
17397,31.0,1,999,0,1.4,93.444,-36.1,4.963,5228.1,999.0,0,1.0,0.0,0.0,1,8,0.0,5,8,2,1
17398,51.0,3,999,0,1.1,93.994,-36.4,4.86,5191.0,999.0,0,1.0,0.0,1.0,2,7,0.0,3,5,1,1
17399,27.0,4,999,1,-1.8,93.369,-34.8,0.65,5008.7,999.0,2,1.0,0.0,0.0,1,7,0.0,5,3,1,2
17400,31.0,1,999,0,-0.1,93.2,-42.0,4.12,5195.8,999.0,0,0.0,0.0,0.0,2,5,0.0,4,11,1,1
17401,31.0,2,999,0,1.4,93.918,-42.7,4.962,5228.1,999.0,0,1.0,0.0,0.0,1,8,0.0,5,7,1,1
17402,58.0,1,999,0,1.4,93.444,-36.1,4.968,5228.1,999.0,0,1.0,1.0,0.0,2,6,0.0,8,8,1,1
17403,34.0,2,999,0,-1.8,93.075,-47.1,1.423,5099.1,999.0,0,1.0,1.0,0.0,1,8,0.0,6,4,1,1
17404,57.0,1,999,1,-0.1,93.2,-42.0,4.021,5195.8,999.0,1,1.0,1.0,0.0,2,2,0.0,2,11,1,2
17405,35.0,2,999,0,-0.1,93.2,-42.0,4.076,5195.8,999.0,0,1.0,0.0,0.0,2,8,0.0,1,11,1,1
17406,31.0,1,999,0,-0.1,93.2,-42.0,4.343,5195.8,999.0,0,0.0,0.0,1.0,3,8,0.0,6,11,1,1
17407,36.0,2,999,0,1.1,93.994,-36.4,4.855,5191.0,999.0,0,0.0,0.0,1.0,2,5,0.0,6,5,1,1
17408,31.0,1,999,0,1.4,93.444,-36.1,4.97,5228.1,999.0,0,0.0,0.0,0.0,1,8,0.0,5,8,1,1
17409,31.0,8,999,0,1.4,93.918,-42.7,4.968,5228.1,999.0,0,0.0,1.0,0.0,2,3,0.0,9,7,1,1
17410,35.0,1,999,0,-0.1,93.2,-42.0,4.191,5195.8,999.0,0,1.0,0.0,0.0,2,2,0.0,10,11,2,1
17411,31.0,2,999,1,-1.8,92.893,-46.2,1.244,5099.1,999.0,5,1.0,0.0,0.0,1,5,0.0,4,5,1,2
17412,37.0,3,999,0,1.1,93.994,-36.4,4.856,5191.0,999.0,0,0.0,1.0,1.0,2,7,0.0,12,5,1,1
17413,31.0,2,999,0,-1.8,92.893,-46.2,1.354,5099.1,999.0,0,0.0,0.0,0.0,2,8,0.0,8,5,2,1
17414,26.0,1,999,0,-2.9,92.469,-33.6,1.044,5076.2,999.0,0,1.0,0.0,0.0,1,5,0.0,9,7,1,1
17415,43.0,1,999,0,1.1,93.994,-36.4,4.857,5191.0,999.0,0,0.0,0.0,1.0,2,2,0.0,4,5,1,1
17416,33.0,6,999,0,1.4,93.444,-36.1,4.963,5228.1,999.0,0,1.0,1.0,0.0,1,8,0.0,6,8,1,1
17417,30.0,1,999,0,1.1,93.994,-36.4,4.856,5191.0,999.0,0,1.0,0.0,1.0,2,6,0.0,9,5,1,1
17418,23.0,2,999,0,1.4,93.918,-42.7,4.962,5228.1,999.0,0,1.0,0.0,0.0,1,4,0.0,4,7,1,1
17419,45.0,1,999,0,1.4,93.444,-36.1,4.97,5228.1,999.0,0,0.0,0.0,0.0,2,3,0.0,4,8,2,1
17420,60.0,4,999,0,-1.8,93.075,-47.1,1.405,5099.1,999.0,0,1.0,0.0,0.0,2,2,0.0,4,4,2,1
17421,30.0,4,999,0,-1.8,92.893,-46.2,1.266,5099.1,999.0,0,0.0,0.0,0.0,2,8,0.0,9,5,1,1
17422,37.0,1,999,0,-0.1,93.2,-42.0,4.223,5195.8,999.0,0,0.0,1.0,0.0,3,7,0.0,6,11,1,1
17423,35.0,7,999,0,1.4,93.918,-42.7,4.958,5228.1,999.0,0,0.0,0.0,0.0,3,4,0.0,10,7,1,1
17424,36.0,13,999,0,1.4,93.444,-36.1,4.963,5228.1,999.0,0,0.0,0.0,0.0,2,8,0.0,6,8,1,1
17425,46.0,4,999,0,-1.8,92.893,-46.2,1.327,5099.1,999.0,0,1.0,0.0,1.0,2,5,0.0,6,5,1,1
17426,31.0,6,999,0,1.4,93.918,-42.7,4.968,5228.1,999.0,0,1.0,0.0,1.0,2,7,0.0,1,7,1,1
17427,43.0,2,999,0,-1.8,93.075,-47.1,1.405,5099.1,999.0,0,1.0,0.0,0.0,2,4,0.0,4,4,2,1
17428,55.0,1,999,0,1.1,93.994,-36.4,4.857,5191.0,999.0,0,0.0,1.0,1.0,2,8,0.0,4,5,1,1
17429,23.0,1,999,0,-1.8,93.075,-47.1,1.392,5099.1,999.0,0,1.0,0.0,0.0,1,7,0.0,3,4,2,1
17430,53.0,1,999,0,1.1,93.994,-36.4,4.857,5191.0,999.0,0,0.0,0.0,1.0,2,8,0.0,3,5,1,1
17431,38.0,1,999,0,1.1,93.994,-36.4,4.857,5191.0,999.0,0,1.0,0.0,1.0,2,3,0.0,12,5,2,1
17432,31.0,2,999,0,1.1,93.994,-36.4,4.857,5191.0,999.0,0,1.0,0.0,1.0,2,7,0.0,3,5,2,1
17433,47.0,2,999,0,1.4,94.465,-41.8,4.866,5228.1,999.0,0,1.0,0.0,1.0,2,8,0.0,4,6,1,1
17434,31.0,1,999,0,-1.8,92.893,-46.2,1.291,5099.1,999.0,0,0.0,0.0,0.0,1,4,0.0,5,5,1,1
17435,38.0,1,999,0,1.4,94.465,-41.8,4.865,5228.1,999.0,0,0.0,0.0,1.0,1,8,0.0,5,6,2,1
17436,47.0,9,999,0,1.4,93.918,-42.7,4.96,5228.1,999.0,0,1.0,1.0,1.0,1,4,0.0,4,7,1,1
17437,28.0,1,999,0,-1.8,92.893,-46.2,1.281,5099.1,999.0,0,1.0,1.0,0.0,1,4,0.0,4,5,1,1
17438,37.0,3,999,0,1.1,93.994,-36.4,4.86,5191.0,999.0,0,1.0,0.0,1.0,1,8,0.0,4,5,1,1
17439,51.0,2,999,0,1.4,93.918,-42.7,4.962,5228.1,999.0,0,1.0,0.0,0.0,3,7,0.0,6,7,2,1
17440,40.0,2,999,0,1.4,94.465,-41.8,4.864,5228.1,999.0,0,1.0,1.0,1.0,2,4,0.0,4,6,1,1
17441,37.0,1,999,0,-2.9,92.963,-40.8,1.266,5076.2,999.0,0,1.0,0.0,0.0,2,3,0.0,7,6,2,1
17442,33.0,1,999,0,1.1,93.994,-36.4,4.86,5191.0,999.0,0,0.0,0.0,1.0,2,3,0.0,4,5,1,1
17443,37.0,2,7,3,-1.7,94.215,-40.3,0.782,4991.6,0.233333333333,3,0.0,0.0,0.0,1,8,0.0,6,7,1,3
17444,39.0,2,999,0,1.4,93.918,-42.7,4.963,5228.1,999.0,0,1.0,0.0,0.0,2,5,0.0,9,7,1,1
17445,34.0,3,999,0,1.4,93.918,-42.7,4.962,5228.1,999.0,0,1.0,1.0,0.0,2,7,0.0,5,7,1,1
17446,30.0,2,999,0,-0.1,93.2,-42.0,4.12,5195.8,999.0,0,0.0,0.0,0.0,2,4,0.0,4,11,1,1
17447,29.0,4,999,1,-0.1,93.2,-42.0,4.021,5195.8,999.0,0,0.0,0.0,1.0,1,6,0.0,6,11,1,2
17448,41.0,1,999,0,1.4,93.918,-42.7,4.955,5228.1,999.0,0,0.0,0.0,1.0,2,8,0.0,4,7,1,1
17449,31.0,2,999,0,1.1,93.994,-36.4,4.857,5191.0,999.0,0,0.0,0.0,1.0,2,2,0.0,4,5,2,1
17450,30.0,13,999,0,1.1,93.994,-36.4,4.86,5191.0,999.0,0,0.0,0.0,1.0,2,8,0.0,4,5,1,1
17451,36.0,2,999,0,1.4,93.444,-36.1,4.964,5228.1,999.0,0,0.0,1.0,0.0,1,7,0.0,2,8,1,1
17452,42.0,1,999,0,-1.8,92.893,-46.2,1.354,5099.1,999.0,0,0.0,1.0,0.0,2,6,0.0,6,5,2,1
17453,30.0,1,999,0,1.1,93.994,-36.4,4.857,5191.0,999.0,0,0.0,0.0,1.0,1,8,0.0,6,5,1,1
17454,31.0,2,999,0,-0.1,93.2,-42.0,4.191,5195.8,999.0,0,0.0,0.0,0.0,2,8,0.0,2,11,2,1
17455,51.0,1,999,1,-3.4,92.431,-26.9,0.737,5017.5,999.0,3,0.0,0.0,0.0,2,2,0.0,7,10,1,2
17456,59.0,1,999,0,1.1,93.994,-36.4,4.859,5191.0,999.0,0,1.0,0.0,1.0,2,2,0.0,4,5,1,1
17457,31.0,1,999,0,1.4,94.465,-41.8,4.958,5228.1,999.0,0,0.0,0.0,1.0,3,6,0.0,5,6,1,1
17458,34.0,1,999,0,-1.8,92.893,-46.2,1.313,5099.1,999.0,0,1.0,1.0,0.0,2,7,0.0,4,5,1,1
17459,39.0,4,999,0,1.4,93.918,-42.7,4.963,5228.1,999.0,0,1.0,0.0,1.0,2,8,0.0,6,7,1,1
17460,31.0,1,999,0,-1.1,94.199,-37.5,0.876,4963.6,999.0,0,0.0,0.0,0.0,2,8,0.0,8,9,1,1
17461,51.0,2,999,0,-0.1,93.2,-42.0,4.153,5195.8,999.0,0,1.0,0.0,0.0,2,8,0.0,6,11,1,1
17462,31.0,1,999,1,-1.8,93.075,-47.1,1.479,5099.1,999.0,2,1.0,0.0,0.0,2,5,0.0,8,4,1,2
17463,52.0,2,999,0,1.1,93.994,-36.4,4.859,5191.0,999.0,0,0.0,0.0,1.0,3,7,0.0,3,5,1,1
17464,41.0,1,999,0,-1.8,93.075,-47.1,1.405,5099.1,999.0,0,1.0,1.0,0.0,2,8,0.0,6,4,2,1
17465,31.0,1,999,0,1.4,93.918,-42.7,4.962,5228.1,999.0,0,0.0,0.0,0.0,3,8,0.0,5,7,1,1
17466,56.0,2,999,0,1.1,93.994,-36.4,4.86,5191.0,999.0,0,1.0,0.0,1.0,2,4,0.0,4,5,1,1
17467,31.0,3,999,0,-0.1,93.2,-42.0,4.021,5195.8,999.0,0,1.0,0.0,0.0,3,7,0.0,6,11,1,1
17468,25.0,2,999,0,-1.7,94.055,-39.8,0.72,4991.6,999.0,0,0.0,0.0,0.0,1,8,0.0,11,6,2,1
17469,31.0,3,999,0,1.4,93.918,-42.7,4.962,5228.1,999.0,0,0.0,0.0,0.0,1,5,0.0,6,7,2,1
17470,31.0,2,999,0,1.1,93.994,-36.4,4.856,5191.0,999.0,0,0.0,0.0,1.0,1,5,0.0,4,5,1,1
17471,38.0,5,999,0,1.4,94.465,-41.8,4.959,5228.1,999.0,0,1.0,0.0,1.0,2,8,0.0,4,6,1,1
17472,31.0,1,9,2,-1.7,94.027,-38.3,0.899,4991.6,0.3,0,0.0,0.0,0.0,1,7,0.0,11,8,1,2
17473,31.0,2,999,0,1.4,93.444,-36.1,4.966,5228.1,999.0,0,0.0,0.0,0.0,2,2,0.0,7,8,1,1
17474,51.0,2,999,0,-1.8,93.075,-47.1,1.405,5099.1,999.0,0,0.0,0.0,0.0,3,5,0.0,2,4,1,1
17475,31.0,11,999,0,1.4,93.444,-36.1,4.962,5228.1,999.0,0,0.0,0.0,0.0,2,7,0.0,5,8,1,1
17476,49.0,3,999,0,1.1,93.994,-36.4,4.859,5191.0,999.0,0,0.0,0.0,1.0,2,4,0.0,4,5,1,1
17477,29.0,3,999,0,-1.8,92.893,-46.2,1.299,5099.1,999.0,0,0.0,0.0,0.0,2,2,0.0,7,5,2,1
17478,32.0,3,999,0,1.4,93.444,-36.1,4.963,5228.1,999.0,0,0.0,0.0,0.0,2,8,0.0,5,8,1,1
17479,34.0,1,999,0,1.1,93.994,-36.4,4.858,5191.0,999.0,0,0.0,0.0,1.0,2,4,0.0,4,5,2,1
17480,41.0,1,999,0,-1.8,92.893,-46.2,1.334,5099.1,999.0,0,0.0,0.0,0.0,2,8,0.0,4,5,1,1
17481,44.0,2,999,0,1.1,93.994,-36.4,4.857,5191.0,999.0,0,0.0,0.0,1.0,1,6,0.0,4,5,2,1
17482,26.0,1,999,0,1.4,93.918,-42.7,4.96,5228.1,999.0,0,1.0,0.0,0.0,1,8,0.0,9,7,2,1
17483,57.0,1,999,0,1.4,94.465,-41.8,4.866,5228.1,999.0,0,0.0,0.0,1.0,1,8,0.0,8,6,1,1
17484,32.0,1,999,0,-0.1,93.2,-42.0,4.021,5195.8,999.0,0,0.0,0.0,0.0,3,5,0.0,5,11,1,1
17485,31.0,1,999,0,-1.1,94.199,-37.5,0.884,4963.6,999.0,0,1.0,0.0,1.0,1,7,0.0,6,9,1,1
17486,49.0,1,999,0,1.4,93.444,-36.1,4.97,5228.1,999.0,0,1.0,0.0,0.0,2,8,0.0,4,8,1,1
17487,38.0,1,999,0,-0.1,93.2,-42.0,4.12,5195.8,999.0,0,1.0,0.0,0.0,2,8,0.0,4,11,1,1
17488,31.0,1,999,0,1.1,93.994,-36.4,4.857,5191.0,999.0,0,0.0,0.0,1.0,1,2,0.0,9,5,1,1
17489,31.0,2,999,0,1.1,93.994,-36.4,4.864,5191.0,999.0,0,1.0,0.0,1.0,1,2,0.0,1,5,1,1
17490,29.0,16,999,0,1.4,94.465,-41.8,4.959,5228.1,999.0,0,1.0,0.0,1.0,2,8,0.0,6,6,1,1
17491,31.0,5,999,0,1.4,93.918,-42.7,4.963,5228.1,999.0,0,1.0,0.0,1.0,2,5,0.0,6,7,1,1
17492,43.0,1,999,0,1.4,94.465,-41.8,4.962,5228.1,999.0,0,1.0,0.0,1.0,2,2,0.0,4,6,1,1
17493,29.0,4,999,0,-0.1,93.2,-42.0,4.076,5195.8,999.0,0,1.0,0.0,0.0,2,8,0.0,9,11,1,1
17494,47.0,1,999,0,1.4,93.918,-42.7,4.958,5228.1,999.0,0,1.0,1.0,0.0,2,2,0.0,4,7,1,1
17495,30.0,2,999,1,-0.1,93.2,-42.0,4.076,5195.8,999.0,2,0.0,1.0,0.0,1,7,0.0,5,11,1,2
17496,54.0,5,999,0,1.4,93.444,-36.1,4.966,5228.1,999.0,0,1.0,0.0,0.0,2,5,0.0,9,8,1,1
17497,40.0,3,999,0,1.1,93.994,-36.4,4.857,5191.0,999.0,0,0.0,0.0,1.0,1,7,0.0,5,5,1,1
17498,27.0,5,12,1,-1.7,94.027,-38.3,0.886,4991.6,0.4,1,1.0,0.0,0.0,2,7,0.0,6,8,1,3
17499,31.0,1,999,0,1.1,93.994,-36.4,4.856,5191.0,999.0,0,1.0,0.0,1.0,2,7,0.0,3,5,1,1
17500,31.0,2,999,0,-3.0,92.713,-33.0,0.718,5023.5,999.0,0,0.0,0.0,0.0,1,7,0.0,6,12,1,1
17501,31.0,2,999,0,-0.1,93.2,-42.0,4.153,5195.8,999.0,0,1.0,0.0,0.0,2,8,0.0,4,11,1,1
17502,52.0,4,999,1,-1.8,92.893,-46.2,1.334,5099.1,999.0,1,0.0,0.0,0.0,2,8,0.0,4,5,1,2
17503,54.0,2,999,0,1.4,94.465,-41.8,4.961,5228.1,999.0,0,0.0,0.0,1.0,2,8,0.0,9,6,1,1
17504,48.0,1,999,2,-1.8,92.893,-46.2,1.327,5099.1,999.0,0,1.0,1.0,0.0,2,2,0.0,4,5,1,2
17505,31.0,1,999,0,1.1,93.994,-36.4,4.86,5191.0,999.0,0,1.0,0.0,1.0,2,5,0.0,6,5,1,1
17506,48.0,1,999,0,-0.1,93.2,-42.0,4.286,5195.8,999.0,0,0.0,0.0,1.0,2,5,0.0,6,11,1,1
17507,58.0,1,6,1,-0.1,93.2,-42.0,4.076,5195.8,0.2,3,1.0,0.0,0.0,2,8,0.0,4,11,1,3
17508,30.0,3,999,0,1.1,93.994,-36.4,4.856,5191.0,999.0,0,0.0,0.0,1.0,2,8,0.0,9,5,1,1
17509,24.0,1,999,0,-1.8,92.893,-46.2,1.266,5099.1,999.0,0,0.0,0.0,0.0,1,4,0.0,4,5,1,1
17510,40.0,1,999,1,-1.8,93.075,-47.1,1.405,5099.1,999.0,1,1.0,0.0,0.0,1,6,0.0,5,4,1,2
17511,31.0,1,999,0,1.4,93.918,-42.7,4.962,5228.1,999.0,0,1.0,0.0,0.0,2,3,0.0,3,7,1,1
17512,31.0,1,999,0,1.1,93.994,-36.4,4.857,5191.0,999.0,0,0.0,0.0,1.0,2,4,0.0,10,5,1,1
17513,52.0,1,999,0,-0.1,93.2,-42.0,4.191,5195.8,999.0,0,0.0,0.0,0.0,3,5,0.0,9,11,2,1
17514,40.0,8,999,0,1.4,93.444,-36.1,4.962,5228.1,999.0,0,1.0,0.0,0.0,2,8,0.0,5,8,1,1
17515,27.0,1,999,0,-1.8,92.893,-46.2,1.281,5099.1,999.0,0,0.0,0.0,0.0,1,5,0.0,6,5,1,1
17516,40.0,1,999,0,-0.1,93.2,-42.0,4.153,5195.8,999.0,0,0.0,0.0,0.0,2,4,0.0,4,11,1,1
17517,31.0,4,999,0,1.4,93.444,-36.1,4.965,5228.1,999.0,0,1.0,0.0,0.0,1,7,0.0,6,8,2,1
17518,31.0,3,999,0,1.1,93.994,-36.4,4.855,5191.0,999.0,0,0.0,1.0,1.0,3,8,0.0,5,5,1,1
17519,41.0,2,999,0,1.1,93.994,-36.4,4.856,5191.0,999.0,0,0.0,1.0,1.0,2,5,0.0,3,5,1,1
17520,31.0,2,999,0,1.1,93.994,-36.4,4.855,5191.0,999.0,0,1.0,0.0,1.0,2,6,0.0,5,5,1,1
17521,19.0,1,3,1,-2.9,92.201,-31.4,0.884,5076.2,0.1,2,0.0,0.0,0.0,1,4,0.0,11,8,2,3
17522,26.0,3,999,1,-1.8,92.893,-46.2,1.354,5099.1,999.0,1,0.0,0.0,0.0,1,5,0.0,11,5,2,2
17523,31.0,1,999,1,-0.1,93.2,-42.0,4.153,5195.8,999.0,0,0.0,0.0,0.0,1,7,0.0,5,11,1,2
17524,51.0,2,999,0,-1.8,92.893,-46.2,1.327,5099.1,999.0,0,0.0,0.0,0.0,2,6,0.0,9,5,1,1
17525,41.0,1,999,0,-1.8,92.893,-46.2,1.344,5099.1,999.0,0,1.0,0.0,0.0,2,2,0.0,4,5,1,1
17526,30.0,4,999,0,1.1,93.994,-36.4,4.86,5191.0,999.0,0,0.0,0.0,1.0,2,5,0.0,9,5,1,1
17527,35.0,5,999,0,-1.8,92.893,-46.2,1.266,5099.1,999.0,0,1.0,0.0,1.0,2,6,0.0,7,5,1,1
17528,53.0,1,999,0,1.4,93.444,-36.1,4.97,5228.1,999.0,0,0.0,0.0,0.0,2,4,0.0,9,8,2,1
17529,31.0,3,999,0,1.4,94.465,-41.8,4.865,5228.1,999.0,0,0.0,0.0,1.0,3,5,0.0,9,6,1,1
17530,48.0,1,999,0,1.4,93.444,-36.1,4.964,5228.1,999.0,0,0.0,0.0,0.0,2,8,0.0,5,8,1,1
17531,51.0,1,999,0,1.1,93.994,-36.4,4.856,5191.0,999.0,0,0.0,0.0,1.0,1,8,0.0,6,5,1,1
17532,36.0,2,999,0,1.1,93.994,-36.4,4.857,5191.0,999.0,0,0.0,0.0,1.0,1,4,0.0,9,5,1,1
17533,29.0,4,999,0,1.4,93.444,-36.1,4.962,5228.1,999.0,0,1.0,0.0,0.0,1,8,0.0,5,8,1,1
17534,30.0,2,999,0,-2.9,92.963,-40.8,1.26,5076.2,999.0,0,1.0,0.0,0.0,1,5,0.0,4,6,1,1
17535,31.0,2,999,0,1.4,94.465,-41.8,4.866,5228.1,999.0,0,0.0,0.0,1.0,3,7,0.0,3,6,1,1
17536,31.0,2,999,0,1.4,93.918,-42.7,4.961,5228.1,999.0,0,0.0,0.0,0.0,2,8,0.0,2,7,1,1
17537,31.0,1,999,0,1.4,93.918,-42.7,4.963,5228.1,999.0,0,1.0,0.0,0.0,1,8,0.0,6,7,1,1
17538,42.0,3,999,0,1.4,94.465,-41.8,4.962,5228.1,999.0,0,1.0,0.0,1.0,2,3,0.0,6,6,1,1
17539,31.0,1,999,1,-3.4,92.379,-29.8,0.768,5017.5,999.0,1,0.0,0.0,0.0,2,5,0.0,10,9,1,2
17540,54.0,6,999,0,1.4,94.465,-41.8,4.967,5228.1,999.0,0,0.0,1.0,1.0,2,4,0.0,7,6,1,1
17541,57.0,5,999,0,1.4,94.465,-41.8,4.864,5228.1,999.0,0,1.0,0.0,1.0,2,2,0.0,4,6,1,1
17542,55.0,1,999,0,-1.8,93.075,-47.1,1.466,5099.1,999.0,0,1.0,0.0,0.0,2,2,0.0,2,4,2,1
17543,31.0,4,999,0,1.4,94.465,-41.8,4.967,5228.1,999.0,0,1.0,1.0,1.0,2,5,0.0,6,6,1,1
17544,33.0,8,999,0,1.4,93.918,-42.7,4.963,5228.1,999.0,0,1.0,1.0,0.0,2,5,0.0,10,7,1,1
17545,58.0,4,999,0,1.4,93.918,-42.7,4.961,5228.1,999.0,0,1.0,0.0,0.0,3,8,0.0,5,7,1,1
17546,31.0,2,999,0,-1.8,93.075,-47.1,1.415,5099.1,999.0,0,1.0,0.0,0.0,3,6,0.0,5,4,1,1
17547,41.0,2,999,1,-1.8,92.893,-46.2,1.313,5099.1,999.0,1,0.0,0.0,0.0,1,3,0.0,4,5,1,2
17548,33.0,1,999,2,-2.9,92.201,-31.4,0.881,5076.2,999.0,2,0.0,0.0,0.0,2,4,0.0,4,8,1,2
17549,43.0,1,999,0,1.4,93.444,-36.1,4.962,5228.1,999.0,0,1.0,0.0,0.0,3,8,0.0,5,8,1,1
17550,31.0,2,999,0,-0.1,93.2,-42.0,4.021,5195.8,999.0,0,0.0,0.0,0.0,1,8,0.0,6,11,1,1
17551,45.0,2,999,0,1.1,93.994,-36.4,4.856,5191.0,999.0,0,0.0,0.0,1.0,1,8,0.0,5,5,1,1
17552,39.0,4,999,0,1.4,94.465,-41.8,4.864,5228.1,999.0,0,1.0,1.0,1.0,2,4,0.0,4,6,1,1
17553,32.0,1,6,3,-3.4,92.649,-30.1,0.714,5017.5,0.2,15,1.0,0.0,0.0,2,7,0.0,1,11,1,2
17554,55.0,2,999,0,-1.8,93.075,-47.1,1.405,5099.1,999.0,0,0.0,0.0,0.0,3,8,0.0,6,4,1,1
17555,34.0,1,999,1,-1.8,92.893,-46.2,1.327,5099.1,999.0,4,0.0,0.0,0.0,2,7,0.0,9,5,1,2
17556,53.0,2,999,0,1.4,94.465,-41.8,4.958,5228.1,999.0,0,1.0,0.0,1.0,2,8,0.0,4,6,1,1
17557,41.0,1,999,0,-0.1,93.2,-42.0,4.153,5195.8,999.0,0,0.0,0.0,0.0,1,7,0.0,6,11,1,1
17558,47.0,1,999,1,-1.8,92.893,-46.2,1.344,5099.1,999.0,1,1.0,0.0,1.0,2,8,0.0,7,5,1,2
17559,52.0,2,999,0,-1.8,93.876,-40.0,0.668,5008.7,999.0,0,1.0,0.0,0.0,2,8,0.0,6,5,1,1
17560,37.0,1,999,0,-0.1,93.2,-42.0,4.153,5195.8,999.0,0,0.0,0.0,0.0,2,5,0.0,5,11,1,1
17561,31.0,1,999,0,1.4,93.444,-36.1,4.964,5228.1,999.0,0,0.0,0.0,0.0,2,4,0.0,4,8,1,1
17562,30.0,1,999,0,-1.8,93.075,-47.1,1.423,5099.1,999.0,0,1.0,1.0,0.0,2,7,0.0,6,4,1,1
17563,51.0,2,999,0,1.1,93.994,-36.4,4.857,5191.0,999.0,0,1.0,0.0,1.0,2,8,0.0,3,5,1,1
17564,39.0,1,999,0,-0.1,93.2,-42.0,4.076,5195.8,999.0,0,1.0,1.0,0.0,2,8,0.0,3,11,1,1
17565,35.0,1,999,0,1.4,93.444,-36.1,4.968,5228.1,999.0,0,1.0,0.0,0.0,1,7,0.0,6,8,1,1
17566,59.0,2,999,0,1.4,93.444,-36.1,4.962,5228.1,999.0,0,1.0,0.0,0.0,2,5,0.0,6,8,1,1
17567,31.0,2,999,0,1.1,93.994,-36.4,4.857,5191.0,999.0,0,0.0,0.0,1.0,1,7,0.0,3,5,1,1
17568,34.0,1,999,0,-1.8,92.893,-46.2,1.281,5099.1,999.0,0,0.0,0.0,0.0,2,3,0.0,4,5,1,1
17569,31.0,6,999,0,1.4,93.918,-42.7,4.968,5228.1,999.0,0,0.0,1.0,0.0,3,7,0.0,1,7,1,1
17570,45.0,1,999,0,1.4,93.444,-36.1,4.97,5228.1,999.0,0,1.0,0.0,0.0,3,8,0.0,3,8,2,1
17571,52.0,1,999,0,1.1,93.994,-36.4,4.857,5191.0,999.0,0,1.0,0.0,1.0,2,6,0.0,3,5,1,1
17572,31.0,1,999,0,-1.8,92.893,-46.2,1.25,5099.1,999.0,0,1.0,0.0,0.0,2,5,0.0,4,5,1,1
17573,31.0,1,999,0,1.1,93.994,-36.4,4.857,5191.0,999.0,0,1.0,0.0,1.0,2,5,0.0,9,5,1,1
17574,31.0,1,999,1,-1.8,93.075,-47.1,1.479,5099.1,999.0,1,1.0,0.0,0.0,2,2,0.0,4,4,1,2
17575,41.0,1,999,0,-1.8,93.075,-47.1,1.405,5099.1,999.0,0,1.0,0.0,0.0,1,2,0.0,4,4,2,1
17576,37.0,2,999,0,-1.8,92.893,-46.2,1.327,5099.1,999.0,0,0.0,0.0,1.0,1,8,0.0,3,5,1,1
17577,31.0,1,999,0,1.4,93.918,-42.7,4.962,5228.1,999.0,0,1.0,0.0,0.0,2,4,0.0,4,7,1,1
17578,31.0,2,999,1,-0.1,93.2,-42.0,4.191,5195.8,999.0,2,0.0,0.0,0.0,1,5,0.0,9,11,2,2
17579,35.0,1,999,0,1.4,93.918,-42.7,4.963,5228.1,999.0,0,0.0,0.0,0.0,2,5,0.0,6,7,1,1
17580,39.0,1,999,0,-1.8,92.893,-46.2,1.266,5099.1,999.0,0,1.0,0.0,0.0,2,4,0.0,4,5,1,1
17581,42.0,1,6,2,-1.7,94.027,-38.3,0.899,4991.6,0.2,0,0.0,0.0,0.0,2,8,0.0,5,8,1,3
17582,50.0,2,999,0,1.4,93.444,-36.1,4.963,5228.1,999.0,0,1.0,0.0,0.0,2,2,0.0,4,8,1,1
17583,29.0,5,999,0,1.1,93.994,-36.4,4.857,5191.0,999.0,0,0.0,0.0,1.0,2,4,0.0,4,5,1,1
17584,44.0,2,999,1,-0.1,93.2,-42.0,4.191,5195.8,999.0,2,1.0,0.0,0.0,2,7,0.0,7,11,2,2
17585,31.0,3,999,0,1.4,93.444,-36.1,4.965,5228.1,999.0,0,0.0,0.0,0.0,1,7,0.0,5,8,1,1
17586,47.0,1,999,0,-1.8,92.893,-46.2,1.327,5099.1,999.0,0,0.0,0.0,0.0,2,5,0.0,9,5,1,1
17587,31.0,1,999,0,1.4,93.444,-36.1,4.967,5228.1,999.0,0,1.0,1.0,0.0,3,8,0.0,6,8,1,1
17588,40.0,3,999,0,1.4,94.465,-41.8,4.959,5228.1,999.0,0,0.0,0.0,1.0,2,4,0.0,4,6,1,1
17589,58.0,1,999,0,1.4,93.444,-36.1,4.964,5228.1,999.0,0,1.0,0.0,0.0,2,8,0.0,8,8,1,1
17590,31.0,5,999,1,-0.1,93.2,-42.0,4.021,5195.8,999.0,1,1.0,0.0,0.0,3,7,0.0,5,11,1,2
17591,34.0,6,999,0,1.4,93.918,-42.7,4.96,5228.1,999.0,0,1.0,0.0,0.0,2,5,0.0,9,7,1,1
17592,39.0,3,999,0,1.4,94.465,-41.8,4.958,5228.1,999.0,0,0.0,0.0,1.0,1,8,0.0,6,6,1,1
17593,31.0,2,999,0,1.1,93.994,-36.4,4.857,5191.0,999.0,0,0.0,0.0,1.0,1,5,0.0,4,5,2,1
17594,33.0,1,999,0,-0.1,93.2,-42.0,4.406,5195.8,999.0,0,1.0,0.0,1.0,1,8,0.0,5,11,2,1
17595,48.0,4,999,0,1.4,93.444,-36.1,4.968,5228.1,999.0,0,1.0,1.0,0.0,2,2,0.0,2,8,1,1
17596,31.0,6,999,0,-1.8,92.893,-46.2,1.244,5099.1,999.0,0,1.0,0.0,0.0,2,4,0.0,2,5,2,1
17597,57.0,7,999,0,1.1,93.994,-36.4,4.857,5191.0,999.0,0,0.0,0.0,1.0,2,6,0.0,5,5,1,1
17598,50.0,1,999,0,1.4,94.465,-41.8,4.967,5228.1,999.0,0,0.0,1.0,1.0,2,5,0.0,6,6,1,1
17599,39.0,6,999,0,1.1,93.994,-36.4,4.857,5191.0,999.0,0,0.0,0.0,1.0,2,3,0.0,6,5,1,1
17600,32.0,1,999,1,-1.8,92.893,-46.2,1.266,5099.1,999.0,2,1.0,0.0,0.0,1,5,0.0,6,5,1,2
17601,31.0,5,999,0,-0.1,93.2,-42.0,4.076,5195.8,999.0,0,0.0,0.0,0.0,1,8,0.0,9,11,1,1
17602,31.0,1,999,0,1.1,93.994,-36.4,4.857,5191.0,999.0,0,0.0,0.0,1.0,2,8,0.0,12,5,1,1
17603,35.0,1,999,0,-0.1,93.2,-42.0,4.153,5195.8,999.0,0,1.0,0.0,0.0,2,8,0.0,6,11,1,1
17604,37.0,2,999,1,-1.8,93.075,-47.1,1.479,5099.1,999.0,4,1.0,0.0,0.0,2,5,0.0,6,4,1,2
17605,31.0,11,999,0,1.1,93.994,-36.4,4.859,5191.0,999.0,0,1.0,0.0,1.0,2,5,0.0,2,5,1,1
17606,32.0,4,999,0,1.1,93.994,-36.4,4.86,5191.0,999.0,0,1.0,1.0,1.0,2,4,0.0,4,5,1,1
17607,31.0,1,999,0,-0.1,93.2,-42.0,4.076,5195.8,999.0,0,1.0,0.0,0.0,1,6,0.0,5,11,1,1
17608,31.0,2,999,0,1.1,93.994,-36.4,4.86,5191.0,999.0,0,0.0,0.0,1.0,2,7,0.0,3,5,1,1
17609,23.0,2,999,0,-1.8,92.843,-50.0,1.757,5099.1,999.0,0,1.0,0.0,0.0,1,7,0.0,6,3,1,1
17610,39.0,12,999,0,1.1,93.994,-36.4,4.859,5191.0,999.0,0,0.0,0.0,1.0,2,8,0.0,4,5,1,1
17611,42.0,1,999,0,-0.1,93.2,-42.0,4.021,5195.8,999.0,0,1.0,0.0,0.0,3,8,0.0,6,11,1,1
17612,39.0,7,999,0,1.4,93.918,-42.7,4.957,5228.1,999.0,0,0.0,0.0,0.0,1,2,0.0,4,7,1,1
17613,26.0,3,999,0,-1.8,92.893,-46.2,1.25,5099.1,999.0,0,1.0,0.0,0.0,1,5,0.0,6,5,1,1
17614,25.0,6,999,0,1.4,94.465,-41.8,4.961,5228.1,999.0,0,0.0,0.0,1.0,1,7,0.0,5,6,2,1
17615,31.0,2,999,0,-1.8,92.893,-46.2,1.244,5099.1,999.0,0,1.0,0.0,0.0,1,8,0.0,5,5,2,1
17616,31.0,2,999,2,-1.1,94.601,-49.5,0.982,4963.6,999.0,4,0.0,0.0,0.0,2,8,0.0,2,10,1,2
17617,31.0,2,999,0,1.4,93.918,-42.7,4.957,5228.1,999.0,0,1.0,0.0,0.0,2,8,0.0,4,7,1,1
17618,44.0,2,999,0,1.4,94.465,-41.8,4.959,5228.1,999.0,0,0.0,0.0,1.0,3,7,0.0,6,6,1,1
17619,31.0,9,999,0,1.4,93.918,-42.7,4.96,5228.1,999.0,0,1.0,0.0,0.0,3,2,0.0,2,7,2,1
17620,50.0,2,999,0,1.1,93.994,-36.4,4.857,5191.0,999.0,0,1.0,1.0,1.0,1,7,0.0,3,5,1,1
17621,48.0,6,999,0,1.4,93.444,-36.1,4.963,5228.1,999.0,0,1.0,0.0,0.0,2,2,0.0,4,8,1,1
17622,26.0,2,999,0,-1.8,92.893,-46.2,1.266,5099.1,999.0,0,1.0,0.0,0.0,2,6,0.0,4,5,1,1
17623,72.0,1,999,1,-1.1,94.199,-37.5,0.886,4963.6,999.0,0,0.0,0.0,0.0,2,8,0.0,8,9,1,2
17624,32.0,1,999,0,-0.1,93.2,-42.0,4.153,5195.8,999.0,0,1.0,0.0,1.0,2,4,0.0,4,11,1,1
17625,30.0,2,999,0,1.4,93.918,-42.7,4.961,5228.1,999.0,0,1.0,0.0,0.0,1,7,0.0,6,7,1,1
17626,31.0,1,999,1,-0.1,93.2,-42.0,4.191,5195.8,999.0,2,1.0,0.0,0.0,2,4,0.0,1,11,2,2
17627,31.0,10,999,0,1.4,93.918,-42.7,4.963,5228.1,999.0,0,1.0,0.0,0.0,1,8,0.0,9,7,1,1
17628,30.0,1,999,1,-1.8,92.893,-46.2,1.281,5099.1,999.0,1,0.0,0.0,0.0,2,4,0.0,4,5,1,2
17629,25.0,7,999,0,1.4,93.918,-42.7,4.961,5228.1,999.0,0,0.0,0.0,0.0,1,7,0.0,7,7,1,1
17630,31.0,3,999,0,-1.8,92.893,-46.2,1.327,5099.1,999.0,0,0.0,0.0,0.0,2,8,0.0,3,5,1,1
17631,46.0,1,999,0,1.4,94.465,-41.8,4.866,5228.1,999.0,0,0.0,0.0,1.0,2,6,0.0,4,6,1,1
17632,37.0,1,999,1,-0.1,93.2,-42.0,4.12,5195.8,999.0,1,0.0,0.0,0.0,3,7,0.0,3,11,1,2
17633,31.0,1,999,0,1.4,93.444,-36.1,4.968,5228.1,999.0,0,1.0,0.0,0.0,1,7,0.0,6,8,1,1
17634,32.0,16,999,0,1.1,93.994,-36.4,4.857,5191.0,999.0,0,0.0,0.0,1.0,1,8,0.0,5,5,1,1
17635,27.0,2,6,2,-3.4,92.379,-29.8,0.77,5017.5,0.2,6,1.0,0.0,0.0,2,7,0.0,6,9,1,2
17636,45.0,1,999,0,1.1,93.994,-36.4,4.857,5191.0,999.0,0,0.0,0.0,1.0,2,4,0.0,9,5,2,1
17637,31.0,3,999,0,1.4,93.444,-36.1,4.963,5228.1,999.0,0,0.0,0.0,0.0,3,5,0.0,6,8,1,1
17638,53.0,2,999,0,1.4,93.918,-42.7,4.963,5228.1,999.0,0,1.0,0.0,0.0,2,8,0.0,8,7,1,1
17639,37.0,10,999,0,1.4,93.918,-42.7,4.957,5228.1,999.0,0,1.0,0.0,0.0,2,8,0.0,4,7,1,1
17640,31.0,20,999,0,1.4,93.918,-42.7,4.963,5228.1,999.0,0,1.0,0.0,0.0,1,8,0.0,9,7,1,1
17641,35.0,3,999,0,1.4,93.444,-36.1,4.965,5228.1,999.0,0,1.0,0.0,0.0,1,8,0.0,5,8,1,1
17642,34.0,2,999,0,1.1,93.994,-36.4,4.855,5191.0,999.0,0,1.0,0.0,1.0,2,7,0.0,6,5,1,1
17643,48.0,2,999,0,1.4,93.444,-36.1,4.965,5228.1,999.0,0,1.0,0.0,0.0,2,8,0.0,9,8,2,1
17644,31.0,1,999,1,-0.1,93.2,-42.0,4.076,5195.8,999.0,1,1.0,0.0,0.0,1,7,0.0,6,11,1,2
17645,33.0,1,999,0,-1.8,92.893,-46.2,1.244,5099.1,999.0,0,1.0,0.0,0.0,1,6,0.0,6,5,2,1
17646,31.0,22,999,0,1.1,93.994,-36.4,4.859,5191.0,999.0,0,1.0,0.0,1.0,1,2,0.0,1,5,1,1
17647,29.0,2,999,0,1.4,93.444,-36.1,4.964,5228.1,999.0,0,1.0,0.0,0.0,1,7,0.0,6,8,1,1
17648,35.0,1,999,0,-0.1,93.2,-42.0,4.191,5195.8,999.0,0,0.0,0.0,1.0,2,7,0.0,1,11,2,1
17649,28.0,2,3,2,-1.8,92.893,-46.2,1.266,5099.1,0.1,4,1.0,0.0,0.0,2,8,0.0,4,5,1,3
17650,48.0,3,999,0,1.4,93.444,-36.1,4.967,5228.1,999.0,0,1.0,0.0,0.0,3,6,0.0,5,8,1,1
17651,31.0,1,999,0,1.1,93.994,-36.4,4.856,5191.0,999.0,0,1.0,0.0,1.0,1,5,0.0,4,5,1,1
17652,33.0,2,999,0,1.4,93.444,-36.1,4.966,5228.1,999.0,0,1.0,0.0,0.0,1,6,0.0,5,8,1,1
17653,41.0,1,999,0,1.1,93.994,-36.4,4.857,5191.0,999.0,0,1.0,0.0,1.0,3,2,0.0,4,5,2,1
17654,31.0,1,999,0,1.4,93.918,-42.7,4.962,5228.1,999.0,0,0.0,0.0,0.0,2,2,0.0,4,7,1,1
17655,42.0,8,999,0,1.4,94.465,-41.8,4.958,5228.1,999.0,0,0.0,0.0,1.0,2,7,0.0,3,6,1,1
17656,45.0,1,999,0,1.4,93.918,-42.7,4.962,5228.1,999.0,0,0.0,0.0,0.0,3,5,0.0,6,7,2,1
17657,51.0,2,999,0,-1.8,93.075,-47.1,1.41,5099.1,999.0,0,0.0,0.0,0.0,2,1,0.0,7,4,1,1
17658,31.0,1,999,0,-1.8,92.893,-46.2,1.313,5099.1,999.0,0,1.0,1.0,0.0,2,5,0.0,4,5,1,1
17659,31.0,2,999,0,-1.8,92.893,-46.2,1.266,5099.1,999.0,0,0.0,0.0,1.0,2,8,0.0,4,5,1,1
17660,31.0,2,999,0,1.4,93.444,-36.1,4.965,5228.1,999.0,0,0.0,0.0,0.0,2,8,0.0,5,8,2,1
17661,49.0,2,999,0,-1.8,93.075,-47.1,1.405,5099.1,999.0,0,1.0,0.0,0.0,2,4,0.0,4,4,1,1
17662,35.0,1,999,0,1.1,93.994,-36.4,4.856,5191.0,999.0,0,1.0,0.0,1.0,1,7,0.0,6,5,1,1
17663,39.0,1,999,0,-0.1,93.2,-42.0,4.153,5195.8,999.0,0,1.0,0.0,0.0,2,5,0.0,6,11,1,1
17664,29.0,3,999,0,1.4,93.444,-36.1,4.963,5228.1,999.0,0,1.0,0.0,0.0,1,7,0.0,5,8,1,1
17665,31.0,3,999,0,1.4,94.465,-41.8,4.959,5228.1,999.0,0,0.0,0.0,1.0,1,7,0.0,11,6,1,1
17666,31.0,2,999,0,1.4,93.918,-42.7,4.962,5228.1,999.0,0,1.0,0.0,0.0,2,5,0.0,9,7,2,1
17667,29.0,3,999,0,1.4,93.918,-42.7,4.968,5228.1,999.0,0,0.0,1.0,0.0,1,5,0.0,6,7,1,1
17668,24.0,2,999,0,1.1,93.994,-36.4,4.864,5191.0,999.0,0,1.0,0.0,1.0,2,4,0.0,4,5,1,1
17669,58.0,1,999,0,-1.8,92.893,-46.2,1.244,5099.1,999.0,0,1.0,0.0,0.0,2,7,0.0,1,5,1,1
17670,45.0,3,999,0,-1.8,93.075,-47.1,1.466,5099.1,999.0,0,1.0,0.0,0.0,2,5,0.0,6,4,2,1
17671,34.0,4,999,0,1.4,93.918,-42.7,4.96,5228.1,999.0,0,1.0,0.0,0.0,3,6,0.0,5,7,1,1
17672,31.0,1,999,0,-0.1,93.2,-42.0,4.021,5195.8,999.0,0,1.0,0.0,0.0,2,6,0.0,5,11,1,1
17673,31.0,1,999,0,-1.8,92.893,-46.2,1.291,5099.1,999.0,0,1.0,0.0,0.0,2,8,0.0,6,5,1,1
17674,24.0,1,999,0,1.1,93.994,-36.4,4.858,5191.0,999.0,0,0.0,0.0,1.0,1,8,0.0,9,5,1,1
17675,57.0,6,999,0,1.4,93.918,-42.7,4.961,5228.1,999.0,0,0.0,0.0,0.0,3,3,0.0,4,7,1,1
17676,31.0,2,999,0,1.4,93.918,-42.7,4.962,5228.1,999.0,0,0.0,1.0,0.0,2,7,0.0,1,7,1,1
17677,31.0,3,999,0,-1.8,93.075,-47.1,1.405,5099.1,999.0,0,0.0,1.0,0.0,2,7,0.0,3,4,1,1
17678,49.0,1,999,0,1.1,93.994,-36.4,4.856,5191.0,999.0,0,1.0,0.0,1.0,2,4,0.0,7,5,1,1
17679,41.0,1,999,0,1.4,93.444,-36.1,4.963,5228.1,999.0,0,0.0,0.0,0.0,2,3,0.0,1,8,1,1
17680,31.0,1,999,0,-1.8,93.369,-34.8,0.653,5008.7,999.0,0,1.0,1.0,0.0,3,7,0.0,6,3,1,1
17681,51.0,3,999,0,-0.1,93.2,-42.0,4.153,5195.8,999.0,0,0.0,1.0,0.0,2,8,0.0,6,11,1,1
17682,39.0,3,999,1,-1.8,92.893,-46.2,1.327,5099.1,999.0,2,0.0,0.0,0.0,2,2,0.0,4,5,1,2
17683,47.0,4,999,0,1.1,93.994,-36.4,4.86,5191.0,999.0,0,1.0,0.0,1.0,2,4,0.0,4,5,1,1
17684,43.0,1,999,1,-3.4,92.379,-29.8,0.75,5017.5,999.0,0,0.0,0.0,0.0,2,8,0.0,9,9,1,2
17685,31.0,3,999,0,1.4,93.918,-42.7,4.962,5228.1,999.0,0,0.0,0.0,1.0,2,3,0.0,4,7,1,1
17686,27.0,3,999,0,1.4,93.918,-42.7,4.962,5228.1,999.0,0,1.0,0.0,0.0,1,4,0.0,4,7,2,1
17687,52.0,1,999,0,1.1,93.994,-36.4,4.856,5191.0,999.0,0,1.0,1.0,1.0,1,5,0.0,4,5,1,1
17688,50.0,1,999,0,1.1,93.994,-36.4,4.855,5191.0,999.0,0,1.0,1.0,1.0,1,8,0.0,3,5,1,1
17689,31.0,4,999,0,-1.8,92.893,-46.2,1.313,5099.1,999.0,0,0.0,0.0,0.0,3,8,0.0,9,5,1,1
17690,35.0,1,999,0,-1.8,92.893,-46.2,1.344,5099.1,999.0,0,1.0,0.0,0.0,1,8,0.0,6,5,1,1
17691,33.0,1,999,0,1.4,93.918,-42.7,4.958,5228.1,999.0,0,0.0,0.0,0.0,2,7,0.0,6,7,1,1
17692,30.0,22,999,0,1.4,94.465,-41.8,4.959,5228.1,999.0,0,0.0,0.0,1.0,1,2,0.0,4,6,1,1
17693,46.0,1,999,0,1.4,94.465,-41.8,4.866,5228.1,999.0,0,0.0,0.0,1.0,2,4,0.0,1,6,1,1
17694,42.0,1,999,0,-1.8,92.893,-46.2,1.291,5099.1,999.0,0,0.0,0.0,0.0,2,8,0.0,4,5,1,1
17695,51.0,2,999,0,1.1,93.994,-36.4,4.855,5191.0,999.0,0,1.0,0.0,1.0,2,5,0.0,9,5,1,1
17696,29.0,1,999,0,1.4,93.918,-42.7,4.957,5228.1,999.0,0,0.0,0.0,0.0,3,5,0.0,5,7,1,1
17697,33.0,1,999,0,1.1,93.994,-36.4,4.857,5191.0,999.0,0,0.0,1.0,1.0,2,5,0.0,6,5,1,1
17698,29.0,2,999,0,-2.9,92.963,-40.8,1.268,5076.2,999.0,0,1.0,0.0,0.0,1,5,0.0,6,6,1,1
17699,48.0,1,999,0,1.1,93.994,-36.4,4.86,5191.0,999.0,0,1.0,0.0,1.0,1,8,0.0,6,5,1,1
17700,41.0,2,6,3,-1.8,93.369,-34.8,0.653,5008.7,0.2,3,1.0,0.0,0.0,3,8,0.0,6,3,1,3
17701,54.0,1,999,0,1.4,93.444,-36.1,4.965,5228.1,999.0,0,0.0,0.0,0.0,2,2,0.0,9,8,1,1
17702,42.0,1,999,0,1.1,93.994,-36.4,4.857,5191.0,999.0,0,1.0,0.0,1.0,2,8,0.0,7,5,1,1
17703,39.0,1,999,0,1.4,94.465,-41.8,4.866,5228.1,999.0,0,0.0,0.0,1.0,2,3,0.0,4,6,1,1
17704,29.0,2,999,0,1.4,93.444,-36.1,4.962,5228.1,999.0,0,1.0,0.0,0.0,1,7,0.0,3,8,1,1
17705,24.0,1,999,0,1.4,93.918,-42.7,4.958,5228.1,999.0,0,1.0,0.0,0.0,1,5,0.0,6,7,1,1
17706,43.0,1,999,0,-1.8,92.893,-46.2,1.291,5099.1,999.0,0,0.0,0.0,0.0,1,7,0.0,6,5,1,1
17707,31.0,1,999,0,1.1,93.994,-36.4,4.859,5191.0,999.0,0,1.0,0.0,1.0,2,4,0.0,4,5,1,1
17708,38.0,17,999,0,1.4,93.918,-42.7,4.963,5228.1,999.0,0,0.0,0.0,0.0,1,7,0.0,3,7,1,1
17709,32.0,1,999,0,-0.1,93.2,-42.0,4.076,5195.8,999.0,0,1.0,0.0,0.0,2,6,0.0,5,11,1,1
17710,33.0,2,999,1,-1.8,92.893,-46.2,1.334,5099.1,999.0,3,0.0,0.0,0.0,2,8,0.0,3,5,1,2
17711,31.0,1,999,0,-0.1,93.2,-42.0,4.153,5195.8,999.0,0,0.0,0.0,0.0,2,8,0.0,5,11,1,1
17712,39.0,1,999,0,-1.8,92.893,-46.2,1.334,5099.1,999.0,0,1.0,0.0,0.0,1,8,0.0,4,5,1,1
17713,31.0,2,999,2,-1.7,94.215,-40.3,0.827,4991.6,999.0,8,0.0,1.0,0.0,1,8,0.0,4,7,2,2
17714,57.0,2,999,0,1.1,93.994,-36.4,4.856,5191.0,999.0,0,1.0,1.0,1.0,3,8,0.0,3,5,1,1
17715,32.0,3,999,0,-1.8,92.893,-46.2,1.281,5099.1,999.0,0,0.0,1.0,0.0,1,5,0.0,4,5,1,1
17716,53.0,2,999,0,1.4,93.918,-42.7,4.963,5228.1,999.0,0,1.0,1.0,0.0,2,4,0.0,3,7,1,1
17717,56.0,1,999,0,-0.1,93.2,-42.0,4.153,5195.8,999.0,0,1.0,0.0,0.0,3,3,0.0,9,11,1,1
17718,55.0,3,999,0,1.4,93.444,-36.1,4.964,5228.1,999.0,0,1.0,0.0,0.0,2,6,0.0,4,8,1,1
17719,31.0,2,999,0,-2.9,92.963,-40.8,1.26,5076.2,999.0,0,1.0,1.0,0.0,1,7,0.0,5,6,1,1
17720,37.0,15,999,0,1.4,93.918,-42.7,4.96,5228.1,999.0,0,0.0,0.0,0.0,1,5,0.0,6,7,2,1
17721,30.0,1,999,0,1.4,93.444,-36.1,4.963,5228.1,999.0,0,1.0,1.0,0.0,2,8,0.0,5,8,1,1
17722,63.0,3,999,0,-2.9,92.201,-31.4,0.869,5076.2,999.0,0,1.0,1.0,0.0,2,2,0.0,4,8,1,1
17723,39.0,1,999,0,1.1,93.994,-36.4,4.857,5191.0,999.0,0,0.0,0.0,1.0,2,4,0.0,4,5,2,1
17724,32.0,1,3,2,-2.9,92.963,-40.8,1.262,5076.2,0.1,2,1.0,0.0,0.0,2,7,0.0,6,6,1,2
17725,43.0,2,999,0,1.1,93.994,-36.4,4.857,5191.0,999.0,0,0.0,0.0,1.0,2,8,0.0,9,5,1,1
17726,31.0,1,999,0,1.1,93.994,-36.4,4.856,5191.0,999.0,0,1.0,0.0,1.0,3,7,0.0,6,5,1,1
17727,66.0,1,999,0,-1.8,93.749,-34.6,0.642,5008.7,999.0,0,1.0,0.0,0.0,3,2,0.0,8,4,1,1
17728,45.0,1,999,0,-0.1,93.2,-42.0,4.076,5195.8,999.0,0,1.0,1.0,0.0,3,6,0.0,5,11,1,1
17729,30.0,1,999,0,-0.1,93.2,-42.0,4.076,5195.8,999.0,0,1.0,1.0,0.0,1,7,0.0,5,11,1,1
17730,31.0,3,999,0,-0.1,93.2,-42.0,4.12,5195.8,999.0,0,0.0,0.0,0.0,2,8,0.0,6,11,1,1
17731,28.0,1,999,0,1.4,93.918,-42.7,4.958,5228.1,999.0,0,1.0,0.0,0.0,1,8,0.0,4,7,1,1
17732,47.0,1,999,0,1.4,93.918,-42.7,4.968,5228.1,999.0,0,1.0,1.0,1.0,2,8,0.0,4,7,1,1
17733,31.0,5,999,0,1.1,93.994,-36.4,4.859,5191.0,999.0,0,0.0,0.0,1.0,1,8,0.0,11,5,1,1
17734,31.0,1,999,1,-1.8,93.075,-47.1,1.405,5099.1,999.0,2,1.0,0.0,0.0,1,4,0.0,10,4,1,2
17735,40.0,2,999,0,1.4,93.918,-42.7,4.955,5228.1,999.0,0,0.0,1.0,1.0,2,5,0.0,6,7,1,1
17736,27.0,4,999,0,1.4,94.465,-41.8,4.959,5228.1,999.0,0,1.0,1.0,1.0,1,5,0.0,3,6,1,1
17737,31.0,1,999,1,-1.8,93.876,-40.0,0.677,5008.7,999.0,3,1.0,0.0,0.0,1,2,0.0,11,5,1,2
17738,40.0,2,999,0,1.1,93.994,-36.4,4.857,5191.0,999.0,0,0.0,0.0,1.0,2,8,0.0,4,5,1,1
17739,43.0,1,999,0,-1.8,93.075,-47.1,1.41,5099.1,999.0,0,0.0,0.0,0.0,2,8,0.0,3,4,1,1
17740,53.0,1,999,0,1.4,94.465,-41.8,4.961,5228.1,999.0,0,0.0,0.0,1.0,2,8,0.0,3,6,1,1
17741,31.0,1,999,1,-3.4,92.379,-29.8,0.809,5017.5,999.0,1,0.0,0.0,0.0,2,7,0.0,6,9,1,2
17742,31.0,2,999,0,-1.1,94.199,-37.5,0.883,4963.6,999.0,0,1.0,0.0,0.0,1,6,0.0,5,9,1,1
17743,22.0,1,12,2,-1.7,94.055,-39.8,0.72,4991.6,0.4,2,0.0,1.0,0.0,1,5,0.0,11,6,2,2
17744,54.0,1,999,0,1.4,93.444,-36.1,4.964,5228.1,999.0,0,1.0,1.0,0.0,2,8,0.0,4,8,1,1
17745,31.0,1,999,0,1.1,93.994,-36.4,4.857,5191.0,999.0,0,0.0,0.0,1.0,2,5,0.0,8,5,1,1
17746,51.0,1,999,0,1.4,93.918,-42.7,4.963,5228.1,999.0,0,1.0,0.0,0.0,2,4,0.0,4,7,1,1
17747,46.0,1,999,0,1.4,93.918,-42.7,4.962,5228.1,999.0,0,0.0,0.0,0.0,2,2,0.0,2,7,1,1
17748,30.0,1,999,2,-1.8,92.893,-46.2,1.266,5099.1,999.0,2,0.0,0.0,0.0,4,4,0.0,11,5,1,2
17749,31.0,4,999,0,1.1,93.994,-36.4,4.857,5191.0,999.0,0,1.0,0.0,1.0,2,4,0.0,4,5,1,1
17750,47.0,4,999,0,-2.9,92.963,-40.8,1.262,5076.2,999.0,0,0.0,0.0,0.0,2,8,0.0,3,6,1,1
17751,48.0,4,999,0,1.4,93.918,-42.7,4.962,5228.1,999.0,0,1.0,0.0,0.0,3,6,0.0,5,7,1,1
17752,32.0,1,999,1,-1.8,92.893,-46.2,1.299,5099.1,999.0,3,0.0,0.0,0.0,2,8,0.0,4,5,2,2
17753,43.0,2,999,0,1.4,94.465,-41.8,4.959,5228.1,999.0,0,0.0,0.0,1.0,2,6,0.0,10,6,1,1
17754,31.0,3,999,0,1.4,93.444,-36.1,4.968,5228.1,999.0,0,0.0,0.0,0.0,2,5,0.0,4,8,1,1
17755,27.0,9,999,0,1.4,93.918,-42.7,4.96,5228.1,999.0,0,0.0,0.0,1.0,1,7,0.0,6,7,2,1
17756,36.0,5,999,0,-1.8,92.893,-46.2,1.313,5099.1,999.0,0,1.0,1.0,0.0,2,8,0.0,4,5,1,1
17757,31.0,2,999,0,1.4,94.465,-41.8,4.864,5228.1,999.0,0,0.0,0.0,1.0,1,8,0.0,4,6,1,1
17758,31.0,4,999,0,1.4,93.918,-42.7,4.962,5228.1,999.0,0,1.0,1.0,0.0,2,8,0.0,9,7,1,1
17759,31.0,1,999,0,1.1,93.994,-36.4,4.855,5191.0,999.0,0,0.0,0.0,1.0,2,5,0.0,7,5,1,1
17760,32.0,2,999,0,1.4,94.465,-41.8,4.962,5228.1,999.0,0,1.0,0.0,1.0,1,8,0.0,4,6,1,1
17761,31.0,1,999,0,1.4,94.465,-41.8,4.961,5228.1,999.0,0,1.0,1.0,1.0,1,8,0.0,5,6,2,1
17762,51.0,1,999,0,1.4,94.465,-41.8,4.864,5228.1,999.0,0,0.0,0.0,1.0,2,8,0.0,4,6,1,1
17763,31.0,1,999,0,-3.4,92.431,-26.9,0.73,5017.5,999.0,0,0.0,0.0,0.0,1,7,0.0,1,10,1,1
17764,28.0,1,999,0,1.1,93.994,-36.4,4.857,5191.0,999.0,0,0.0,0.0,1.0,2,8,0.0,9,5,1,1
17765,40.0,6,999,0,1.4,94.465,-41.8,4.96,5228.1,999.0,0,0.0,0.0,1.0,2,8,0.0,5,6,2,1
17766,30.0,1,999,0,1.1,93.994,-36.4,4.857,5191.0,999.0,0,1.0,0.0,1.0,1,8,0.0,1,5,1,1
17767,51.0,1,999,0,-0.1,93.2,-42.0,4.153,5195.8,999.0,0,1.0,0.0,0.0,2,4,0.0,4,11,1,1
17768,26.0,2,999,0,1.4,94.465,-41.8,4.96,5228.1,999.0,0,1.0,0.0,1.0,2,6,0.0,5,6,2,1
17769,31.0,2,999,0,1.4,93.918,-42.7,4.958,5228.1,999.0,0,0.0,0.0,0.0,2,7,0.0,6,7,1,1
17770,25.0,2,999,0,-1.8,92.893,-46.2,1.266,5099.1,999.0,0,1.0,1.0,0.0,1,7,0.0,6,5,1,1
17771,29.0,3,999,0,1.4,93.444,-36.1,4.962,5228.1,999.0,0,0.0,0.0,0.0,1,6,0.0,5,8,1,1
17772,27.0,4,999,0,-1.8,92.893,-46.2,1.244,5099.1,999.0,0,1.0,0.0,0.0,3,8,0.0,6,5,2,1
17773,31.0,3,999,0,1.4,93.918,-42.7,4.963,5228.1,999.0,0,1.0,0.0,0.0,1,8,0.0,2,7,1,1
17774,32.0,1,999,0,1.4,93.918,-42.7,4.963,5228.1,999.0,0,0.0,0.0,0.0,3,4,0.0,4,7,1,1
17775,31.0,1,999,0,1.1,93.994,-36.4,4.857,5191.0,999.0,0,0.0,1.0,1.0,2,3,0.0,4,5,1,1
17776,56.0,1,999,0,1.4,93.918,-42.7,4.962,5228.1,999.0,0,1.0,0.0,0.0,2,2,0.0,4,7,1,1
17777,38.0,2,999,0,1.4,94.465,-41.8,4.866,5228.1,999.0,0,1.0,0.0,1.0,1,8,0.0,6,6,1,1
17778,34.0,8,999,0,-1.8,92.893,-46.2,1.281,5099.1,999.0,0,0.0,0.0,1.0,1,8,0.0,10,5,1,1
17779,26.0,3,999,0,1.1,93.994,-36.4,4.864,5191.0,999.0,0,1.0,0.0,1.0,1,5,0.0,6,5,1,1
17780,46.0,2,999,0,-2.9,92.201,-31.4,0.829,5076.2,999.0,0,1.0,1.0,0.0,2,8,0.0,2,8,1,1
17781,36.0,2,999,0,1.4,93.918,-42.7,4.962,5228.1,999.0,0,1.0,1.0,0.0,2,7,0.0,6,7,1,1
17782,27.0,3,999,0,1.4,93.918,-42.7,4.968,5228.1,999.0,0,1.0,0.0,1.0,2,7,0.0,1,7,1,1
17783,38.0,2,999,1,-1.8,93.075,-47.1,1.41,5099.1,999.0,2,1.0,0.0,0.0,2,5,0.0,6,4,1,2
17784,31.0,2,999,0,1.4,94.465,-41.8,4.865,5228.1,999.0,0,0.0,1.0,1.0,2,3,0.0,4,6,2,1
17785,26.0,1,999,0,-2.9,92.963,-40.8,1.262,5076.2,999.0,0,1.0,1.0,0.0,2,5,0.0,6,6,1,1
17786,31.0,1,999,0,-3.0,92.713,-33.0,0.707,5023.5,999.0,0,0.0,0.0,0.0,2,7,0.0,6,12,1,1
17787,39.0,1,999,0,1.4,93.918,-42.7,4.962,5228.1,999.0,0,1.0,0.0,0.0,3,7,0.0,3,7,1,1
17788,51.0,1,999,0,1.4,93.918,-42.7,4.962,5228.1,999.0,0,0.0,0.0,1.0,3,7,0.0,6,7,2,1
17789,40.0,3,999,0,1.4,93.918,-42.7,4.961,5228.1,999.0,0,1.0,0.0,1.0,2,3,0.0,2,7,1,1
17790,55.0,3,999,0,1.4,93.918,-42.7,4.961,5228.1,999.0,0,0.0,1.0,0.0,1,4,0.0,4,7,1,1
17791,40.0,1,999,0,1.1,93.994,-36.4,4.86,5191.0,999.0,0,0.0,0.0,1.0,2,5,0.0,6,5,1,1
17792,44.0,5,999,0,1.4,93.444,-36.1,4.965,5228.1,999.0,0,0.0,0.0,0.0,2,2,0.0,4,8,2,1
17793,27.0,1,999,0,-1.7,94.215,-40.3,0.827,4991.6,999.0,0,0.0,1.0,0.0,1,7,0.0,6,7,2,1
17794,31.0,1,999,0,1.4,94.465,-41.8,4.961,5228.1,999.0,0,0.0,0.0,1.0,3,7,0.0,3,6,1,1
17795,35.0,1,999,0,-1.8,92.893,-46.2,1.327,5099.1,999.0,0,1.0,0.0,0.0,2,3,0.0,4,5,1,1
17796,25.0,1,999,0,1.1,93.994,-36.4,4.864,5191.0,999.0,0,0.0,0.0,1.0,1,5,0.0,11,5,1,1
17797,33.0,2,999,0,1.4,94.465,-41.8,4.96,5228.1,999.0,0,1.0,0.0,1.0,2,5,0.0,5,6,2,1
17798,29.0,1,999,0,1.1,93.994,-36.4,4.858,5191.0,999.0,0,1.0,1.0,1.0,1,8,0.0,5,5,2,1
17799,31.0,2,999,1,-0.1,93.2,-42.0,4.153,5195.8,999.0,2,0.0,0.0,0.0,1,7,0.0,5,11,1,2
17800,41.0,1,999,0,1.4,93.444,-36.1,4.965,5228.1,999.0,0,1.0,0.0,0.0,1,8,0.0,2,8,1,1
17801,31.0,1,999,0,-0.1,93.2,-42.0,4.076,5195.8,999.0,0,0.0,0.0,0.0,1,5,0.0,4,11,1,1
17802,31.0,10,999,0,1.4,93.444,-36.1,4.965,5228.1,999.0,0,1.0,0.0,0.0,2,7,0.0,3,8,1,1
17803,28.0,2,999,0,1.4,93.918,-42.7,4.963,5228.1,999.0,0,0.0,0.0,0.0,1,7,0.0,9,7,1,1
17804,58.0,2,999,0,1.1,93.994,-36.4,4.856,5191.0,999.0,0,0.0,0.0,1.0,2,7,0.0,7,5,1,1
17805,33.0,1,999,0,1.4,93.918,-42.7,4.963,5228.1,999.0,0,1.0,0.0,0.0,2,7,0.0,5,7,1,1
17806,31.0,1,999,0,1.4,93.444,-36.1,4.964,5228.1,999.0,0,1.0,0.0,0.0,2,7,0.0,5,8,1,1
17807,42.0,3,999,0,1.4,93.444,-36.1,4.967,5228.1,999.0,0,0.0,0.0,0.0,1,7,0.0,6,8,1,1
17808,40.0,2,999,0,1.1,93.994,-36.4,4.858,5191.0,999.0,0,1.0,1.0,1.0,2,4,0.0,4,5,1,1
17809,35.0,1,999,0,-1.8,92.893,-46.2,1.25,5099.1,999.0,0,0.0,0.0,0.0,2,5,0.0,6,5,1,1
17810,31.0,5,999,0,1.1,93.994,-36.4,4.857,5191.0,999.0,0,0.0,0.0,1.0,1,7,0.0,6,5,1,1
17811,35.0,1,999,0,-1.8,93.075,-47.1,1.365,5099.1,999.0,0,0.0,0.0,0.0,2,8,0.0,3,4,1,1
17812,55.0,7,999,0,1.4,93.444,-36.1,4.964,5228.1,999.0,0,0.0,0.0,0.0,2,8,0.0,5,8,1,1
17813,31.0,2,999,0,1.1,93.994,-36.4,4.855,5191.0,999.0,0,0.0,1.0,1.0,1,5,0.0,5,5,1,1
17814,37.0,1,999,0,-3.4,92.649,-30.1,0.714,5017.5,999.0,0,1.0,0.0,0.0,2,7,0.0,7,11,2,1
17815,26.0,7,999,1,-1.8,92.893,-46.2,1.299,5099.1,999.0,1,1.0,1.0,0.0,1,8,0.0,6,5,2,2
17816,41.0,1,999,0,-1.8,93.075,-47.1,1.405,5099.1,999.0,0,0.0,0.0,0.0,2,7,0.0,6,4,1,1
17817,39.0,3,999,0,-2.9,92.201,-31.4,0.873,5076.2,999.0,0,0.0,0.0,0.0,2,8,0.0,10,8,1,1
17818,27.0,4,999,1,-1.8,92.893,-46.2,1.25,5099.1,999.0,1,1.0,0.0,0.0,1,8,0.0,5,5,1,2
17819,28.0,1,999,2,-1.7,94.215,-40.3,0.827,4991.6,999.0,0,1.0,1.0,0.0,1,8,0.0,11,7,2,2
17820,26.0,2,999,0,1.4,93.918,-42.7,4.962,5228.1,999.0,0,1.0,1.0,0.0,1,5,0.0,4,7,2,1
17821,39.0,4,999,0,1.4,93.918,-42.7,4.96,5228.1,999.0,0,1.0,0.0,0.0,1,4,0.0,1,7,2,1
17822,35.0,1,9,4,-1.1,94.767,-50.8,1.035,4963.6,0.3,8,1.0,0.0,0.0,3,2,0.0,5,11,1,3
17823,31.0,1,999,0,1.4,94.465,-41.8,4.961,5228.1,999.0,0,1.0,1.0,1.0,1,8,0.0,6,6,1,1
17824,29.0,3,999,1,-1.8,92.893,-46.2,1.25,5099.1,999.0,2,1.0,0.0,0.0,3,2,0.0,4,5,1,2
17825,31.0,1,999,0,1.1,93.994,-36.4,4.857,5191.0,999.0,0,0.0,0.0,1.0,2,8,0.0,5,5,1,1
17826,33.0,1,999,0,1.4,93.444,-36.1,4.964,5228.1,999.0,0,1.0,0.0,0.0,1,8,0.0,5,8,1,1
17827,42.0,1,999,0,1.4,94.465,-41.8,4.961,5228.1,999.0,0,1.0,0.0,1.0,3,8,0.0,5,6,2,1
17828,44.0,4,999,1,-1.8,92.893,-46.2,1.244,5099.1,999.0,3,0.0,0.0,0.0,1,4,0.0,4,5,2,2
17829,39.0,1,999,0,1.4,94.465,-41.8,4.865,5228.1,999.0,0,1.0,1.0,1.0,2,2,0.0,1,6,2,1
17830,27.0,1,999,0,-1.8,92.893,-46.2,1.299,5099.1,999.0,0,1.0,0.0,0.0,1,8,0.0,6,5,2,1
17831,31.0,2,999,0,1.4,94.465,-41.8,4.962,5228.1,999.0,0,0.0,0.0,1.0,1,5,0.0,9,6,1,1
17832,31.0,2,999,1,-1.8,92.893,-46.2,1.291,5099.1,999.0,2,0.0,0.0,0.0,1,8,0.0,5,5,1,2
17833,34.0,1,999,0,1.1,93.994,-36.4,4.856,5191.0,999.0,0,0.0,0.0,1.0,2,7,0.0,6,5,1,1
17834,57.0,2,999,1,-0.1,93.2,-42.0,4.021,5195.8,999.0,2,1.0,0.0,0.0,2,8,0.0,9,11,1,2
17835,27.0,2,999,0,-1.8,92.893,-46.2,1.266,5099.1,999.0,0,1.0,0.0,0.0,2,4,0.0,4,5,1,1
17836,35.0,1,999,0,1.1,93.994,-36.4,4.857,5191.0,999.0,0,0.0,0.0,1.0,2,3,0.0,4,5,1,1
17837,57.0,2,999,0,1.4,93.918,-42.7,4.962,5228.1,999.0,0,1.0,0.0,0.0,2,2,0.0,4,7,2,1
17838,36.0,2,999,0,-1.8,93.075,-47.1,1.423,5099.1,999.0,0,0.0,0.0,0.0,2,2,0.0,4,4,1,1
17839,31.0,2,999,0,1.1,93.994,-36.4,4.855,5191.0,999.0,0,1.0,0.0,1.0,1,3,0.0,5,5,1,1
17840,31.0,1,999,0,1.4,93.918,-42.7,4.963,5228.1,999.0,0,1.0,0.0,0.0,2,8,0.0,4,7,1,1
17841,55.0,3,999,0,1.4,93.918,-42.7,4.961,5228.1,999.0,0,1.0,0.0,0.0,1,8,0.0,4,7,1,1
17842,31.0,1,999,0,-1.8,92.893,-46.2,1.25,5099.1,999.0,0,1.0,0.0,0.0,2,4,0.0,1,5,1,1
17843,47.0,7,999,0,1.4,94.465,-41.8,4.959,5228.1,999.0,0,0.0,0.0,1.0,2,4,0.0,4,6,1,1
17844,40.0,1,999,0,1.4,94.465,-41.8,4.864,5228.1,999.0,0,1.0,0.0,1.0,2,3,0.0,4,6,1,1
17845,40.0,2,999,0,1.1,93.994,-36.4,4.856,5191.0,999.0,0,1.0,0.0,1.0,2,8,0.0,6,5,1,1
17846,50.0,1,999,0,1.1,93.994,-36.4,4.857,5191.0,999.0,0,1.0,0.0,1.0,3,6,0.0,9,5,2,1
17847,39.0,2,999,0,-1.8,93.075,-47.1,1.405,5099.1,999.0,0,1.0,0.0,0.0,1,4,0.0,9,4,1,1
17848,50.0,4,999,0,1.4,93.444,-36.1,4.964,5228.1,999.0,0,0.0,1.0,0.0,2,7,0.0,6,8,1,1
17849,26.0,2,999,1,-1.8,93.075,-47.1,1.405,5099.1,999.0,2,1.0,0.0,0.0,1,6,0.0,5,4,1,2
17850,29.0,1,999,0,1.1,93.994,-36.4,4.856,5191.0,999.0,0,1.0,0.0,1.0,2,5,0.0,6,5,1,1
17851,31.0,1,999,0,1.4,94.465,-41.8,4.96,5228.1,999.0,0,0.0,0.0,1.0,2,4,0.0,4,6,2,1
17852,30.0,1,999,0,1.4,93.444,-36.1,4.963,5228.1,999.0,0,1.0,0.0,0.0,1,8,0.0,5,8,1,1
17853,56.0,14,999,0,1.4,93.918,-42.7,4.962,5228.1,999.0,0,0.0,0.0,0.0,2,4,0.0,5,7,1,1
17854,31.0,1,999,0,-1.8,92.843,-50.0,1.65,5099.1,999.0,0,0.0,0.0,0.0,2,6,0.0,5,3,1,1
17855,33.0,2,999,0,1.1,93.994,-36.4,4.857,5191.0,999.0,0,1.0,0.0,1.0,2,8,0.0,7,5,1,1
17856,50.0,1,999,1,-0.1,93.2,-42.0,4.021,5195.8,999.0,3,1.0,0.0,0.0,2,8,0.0,3,11,1,2
17857,50.0,4,999,0,1.1,93.994,-36.4,4.864,5191.0,999.0,0,1.0,0.0,1.0,2,7,0.0,6,5,1,1
17858,32.0,4,999,1,-1.8,92.893,-46.2,1.266,5099.1,999.0,2,0.0,0.0,0.0,1,8,0.0,3,5,1,2
17859,31.0,1,999,0,1.4,94.465,-41.8,4.959,5228.1,999.0,0,1.0,0.0,1.0,2,3,0.0,4,6,1,1
17860,31.0,3,999,0,1.4,94.465,-41.8,4.962,5228.1,999.0,0,0.0,0.0,1.0,1,3,0.0,9,6,1,1
17861,24.0,1,999,0,1.1,93.994,-36.4,4.859,5191.0,999.0,0,0.0,0.0,1.0,2,8,0.0,9,5,1,1
17862,31.0,13,999,0,1.4,93.444,-36.1,4.964,5228.1,999.0,0,1.0,0.0,0.0,1,8,0.0,5,8,1,1
17863,44.0,1,999,0,1.4,94.465,-41.8,4.96,5228.1,999.0,0,1.0,0.0,1.0,3,6,0.0,5,6,2,1
17864,52.0,1,999,0,-0.1,93.2,-42.0,4.076,5195.8,999.0,0,1.0,0.0,0.0,3,7,0.0,6,11,1,1
17865,31.0,2,999,0,1.4,93.444,-36.1,4.963,5228.1,999.0,0,1.0,0.0,0.0,2,7,0.0,6,8,2,1
17866,31.0,2,999,0,-1.8,93.075,-47.1,1.405,5099.1,999.0,0,0.0,1.0,0.0,3,4,0.0,4,4,2,1
17867,31.0,2,999,0,-0.1,93.2,-42.0,4.191,5195.8,999.0,0,0.0,0.0,0.0,2,5,0.0,7,11,2,1
17868,31.0,2,999,0,1.1,93.994,-36.4,4.859,5191.0,999.0,0,0.0,0.0,1.0,2,6,0.0,5,5,1,1
17869,43.0,2,999,0,1.1,93.994,-36.4,4.855,5191.0,999.0,0,1.0,0.0,1.0,2,2,0.0,4,5,1,1
17870,31.0,3,999,0,-1.8,93.075,-47.1,1.405,5099.1,999.0,0,1.0,0.0,0.0,2,2,0.0,1,4,1,1
17871,39.0,2,999,0,1.4,94.465,-41.8,4.864,5228.1,999.0,0,0.0,0.0,1.0,1,5,0.0,6,6,1,1
17872,31.0,1,999,0,1.1,93.994,-36.4,4.857,5191.0,999.0,0,1.0,1.0,1.0,1,6,0.0,5,5,1,1
17873,31.0,2,999,0,1.4,93.444,-36.1,4.968,5228.1,999.0,0,0.0,0.0,0.0,2,8,0.0,6,8,1,1
17874,32.0,1,999,0,1.4,93.918,-42.7,4.962,5228.1,999.0,0,0.0,1.0,1.0,2,8,0.0,4,7,1,1
17875,49.0,1,999,0,1.4,93.918,-42.7,4.957,5228.1,999.0,0,0.0,0.0,0.0,3,8,0.0,4,7,1,1
17876,31.0,3,999,0,1.4,93.918,-42.7,4.961,5228.1,999.0,0,1.0,0.0,0.0,2,3,0.0,4,7,1,1
17877,34.0,4,999,0,-1.8,92.893,-46.2,1.291,5099.1,999.0,0,1.0,0.0,0.0,2,8,0.0,4,5,1,1
17878,33.0,7,999,0,-0.1,93.2,-42.0,4.076,5195.8,999.0,0,1.0,0.0,0.0,2,6,0.0,5,11,1,1
17879,29.0,1,999,0,-2.9,92.963,-40.8,1.268,5076.2,999.0,0,0.0,0.0,0.0,2,5,0.0,5,6,1,1
17880,37.0,6,999,0,1.4,93.918,-42.7,4.958,5228.1,999.0,0,0.0,0.0,0.0,1,7,0.0,6,7,1,1
17881,32.0,3,999,0,1.4,93.444,-36.1,4.965,5228.1,999.0,0,1.0,0.0,0.0,1,7,0.0,6,8,2,1
17882,34.0,2,999,0,1.1,93.994,-36.4,4.86,5191.0,999.0,0,1.0,0.0,1.0,2,7,0.0,6,5,1,1
17883,65.0,2,999,1,-2.9,92.201,-31.4,0.859,5076.2,999.0,0,1.0,0.0,0.0,2,8,0.0,8,8,1,2
17884,33.0,1,999,1,-1.8,92.893,-46.2,1.291,5099.1,999.0,0,0.0,0.0,0.0,3,5,0.0,5,5,1,2
17885,48.0,4,6,2,-3.0,92.713,-33.0,0.717,5023.5,0.2,6,1.0,0.0,0.0,2,8,0.0,6,12,2,3
17886,39.0,1,999,0,1.4,93.918,-42.7,4.957,5228.1,999.0,0,0.0,0.0,0.0,2,7,0.0,1,7,1,1
17887,48.0,3,999,0,-1.8,93.075,-47.1,1.405,5099.1,999.0,0,1.0,0.0,0.0,3,2,0.0,8,4,2,1
17888,24.0,1,999,0,-1.8,93.075,-47.1,1.41,5099.1,999.0,0,1.0,0.0,0.0,1,8,0.0,6,4,1,1
17889,40.0,2,999,2,-3.4,92.649,-30.1,0.72,5017.5,999.0,0,0.0,0.0,0.0,3,8,0.0,6,11,1,2
17890,31.0,2,999,0,1.1,93.994,-36.4,4.857,5191.0,999.0,0,1.0,1.0,1.0,1,5,0.0,6,5,2,1
17891,35.0,6,999,0,-1.8,92.893,-46.2,1.291,5099.1,999.0,0,0.0,0.0,0.0,1,7,0.0,5,5,1,1
17892,31.0,1,999,1,-2.9,92.201,-31.4,0.883,5076.2,999.0,3,1.0,1.0,0.0,1,8,0.0,6,8,1,2
17893,27.0,1,999,0,-1.8,93.075,-47.1,1.41,5099.1,999.0,0,1.0,0.0,0.0,1,7,0.0,9,4,1,1
17894,31.0,1,999,0,1.4,93.918,-42.7,4.963,5228.1,999.0,0,0.0,1.0,0.0,2,7,0.0,3,7,1,1
17895,36.0,1,999,0,-0.1,93.2,-42.0,4.021,5195.8,999.0,0,0.0,0.0,0.0,1,8,0.0,5,11,1,1
17896,30.0,1,999,0,1.4,93.918,-42.7,4.962,5228.1,999.0,0,1.0,0.0,0.0,2,7,0.0,5,7,1,1
17897,37.0,3,999,1,-0.1,93.2,-42.0,4.021,5195.8,999.0,2,1.0,1.0,0.0,2,4,0.0,4,11,1,2
17898,31.0,1,999,0,1.4,93.918,-42.7,4.963,5228.1,999.0,0,0.0,1.0,0.0,2,7,0.0,5,7,1,1
17899,40.0,1,999,1,-0.1,93.2,-42.0,4.076,5195.8,999.0,1,1.0,0.0,0.0,2,8,0.0,3,11,1,2
17900,55.0,1,999,0,1.1,93.994,-36.4,4.857,5191.0,999.0,0,1.0,0.0,1.0,2,2,0.0,12,5,2,1
17901,29.0,4,999,0,1.4,93.918,-42.7,4.961,5228.1,999.0,0,0.0,1.0,0.0,1,5,0.0,3,7,1,1
17902,50.0,9,999,0,1.1,93.994,-36.4,4.857,5191.0,999.0,0,1.0,0.0,1.0,1,2,0.0,9,5,1,1
17903,31.0,2,999,0,-0.1,93.2,-42.0,4.076,5195.8,999.0,0,0.0,0.0,0.0,2,2,0.0,4,11,1,1
17904,27.0,1,999,0,-1.8,93.075,-47.1,1.405,5099.1,999.0,0,1.0,0.0,0.0,1,8,0.0,9,4,1,1
17905,31.0,1,999,0,-2.9,92.469,-33.6,1.044,5076.2,999.0,0,0.0,0.0,0.0,2,7,0.0,5,7,1,1
17906,24.0,5,999,0,1.4,93.918,-42.7,4.968,5228.1,999.0,0,1.0,1.0,0.0,1,5,0.0,6,7,1,1
17907,56.0,2,999,0,-1.8,93.075,-47.1,1.415,5099.1,999.0,0,0.0,1.0,0.0,2,4,0.0,4,4,1,1
17908,31.0,1,999,0,1.4,93.918,-42.7,4.955,5228.1,999.0,0,0.0,0.0,1.0,2,8,0.0,4,7,1,1
17909,31.0,1,999,0,1.4,93.444,-36.1,4.965,5228.1,999.0,0,0.0,0.0,0.0,1,6,0.0,5,8,1,1
17910,31.0,3,999,0,1.4,94.465,-41.8,4.967,5228.1,999.0,0,0.0,0.0,1.0,2,8,0.0,6,6,1,1
17911,31.0,1,999,0,-2.9,92.963,-40.8,1.268,5076.2,999.0,0,1.0,0.0,0.0,3,8,0.0,10,6,1,1
17912,41.0,3,999,0,1.4,93.444,-36.1,4.963,5228.1,999.0,0,0.0,0.0,0.0,2,7,0.0,1,8,2,1
17913,31.0,1,999,0,1.1,93.994,-36.4,4.857,5191.0,999.0,0,0.0,0.0,1.0,2,7,0.0,3,5,1,1
17914,31.0,2,999,0,1.4,93.918,-42.7,4.963,5228.1,999.0,0,1.0,0.0,0.0,1,7,0.0,6,7,1,1
17915,36.0,1,999,0,1.4,94.465,-41.8,4.958,5228.1,999.0,0,1.0,0.0,1.0,2,7,0.0,6,6,1,1
17916,35.0,9,999,0,1.4,93.918,-42.7,4.961,5228.1,999.0,0,1.0,1.0,0.0,2,8,0.0,9,7,1,1
17917,31.0,1,999,0,-1.1,94.199,-37.5,0.879,4963.6,999.0,0,1.0,0.0,0.0,2,7,0.0,6,9,1,1
17918,34.0,1,999,0,1.4,93.444,-36.1,4.967,5228.1,999.0,0,0.0,0.0,0.0,2,8,0.0,6,8,1,1
17919,37.0,1,999,1,-1.8,92.893,-46.2,1.281,5099.1,999.0,1,0.0,1.0,0.0,2,2,0.0,4,5,1,2
17920,41.0,1,999,0,1.1,93.994,-36.4,4.856,5191.0,999.0,0,1.0,0.0,1.0,2,8,0.0,4,5,1,1
17921,36.0,3,999,0,1.1,93.994,-36.4,4.857,5191.0,999.0,0,0.0,0.0,1.0,2,5,0.0,9,5,1,1
17922,29.0,4,999,0,-1.8,92.893,-46.2,1.266,5099.1,999.0,0,1.0,0.0,0.0,2,8,0.0,4,5,1,1
17923,47.0,2,999,0,-1.8,93.369,-34.8,0.643,5008.7,999.0,0,1.0,1.0,0.0,1,8,0.0,9,3,1,1
17924,29.0,1,999,0,-1.8,93.075,-47.1,1.41,5099.1,999.0,0,1.0,1.0,0.0,1,4,0.0,4,4,1,1
17925,31.0,1,999,1,-1.8,92.893,-46.2,1.327,5099.1,999.0,3,1.0,0.0,0.0,1,4,0.0,5,5,1,2
17926,33.0,1,999,0,1.1,93.994,-36.4,4.858,5191.0,999.0,0,0.0,0.0,1.0,2,8,0.0,6,5,1,1
17927,83.0,1,3,3,-3.4,92.649,-30.1,0.716,5017.5,0.1,6,0.0,0.0,0.0,3,8,0.0,8,11,1,3
17928,39.0,1,999,0,-0.1,93.2,-42.0,4.153,5195.8,999.0,0,1.0,0.0,0.0,2,5,0.0,9,11,1,1
17929,40.0,3,999,0,1.1,93.994,-36.4,4.864,5191.0,999.0,0,1.0,1.0,1.0,3,7,0.0,3,5,1,1
17930,44.0,3,999,0,1.1,93.994,-36.4,4.856,5191.0,999.0,0,0.0,0.0,1.0,2,8,0.0,4,5,1,1
17931,48.0,1,999,0,1.4,93.918,-42.7,4.957,5228.1,999.0,0,1.0,0.0,0.0,2,3,0.0,4,7,1,1
17932,39.0,3,999,0,1.1,93.994,-36.4,4.856,5191.0,999.0,0,1.0,0.0,1.0,2,2,0.0,1,5,1,1
17933,43.0,12,999,0,1.4,93.444,-36.1,4.963,5228.1,999.0,0,0.0,0.0,1.0,2,8,0.0,10,8,1,1
17934,51.0,5,999,0,1.4,93.444,-36.1,4.964,5228.1,999.0,0,1.0,0.0,0.0,2,7,0.0,5,8,1,1
17935,32.0,1,999,0,-0.1,93.2,-42.0,4.12,5195.8,999.0,0,0.0,0.0,0.0,2,8,0.0,9,11,1,1
17936,30.0,2,999,0,1.4,93.444,-36.1,4.964,5228.1,999.0,0,1.0,0.0,0.0,1,7,0.0,6,8,1,1
17937,32.0,2,999,0,1.1,93.994,-36.4,4.857,5191.0,999.0,0,0.0,1.0,1.0,2,5,0.0,9,5,1,1
17938,34.0,2,999,0,-1.8,92.843,-50.0,1.614,5099.1,999.0,0,0.0,0.0,0.0,1,7,0.0,6,3,1,1
17939,40.0,3,999,0,1.1,93.994,-36.4,4.857,5191.0,999.0,0,0.0,0.0,1.0,1,8,0.0,6,5,1,1
17940,31.0,10,999,0,1.4,93.444,-36.1,4.964,5228.1,999.0,0,1.0,0.0,0.0,2,7,0.0,1,8,1,1
17941,30.0,1,12,1,-2.9,92.963,-40.8,1.266,5076.2,0.4,3,0.0,0.0,0.0,1,8,0.0,5,6,2,3
17942,41.0,1,999,0,1.4,93.444,-36.1,4.968,5228.1,999.0,0,1.0,0.0,0.0,3,7,0.0,10,8,1,1
17943,30.0,1,999,0,-1.8,92.893,-46.2,1.299,5099.1,999.0,0,1.0,1.0,0.0,2,5,0.0,9,5,2,1
17944,34.0,1,999,0,-1.8,92.893,-46.2,1.299,5099.1,999.0,0,1.0,0.0,0.0,3,4,0.0,9,5,2,1
17945,22.0,1,999,0,-1.8,92.893,-46.2,1.266,5099.1,999.0,0,0.0,0.0,0.0,1,5,0.0,11,5,1,1
17946,36.0,1,999,0,1.1,93.994,-36.4,4.856,5191.0,999.0,0,1.0,1.0,1.0,2,8,0.0,6,5,1,1
17947,47.0,3,999,0,1.4,93.444,-36.1,4.963,5228.1,999.0,0,0.0,0.0,0.0,2,5,0.0,9,8,1,1
17948,36.0,2,999,0,-1.8,92.893,-46.2,1.327,5099.1,999.0,0,0.0,0.0,0.0,2,8,0.0,4,5,1,1
17949,26.0,1,999,0,1.4,93.918,-42.7,4.961,5228.1,999.0,0,0.0,0.0,0.0,2,2,0.0,4,7,1,1
17950,28.0,1,999,0,1.1,93.994,-36.4,4.86,5191.0,999.0,0,1.0,0.0,1.0,3,5,0.0,5,5,1,1
17951,31.0,2,999,0,1.4,93.444,-36.1,4.968,5228.1,999.0,0,0.0,0.0,0.0,2,2,0.0,4,8,1,1
17952,39.0,1,999,0,1.4,93.918,-42.7,4.963,5228.1,999.0,0,0.0,0.0,0.0,2,3,0.0,4,7,1,1
17953,29.0,2,999,0,1.1,93.994,-36.4,4.86,5191.0,999.0,0,0.0,1.0,1.0,2,7,0.0,5,5,1,1
17954,47.0,1,999,0,1.1,93.994,-36.4,4.856,5191.0,999.0,0,0.0,0.0,1.0,2,4,0.0,5,5,1,1
17955,50.0,1,10,1,-1.8,93.075,-47.1,1.41,5099.1,0.333333333333,4,0.0,0.0,0.0,1,3,0.0,9,4,1,3
17956,31.0,2,999,0,-2.9,92.963,-40.8,1.266,5076.2,999.0,0,0.0,0.0,0.0,2,8,0.0,6,6,2,1
17957,31.0,1,999,0,-1.7,94.055,-39.8,0.713,4991.6,999.0,0,1.0,0.0,1.0,2,5,0.0,10,6,1,1
17958,27.0,3,999,0,1.4,93.918,-42.7,4.963,5228.1,999.0,0,0.0,0.0,0.0,2,5,0.0,9,7,1,1
17959,41.0,1,999,0,-1.8,92.893,-46.2,1.281,5099.1,999.0,0,1.0,0.0,0.0,2,8,0.0,4,5,1,1
17960,45.0,3,999,0,-1.8,93.075,-47.1,1.405,5099.1,999.0,0,1.0,1.0,0.0,2,2,0.0,9,4,1,1
17961,27.0,3,999,1,-1.8,92.893,-46.2,1.266,5099.1,999.0,3,0.0,0.0,0.0,1,5,0.0,5,5,1,2
17962,26.0,1,999,1,-2.9,92.963,-40.8,1.26,5076.2,999.0,1,1.0,0.0,0.0,1,6,0.0,11,6,1,2
17963,32.0,4,999,0,1.4,94.465,-41.8,4.967,5228.1,999.0,0,1.0,1.0,1.0,1,7,0.0,6,6,1,1
17964,49.0,1,999,1,-3.4,92.431,-26.9,0.739,5017.5,999.0,4,1.0,0.0,1.0,1,5,0.0,6,10,1,2
17965,31.0,2,999,1,-1.8,92.893,-46.2,1.334,5099.1,999.0,4,0.0,0.0,0.0,1,5,0.0,9,5,1,2
17966,53.0,2,999,0,1.4,93.918,-42.7,4.963,5228.1,999.0,0,0.0,1.0,0.0,2,4,0.0,3,7,1,1
17967,48.0,1,999,0,1.4,94.465,-41.8,4.959,5228.1,999.0,0,0.0,0.0,1.0,2,8,0.0,4,6,1,1
17968,21.0,2,999,0,-1.8,92.893,-46.2,1.313,5099.1,999.0,0,0.0,0.0,0.0,2,4,0.0,4,5,1,1
17969,51.0,1,999,1,-1.8,92.893,-46.2,1.299,5099.1,999.0,2,0.0,0.0,0.0,2,6,0.0,7,5,2,2
17970,31.0,4,999,0,-1.8,92.893,-46.2,1.344,5099.1,999.0,0,1.0,1.0,0.0,2,4,0.0,4,5,1,1
17971,31.0,1,999,0,1.1,93.994,-36.4,4.857,5191.0,999.0,0,1.0,0.0,1.0,2,5,0.0,5,5,1,1
17972,31.0,1,999,0,1.1,93.994,-36.4,4.857,5191.0,999.0,0,1.0,1.0,1.0,1,8,0.0,5,5,2,1
17973,50.0,4,999,0,-1.8,92.893,-46.2,1.313,5099.1,999.0,0,1.0,0.0,1.0,2,8,0.0,4,5,1,1
17974,39.0,1,999,0,1.1,93.994,-36.4,4.857,5191.0,999.0,0,1.0,0.0,1.0,2,7,0.0,3,5,2,1
17975,45.0,1,999,0,1.4,94.465,-41.8,4.959,5228.1,999.0,0,0.0,1.0,1.0,2,4,0.0,4,6,1,1
17976,25.0,5,999,0,-1.8,93.075,-47.1,1.405,5099.1,999.0,0,1.0,0.0,0.0,3,7,0.0,1,4,2,1
17977,76.0,1,999,1,-1.7,94.055,-39.8,0.702,4991.6,999.0,4,1.0,0.0,0.0,2,2,0.0,2,6,1,2
17978,29.0,2,999,0,-1.8,92.893,-46.2,1.266,5099.1,999.0,0,0.0,0.0,0.0,2,7,0.0,1,5,1,1
17979,31.0,1,999,0,-1.8,92.893,-46.2,1.281,5099.1,999.0,0,1.0,1.0,0.0,1,8,0.0,6,5,1,1
17980,31.0,2,999,0,1.1,93.994,-36.4,4.86,5191.0,999.0,0,1.0,0.0,1.0,2,2,0.0,10,5,1,1
17981,31.0,5,999,0,1.4,93.444,-36.1,4.965,5228.1,999.0,0,0.0,0.0,0.0,1,5,0.0,5,8,1,1
17982,42.0,2,999,0,1.4,94.465,-41.8,4.967,5228.1,999.0,0,0.0,1.0,1.0,2,4,0.0,4,6,1,1
17983,40.0,2,999,1,-1.8,92.893,-46.2,1.344,5099.1,999.0,4,1.0,1.0,0.0,2,8,0.0,3,5,1,2
17984,36.0,3,999,0,1.4,94.465,-41.8,4.961,5228.1,999.0,0,1.0,1.0,1.0,2,4,0.0,4,6,1,1
17985,25.0,7,999,0,-1.8,92.893,-46.2,1.266,5099.1,999.0,0,0.0,0.0,0.0,1,5,0.0,11,5,1,1
17986,36.0,2,999,0,1.4,93.918,-42.7,4.96,5228.1,999.0,0,0.0,0.0,0.0,1,3,0.0,4,7,2,1
17987,52.0,2,999,0,-0.1,93.2,-42.0,4.021,5195.8,999.0,0,0.0,0.0,0.0,3,7,0.0,3,11,1,1
17988,46.0,2,999,0,1.1,93.994,-36.4,4.857,5191.0,999.0,0,0.0,0.0,1.0,2,2,0.0,12,5,1,1
17989,52.0,1,999,0,-1.8,92.893,-46.2,1.264,5099.1,999.0,0,1.0,0.0,0.0,2,3,0.0,7,5,1,1
17990,27.0,1,999,1,-1.8,92.893,-46.2,1.291,5099.1,999.0,2,1.0,0.0,0.0,1,2,0.0,4,5,1,2
17991,33.0,1,999,0,1.4,93.918,-42.7,4.96,5228.1,999.0,0,0.0,0.0,0.0,1,5,0.0,6,7,2,1
17992,38.0,1,999,0,1.4,93.918,-42.7,4.963,5228.1,999.0,0,0.0,0.0,0.0,2,3,0.0,4,7,1,1
17993,45.0,1,999,0,1.1,93.994,-36.4,4.855,5191.0,999.0,0,1.0,0.0,1.0,2,8,0.0,4,5,1,1
17994,52.0,5,999,0,1.4,93.918,-42.7,4.962,5228.1,999.0,0,1.0,0.0,0.0,2,6,0.0,8,7,1,1
17995,31.0,1,999,0,1.1,93.994,-36.4,4.857,5191.0,999.0,0,1.0,1.0,1.0,2,5,0.0,9,5,2,1
17996,53.0,2,999,0,-2.9,92.963,-40.8,1.252,5076.2,999.0,0,0.0,1.0,0.0,2,2,0.0,2,6,1,1
17997,49.0,1,999,0,1.1,93.994,-36.4,4.857,5191.0,999.0,0,1.0,0.0,1.0,2,8,0.0,12,5,1,1
17998,24.0,1,999,0,-3.4,92.431,-26.9,0.733,5017.5,999.0,0,1.0,1.0,1.0,1,8,0.0,6,10,1,1
17999,31.0,2,999,0,-0.1,93.2,-42.0,4.191,5195.8,999.0,0,1.0,0.0,0.0,1,7,0.0,4,11,2,1
18000,31.0,2,999,0,-2.9,92.963,-40.8,1.268,5076.2,999.0,0,0.0,0.0,1.0,2,7,0.0,3,6,1,1
18001,37.0,1,999,1,-1.8,92.893,-46.2,1.327,5099.1,999.0,2,1.0,0.0,0.0,2,8,0.0,6,5,1,2
18002,29.0,8,999,0,1.4,93.918,-42.7,4.957,5228.1,999.0,0,1.0,0.0,0.0,1,7,0.0,6,7,1,1
18003,31.0,1,999,0,1.4,93.918,-42.7,4.962,5228.1,999.0,0,0.0,0.0,0.0,2,7,0.0,3,7,1,1
18004,36.0,5,999,0,1.1,93.994,-36.4,4.857,5191.0,999.0,0,1.0,1.0,1.0,1,5,0.0,5,5,1,1
18005,57.0,1,999,0,1.4,94.465,-41.8,4.959,5228.1,999.0,0,0.0,0.0,1.0,2,2,0.0,8,6,1,1
18006,26.0,1,999,0,1.1,93.994,-36.4,4.857,5191.0,999.0,0,0.0,1.0,1.0,1,4,0.0,4,5,1,1
18007,58.0,4,999,0,1.4,93.918,-42.7,4.962,5228.1,999.0,0,1.0,0.0,0.0,2,8,0.0,4,7,1,1
18008,40.0,4,999,0,1.4,94.465,-41.8,4.865,5228.1,999.0,0,1.0,0.0,1.0,1,8,0.0,5,6,2,1
18009,31.0,1,999,0,1.4,93.444,-36.1,4.964,5228.1,999.0,0,1.0,0.0,0.0,3,5,0.0,5,8,1,1
18010,41.0,1,999,0,1.4,93.918,-42.7,4.962,5228.1,999.0,0,0.0,0.0,0.0,1,3,0.0,4,7,1,1
18011,31.0,1,999,0,1.4,94.465,-41.8,4.96,5228.1,999.0,0,1.0,0.0,1.0,2,8,0.0,3,6,2,1
18012,34.0,9,999,0,1.1,93.994,-36.4,4.856,5191.0,999.0,0,1.0,1.0,1.0,2,8,0.0,9,5,1,1
18013,37.0,2,999,1,-1.8,92.893,-46.2,1.327,5099.1,999.0,0,0.0,0.0,0.0,1,7,0.0,4,5,1,2
18014,31.0,1,9,1,-1.7,94.055,-39.8,0.72,4991.6,0.3,2,1.0,0.0,1.0,1,5,0.0,11,6,2,3
18015,82.0,2,999,0,-3.4,92.431,-26.9,0.722,5017.5,999.0,0,1.0,0.0,0.0,1,2,0.0,8,10,1,1
18016,25.0,2,999,1,-2.9,92.201,-31.4,0.869,5076.2,999.0,4,1.0,0.0,0.0,1,7,0.0,5,8,1,2
18017,59.0,1,999,1,-3.0,92.713,-33.0,0.715,5023.5,999.0,3,0.0,0.0,1.0,2,6,0.0,8,12,1,2
18018,31.0,1,999,0,1.4,93.918,-42.7,4.963,5228.1,999.0,0,0.0,0.0,0.0,2,3,0.0,12,7,1,1
18019,46.0,2,999,0,1.4,94.465,-41.8,4.864,5228.1,999.0,0,1.0,0.0,1.0,3,4,0.0,10,6,1,1
18020,30.0,1,999,0,-0.1,93.2,-42.0,4.12,5195.8,999.0,0,1.0,0.0,0.0,1,8,0.0,6,11,1,1
18021,51.0,2,3,4,-1.1,94.767,-50.8,1.05,4963.6,0.1,4,0.0,1.0,0.0,2,5,0.0,9,11,2,3
18022,55.0,3,999,1,-1.8,92.893,-46.2,1.25,5099.1,999.0,1,1.0,1.0,0.0,2,6,0.0,4,5,1,2
18023,45.0,1,6,1,-1.8,93.075,-47.1,1.405,5099.1,0.2,1,0.0,0.0,0.0,1,8,0.0,9,4,1,3
18024,39.0,1,999,0,1.4,94.465,-41.8,4.961,5228.1,999.0,0,0.0,0.0,1.0,2,8,0.0,1,6,2,1
18025,31.0,1,3,1,-2.9,92.963,-40.8,1.266,5076.2,0.1,1,0.0,0.0,0.0,2,7,0.0,5,6,1,3
18026,31.0,5,999,0,-1.7,94.055,-39.8,0.748,4991.6,999.0,0,1.0,0.0,1.0,3,6,0.0,8,6,1,1
18027,43.0,5,999,0,1.4,93.444,-36.1,4.965,5228.1,999.0,0,0.0,0.0,0.0,1,8,0.0,6,8,2,1
18028,31.0,5,999,0,-1.8,92.893,-46.2,1.354,5099.1,999.0,0,1.0,0.0,1.0,2,8,0.0,9,5,2,1
18029,30.0,1,999,0,1.4,93.444,-36.1,4.964,5228.1,999.0,0,0.0,1.0,0.0,3,8,0.0,12,8,1,1
18030,50.0,1,999,0,1.1,93.994,-36.4,4.857,5191.0,999.0,0,1.0,1.0,1.0,2,4,0.0,4,5,1,1
18031,33.0,3,999,1,-0.1,93.2,-42.0,4.076,5195.8,999.0,3,1.0,0.0,0.0,3,8,0.0,5,11,1,2
18032,35.0,1,999,0,-2.9,92.201,-31.4,0.869,5076.2,999.0,0,1.0,0.0,0.0,2,6,0.0,5,8,1,1
18033,20.0,1,999,1,-1.8,93.749,-34.6,0.644,5008.7,999.0,0,1.0,1.0,0.0,1,2,0.0,11,4,1,2
18034,56.0,4,999,0,1.4,93.918,-42.7,4.963,5228.1,999.0,0,1.0,0.0,0.0,3,5,0.0,8,7,1,1
18035,33.0,3,999,0,-1.8,93.876,-40.0,0.699,5008.7,999.0,0,1.0,0.0,0.0,2,7,0.0,6,5,1,1
18036,46.0,2,999,0,-1.8,92.893,-46.2,1.291,5099.1,999.0,0,0.0,0.0,0.0,2,6,0.0,5,5,1,1
18037,45.0,1,3,2,-1.7,94.055,-39.8,0.739,4991.6,0.1,2,0.0,1.0,0.0,3,7,0.0,6,6,1,3
18038,35.0,1,999,0,1.4,93.444,-36.1,4.966,5228.1,999.0,0,1.0,0.0,0.0,2,5,0.0,9,8,1,1
18039,42.0,2,999,1,-1.8,92.893,-46.2,1.327,5099.1,999.0,4,0.0,0.0,0.0,3,8,0.0,6,5,1,2
18040,31.0,2,999,0,-1.8,92.893,-46.2,1.266,5099.1,999.0,0,0.0,0.0,0.0,2,4,0.0,4,5,1,1
18041,46.0,5,999,0,-1.8,93.075,-47.1,1.41,5099.1,999.0,0,1.0,1.0,0.0,2,7,0.0,7,4,1,1
18042,54.0,1,999,0,1.4,93.918,-42.7,4.966,5228.1,999.0,0,0.0,0.0,1.0,3,8,0.0,6,7,1,1
18043,34.0,14,999,0,1.4,94.465,-41.8,4.96,5228.1,999.0,0,1.0,0.0,1.0,2,7,0.0,6,6,2,1
18044,31.0,10,999,0,1.4,93.444,-36.1,4.963,5228.1,999.0,0,1.0,0.0,0.0,1,6,0.0,5,8,1,1
18045,25.0,2,999,0,1.1,93.994,-36.4,4.857,5191.0,999.0,0,0.0,0.0,1.0,1,7,0.0,1,5,2,1
18046,31.0,2,999,0,-0.1,93.2,-42.0,4.153,5195.8,999.0,0,1.0,1.0,0.0,2,8,0.0,1,11,1,1
18047,38.0,2,999,0,1.4,93.918,-42.7,4.963,5228.1,999.0,0,1.0,1.0,0.0,2,8,0.0,4,7,1,1
18048,31.0,1,999,0,-2.9,92.201,-31.4,0.854,5076.2,999.0,0,0.0,0.0,0.0,1,7,0.0,6,8,1,1
18049,25.0,3,999,0,1.1,93.994,-36.4,4.857,5191.0,999.0,0,1.0,1.0,1.0,1,8,0.0,5,5,1,1
18050,52.0,1,999,0,1.4,93.918,-42.7,4.962,5228.1,999.0,0,1.0,0.0,0.0,2,2,0.0,4,7,1,1
18051,56.0,2,999,0,1.1,93.994,-36.4,4.857,5191.0,999.0,0,0.0,0.0,1.0,2,2,0.0,4,5,1,1
18052,33.0,3,999,1,-1.8,92.893,-46.2,1.299,5099.1,999.0,2,0.0,0.0,0.0,1,5,0.0,9,5,2,2
18053,78.0,2,999,0,-1.8,93.075,-47.1,1.405,5099.1,999.0,0,1.0,0.0,1.0,2,2,0.0,8,4,1,1
18054,75.0,2,999,0,-3.4,92.431,-26.9,0.724,5017.5,999.0,0,0.0,0.0,0.0,2,8,0.0,8,10,1,1
18055,48.0,1,999,0,-1.8,92.893,-46.2,1.25,5099.1,999.0,0,0.0,0.0,0.0,2,4,0.0,4,5,1,1
18056,44.0,3,999,0,-2.9,92.201,-31.4,0.838,5076.2,999.0,0,0.0,0.0,0.0,3,5,0.0,5,8,1,1
18057,36.0,2,999,1,-0.1,93.2,-42.0,4.153,5195.8,999.0,2,1.0,0.0,0.0,1,8,0.0,4,11,1,2
18058,44.0,7,999,0,1.1,93.994,-36.4,4.857,5191.0,999.0,0,1.0,0.0,1.0,1,7,0.0,6,5,2,1
18059,39.0,6,999,0,1.4,93.918,-42.7,4.968,5228.1,999.0,0,0.0,0.0,0.0,1,5,0.0,6,7,1,1
18060,44.0,2,999,0,1.1,93.994,-36.4,4.86,5191.0,999.0,0,1.0,0.0,1.0,2,5,0.0,9,5,1,1
18061,30.0,1,999,0,1.4,94.465,-41.8,4.864,5228.1,999.0,0,1.0,0.0,1.0,2,5,0.0,6,6,1,1
18062,43.0,1,999,0,-0.1,93.2,-42.0,4.153,5195.8,999.0,0,1.0,0.0,0.0,2,8,0.0,3,11,1,1
18063,55.0,2,999,0,1.4,93.918,-42.7,4.962,5228.1,999.0,0,0.0,1.0,0.0,1,8,0.0,3,7,2,1
18064,36.0,2,999,0,-1.8,93.075,-47.1,1.405,5099.1,999.0,0,0.0,0.0,0.0,3,8,0.0,5,4,1,1
18065,31.0,2,999,0,1.4,93.918,-42.7,4.963,5228.1,999.0,0,1.0,1.0,0.0,2,6,0.0,1,7,1,1
18066,31.0,5,999,0,1.4,93.444,-36.1,4.964,5228.1,999.0,0,0.0,0.0,0.0,2,8,0.0,2,8,1,1
18067,40.0,1,999,0,1.4,94.465,-41.8,4.962,5228.1,999.0,0,1.0,1.0,1.0,3,4,0.0,4,6,1,1
18068,45.0,1,999,0,1.1,93.994,-36.4,4.858,5191.0,999.0,0,1.0,0.0,1.0,3,8,0.0,9,5,2,1
18069,31.0,1,999,0,1.1,93.994,-36.4,4.857,5191.0,999.0,0,0.0,1.0,1.0,2,8,0.0,6,5,1,1
18070,43.0,2,999,1,-1.8,92.893,-46.2,1.25,5099.1,999.0,1,1.0,0.0,0.0,2,5,0.0,6,5,1,2
18071,45.0,1,999,0,1.4,93.444,-36.1,4.966,5228.1,999.0,0,0.0,0.0,0.0,2,6,0.0,5,8,1,1
18072,49.0,2,999,1,-1.8,93.369,-34.8,0.635,5008.7,999.0,0,1.0,0.0,0.0,3,6,0.0,5,3,1,2
18073,31.0,3,999,0,1.1,93.994,-36.4,4.858,5191.0,999.0,0,0.0,0.0,1.0,1,8,0.0,2,5,2,1
18074,31.0,1,999,0,-1.8,92.893,-46.2,1.327,5099.1,999.0,0,1.0,0.0,0.0,1,5,0.0,2,5,1,1
18075,59.0,1,999,0,1.1,93.994,-36.4,4.856,5191.0,999.0,0,0.0,0.0,1.0,3,5,0.0,7,5,1,1
18076,48.0,2,5,2,-3.4,92.431,-26.9,0.742,5017.5,0.166666666667,6,1.0,0.0,0.0,2,3,0.0,6,10,1,3
18077,31.0,4,999,0,1.4,93.918,-42.7,4.961,5228.1,999.0,0,1.0,0.0,0.0,2,5,0.0,5,7,1,1
18078,31.0,1,999,0,1.1,93.994,-36.4,4.857,5191.0,999.0,0,0.0,0.0,1.0,2,8,0.0,9,5,1,1
18079,36.0,3,999,0,-2.9,92.201,-31.4,0.873,5076.2,999.0,0,1.0,1.0,0.0,2,3,0.0,3,8,1,1
18080,31.0,1,6,1,-3.4,92.649,-30.1,0.719,5017.5,0.2,1,1.0,0.0,0.0,2,2,0.0,4,11,1,3
18081,40.0,2,999,0,1.1,93.994,-36.4,4.86,5191.0,999.0,0,0.0,0.0,1.0,1,7,0.0,3,5,1,1
18082,31.0,4,999,0,1.4,93.444,-36.1,4.966,5228.1,999.0,0,1.0,0.0,0.0,2,8,0.0,5,8,1,1
18083,55.0,4,999,0,1.4,94.465,-41.8,4.866,5228.1,999.0,0,0.0,0.0,1.0,2,8,0.0,6,6,1,1
18084,36.0,3,999,0,1.4,93.918,-42.7,4.963,5228.1,999.0,0,1.0,0.0,0.0,1,7,0.0,1,7,1,1
18085,44.0,1,999,0,-0.1,93.2,-42.0,4.076,5195.8,999.0,0,0.0,0.0,0.0,1,8,0.0,5,11,1,1
18086,38.0,1,999,1,-1.8,92.893,-46.2,1.327,5099.1,999.0,4,1.0,0.0,0.0,3,5,0.0,4,5,1,2
18087,54.0,3,999,0,1.4,94.465,-41.8,4.866,5228.1,999.0,0,0.0,0.0,1.0,1,7,0.0,5,6,1,1
18088,67.0,1,999,0,-2.9,92.963,-40.8,1.262,5076.2,999.0,0,0.0,0.0,0.0,2,8,0.0,6,6,1,1
18089,31.0,1,999,0,-1.1,94.767,-50.8,1.041,4963.6,999.0,0,1.0,0.0,0.0,1,7,0.0,6,11,1,1
18090,31.0,3,999,0,1.1,93.994,-36.4,4.857,5191.0,999.0,0,0.0,0.0,1.0,2,8,0.0,4,5,1,1
18091,33.0,1,999,0,-1.7,94.027,-38.3,0.899,4991.6,999.0,0,0.0,0.0,0.0,2,7,0.0,6,8,1,1
18092,41.0,1,999,0,1.4,93.918,-42.7,4.963,5228.1,999.0,0,1.0,0.0,0.0,3,6,0.0,7,7,1,1
18093,41.0,2,999,0,1.1,93.994,-36.4,4.857,5191.0,999.0,0,1.0,0.0,1.0,2,3,0.0,9,5,2,1
18094,31.0,1,999,0,1.1,93.994,-36.4,4.857,5191.0,999.0,0,0.0,0.0,1.0,1,8,0.0,6,5,2,1
18095,46.0,3,999,0,1.4,93.444,-36.1,4.966,5228.1,999.0,0,0.0,0.0,0.0,2,7,0.0,9,8,1,1
18096,31.0,1,999,1,-1.1,94.601,-49.5,0.982,4963.6,999.0,1,1.0,0.0,1.0,1,6,0.0,5,10,1,2
18097,49.0,1,999,0,1.4,93.918,-42.7,4.963,5228.1,999.0,0,0.0,0.0,0.0,3,4,0.0,6,7,1,1
18098,26.0,1,13,1,-2.9,92.469,-33.6,1.044,5076.2,0.433333333333,5,1.0,0.0,0.0,1,5,0.0,9,7,1,3
18099,31.0,6,999,0,1.4,94.465,-41.8,4.961,5228.1,999.0,0,1.0,1.0,1.0,1,7,0.0,6,6,2,1
18100,39.0,2,999,0,1.1,93.994,-36.4,4.856,5191.0,999.0,0,1.0,1.0,1.0,2,8,0.0,4,5,1,1
18101,36.0,2,999,0,1.1,93.994,-36.4,4.856,5191.0,999.0,0,0.0,0.0,1.0,3,5,0.0,4,5,1,1
18102,35.0,1,999,0,1.4,93.918,-42.7,4.963,5228.1,999.0,0,0.0,0.0,0.0,2,5,0.0,6,7,1,1
18103,31.0,1,999,0,1.4,93.918,-42.7,4.961,5228.1,999.0,0,0.0,0.0,0.0,2,7,0.0,6,7,1,1
18104,52.0,1,999,0,1.4,93.918,-42.7,4.962,5228.1,999.0,0,0.0,0.0,0.0,2,8,0.0,4,7,1,1
18105,44.0,1,999,1,-1.8,93.075,-47.1,1.466,5099.1,999.0,3,1.0,0.0,0.0,2,8,0.0,5,4,2,2
18106,26.0,1,999,0,1.4,93.918,-42.7,4.958,5228.1,999.0,0,1.0,0.0,0.0,1,8,0.0,5,7,1,1
18107,42.0,1,999,0,1.1,93.994,-36.4,4.858,5191.0,999.0,0,1.0,1.0,1.0,1,7,0.0,6,5,1,1
18108,57.0,3,999,0,-1.8,92.893,-46.2,1.354,5099.1,999.0,0,0.0,1.0,0.0,1,7,0.0,6,5,2,1
18109,31.0,1,999,0,-0.1,93.2,-42.0,4.021,5195.8,999.0,0,1.0,0.0,0.0,2,7,0.0,6,11,1,1
18110,35.0,2,999,0,1.4,93.444,-36.1,4.965,5228.1,999.0,0,0.0,0.0,0.0,2,6,0.0,5,8,2,1
18111,31.0,4,999,0,-0.1,93.2,-42.0,4.153,5195.8,999.0,0,0.0,0.0,0.0,2,8,0.0,5,11,1,1
18112,32.0,3,999,0,-1.8,92.893,-46.2,1.281,5099.1,999.0,0,0.0,0.0,0.0,1,8,0.0,4,5,1,1
18113,54.0,5,999,0,1.4,94.465,-41.8,4.96,5228.1,999.0,0,0.0,0.0,1.0,2,5,0.0,5,6,1,1
18114,58.0,2,6,2,-1.8,93.749,-34.6,0.642,5008.7,0.2,12,0.0,0.0,0.0,1,6,0.0,2,4,2,3
18115,27.0,1,999,0,1.4,93.918,-42.7,4.962,5228.1,999.0,0,0.0,0.0,0.0,1,5,0.0,5,7,1,1
18116,31.0,2,999,0,-1.8,92.893,-46.2,1.299,5099.1,999.0,0,0.0,1.0,0.0,1,8,0.0,9,5,2,1
18117,30.0,2,999,0,-1.8,92.893,-46.2,1.25,5099.1,999.0,0,1.0,0.0,0.0,1,5,0.0,9,5,1,1
18118,31.0,2,999,1,-1.8,92.893,-46.2,1.25,5099.1,999.0,3,0.0,0.0,0.0,2,8,0.0,4,5,1,2
18119,30.0,1,0,4,-1.7,94.027,-38.3,0.89,4991.6,0.0,4,0.0,0.0,1.0,2,8,0.0,5,8,1,3
18120,20.0,2,999,0,1.1,93.994,-36.4,4.855,5191.0,999.0,0,0.0,0.0,1.0,1,5,0.0,7,5,1,1
18121,31.0,1,999,0,1.4,93.918,-42.7,4.96,5228.1,999.0,0,0.0,0.0,0.0,1,8,0.0,7,7,2,1
18122,42.0,1,999,0,1.4,94.465,-41.8,4.967,5228.1,999.0,0,1.0,0.0,1.0,2,8,0.0,9,6,1,1
18123,31.0,1,999,0,-0.1,93.2,-42.0,4.021,5195.8,999.0,0,1.0,1.0,0.0,1,2,0.0,10,11,1,1
18124,31.0,1,999,0,1.4,93.444,-36.1,4.964,5228.1,999.0,0,1.0,0.0,0.0,2,6,0.0,5,8,1,1
18125,31.0,1,999,0,1.4,94.465,-41.8,4.961,5228.1,999.0,0,1.0,0.0,1.0,2,2,0.0,12,6,2,1
18126,31.0,1,999,2,-1.8,92.893,-46.2,1.244,5099.1,999.0,8,1.0,0.0,0.0,2,8,0.0,4,5,2,2
18127,31.0,1,999,1,-1.7,94.055,-39.8,0.742,4991.6,999.0,0,1.0,1.0,0.0,3,6,0.0,1,6,1,2
18128,31.0,1,10,2,-1.8,93.369,-34.8,0.646,5008.7,0.333333333333,0,0.0,0.0,0.0,1,8,0.0,10,3,1,3
18129,36.0,2,999,1,-1.8,92.893,-46.2,1.299,5099.1,999.0,1,1.0,0.0,0.0,2,7,0.0,9,5,1,2
18130,57.0,9,999,0,1.4,93.444,-36.1,4.962,5228.1,999.0,0,1.0,1.0,0.0,2,7,0.0,5,8,1,1
18131,54.0,1,999,0,1.4,93.918,-42.7,4.962,5228.1,999.0,0,1.0,1.0,1.0,2,5,0.0,5,7,1,1
18132,55.0,7,999,0,1.4,93.918,-42.7,4.957,5228.1,999.0,0,0.0,0.0,0.0,2,8,0.0,2,7,1,1
18133,30.0,6,999,0,-0.1,93.2,-42.0,4.076,5195.8,999.0,0,0.0,0.0,0.0,2,7,0.0,5,11,1,1
18134,31.0,2,999,0,-1.8,92.893,-46.2,1.266,5099.1,999.0,0,1.0,0.0,1.0,1,8,0.0,3,5,1,1
18135,31.0,2,999,1,-1.8,93.749,-34.6,0.642,5008.7,999.0,0,1.0,0.0,1.0,2,2,0.0,8,4,1,2
18136,31.0,3,999,0,1.4,93.918,-42.7,4.958,5228.1,999.0,0,1.0,0.0,0.0,1,8,0.0,9,7,1,1
18137,44.0,2,999,0,1.4,93.444,-36.1,4.965,5228.1,999.0,0,1.0,0.0,0.0,2,7,0.0,3,8,2,1
18138,43.0,2,999,0,1.1,93.994,-36.4,4.857,5191.0,999.0,0,1.0,0.0,1.0,1,6,0.0,5,5,2,1
18139,34.0,1,999,0,1.4,94.465,-41.8,4.967,5228.1,999.0,0,0.0,0.0,1.0,2,3,0.0,4,6,1,1
18140,31.0,1,999,1,-1.1,94.601,-49.5,1.0,4963.6,999.0,0,1.0,1.0,0.0,2,5,0.0,5,10,2,2
18141,31.0,1,999,0,-1.8,92.893,-46.2,1.334,5099.1,999.0,0,1.0,0.0,0.0,1,5,0.0,9,5,1,1
18142,31.0,3,999,0,-2.9,92.201,-31.4,0.869,5076.2,999.0,0,1.0,0.0,0.0,1,7,0.0,7,8,1,1
18143,31.0,3,999,0,1.4,94.465,-41.8,4.962,5228.1,999.0,0,0.0,0.0,1.0,2,4,0.0,9,6,1,1
18144,27.0,1,999,0,1.1,93.994,-36.4,4.857,5191.0,999.0,0,0.0,0.0,1.0,1,3,0.0,4,5,1,1
18145,30.0,2,999,0,1.4,93.444,-36.1,4.964,5228.1,999.0,0,0.0,0.0,0.0,2,8,0.0,6,8,1,1
18146,31.0,1,999,1,-1.8,92.893,-46.2,1.313,5099.1,999.0,0,0.0,0.0,0.0,2,8,0.0,6,5,1,2
18147,38.0,6,999,0,1.1,93.994,-36.4,4.857,5191.0,999.0,0,0.0,0.0,1.0,1,8,0.0,6,5,2,1
18148,50.0,1,999,0,1.4,94.465,-41.8,4.864,5228.1,999.0,0,0.0,1.0,1.0,1,8,0.0,2,6,1,1
18149,26.0,1,999,0,1.4,93.918,-42.7,4.963,5228.1,999.0,0,1.0,0.0,0.0,1,5,0.0,9,7,1,1
18150,58.0,2,999,1,-1.8,92.893,-46.2,1.334,5099.1,999.0,1,1.0,0.0,0.0,2,2,0.0,8,5,1,2
18151,47.0,1,999,0,1.1,93.994,-36.4,4.864,5191.0,999.0,0,1.0,0.0,1.0,2,8,0.0,6,5,1,1
18152,29.0,2,999,0,-1.1,94.601,-49.5,1.029,4963.6,999.0,0,1.0,0.0,0.0,1,5,0.0,10,10,1,1
18153,31.0,1,999,0,1.1,93.994,-36.4,4.859,5191.0,999.0,0,0.0,1.0,1.0,1,8,0.0,4,5,1,1
18154,43.0,3,999,0,1.1,93.994,-36.4,4.857,5191.0,999.0,0,0.0,0.0,1.0,2,2,0.0,8,5,2,1
18155,38.0,2,999,0,1.4,94.465,-41.8,4.864,5228.1,999.0,0,0.0,0.0,1.0,2,8,0.0,6,6,1,1
18156,39.0,1,999,0,1.4,94.465,-41.8,4.967,5228.1,999.0,0,1.0,1.0,1.0,3,4,0.0,4,6,1,1
18157,29.0,1,999,1,-1.8,92.893,-46.2,1.291,5099.1,999.0,0,1.0,0.0,0.0,1,8,0.0,6,5,1,2
18158,31.0,1,999,1,-1.8,93.075,-47.1,1.405,5099.1,999.0,1,1.0,0.0,0.0,3,8,0.0,3,4,2,2
18159,31.0,5,999,0,-0.1,93.2,-42.0,4.153,5195.8,999.0,0,1.0,0.0,0.0,1,8,0.0,7,11,1,1
18160,43.0,2,999,0,-0.1,93.2,-42.0,4.191,5195.8,999.0,0,1.0,1.0,0.0,2,5,0.0,9,11,1,1
18161,31.0,2,999,0,1.1,93.994,-36.4,4.86,5191.0,999.0,0,0.0,0.0,1.0,2,5,0.0,9,5,1,1
18162,36.0,1,999,0,1.4,93.918,-42.7,4.962,5228.1,999.0,0,1.0,0.0,1.0,2,3,0.0,4,7,1,1
18163,40.0,1,999,0,-1.8,93.075,-47.1,1.365,5099.1,999.0,0,1.0,0.0,0.0,3,7,0.0,5,4,1,1
18164,49.0,1,999,1,-1.8,92.893,-46.2,1.344,5099.1,999.0,2,1.0,1.0,0.0,2,6,0.0,4,5,1,2
18165,34.0,1,999,0,-1.8,93.075,-47.1,1.405,5099.1,999.0,0,1.0,0.0,0.0,2,4,0.0,4,4,1,1
18166,41.0,1,999,0,-0.1,93.2,-42.0,4.191,5195.8,999.0,0,1.0,0.0,0.0,2,5,0.0,6,11,2,1
18167,31.0,1,999,0,1.4,93.444,-36.1,4.965,5228.1,999.0,0,0.0,0.0,0.0,2,8,0.0,3,8,2,1
18168,43.0,3,999,0,1.4,94.465,-41.8,4.959,5228.1,999.0,0,1.0,0.0,1.0,2,8,0.0,6,6,1,1
18169,25.0,1,999,0,-1.8,93.075,-47.1,1.365,5099.1,999.0,0,1.0,0.0,0.0,1,7,0.0,1,4,1,1
18170,31.0,3,999,0,1.4,93.918,-42.7,4.963,5228.1,999.0,0,1.0,0.0,0.0,2,3,0.0,4,7,1,1
18171,49.0,15,999,0,1.4,94.465,-41.8,4.96,5228.1,999.0,0,0.0,0.0,1.0,2,8,0.0,6,6,2,1
18172,31.0,2,999,1,-1.8,92.893,-46.2,1.281,5099.1,999.0,3,1.0,1.0,0.0,1,7,0.0,6,5,1,2
18173,31.0,1,999,0,1.4,94.465,-41.8,4.865,5228.1,999.0,0,1.0,0.0,1.0,2,4,0.0,7,6,2,1
18174,53.0,1,999,0,1.4,93.444,-36.1,4.966,5228.1,999.0,0,0.0,0.0,0.0,3,6,0.0,5,8,1,1
18175,34.0,1,999,0,-1.8,92.893,-46.2,1.264,5099.1,999.0,0,1.0,0.0,1.0,2,8,0.0,6,5,2,1
18176,31.0,2,999,0,1.1,93.994,-36.4,4.856,5191.0,999.0,0,1.0,0.0,1.0,2,3,0.0,7,5,1,1
18177,32.0,2,999,0,1.1,93.994,-36.4,4.859,5191.0,999.0,0,0.0,0.0,1.0,2,2,0.0,4,5,1,1
18178,37.0,1,999,1,-1.8,93.075,-47.1,1.41,5099.1,999.0,0,0.0,0.0,0.0,2,6,0.0,7,4,1,2
18179,57.0,2,999,0,1.4,93.918,-42.7,4.962,5228.1,999.0,0,1.0,0.0,0.0,2,8,0.0,6,7,1,1
18180,50.0,2,999,0,1.4,93.918,-42.7,4.963,5228.1,999.0,0,1.0,0.0,1.0,3,8,0.0,5,7,1,1
18181,31.0,1,999,0,-2.9,92.963,-40.8,1.26,5076.2,999.0,0,1.0,0.0,0.0,1,8,0.0,9,6,1,1
18182,25.0,4,999,0,-3.4,92.649,-30.1,0.714,5017.5,999.0,0,1.0,0.0,1.0,1,8,0.0,6,11,2,1
18183,30.0,10,999,0,1.4,94.465,-41.8,4.959,5228.1,999.0,0,0.0,0.0,1.0,3,8,0.0,6,6,1,1
18184,46.0,3,999,0,1.4,93.918,-42.7,4.962,5228.1,999.0,0,0.0,0.0,0.0,2,8,0.0,9,7,2,1
18185,42.0,2,999,0,-0.1,93.2,-42.0,4.12,5195.8,999.0,0,1.0,0.0,0.0,2,8,0.0,3,11,1,1
18186,54.0,2,999,0,1.1,93.994,-36.4,4.857,5191.0,999.0,0,0.0,0.0,1.0,3,8,0.0,3,5,2,1
18187,58.0,1,999,1,-3.4,92.431,-26.9,0.737,5017.5,999.0,2,1.0,0.0,0.0,2,4,0.0,4,10,1,2
18188,43.0,3,999,0,1.1,93.994,-36.4,4.856,5191.0,999.0,0,1.0,0.0,1.0,2,8,0.0,4,5,1,1
18189,33.0,1,999,0,1.4,93.918,-42.7,4.962,5228.1,999.0,0,0.0,0.0,0.0,2,5,0.0,9,7,1,1
18190,31.0,2,999,0,-0.1,93.2,-42.0,4.021,5195.8,999.0,0,1.0,1.0,0.0,2,8,0.0,1,11,1,1
18191,27.0,4,999,0,1.4,93.918,-42.7,4.961,5228.1,999.0,0,1.0,0.0,0.0,1,5,0.0,9,7,1,1
18192,31.0,5,999,0,1.4,93.444,-36.1,4.965,5228.1,999.0,0,1.0,0.0,0.0,2,6,0.0,8,8,2,1
18193,56.0,1,999,0,1.4,94.465,-41.8,4.955,5228.1,999.0,0,1.0,0.0,1.0,3,5,0.0,6,6,1,1
18194,31.0,1,999,0,1.4,93.918,-42.7,4.961,5228.1,999.0,0,1.0,0.0,1.0,2,8,0.0,2,7,1,1
18195,45.0,3,999,0,-1.8,92.893,-46.2,1.299,5099.1,999.0,0,0.0,0.0,0.0,1,5,0.0,6,5,2,1
18196,34.0,2,999,0,1.4,93.918,-42.7,4.962,5228.1,999.0,0,1.0,0.0,0.0,2,7,0.0,5,7,1,1
18197,41.0,10,999,0,1.4,93.918,-42.7,4.968,5228.1,999.0,0,0.0,0.0,0.0,3,8,0.0,1,7,1,1
18198,25.0,2,999,0,1.4,93.918,-42.7,4.962,5228.1,999.0,0,1.0,1.0,0.0,2,5,0.0,9,7,1,1
18199,39.0,1,999,1,-0.1,93.2,-42.0,4.191,5195.8,999.0,2,0.0,0.0,0.0,2,7,0.0,3,11,2,2
18200,35.0,3,999,0,1.4,93.918,-42.7,4.962,5228.1,999.0,0,0.0,0.0,0.0,2,5,0.0,7,7,2,1
18201,49.0,2,999,0,-1.8,92.893,-46.2,1.25,5099.1,999.0,0,1.0,0.0,0.0,3,4,0.0,7,5,1,1
18202,42.0,1,999,0,1.4,93.918,-42.7,4.955,5228.1,999.0,0,1.0,0.0,1.0,2,4,0.0,10,7,1,1
18203,36.0,1,999,1,-1.8,93.075,-47.1,1.445,5099.1,999.0,2,1.0,0.0,0.0,2,8,0.0,2,4,1,2
18204,41.0,7,999,0,1.4,93.918,-42.7,4.961,5228.1,999.0,0,1.0,0.0,0.0,3,8,0.0,4,7,1,1
18205,60.0,3,999,0,1.1,93.994,-36.4,4.855,5191.0,999.0,0,0.0,0.0,1.0,2,8,0.0,3,5,1,1
18206,29.0,2,999,0,1.4,93.918,-42.7,4.957,5228.1,999.0,0,1.0,0.0,0.0,1,7,0.0,1,7,1,1
18207,47.0,3,999,0,1.4,93.444,-36.1,4.963,5228.1,999.0,0,0.0,0.0,0.0,1,7,0.0,6,8,1,1
18208,59.0,6,999,0,-1.8,93.075,-47.1,1.435,5099.1,999.0,0,1.0,0.0,0.0,2,2,0.0,4,4,1,1
18209,27.0,1,999,0,1.4,93.918,-42.7,4.963,5228.1,999.0,0,1.0,0.0,0.0,1,4,0.0,4,7,1,1
18210,30.0,2,999,0,1.4,93.918,-42.7,4.961,5228.1,999.0,0,1.0,0.0,0.0,1,5,0.0,6,7,1,1
18211,31.0,2,999,1,-1.8,92.893,-46.2,1.344,5099.1,999.0,4,0.0,0.0,0.0,1,8,0.0,3,5,1,2
18212,31.0,1,999,0,1.4,93.918,-42.7,4.957,5228.1,999.0,0,1.0,0.0,0.0,3,6,0.0,5,7,1,1
18213,31.0,2,999,0,1.4,93.444,-36.1,4.967,5228.1,999.0,0,0.0,0.0,0.0,2,8,0.0,8,8,1,1
18214,32.0,1,999,0,-0.1,93.2,-42.0,4.12,5195.8,999.0,0,1.0,1.0,0.0,1,5,0.0,6,11,1,1
18215,59.0,3,2,4,-1.1,94.199,-37.5,0.883,4963.6,0.0666666666667,12,1.0,0.0,0.0,2,6,0.0,9,9,1,3
18216,31.0,1,999,0,1.4,93.918,-42.7,4.957,5228.1,999.0,0,0.0,1.0,1.0,1,7,0.0,6,7,1,1
18217,48.0,1,2,1,-1.8,93.075,-47.1,1.365,5099.1,0.0666666666667,1,1.0,0.0,0.0,2,7,0.0,7,4,1,3
18218,29.0,2,999,0,1.4,93.444,-36.1,4.965,5228.1,999.0,0,0.0,0.0,0.0,1,8,0.0,6,8,2,1
18219,58.0,1,999,1,-1.8,92.893,-46.2,1.281,5099.1,999.0,3,0.0,0.0,0.0,2,7,0.0,8,5,1,2
18220,38.0,3,999,0,1.4,94.465,-41.8,4.962,5228.1,999.0,0,0.0,0.0,1.0,2,2,0.0,4,6,1,1
18221,61.0,1,999,0,-3.4,92.431,-26.9,0.724,5017.5,999.0,0,0.0,0.0,0.0,2,5,0.0,4,10,1,1
18222,31.0,3,999,1,-1.8,93.075,-47.1,1.405,5099.1,999.0,3,1.0,0.0,0.0,1,8,0.0,6,4,1,2
18223,34.0,1,999,0,1.4,93.918,-42.7,4.963,5228.1,999.0,0,1.0,1.0,0.0,2,4,0.0,4,7,1,1
18224,40.0,3,999,0,1.4,94.465,-41.8,4.864,5228.1,999.0,0,0.0,1.0,1.0,3,8,0.0,6,6,1,1
18225,34.0,3,999,1,-1.8,93.369,-34.8,0.654,5008.7,999.0,2,1.0,0.0,0.0,2,6,0.0,6,3,1,2
18226,31.0,2,999,0,1.4,94.465,-41.8,4.967,5228.1,999.0,0,0.0,1.0,1.0,2,4,0.0,4,6,1,1
18227,31.0,3,999,1,-1.8,93.075,-47.1,1.415,5099.1,999.0,0,0.0,0.0,0.0,2,7,0.0,6,4,1,2
18228,31.0,1,999,0,1.4,93.918,-42.7,4.961,5228.1,999.0,0,0.0,0.0,0.0,3,8,0.0,4,7,1,1
18229,51.0,2,999,0,-1.8,92.893,-46.2,1.291,5099.1,999.0,0,1.0,0.0,1.0,2,8,0.0,4,5,1,1
18230,55.0,1,999,0,1.1,93.994,-36.4,4.856,5191.0,999.0,0,1.0,0.0,1.0,2,4,0.0,4,5,1,1
18231,26.0,5,999,0,1.4,94.465,-41.8,4.961,5228.1,999.0,0,0.0,0.0,1.0,1,5,0.0,12,6,1,1
18232,37.0,3,999,0,1.4,93.444,-36.1,4.963,5228.1,999.0,0,0.0,0.0,0.0,2,7,0.0,5,8,1,1
18233,51.0,1,999,0,1.4,93.444,-36.1,4.967,5228.1,999.0,0,1.0,0.0,0.0,2,5,0.0,6,8,1,1
18234,52.0,1,999,0,1.1,93.994,-36.4,4.855,5191.0,999.0,0,0.0,0.0,1.0,2,6,0.0,3,5,1,1
18235,56.0,1,999,0,1.1,93.994,-36.4,4.858,5191.0,999.0,0,1.0,0.0,1.0,2,7,0.0,3,5,1,1
18236,38.0,1,999,0,-1.8,92.893,-46.2,1.334,5099.1,999.0,0,1.0,1.0,0.0,2,8,0.0,5,5,1,1
18237,31.0,1,999,0,1.1,93.994,-36.4,4.857,5191.0,999.0,0,0.0,0.0,1.0,2,2,0.0,12,5,1,1
18238,33.0,1,3,2,-1.8,93.876,-40.0,0.685,5008.7,0.1,4,1.0,0.0,0.0,2,7,0.0,6,5,1,3
18239,31.0,1,999,0,1.4,93.444,-36.1,4.966,5228.1,999.0,0,1.0,0.0,0.0,2,7,0.0,6,8,1,1
18240,28.0,1,999,0,1.4,94.465,-41.8,4.866,5228.1,999.0,0,0.0,0.0,1.0,2,8,0.0,4,6,1,1
18241,35.0,2,999,0,1.4,93.918,-42.7,4.963,5228.1,999.0,0,1.0,1.0,0.0,2,6,0.0,5,7,1,1
18242,42.0,1,999,0,-1.8,93.075,-47.1,1.41,5099.1,999.0,0,1.0,1.0,0.0,2,2,0.0,4,4,1,1
18243,35.0,1,999,1,-0.1,93.2,-42.0,4.12,5195.8,999.0,0,1.0,1.0,0.0,1,8,0.0,4,11,1,2
18244,37.0,2,999,0,-1.8,92.893,-46.2,1.259,5099.1,999.0,0,0.0,0.0,0.0,1,7,0.0,2,5,1,1
18245,58.0,3,999,0,1.4,93.444,-36.1,4.967,5228.1,999.0,0,1.0,0.0,0.0,2,8,0.0,8,8,1,1
18246,33.0,3,999,1,-1.8,92.893,-46.2,1.25,5099.1,999.0,2,0.0,0.0,0.0,1,7,0.0,5,5,1,2
18247,33.0,2,999,0,1.1,93.994,-36.4,4.859,5191.0,999.0,0,0.0,0.0,1.0,1,4,0.0,4,5,1,1
18248,58.0,10,999,0,1.4,93.444,-36.1,4.963,5228.1,999.0,0,1.0,0.0,0.0,2,5,0.0,8,8,1,1
18249,43.0,2,999,0,1.4,93.444,-36.1,4.964,5228.1,999.0,0,0.0,0.0,0.0,2,7,0.0,3,8,1,1
18250,31.0,3,999,0,1.4,93.918,-42.7,4.962,5228.1,999.0,0,1.0,0.0,0.0,3,5,0.0,5,7,1,1
18251,31.0,2,999,0,1.1,93.994,-36.4,4.857,5191.0,999.0,0,0.0,0.0,1.0,2,5,0.0,6,5,1,1
18252,31.0,2,999,0,1.4,94.465,-41.8,4.865,5228.1,999.0,0,0.0,0.0,1.0,2,3,0.0,4,6,2,1
18253,48.0,1,999,0,-1.8,92.893,-46.2,1.299,5099.1,999.0,0,1.0,1.0,0.0,3,8,0.0,6,5,2,1
18254,52.0,24,999,0,1.4,93.444,-36.1,4.964,5228.1,999.0,0,1.0,0.0,0.0,2,2,0.0,2,8,1,1
18255,47.0,2,999,0,1.4,93.444,-36.1,4.964,5228.1,999.0,0,1.0,0.0,0.0,3,7,0.0,6,8,1,1
18256,57.0,1,999,1,-1.8,93.075,-47.1,1.365,5099.1,999.0,3,0.0,0.0,0.0,2,7,0.0,8,4,1,2
18257,31.0,4,999,0,1.1,93.994,-36.4,4.859,5191.0,999.0,0,1.0,0.0,1.0,1,7,0.0,6,5,1,1
18258,31.0,1,999,0,1.4,93.444,-36.1,4.968,5228.1,999.0,0,0.0,0.0,0.0,1,5,0.0,6,8,1,1
18259,31.0,1,999,0,1.4,93.444,-36.1,4.963,5228.1,999.0,0,1.0,0.0,0.0,1,8,0.0,5,8,1,1
18260,31.0,2,999,0,-3.4,92.431,-26.9,0.728,5017.5,999.0,0,1.0,0.0,1.0,2,6,0.0,5,10,1,1
18261,32.0,8,999,0,1.1,93.994,-36.4,4.857,5191.0,999.0,0,0.0,0.0,1.0,2,4,0.0,4,5,1,1
18262,28.0,6,999,0,1.4,93.918,-42.7,4.968,5228.1,999.0,0,1.0,0.0,0.0,2,5,0.0,9,7,1,1
18263,52.0,2,999,0,1.4,93.444,-36.1,4.963,5228.1,999.0,0,1.0,0.0,0.0,2,5,0.0,6,8,1,1
18264,39.0,1,999,0,1.4,94.465,-41.8,4.865,5228.1,999.0,0,1.0,0.0,1.0,2,2,0.0,4,6,1,1
18265,28.0,1,4,1,-3.4,92.379,-29.8,0.797,5017.5,0.133333333333,1,1.0,0.0,0.0,2,8,0.0,5,9,1,3
18266,31.0,8,999,0,1.4,93.444,-36.1,4.964,5228.1,999.0,0,1.0,0.0,0.0,2,7,0.0,6,8,1,1
18267,36.0,2,999,1,-1.8,93.075,-47.1,1.405,5099.1,999.0,3,1.0,0.0,0.0,3,5,0.0,6,4,1,2
18268,31.0,2,999,0,-1.8,92.893,-46.2,1.281,5099.1,999.0,0,1.0,1.0,0.0,2,3,0.0,4,5,1,1
18269,26.0,1,999,0,1.1,93.994,-36.4,4.857,5191.0,999.0,0,0.0,1.0,1.0,2,3,0.0,5,5,1,1
18270,39.0,3,999,0,1.4,94.465,-41.8,4.961,5228.1,999.0,0,0.0,0.0,1.0,2,7,0.0,1,6,2,1
18271,36.0,3,999,0,1.4,93.444,-36.1,4.964,5228.1,999.0,0,1.0,0.0,0.0,2,5,0.0,5,8,1,1
18272,68.0,1,6,2,-3.4,92.431,-26.9,0.728,5017.5,0.2,4,1.0,0.0,0.0,2,2,0.0,8,10,1,3
18273,46.0,6,999,0,-1.8,93.876,-40.0,0.682,5008.7,999.0,0,1.0,0.0,0.0,1,5,0.0,6,5,2,1
18274,39.0,1,999,0,-0.1,93.2,-42.0,4.076,5195.8,999.0,0,1.0,0.0,0.0,2,5,0.0,4,11,1,1
18275,32.0,5,999,0,-2.9,92.469,-33.6,1.029,5076.2,999.0,0,1.0,0.0,0.0,1,8,0.0,6,7,1,1
18276,35.0,3,999,0,1.4,94.465,-41.8,4.96,5228.1,999.0,0,0.0,0.0,1.0,1,5,0.0,9,6,2,1
18277,59.0,1,999,0,1.4,93.444,-36.1,4.967,5228.1,999.0,0,0.0,0.0,0.0,2,8,0.0,2,8,1,1
18278,59.0,2,999,0,1.4,93.444,-36.1,4.964,5228.1,999.0,0,0.0,0.0,0.0,2,8,0.0,8,8,1,1
18279,46.0,3,999,0,-0.1,93.2,-42.0,4.191,5195.8,999.0,0,1.0,0.0,0.0,2,7,0.0,1,11,2,1
18280,32.0,1,999,0,1.1,93.994,-36.4,4.859,5191.0,999.0,0,0.0,1.0,1.0,2,5,0.0,9,5,1,1
18281,31.0,3,999,1,-1.8,92.893,-46.2,1.354,5099.1,999.0,3,1.0,0.0,0.0,1,5,0.0,6,5,2,2
18282,32.0,3,999,0,1.4,94.465,-41.8,4.961,5228.1,999.0,0,1.0,0.0,1.0,2,8,0.0,6,6,2,1
18283,39.0,1,999,0,-1.8,92.893,-46.2,1.266,5099.1,999.0,0,0.0,0.0,0.0,2,5,0.0,6,5,1,1
18284,31.0,5,999,1,-1.8,92.893,-46.2,1.344,5099.1,999.0,1,0.0,0.0,0.0,2,8,0.0,9,5,1,2
18285,29.0,1,999,0,1.4,94.465,-41.8,4.96,5228.1,999.0,0,1.0,0.0,1.0,1,7,0.0,6,6,2,1
18286,31.0,1,999,0,1.1,93.994,-36.4,4.857,5191.0,999.0,0,0.0,1.0,1.0,2,5,0.0,9,5,1,1
18287,31.0,1,999,0,1.1,93.994,-36.4,4.857,5191.0,999.0,0,1.0,0.0,1.0,2,8,0.0,9,5,1,1
18288,59.0,2,999,0,1.1,93.994,-36.4,4.857,5191.0,999.0,0,0.0,0.0,1.0,3,2,0.0,8,5,1,1
18289,48.0,3,999,0,1.4,93.918,-42.7,4.962,5228.1,999.0,0,0.0,0.0,0.0,2,5,0.0,5,7,1,1
18290,31.0,3,999,0,1.4,93.444,-36.1,4.967,5228.1,999.0,0,1.0,1.0,0.0,2,2,0.0,1,8,1,1
18291,36.0,1,999,0,1.1,93.994,-36.4,4.856,5191.0,999.0,0,0.0,0.0,1.0,2,5,0.0,6,5,1,1
18292,54.0,1,999,0,1.4,93.918,-42.7,4.961,5228.1,999.0,0,1.0,1.0,0.0,2,1,0.0,4,7,1,1
18293,51.0,1,999,1,-1.8,92.893,-46.2,1.25,5099.1,999.0,3,1.0,0.0,0.0,2,4,0.0,4,5,1,2
18294,33.0,5,999,0,1.4,93.918,-42.7,4.961,5228.1,999.0,0,0.0,0.0,0.0,3,4,0.0,4,7,1,1
18295,33.0,1,3,1,-3.4,92.649,-30.1,0.715,5017.5,0.1,0,1.0,0.0,1.0,2,7,0.0,6,11,1,3
18296,48.0,2,999,1,-0.1,93.2,-42.0,4.153,5195.8,999.0,2,0.0,0.0,0.0,2,8,0.0,6,11,1,2
18297,41.0,1,999,0,1.1,93.994,-36.4,4.859,5191.0,999.0,0,1.0,0.0,1.0,2,5,0.0,6,5,1,1
18298,43.0,1,999,0,-2.9,92.201,-31.4,0.825,5076.2,999.0,0,0.0,0.0,0.0,1,6,0.0,5,8,1,1
18299,44.0,4,999,0,1.4,93.918,-42.7,4.961,5228.1,999.0,0,0.0,0.0,0.0,2,8,0.0,4,7,1,1
18300,53.0,3,999,0,1.1,93.994,-36.4,4.858,5191.0,999.0,0,1.0,0.0,1.0,2,8,0.0,5,5,2,1
18301,30.0,4,999,0,1.4,93.444,-36.1,4.963,5228.1,999.0,0,0.0,0.0,0.0,1,8,0.0,6,8,2,1
18302,49.0,4,999,0,1.4,93.444,-36.1,4.966,5228.1,999.0,0,1.0,0.0,0.0,2,8,0.0,4,8,1,1
18303,42.0,1,999,0,-0.1,93.2,-42.0,4.076,5195.8,999.0,0,1.0,0.0,0.0,2,4,0.0,4,11,1,1
18304,31.0,6,999,0,1.4,93.918,-42.7,4.961,5228.1,999.0,0,1.0,0.0,0.0,2,8,0.0,1,7,1,1
18305,21.0,3,6,1,-3.0,92.713,-33.0,0.71,5023.5,0.2,3,1.0,0.0,0.0,1,8,0.0,11,12,1,3
18306,30.0,1,999,0,-1.8,92.893,-46.2,1.25,5099.1,999.0,0,1.0,0.0,0.0,1,5,0.0,9,5,1,1
18307,37.0,1,999,0,1.4,93.918,-42.7,4.963,5228.1,999.0,0,1.0,0.0,0.0,2,6,0.0,10,7,1,1
18308,50.0,2,999,1,-0.1,93.2,-42.0,4.153,5195.8,999.0,6,1.0,1.0,0.0,2,6,0.0,5,11,1,2
18309,38.0,1,999,0,-0.1,93.2,-42.0,4.153,5195.8,999.0,0,1.0,0.0,0.0,2,8,0.0,4,11,1,1
18310,54.0,1,999,0,1.4,93.444,-36.1,4.963,5228.1,999.0,0,0.0,0.0,0.0,2,2,0.0,4,8,1,1
18311,29.0,2,999,0,1.1,93.994,-36.4,4.856,5191.0,999.0,0,0.0,0.0,1.0,2,8,0.0,6,5,1,1
18312,57.0,1,999,0,-0.1,93.2,-42.0,4.191,5195.8,999.0,0,1.0,0.0,1.0,2,7,0.0,3,11,1,1
18313,28.0,1,999,0,-1.8,92.893,-46.2,1.244,5099.1,999.0,0,1.0,1.0,0.0,1,4,0.0,4,5,2,1
18314,43.0,2,999,0,1.1,93.994,-36.4,4.857,5191.0,999.0,0,1.0,0.0,1.0,2,5,0.0,9,5,2,1
18315,28.0,1,999,0,-1.7,94.215,-40.3,0.876,4991.6,999.0,0,1.0,0.0,0.0,1,5,0.0,9,7,1,1
18316,31.0,1,999,0,1.4,93.444,-36.1,4.964,5228.1,999.0,0,0.0,0.0,0.0,2,8,0.0,5,8,1,1
18317,33.0,2,999,0,1.1,93.994,-36.4,4.857,5191.0,999.0,0,0.0,0.0,1.0,2,8,0.0,9,5,2,1
18318,31.0,1,999,0,1.4,93.918,-42.7,4.963,5228.1,999.0,0,1.0,0.0,0.0,1,4,0.0,4,7,1,1
18319,34.0,1,999,0,1.4,94.465,-41.8,4.961,5228.1,999.0,0,0.0,0.0,1.0,1,5,0.0,6,6,1,1
18320,31.0,8,999,0,1.1,93.994,-36.4,4.858,5191.0,999.0,0,1.0,0.0,1.0,1,6,0.0,5,5,2,1
18321,31.0,1,999,0,1.1,93.994,-36.4,4.858,5191.0,999.0,0,1.0,1.0,1.0,2,8,0.0,6,5,1,1
18322,34.0,1,999,0,-0.1,93.2,-42.0,4.12,5195.8,999.0,0,1.0,0.0,0.0,1,7,0.0,6,11,1,1
18323,38.0,1,999,0,-0.1,93.2,-42.0,4.076,5195.8,999.0,0,1.0,0.0,1.0,2,4,0.0,4,11,1,1
18324,29.0,2,999,0,-1.8,93.749,-34.6,0.645,5008.7,999.0,0,1.0,0.0,0.0,2,7,0.0,5,4,2,1
18325,31.0,3,999,0,-1.8,92.893,-46.2,1.25,5099.1,999.0,0,1.0,0.0,1.0,1,4,0.0,9,5,1,1
18326,31.0,1,999,0,1.4,93.444,-36.1,4.968,5228.1,999.0,0,1.0,1.0,0.0,1,7,0.0,5,8,1,1
18327,65.0,2,3,2,-3.4,92.649,-30.1,0.714,5017.5,0.1,2,0.0,0.0,0.0,1,8,0.0,8,11,1,3
18328,31.0,4,999,1,-1.8,92.893,-46.2,1.291,5099.1,999.0,2,0.0,1.0,0.0,2,2,0.0,12,5,1,2
18329,31.0,1,999,0,1.4,93.918,-42.7,4.96,5228.1,999.0,0,0.0,0.0,0.0,2,8,0.0,6,7,2,1
18330,55.0,1,999,0,1.1,93.994,-36.4,4.857,5191.0,999.0,0,1.0,0.0,1.0,2,5,0.0,6,5,1,1
18331,54.0,2,999,0,-2.9,92.201,-31.4,0.843,5076.2,999.0,0,1.0,0.0,0.0,2,7,0.0,1,8,2,1
18332,31.0,7,999,0,1.1,93.994,-36.4,4.86,5191.0,999.0,0,0.0,0.0,1.0,2,2,0.0,3,5,1,1
18333,31.0,1,999,0,1.4,94.465,-41.8,4.866,5228.1,999.0,0,1.0,1.0,1.0,2,4,0.0,2,6,1,1
18334,39.0,1,999,1,-0.1,93.2,-42.0,4.12,5195.8,999.0,0,1.0,0.0,0.0,1,6,0.0,5,11,1,2
18335,58.0,4,999,0,1.4,93.918,-42.7,4.962,5228.1,999.0,0,1.0,0.0,0.0,2,8,0.0,4,7,1,1
18336,41.0,6,999,0,1.4,94.465,-41.8,4.864,5228.1,999.0,0,0.0,0.0,1.0,2,8,0.0,3,6,1,1
18337,31.0,1,999,0,-1.8,92.843,-50.0,1.687,5099.1,999.0,0,1.0,1.0,0.0,1,8,0.0,3,3,1,1
18338,43.0,1,999,1,-1.8,93.075,-47.1,1.405,5099.1,999.0,2,0.0,1.0,0.0,2,8,0.0,3,4,2,2
18339,31.0,4,999,0,1.1,93.994,-36.4,4.856,5191.0,999.0,0,0.0,0.0,1.0,2,6,0.0,5,5,1,1
18340,67.0,3,999,0,-3.4,92.649,-30.1,0.714,5017.5,999.0,0,1.0,0.0,0.0,2,2,0.0,8,11,1,1
18341,43.0,1,999,0,1.1,93.994,-36.4,4.858,5191.0,999.0,0,0.0,0.0,1.0,2,8,0.0,6,5,1,1
18342,36.0,1,999,1,-0.1,93.2,-42.0,4.191,5195.8,999.0,1,1.0,0.0,0.0,2,8,0.0,5,11,2,2
18343,43.0,2,999,0,1.1,93.994,-36.4,4.858,5191.0,999.0,0,0.0,0.0,1.0,2,7,0.0,3,5,1,1
18344,24.0,1,4,1,-2.9,92.963,-40.8,1.206,5076.2,0.133333333333,0,0.0,0.0,0.0,1,6,0.0,5,6,1,3
18345,47.0,4,999,0,1.4,93.918,-42.7,4.968,5228.1,999.0,0,1.0,1.0,0.0,2,6,0.0,5,7,1,1
18346,36.0,2,999,0,1.4,93.444,-36.1,4.965,5228.1,999.0,0,0.0,0.0,0.0,2,2,0.0,2,8,2,1
18347,30.0,2,999,0,1.1,93.994,-36.4,4.857,5191.0,999.0,0,0.0,1.0,1.0,1,7,0.0,3,5,1,1
18348,35.0,1,999,0,-0.1,93.2,-42.0,4.076,5195.8,999.0,0,0.0,0.0,0.0,3,5,0.0,9,11,1,1
18349,30.0,3,999,0,1.4,93.444,-36.1,4.963,5228.1,999.0,0,1.0,0.0,0.0,1,7,0.0,6,8,1,1
18350,32.0,1,999,0,1.1,93.994,-36.4,4.855,5191.0,999.0,0,0.0,0.0,1.0,2,8,0.0,6,5,1,1
18351,31.0,2,999,0,1.4,93.918,-42.7,4.962,5228.1,999.0,0,1.0,0.0,1.0,2,8,0.0,1,7,2,1
18352,31.0,1,3,1,-1.7,94.027,-38.3,0.904,4991.6,0.1,1,0.0,1.0,0.0,2,8,0.0,8,8,1,3
18353,40.0,1,999,0,1.1,93.994,-36.4,4.856,5191.0,999.0,0,0.0,0.0,1.0,2,3,0.0,4,5,1,1
18354,31.0,1,999,0,-0.1,93.2,-42.0,4.021,5195.8,999.0,0,1.0,0.0,0.0,1,8,0.0,6,11,1,1
18355,51.0,3,999,0,1.4,93.444,-36.1,4.965,5228.1,999.0,0,1.0,0.0,0.0,2,5,0.0,9,8,2,1
18356,30.0,3,3,1,-1.8,92.893,-46.2,1.266,5099.1,0.1,2,1.0,0.0,0.0,1,5,0.0,6,5,1,3
18357,28.0,2,999,0,-1.8,92.893,-46.2,1.313,5099.1,999.0,0,0.0,0.0,0.0,2,5,0.0,6,5,1,1
18358,31.0,1,999,0,1.4,94.465,-41.8,4.961,5228.1,999.0,0,1.0,1.0,1.0,2,4,0.0,4,6,2,1
18359,54.0,1,999,0,1.4,93.444,-36.1,4.963,5228.1,999.0,0,0.0,0.0,0.0,2,7,0.0,3,8,1,1
18360,39.0,2,999,0,1.4,93.918,-42.7,4.96,5228.1,999.0,0,0.0,1.0,0.0,2,8,0.0,9,7,2,1
18361,37.0,8,999,0,1.4,93.918,-42.7,4.963,5228.1,999.0,0,1.0,0.0,0.0,1,8,0.0,2,7,1,1
18362,31.0,1,999,0,1.4,94.465,-41.8,4.96,5228.1,999.0,0,1.0,0.0,1.0,3,2,0.0,4,6,2,1
18363,30.0,2,999,0,-0.1,93.2,-42.0,4.021,5195.8,999.0,0,0.0,0.0,0.0,1,8,0.0,6,11,1,1
18364,76.0,1,999,1,-1.8,93.876,-40.0,0.697,5008.7,999.0,0,1.0,0.0,0.0,3,2,0.0,8,5,2,2
18365,44.0,4,999,0,1.4,94.465,-41.8,4.959,5228.1,999.0,0,0.0,0.0,1.0,1,7,0.0,1,6,1,1
18366,33.0,3,999,0,1.1,93.994,-36.4,4.864,5191.0,999.0,0,0.0,1.0,1.0,2,5,0.0,6,5,1,1
18367,31.0,2,999,0,1.1,93.994,-36.4,4.858,5191.0,999.0,0,0.0,1.0,1.0,2,7,0.0,7,5,1,1
18368,69.0,1,6,2,-1.1,94.199,-37.5,0.886,4963.6,0.2,6,1.0,1.0,0.0,2,5,0.0,8,9,1,3
18369,54.0,1,999,1,-1.8,92.893,-46.2,1.334,5099.1,999.0,1,1.0,0.0,0.0,3,8,0.0,5,5,1,2
18370,28.0,2,999,0,1.4,94.465,-41.8,4.96,5228.1,999.0,0,1.0,0.0,1.0,1,5,0.0,11,6,2,1
18371,26.0,2,999,0,-1.8,92.893,-46.2,1.266,5099.1,999.0,0,1.0,0.0,0.0,1,6,0.0,5,5,1,1
18372,39.0,1,999,0,1.1,93.994,-36.4,4.864,5191.0,999.0,0,1.0,0.0,1.0,2,7,0.0,5,5,1,1
18373,36.0,2,999,0,1.1,93.994,-36.4,4.857,5191.0,999.0,0,0.0,0.0,1.0,2,8,0.0,10,5,2,1
18374,36.0,2,999,1,-0.1,93.2,-42.0,4.153,5195.8,999.0,2,1.0,0.0,0.0,1,8,0.0,4,11,1,2
18375,34.0,1,999,0,1.4,93.918,-42.7,4.968,5228.1,999.0,0,1.0,0.0,1.0,2,5,0.0,9,7,1,1
18376,43.0,3,999,0,-1.8,92.893,-46.2,1.354,5099.1,999.0,0,1.0,1.0,0.0,2,8,0.0,6,5,2,1
18377,31.0,2,999,0,1.4,94.465,-41.8,4.967,5228.1,999.0,0,1.0,0.0,1.0,2,5,0.0,9,6,1,1
18378,56.0,1,999,0,1.1,93.994,-36.4,4.859,5191.0,999.0,0,1.0,0.0,1.0,2,2,0.0,4,5,1,1
18379,45.0,1,999,1,-1.8,93.876,-40.0,0.695,5008.7,999.0,5,0.0,0.0,0.0,2,5,0.0,1,5,1,2
18380,31.0,1,999,1,-0.1,93.2,-42.0,4.021,5195.8,999.0,3,0.0,0.0,0.0,1,8,0.0,5,11,1,2
18381,48.0,1,999,0,-1.8,93.075,-47.1,1.365,5099.1,999.0,0,1.0,0.0,0.0,3,7,0.0,5,4,1,1
18382,47.0,1,999,0,1.4,93.444,-36.1,4.964,5228.1,999.0,0,1.0,0.0,0.0,2,3,0.0,4,8,1,1
18383,51.0,2,999,0,-1.8,92.893,-46.2,1.354,5099.1,999.0,0,1.0,0.0,0.0,2,8,0.0,4,5,2,1
18384,33.0,17,999,0,1.4,93.918,-42.7,4.96,5228.1,999.0,0,1.0,0.0,1.0,2,8,0.0,5,7,2,1
18385,31.0,2,999,0,1.1,93.994,-36.4,4.86,5191.0,999.0,0,0.0,0.0,1.0,2,8,0.0,4,5,1,1
18386,52.0,2,999,0,1.4,93.918,-42.7,4.963,5228.1,999.0,0,0.0,0.0,0.0,2,2,0.0,2,7,1,1
18387,31.0,5,999,1,-1.8,92.893,-46.2,1.25,5099.1,999.0,2,1.0,0.0,0.0,1,5,0.0,5,5,1,2
18388,39.0,2,999,0,1.1,93.994,-36.4,4.855,5191.0,999.0,0,1.0,0.0,1.0,2,3,0.0,4,5,1,1
18389,31.0,15,999,0,1.4,93.918,-42.7,4.962,5228.1,999.0,0,1.0,1.0,0.0,2,5,0.0,6,7,2,1
18390,48.0,4,999,0,1.4,93.918,-42.7,4.961,5228.1,999.0,0,0.0,0.0,0.0,3,8,0.0,6,7,1,1
18391,31.0,1,999,0,1.4,94.465,-41.8,4.947,5228.1,999.0,0,0.0,1.0,1.0,1,5,0.0,6,6,1,1
18392,30.0,1,999,0,-2.9,92.963,-40.8,1.26,5076.2,999.0,0,0.0,0.0,0.0,2,5,0.0,6,6,2,1
18393,44.0,1,999,0,1.1,93.994,-36.4,4.857,5191.0,999.0,0,0.0,0.0,1.0,1,8,0.0,4,5,2,1
18394,31.0,2,999,0,1.4,94.465,-41.8,4.959,5228.1,999.0,0,0.0,0.0,1.0,3,5,0.0,9,6,1,1
18395,25.0,2,999,0,1.4,93.918,-42.7,4.963,5228.1,999.0,0,0.0,0.0,1.0,1,7,0.0,11,7,1,1
18396,41.0,8,999,0,1.1,93.994,-36.4,4.856,5191.0,999.0,0,0.0,0.0,1.0,1,7,0.0,5,5,1,1
18397,35.0,10,999,0,1.4,93.444,-36.1,4.962,5228.1,999.0,0,1.0,0.0,0.0,2,7,0.0,5,8,1,1
18398,31.0,1,999,0,1.1,93.994,-36.4,4.857,5191.0,999.0,0,1.0,0.0,1.0,2,7,0.0,6,5,2,1
18399,31.0,4,999,0,1.4,93.918,-42.7,4.961,5228.1,999.0,0,1.0,0.0,0.0,2,7,0.0,10,7,1,1
18400,32.0,2,999,0,1.1,93.994,-36.4,4.855,5191.0,999.0,0,0.0,1.0,1.0,2,5,0.0,4,5,1,1
18401,51.0,1,999,0,-0.1,93.2,-42.0,4.153,5195.8,999.0,0,0.0,0.0,0.0,2,8,0.0,6,11,1,1
18402,26.0,6,999,0,1.4,94.465,-41.8,4.961,5228.1,999.0,0,1.0,1.0,1.0,1,2,0.0,6,6,1,1
18403,46.0,5,999,0,1.4,93.918,-42.7,4.961,5228.1,999.0,0,0.0,0.0,0.0,3,5,0.0,9,7,1,1
18404,42.0,8,999,0,1.1,93.994,-36.4,4.855,5191.0,999.0,0,1.0,0.0,1.0,2,8,0.0,6,5,1,1
18405,41.0,1,999,0,1.1,93.994,-36.4,4.857,5191.0,999.0,0,0.0,0.0,1.0,1,5,0.0,6,5,2,1
18406,31.0,3,999,0,1.4,93.918,-42.7,4.962,5228.1,999.0,0,1.0,0.0,0.0,2,5,0.0,6,7,1,1
18407,57.0,2,999,0,1.1,93.994,-36.4,4.855,5191.0,999.0,0,0.0,1.0,1.0,3,5,0.0,9,5,1,1
18408,34.0,1,999,0,1.4,94.465,-41.8,4.864,5228.1,999.0,0,0.0,0.0,1.0,2,8,0.0,9,6,1,1
18409,31.0,2,999,0,1.4,93.918,-42.7,4.963,5228.1,999.0,0,1.0,0.0,0.0,2,8,0.0,5,7,1,1
18410,58.0,1,999,0,-0.1,93.2,-42.0,4.12,5195.8,999.0,0,0.0,0.0,0.0,2,8,0.0,8,11,1,1
18411,31.0,3,999,0,-1.8,92.893,-46.2,1.27,5099.1,999.0,0,0.0,0.0,0.0,1,5,0.0,6,5,1,1
18412,31.0,3,999,0,-1.8,92.893,-46.2,1.266,5099.1,999.0,0,1.0,0.0,1.0,2,3,0.0,4,5,1,1
18413,37.0,1,999,0,-1.8,92.893,-46.2,1.334,5099.1,999.0,0,1.0,0.0,0.0,2,5,0.0,9,5,1,1
18414,31.0,2,999,0,-1.8,93.075,-47.1,1.415,5099.1,999.0,0,1.0,0.0,0.0,2,8,0.0,7,4,1,1
18415,40.0,4,999,0,1.4,93.918,-42.7,4.963,5228.1,999.0,0,0.0,0.0,0.0,1,5,0.0,3,7,1,1
18416,36.0,1,999,0,1.4,93.444,-36.1,4.966,5228.1,999.0,0,0.0,0.0,0.0,2,6,0.0,5,8,1,1
18417,50.0,2,999,0,-1.8,93.075,-47.1,1.405,5099.1,999.0,0,1.0,0.0,0.0,2,5,0.0,6,4,2,1
18418,31.0,2,999,0,-2.9,92.469,-33.6,1.018,5076.2,999.0,0,1.0,0.0,0.0,1,7,0.0,5,7,1,1
18419,31.0,1,999,0,1.4,93.918,-42.7,4.962,5228.1,999.0,0,0.0,0.0,0.0,2,4,0.0,4,7,1,1
18420,38.0,1,999,0,-2.9,92.201,-31.4,0.881,5076.2,999.0,0,1.0,0.0,0.0,1,7,0.0,6,8,1,1
18421,55.0,1,999,0,1.4,94.465,-41.8,4.961,5228.1,999.0,0,1.0,0.0,1.0,2,7,0.0,8,6,1,1
18422,43.0,4,999,0,1.1,93.994,-36.4,4.855,5191.0,999.0,0,1.0,0.0,1.0,2,7,0.0,5,5,1,1
18423,43.0,1,999,0,1.4,93.918,-42.7,4.962,5228.1,999.0,0,0.0,0.0,0.0,2,4,0.0,3,7,1,1
18424,31.0,4,999,0,1.4,93.918,-42.7,4.963,5228.1,999.0,0,0.0,0.0,1.0,1,8,0.0,6,7,1,1
18425,60.0,3,999,0,1.4,93.444,-36.1,4.97,5228.1,999.0,0,1.0,1.0,0.0,2,7,0.0,8,8,2,1
18426,31.0,1,999,0,1.4,93.918,-42.7,4.961,5228.1,999.0,0,1.0,0.0,0.0,1,7,0.0,6,7,1,1
18427,31.0,1,999,0,-1.8,93.075,-47.1,1.405,5099.1,999.0,0,1.0,0.0,0.0,1,4,0.0,10,4,1,1
18428,54.0,1,999,0,1.4,93.444,-36.1,4.963,5228.1,999.0,0,0.0,0.0,0.0,2,6,0.0,5,8,1,1
18429,36.0,4,999,0,1.1,93.994,-36.4,4.859,5191.0,999.0,0,0.0,0.0,1.0,1,7,0.0,6,5,1,1
18430,33.0,2,999,0,-1.1,94.199,-37.5,0.879,4963.6,999.0,0,0.0,0.0,0.0,2,7,0.0,6,9,1,1
18431,54.0,2,999,0,1.4,94.465,-41.8,4.958,5228.1,999.0,0,0.0,0.0,1.0,2,8,0.0,5,6,1,1
18432,20.0,2,999,0,-2.9,92.201,-31.4,0.873,5076.2,999.0,0,0.0,0.0,0.0,1,5,0.0,11,8,1,1
18433,43.0,1,999,0,1.4,94.465,-41.8,4.959,5228.1,999.0,0,0.0,0.0,1.0,2,8,0.0,7,6,1,1
18434,31.0,3,999,0,1.4,93.918,-42.7,4.957,5228.1,999.0,0,0.0,0.0,0.0,3,8,0.0,10,7,1,1
18435,56.0,8,999,0,1.4,93.918,-42.7,4.962,5228.1,999.0,0,0.0,0.0,0.0,2,4,0.0,4,7,1,1
18436,31.0,3,999,0,1.4,93.444,-36.1,4.968,5228.1,999.0,0,0.0,0.0,0.0,2,8,0.0,6,8,1,1
18437,44.0,2,999,1,-1.8,92.893,-46.2,1.299,5099.1,999.0,6,1.0,0.0,0.0,2,8,0.0,4,5,2,2
18438,31.0,6,999,0,1.1,93.994,-36.4,4.859,5191.0,999.0,0,0.0,0.0,1.0,2,5,0.0,9,5,1,1
18439,42.0,1,999,1,-3.4,92.431,-26.9,0.731,5017.5,999.0,1,1.0,0.0,0.0,2,8,0.0,3,10,2,2
18440,50.0,1,999,0,1.4,94.465,-41.8,4.866,5228.1,999.0,0,1.0,0.0,1.0,2,8,0.0,2,6,1,1
18441,31.0,1,999,0,1.4,93.918,-42.7,4.96,5228.1,999.0,0,1.0,0.0,0.0,2,7,0.0,2,7,2,1
18442,42.0,4,999,0,1.4,93.444,-36.1,4.962,5228.1,999.0,0,1.0,0.0,0.0,2,7,0.0,3,8,1,1
18443,58.0,3,999,0,1.4,93.444,-36.1,4.966,5228.1,999.0,0,1.0,0.0,0.0,2,7,0.0,1,8,1,1
18444,51.0,1,999,0,-0.1,93.2,-42.0,4.076,5195.8,999.0,0,0.0,1.0,0.0,3,5,0.0,6,11,1,1
18445,33.0,3,999,0,-0.1,93.2,-42.0,4.076,5195.8,999.0,0,0.0,0.0,0.0,1,7,0.0,3,11,1,1
18446,48.0,4,999,0,1.1,93.994,-36.4,4.856,5191.0,999.0,0,0.0,1.0,1.0,2,6,0.0,4,5,1,1
18447,32.0,2,999,0,-1.8,93.075,-47.1,1.365,5099.1,999.0,0,0.0,0.0,0.0,2,8,0.0,4,4,1,1
18448,35.0,1,999,0,-1.8,92.893,-46.2,1.313,5099.1,999.0,0,0.0,0.0,0.0,1,4,0.0,4,5,1,1
18449,43.0,4,999,0,1.1,93.994,-36.4,4.856,5191.0,999.0,0,0.0,0.0,1.0,2,2,0.0,10,5,1,1
18450,31.0,2,999,0,-0.1,93.2,-42.0,4.12,5195.8,999.0,0,1.0,0.0,0.0,1,5,0.0,4,11,1,1
18451,31.0,1,999,2,-1.8,93.749,-34.6,0.642,5008.7,999.0,2,1.0,0.0,0.0,2,8,0.0,6,4,2,2
18452,34.0,1,999,0,1.4,93.444,-36.1,4.965,5228.1,999.0,0,1.0,0.0,0.0,2,7,0.0,6,8,1,1
18453,62.0,1,999,0,-2.9,92.201,-31.4,0.849,5076.2,999.0,0,1.0,0.0,0.0,2,7,0.0,6,8,1,1
18454,31.0,6,999,0,-1.8,93.369,-34.8,0.639,5008.7,999.0,0,0.0,0.0,0.0,1,8,0.0,11,3,2,1
18455,26.0,6,999,0,1.4,93.918,-42.7,4.961,5228.1,999.0,0,0.0,0.0,0.0,2,7,0.0,6,7,1,1
18456,31.0,4,999,3,-1.8,93.876,-40.0,0.692,5008.7,999.0,12,1.0,0.0,0.0,2,5,0.0,6,5,1,2
18457,35.0,1,999,1,-3.4,92.431,-26.9,0.74,5017.5,999.0,0,1.0,0.0,0.0,2,7,0.0,6,10,1,2
18458,31.0,2,999,0,-0.1,93.2,-42.0,4.12,5195.8,999.0,0,1.0,0.0,0.0,2,7,0.0,5,11,1,1
18459,35.0,2,999,0,-0.1,93.2,-42.0,4.153,5195.8,999.0,0,1.0,0.0,0.0,2,7,0.0,5,11,1,1
18460,31.0,6,999,0,1.1,93.994,-36.4,4.855,5191.0,999.0,0,1.0,1.0,1.0,2,4,0.0,4,5,1,1
18461,31.0,2,999,1,-1.8,92.893,-46.2,1.327,5099.1,999.0,5,1.0,1.0,0.0,2,8,0.0,9,5,1,2
18462,27.0,1,999,0,1.4,93.918,-42.7,4.959,5228.1,999.0,0,0.0,0.0,1.0,2,5,0.0,9,7,1,1
18463,45.0,2,999,0,1.1,93.994,-36.4,4.857,5191.0,999.0,0,1.0,0.0,1.0,2,3,0.0,4,5,1,1
18464,31.0,4,999,1,-1.8,93.075,-47.1,1.498,5099.1,999.0,0,0.0,0.0,0.0,2,8,0.0,6,4,1,2
18465,31.0,4,999,0,-1.8,92.893,-46.2,1.334,5099.1,999.0,0,0.0,0.0,0.0,1,7,0.0,6,5,1,1
18466,33.0,4,999,0,-3.4,92.649,-30.1,0.722,5017.5,999.0,0,1.0,0.0,1.0,2,7,0.0,6,11,2,1
18467,35.0,1,999,0,-2.9,92.201,-31.4,0.883,5076.2,999.0,0,1.0,0.0,0.0,1,7,0.0,6,8,1,1
18468,32.0,3,999,0,1.4,93.918,-42.7,4.96,5228.1,999.0,0,0.0,0.0,0.0,1,5,0.0,9,7,2,1
18469,34.0,2,999,0,1.4,93.444,-36.1,4.966,5228.1,999.0,0,1.0,0.0,0.0,1,6,0.0,5,8,1,1
18470,34.0,2,999,0,-1.8,93.075,-47.1,1.405,5099.1,999.0,0,1.0,0.0,0.0,2,4,0.0,6,4,2,1
18471,28.0,2,999,0,1.4,93.918,-42.7,4.962,5228.1,999.0,0,0.0,0.0,0.0,2,7,0.0,6,7,2,1
18472,31.0,2,999,0,1.4,93.918,-42.7,4.957,5228.1,999.0,0,1.0,1.0,0.0,2,8,0.0,9,7,1,1
18473,48.0,3,999,0,1.4,93.444,-36.1,4.966,5228.1,999.0,0,0.0,0.0,0.0,2,4,0.0,4,8,1,1
18474,28.0,1,999,0,-2.9,92.201,-31.4,0.879,5076.2,999.0,0,1.0,0.0,0.0,1,5,0.0,11,8,1,1
18475,27.0,1,999,0,1.4,93.918,-42.7,4.968,5228.1,999.0,0,0.0,0.0,0.0,1,2,0.0,4,7,1,1
18476,25.0,2,999,0,-1.8,92.893,-46.2,1.244,5099.1,999.0,0,1.0,0.0,0.0,1,5,0.0,11,5,2,1
18477,40.0,2,999,0,1.1,93.994,-36.4,4.857,5191.0,999.0,0,0.0,0.0,1.0,1,5,0.0,6,5,1,1
18478,23.0,6,999,0,1.4,93.918,-42.7,4.957,5228.1,999.0,0,0.0,0.0,0.0,1,8,0.0,4,7,1,1
18479,31.0,1,999,0,1.1,93.994,-36.4,4.858,5191.0,999.0,0,1.0,0.0,1.0,1,5,0.0,9,5,2,1
18480,53.0,3,999,0,1.1,93.994,-36.4,4.864,5191.0,999.0,0,1.0,0.0,1.0,2,4,0.0,6,5,1,1
18481,33.0,1,999,1,-1.8,93.075,-47.1,1.405,5099.1,999.0,2,1.0,0.0,0.0,2,8,0.0,4,4,1,2
18482,31.0,2,999,0,-0.1,93.2,-42.0,4.12,5195.8,999.0,0,0.0,0.0,0.0,2,7,0.0,1,11,1,1
18483,36.0,6,999,0,1.1,93.994,-36.4,4.86,5191.0,999.0,0,1.0,0.0,1.0,1,8,0.0,6,5,1,1
18484,31.0,5,999,0,1.4,93.918,-42.7,4.957,5228.1,999.0,0,1.0,1.0,0.0,3,7,0.0,10,7,1,1
18485,36.0,1,999,0,1.1,93.994,-36.4,4.857,5191.0,999.0,0,0.0,0.0,1.0,2,2,0.0,4,5,1,1
18486,31.0,1,999,0,-1.8,93.075,-47.1,1.466,5099.1,999.0,0,1.0,0.0,0.0,2,7,0.0,8,4,2,1
18487,38.0,2,999,0,1.4,93.444,-36.1,4.968,5228.1,999.0,0,0.0,0.0,0.0,2,5,0.0,5,8,1,1
18488,32.0,4,999,0,1.4,93.444,-36.1,4.964,5228.1,999.0,0,1.0,0.0,0.0,2,7,0.0,6,8,1,1
18489,36.0,1,999,0,-1.8,92.893,-46.2,1.264,5099.1,999.0,0,1.0,0.0,0.0,2,8,0.0,6,5,2,1
18490,39.0,3,999,0,1.1,93.994,-36.4,4.858,5191.0,999.0,0,0.0,0.0,1.0,2,8,0.0,4,5,1,1
18491,32.0,1,999,0,1.4,93.444,-36.1,4.966,5228.1,999.0,0,1.0,0.0,0.0,3,7,0.0,6,8,1,1
18492,37.0,3,999,0,-3.4,92.431,-26.9,0.744,5017.5,999.0,0,0.0,0.0,0.0,1,7,0.0,2,10,1,1
18493,26.0,2,999,1,-2.9,92.201,-31.4,0.884,5076.2,999.0,2,1.0,0.0,0.0,1,8,0.0,5,8,1,2
18494,36.0,3,999,1,-1.8,93.075,-47.1,1.405,5099.1,999.0,0,1.0,1.0,1.0,1,8,0.0,4,4,2,2
18495,46.0,10,999,0,1.4,94.465,-41.8,4.959,5228.1,999.0,0,0.0,0.0,1.0,2,8,0.0,2,6,1,1
18496,51.0,3,999,0,1.4,94.465,-41.8,4.865,5228.1,999.0,0,1.0,1.0,1.0,2,8,0.0,3,6,2,1
18497,34.0,3,999,0,-1.7,94.215,-40.3,0.793,4991.6,999.0,0,1.0,0.0,0.0,1,7,0.0,5,7,2,1
18498,60.0,1,999,0,-3.4,92.431,-26.9,0.739,5017.5,999.0,0,1.0,0.0,0.0,2,8,0.0,8,10,2,1
18499,31.0,1,999,0,1.4,93.444,-36.1,4.963,5228.1,999.0,0,0.0,0.0,0.0,2,2,0.0,4,8,1,1
18500,37.0,3,999,0,-1.8,92.893,-46.2,1.327,5099.1,999.0,0,1.0,0.0,0.0,2,4,0.0,9,5,1,1
18501,31.0,2,999,0,1.4,94.465,-41.8,4.864,5228.1,999.0,0,0.0,0.0,1.0,3,8,0.0,6,6,1,1
18502,39.0,2,999,1,-3.4,92.379,-29.8,0.803,5017.5,999.0,3,0.0,0.0,0.0,2,4,0.0,5,9,1,2
18503,57.0,2,999,0,1.4,93.444,-36.1,4.965,5228.1,999.0,0,0.0,0.0,0.0,2,7,0.0,3,8,1,1
18504,31.0,1,999,0,1.4,93.444,-36.1,4.965,5228.1,999.0,0,1.0,1.0,0.0,2,7,0.0,6,8,1,1
18505,46.0,2,999,0,1.1,93.994,-36.4,4.856,5191.0,999.0,0,0.0,1.0,1.0,2,8,0.0,4,5,1,1
18506,31.0,1,999,0,-2.9,92.963,-40.8,1.26,5076.2,999.0,0,1.0,0.0,0.0,3,8,0.0,4,6,1,1
18507,38.0,5,999,0,1.4,93.444,-36.1,4.966,5228.1,999.0,0,1.0,0.0,0.0,2,7,0.0,6,8,1,1
18508,52.0,2,10,1,-1.8,93.749,-34.6,0.654,5008.7,0.333333333333,1,1.0,0.0,0.0,2,8,0.0,6,4,1,3
18509,44.0,2,999,1,-1.8,93.075,-47.1,1.405,5099.1,999.0,2,0.0,0.0,0.0,1,5,0.0,9,4,1,2
18510,51.0,4,999,0,1.4,93.918,-42.7,4.96,5228.1,999.0,0,0.0,0.0,0.0,2,8,0.0,4,7,2,1
18511,31.0,1,999,0,-1.8,92.893,-46.2,1.344,5099.1,999.0,0,1.0,0.0,0.0,3,5,0.0,6,5,1,1
18512,31.0,1,999,0,-1.8,92.843,-50.0,1.687,5099.1,999.0,0,1.0,0.0,0.0,1,8,0.0,4,3,1,1
18513,37.0,2,999,0,1.1,93.994,-36.4,4.859,5191.0,999.0,0,0.0,0.0,1.0,2,8,0.0,5,5,1,1
18514,31.0,4,999,0,1.1,93.994,-36.4,4.857,5191.0,999.0,0,1.0,0.0,1.0,2,3,0.0,4,5,2,1
18515,28.0,7,999,0,1.4,93.918,-42.7,4.961,5228.1,999.0,0,0.0,0.0,0.0,1,5,0.0,5,7,1,1
18516,31.0,1,999,0,-1.8,93.749,-34.6,0.645,5008.7,999.0,0,0.0,1.0,0.0,1,7,0.0,6,4,1,1
18517,32.0,1,999,0,-3.4,92.431,-26.9,0.742,5017.5,999.0,0,1.0,0.0,0.0,2,6,0.0,6,10,1,1
18518,23.0,2,999,0,-1.8,92.893,-46.2,1.25,5099.1,999.0,0,1.0,0.0,0.0,1,8,0.0,4,5,1,1
18519,41.0,1,999,0,1.1,93.994,-36.4,4.857,5191.0,999.0,0,1.0,0.0,1.0,2,4,0.0,4,5,1,1
18520,55.0,1,999,0,1.4,94.465,-41.8,4.958,5228.1,999.0,0,0.0,0.0,1.0,3,2,0.0,4,6,1,1
18521,31.0,1,999,0,1.4,93.444,-36.1,4.963,5228.1,999.0,0,0.0,0.0,0.0,3,8,0.0,4,8,1,1
18522,40.0,7,999,0,1.4,93.918,-42.7,4.96,5228.1,999.0,0,1.0,0.0,0.0,2,8,0.0,1,7,2,1
18523,55.0,4,999,0,1.4,93.444,-36.1,4.965,5228.1,999.0,0,1.0,0.0,0.0,2,8,0.0,4,8,1,1
18524,31.0,4,999,1,-1.8,92.893,-46.2,1.354,5099.1,999.0,3,1.0,0.0,0.0,1,7,0.0,6,5,2,2
18525,27.0,7,999,0,-1.8,92.893,-46.2,1.299,5099.1,999.0,0,0.0,0.0,0.0,2,8,0.0,4,5,2,1
18526,31.0,5,999,0,1.1,93.994,-36.4,4.857,5191.0,999.0,0,0.0,0.0,1.0,1,5,0.0,6,5,1,1
18527,56.0,15,999,0,1.4,94.465,-41.8,4.959,5228.1,999.0,0,1.0,0.0,1.0,3,2,0.0,8,6,1,1
18528,30.0,1,999,0,-2.9,92.201,-31.4,0.849,5076.2,999.0,0,1.0,0.0,0.0,2,5,0.0,4,8,1,1
18529,40.0,3,999,0,1.4,93.918,-42.7,4.961,5228.1,999.0,0,0.0,0.0,0.0,2,8,0.0,4,7,1,1
18530,43.0,3,999,0,1.4,93.918,-42.7,4.961,5228.1,999.0,0,1.0,0.0,0.0,2,7,0.0,6,7,1,1
18531,48.0,1,999,0,1.1,93.994,-36.4,4.856,5191.0,999.0,0,0.0,0.0,1.0,3,5,0.0,6,5,1,1
18532,44.0,2,999,0,1.4,93.918,-42.7,4.96,5228.1,999.0,0,0.0,0.0,0.0,1,4,0.0,12,7,2,1
18533,41.0,2,999,0,1.4,93.918,-42.7,4.962,5228.1,999.0,0,1.0,0.0,0.0,3,5,0.0,9,7,1,1
18534,31.0,1,999,0,-1.8,92.893,-46.2,1.291,5099.1,999.0,0,0.0,0.0,0.0,1,4,0.0,6,5,1,1
18535,31.0,6,999,1,-1.8,92.893,-46.2,1.25,5099.1,999.0,2,0.0,0.0,0.0,1,6,0.0,5,5,1,2
18536,43.0,2,999,0,-1.8,92.893,-46.2,1.327,5099.1,999.0,0,1.0,0.0,0.0,2,6,0.0,1,5,1,1
18537,31.0,2,999,0,1.4,94.465,-41.8,4.959,5228.1,999.0,0,1.0,1.0,1.0,2,7,0.0,6,6,1,1
18538,45.0,1,999,0,1.1,93.994,-36.4,4.857,5191.0,999.0,0,0.0,0.0,1.0,2,2,0.0,4,5,1,1
18539,31.0,3,999,0,1.1,93.994,-36.4,4.855,5191.0,999.0,0,0.0,0.0,1.0,3,4,0.0,4,5,1,1
18540,39.0,2,999,0,1.4,93.918,-42.7,4.961,5228.1,999.0,0,0.0,0.0,0.0,2,7,0.0,5,7,1,1
18541,23.0,1,3,1,-1.1,94.601,-49.5,1.043,4963.6,0.1,0,0.0,0.0,0.0,1,8,0.0,11,10,1,3
18542,31.0,1,999,0,-0.1,93.2,-42.0,4.191,5195.8,999.0,0,0.0,0.0,0.0,2,7,0.0,7,11,1,1
18543,40.0,2,999,1,-1.8,93.075,-47.1,1.415,5099.1,999.0,2,0.0,0.0,0.0,1,2,0.0,4,4,1,2
18544,31.0,2,999,0,1.1,93.994,-36.4,4.857,5191.0,999.0,0,1.0,0.0,1.0,1,8,0.0,3,5,1,1
18545,31.0,1,999,0,1.1,93.994,-36.4,4.856,5191.0,999.0,0,0.0,1.0,1.0,2,5,0.0,9,5,1,1
18546,31.0,17,999,0,1.4,93.918,-42.7,4.963,5228.1,999.0,0,1.0,0.0,0.0,3,5,0.0,6,7,1,1
18547,32.0,2,999,0,1.4,93.444,-36.1,4.964,5228.1,999.0,0,1.0,0.0,0.0,2,7,0.0,6,8,1,1
18548,52.0,1,999,0,-1.8,93.075,-47.1,1.445,5099.1,999.0,0,1.0,0.0,0.0,2,2,0.0,4,4,1,1
18549,26.0,2,999,0,-2.9,92.963,-40.8,1.268,5076.2,999.0,0,1.0,0.0,0.0,1,7,0.0,3,6,1,1
18550,40.0,5,999,0,1.1,93.994,-36.4,4.857,5191.0,999.0,0,1.0,1.0,1.0,2,3,0.0,4,5,1,1
18551,37.0,4,999,0,1.4,93.918,-42.7,4.957,5228.1,999.0,0,1.0,0.0,0.0,3,8,0.0,7,7,1,1
18552,36.0,1,999,0,-0.1,93.2,-42.0,4.153,5195.8,999.0,0,0.0,0.0,0.0,1,4,0.0,1,11,1,1
18553,31.0,1,999,0,1.1,93.994,-36.4,4.857,5191.0,999.0,0,0.0,1.0,1.0,1,8,0.0,6,5,2,1
18554,30.0,1,999,0,1.4,93.918,-42.7,4.963,5228.1,999.0,0,0.0,1.0,0.0,2,8,0.0,3,7,1,1
18555,36.0,2,999,0,-1.8,92.893,-46.2,1.244,5099.1,999.0,0,1.0,0.0,0.0,1,8,0.0,11,5,1,1
18556,28.0,1,999,1,-2.9,92.963,-40.8,1.266,5076.2,999.0,1,0.0,0.0,0.0,1,7,0.0,6,6,2,2
18557,39.0,1,999,0,1.4,94.465,-41.8,4.866,5228.1,999.0,0,0.0,0.0,1.0,2,5,0.0,9,6,1,1
18558,47.0,1,999,0,1.1,93.994,-36.4,4.857,5191.0,999.0,0,0.0,0.0,1.0,2,6,0.0,3,5,1,1
18559,47.0,1,4,2,-1.7,94.027,-38.3,0.9,4991.6,0.133333333333,8,0.0,0.0,0.0,2,7,0.0,6,8,1,3
18560,31.0,1,999,0,1.1,93.994,-36.4,4.859,5191.0,999.0,0,0.0,0.0,1.0,2,2,0.0,4,5,1,1
18561,30.0,1,999,0,-0.1,93.2,-42.0,4.7,5195.8,999.0,0,0.0,0.0,1.0,2,4,0.0,4,11,1,1
18562,29.0,1,999,0,1.4,93.444,-36.1,4.966,5228.1,999.0,0,0.0,0.0,0.0,1,5,0.0,5,8,1,1
18563,31.0,2,999,0,1.1,93.994,-36.4,4.857,5191.0,999.0,0,1.0,0.0,1.0,1,6,0.0,5,5,2,1
18564,36.0,2,999,0,1.4,94.465,-41.8,4.959,5228.1,999.0,0,1.0,0.0,1.0,2,6,0.0,4,6,1,1
18565,30.0,1,999,0,1.1,93.994,-36.4,4.858,5191.0,999.0,0,1.0,0.0,1.0,1,8,0.0,3,5,1,1
18566,44.0,1,999,0,1.4,93.918,-42.7,4.963,5228.1,999.0,0,1.0,0.0,0.0,2,7,0.0,6,7,1,1
18567,35.0,1,999,1,-1.8,92.893,-46.2,1.291,5099.1,999.0,2,1.0,1.0,0.0,2,4,0.0,4,5,1,2
18568,31.0,1,999,0,-0.1,93.798,-40.4,4.827,5195.8,999.0,0,0.0,0.0,1.0,2,7,0.0,6,10,1,1
18569,48.0,2,999,0,1.4,94.465,-41.8,4.961,5228.1,999.0,0,1.0,0.0,1.0,2,2,0.0,4,6,2,1
18570,50.0,3,999,0,1.4,93.444,-36.1,4.968,5228.1,999.0,0,0.0,0.0,0.0,2,4,0.0,4,8,1,1
18571,37.0,1,999,0,-0.1,93.2,-42.0,4.076,5195.8,999.0,0,1.0,0.0,0.0,1,5,0.0,6,11,1,1
18572,30.0,2,999,0,-1.8,92.893,-46.2,1.281,5099.1,999.0,0,1.0,1.0,0.0,1,7,0.0,11,5,1,1
18573,55.0,3,999,0,1.4,93.444,-36.1,4.963,5228.1,999.0,0,1.0,1.0,0.0,2,2,0.0,4,8,2,1
18574,31.0,1,999,0,-0.1,93.2,-42.0,4.12,5195.8,999.0,0,1.0,0.0,0.0,1,7,0.0,5,11,1,1
18575,47.0,1,999,0,1.4,94.465,-41.8,4.959,5228.1,999.0,0,1.0,0.0,1.0,2,8,0.0,12,6,1,1
18576,41.0,1,999,0,1.4,93.918,-42.7,4.962,5228.1,999.0,0,0.0,0.0,0.0,2,8,0.0,4,7,1,1
18577,31.0,2,999,0,1.4,93.918,-42.7,4.963,5228.1,999.0,0,1.0,0.0,0.0,2,8,0.0,4,7,1,1
18578,33.0,1,999,0,1.1,93.994,-36.4,4.855,5191.0,999.0,0,1.0,0.0,1.0,3,6,0.0,5,5,1,1
18579,33.0,2,999,0,1.1,93.994,-36.4,4.857,5191.0,999.0,0,0.0,0.0,1.0,3,5,0.0,6,5,2,1
18580,31.0,1,999,0,1.1,93.994,-36.4,4.858,5191.0,999.0,0,0.0,0.0,1.0,2,7,0.0,10,5,1,1
18581,31.0,6,999,0,1.4,94.465,-41.8,4.96,5228.1,999.0,0,0.0,1.0,1.0,2,3,0.0,5,6,1,1
18582,49.0,1,999,0,1.4,93.444,-36.1,4.968,5228.1,999.0,0,1.0,0.0,0.0,2,5,0.0,6,8,1,1
18583,59.0,1,999,0,1.1,93.994,-36.4,4.859,5191.0,999.0,0,0.0,0.0,1.0,2,5,0.0,7,5,1,1
18584,31.0,1,999,0,1.4,94.465,-41.8,4.961,5228.1,999.0,0,1.0,1.0,1.0,2,8,0.0,4,6,1,1
18585,31.0,1,999,0,1.4,93.918,-42.7,4.957,5228.1,999.0,0,1.0,0.0,0.0,3,4,0.0,4,7,1,1
18586,24.0,1,999,0,1.4,94.465,-41.8,4.864,5228.1,999.0,0,1.0,0.0,1.0,1,5,0.0,9,6,1,1
18587,31.0,2,999,0,1.4,93.444,-36.1,4.966,5228.1,999.0,0,1.0,0.0,0.0,2,7,0.0,1,8,1,1
18588,31.0,1,999,0,-2.9,92.469,-33.6,1.072,5076.2,999.0,0,0.0,0.0,0.0,2,7,0.0,6,7,1,1
18589,37.0,1,999,0,-1.8,92.893,-46.2,1.266,5099.1,999.0,0,1.0,0.0,0.0,1,5,0.0,2,5,1,1
18590,40.0,3,999,0,1.4,94.465,-41.8,4.947,5228.1,999.0,0,1.0,1.0,1.0,2,8,0.0,4,6,2,1
18591,50.0,1,999,0,1.4,94.465,-41.8,4.967,5228.1,999.0,0,1.0,0.0,1.0,2,2,0.0,1,6,1,1
18592,52.0,2,999,0,1.4,93.444,-36.1,4.968,5228.1,999.0,0,1.0,0.0,0.0,2,8,0.0,5,8,1,1
18593,31.0,4,999,0,1.4,93.918,-42.7,4.96,5228.1,999.0,0,0.0,0.0,0.0,2,2,0.0,8,7,2,1
18594,39.0,2,999,0,1.1,93.994,-36.4,4.857,5191.0,999.0,0,0.0,0.0,1.0,2,4,0.0,7,5,1,1
18595,39.0,1,999,0,-0.1,93.2,-42.0,4.191,5195.8,999.0,0,1.0,0.0,0.0,1,8,0.0,3,11,2,1
18596,52.0,1,999,0,-1.8,92.893,-46.2,1.334,5099.1,999.0,0,1.0,0.0,0.0,1,8,0.0,6,5,1,1
18597,46.0,2,999,0,1.4,94.465,-41.8,4.866,5228.1,999.0,0,0.0,0.0,1.0,3,7,0.0,6,6,1,1
18598,33.0,1,999,0,1.4,94.465,-41.8,4.864,5228.1,999.0,0,0.0,1.0,1.0,2,6,0.0,5,6,1,1
18599,35.0,1,999,0,1.4,94.465,-41.8,4.962,5228.1,999.0,0,0.0,0.0,1.0,1,8,0.0,7,6,1,1
18600,31.0,4,999,1,-1.8,92.893,-46.2,1.299,5099.1,999.0,3,0.0,0.0,0.0,1,7,0.0,5,5,2,2
18601,24.0,1,999,0,1.1,93.994,-36.4,4.858,5191.0,999.0,0,1.0,1.0,1.0,1,8,0.0,9,5,1,1
18602,31.0,3,999,0,-3.4,92.379,-29.8,0.803,5017.5,999.0,0,0.0,0.0,0.0,1,8,0.0,6,9,1,1
18603,30.0,2,999,0,1.4,94.465,-41.8,4.958,5228.1,999.0,0,0.0,0.0,1.0,2,8,0.0,9,6,1,1
18604,31.0,3,999,0,-1.8,92.893,-46.2,1.266,5099.1,999.0,0,1.0,0.0,0.0,2,5,0.0,6,5,1,1
18605,38.0,3,999,0,1.4,93.444,-36.1,4.968,5228.1,999.0,0,1.0,0.0,0.0,2,7,0.0,6,8,1,1
18606,36.0,2,999,1,-1.8,93.075,-47.1,1.405,5099.1,999.0,2,1.0,0.0,0.0,1,5,0.0,9,4,2,2
18607,32.0,2,999,0,1.4,93.444,-36.1,4.962,5228.1,999.0,0,1.0,0.0,0.0,1,8,0.0,6,8,1,1
18608,55.0,1,999,0,1.1,93.994,-36.4,4.86,5191.0,999.0,0,0.0,0.0,1.0,2,8,0.0,4,5,1,1
18609,30.0,2,999,0,-0.1,93.2,-42.0,4.076,5195.8,999.0,0,1.0,0.0,0.0,3,8,0.0,6,11,1,1
18610,50.0,2,999,0,-1.8,92.893,-46.2,1.299,5099.1,999.0,0,1.0,1.0,0.0,2,2,0.0,4,5,2,1
18611,31.0,1,999,0,-1.8,92.893,-46.2,1.313,5099.1,999.0,0,1.0,0.0,0.0,2,3,0.0,4,5,1,1
18612,38.0,4,999,0,1.1,93.994,-36.4,4.857,5191.0,999.0,0,0.0,0.0,1.0,2,8,0.0,12,5,2,1
18613,30.0,2,999,0,1.4,93.444,-36.1,4.965,5228.1,999.0,0,0.0,0.0,0.0,1,5,0.0,5,8,2,1
18614,47.0,2,999,0,-0.1,93.2,-42.0,4.021,5195.8,999.0,0,1.0,0.0,0.0,2,7,0.0,6,11,1,1
18615,33.0,1,999,0,-1.8,92.893,-46.2,1.334,5099.1,999.0,0,1.0,0.0,0.0,2,8,0.0,5,5,1,1
18616,41.0,24,999,0,1.4,93.918,-42.7,4.968,5228.1,999.0,0,0.0,0.0,0.0,2,8,0.0,2,7,1,1
18617,28.0,2,999,0,1.4,93.918,-42.7,4.957,5228.1,999.0,0,1.0,0.0,0.0,1,4,0.0,4,7,1,1
18618,58.0,1,999,0,-1.8,92.893,-46.2,1.281,5099.1,999.0,0,1.0,1.0,0.0,2,8,0.0,4,5,1,1
18619,55.0,1,999,0,1.1,93.994,-36.4,4.857,5191.0,999.0,0,1.0,1.0,1.0,2,8,0.0,12,5,2,1
18620,31.0,3,999,0,-1.8,92.893,-46.2,1.281,5099.1,999.0,0,1.0,0.0,1.0,1,7,0.0,6,5,1,1
18621,44.0,8,999,0,-0.1,93.2,-42.0,4.076,5195.8,999.0,0,1.0,0.0,1.0,1,6,0.0,6,11,1,1
18622,47.0,2,999,0,1.4,93.918,-42.7,4.962,5228.1,999.0,0,1.0,0.0,0.0,3,5,0.0,5,7,1,1
18623,45.0,2,999,0,1.1,93.994,-36.4,4.856,5191.0,999.0,0,0.0,0.0,1.0,2,5,0.0,6,5,1,1
18624,30.0,2,999,0,-1.8,93.075,-47.1,1.365,5099.1,999.0,0,1.0,0.0,0.0,2,8,0.0,6,4,1,1
18625,32.0,4,999,1,-2.9,92.963,-40.8,1.224,5076.2,999.0,5,0.0,1.0,0.0,2,5,0.0,5,6,1,2
18626,46.0,3,999,0,1.1,93.994,-36.4,4.857,5191.0,999.0,0,1.0,0.0,1.0,3,8,0.0,5,5,2,1
18627,54.0,3,999,0,1.4,93.918,-42.7,4.962,5228.1,999.0,0,0.0,0.0,0.0,2,2,0.0,4,7,2,1
18628,52.0,8,999,0,1.4,93.444,-36.1,4.963,5228.1,999.0,0,0.0,0.0,0.0,2,4,0.0,4,8,1,1
18629,31.0,6,999,0,-1.8,93.075,-47.1,1.423,5099.1,999.0,0,1.0,0.0,1.0,1,8,0.0,1,4,1,1
18630,38.0,2,999,0,1.1,93.994,-36.4,4.857,5191.0,999.0,0,0.0,0.0,1.0,1,4,0.0,6,5,1,1
18631,31.0,6,999,0,1.1,93.994,-36.4,4.858,5191.0,999.0,0,0.0,0.0,1.0,2,8,0.0,5,5,2,1
18632,43.0,3,999,0,1.1,93.994,-36.4,4.855,5191.0,999.0,0,0.0,0.0,1.0,2,8,0.0,9,5,1,1
18633,29.0,3,999,0,1.4,93.918,-42.7,4.961,5228.1,999.0,0,0.0,0.0,0.0,2,6,0.0,5,7,1,1
18634,49.0,1,999,0,1.4,93.444,-36.1,4.964,5228.1,999.0,0,0.0,1.0,0.0,2,4,0.0,6,8,1,1
18635,29.0,4,999,0,1.4,93.918,-42.7,4.963,5228.1,999.0,0,1.0,1.0,0.0,1,5,0.0,6,7,1,1
18636,28.0,2,999,0,1.4,93.918,-42.7,4.963,5228.1,999.0,0,0.0,0.0,1.0,1,5,0.0,6,7,1,1
18637,50.0,2,999,0,1.4,94.465,-41.8,4.961,5228.1,999.0,0,0.0,0.0,1.0,2,5,0.0,5,6,2,1
18638,31.0,1,999,0,1.4,94.465,-41.8,4.865,5228.1,999.0,0,0.0,0.0,1.0,2,5,0.0,6,6,2,1
18639,31.0,3,999,0,1.4,93.918,-42.7,4.962,5228.1,999.0,0,1.0,1.0,0.0,1,4,0.0,4,7,1,1
18640,31.0,1,999,1,-1.8,93.075,-47.1,1.423,5099.1,999.0,2,0.0,0.0,0.0,1,7,0.0,6,4,1,2
18641,36.0,6,999,0,1.4,94.465,-41.8,4.962,5228.1,999.0,0,1.0,1.0,1.0,2,8,0.0,4,6,1,1
18642,36.0,1,999,0,-0.1,93.2,-42.0,4.076,5195.8,999.0,0,1.0,0.0,0.0,2,5,0.0,6,11,1,1
18643,36.0,1,999,0,1.4,93.444,-36.1,4.964,5228.1,999.0,0,1.0,0.0,0.0,3,8,0.0,1,8,1,1
18644,31.0,7,999,0,1.4,93.918,-42.7,4.957,5228.1,999.0,0,1.0,1.0,1.0,2,8,0.0,4,7,1,1
18645,34.0,2,999,0,-1.8,92.893,-46.2,1.334,5099.1,999.0,0,0.0,1.0,0.0,2,8,0.0,4,5,1,1
18646,47.0,2,999,0,1.4,93.444,-36.1,4.964,5228.1,999.0,0,1.0,1.0,0.0,2,7,0.0,6,8,1,1
18647,30.0,1,999,0,1.4,94.465,-41.8,4.961,5228.1,999.0,0,0.0,0.0,1.0,2,7,0.0,6,6,1,1
18648,30.0,2,999,1,-1.8,93.075,-47.1,1.415,5099.1,999.0,0,0.0,1.0,0.0,2,7,0.0,6,4,1,2
18649,45.0,4,999,0,1.4,94.465,-41.8,4.865,5228.1,999.0,0,0.0,0.0,1.0,2,7,0.0,6,6,2,1
18650,24.0,1,999,0,1.4,93.918,-42.7,4.966,5228.1,999.0,0,1.0,1.0,1.0,1,5,0.0,6,7,1,1
18651,36.0,2,999,0,1.1,93.994,-36.4,4.86,5191.0,999.0,0,0.0,0.0,1.0,2,5,0.0,9,5,1,1
18652,27.0,1,999,0,1.1,93.994,-36.4,4.857,5191.0,999.0,0,1.0,0.0,1.0,1,8,0.0,5,5,1,1
18653,31.0,1,999,2,-3.4,92.431,-26.9,0.744,5017.5,999.0,2,1.0,0.0,0.0,2,8,0.0,8,10,1,2
18654,57.0,2,999,0,1.1,93.994,-36.4,4.86,5191.0,999.0,0,1.0,0.0,1.0,3,2,0.0,5,5,1,1
18655,38.0,9,999,0,1.4,94.465,-41.8,4.961,5228.1,999.0,0,1.0,0.0,1.0,2,7,0.0,6,6,1,1
18656,28.0,1,999,0,-2.9,92.963,-40.8,1.262,5076.2,999.0,0,0.0,1.0,0.0,2,3,0.0,3,6,1,1
18657,40.0,3,999,0,1.4,93.918,-42.7,4.962,5228.1,999.0,0,1.0,0.0,0.0,3,4,0.0,4,7,1,1
18658,49.0,1,999,0,-1.8,93.075,-47.1,1.405,5099.1,999.0,0,0.0,0.0,0.0,2,8,0.0,5,4,1,1
18659,39.0,5,999,0,1.4,93.444,-36.1,4.965,5228.1,999.0,0,0.0,0.0,0.0,2,7,0.0,5,8,2,1
18660,31.0,1,999,1,-1.8,92.843,-50.0,1.538,5099.1,999.0,1,0.0,0.0,0.0,2,8,0.0,2,3,1,2
18661,37.0,2,999,0,1.4,94.465,-41.8,4.865,5228.1,999.0,0,1.0,0.0,1.0,3,4,0.0,6,6,2,1
18662,49.0,2,999,0,1.4,93.444,-36.1,4.968,5228.1,999.0,0,1.0,0.0,0.0,2,6,0.0,5,8,1,1
18663,31.0,1,3,7,-1.1,94.767,-50.8,1.049,4963.6,0.1,21,1.0,0.0,0.0,3,5,0.0,6,11,1,3
18664,26.0,3,999,0,1.4,93.918,-42.7,4.957,5228.1,999.0,0,0.0,0.0,0.0,1,5,0.0,6,7,1,1
18665,48.0,3,999,0,1.1,93.994,-36.4,4.857,5191.0,999.0,0,0.0,1.0,1.0,3,8,0.0,2,5,1,1
18666,47.0,2,999,0,-1.8,93.075,-47.1,1.445,5099.1,999.0,0,0.0,1.0,0.0,2,8,0.0,6,4,1,1
18667,45.0,8,999,0,1.4,93.444,-36.1,4.965,5228.1,999.0,0,0.0,1.0,0.0,2,8,0.0,4,8,1,1
18668,26.0,2,999,0,1.1,93.994,-36.4,4.857,5191.0,999.0,0,1.0,0.0,1.0,1,4,0.0,4,5,1,1
18669,35.0,1,999,0,1.4,94.465,-41.8,4.958,5228.1,999.0,0,1.0,1.0,1.0,2,3,0.0,5,6,1,1
18670,31.0,2,999,0,1.4,94.465,-41.8,4.866,5228.1,999.0,0,1.0,0.0,1.0,1,8,0.0,5,6,1,1
18671,48.0,4,999,0,1.4,93.918,-42.7,4.962,5228.1,999.0,0,1.0,0.0,0.0,2,5,0.0,5,7,1,1
18672,55.0,2,999,0,1.1,93.994,-36.4,4.857,5191.0,999.0,0,0.0,0.0,1.0,2,6,0.0,5,5,1,1
18673,31.0,5,999,0,1.4,93.444,-36.1,4.962,5228.1,999.0,0,1.0,0.0,0.0,2,8,0.0,6,8,1,1
18674,48.0,3,999,0,-0.1,93.2,-42.0,4.12,5195.8,999.0,0,1.0,0.0,0.0,2,7,0.0,6,11,1,1
18675,51.0,11,999,0,1.1,93.994,-36.4,4.86,5191.0,999.0,0,0.0,0.0,1.0,2,4,0.0,4,5,1,1
18676,29.0,3,999,0,1.4,93.444,-36.1,4.963,5228.1,999.0,0,0.0,0.0,0.0,1,7,0.0,6,8,1,1
18677,31.0,2,999,0,-3.4,92.649,-30.1,0.722,5017.5,999.0,0,0.0,1.0,0.0,1,7,0.0,3,11,2,1
18678,51.0,2,999,0,-1.8,93.075,-47.1,1.405,5099.1,999.0,0,1.0,0.0,0.0,2,4,0.0,4,4,1,1
18679,38.0,1,999,1,-1.8,92.893,-46.2,1.334,5099.1,999.0,1,0.0,0.0,0.0,2,8,0.0,4,5,1,2
18680,30.0,1,999,0,-0.1,93.2,-42.0,4.191,5195.8,999.0,0,1.0,0.0,0.0,2,4,0.0,9,11,2,1
18681,51.0,1,999,0,1.1,93.994,-36.4,4.857,5191.0,999.0,0,0.0,0.0,1.0,1,2,0.0,4,5,1,1
18682,55.0,2,999,0,1.4,93.918,-42.7,4.962,5228.1,999.0,0,0.0,0.0,0.0,2,7,0.0,7,7,1,1
18683,40.0,2,999,1,-2.9,92.201,-31.4,0.879,5076.2,999.0,1,1.0,1.0,0.0,2,7,0.0,3,8,1,2
18684,31.0,3,999,0,1.1,93.994,-36.4,4.857,5191.0,999.0,0,1.0,0.0,1.0,2,6,0.0,10,5,1,1
18685,44.0,1,999,0,1.4,93.444,-36.1,4.965,5228.1,999.0,0,0.0,0.0,0.0,2,7,0.0,6,8,1,1
18686,39.0,1,999,0,1.4,93.918,-42.7,4.958,5228.1,999.0,0,0.0,0.0,0.0,3,4,0.0,2,7,1,1
18687,29.0,1,999,0,1.4,93.918,-42.7,4.962,5228.1,999.0,0,0.0,1.0,0.0,1,7,0.0,5,7,1,1
18688,51.0,4,999,0,1.1,93.994,-36.4,4.86,5191.0,999.0,0,1.0,0.0,1.0,1,8,0.0,9,5,1,1
18689,44.0,1,999,0,-1.8,93.075,-47.1,1.483,5099.1,999.0,0,0.0,0.0,0.0,2,8,0.0,4,4,1,1
18690,35.0,1,999,0,-1.8,93.075,-47.1,1.445,5099.1,999.0,0,1.0,0.0,0.0,3,6,0.0,5,4,1,1
18691,39.0,1,999,0,1.1,93.994,-36.4,4.857,5191.0,999.0,0,1.0,0.0,1.0,1,8,0.0,10,5,1,1
18692,31.0,1,999,0,1.4,93.444,-36.1,4.963,5228.1,999.0,0,0.0,0.0,1.0,1,7,0.0,5,8,1,1
18693,48.0,2,999,0,1.4,93.444,-36.1,4.965,5228.1,999.0,0,0.0,0.0,0.0,2,8,0.0,5,8,1,1
18694,31.0,1,999,0,1.1,93.994,-36.4,4.864,5191.0,999.0,0,0.0,0.0,1.0,1,4,0.0,4,5,1,1
18695,38.0,2,7,1,-1.8,92.843,-50.0,1.726,5099.1,0.233333333333,4,1.0,0.0,0.0,2,6,0.0,5,3,1,3
18696,45.0,2,999,0,1.1,93.994,-36.4,4.855,5191.0,999.0,0,0.0,0.0,1.0,1,7,0.0,3,5,1,1
18697,40.0,1,999,1,-2.9,92.963,-40.8,1.262,5076.2,999.0,2,0.0,0.0,0.0,2,8,0.0,6,6,1,2
18698,66.0,1,3,2,-1.8,93.369,-34.8,0.635,5008.7,0.1,0,1.0,0.0,0.0,3,2,0.0,2,3,1,3
18699,31.0,1,999,1,-1.8,93.075,-47.1,1.41,5099.1,999.0,4,1.0,1.0,0.0,1,4,0.0,4,4,1,2
18700,31.0,1,999,0,1.1,93.994,-36.4,4.857,5191.0,999.0,0,0.0,1.0,1.0,2,5,0.0,9,5,1,1
18701,54.0,1,4,1,-2.9,92.201,-31.4,0.881,5076.2,0.133333333333,3,1.0,0.0,0.0,2,8,0.0,5,8,1,3
18702,51.0,2,999,0,1.1,93.994,-36.4,4.86,5191.0,999.0,0,1.0,0.0,1.0,2,5,0.0,6,5,1,1
18703,28.0,2,999,0,1.4,94.465,-41.8,4.865,5228.1,999.0,0,1.0,0.0,1.0,1,8,0.0,4,6,2,1
18704,31.0,2,999,0,-2.9,92.963,-40.8,1.262,5076.2,999.0,0,1.0,1.0,0.0,2,8,0.0,6,6,1,1
18705,28.0,2,999,0,-1.8,92.843,-50.0,1.64,5099.1,999.0,0,1.0,0.0,0.0,1,7,0.0,1,3,1,1
18706,33.0,1,999,1,-1.8,92.893,-46.2,1.344,5099.1,999.0,1,0.0,0.0,0.0,2,5,0.0,6,5,1,2
18707,33.0,6,999,0,-1.8,92.893,-46.2,1.313,5099.1,999.0,0,0.0,0.0,0.0,2,7,0.0,6,5,1,1
18708,50.0,2,999,0,1.4,93.918,-42.7,4.958,5228.1,999.0,0,1.0,0.0,0.0,2,8,0.0,4,7,1,1
18709,30.0,2,999,0,1.4,93.918,-42.7,4.968,5228.1,999.0,0,1.0,0.0,0.0,2,5,0.0,10,7,1,1
18710,49.0,6,999,0,1.4,93.918,-42.7,4.958,5228.1,999.0,0,1.0,0.0,0.0,1,5,0.0,9,7,1,1
18711,43.0,3,999,1,-0.1,93.2,-42.0,4.153,5195.8,999.0,1,1.0,0.0,0.0,2,8,0.0,5,11,1,2
18712,37.0,3,999,0,1.4,93.918,-42.7,4.961,5228.1,999.0,0,1.0,0.0,0.0,2,7,0.0,6,7,1,1
18713,31.0,7,999,0,1.4,93.444,-36.1,4.964,5228.1,999.0,0,0.0,0.0,0.0,3,6,0.0,5,8,1,1
18714,37.0,10,999,0,1.4,93.444,-36.1,4.964,5228.1,999.0,0,0.0,0.0,0.0,2,8,0.0,5,8,1,1
18715,30.0,2,999,1,-0.1,93.2,-42.0,4.153,5195.8,999.0,1,1.0,0.0,0.0,2,4,0.0,4,11,1,2
18716,31.0,5,6,1,-3.0,92.713,-33.0,0.71,5023.5,0.2,3,0.0,0.0,1.0,2,7,0.0,6,12,1,3
18717,25.0,1,999,2,-2.9,92.201,-31.4,0.825,5076.2,999.0,0,1.0,0.0,0.0,1,8,0.0,11,8,1,2
18718,28.0,2,999,0,1.1,93.994,-36.4,4.856,5191.0,999.0,0,1.0,1.0,1.0,2,8,0.0,6,5,1,1
18719,36.0,1,999,0,1.4,93.918,-42.7,4.962,5228.1,999.0,0,0.0,0.0,0.0,2,3,0.0,4,7,1,1
18720,31.0,1,999,0,-0.1,93.2,-42.0,4.076,5195.8,999.0,0,1.0,0.0,0.0,2,6,0.0,3,11,1,1
18721,39.0,1,999,0,-1.8,93.075,-47.1,1.405,5099.1,999.0,0,1.0,0.0,0.0,2,8,0.0,3,4,1,1
18722,25.0,1,999,0,1.1,93.994,-36.4,4.86,5191.0,999.0,0,1.0,0.0,1.0,1,4,0.0,4,5,1,1
18723,48.0,1,999,1,-0.1,93.2,-42.0,4.076,5195.8,999.0,3,1.0,0.0,0.0,3,8,0.0,5,11,1,2
18724,30.0,1,9,1,-1.7,94.027,-38.3,0.9,4991.6,0.3,3,0.0,0.0,0.0,1,6,0.0,4,8,1,3
18725,31.0,4,999,0,1.4,93.444,-36.1,4.965,5228.1,999.0,0,1.0,0.0,0.0,2,4,0.0,4,8,1,1
18726,41.0,3,999,0,1.4,94.465,-41.8,4.864,5228.1,999.0,0,1.0,0.0,1.0,2,2,0.0,1,6,1,1
18727,45.0,1,999,0,1.4,94.465,-41.8,4.961,5228.1,999.0,0,1.0,0.0,1.0,2,8,0.0,4,6,2,1
18728,48.0,1,999,0,1.4,94.465,-41.8,4.864,5228.1,999.0,0,0.0,0.0,1.0,2,6,0.0,6,6,1,1
18729,40.0,3,999,0,1.4,93.444,-36.1,4.965,5228.1,999.0,0,1.0,0.0,0.0,2,7,0.0,6,8,2,1
18730,31.0,1,999,0,-1.8,92.893,-46.2,1.281,5099.1,999.0,0,1.0,1.0,0.0,1,8,0.0,4,5,1,1
18731,47.0,1,999,0,-2.9,92.201,-31.4,0.884,5076.2,999.0,0,1.0,1.0,0.0,3,7,0.0,6,8,1,1
18732,31.0,3,999,0,-1.8,92.893,-46.2,1.281,5099.1,999.0,0,1.0,0.0,0.0,1,8,0.0,4,5,1,1
18733,43.0,3,999,0,-1.8,92.893,-46.2,1.266,5099.1,999.0,0,1.0,0.0,0.0,2,2,0.0,4,5,1,1
18734,60.0,1,999,0,1.4,93.918,-42.7,4.961,5228.1,999.0,0,0.0,0.0,0.0,2,3,0.0,8,7,1,1
18735,31.0,1,999,0,1.4,93.444,-36.1,4.968,5228.1,999.0,0,0.0,0.0,0.0,2,6,0.0,5,8,1,1
18736,31.0,2,999,0,1.1,93.994,-36.4,4.857,5191.0,999.0,0,0.0,0.0,1.0,2,8,0.0,9,5,2,1
18737,31.0,1,999,0,1.4,93.918,-42.7,4.962,5228.1,999.0,0,0.0,0.0,0.0,2,8,0.0,5,7,1,1
18738,31.0,1,999,0,-0.1,93.798,-40.4,4.968,5195.8,999.0,0,0.0,0.0,1.0,2,5,0.0,6,10,1,1
18739,40.0,1,999,0,1.4,94.465,-41.8,4.961,5228.1,999.0,0,0.0,0.0,1.0,2,8,0.0,6,6,1,1
18740,56.0,1,999,0,1.4,94.465,-41.8,4.958,5228.1,999.0,0,0.0,1.0,1.0,2,8,0.0,7,6,1,1
18741,32.0,3,999,0,1.1,93.994,-36.4,4.857,5191.0,999.0,0,0.0,0.0,1.0,2,8,0.0,4,5,1,1
18742,58.0,2,999,0,1.4,93.444,-36.1,4.965,5228.1,999.0,0,1.0,0.0,0.0,2,7,0.0,6,8,1,1
18743,25.0,1,999,0,-2.9,92.201,-31.4,0.883,5076.2,999.0,0,1.0,0.0,1.0,1,7,0.0,5,8,1,1
18744,34.0,2,999,0,1.1,93.994,-36.4,4.857,5191.0,999.0,0,0.0,0.0,1.0,2,4,0.0,5,5,1,1
18745,26.0,3,999,0,1.4,94.465,-41.8,4.959,5228.1,999.0,0,0.0,0.0,1.0,1,8,0.0,6,6,1,1
18746,34.0,2,999,0,-1.1,94.767,-50.8,1.05,4963.6,999.0,0,0.0,0.0,0.0,2,7,0.0,6,11,2,1
18747,31.0,1,999,0,1.1,93.994,-36.4,4.864,5191.0,999.0,0,0.0,0.0,1.0,1,8,0.0,6,5,1,1
18748,31.0,6,999,0,1.4,93.444,-36.1,4.966,5228.1,999.0,0,1.0,0.0,0.0,1,7,0.0,6,8,1,1
18749,29.0,2,999,0,-1.8,92.843,-50.0,1.663,5099.1,999.0,0,0.0,0.0,0.0,2,8,0.0,1,3,1,1
18750,31.0,25,999,0,1.1,93.994,-36.4,4.86,5191.0,999.0,0,0.0,0.0,1.0,2,7,0.0,10,5,1,1
18751,32.0,3,999,0,1.4,93.918,-42.7,4.959,5228.1,999.0,0,0.0,0.0,1.0,1,6,0.0,5,7,1,1
18752,56.0,3,999,0,1.4,93.918,-42.7,4.962,5228.1,999.0,0,0.0,0.0,1.0,3,3,0.0,4,7,2,1
18753,48.0,3,999,0,-0.1,93.2,-42.0,4.021,5195.8,999.0,0,0.0,0.0,0.0,2,2,0.0,4,11,1,1
18754,31.0,1,999,0,1.1,93.994,-36.4,4.857,5191.0,999.0,0,0.0,0.0,1.0,1,6,0.0,5,5,1,1
18755,31.0,1,999,0,1.1,93.994,-36.4,4.864,5191.0,999.0,0,0.0,0.0,1.0,2,8,0.0,4,5,1,1
18756,31.0,4,999,0,1.1,93.994,-36.4,4.855,5191.0,999.0,0,0.0,0.0,1.0,1,7,0.0,6,5,1,1
18757,54.0,1,999,0,1.4,93.918,-42.7,4.961,5228.1,999.0,0,1.0,0.0,0.0,3,8,0.0,8,7,1,1
18758,31.0,3,999,0,1.4,93.444,-36.1,4.964,5228.1,999.0,0,0.0,0.0,0.0,1,8,0.0,5,8,1,1
18759,45.0,1,999,0,1.4,93.918,-42.7,4.961,5228.1,999.0,0,0.0,0.0,0.0,2,5,0.0,9,7,1,1
18760,36.0,3,999,1,-1.8,92.893,-46.2,1.291,5099.1,999.0,1,1.0,0.0,0.0,1,8,0.0,6,5,1,2
18761,31.0,3,999,0,-1.8,93.075,-47.1,1.405,5099.1,999.0,0,1.0,0.0,1.0,3,5,0.0,6,4,1,1
18762,31.0,1,999,0,-1.8,92.893,-46.2,1.299,5099.1,999.0,0,1.0,1.0,0.0,2,5,0.0,7,5,2,1
18763,33.0,2,999,0,-1.8,92.893,-46.2,1.266,5099.1,999.0,0,1.0,0.0,0.0,1,4,0.0,4,5,1,1
18764,48.0,9,999,0,1.4,93.444,-36.1,4.964,5228.1,999.0,0,1.0,0.0,0.0,2,7,0.0,6,8,1,1
18765,32.0,3,999,0,1.4,93.444,-36.1,4.963,5228.1,999.0,0,1.0,0.0,0.0,2,5,0.0,1,8,1,1
18766,26.0,9,999,1,-1.8,92.893,-46.2,1.25,5099.1,999.0,2,1.0,1.0,0.0,1,4,0.0,4,5,1,2
18767,39.0,1,999,0,1.4,93.918,-42.7,4.962,5228.1,999.0,0,1.0,0.0,0.0,2,8,0.0,6,7,1,1
18768,49.0,2,999,0,1.1,93.994,-36.4,4.857,5191.0,999.0,0,1.0,1.0,1.0,2,6,0.0,7,5,1,1
18769,24.0,6,999,0,1.4,94.465,-41.8,4.865,5228.1,999.0,0,0.0,1.0,1.0,2,8,0.0,6,6,2,1
18770,46.0,4,999,0,1.1,93.994,-36.4,4.858,5191.0,999.0,0,1.0,0.0,1.0,3,7,0.0,6,5,1,1
18771,47.0,1,999,0,1.4,93.918,-42.7,4.96,5228.1,999.0,0,0.0,0.0,0.0,3,2,0.0,2,7,2,1
18772,31.0,1,999,0,-0.1,93.2,-42.0,4.021,5195.8,999.0,0,1.0,0.0,0.0,2,7,0.0,3,11,1,1
18773,32.0,2,999,0,1.1,93.994,-36.4,4.857,5191.0,999.0,0,1.0,0.0,1.0,2,3,0.0,4,5,1,1
18774,31.0,6,999,0,-1.8,92.893,-46.2,1.244,5099.1,999.0,0,0.0,1.0,0.0,1,7,0.0,6,5,2,1
18775,31.0,1,999,0,-2.9,92.963,-40.8,1.268,5076.2,999.0,0,0.0,0.0,0.0,1,8,0.0,6,6,1,1
18776,47.0,1,999,0,1.4,93.918,-42.7,4.96,5228.1,999.0,0,0.0,0.0,0.0,3,4,0.0,9,7,2,1
18777,68.0,2,999,1,-3.4,92.649,-30.1,0.714,5017.5,999.0,2,0.0,0.0,0.0,2,8,0.0,8,11,2,2
18778,53.0,2,3,1,-2.9,92.963,-40.8,1.26,5076.2,0.1,3,0.0,0.0,0.0,2,6,0.0,12,6,1,3
18779,32.0,4,999,0,1.4,94.465,-41.8,4.865,5228.1,999.0,0,0.0,0.0,1.0,2,8,0.0,6,6,2,1
18780,31.0,4,999,0,1.4,93.918,-42.7,4.961,5228.1,999.0,0,0.0,0.0,0.0,3,5,0.0,4,7,1,1
18781,26.0,1,1,3,-1.8,93.075,-47.1,1.483,5099.1,0.0333333333333,3,0.0,0.0,0.0,1,5,0.0,9,4,1,3
18782,31.0,1,999,0,1.1,93.994,-36.4,4.856,5191.0,999.0,0,0.0,0.0,1.0,2,5,0.0,1,5,1,1
18783,30.0,2,999,0,-0.1,93.2,-42.0,4.153,5195.8,999.0,0,0.0,0.0,0.0,2,3,0.0,9,11,1,1
18784,31.0,3,999,0,-0.1,93.2,-42.0,4.12,5195.8,999.0,0,1.0,1.0,0.0,2,8,0.0,4,11,1,1
18785,52.0,1,999,1,-0.1,93.2,-42.0,4.021,5195.8,999.0,1,0.0,0.0,0.0,2,7,0.0,10,11,1,2
18786,41.0,1,999,0,1.1,93.994,-36.4,4.857,5191.0,999.0,0,1.0,1.0,1.0,2,5,0.0,9,5,1,1
18787,25.0,1,999,0,1.4,93.918,-42.7,4.963,5228.1,999.0,0,1.0,0.0,0.0,1,4,0.0,9,7,1,1
18788,35.0,1,999,0,-1.8,92.893,-46.2,1.291,5099.1,999.0,0,1.0,0.0,0.0,2,8,0.0,4,5,1,1
18789,37.0,2,999,0,1.4,93.444,-36.1,4.965,5228.1,999.0,0,0.0,1.0,0.0,2,7,0.0,2,8,2,1
18790,59.0,4,999,0,1.4,93.444,-36.1,4.964,5228.1,999.0,0,0.0,1.0,0.0,2,7,0.0,8,8,1,1
18791,39.0,3,999,0,-2.9,92.963,-40.8,1.224,5076.2,999.0,0,1.0,0.0,0.0,1,8,0.0,11,6,1,1
18792,32.0,1,999,0,-0.1,93.2,-42.0,4.7,5195.8,999.0,0,1.0,0.0,1.0,2,6,0.0,5,11,1,1
18793,31.0,5,999,0,1.4,93.444,-36.1,4.966,5228.1,999.0,0,1.0,0.0,0.0,2,5,0.0,6,8,1,1
18794,34.0,3,999,1,-0.1,93.2,-42.0,4.021,5195.8,999.0,2,0.0,0.0,1.0,2,7,0.0,6,11,1,2
18795,24.0,1,999,0,-1.8,93.075,-47.1,1.41,5099.1,999.0,0,1.0,0.0,0.0,1,7,0.0,3,4,1,1
18796,46.0,2,999,0,1.4,93.918,-42.7,4.963,5228.1,999.0,0,0.0,0.0,0.0,2,2,0.0,2,7,1,1
18797,24.0,1,999,0,-1.8,92.893,-46.2,1.281,5099.1,999.0,0,0.0,1.0,0.0,2,6,0.0,5,5,1,1
18798,31.0,2,999,0,-0.1,93.2,-42.0,4.076,5195.8,999.0,0,0.0,0.0,1.0,1,7,0.0,6,11,1,1
18799,31.0,10,999,0,-0.1,93.2,-42.0,4.021,5195.8,999.0,0,1.0,0.0,0.0,2,7,0.0,5,11,1,1
18800,49.0,2,999,0,1.1,93.994,-36.4,4.864,5191.0,999.0,0,1.0,0.0,1.0,2,8,0.0,4,5,1,1
18801,32.0,1,999,0,1.4,93.918,-42.7,4.96,5228.1,999.0,0,1.0,0.0,0.0,3,5,0.0,6,7,2,1
18802,31.0,1,999,0,-1.8,92.893,-46.2,1.266,5099.1,999.0,0,1.0,0.0,0.0,1,5,0.0,6,5,1,1
18803,44.0,3,999,0,1.1,93.994,-36.4,4.856,5191.0,999.0,0,1.0,1.0,1.0,2,8,0.0,4,5,1,1
18804,28.0,1,999,1,-1.8,92.893,-46.2,1.244,5099.1,999.0,1,1.0,0.0,0.0,1,7,0.0,6,5,2,2
18805,41.0,1,999,0,1.1,93.994,-36.4,4.864,5191.0,999.0,0,1.0,0.0,1.0,1,5,0.0,3,5,1,1
18806,28.0,2,999,0,-1.8,93.876,-40.0,0.697,5008.7,999.0,0,0.0,1.0,0.0,2,5,0.0,6,5,1,1
18807,34.0,1,999,0,-2.9,92.963,-40.8,1.262,5076.2,999.0,0,0.0,1.0,0.0,1,8,0.0,9,6,1,1
18808,31.0,1,999,0,-1.8,93.075,-47.1,1.405,5099.1,999.0,0,1.0,0.0,0.0,2,5,0.0,9,4,2,1
18809,35.0,3,999,0,1.1,93.994,-36.4,4.86,5191.0,999.0,0,0.0,0.0,1.0,2,8,0.0,2,5,1,1
18810,45.0,2,999,0,1.1,93.994,-36.4,4.857,5191.0,999.0,0,0.0,0.0,1.0,2,8,0.0,6,5,1,1
18811,31.0,1,999,0,1.4,93.444,-36.1,4.965,5228.1,999.0,0,1.0,0.0,0.0,2,8,0.0,6,8,1,1
18812,45.0,2,999,0,-1.8,92.893,-46.2,1.244,5099.1,999.0,0,1.0,0.0,0.0,3,8,0.0,6,5,1,1
18813,45.0,1,999,0,1.4,93.444,-36.1,4.968,5228.1,999.0,0,0.0,0.0,0.0,2,7,0.0,6,8,1,1
18814,31.0,1,999,1,-1.8,93.075,-47.1,1.415,5099.1,999.0,2,1.0,0.0,0.0,1,6,0.0,5,4,1,2
18815,30.0,1,999,0,-1.8,93.369,-34.8,0.655,5008.7,999.0,0,1.0,1.0,0.0,2,6,0.0,5,3,1,1
18816,43.0,8,999,1,-1.8,92.893,-46.2,1.25,5099.1,999.0,1,0.0,0.0,0.0,2,5,0.0,4,5,1,2
18817,31.0,1,999,0,-3.4,92.431,-26.9,0.724,5017.5,999.0,0,1.0,0.0,0.0,2,8,0.0,6,10,1,1
18818,30.0,1,999,1,-0.1,93.2,-42.0,4.076,5195.8,999.0,2,1.0,1.0,0.0,2,8,0.0,4,11,1,2
18819,35.0,1,999,0,-3.4,92.649,-30.1,0.714,5017.5,999.0,0,1.0,0.0,0.0,1,8,0.0,1,11,2,1
18820,32.0,1,999,0,1.4,93.918,-42.7,4.963,5228.1,999.0,0,1.0,0.0,1.0,1,6,0.0,12,7,1,1
18821,31.0,17,999,0,1.4,93.918,-42.7,4.962,5228.1,999.0,0,1.0,0.0,0.0,2,3,0.0,5,7,2,1
18822,25.0,1,999,0,-3.4,92.431,-26.9,0.74,5017.5,999.0,0,1.0,1.0,1.0,1,7,0.0,6,10,1,1
18823,29.0,4,999,0,1.1,93.994,-36.4,4.859,5191.0,999.0,0,0.0,0.0,1.0,1,4,0.0,9,5,1,1
18824,31.0,3,999,0,1.1,93.994,-36.4,4.857,5191.0,999.0,0,1.0,0.0,1.0,3,5,0.0,7,5,2,1
18825,36.0,1,999,0,1.4,93.918,-42.7,4.963,5228.1,999.0,0,1.0,0.0,0.0,2,4,0.0,4,7,1,1
18826,49.0,1,999,0,-0.1,93.2,-42.0,4.076,5195.8,999.0,0,1.0,0.0,1.0,3,7,0.0,5,11,1,1
18827,34.0,1,3,1,-1.1,94.767,-50.8,1.046,4963.6,0.1,1,1.0,0.0,0.0,2,8,0.0,5,11,1,3
18828,45.0,2,999,0,-1.8,93.075,-47.1,1.365,5099.1,999.0,0,1.0,0.0,0.0,2,7,0.0,3,4,1,1
18829,59.0,1,999,0,1.4,93.918,-42.7,4.961,5228.1,999.0,0,1.0,0.0,0.0,2,3,0.0,8,7,1,1
18830,41.0,1,999,0,-1.8,92.893,-46.2,1.313,5099.1,999.0,0,0.0,0.0,0.0,1,3,0.0,4,5,1,1
18831,31.0,1,999,0,-0.1,93.2,-42.0,4.076,5195.8,999.0,0,1.0,0.0,0.0,2,7,0.0,6,11,1,1
18832,45.0,1,999,3,-1.8,93.876,-40.0,0.692,5008.7,999.0,6,1.0,0.0,0.0,2,4,0.0,3,5,1,2
18833,35.0,4,999,0,-0.1,93.2,-42.0,4.021,5195.8,999.0,0,1.0,0.0,0.0,3,8,0.0,6,11,1,1
18834,25.0,3,999,1,-2.9,92.963,-40.8,1.26,5076.2,999.0,0,0.0,0.0,0.0,2,8,0.0,5,6,1,2
18835,40.0,1,999,0,1.1,93.994,-36.4,4.857,5191.0,999.0,0,0.0,0.0,1.0,2,7,0.0,6,5,2,1
18836,27.0,2,999,0,1.4,94.465,-41.8,4.947,5228.1,999.0,0,1.0,0.0,1.0,1,8,0.0,5,6,2,1
18837,31.0,2,999,0,-1.8,92.893,-46.2,1.266,5099.1,999.0,0,0.0,0.0,0.0,2,8,0.0,6,5,1,1
18838,54.0,2,10,1,-1.1,94.767,-50.8,1.035,4963.6,0.333333333333,4,0.0,0.0,0.0,2,6,0.0,6,11,1,3
18839,30.0,3,999,0,1.4,93.444,-36.1,4.963,5228.1,999.0,0,1.0,0.0,0.0,1,7,0.0,6,8,1,1
18840,31.0,2,999,0,-1.8,93.075,-47.1,1.405,5099.1,999.0,0,1.0,0.0,0.0,1,8,0.0,2,4,1,1
18841,29.0,1,999,0,1.4,93.918,-42.7,4.96,5228.1,999.0,0,1.0,0.0,0.0,2,4,0.0,4,7,2,1
18842,37.0,2,999,0,1.1,93.994,-36.4,4.858,5191.0,999.0,0,1.0,1.0,1.0,1,5,0.0,4,5,1,1
18843,44.0,3,999,0,1.4,93.918,-42.7,4.962,5228.1,999.0,0,0.0,0.0,0.0,3,5,0.0,9,7,2,1
18844,25.0,3,999,0,-1.8,93.075,-47.1,1.405,5099.1,999.0,0,1.0,0.0,0.0,1,7,0.0,1,4,2,1
18845,25.0,3,999,0,1.4,93.918,-42.7,4.961,5228.1,999.0,0,0.0,0.0,0.0,1,7,0.0,3,7,1,1
18846,26.0,2,999,0,1.4,93.918,-42.7,4.961,5228.1,999.0,0,0.0,0.0,0.0,1,3,0.0,9,7,1,1
18847,32.0,2,6,1,-1.7,94.215,-40.3,0.846,4991.6,0.2,1,1.0,0.0,0.0,1,7,0.0,6,7,1,3
18848,42.0,4,999,0,1.1,93.994,-36.4,4.857,5191.0,999.0,0,0.0,0.0,1.0,2,8,0.0,6,5,1,1
18849,42.0,11,999,0,1.4,93.444,-36.1,4.965,5228.1,999.0,0,1.0,0.0,0.0,3,6,0.0,5,8,1,1
18850,27.0,1,999,0,1.1,93.994,-36.4,4.857,5191.0,999.0,0,1.0,1.0,1.0,1,3,0.0,4,5,2,1
18851,53.0,1,999,0,-1.8,92.893,-46.2,1.299,5099.1,999.0,0,1.0,0.0,0.0,1,2,0.0,4,5,2,1
18852,45.0,6,999,1,-3.4,92.379,-29.8,0.819,5017.5,999.0,2,1.0,1.0,0.0,2,7,0.0,6,9,1,2
18853,31.0,2,999,0,1.4,93.444,-36.1,4.966,5228.1,999.0,0,1.0,0.0,0.0,2,8,0.0,5,8,1,1
18854,38.0,2,999,0,1.1,93.994,-36.4,4.857,5191.0,999.0,0,1.0,1.0,1.0,2,5,0.0,6,5,1,1
18855,32.0,2,999,0,1.1,93.994,-36.4,4.859,5191.0,999.0,0,0.0,0.0,1.0,2,5,0.0,9,5,1,1
18856,31.0,1,999,0,1.4,93.444,-36.1,4.965,5228.1,999.0,0,1.0,1.0,0.0,2,6,0.0,5,8,1,1
18857,31.0,1,999,0,1.4,94.465,-41.8,4.961,5228.1,999.0,0,0.0,0.0,1.0,2,2,0.0,1,6,1,1
18858,43.0,1,999,0,1.4,93.444,-36.1,4.97,5228.1,999.0,0,0.0,0.0,0.0,2,7,0.0,6,8,2,1
18859,42.0,1,999,0,-0.1,93.2,-42.0,4.191,5195.8,999.0,0,0.0,0.0,0.0,2,8,0.0,5,11,2,1
18860,23.0,7,999,0,-1.8,92.893,-46.2,1.25,5099.1,999.0,0,1.0,1.0,0.0,1,2,0.0,4,5,1,1
18861,55.0,5,999,0,1.4,93.918,-42.7,4.968,5228.1,999.0,0,1.0,1.0,0.0,2,8,0.0,5,7,1,1
18862,41.0,6,999,0,1.4,94.465,-41.8,4.959,5228.1,999.0,0,1.0,0.0,1.0,2,6,0.0,4,6,1,1
18863,35.0,4,999,0,1.4,94.465,-41.8,4.96,5228.1,999.0,0,1.0,0.0,1.0,2,7,0.0,10,6,2,1
18864,31.0,3,999,0,1.4,93.918,-42.7,4.962,5228.1,999.0,0,1.0,0.0,0.0,2,6,0.0,5,7,2,1
18865,28.0,4,999,1,-1.8,92.893,-46.2,1.25,5099.1,999.0,3,1.0,0.0,0.0,1,7,0.0,6,5,1,2
18866,33.0,1,999,1,-2.9,92.201,-31.4,0.881,5076.2,999.0,4,0.0,0.0,0.0,2,4,0.0,4,8,1,2
18867,60.0,1,999,0,1.1,93.994,-36.4,4.857,5191.0,999.0,0,0.0,0.0,1.0,2,8,0.0,6,5,2,1
18868,46.0,2,999,0,1.4,93.444,-36.1,4.964,5228.1,999.0,0,0.0,0.0,0.0,3,6,0.0,5,8,1,1
18869,31.0,6,999,0,-1.8,92.893,-46.2,1.291,5099.1,999.0,0,1.0,0.0,0.0,2,5,0.0,5,5,1,1
18870,31.0,3,999,0,1.1,93.994,-36.4,4.86,5191.0,999.0,0,0.0,0.0,1.0,2,8,0.0,10,5,1,1
18871,31.0,1,999,0,1.1,93.994,-36.4,4.856,5191.0,999.0,0,1.0,0.0,1.0,2,7,0.0,6,5,1,1
18872,29.0,2,999,0,1.4,94.465,-41.8,4.961,5228.1,999.0,0,0.0,1.0,1.0,3,7,0.0,5,6,1,1
18873,39.0,1,999,0,1.4,93.918,-42.7,4.963,5228.1,999.0,0,0.0,0.0,0.0,1,8,0.0,5,7,1,1
18874,31.0,5,999,0,-1.1,94.601,-49.5,1.0,4963.6,999.0,0,1.0,1.0,0.0,3,6,0.0,5,10,2,1
18875,46.0,1,999,0,-0.1,93.2,-42.0,4.021,5195.8,999.0,0,1.0,0.0,0.0,2,4,0.0,3,11,1,1
18876,47.0,1,999,0,-1.8,92.893,-46.2,1.313,5099.1,999.0,0,1.0,0.0,0.0,2,8,0.0,4,5,1,1
18877,31.0,4,999,0,-1.8,92.893,-46.2,1.25,5099.1,999.0,0,0.0,0.0,0.0,1,4,0.0,6,5,1,1
18878,27.0,5,999,1,-1.8,92.893,-46.2,1.266,5099.1,999.0,2,0.0,0.0,1.0,3,8,0.0,7,5,1,2
18879,40.0,1,999,0,-0.1,93.2,-42.0,4.076,5195.8,999.0,0,1.0,1.0,0.0,2,8,0.0,4,11,1,1
18880,39.0,1,999,0,1.4,93.918,-42.7,4.962,5228.1,999.0,0,1.0,0.0,0.0,2,8,0.0,1,7,1,1
18881,40.0,2,999,0,-0.1,93.2,-42.0,4.191,5195.8,999.0,0,0.0,1.0,0.0,2,2,0.0,4,11,2,1
18882,29.0,2,999,0,-0.1,93.2,-42.0,4.021,5195.8,999.0,0,0.0,0.0,1.0,1,3,0.0,4,11,1,1
18883,34.0,1,999,0,-0.1,93.2,-42.0,4.191,5195.8,999.0,0,0.0,0.0,0.0,2,5,0.0,6,11,1,1
18884,55.0,3,999,0,-0.1,93.2,-42.0,4.076,5195.8,999.0,0,0.0,0.0,0.0,2,4,0.0,6,11,1,1
18885,31.0,3,999,0,1.4,93.444,-36.1,4.965,5228.1,999.0,0,0.0,0.0,0.0,2,8,0.0,7,8,1,1
18886,53.0,2,999,0,1.4,93.444,-36.1,4.964,5228.1,999.0,0,1.0,0.0,0.0,2,6,0.0,5,8,1,1
18887,27.0,2,999,0,1.4,93.918,-42.7,4.96,5228.1,999.0,0,0.0,0.0,0.0,1,5,0.0,6,7,1,1
18888,31.0,1,999,0,1.4,93.444,-36.1,4.964,5228.1,999.0,0,1.0,0.0,0.0,1,7,0.0,6,8,1,1
18889,38.0,3,999,0,1.4,94.465,-41.8,4.864,5228.1,999.0,0,1.0,0.0,1.0,2,8,0.0,4,6,1,1
18890,31.0,2,999,0,1.4,94.465,-41.8,4.961,5228.1,999.0,0,0.0,0.0,1.0,2,8,0.0,4,6,1,1
18891,30.0,3,999,0,1.1,93.994,-36.4,4.864,5191.0,999.0,0,1.0,0.0,1.0,1,6,0.0,9,5,1,1
18892,35.0,10,999,0,-1.8,92.893,-46.2,1.354,5099.1,999.0,0,1.0,1.0,1.0,2,8,0.0,6,5,2,1
18893,39.0,6,999,0,1.4,93.444,-36.1,4.965,5228.1,999.0,0,1.0,1.0,0.0,2,6,0.0,5,8,1,1
18894,38.0,8,999,0,1.4,93.918,-42.7,4.961,5228.1,999.0,0,0.0,0.0,0.0,2,3,0.0,4,7,1,1
18895,31.0,2,999,0,-0.1,93.2,-42.0,4.153,5195.8,999.0,0,1.0,0.0,0.0,1,7,0.0,3,11,1,1
18896,34.0,2,999,0,1.1,93.994,-36.4,4.857,5191.0,999.0,0,1.0,0.0,1.0,1,7,0.0,6,5,2,1
18897,56.0,1,999,0,1.4,93.918,-42.7,4.957,5228.1,999.0,0,1.0,0.0,0.0,2,7,0.0,6,7,1,1
18898,33.0,1,999,0,-1.8,92.893,-46.2,1.313,5099.1,999.0,0,1.0,1.0,1.0,1,3,0.0,4,5,1,1
18899,31.0,2,999,0,1.4,93.444,-36.1,4.963,5228.1,999.0,0,1.0,0.0,0.0,2,8,0.0,6,8,1,1
18900,36.0,2,999,1,-1.8,92.893,-46.2,1.354,5099.1,999.0,6,0.0,1.0,0.0,2,8,0.0,5,5,1,2
18901,31.0,3,999,0,1.4,93.444,-36.1,4.964,5228.1,999.0,0,1.0,0.0,0.0,2,7,0.0,1,8,1,1
18902,41.0,3,999,0,1.4,93.918,-42.7,4.961,5228.1,999.0,0,1.0,1.0,0.0,2,8,0.0,4,7,1,1
18903,31.0,1,999,0,1.4,94.465,-41.8,4.959,5228.1,999.0,0,0.0,0.0,1.0,2,7,0.0,6,6,1,1
18904,58.0,20,999,0,1.4,93.918,-42.7,4.968,5228.1,999.0,0,0.0,1.0,0.0,2,7,0.0,3,7,1,1
18905,31.0,2,999,0,1.1,93.994,-36.4,4.858,5191.0,999.0,0,0.0,0.0,1.0,1,8,0.0,9,5,1,1
18906,55.0,2,999,0,1.1,93.994,-36.4,4.856,5191.0,999.0,0,1.0,0.0,1.0,3,2,0.0,9,5,1,1
18907,31.0,1,999,0,1.4,93.918,-42.7,4.962,5228.1,999.0,0,1.0,0.0,0.0,3,2,0.0,8,7,1,1
18908,39.0,1,999,0,-0.1,93.2,-42.0,4.153,5195.8,999.0,0,1.0,0.0,0.0,2,4,0.0,9,11,1,1
18909,37.0,3,999,0,-1.7,94.055,-39.8,0.702,4991.6,999.0,0,1.0,1.0,0.0,1,7,0.0,6,6,1,1
18910,55.0,2,999,1,-1.8,92.893,-46.2,1.266,5099.1,999.0,4,0.0,0.0,0.0,3,7,0.0,6,5,1,2
18911,35.0,1,999,1,-1.8,92.893,-46.2,1.344,5099.1,999.0,0,1.0,0.0,0.0,3,4,0.0,4,5,1,2
18912,55.0,1,999,0,1.1,93.994,-36.4,4.856,5191.0,999.0,0,1.0,0.0,1.0,2,2,0.0,8,5,1,1
18913,31.0,1,999,0,1.4,94.465,-41.8,4.864,5228.1,999.0,0,0.0,0.0,1.0,2,4,0.0,9,6,1,1
18914,38.0,1,999,1,-1.8,93.075,-47.1,1.445,5099.1,999.0,1,0.0,1.0,0.0,2,5,0.0,6,4,1,2
18915,42.0,1,999,0,1.4,94.465,-41.8,4.961,5228.1,999.0,0,0.0,0.0,1.0,2,8,0.0,4,6,1,1
18916,31.0,1,999,0,-1.7,94.055,-39.8,0.732,4991.6,999.0,0,0.0,0.0,1.0,2,7,0.0,6,6,1,1
18917,53.0,1,999,0,1.4,93.444,-36.1,4.968,5228.1,999.0,0,1.0,0.0,0.0,2,5,0.0,5,8,1,1
18918,53.0,2,999,0,1.4,93.444,-36.1,4.963,5228.1,999.0,0,1.0,0.0,0.0,2,8,0.0,1,8,1,1
18919,36.0,2,999,0,1.4,93.918,-42.7,4.968,5228.1,999.0,0,1.0,0.0,1.0,2,8,0.0,4,7,1,1
18920,52.0,1,999,0,-1.8,92.893,-46.2,1.266,5099.1,999.0,0,0.0,0.0,0.0,4,2,0.0,4,5,1,1
18921,31.0,6,999,1,-1.8,93.075,-47.1,1.405,5099.1,999.0,1,1.0,0.0,0.0,1,5,0.0,11,4,2,2
18922,49.0,1,999,0,-1.8,92.893,-46.2,1.299,5099.1,999.0,0,0.0,1.0,0.0,2,4,0.0,4,5,2,1
18923,31.0,1,999,0,-3.4,92.431,-26.9,0.754,5017.5,999.0,0,1.0,0.0,0.0,2,7,0.0,6,10,1,1
18924,49.0,2,999,0,1.1,93.994,-36.4,4.857,5191.0,999.0,0,0.0,0.0,1.0,2,5,0.0,9,5,1,1
18925,31.0,1,999,0,1.1,93.994,-36.4,4.857,5191.0,999.0,0,0.0,0.0,1.0,2,8,0.0,4,5,1,1
18926,31.0,1,999,2,-3.4,92.379,-29.8,0.741,5017.5,999.0,8,1.0,0.0,0.0,2,8,0.0,6,9,1,2
18927,31.0,2,999,0,1.4,93.444,-36.1,4.962,5228.1,999.0,0,1.0,1.0,0.0,2,4,0.0,4,8,1,1
18928,31.0,4,999,0,1.1,93.994,-36.4,4.859,5191.0,999.0,0,0.0,0.0,1.0,2,8,0.0,3,5,1,1
18929,42.0,2,999,0,-0.1,93.2,-42.0,4.153,5195.8,999.0,0,1.0,0.0,0.0,2,8,0.0,4,11,1,1
18930,41.0,1,999,0,1.4,93.918,-42.7,4.961,5228.1,999.0,0,0.0,0.0,0.0,1,7,0.0,3,7,1,1
18931,32.0,2,999,0,1.1,93.994,-36.4,4.855,5191.0,999.0,0,1.0,0.0,1.0,2,8,0.0,9,5,1,1
18932,20.0,1,999,0,-1.1,94.199,-37.5,0.882,4963.6,999.0,0,0.0,0.0,1.0,1,2,0.0,4,9,2,1
18933,55.0,1,999,0,-1.8,92.893,-46.2,1.266,5099.1,999.0,0,1.0,1.0,0.0,1,4,0.0,9,5,1,1
18934,31.0,1,999,0,-1.8,92.893,-46.2,1.299,5099.1,999.0,0,0.0,0.0,0.0,2,2,0.0,4,5,2,1
18935,41.0,10,999,0,1.4,94.465,-41.8,4.866,5228.1,999.0,0,1.0,1.0,1.0,2,7,0.0,5,6,1,1
18936,33.0,2,999,0,1.1,93.994,-36.4,4.86,5191.0,999.0,0,1.0,0.0,1.0,2,5,0.0,6,5,1,1
18937,28.0,3,999,0,1.4,94.465,-41.8,4.967,5228.1,999.0,0,0.0,0.0,1.0,2,5,0.0,6,6,1,1
18938,59.0,1,999,0,1.4,93.444,-36.1,4.964,5228.1,999.0,0,1.0,1.0,0.0,2,4,0.0,8,8,1,1
18939,31.0,1,999,0,1.4,93.444,-36.1,4.968,5228.1,999.0,0,1.0,0.0,0.0,1,8,0.0,5,8,1,1
18940,59.0,5,999,0,1.4,93.918,-42.7,4.96,5228.1,999.0,0,0.0,0.0,0.0,2,8,0.0,7,7,2,1
18941,30.0,21,999,0,1.4,93.918,-42.7,4.961,5228.1,999.0,0,0.0,0.0,1.0,1,8,0.0,7,7,1,1
18942,31.0,1,999,0,1.1,93.994,-36.4,4.857,5191.0,999.0,0,1.0,0.0,1.0,2,4,0.0,4,5,1,1
18943,36.0,2,999,0,-1.8,93.075,-47.1,1.405,5099.1,999.0,0,1.0,0.0,0.0,1,5,0.0,6,4,1,1
18944,33.0,1,999,0,1.4,93.918,-42.7,4.962,5228.1,999.0,0,1.0,0.0,0.0,2,5,0.0,9,7,1,1
18945,37.0,1,999,0,-1.8,92.893,-46.2,1.327,5099.1,999.0,0,0.0,0.0,0.0,2,8,0.0,4,5,1,1
18946,31.0,1,999,0,1.4,93.918,-42.7,4.962,5228.1,999.0,0,0.0,0.0,0.0,2,8,0.0,6,7,1,1
18947,88.0,5,999,0,-1.8,92.843,-50.0,1.663,5099.1,999.0,0,1.0,1.0,0.0,3,8,0.0,8,3,1,1
18948,35.0,2,14,2,-2.9,92.469,-33.6,1.059,5076.2,0.466666666667,2,1.0,0.0,0.0,1,5,0.0,6,7,1,2
18949,41.0,1,999,1,-1.8,92.893,-46.2,1.281,5099.1,999.0,3,1.0,0.0,0.0,2,4,0.0,5,5,1,2
18950,31.0,1,999,0,-1.7,94.055,-39.8,0.754,4991.6,999.0,0,0.0,0.0,1.0,2,7,0.0,10,6,2,1
18951,32.0,1,999,0,-0.1,93.2,-42.0,4.076,5195.8,999.0,0,0.0,0.0,0.0,1,2,0.0,4,11,1,1
18952,31.0,1,999,0,-0.1,93.2,-42.0,4.12,5195.8,999.0,0,1.0,0.0,0.0,3,5,0.0,9,11,1,1
18953,33.0,1,999,0,-1.8,92.893,-46.2,1.281,5099.1,999.0,0,0.0,0.0,0.0,1,5,0.0,6,5,1,1
18954,46.0,2,999,0,1.4,93.444,-36.1,4.967,5228.1,999.0,0,0.0,0.0,0.0,2,5,0.0,4,8,1,1
18955,55.0,1,999,0,-1.8,92.893,-46.2,1.266,5099.1,999.0,0,0.0,0.0,0.0,2,5,0.0,8,5,1,1
18956,31.0,3,999,0,1.4,93.444,-36.1,4.965,5228.1,999.0,0,0.0,0.0,0.0,1,6,0.0,5,8,2,1
18957,48.0,2,999,0,1.4,93.918,-42.7,4.962,5228.1,999.0,0,0.0,0.0,0.0,2,2,0.0,4,7,1,1
18958,31.0,2,999,0,-1.8,92.893,-46.2,1.313,5099.1,999.0,0,1.0,0.0,0.0,1,8,0.0,6,5,1,1
18959,51.0,2,999,0,1.1,93.994,-36.4,4.857,5191.0,999.0,0,0.0,0.0,1.0,1,3,0.0,6,5,2,1
18960,31.0,2,999,0,1.4,94.465,-41.8,4.958,5228.1,999.0,0,0.0,0.0,1.0,1,3,0.0,10,6,1,1
18961,30.0,1,999,0,1.4,93.444,-36.1,4.965,5228.1,999.0,0,0.0,0.0,0.0,2,5,0.0,5,8,1,1
18962,30.0,1,6,1,-1.8,93.876,-40.0,0.668,5008.7,0.2,1,0.0,0.0,0.0,1,7,0.0,6,5,1,3
18963,30.0,4,999,1,-1.8,92.893,-46.2,1.354,5099.1,999.0,1,0.0,0.0,0.0,1,6,0.0,5,5,2,2
18964,41.0,2,3,1,-3.4,92.649,-30.1,0.715,5017.5,0.1,0,0.0,0.0,1.0,2,7,0.0,6,11,1,3
18965,47.0,2,999,0,1.4,93.444,-36.1,4.964,5228.1,999.0,0,1.0,0.0,0.0,2,7,0.0,6,8,1,1
18966,35.0,1,999,0,1.4,93.444,-36.1,4.963,5228.1,999.0,0,1.0,0.0,0.0,1,8,0.0,5,8,1,1
18967,31.0,3,999,1,-1.8,92.893,-46.2,1.299,5099.1,999.0,2,0.0,0.0,0.0,2,8,0.0,1,5,2,2
18968,31.0,12,999,0,1.4,93.918,-42.7,4.958,5228.1,999.0,0,1.0,0.0,0.0,1,7,0.0,7,7,1,1
18969,33.0,4,999,0,1.4,94.465,-41.8,4.967,5228.1,999.0,0,0.0,1.0,1.0,1,7,0.0,6,6,1,1
18970,36.0,1,999,0,-0.1,93.2,-42.0,4.021,5195.8,999.0,0,1.0,1.0,1.0,1,8,0.0,6,11,1,1
18971,35.0,1,999,0,1.4,93.918,-42.7,4.968,5228.1,999.0,0,1.0,0.0,1.0,2,4,0.0,4,7,1,1
18972,37.0,23,999,0,1.4,94.465,-41.8,4.959,5228.1,999.0,0,0.0,0.0,1.0,2,7,0.0,3,6,1,1
18973,40.0,1,999,0,-0.1,93.2,-42.0,4.191,5195.8,999.0,0,1.0,1.0,0.0,2,7,0.0,3,11,2,1
18974,33.0,1,999,0,-1.7,94.055,-39.8,0.742,4991.6,999.0,0,0.0,0.0,1.0,1,5,0.0,3,6,1,1
18975,59.0,1,999,1,-2.9,92.963,-40.8,1.26,5076.2,999.0,1,0.0,0.0,0.0,2,2,0.0,4,6,1,2
18976,29.0,2,999,0,1.4,94.465,-41.8,4.864,5228.1,999.0,0,0.0,0.0,1.0,2,8,0.0,9,6,1,1
18977,35.0,3,999,0,1.1,93.994,-36.4,4.856,5191.0,999.0,0,0.0,1.0,1.0,3,8,0.0,6,5,1,1
18978,55.0,1,999,0,-1.8,92.893,-46.2,1.25,5099.1,999.0,0,1.0,0.0,0.0,2,3,0.0,3,5,1,1
18979,48.0,4,999,0,1.1,93.994,-36.4,4.86,5191.0,999.0,0,0.0,0.0,1.0,2,8,0.0,4,5,1,1
18980,60.0,1,999,0,1.4,93.444,-36.1,4.97,5228.1,999.0,0,0.0,0.0,0.0,2,7,0.0,8,8,2,1
18981,64.0,2,6,1,-1.8,93.369,-34.8,0.652,5008.7,0.2,5,0.0,0.0,0.0,2,8,0.0,8,3,1,3
18982,56.0,7,999,0,1.1,93.994,-36.4,4.858,5191.0,999.0,0,1.0,0.0,1.0,2,2,0.0,4,5,2,1
18983,38.0,2,999,0,1.4,94.465,-41.8,4.864,5228.1,999.0,0,0.0,0.0,1.0,2,5,0.0,6,6,1,1
18984,35.0,3,999,1,-0.1,93.2,-42.0,4.021,5195.8,999.0,3,1.0,0.0,0.0,3,8,0.0,6,11,1,2
18985,32.0,2,999,0,-1.8,92.893,-46.2,1.266,5099.1,999.0,0,1.0,0.0,0.0,2,4,0.0,4,5,1,1
18986,31.0,1,999,0,1.4,94.465,-41.8,4.864,5228.1,999.0,0,1.0,0.0,1.0,2,8,0.0,10,6,1,1
18987,17.0,2,999,2,-2.9,92.201,-31.4,0.869,5076.2,999.0,2,1.0,0.0,0.0,1,4,0.0,11,8,1,2
18988,38.0,3,999,0,1.4,94.465,-41.8,4.865,5228.1,999.0,0,0.0,0.0,1.0,2,5,0.0,4,6,2,1
18989,31.0,1,999,1,-1.8,93.075,-47.1,1.479,5099.1,999.0,1,1.0,1.0,0.0,3,6,0.0,5,4,1,2
18990,50.0,1,999,0,-0.1,93.2,-42.0,4.153,5195.8,999.0,0,1.0,0.0,0.0,2,7,0.0,3,11,1,1
18991,30.0,2,999,0,-1.8,92.893,-46.2,1.266,5099.1,999.0,0,1.0,0.0,1.0,2,2,0.0,4,5,1,1
18992,31.0,1,999,1,-1.8,92.893,-46.2,1.334,5099.1,999.0,2,1.0,0.0,0.0,3,8,0.0,6,5,1,2
18993,45.0,1,999,0,1.4,93.444,-36.1,4.965,5228.1,999.0,0,0.0,0.0,0.0,2,4,0.0,4,8,1,1
18994,43.0,1,999,0,-0.1,93.2,-42.0,4.12,5195.8,999.0,0,0.0,0.0,0.0,2,7,0.0,6,11,1,1
18995,31.0,3,999,0,-1.8,92.893,-46.2,1.25,5099.1,999.0,0,0.0,0.0,0.0,1,8,0.0,6,5,1,1
18996,34.0,1,999,0,-0.1,93.2,-42.0,4.153,5195.8,999.0,0,0.0,0.0,0.0,3,8,0.0,6,11,1,1
18997,33.0,3,999,0,1.4,93.444,-36.1,4.963,5228.1,999.0,0,0.0,0.0,0.0,1,7,0.0,6,8,1,1
18998,31.0,2,999,0,-1.7,94.215,-40.3,0.885,4991.6,999.0,0,1.0,1.0,0.0,1,8,0.0,11,7,1,1
18999,58.0,2,999,0,1.4,94.465,-41.8,4.955,5228.1,999.0,0,1.0,0.0,1.0,2,8,0.0,8,6,1,1
19000,44.0,3,999,0,1.4,93.918,-42.7,4.96,5228.1,999.0,0,0.0,0.0,0.0,2,8,0.0,7,7,2,1
19001,31.0,8,999,0,1.1,93.994,-36.4,4.864,5191.0,999.0,0,0.0,1.0,1.0,2,8,0.0,4,5,1,1
19002,59.0,1,999,0,1.4,93.444,-36.1,4.964,5228.1,999.0,0,1.0,0.0,0.0,2,7,0.0,3,8,1,1
19003,53.0,3,999,0,1.4,93.444,-36.1,4.963,5228.1,999.0,0,0.0,0.0,0.0,3,8,0.0,8,8,2,1
19004,54.0,1,999,0,-1.8,92.893,-46.2,1.264,5099.1,999.0,0,1.0,0.0,0.0,1,7,0.0,6,5,2,1
19005,41.0,1,999,0,1.4,93.918,-42.7,4.955,5228.1,999.0,0,1.0,0.0,1.0,1,5,0.0,9,7,1,1
19006,43.0,2,999,0,1.4,93.444,-36.1,4.966,5228.1,999.0,0,0.0,0.0,0.0,3,7,0.0,6,8,1,1
19007,47.0,1,999,0,-0.1,93.2,-42.0,4.191,5195.8,999.0,0,0.0,0.0,0.0,2,7,0.0,3,11,2,1
19008,31.0,1,999,0,-1.8,92.893,-46.2,1.244,5099.1,999.0,0,0.0,0.0,0.0,1,8,0.0,4,5,2,1
19009,31.0,1,999,0,1.4,94.465,-41.8,4.864,5228.1,999.0,0,0.0,1.0,1.0,2,2,0.0,4,6,1,1
19010,46.0,7,999,0,1.4,94.465,-41.8,4.967,5228.1,999.0,0,0.0,0.0,1.0,2,6,0.0,7,6,1,1
19011,57.0,1,999,0,1.4,93.444,-36.1,4.97,5228.1,999.0,0,1.0,0.0,0.0,2,8,0.0,6,8,2,1
19012,39.0,2,999,1,-0.1,93.2,-42.0,4.021,5195.8,999.0,1,0.0,0.0,0.0,2,8,0.0,3,11,1,2
19013,31.0,4,999,0,1.4,93.444,-36.1,4.962,5228.1,999.0,0,0.0,0.0,0.0,2,8,0.0,12,8,1,1
19014,31.0,5,999,0,1.4,93.918,-42.7,4.958,5228.1,999.0,0,1.0,0.0,0.0,1,8,0.0,5,7,1,1
19015,37.0,7,999,1,-1.8,92.893,-46.2,1.281,5099.1,999.0,0,1.0,0.0,0.0,3,8,0.0,6,5,1,2
19016,50.0,2,999,0,1.4,94.465,-41.8,4.962,5228.1,999.0,0,0.0,0.0,1.0,2,5,0.0,10,6,1,1
19017,32.0,3,999,0,1.4,93.918,-42.7,4.962,5228.1,999.0,0,1.0,0.0,1.0,1,5,0.0,6,7,1,1
19018,31.0,1,999,0,1.4,94.465,-41.8,4.961,5228.1,999.0,0,1.0,0.0,1.0,2,2,0.0,4,6,1,1
19019,31.0,2,999,0,1.1,93.994,-36.4,4.858,5191.0,999.0,0,1.0,0.0,1.0,2,8,0.0,3,5,1,1
19020,36.0,8,999,0,1.4,94.465,-41.8,4.961,5228.1,999.0,0,0.0,1.0,1.0,2,8,0.0,6,6,1,1
19021,48.0,3,999,0,1.4,93.444,-36.1,4.963,5228.1,999.0,0,1.0,1.0,0.0,2,4,0.0,4,8,1,1
19022,24.0,2,999,0,-1.8,93.075,-47.1,1.405,5099.1,999.0,0,0.0,0.0,0.0,1,6,0.0,6,4,2,1
19023,28.0,1,999,1,-2.9,92.963,-40.8,1.26,5076.2,999.0,2,1.0,0.0,0.0,2,7,0.0,6,6,1,2
19024,28.0,2,999,0,1.1,93.994,-36.4,4.859,5191.0,999.0,0,0.0,0.0,1.0,1,4,0.0,4,5,1,1
19025,55.0,5,999,0,1.4,93.918,-42.7,4.957,5228.1,999.0,0,0.0,1.0,0.0,1,8,0.0,6,7,1,1
19026,49.0,3,999,0,1.4,93.444,-36.1,4.964,5228.1,999.0,0,0.0,0.0,0.0,3,2,0.0,4,8,1,1
19027,49.0,3,999,0,-1.8,93.075,-47.1,1.415,5099.1,999.0,0,1.0,1.0,0.0,2,8,0.0,6,4,1,1
19028,31.0,2,999,0,-1.8,92.893,-46.2,1.344,5099.1,999.0,0,0.0,1.0,0.0,1,2,0.0,4,5,1,1
19029,31.0,3,999,0,-1.8,92.893,-46.2,1.334,5099.1,999.0,0,1.0,0.0,0.0,2,7,0.0,6,5,1,1
19030,47.0,4,999,0,1.4,93.918,-42.7,4.968,5228.1,999.0,0,1.0,1.0,1.0,2,4,0.0,6,7,1,1
19031,28.0,1,999,0,1.1,93.994,-36.4,4.857,5191.0,999.0,0,1.0,0.0,1.0,1,8,0.0,11,5,2,1
19032,32.0,1,999,0,-3.4,92.649,-30.1,0.72,5017.5,999.0,0,1.0,0.0,0.0,2,5,0.0,6,11,1,1
19033,50.0,5,999,0,1.1,93.994,-36.4,4.86,5191.0,999.0,0,1.0,0.0,1.0,2,2,0.0,4,5,1,1
19034,30.0,1,999,0,-1.8,92.893,-46.2,1.344,5099.1,999.0,0,0.0,0.0,0.0,1,7,0.0,3,5,1,1
19035,31.0,1,999,0,1.4,94.465,-41.8,4.865,5228.1,999.0,0,1.0,0.0,1.0,2,8,0.0,6,6,2,1
19036,31.0,9,999,0,1.4,93.918,-42.7,4.961,5228.1,999.0,0,0.0,0.0,0.0,2,5,0.0,8,7,1,1
19037,54.0,3,999,0,1.4,94.465,-41.8,4.865,5228.1,999.0,0,1.0,0.0,1.0,2,6,0.0,5,6,2,1
19038,31.0,2,999,1,-1.7,94.027,-38.3,0.904,4991.6,999.0,0,0.0,0.0,0.0,2,7,0.0,6,8,1,2
19039,43.0,4,999,0,1.1,93.994,-36.4,4.855,5191.0,999.0,0,0.0,0.0,1.0,2,7,0.0,3,5,1,1
19040,31.0,3,999,0,1.4,93.918,-42.7,4.962,5228.1,999.0,0,0.0,0.0,0.0,1,5,0.0,6,7,1,1
19041,31.0,5,999,0,1.4,93.918,-42.7,4.961,5228.1,999.0,0,1.0,0.0,0.0,3,3,0.0,4,7,1,1
19042,31.0,2,999,0,1.1,93.994,-36.4,4.858,5191.0,999.0,0,0.0,0.0,1.0,2,4,0.0,4,5,1,1
19043,57.0,5,999,0,-1.8,92.893,-46.2,1.244,5099.1,999.0,0,1.0,1.0,0.0,3,3,0.0,5,5,2,1
19044,31.0,2,999,0,1.4,93.918,-42.7,4.963,5228.1,999.0,0,0.0,0.0,0.0,2,2,0.0,4,7,1,1
19045,44.0,6,999,0,1.4,93.918,-42.7,4.968,5228.1,999.0,0,1.0,0.0,0.0,2,8,0.0,12,7,1,1
19046,40.0,1,999,0,1.1,93.994,-36.4,4.864,5191.0,999.0,0,0.0,0.0,1.0,2,8,0.0,5,5,1,1
19047,57.0,3,999,0,1.4,93.444,-36.1,4.967,5228.1,999.0,0,0.0,0.0,0.0,2,8,0.0,4,8,1,1
19048,31.0,2,999,1,-2.9,92.963,-40.8,1.26,5076.2,999.0,1,0.0,0.0,0.0,2,3,0.0,10,6,1,2
19049,54.0,1,6,1,-3.0,92.713,-33.0,0.715,5023.5,0.2,4,1.0,0.0,0.0,3,6,0.0,5,12,1,3
19050,59.0,3,999,0,-2.9,92.201,-31.4,0.883,5076.2,999.0,0,0.0,0.0,0.0,2,2,0.0,4,8,1,1
19051,45.0,2,999,1,-1.8,92.893,-46.2,1.244,5099.1,999.0,2,1.0,0.0,0.0,1,5,0.0,4,5,2,2
19052,31.0,1,999,0,1.4,93.444,-36.1,4.97,5228.1,999.0,0,1.0,0.0,0.0,2,8,0.0,5,8,2,1
19053,78.0,1,999,0,-2.9,92.201,-31.4,0.834,5076.2,999.0,0,0.0,1.0,0.0,2,2,0.0,8,8,1,1
19054,35.0,2,999,1,-1.8,92.893,-46.2,1.25,5099.1,999.0,1,1.0,0.0,0.0,2,5,0.0,6,5,1,2
19055,31.0,3,999,0,1.1,93.994,-36.4,4.856,5191.0,999.0,0,0.0,0.0,1.0,2,7,0.0,6,5,1,1
19056,31.0,3,999,0,-0.1,93.2,-42.0,4.076,5195.8,999.0,0,1.0,1.0,0.0,2,8,0.0,6,11,1,1
19057,62.0,1,999,2,-1.7,94.215,-40.3,0.827,4991.6,999.0,4,1.0,0.0,0.0,2,8,0.0,5,7,2,2
19058,53.0,2,999,0,1.4,93.444,-36.1,4.964,5228.1,999.0,0,1.0,0.0,0.0,3,7,0.0,6,8,1,1
19059,30.0,3,999,0,1.1,93.994,-36.4,4.864,5191.0,999.0,0,1.0,0.0,1.0,2,8,0.0,6,5,1,1
19060,31.0,2,999,0,1.1,93.994,-36.4,4.858,5191.0,999.0,0,1.0,0.0,1.0,3,8,0.0,6,5,1,1
19061,38.0,1,999,0,1.1,93.994,-36.4,4.859,5191.0,999.0,0,1.0,0.0,1.0,2,8,0.0,4,5,1,1
19062,31.0,2,999,0,1.4,94.465,-41.8,4.967,5228.1,999.0,0,0.0,0.0,1.0,2,7,0.0,10,6,1,1
19063,34.0,5,999,0,1.4,93.918,-42.7,4.962,5228.1,999.0,0,1.0,0.0,0.0,2,8,0.0,4,7,2,1
19064,24.0,7,999,0,-1.8,92.893,-46.2,1.25,5099.1,999.0,0,1.0,0.0,0.0,1,5,0.0,9,5,1,1
19065,39.0,2,999,0,1.4,94.465,-41.8,4.864,5228.1,999.0,0,1.0,0.0,1.0,2,3,0.0,4,6,1,1
19066,34.0,1,999,0,1.1,93.994,-36.4,4.857,5191.0,999.0,0,0.0,0.0,1.0,2,5,0.0,9,5,1,1
19067,41.0,1,999,0,1.4,93.444,-36.1,4.965,5228.1,999.0,0,0.0,0.0,0.0,2,3,0.0,2,8,1,1
19068,27.0,4,999,0,1.4,93.918,-42.7,4.963,5228.1,999.0,0,1.0,1.0,0.0,1,8,0.0,4,7,1,1
19069,31.0,2,999,0,1.1,93.994,-36.4,4.857,5191.0,999.0,0,1.0,1.0,1.0,2,4,0.0,4,5,2,1
19070,44.0,2,999,0,1.4,94.465,-41.8,4.961,5228.1,999.0,0,1.0,0.0,1.0,1,8,0.0,5,6,1,1
19071,31.0,4,999,0,1.1,93.994,-36.4,4.857,5191.0,999.0,0,0.0,0.0,1.0,2,4,0.0,7,5,2,1
19072,32.0,1,999,0,-0.1,93.2,-42.0,4.153,5195.8,999.0,0,1.0,0.0,0.0,2,5,0.0,9,11,1,1
19073,40.0,5,999,0,1.1,93.994,-36.4,4.858,5191.0,999.0,0,1.0,1.0,1.0,2,7,0.0,6,5,1,1
19074,38.0,1,999,0,1.4,93.444,-36.1,4.968,5228.1,999.0,0,0.0,0.0,0.0,2,7,0.0,6,8,1,1
19075,58.0,3,999,0,1.1,93.994,-36.4,4.86,5191.0,999.0,0,1.0,0.0,1.0,2,6,0.0,5,5,1,1
19076,34.0,2,999,0,-1.8,92.893,-46.2,1.327,5099.1,999.0,0,0.0,0.0,0.0,2,4,0.0,4,5,1,1
19077,32.0,4,999,0,1.4,93.444,-36.1,4.968,5228.1,999.0,0,1.0,0.0,0.0,2,8,0.0,10,8,1,1
19078,50.0,3,999,0,-0.1,93.2,-42.0,4.076,5195.8,999.0,0,0.0,0.0,0.0,2,5,0.0,10,11,1,1
19079,31.0,1,999,0,1.4,94.465,-41.8,4.96,5228.1,999.0,0,1.0,1.0,1.0,2,8,0.0,5,6,2,1
19080,36.0,1,999,0,1.1,93.994,-36.4,4.856,5191.0,999.0,0,0.0,0.0,1.0,2,6,0.0,5,5,1,1
19081,31.0,1,999,0,-3.0,92.713,-33.0,0.715,5023.5,999.0,0,1.0,0.0,1.0,3,8,0.0,8,12,1,1
19082,31.0,1,999,0,1.1,93.994,-36.4,4.858,5191.0,999.0,0,1.0,1.0,1.0,1,8,0.0,6,5,1,1
19083,31.0,2,999,0,-1.8,92.893,-46.2,1.327,5099.1,999.0,0,0.0,0.0,0.0,2,8,0.0,4,5,1,1
19084,33.0,7,999,0,1.4,93.918,-42.7,4.958,5228.1,999.0,0,0.0,0.0,0.0,3,6,0.0,5,7,1,1
19085,31.0,2,999,0,1.4,94.465,-41.8,4.864,5228.1,999.0,0,0.0,1.0,1.0,2,8,0.0,7,6,1,1
19086,35.0,3,999,0,1.1,93.994,-36.4,4.858,5191.0,999.0,0,0.0,0.0,1.0,2,5,0.0,5,5,1,1
19087,26.0,7,999,0,1.4,93.918,-42.7,4.957,5228.1,999.0,0,0.0,0.0,0.0,1,5,0.0,9,7,1,1
19088,31.0,1,999,0,1.4,93.444,-36.1,4.966,5228.1,999.0,0,1.0,0.0,0.0,2,7,0.0,3,8,1,1
19089,36.0,1,999,0,1.4,93.918,-42.7,4.963,5228.1,999.0,0,0.0,1.0,0.0,2,8,0.0,4,7,1,1
19090,31.0,2,999,0,1.1,93.994,-36.4,4.857,5191.0,999.0,0,0.0,0.0,1.0,1,5,0.0,9,5,1,1
19091,29.0,3,999,0,1.1,93.994,-36.4,4.86,5191.0,999.0,0,1.0,0.0,1.0,1,8,0.0,9,5,1,1
19092,31.0,3,999,0,-1.8,92.893,-46.2,1.354,5099.1,999.0,0,1.0,1.0,0.0,2,6,0.0,9,5,2,1
19093,42.0,1,999,0,1.4,93.444,-36.1,4.964,5228.1,999.0,0,1.0,0.0,0.0,1,5,0.0,6,8,1,1
19094,34.0,1,999,1,-1.8,92.893,-46.2,1.299,5099.1,999.0,1,1.0,1.0,0.0,4,7,0.0,6,5,2,2
19095,43.0,3,999,0,1.4,94.465,-41.8,4.961,5228.1,999.0,0,1.0,0.0,1.0,2,8,0.0,6,6,2,1
19096,40.0,2,999,0,-1.8,92.893,-46.2,1.327,5099.1,999.0,0,1.0,1.0,0.0,2,8,0.0,4,5,1,1
19097,40.0,3,999,0,-1.8,92.893,-46.2,1.281,5099.1,999.0,0,1.0,0.0,0.0,1,8,0.0,4,5,1,1
19098,62.0,1,999,0,-3.4,92.379,-29.8,0.781,5017.5,999.0,0,0.0,0.0,1.0,2,7,0.0,8,9,1,1
19099,44.0,11,999,0,1.4,93.444,-36.1,4.964,5228.1,999.0,0,1.0,0.0,0.0,3,7,0.0,6,8,1,1
19100,31.0,1,999,2,-1.8,92.893,-46.2,1.313,5099.1,999.0,2,0.0,0.0,0.0,2,4,0.0,4,5,1,2
19101,32.0,1,999,0,-0.1,93.2,-42.0,4.12,5195.8,999.0,0,1.0,0.0,0.0,1,7,0.0,11,11,1,1
19102,31.0,4,999,0,-1.8,92.893,-46.2,1.266,5099.1,999.0,0,1.0,0.0,0.0,2,3,0.0,4,5,1,1
19103,31.0,3,999,0,-1.8,92.893,-46.2,1.244,5099.1,999.0,0,1.0,1.0,0.0,2,5,0.0,9,5,2,1
19104,39.0,2,16,1,-3.4,92.379,-29.8,0.819,5017.5,0.533333333333,1,1.0,0.0,0.0,2,8,0.0,7,9,1,3
19105,31.0,1,999,0,1.1,93.994,-36.4,4.857,5191.0,999.0,0,0.0,0.0,1.0,2,4,0.0,5,5,1,1
19106,54.0,2,999,0,1.1,93.994,-36.4,4.855,5191.0,999.0,0,0.0,0.0,1.0,2,8,0.0,5,5,1,1
19107,51.0,1,999,0,-0.1,93.2,-42.0,4.076,5195.8,999.0,0,0.0,0.0,0.0,3,8,0.0,6,11,1,1
19108,47.0,1,999,0,-2.9,92.963,-40.8,1.262,5076.2,999.0,0,1.0,0.0,0.0,3,5,0.0,5,6,1,1
19109,27.0,1,999,0,-1.8,92.893,-46.2,1.266,5099.1,999.0,0,1.0,0.0,0.0,1,3,0.0,4,5,1,1
19110,25.0,3,999,0,-1.8,92.893,-46.2,1.281,5099.1,999.0,0,0.0,0.0,0.0,2,4,0.0,4,5,1,1
19111,31.0,1,999,0,-1.8,92.893,-46.2,1.344,5099.1,999.0,0,1.0,0.0,0.0,1,7,0.0,6,5,1,1
19112,31.0,1,999,0,-1.8,92.893,-46.2,1.281,5099.1,999.0,0,1.0,0.0,0.0,1,7,0.0,11,5,1,1
19113,43.0,2,999,0,1.4,93.918,-42.7,4.962,5228.1,999.0,0,0.0,0.0,0.0,2,8,0.0,6,7,2,1
19114,57.0,2,999,0,1.1,93.994,-36.4,4.857,5191.0,999.0,0,0.0,0.0,1.0,2,2,0.0,4,5,2,1
19115,54.0,4,999,0,1.4,93.918,-42.7,4.961,5228.1,999.0,0,0.0,0.0,0.0,2,8,0.0,2,7,1,1
19116,45.0,10,999,0,1.4,94.465,-41.8,4.864,5228.1,999.0,0,1.0,1.0,1.0,2,8,0.0,9,6,1,1
19117,39.0,2,999,0,1.1,93.994,-36.4,4.857,5191.0,999.0,0,0.0,0.0,1.0,3,5,0.0,7,5,1,1
19118,31.0,10,999,0,1.4,93.918,-42.7,4.963,5228.1,999.0,0,1.0,1.0,0.0,2,5,0.0,10,7,1,1
19119,52.0,3,999,0,1.4,93.444,-36.1,4.963,5228.1,999.0,0,0.0,0.0,1.0,2,8,0.0,4,8,1,1
19120,61.0,3,999,0,-1.8,92.893,-46.2,1.354,5099.1,999.0,0,1.0,0.0,0.0,3,8,0.0,5,5,2,1
19121,31.0,4,3,2,-1.7,94.055,-39.8,0.723,4991.6,0.1,6,1.0,0.0,0.0,2,6,0.0,5,6,1,3
19122,30.0,1,999,0,1.4,93.444,-36.1,4.963,5228.1,999.0,0,1.0,0.0,0.0,2,8,0.0,5,8,1,1
19123,31.0,1,999,0,1.4,93.918,-42.7,4.962,5228.1,999.0,0,1.0,0.0,0.0,2,7,0.0,6,7,1,1
19124,30.0,3,999,0,-1.8,93.075,-47.1,1.405,5099.1,999.0,0,1.0,0.0,0.0,2,2,0.0,4,4,1,1
19125,33.0,3,999,0,-1.8,92.893,-46.2,1.266,5099.1,999.0,0,0.0,1.0,1.0,2,4,0.0,4,5,1,1
19126,31.0,1,999,0,1.4,94.465,-41.8,4.961,5228.1,999.0,0,1.0,0.0,1.0,2,8,0.0,3,6,2,1
19127,30.0,2,999,0,1.4,94.465,-41.8,4.959,5228.1,999.0,0,1.0,0.0,1.0,1,8,0.0,9,6,1,1
19128,31.0,1,999,0,1.4,93.918,-42.7,4.962,5228.1,999.0,0,0.0,0.0,0.0,2,8,0.0,3,7,1,1
19129,46.0,1,999,0,-0.1,93.2,-42.0,4.021,5195.8,999.0,0,1.0,0.0,0.0,3,8,0.0,5,11,1,1
19130,31.0,2,999,0,1.1,93.994,-36.4,4.86,5191.0,999.0,0,1.0,0.0,1.0,2,8,0.0,6,5,1,1
19131,52.0,1,999,0,1.1,93.994,-36.4,4.857,5191.0,999.0,0,0.0,0.0,1.0,2,7,0.0,3,5,1,1
19132,31.0,1,999,0,1.1,93.994,-36.4,4.857,5191.0,999.0,0,1.0,1.0,1.0,2,4,0.0,1,5,1,1
19133,41.0,2,999,0,1.4,94.465,-41.8,4.958,5228.1,999.0,0,1.0,0.0,1.0,2,6,0.0,6,6,1,1
19134,45.0,1,999,0,1.1,93.994,-36.4,4.86,5191.0,999.0,0,1.0,0.0,1.0,3,8,0.0,9,5,1,1
19135,26.0,2,999,0,1.4,93.918,-42.7,4.958,5228.1,999.0,0,0.0,0.0,0.0,1,5,0.0,5,7,1,1
19136,31.0,2,999,0,-1.8,93.075,-47.1,1.405,5099.1,999.0,0,1.0,0.0,0.0,2,3,0.0,4,4,1,1
19137,47.0,2,999,0,1.1,93.994,-36.4,4.859,5191.0,999.0,0,0.0,1.0,1.0,2,3,0.0,4,5,1,1
19138,31.0,9,999,0,1.4,94.465,-41.8,4.961,5228.1,999.0,0,1.0,0.0,1.0,3,8,0.0,6,6,1,1
19139,47.0,1,999,0,1.1,93.994,-36.4,4.857,5191.0,999.0,0,0.0,0.0,1.0,3,8,0.0,6,5,1,1
19140,31.0,3,999,0,-0.1,93.2,-42.0,4.076,5195.8,999.0,0,0.0,0.0,0.0,2,6,0.0,5,11,1,1
19141,43.0,1,999,0,1.4,94.465,-41.8,4.864,5228.1,999.0,0,0.0,0.0,1.0,2,4,0.0,8,6,1,1
19142,30.0,4,999,0,1.1,93.994,-36.4,4.859,5191.0,999.0,0,1.0,0.0,1.0,2,7,0.0,6,5,1,1
19143,58.0,1,999,0,-1.8,92.893,-46.2,1.281,5099.1,999.0,0,1.0,0.0,0.0,2,8,0.0,2,5,1,1
19144,51.0,1,999,0,-1.8,92.893,-46.2,1.25,5099.1,999.0,0,1.0,0.0,0.0,2,4,0.0,4,5,1,1
19145,31.0,1,999,0,-0.1,93.2,-42.0,4.076,5195.8,999.0,0,0.0,0.0,0.0,2,8,0.0,6,11,1,1
19146,46.0,1,999,0,1.1,93.994,-36.4,4.857,5191.0,999.0,0,1.0,1.0,1.0,2,4,0.0,1,5,2,1
19147,31.0,3,999,1,-1.8,92.893,-46.2,1.299,5099.1,999.0,3,0.0,0.0,0.0,3,7,0.0,6,5,2,2
19148,45.0,2,999,0,-0.1,93.2,-42.0,4.021,5195.8,999.0,0,0.0,0.0,0.0,1,6,0.0,1,11,1,1
19149,33.0,2,999,0,-0.1,93.2,-42.0,4.12,5195.8,999.0,0,0.0,0.0,0.0,2,5,0.0,9,11,1,1
19150,31.0,2,999,1,-0.1,93.2,-42.0,4.12,5195.8,999.0,2,1.0,0.0,0.0,2,8,0.0,6,11,1,2
19151,40.0,3,999,0,1.4,93.918,-42.7,4.962,5228.1,999.0,0,1.0,0.0,0.0,2,8,0.0,4,7,2,1
19152,60.0,2,999,0,-1.8,92.893,-46.2,1.313,5099.1,999.0,0,0.0,0.0,0.0,2,8,0.0,3,5,1,1
19153,29.0,7,999,0,1.4,93.918,-42.7,4.968,5228.1,999.0,0,0.0,0.0,0.0,2,7,0.0,5,7,1,1
19154,43.0,1,999,0,1.4,94.465,-41.8,4.961,5228.1,999.0,0,1.0,0.0,1.0,2,4,0.0,4,6,1,1
19155,35.0,4,999,0,1.4,94.465,-41.8,4.947,5228.1,999.0,0,1.0,0.0,1.0,2,5,0.0,6,6,1,1
19156,32.0,5,999,0,-1.8,92.893,-46.2,1.25,5099.1,999.0,0,0.0,1.0,1.0,2,6,0.0,1,5,1,1
19157,31.0,1,999,0,1.4,93.918,-42.7,4.962,5228.1,999.0,0,1.0,0.0,0.0,1,8,0.0,6,7,1,1
19158,32.0,1,999,0,1.4,93.918,-42.7,4.961,5228.1,999.0,0,0.0,0.0,0.0,2,3,0.0,4,7,1,1
19159,53.0,6,999,0,1.1,93.994,-36.4,4.857,5191.0,999.0,0,1.0,0.0,1.0,2,7,0.0,6,5,1,1
19160,54.0,3,7,2,-3.4,92.649,-30.1,0.715,5017.5,0.233333333333,2,0.0,0.0,0.0,2,4,0.0,5,11,1,2
19161,31.0,2,999,0,1.4,93.918,-42.7,4.962,5228.1,999.0,0,0.0,1.0,0.0,3,4,0.0,4,7,2,1
19162,48.0,1,999,0,-1.8,92.893,-46.2,1.244,5099.1,999.0,0,1.0,0.0,0.0,2,5,0.0,9,5,2,1
19163,43.0,1,999,0,1.4,94.465,-41.8,4.96,5228.1,999.0,0,1.0,0.0,1.0,2,3,0.0,4,6,1,1
19164,31.0,1,999,0,1.1,93.994,-36.4,4.859,5191.0,999.0,0,0.0,0.0,1.0,3,8,0.0,4,5,1,1
19165,40.0,1,999,1,-0.1,93.2,-42.0,4.191,5195.8,999.0,3,0.0,0.0,0.0,2,8,0.0,4,11,2,2
19166,34.0,1,999,0,-1.8,93.075,-47.1,1.41,5099.1,999.0,0,1.0,1.0,0.0,2,8,0.0,5,4,1,1
19167,54.0,2,999,0,1.4,93.918,-42.7,4.968,5228.1,999.0,0,1.0,0.0,0.0,2,8,0.0,4,7,1,1
19168,31.0,1,999,0,1.4,93.444,-36.1,4.965,5228.1,999.0,0,0.0,1.0,0.0,2,4,0.0,8,8,2,1
19169,30.0,4,999,0,1.1,93.994,-36.4,4.856,5191.0,999.0,0,1.0,0.0,1.0,2,8,0.0,9,5,1,1
19170,31.0,7,999,0,1.4,93.444,-36.1,4.963,5228.1,999.0,0,1.0,0.0,0.0,2,7,0.0,7,8,2,1
19171,33.0,3,999,0,1.1,93.994,-36.4,4.857,5191.0,999.0,0,0.0,0.0,1.0,2,7,0.0,3,5,2,1
19172,31.0,3,999,0,1.1,93.994,-36.4,4.856,5191.0,999.0,0,1.0,0.0,1.0,2,8,0.0,4,5,1,1
19173,33.0,6,999,0,1.4,93.444,-36.1,4.965,5228.1,999.0,0,1.0,0.0,0.0,1,7,0.0,6,8,2,1
19174,43.0,3,999,0,1.1,93.994,-36.4,4.856,5191.0,999.0,0,1.0,0.0,1.0,2,5,0.0,6,5,1,1
19175,30.0,1,999,0,1.1,93.994,-36.4,4.856,5191.0,999.0,0,0.0,0.0,1.0,1,8,0.0,6,5,1,1
19176,31.0,3,999,0,1.4,94.465,-41.8,4.959,5228.1,999.0,0,1.0,0.0,1.0,2,8,0.0,8,6,1,1
19177,29.0,2,999,2,-1.8,93.876,-40.0,0.699,5008.7,999.0,0,0.0,0.0,0.0,2,6,0.0,5,5,1,2
19178,28.0,3,999,0,1.4,93.918,-42.7,4.962,5228.1,999.0,0,0.0,0.0,0.0,1,5,0.0,6,7,2,1
19179,31.0,2,999,1,-1.8,93.075,-47.1,1.41,5099.1,999.0,5,1.0,0.0,0.0,2,8,0.0,4,4,1,2
19180,44.0,1,999,0,-1.8,92.893,-46.2,1.334,5099.1,999.0,0,1.0,0.0,0.0,2,5,0.0,6,5,1,1
19181,46.0,3,999,0,1.4,93.444,-36.1,4.965,5228.1,999.0,0,1.0,0.0,0.0,2,8,0.0,5,8,1,1
19182,22.0,1,999,0,-1.7,94.027,-38.3,0.889,4991.6,999.0,0,0.0,0.0,1.0,1,8,0.0,11,8,1,1
19183,31.0,2,999,0,1.4,94.465,-41.8,4.959,5228.1,999.0,0,1.0,1.0,1.0,2,5,0.0,2,6,1,1
19184,31.0,1,999,0,-1.8,93.876,-40.0,0.683,5008.7,999.0,0,1.0,0.0,1.0,1,7,0.0,3,5,1,1
19185,42.0,4,999,0,1.1,93.994,-36.4,4.859,5191.0,999.0,0,0.0,0.0,1.0,3,7,0.0,6,5,1,1
19186,30.0,1,999,0,1.4,94.465,-41.8,4.864,5228.1,999.0,0,1.0,0.0,1.0,1,2,0.0,4,6,1,1
19187,33.0,1,999,1,-1.8,92.893,-46.2,1.299,5099.1,999.0,2,1.0,1.0,0.0,2,8,0.0,6,5,2,2
19188,36.0,3,999,0,1.4,94.465,-41.8,4.959,5228.1,999.0,0,1.0,0.0,1.0,2,8,0.0,6,6,1,1
19189,25.0,5,999,0,-1.8,92.893,-46.2,1.354,5099.1,999.0,0,1.0,0.0,0.0,1,7,0.0,3,5,1,1
19190,32.0,1,999,0,-3.4,92.649,-30.1,0.714,5017.5,999.0,0,1.0,0.0,0.0,2,7,0.0,5,11,2,1
19191,31.0,1,999,0,-0.1,93.2,-42.0,4.076,5195.8,999.0,0,1.0,0.0,0.0,1,5,0.0,4,11,1,1
19192,32.0,1,999,0,1.1,93.994,-36.4,4.857,5191.0,999.0,0,1.0,1.0,1.0,1,7,0.0,6,5,1,1
19193,31.0,9,999,0,-1.8,92.893,-46.2,1.334,5099.1,999.0,0,1.0,0.0,0.0,2,8,0.0,4,5,1,1
19194,31.0,1,999,0,1.1,93.994,-36.4,4.857,5191.0,999.0,0,1.0,0.0,1.0,3,4,0.0,4,5,1,1
19195,31.0,2,999,0,1.4,93.918,-42.7,4.962,5228.1,999.0,0,0.0,0.0,0.0,1,7,0.0,5,7,1,1
19196,33.0,2,999,0,-0.1,93.2,-42.0,4.076,5195.8,999.0,0,1.0,1.0,0.0,2,7,0.0,7,11,1,1
19197,27.0,1,999,0,-3.0,92.713,-33.0,0.708,5023.5,999.0,0,1.0,0.0,0.0,1,8,0.0,11,12,1,1
19198,31.0,4,999,0,1.4,93.444,-36.1,4.965,5228.1,999.0,0,1.0,0.0,0.0,2,8,0.0,6,8,1,1
19199,51.0,2,999,0,1.1,93.994,-36.4,4.856,5191.0,999.0,0,1.0,0.0,1.0,2,6,0.0,5,5,1,1
19200,31.0,1,999,0,-0.1,93.2,-42.0,4.191,5195.8,999.0,0,0.0,1.0,0.0,2,8,0.0,9,11,2,1
19201,31.0,3,999,0,-1.8,92.893,-46.2,1.266,5099.1,999.0,0,0.0,1.0,0.0,1,7,0.0,6,5,1,1
19202,31.0,6,999,0,1.4,93.918,-42.7,4.957,5228.1,999.0,0,0.0,0.0,0.0,2,8,0.0,7,7,1,1
19203,34.0,2,999,0,1.1,93.994,-36.4,4.857,5191.0,999.0,0,0.0,1.0,1.0,2,8,0.0,6,5,1,1
19204,45.0,1,999,0,1.4,94.465,-41.8,4.961,5228.1,999.0,0,1.0,1.0,1.0,2,4,0.0,4,6,1,1
19205,47.0,3,999,0,1.4,94.465,-41.8,4.96,5228.1,999.0,0,1.0,0.0,1.0,2,8,0.0,7,6,2,1
19206,32.0,3,999,0,1.4,93.444,-36.1,4.962,5228.1,999.0,0,0.0,0.0,0.0,1,7,0.0,5,8,1,1
19207,39.0,5,999,0,1.4,93.918,-42.7,4.966,5228.1,999.0,0,0.0,1.0,1.0,2,4,0.0,4,7,1,1
19208,31.0,3,999,0,-2.9,92.201,-31.4,0.883,5076.2,999.0,0,1.0,0.0,0.0,1,8,0.0,5,8,1,1
19209,31.0,2,999,0,-1.8,93.075,-47.1,1.406,5099.1,999.0,0,1.0,0.0,0.0,1,7,0.0,6,4,1,1
19210,34.0,1,999,0,-1.7,94.055,-39.8,0.702,4991.6,999.0,0,0.0,0.0,1.0,2,4,0.0,4,6,1,1
19211,32.0,1,999,0,1.1,93.994,-36.4,4.859,5191.0,999.0,0,0.0,0.0,1.0,2,4,0.0,4,5,1,1
19212,38.0,1,999,0,-2.9,92.963,-40.8,1.26,5076.2,999.0,0,0.0,0.0,0.0,1,6,0.0,5,6,1,1
19213,36.0,2,999,0,1.4,93.918,-42.7,4.968,5228.1,999.0,0,0.0,0.0,0.0,2,8,0.0,4,7,1,1
19214,31.0,4,999,0,1.1,93.994,-36.4,4.857,5191.0,999.0,0,1.0,0.0,1.0,1,8,0.0,4,5,2,1
19215,52.0,3,999,0,1.1,93.994,-36.4,4.857,5191.0,999.0,0,0.0,1.0,1.0,2,6,0.0,4,5,1,1
19216,46.0,3,999,1,-1.8,93.075,-47.1,1.466,5099.1,999.0,2,1.0,0.0,1.0,2,8,0.0,4,4,2,2
19217,45.0,1,999,0,1.1,93.994,-36.4,4.857,5191.0,999.0,0,1.0,0.0,1.0,2,5,0.0,9,5,2,1
19218,31.0,1,999,1,-1.8,92.893,-46.2,1.25,5099.1,999.0,5,0.0,0.0,0.0,3,7,0.0,6,5,1,2
19219,31.0,1,999,1,-1.8,92.893,-46.2,1.25,5099.1,999.0,2,1.0,0.0,1.0,2,8,0.0,9,5,1,2
19220,31.0,6,999,0,1.4,93.918,-42.7,4.962,5228.1,999.0,0,0.0,0.0,1.0,2,6,0.0,5,7,1,1
19221,29.0,6,999,0,1.4,93.918,-42.7,4.957,5228.1,999.0,0,0.0,0.0,0.0,1,7,0.0,6,7,1,1
19222,30.0,8,999,1,-1.8,92.893,-46.2,1.25,5099.1,999.0,0,0.0,0.0,0.0,1,8,0.0,8,5,1,2
19223,31.0,1,999,0,1.4,93.918,-42.7,4.959,5228.1,999.0,0,0.0,0.0,0.0,2,8,0.0,4,7,1,1
19224,33.0,2,999,0,1.4,93.918,-42.7,4.962,5228.1,999.0,0,0.0,0.0,1.0,2,8,0.0,4,7,1,1
19225,31.0,5,999,0,1.1,93.994,-36.4,4.86,5191.0,999.0,0,1.0,0.0,1.0,2,7,0.0,6,5,1,1
19226,37.0,1,999,1,-1.8,92.893,-46.2,1.291,5099.1,999.0,2,1.0,0.0,0.0,1,7,0.0,5,5,1,2
19227,38.0,1,13,1,-3.4,92.649,-30.1,0.714,5017.5,0.433333333333,2,0.0,0.0,1.0,2,7,0.0,6,11,1,3
19228,40.0,3,999,0,-1.8,92.893,-46.2,1.344,5099.1,999.0,0,1.0,0.0,0.0,1,5,0.0,6,5,1,1
19229,37.0,4,999,1,-1.8,92.893,-46.2,1.354,5099.1,999.0,2,1.0,0.0,0.0,1,8,0.0,5,5,2,2
19230,30.0,26,999,0,1.4,93.918,-42.7,4.962,5228.1,999.0,0,0.0,0.0,0.0,2,5,0.0,5,7,1,1
19231,34.0,1,999,0,1.1,93.994,-36.4,4.857,5191.0,999.0,0,0.0,0.0,1.0,2,7,0.0,5,5,1,1
19232,31.0,2,999,0,1.4,93.918,-42.7,4.963,5228.1,999.0,0,1.0,0.0,0.0,2,7,0.0,10,7,1,1
19233,58.0,2,999,0,1.4,93.918,-42.7,4.962,5228.1,999.0,0,0.0,0.0,0.0,2,7,0.0,3,7,2,1
19234,45.0,1,999,0,-0.1,93.2,-42.0,4.12,5195.8,999.0,0,1.0,1.0,0.0,2,8,0.0,4,11,1,1
19235,21.0,1,999,0,-3.4,92.431,-26.9,0.73,5017.5,999.0,0,1.0,0.0,0.0,1,5,0.0,11,10,1,1
19236,54.0,1,999,0,1.1,93.994,-36.4,4.864,5191.0,999.0,0,1.0,1.0,1.0,2,8,0.0,6,5,1,1
19237,33.0,2,999,0,1.4,93.444,-36.1,4.97,5228.1,999.0,0,0.0,0.0,0.0,3,6,0.0,5,8,2,1
19238,31.0,4,999,0,-1.8,92.893,-46.2,1.344,5099.1,999.0,0,1.0,1.0,0.0,2,3,0.0,4,5,1,1
19239,47.0,1,999,0,1.1,93.994,-36.4,4.857,5191.0,999.0,0,1.0,0.0,1.0,2,5,0.0,4,5,1,1
19240,31.0,2,999,0,1.4,93.444,-36.1,4.964,5228.1,999.0,0,1.0,0.0,0.0,1,7,0.0,5,8,1,1
19241,39.0,1,999,0,1.1,93.994,-36.4,4.855,5191.0,999.0,0,1.0,0.0,1.0,3,6,0.0,5,5,1,1
19242,31.0,2,999,1,-1.8,92.893,-46.2,1.266,5099.1,999.0,6,1.0,0.0,0.0,1,5,0.0,9,5,1,2
19243,33.0,3,999,0,-2.9,92.963,-40.8,1.262,5076.2,999.0,0,1.0,0.0,0.0,1,7,0.0,6,6,1,1
19244,31.0,4,999,0,1.4,93.444,-36.1,4.965,5228.1,999.0,0,0.0,0.0,0.0,2,8,0.0,6,8,1,1
19245,57.0,1,999,0,1.4,93.918,-42.7,4.962,5228.1,999.0,0,0.0,0.0,0.0,2,7,0.0,3,7,1,1
19246,31.0,5,999,0,1.4,94.465,-41.8,4.959,5228.1,999.0,0,0.0,0.0,1.0,2,8,0.0,3,6,1,1
19247,31.0,2,999,0,1.4,93.444,-36.1,4.963,5228.1,999.0,0,1.0,0.0,0.0,3,7,0.0,6,8,2,1
19248,32.0,2,999,0,-0.1,93.2,-42.0,4.076,5195.8,999.0,0,0.0,0.0,0.0,1,7,0.0,11,11,1,1
19249,31.0,2,999,0,1.1,93.994,-36.4,4.856,5191.0,999.0,0,0.0,0.0,1.0,1,7,0.0,6,5,1,1
19250,33.0,2,999,0,1.4,93.444,-36.1,4.964,5228.1,999.0,0,0.0,1.0,0.0,2,8,0.0,5,8,1,1
19251,52.0,1,999,1,-1.8,93.075,-47.1,1.41,5099.1,999.0,3,0.0,0.0,0.0,2,8,0.0,8,4,1,2
19252,46.0,2,999,0,-1.8,92.893,-46.2,1.313,5099.1,999.0,0,0.0,0.0,0.0,2,6,0.0,5,5,1,1
19253,31.0,3,999,1,-1.8,93.075,-47.1,1.405,5099.1,999.0,3,0.0,0.0,0.0,2,8,0.0,1,4,2,2
19254,28.0,2,999,0,-2.9,92.963,-40.8,1.26,5076.2,999.0,0,0.0,0.0,0.0,1,8,0.0,6,6,2,1
19255,31.0,3,999,1,-1.8,92.893,-46.2,1.291,5099.1,999.0,1,1.0,1.0,0.0,1,8,0.0,9,5,1,2
19256,31.0,2,999,0,1.4,93.444,-36.1,4.967,5228.1,999.0,0,1.0,1.0,0.0,2,7,0.0,3,8,1,1
19257,37.0,3,999,1,-1.8,93.075,-47.1,1.405,5099.1,999.0,1,1.0,0.0,0.0,1,6,0.0,9,4,2,2
19258,30.0,2,999,0,-3.4,92.431,-26.9,0.742,5017.5,999.0,0,0.0,0.0,0.0,2,7,0.0,3,10,1,1
19259,31.0,4,999,0,1.4,93.918,-42.7,4.961,5228.1,999.0,0,1.0,0.0,0.0,1,8,0.0,4,7,1,1
19260,41.0,8,999,0,1.4,93.918,-42.7,4.957,5228.1,999.0,0,0.0,0.0,0.0,2,4,0.0,1,7,1,1
19261,24.0,4,999,0,1.4,93.918,-42.7,4.961,5228.1,999.0,0,1.0,1.0,0.0,1,5,0.0,6,7,1,1
19262,50.0,1,999,0,1.4,93.444,-36.1,4.965,5228.1,999.0,0,1.0,0.0,0.0,2,7,0.0,6,8,1,1
19263,31.0,1,999,0,-0.1,93.2,-42.0,4.191,5195.8,999.0,0,1.0,1.0,0.0,2,7,0.0,3,11,2,1
19264,92.0,1,3,4,-1.7,94.027,-38.3,0.903,4991.6,0.1,20,0.0,1.0,0.0,2,8,0.0,8,8,1,3
19265,29.0,8,999,0,-1.8,92.893,-46.2,1.281,5099.1,999.0,0,0.0,0.0,1.0,2,8,0.0,4,5,1,1
19266,29.0,1,999,0,1.4,93.444,-36.1,4.965,5228.1,999.0,0,1.0,0.0,0.0,2,7,0.0,5,8,2,1
19267,49.0,2,999,0,1.4,93.918,-42.7,4.958,5228.1,999.0,0,0.0,0.0,0.0,2,8,0.0,1,7,1,1
19268,33.0,2,999,0,-2.9,92.963,-40.8,1.26,5076.2,999.0,0,1.0,0.0,0.0,1,8,0.0,6,6,1,1
19269,61.0,1,999,0,-1.1,94.601,-49.5,0.972,4963.6,999.0,0,0.0,0.0,1.0,2,2,0.0,8,10,1,1
19270,50.0,1,999,0,-1.1,94.767,-50.8,1.05,4963.6,999.0,0,1.0,0.0,0.0,3,6,0.0,4,11,2,1
19271,31.0,1,999,1,-2.9,92.963,-40.8,1.262,5076.2,999.0,1,0.0,0.0,0.0,1,8,0.0,12,6,1,2
19272,59.0,2,999,0,1.4,93.444,-36.1,4.968,5228.1,999.0,0,1.0,1.0,1.0,2,5,0.0,8,8,1,1
19273,26.0,2,999,0,-1.8,92.893,-46.2,1.244,5099.1,999.0,0,1.0,0.0,0.0,1,5,0.0,11,5,2,1
19274,46.0,1,999,1,-1.7,94.027,-38.3,0.904,4991.6,999.0,6,0.0,0.0,0.0,2,8,0.0,5,8,1,2
19275,30.0,2,999,0,1.4,93.918,-42.7,4.958,5228.1,999.0,0,0.0,0.0,0.0,2,8,0.0,5,7,1,1
19276,51.0,1,999,0,-0.1,93.2,-42.0,4.191,5195.8,999.0,0,1.0,0.0,0.0,3,5,0.0,5,11,2,1
19277,45.0,1,999,0,1.4,93.918,-42.7,4.968,5228.1,999.0,0,1.0,0.0,0.0,2,7,0.0,3,7,1,1
19278,35.0,9,999,0,1.1,93.994,-36.4,4.859,5191.0,999.0,0,1.0,0.0,1.0,2,8,0.0,10,5,1,1
19279,31.0,1,999,0,-0.1,93.2,-42.0,4.12,5195.8,999.0,0,1.0,0.0,0.0,2,7,0.0,6,11,1,1
19280,37.0,1,999,0,1.4,94.465,-41.8,4.961,5228.1,999.0,0,1.0,0.0,1.0,1,7,0.0,6,6,2,1
19281,36.0,1,999,2,-2.9,92.201,-31.4,0.879,5076.2,999.0,2,1.0,0.0,0.0,1,8,0.0,6,8,1,2
19282,59.0,1,999,0,1.4,94.465,-41.8,4.962,5228.1,999.0,0,1.0,0.0,1.0,2,4,0.0,8,6,1,1
19283,31.0,5,999,0,1.1,93.994,-36.4,4.86,5191.0,999.0,0,0.0,1.0,1.0,2,2,0.0,2,5,1,1
19284,36.0,12,999,0,1.4,93.918,-42.7,4.968,5228.1,999.0,0,0.0,1.0,0.0,2,5,0.0,6,7,1,1
19285,54.0,6,999,0,1.4,93.918,-42.7,4.961,5228.1,999.0,0,0.0,1.0,0.0,3,5,0.0,7,7,1,1
19286,31.0,1,999,0,-1.1,94.601,-49.5,0.982,4963.6,999.0,0,0.0,0.0,1.0,1,8,0.0,4,10,1,1
19287,51.0,15,999,0,1.4,93.918,-42.7,4.962,5228.1,999.0,0,1.0,0.0,0.0,2,8,0.0,7,7,1,1
19288,48.0,1,999,0,1.1,93.994,-36.4,4.857,5191.0,999.0,0,1.0,1.0,1.0,2,6,0.0,4,5,1,1
19289,47.0,3,999,0,1.4,93.444,-36.1,4.963,5228.1,999.0,0,1.0,0.0,0.0,1,6,0.0,5,8,1,1
19290,31.0,2,999,0,-1.8,92.893,-46.2,1.25,5099.1,999.0,0,1.0,0.0,0.0,1,8,0.0,6,5,1,1
19291,31.0,1,999,0,-3.4,92.431,-26.9,0.742,5017.5,999.0,0,1.0,0.0,0.0,2,8,0.0,6,10,1,1
19292,31.0,3,999,0,1.1,93.994,-36.4,4.856,5191.0,999.0,0,0.0,0.0,1.0,1,4,0.0,4,5,1,1
19293,32.0,3,999,0,1.4,93.444,-36.1,4.966,5228.1,999.0,0,1.0,0.0,0.0,1,6,0.0,5,8,1,1
19294,40.0,18,999,0,1.4,94.465,-41.8,4.959,5228.1,999.0,0,0.0,0.0,1.0,2,6,0.0,1,6,1,1
19295,30.0,4,999,0,1.4,93.918,-42.7,4.96,5228.1,999.0,0,1.0,0.0,0.0,1,4,0.0,4,7,1,1
19296,30.0,3,999,0,-1.8,92.893,-46.2,1.25,5099.1,999.0,0,0.0,0.0,1.0,1,8,0.0,6,5,1,1
19297,37.0,3,999,0,1.4,93.918,-42.7,4.957,5228.1,999.0,0,0.0,1.0,0.0,2,8,0.0,5,7,1,1
19298,31.0,6,999,0,1.4,93.918,-42.7,4.962,5228.1,999.0,0,1.0,0.0,0.0,2,8,0.0,5,7,1,1
19299,44.0,2,999,0,-0.1,93.2,-42.0,4.191,5195.8,999.0,0,1.0,0.0,0.0,2,5,0.0,3,11,2,1
19300,30.0,1,999,0,-0.1,93.2,-42.0,4.12,5195.8,999.0,0,0.0,0.0,0.0,3,5,0.0,6,11,1,1
19301,48.0,5,999,0,1.4,93.918,-42.7,4.968,5228.1,999.0,0,1.0,0.0,0.0,2,6,0.0,4,7,1,1
19302,52.0,4,999,0,1.4,93.918,-42.7,4.961,5228.1,999.0,0,1.0,0.0,0.0,2,7,0.0,6,7,1,1
19303,31.0,1,999,0,1.1,93.994,-36.4,4.857,5191.0,999.0,0,0.0,0.0,1.0,3,5,0.0,6,5,2,1
19304,28.0,4,999,0,1.1,93.994,-36.4,4.855,5191.0,999.0,0,1.0,0.0,1.0,1,6,0.0,5,5,1,1
19305,33.0,11,999,0,1.4,93.918,-42.7,4.962,5228.1,999.0,0,1.0,0.0,0.0,2,3,0.0,4,7,1,1
19306,28.0,1,22,1,-1.7,94.055,-39.8,0.729,4991.6,0.733333333333,3,1.0,0.0,0.0,1,7,0.0,3,6,1,3
19307,39.0,1,999,0,1.4,93.918,-42.7,4.963,5228.1,999.0,0,1.0,1.0,0.0,1,7,0.0,6,7,1,1
19308,34.0,1,999,0,-1.8,92.893,-46.2,1.299,5099.1,999.0,0,0.0,0.0,0.0,2,4,0.0,5,5,2,1
19309,39.0,3,999,0,1.4,93.918,-42.7,4.962,5228.1,999.0,0,1.0,0.0,0.0,1,7,0.0,6,7,1,1
19310,29.0,1,999,0,1.1,93.994,-36.4,4.855,5191.0,999.0,0,0.0,0.0,1.0,2,5,0.0,4,5,1,1
19311,40.0,2,999,0,-2.9,92.963,-40.8,1.26,5076.2,999.0,0,0.0,0.0,0.0,3,6,0.0,4,6,1,1
19312,31.0,1,999,0,1.4,94.465,-41.8,4.866,5228.1,999.0,0,0.0,0.0,1.0,2,8,0.0,12,6,1,1
19313,36.0,1,999,0,-1.8,92.893,-46.2,1.344,5099.1,999.0,0,0.0,0.0,0.0,2,4,0.0,4,5,1,1
19314,42.0,1,999,0,-0.1,93.2,-42.0,4.076,5195.8,999.0,0,0.0,1.0,1.0,2,5,0.0,5,11,1,1
19315,44.0,2,999,0,1.4,93.918,-42.7,4.962,5228.1,999.0,0,1.0,0.0,0.0,2,7,0.0,6,7,1,1
19316,32.0,2,999,1,-1.8,92.893,-46.2,1.244,5099.1,999.0,1,0.0,1.0,0.0,2,7,0.0,1,5,1,2
19317,37.0,10,999,0,-1.8,92.893,-46.2,1.281,5099.1,999.0,0,1.0,1.0,1.0,3,6,0.0,5,5,1,1
19318,23.0,11,999,0,-1.8,92.893,-46.2,1.266,5099.1,999.0,0,0.0,0.0,0.0,1,4,0.0,1,5,1,1
19319,31.0,7,999,0,1.4,93.444,-36.1,4.964,5228.1,999.0,0,0.0,0.0,0.0,3,6,0.0,5,8,1,1
19320,38.0,1,999,0,1.1,93.994,-36.4,4.856,5191.0,999.0,0,0.0,0.0,1.0,1,7,0.0,5,5,1,1
19321,31.0,1,999,1,-0.1,93.2,-42.0,4.153,5195.8,999.0,3,1.0,1.0,0.0,2,6,0.0,4,11,1,2
19322,36.0,2,999,0,-0.1,93.2,-42.0,4.153,5195.8,999.0,0,1.0,0.0,0.0,2,5,0.0,6,11,1,1
19323,31.0,2,999,0,1.4,93.444,-36.1,4.966,5228.1,999.0,0,0.0,0.0,0.0,2,7,0.0,10,8,1,1
19324,37.0,5,999,0,1.4,93.918,-42.7,4.957,5228.1,999.0,0,0.0,0.0,0.0,1,6,0.0,7,7,1,1
19325,31.0,3,999,0,1.1,93.994,-36.4,4.856,5191.0,999.0,0,0.0,0.0,1.0,1,5,0.0,6,5,1,1
19326,30.0,1,7,1,-2.9,92.963,-40.8,1.26,5076.2,0.233333333333,3,1.0,1.0,0.0,1,8,0.0,6,6,1,3
19327,31.0,3,999,0,1.4,93.918,-42.7,4.957,5228.1,999.0,0,1.0,1.0,0.0,3,8,0.0,9,7,1,1
19328,27.0,1,999,0,1.1,93.994,-36.4,4.859,5191.0,999.0,0,1.0,0.0,1.0,1,5,0.0,6,5,1,1
19329,27.0,1,999,0,1.1,93.994,-36.4,4.857,5191.0,999.0,0,1.0,0.0,1.0,2,5,0.0,9,5,1,1
19330,49.0,1,999,0,1.4,93.918,-42.7,4.957,5228.1,999.0,0,0.0,0.0,0.0,3,8,0.0,4,7,1,1
19331,34.0,3,999,0,1.4,93.444,-36.1,4.964,5228.1,999.0,0,1.0,0.0,0.0,2,7,0.0,6,8,1,1
19332,29.0,1,999,2,-3.4,92.431,-26.9,0.739,5017.5,999.0,0,0.0,0.0,0.0,1,7,0.0,3,10,1,2
19333,28.0,1,999,0,-1.8,93.075,-47.1,1.405,5099.1,999.0,0,1.0,0.0,0.0,1,7,0.0,1,4,2,1
19334,39.0,1,999,0,-0.1,93.2,-42.0,4.153,5195.8,999.0,0,1.0,0.0,0.0,2,8,0.0,1,11,1,1
19335,26.0,3,999,0,1.4,93.918,-42.7,4.963,5228.1,999.0,0,1.0,0.0,0.0,1,8,0.0,9,7,1,1
19336,32.0,3,999,2,-1.1,94.199,-37.5,0.884,4963.6,999.0,4,0.0,0.0,0.0,1,7,0.0,9,9,1,2
19337,26.0,5,999,0,1.4,93.918,-42.7,4.958,5228.1,999.0,0,0.0,0.0,0.0,2,5,0.0,6,7,1,1
19338,31.0,1,999,0,1.4,93.918,-42.7,4.966,5228.1,999.0,0,1.0,0.0,1.0,2,4,0.0,6,7,1,1
19339,58.0,1,999,0,1.4,94.465,-41.8,4.967,5228.1,999.0,0,1.0,1.0,1.0,2,2,0.0,9,6,1,1
19340,39.0,2,999,0,-1.8,93.075,-47.1,1.405,5099.1,999.0,0,0.0,0.0,0.0,2,8,0.0,6,4,1,1
19341,31.0,1,999,0,-1.8,93.075,-47.1,1.405,5099.1,999.0,0,1.0,0.0,0.0,1,7,0.0,1,4,2,1
19342,31.0,2,999,0,1.4,93.918,-42.7,4.957,5228.1,999.0,0,1.0,0.0,0.0,2,7,0.0,5,7,1,1
19343,29.0,6,999,0,1.4,93.918,-42.7,4.957,5228.1,999.0,0,1.0,1.0,0.0,1,8,0.0,6,7,1,1
19344,44.0,1,999,0,1.4,93.918,-42.7,4.962,5228.1,999.0,0,1.0,0.0,0.0,2,8,0.0,4,7,1,1
19345,51.0,1,999,1,-1.8,92.893,-46.2,1.291,5099.1,999.0,1,1.0,0.0,0.0,2,3,0.0,4,5,1,2
19346,31.0,1,999,0,-0.1,93.2,-42.0,4.153,5195.8,999.0,0,0.0,0.0,0.0,1,7,0.0,3,11,1,1
19347,29.0,1,999,0,1.1,93.994,-36.4,4.859,5191.0,999.0,0,0.0,0.0,1.0,3,5,0.0,9,5,1,1
19348,29.0,2,999,0,1.1,93.994,-36.4,4.857,5191.0,999.0,0,0.0,0.0,1.0,1,7,0.0,6,5,1,1
19349,31.0,1,999,0,1.4,93.918,-42.7,4.961,5228.1,999.0,0,1.0,0.0,0.0,1,2,0.0,4,7,1,1
19350,48.0,2,999,0,-1.1,94.199,-37.5,0.879,4963.6,999.0,0,1.0,0.0,0.0,2,6,0.0,10,9,2,1
19351,30.0,1,999,1,-1.8,93.075,-47.1,1.435,5099.1,999.0,1,1.0,0.0,0.0,1,8,0.0,1,4,1,2
19352,41.0,1,999,0,1.4,93.918,-42.7,4.962,5228.1,999.0,0,0.0,0.0,0.0,1,7,0.0,6,7,1,1
19353,33.0,1,999,0,-2.9,92.201,-31.4,0.883,5076.2,999.0,0,1.0,1.0,0.0,1,8,0.0,11,8,1,1
19354,45.0,3,999,0,-1.8,92.893,-46.2,1.27,5099.1,999.0,0,1.0,1.0,0.0,2,5,0.0,9,5,1,1
19355,43.0,1,999,0,-1.8,93.075,-47.1,1.405,5099.1,999.0,0,1.0,0.0,0.0,2,4,0.0,4,4,1,1
19356,49.0,2,999,0,1.4,93.444,-36.1,4.964,5228.1,999.0,0,0.0,0.0,0.0,2,8,0.0,10,8,1,1
19357,40.0,1,999,0,1.4,93.444,-36.1,4.963,5228.1,999.0,0,1.0,0.0,1.0,3,8,0.0,6,8,1,1
19358,42.0,2,999,0,1.1,93.994,-36.4,4.858,5191.0,999.0,0,1.0,0.0,1.0,3,3,0.0,4,5,1,1
19359,42.0,2,999,1,-1.8,92.893,-46.2,1.291,5099.1,999.0,1,1.0,0.0,0.0,3,5,0.0,1,5,1,2
19360,36.0,2,999,0,-1.8,92.893,-46.2,1.266,5099.1,999.0,0,1.0,0.0,0.0,2,8,0.0,4,5,1,1
19361,33.0,3,999,0,1.1,93.994,-36.4,4.857,5191.0,999.0,0,1.0,0.0,1.0,3,8,0.0,4,5,1,1
19362,37.0,1,999,0,1.4,93.444,-36.1,4.965,5228.1,999.0,0,1.0,1.0,0.0,1,8,0.0,5,8,1,1
19363,52.0,2,999,0,1.4,93.918,-42.7,4.963,5228.1,999.0,0,0.0,1.0,0.0,2,8,0.0,10,7,1,1
19364,46.0,3,999,0,1.1,93.994,-36.4,4.855,5191.0,999.0,0,0.0,0.0,1.0,2,2,0.0,4,5,1,1
19365,36.0,1,999,0,1.1,93.994,-36.4,4.855,5191.0,999.0,0,0.0,0.0,1.0,1,3,0.0,4,5,1,1
19366,30.0,1,999,0,1.4,93.918,-42.7,4.963,5228.1,999.0,0,1.0,0.0,0.0,2,4,0.0,4,7,1,1
19367,51.0,3,999,0,-2.9,92.469,-33.6,0.921,5076.2,999.0,0,1.0,1.0,1.0,2,7,0.0,6,7,1,1
19368,43.0,2,999,0,1.1,93.994,-36.4,4.856,5191.0,999.0,0,0.0,0.0,1.0,2,8,0.0,6,5,1,1
19369,31.0,29,999,0,1.4,93.918,-42.7,4.968,5228.1,999.0,0,0.0,0.0,0.0,1,4,0.0,6,7,1,1
19370,33.0,1,999,0,-1.8,92.893,-46.2,1.25,5099.1,999.0,0,1.0,0.0,0.0,2,7,0.0,6,5,1,1
19371,39.0,2,999,0,-1.8,93.075,-47.1,1.405,5099.1,999.0,0,1.0,0.0,0.0,2,8,0.0,4,4,2,1
19372,40.0,2,999,0,1.4,93.918,-42.7,4.955,5228.1,999.0,0,0.0,1.0,1.0,2,4,0.0,4,7,1,1
19373,39.0,6,999,0,-1.8,92.893,-46.2,1.354,5099.1,999.0,0,1.0,0.0,1.0,2,7,0.0,6,5,1,1
19374,58.0,5,999,0,1.4,93.918,-42.7,4.962,5228.1,999.0,0,1.0,0.0,0.0,3,2,0.0,8,7,2,1
19375,31.0,2,999,0,1.4,93.444,-36.1,4.965,5228.1,999.0,0,0.0,1.0,0.0,2,2,0.0,2,8,1,1
19376,59.0,1,999,0,1.1,93.994,-36.4,4.857,5191.0,999.0,0,0.0,0.0,1.0,2,8,0.0,8,5,2,1
19377,33.0,1,999,0,-1.8,92.893,-46.2,1.244,5099.1,999.0,0,0.0,0.0,0.0,1,5,0.0,4,5,2,1
19378,40.0,3,999,0,1.1,93.994,-36.4,4.855,5191.0,999.0,0,0.0,0.0,1.0,2,5,0.0,6,5,1,1
19379,36.0,1,999,0,1.1,93.994,-36.4,4.859,5191.0,999.0,0,1.0,0.0,1.0,2,7,0.0,3,5,1,1
19380,50.0,4,999,0,-0.1,93.2,-42.0,4.076,5195.8,999.0,0,0.0,0.0,0.0,3,8,0.0,1,11,1,1
19381,31.0,3,999,0,1.4,94.465,-41.8,4.962,5228.1,999.0,0,0.0,0.0,1.0,2,8,0.0,4,6,1,1
19382,50.0,3,999,0,-1.8,92.893,-46.2,1.327,5099.1,999.0,0,0.0,0.0,0.0,2,2,0.0,4,5,1,1
19383,33.0,1,999,0,1.4,93.444,-36.1,4.964,5228.1,999.0,0,0.0,0.0,0.0,1,8,0.0,5,8,1,1
19384,27.0,3,999,0,-1.8,92.893,-46.2,1.266,5099.1,999.0,0,1.0,1.0,1.0,2,8,0.0,5,5,1,1
19385,41.0,2,999,0,1.1,93.994,-36.4,4.859,5191.0,999.0,0,0.0,0.0,1.0,2,8,0.0,6,5,1,1
19386,34.0,1,999,0,1.4,93.444,-36.1,4.965,5228.1,999.0,0,1.0,0.0,0.0,2,8,0.0,7,8,1,1
19387,38.0,1,999,0,1.4,93.444,-36.1,4.966,5228.1,999.0,0,1.0,0.0,0.0,2,7,0.0,6,8,1,1
19388,31.0,1,999,0,-1.1,94.601,-49.5,0.977,4963.6,999.0,0,1.0,0.0,0.0,2,8,0.0,9,10,2,1
19389,43.0,7,999,0,1.4,93.444,-36.1,4.965,5228.1,999.0,0,1.0,0.0,0.0,2,8,0.0,5,8,2,1
19390,31.0,2,999,1,-1.8,93.749,-34.6,0.644,5008.7,999.0,1,0.0,0.0,0.0,1,5,0.0,9,4,1,2
19391,29.0,3,999,0,1.4,93.918,-42.7,4.955,5228.1,999.0,0,0.0,0.0,1.0,2,7,0.0,1,7,1,1
19392,37.0,1,999,0,1.1,93.994,-36.4,4.857,5191.0,999.0,0,0.0,0.0,1.0,2,6,0.0,4,5,1,1
19393,44.0,4,999,0,-1.8,92.893,-46.2,1.244,5099.1,999.0,0,1.0,0.0,1.0,2,4,0.0,10,5,2,1
19394,31.0,5,999,0,1.4,93.444,-36.1,4.966,5228.1,999.0,0,0.0,0.0,0.0,2,7,0.0,6,8,1,1
19395,44.0,5,999,0,1.4,93.444,-36.1,4.965,5228.1,999.0,0,0.0,1.0,0.0,2,4,0.0,1,8,2,1
19396,31.0,1,999,0,-1.8,92.893,-46.2,1.291,5099.1,999.0,0,1.0,0.0,0.0,3,5,0.0,6,5,1,1
19397,32.0,2,999,0,1.1,93.994,-36.4,4.859,5191.0,999.0,0,0.0,0.0,1.0,1,8,0.0,6,5,1,1
19398,34.0,2,999,0,1.4,93.918,-42.7,4.968,5228.1,999.0,0,0.0,0.0,0.0,2,5,0.0,10,7,1,1
19399,56.0,2,999,0,1.4,93.918,-42.7,4.962,5228.1,999.0,0,0.0,1.0,0.0,3,3,0.0,6,7,2,1
19400,60.0,1,999,0,1.1,93.994,-36.4,4.859,5191.0,999.0,0,0.0,0.0,1.0,2,2,0.0,7,5,1,1
19401,45.0,2,999,0,1.4,93.918,-42.7,4.958,5228.1,999.0,0,1.0,0.0,0.0,3,8,0.0,6,7,1,1
19402,41.0,2,999,0,-1.8,92.843,-50.0,1.778,5099.1,999.0,0,0.0,0.0,0.0,2,5,0.0,9,3,1,1
19403,28.0,1,3,3,-1.1,94.601,-49.5,1.032,4963.6,0.1,0,0.0,0.0,0.0,1,7,0.0,6,10,2,3
19404,29.0,1,999,0,-1.8,92.893,-46.2,1.291,5099.1,999.0,0,1.0,1.0,0.0,2,5,0.0,9,5,1,1
19405,31.0,2,999,1,-1.7,94.027,-38.3,0.898,4991.6,999.0,3,0.0,0.0,0.0,1,8,0.0,11,8,2,2
19406,43.0,2,999,0,1.4,93.918,-42.7,4.962,5228.1,999.0,0,1.0,0.0,0.0,3,5,0.0,4,7,1,1
19407,36.0,2,999,0,-3.4,92.431,-26.9,0.74,5017.5,999.0,0,0.0,0.0,1.0,2,5,0.0,10,10,1,1
19408,50.0,11,999,0,1.4,93.918,-42.7,4.963,5228.1,999.0,0,1.0,0.0,0.0,3,8,0.0,1,7,1,1
19409,37.0,4,999,0,1.4,93.918,-42.7,4.962,5228.1,999.0,0,0.0,0.0,0.0,2,7,0.0,6,7,2,1
19410,59.0,2,999,0,-1.8,93.369,-34.8,0.652,5008.7,999.0,0,1.0,0.0,0.0,2,8,0.0,3,3,2,1
19411,51.0,1,6,2,-2.9,92.201,-31.4,0.838,5076.2,0.2,2,0.0,0.0,0.0,3,5,0.0,6,8,1,2
19412,31.0,1,999,0,1.4,93.918,-42.7,4.963,5228.1,999.0,0,1.0,0.0,1.0,1,5,0.0,4,7,1,1
19413,44.0,2,999,0,1.4,94.465,-41.8,4.96,5228.1,999.0,0,1.0,0.0,1.0,3,8,0.0,3,6,2,1
19414,34.0,1,999,0,-3.4,92.649,-30.1,0.716,5017.5,999.0,0,1.0,0.0,0.0,2,7,0.0,5,11,1,1
19415,29.0,2,999,0,-0.1,93.2,-42.0,4.12,5195.8,999.0,0,0.0,0.0,0.0,2,4,0.0,3,11,1,1
19416,30.0,3,999,0,1.1,93.994,-36.4,4.864,5191.0,999.0,0,1.0,0.0,1.0,2,5,0.0,9,5,1,1
19417,31.0,3,999,0,1.4,93.444,-36.1,4.965,5228.1,999.0,0,1.0,1.0,0.0,2,2,0.0,4,8,2,1
19418,31.0,2,999,0,-0.1,93.2,-42.0,4.153,5195.8,999.0,0,0.0,0.0,0.0,3,2,0.0,7,11,1,1
19419,59.0,4,999,0,1.4,93.918,-42.7,4.96,5228.1,999.0,0,1.0,0.0,0.0,2,8,0.0,4,7,2,1
19420,45.0,3,999,0,1.1,93.994,-36.4,4.857,5191.0,999.0,0,1.0,0.0,1.0,2,3,0.0,4,5,1,1
19421,28.0,3,999,0,1.4,94.465,-41.8,4.959,5228.1,999.0,0,0.0,0.0,1.0,2,8,0.0,4,6,1,1
19422,34.0,1,999,0,1.4,93.444,-36.1,4.963,5228.1,999.0,0,1.0,1.0,0.0,2,7,0.0,5,8,1,1
19423,31.0,1,999,0,1.4,93.918,-42.7,4.963,5228.1,999.0,0,1.0,0.0,0.0,3,7,0.0,6,7,1,1
19424,21.0,4,999,0,-2.9,92.963,-40.8,1.26,5076.2,999.0,0,0.0,0.0,0.0,1,5,0.0,11,6,1,1
19425,47.0,2,999,0,1.4,94.465,-41.8,4.866,5228.1,999.0,0,0.0,0.0,1.0,3,5,0.0,6,6,1,1
19426,26.0,1,999,0,-2.9,92.963,-40.8,1.26,5076.2,999.0,0,1.0,0.0,0.0,1,7,0.0,11,6,1,1
19427,31.0,3,999,0,-1.8,93.075,-47.1,1.445,5099.1,999.0,0,1.0,0.0,0.0,2,2,0.0,4,4,1,1
19428,39.0,1,999,0,1.1,93.994,-36.4,4.859,5191.0,999.0,0,1.0,0.0,1.0,2,5,0.0,1,5,1,1
19429,41.0,1,999,0,1.4,93.444,-36.1,4.966,5228.1,999.0,0,1.0,0.0,0.0,3,7,0.0,5,8,1,1
19430,35.0,1,999,0,1.1,93.994,-36.4,4.858,5191.0,999.0,0,1.0,1.0,1.0,2,3,0.0,4,5,2,1
19431,31.0,1,999,0,1.4,93.918,-42.7,4.962,5228.1,999.0,0,1.0,0.0,0.0,2,7,0.0,10,7,1,1
19432,41.0,1,999,0,1.1,93.994,-36.4,4.857,5191.0,999.0,0,0.0,1.0,1.0,1,4,0.0,12,5,2,1
19433,62.0,1,16,1,-1.7,94.215,-40.3,0.827,4991.6,0.533333333333,2,1.0,0.0,0.0,2,8,0.0,5,7,2,3
19434,27.0,1,999,0,-0.1,93.2,-42.0,4.245,5195.8,999.0,0,0.0,0.0,1.0,1,8,0.0,11,11,1,1
19435,32.0,4,999,0,1.4,93.444,-36.1,4.964,5228.1,999.0,0,1.0,0.0,0.0,2,8,0.0,10,8,1,1
19436,45.0,1,999,1,-1.8,92.893,-46.2,1.25,5099.1,999.0,0,1.0,0.0,0.0,2,7,0.0,6,5,1,2
19437,32.0,3,999,0,1.1,93.994,-36.4,4.86,5191.0,999.0,0,1.0,0.0,1.0,2,5,0.0,9,5,1,1
19438,39.0,2,999,0,1.4,93.444,-36.1,4.963,5228.1,999.0,0,0.0,0.0,0.0,2,5,0.0,9,8,2,1
19439,51.0,1,999,0,-1.8,92.893,-46.2,1.344,5099.1,999.0,0,0.0,0.0,0.0,2,2,0.0,6,5,1,1
19440,31.0,2,999,0,-1.8,92.893,-46.2,1.299,5099.1,999.0,0,1.0,1.0,0.0,1,6,0.0,5,5,2,1
19441,71.0,1,999,2,-1.7,94.027,-38.3,0.899,4991.6,999.0,6,1.0,0.0,0.0,2,2,0.0,6,8,1,2
19442,44.0,1,999,0,1.4,93.444,-36.1,4.964,5228.1,999.0,0,0.0,0.0,0.0,2,1,0.0,4,8,1,1
19443,31.0,1,999,0,1.4,93.918,-42.7,4.961,5228.1,999.0,0,1.0,0.0,0.0,2,5,0.0,6,7,1,1
19444,49.0,2,999,0,-1.8,93.075,-47.1,1.365,5099.1,999.0,0,1.0,0.0,0.0,2,5,0.0,6,4,1,1
19445,36.0,2,999,0,1.4,93.918,-42.7,4.962,5228.1,999.0,0,0.0,0.0,0.0,1,4,0.0,4,7,2,1
19446,57.0,6,999,1,-1.8,92.893,-46.2,1.244,5099.1,999.0,4,0.0,0.0,0.0,3,8,0.0,8,5,2,2
19447,45.0,2,999,0,1.4,94.465,-41.8,4.866,5228.1,999.0,0,0.0,0.0,1.0,3,8,0.0,9,6,1,1
19448,31.0,3,999,0,1.4,93.444,-36.1,4.965,5228.1,999.0,0,0.0,0.0,1.0,2,2,0.0,4,8,1,1
19449,35.0,1,999,0,-1.8,92.893,-46.2,1.327,5099.1,999.0,0,1.0,1.0,0.0,1,5,0.0,6,5,1,1
19450,45.0,4,999,0,1.4,94.465,-41.8,4.959,5228.1,999.0,0,0.0,0.0,1.0,2,8,0.0,12,6,1,1
19451,41.0,2,999,0,1.1,93.994,-36.4,4.858,5191.0,999.0,0,0.0,0.0,1.0,2,6,0.0,4,5,1,1
19452,51.0,4,999,0,-1.8,93.075,-47.1,1.405,5099.1,999.0,0,1.0,0.0,0.0,2,8,0.0,4,4,2,1
19453,30.0,1,999,0,-0.1,93.2,-42.0,4.076,5195.8,999.0,0,1.0,0.0,0.0,2,8,0.0,9,11,1,1
19454,39.0,2,999,0,1.1,93.994,-36.4,4.857,5191.0,999.0,0,0.0,0.0,1.0,1,8,0.0,6,5,1,1
19455,25.0,4,999,0,-1.8,93.075,-47.1,1.466,5099.1,999.0,0,0.0,1.0,0.0,1,6,0.0,5,4,2,1
19456,49.0,7,999,0,1.4,94.465,-41.8,4.962,5228.1,999.0,0,1.0,0.0,1.0,2,2,0.0,4,6,1,1
19457,31.0,4,999,0,-1.8,92.893,-46.2,1.281,5099.1,999.0,0,0.0,0.0,0.0,1,5,0.0,6,5,1,1
19458,31.0,2,999,0,1.1,93.994,-36.4,4.857,5191.0,999.0,0,0.0,0.0,1.0,2,8,0.0,6,5,1,1
19459,33.0,3,999,1,-1.8,92.893,-46.2,1.334,5099.1,999.0,0,1.0,0.0,0.0,1,5,0.0,6,5,1,2
19460,29.0,2,999,0,1.4,93.918,-42.7,4.958,5228.1,999.0,0,1.0,1.0,0.0,2,7,0.0,10,7,1,1
19461,26.0,2,999,0,-1.8,93.075,-47.1,1.41,5099.1,999.0,0,1.0,1.0,0.0,2,4,0.0,4,4,1,1
19462,59.0,1,999,0,1.1,93.994,-36.4,4.86,5191.0,999.0,0,1.0,0.0,1.0,2,8,0.0,5,5,1,1
19463,53.0,1,999,1,-1.8,92.893,-46.2,1.25,5099.1,999.0,1,0.0,0.0,0.0,2,7,0.0,9,5,1,2
19464,31.0,1,999,1,-0.1,93.2,-42.0,4.12,5195.8,999.0,1,1.0,0.0,0.0,1,8,0.0,6,11,1,2
19465,31.0,1,999,0,-2.9,92.201,-31.4,0.881,5076.2,999.0,0,1.0,1.0,0.0,2,2,0.0,8,8,1,1
19466,36.0,3,999,0,1.4,93.918,-42.7,4.968,5228.1,999.0,0,0.0,0.0,0.0,1,8,0.0,10,7,1,1
19467,30.0,3,999,0,-1.8,93.075,-47.1,1.435,5099.1,999.0,0,0.0,0.0,0.0,1,8,0.0,1,4,1,1
19468,37.0,1,999,1,-1.8,92.893,-46.2,1.334,5099.1,999.0,1,1.0,0.0,0.0,1,5,0.0,9,5,1,2
19469,31.0,2,999,0,-0.1,93.2,-42.0,4.153,5195.8,999.0,0,1.0,1.0,0.0,3,7,0.0,6,11,1,1
19470,53.0,4,999,0,-1.8,92.893,-46.2,1.244,5099.1,999.0,0,1.0,0.0,0.0,3,6,0.0,3,5,2,1
19471,49.0,1,999,0,1.4,93.918,-42.7,4.961,5228.1,999.0,0,1.0,0.0,0.0,3,2,0.0,4,7,1,1
19472,40.0,2,999,0,-0.1,93.2,-42.0,4.076,5195.8,999.0,0,1.0,1.0,0.0,1,8,0.0,4,11,1,1
19473,56.0,1,999,0,-0.1,93.2,-42.0,4.153,5195.8,999.0,0,0.0,0.0,0.0,2,8,0.0,8,11,1,1
19474,31.0,1,999,0,1.4,93.918,-42.7,4.963,5228.1,999.0,0,1.0,0.0,0.0,2,8,0.0,4,7,1,1
19475,37.0,1,999,0,-1.8,92.893,-46.2,1.327,5099.1,999.0,0,0.0,0.0,0.0,2,8,0.0,6,5,1,1
19476,39.0,1,999,1,-1.8,92.893,-46.2,1.313,5099.1,999.0,3,1.0,0.0,0.0,2,6,0.0,5,5,1,2
19477,31.0,1,999,2,-1.1,94.767,-50.8,1.049,4963.6,999.0,2,0.0,0.0,1.0,2,8,0.0,6,11,1,2
19478,41.0,4,999,0,1.1,93.994,-36.4,4.855,5191.0,999.0,0,0.0,1.0,1.0,2,5,0.0,9,5,1,1
19479,21.0,1,999,0,-2.9,92.963,-40.8,1.268,5076.2,999.0,0,0.0,0.0,1.0,1,8,0.0,4,6,1,1
19480,34.0,1,999,0,-1.8,92.893,-46.2,1.264,5099.1,999.0,0,1.0,0.0,0.0,2,7,0.0,6,5,2,1
19481,31.0,3,999,0,-0.1,93.2,-42.0,4.153,5195.8,999.0,0,0.0,0.0,0.0,2,7,0.0,3,11,1,1
19482,50.0,2,999,0,1.4,94.465,-41.8,4.961,5228.1,999.0,0,0.0,0.0,1.0,1,4,0.0,4,6,1,1
19483,49.0,3,999,0,-0.1,93.2,-42.0,4.076,5195.8,999.0,0,0.0,0.0,0.0,2,7,0.0,1,11,1,1
19484,52.0,7,999,0,1.1,93.994,-36.4,4.859,5191.0,999.0,0,0.0,0.0,1.0,2,4,0.0,5,5,1,1
19485,45.0,2,999,0,-1.8,93.075,-47.1,1.479,5099.1,999.0,0,1.0,0.0,0.0,2,4,0.0,4,4,1,1
19486,31.0,3,999,0,-1.8,92.893,-46.2,1.266,5099.1,999.0,0,1.0,0.0,0.0,2,6,0.0,4,5,1,1
19487,28.0,4,999,0,-1.8,92.893,-46.2,1.291,5099.1,999.0,0,1.0,0.0,0.0,2,4,0.0,4,5,1,1
19488,33.0,1,999,0,-1.1,94.199,-37.5,0.879,4963.6,999.0,0,1.0,0.0,0.0,2,8,0.0,6,9,1,1
19489,42.0,1,999,0,-1.8,93.075,-47.1,1.405,5099.1,999.0,0,1.0,0.0,0.0,2,7,0.0,9,4,2,1
19490,46.0,11,999,0,1.1,93.994,-36.4,4.858,5191.0,999.0,0,1.0,0.0,1.0,2,7,0.0,7,5,2,1
19491,36.0,2,999,1,-1.8,92.893,-46.2,1.334,5099.1,999.0,4,1.0,1.0,0.0,1,7,0.0,3,5,1,2
19492,49.0,2,999,0,1.4,93.918,-42.7,4.96,5228.1,999.0,0,0.0,0.0,0.0,3,5,0.0,6,7,2,1
19493,30.0,1,999,0,-0.1,93.2,-42.0,4.12,5195.8,999.0,0,0.0,0.0,0.0,1,7,0.0,3,11,1,1
19494,31.0,2,999,1,-1.1,94.601,-49.5,1.0,4963.6,999.0,1,1.0,1.0,0.0,2,8,0.0,5,10,2,2
19495,43.0,2,999,0,-1.8,93.075,-47.1,1.365,5099.1,999.0,0,1.0,0.0,0.0,2,8,0.0,6,4,1,1
19496,31.0,2,999,0,1.4,93.918,-42.7,4.962,5228.1,999.0,0,1.0,0.0,1.0,2,7,0.0,6,7,1,1
19497,33.0,1,999,1,-0.1,93.2,-42.0,4.076,5195.8,999.0,4,1.0,0.0,0.0,3,4,0.0,4,11,1,2
19498,28.0,2,999,0,-1.8,92.893,-46.2,1.299,5099.1,999.0,0,1.0,0.0,0.0,2,4,0.0,4,5,2,1
19499,48.0,1,999,1,-1.8,93.075,-47.1,1.405,5099.1,999.0,4,1.0,1.0,0.0,3,8,0.0,9,4,2,2
19500,48.0,2,999,0,-0.1,93.2,-42.0,4.076,5195.8,999.0,0,0.0,0.0,0.0,2,7,0.0,6,11,1,1
19501,54.0,1,999,0,-3.4,92.649,-30.1,0.719,5017.5,999.0,0,1.0,1.0,0.0,2,8,0.0,4,11,1,1
19502,31.0,10,999,0,1.1,93.994,-36.4,4.858,5191.0,999.0,0,1.0,0.0,1.0,2,4,0.0,4,5,1,1
19503,31.0,1,999,0,-1.8,92.893,-46.2,1.266,5099.1,999.0,0,0.0,0.0,0.0,3,5,0.0,6,5,1,1
19504,70.0,3,999,1,-2.9,92.201,-31.4,0.869,5076.2,999.0,2,0.0,0.0,0.0,2,6,0.0,8,8,1,2
19505,29.0,3,999,0,1.4,93.918,-42.7,4.958,5228.1,999.0,0,1.0,0.0,0.0,2,7,0.0,10,7,1,1
19506,31.0,3,999,0,1.4,94.465,-41.8,4.959,5228.1,999.0,0,0.0,0.0,1.0,2,7,0.0,3,6,1,1
19507,37.0,1,999,1,-1.8,92.893,-46.2,1.299,5099.1,999.0,3,0.0,1.0,0.0,1,7,0.0,6,5,1,2
19508,35.0,1,999,0,-1.8,92.893,-46.2,1.259,5099.1,999.0,0,1.0,0.0,0.0,3,6,0.0,5,5,1,1
19509,53.0,2,999,0,1.1,93.994,-36.4,4.857,5191.0,999.0,0,0.0,1.0,1.0,3,6,0.0,5,5,2,1
19510,31.0,1,999,3,-1.8,93.876,-40.0,0.695,5008.7,999.0,6,1.0,1.0,0.0,1,4,0.0,9,5,1,2
19511,45.0,1,999,0,-0.1,93.2,-42.0,4.191,5195.8,999.0,0,1.0,0.0,0.0,3,5,0.0,9,11,2,1
19512,31.0,1,999,0,1.1,93.994,-36.4,4.857,5191.0,999.0,0,1.0,1.0,1.0,2,2,0.0,4,5,1,1
19513,31.0,3,999,0,1.4,93.444,-36.1,4.963,5228.1,999.0,0,1.0,0.0,0.0,1,6,0.0,5,8,1,1
19514,65.0,1,999,0,-1.1,94.601,-49.5,1.043,4963.6,999.0,0,0.0,0.0,0.0,2,2,0.0,8,10,1,1
19515,28.0,3,999,0,1.4,93.918,-42.7,4.96,5228.1,999.0,0,1.0,0.0,0.0,1,6,0.0,5,7,2,1
19516,42.0,1,3,1,-3.4,92.431,-26.9,0.728,5017.5,0.1,2,0.0,0.0,1.0,2,7,0.0,3,10,1,3
19517,24.0,3,999,0,-1.8,93.075,-47.1,1.365,5099.1,999.0,0,1.0,0.0,0.0,1,8,0.0,6,4,1,1
19518,48.0,1,999,0,-1.8,93.075,-47.1,1.405,5099.1,999.0,0,0.0,0.0,0.0,3,8,0.0,6,4,1,1
19519,36.0,2,999,0,1.1,93.994,-36.4,4.855,5191.0,999.0,0,0.0,0.0,1.0,1,3,0.0,1,5,1,1
19520,31.0,2,999,0,-0.1,93.2,-42.0,4.12,5195.8,999.0,0,1.0,0.0,0.0,1,7,0.0,7,11,1,1
19521,40.0,4,999,2,-1.8,92.893,-46.2,1.344,5099.1,999.0,0,0.0,0.0,0.0,2,4,0.0,4,5,1,2
19522,35.0,5,999,0,1.4,93.918,-42.7,4.96,5228.1,999.0,0,1.0,0.0,0.0,2,8,0.0,4,7,2,1
19523,24.0,1,999,0,1.4,94.465,-41.8,4.962,5228.1,999.0,0,1.0,0.0,1.0,1,8,0.0,9,6,1,1
19524,56.0,5,999,0,1.4,93.918,-42.7,4.962,5228.1,999.0,0,1.0,0.0,0.0,3,8,0.0,9,7,2,1
19525,40.0,1,999,0,-1.8,93.075,-47.1,1.453,5099.1,999.0,0,0.0,0.0,0.0,2,4,0.0,4,4,1,1
19526,32.0,2,999,0,1.4,93.444,-36.1,4.967,5228.1,999.0,0,1.0,0.0,0.0,1,8,0.0,5,8,1,1
19527,46.0,2,999,0,-0.1,93.2,-42.0,4.021,5195.8,999.0,0,0.0,0.0,0.0,2,8,0.0,5,11,1,1
19528,31.0,1,999,0,1.4,93.444,-36.1,4.964,5228.1,999.0,0,1.0,0.0,0.0,2,8,0.0,5,8,1,1
19529,30.0,1,7,1,-1.7,94.055,-39.8,0.748,4991.6,0.233333333333,3,0.0,0.0,0.0,2,7,0.0,5,6,1,3
19530,39.0,2,999,0,1.4,93.918,-42.7,4.968,5228.1,999.0,0,1.0,0.0,0.0,2,5,0.0,9,7,1,1
19531,35.0,1,999,0,1.4,93.918,-42.7,4.962,5228.1,999.0,0,1.0,0.0,0.0,1,7,0.0,1,7,1,1
19532,31.0,1,999,0,1.1,93.994,-36.4,4.859,5191.0,999.0,0,0.0,0.0,1.0,2,4,0.0,4,5,1,1
19533,52.0,4,999,0,1.1,93.994,-36.4,4.86,5191.0,999.0,0,1.0,0.0,1.0,1,7,0.0,1,5,1,1
19534,31.0,4,999,0,1.1,93.994,-36.4,4.858,5191.0,999.0,0,0.0,0.0,1.0,2,7,0.0,6,5,1,1
19535,34.0,1,999,0,1.4,93.444,-36.1,4.97,5228.1,999.0,0,1.0,0.0,0.0,1,8,0.0,5,8,2,1
19536,24.0,1,999,0,1.4,93.918,-42.7,4.961,5228.1,999.0,0,1.0,0.0,0.0,1,5,0.0,11,7,1,1
19537,37.0,5,999,0,1.4,93.918,-42.7,4.96,5228.1,999.0,0,1.0,0.0,0.0,3,6,0.0,5,7,2,1
19538,33.0,1,999,0,1.1,93.994,-36.4,4.855,5191.0,999.0,0,0.0,0.0,1.0,1,6,0.0,9,5,1,1
19539,34.0,1,999,0,1.4,93.444,-36.1,4.963,5228.1,999.0,0,1.0,0.0,0.0,2,8,0.0,6,8,1,1
19540,45.0,2,999,0,1.4,93.444,-36.1,4.963,5228.1,999.0,0,1.0,0.0,0.0,2,8,0.0,4,8,1,1
19541,31.0,4,999,0,-1.8,92.893,-46.2,1.354,5099.1,999.0,0,1.0,0.0,0.0,2,7,0.0,6,5,1,1
19542,37.0,3,999,0,1.1,93.994,-36.4,4.857,5191.0,999.0,0,1.0,0.0,1.0,3,5,0.0,3,5,2,1
19543,30.0,1,999,0,1.1,93.994,-36.4,4.857,5191.0,999.0,0,1.0,1.0,1.0,2,8,0.0,6,5,1,1
19544,26.0,2,999,1,-2.9,92.963,-40.8,1.26,5076.2,999.0,3,0.0,0.0,0.0,1,8,0.0,11,6,1,2
19545,31.0,1,999,0,1.4,94.465,-41.8,4.865,5228.1,999.0,0,0.0,0.0,1.0,2,3,0.0,4,6,2,1
19546,42.0,1,999,0,1.4,94.465,-41.8,4.865,5228.1,999.0,0,1.0,0.0,1.0,3,8,0.0,9,6,1,1
19547,57.0,1,999,0,1.4,94.465,-41.8,4.961,5228.1,999.0,0,0.0,1.0,1.0,2,7,0.0,6,6,1,1
19548,29.0,1,999,0,1.4,93.444,-36.1,4.964,5228.1,999.0,0,1.0,0.0,0.0,2,7,0.0,6,8,1,1
19549,31.0,2,999,0,1.4,93.918,-42.7,4.957,5228.1,999.0,0,0.0,0.0,0.0,2,8,0.0,4,7,1,1
19550,45.0,1,999,0,1.4,93.918,-42.7,4.962,5228.1,999.0,0,0.0,1.0,0.0,2,8,0.0,6,7,2,1
19551,48.0,1,999,0,1.4,93.918,-42.7,4.961,5228.1,999.0,0,1.0,0.0,1.0,2,2,0.0,4,7,1,1
19552,32.0,4,999,0,1.4,93.444,-36.1,4.964,5228.1,999.0,0,0.0,0.0,0.0,2,8,0.0,5,8,1,1
19553,57.0,1,999,0,1.1,93.994,-36.4,4.857,5191.0,999.0,0,1.0,1.0,1.0,2,7,0.0,6,5,2,1
19554,32.0,2,999,0,1.4,93.444,-36.1,4.966,5228.1,999.0,0,1.0,0.0,0.0,1,5,0.0,5,8,1,1
19555,40.0,3,999,0,1.4,93.918,-42.7,4.962,5228.1,999.0,0,1.0,0.0,0.0,1,8,0.0,6,7,2,1
19556,30.0,4,999,1,-1.8,93.075,-47.1,1.405,5099.1,999.0,2,0.0,0.0,0.0,2,8,0.0,4,4,2,2
19557,30.0,3,999,0,1.4,94.465,-41.8,4.959,5228.1,999.0,0,0.0,0.0,1.0,1,8,0.0,1,6,1,1
19558,36.0,1,999,0,1.4,93.918,-42.7,4.961,5228.1,999.0,0,1.0,0.0,0.0,3,7,0.0,3,7,1,1
19559,33.0,2,999,0,-1.8,92.893,-46.2,1.266,5099.1,999.0,0,1.0,0.0,0.0,1,8,0.0,6,5,1,1
19560,31.0,1,999,0,1.4,93.444,-36.1,4.963,5228.1,999.0,0,1.0,0.0,0.0,3,6,0.0,5,8,1,1
19561,42.0,1,999,0,-0.1,93.2,-42.0,4.191,5195.8,999.0,0,1.0,0.0,0.0,2,5,0.0,6,11,2,1
19562,31.0,1,999,1,-1.8,92.893,-46.2,1.334,5099.1,999.0,3,0.0,0.0,0.0,1,7,0.0,6,5,1,2
19563,31.0,2,999,0,1.4,93.918,-42.7,4.968,5228.1,999.0,0,0.0,0.0,0.0,2,5,0.0,9,7,1,1
19564,50.0,4,999,1,-0.1,93.2,-42.0,4.021,5195.8,999.0,1,0.0,0.0,0.0,2,6,0.0,5,11,1,2
19565,52.0,3,999,0,1.4,93.444,-36.1,4.966,5228.1,999.0,0,1.0,0.0,0.0,2,5,0.0,8,8,1,1
19566,31.0,1,999,0,-1.8,93.075,-47.1,1.423,5099.1,999.0,0,1.0,0.0,0.0,1,8,0.0,10,4,1,1
19567,31.0,1,999,0,1.4,93.918,-42.7,4.962,5228.1,999.0,0,1.0,0.0,0.0,2,8,0.0,4,7,1,1
19568,55.0,4,999,0,1.4,93.918,-42.7,4.963,5228.1,999.0,0,0.0,0.0,1.0,3,6,0.0,7,7,1,1
19569,54.0,1,999,0,-0.1,93.2,-42.0,4.076,5195.8,999.0,0,1.0,1.0,0.0,3,8,0.0,2,11,1,1
19570,31.0,4,999,0,1.4,93.444,-36.1,4.964,5228.1,999.0,0,1.0,0.0,0.0,2,5,0.0,5,8,1,1
19571,38.0,1,999,0,1.1,93.994,-36.4,4.86,5191.0,999.0,0,0.0,0.0,1.0,2,6,0.0,5,5,1,1
19572,41.0,4,999,0,1.4,93.444,-36.1,4.964,5228.1,999.0,0,1.0,0.0,0.0,2,4,0.0,1,8,1,1
19573,25.0,1,999,0,1.1,93.994,-36.4,4.864,5191.0,999.0,0,0.0,0.0,1.0,1,8,0.0,6,5,1,1
19574,35.0,2,999,1,-0.1,93.2,-42.0,4.153,5195.8,999.0,1,0.0,0.0,0.0,2,3,0.0,4,11,1,2
19575,31.0,5,999,0,1.4,93.918,-42.7,4.957,5228.1,999.0,0,0.0,0.0,0.0,2,7,0.0,8,7,1,1
19576,34.0,3,999,0,-1.8,93.075,-47.1,1.405,5099.1,999.0,0,1.0,0.0,0.0,2,4,0.0,10,4,1,1
19577,31.0,4,999,0,1.4,93.444,-36.1,4.964,5228.1,999.0,0,1.0,0.0,0.0,1,7,0.0,6,8,1,1
19578,53.0,2,999,0,-0.1,93.2,-42.0,4.021,5195.8,999.0,0,0.0,0.0,0.0,2,4,0.0,4,11,1,1
19579,31.0,1,999,0,1.4,94.465,-41.8,4.961,5228.1,999.0,0,1.0,0.0,1.0,2,4,0.0,4,6,1,1
19580,34.0,1,999,0,1.4,94.465,-41.8,4.864,5228.1,999.0,0,0.0,0.0,1.0,2,3,0.0,4,6,1,1
19581,31.0,1,999,0,1.4,93.444,-36.1,4.965,5228.1,999.0,0,1.0,0.0,0.0,2,8,0.0,5,8,1,1
19582,49.0,2,999,0,1.4,93.918,-42.7,4.963,5228.1,999.0,0,1.0,0.0,1.0,2,6,0.0,2,7,1,1
19583,50.0,1,999,0,1.1,93.994,-36.4,4.856,5191.0,999.0,0,1.0,0.0,1.0,1,7,0.0,6,5,1,1
19584,31.0,2,999,0,1.1,93.994,-36.4,4.86,5191.0,999.0,0,0.0,0.0,1.0,2,5,0.0,9,5,1,1
19585,40.0,2,999,0,1.4,93.918,-42.7,4.961,5228.1,999.0,0,0.0,0.0,0.0,2,8,0.0,7,7,1,1
19586,45.0,5,999,0,-1.8,92.893,-46.2,1.244,5099.1,999.0,0,0.0,1.0,0.0,1,5,0.0,4,5,2,1
19587,55.0,2,999,0,1.1,93.994,-36.4,4.857,5191.0,999.0,0,0.0,0.0,1.0,2,8,0.0,4,5,1,1
19588,86.0,1,999,0,-3.4,92.431,-26.9,0.74,5017.5,999.0,0,1.0,1.0,0.0,3,8,0.0,8,10,1,1
19589,40.0,2,999,0,1.1,93.994,-36.4,4.855,5191.0,999.0,0,1.0,1.0,1.0,2,5,0.0,6,5,1,1
19590,40.0,2,999,0,1.4,93.444,-36.1,4.967,5228.1,999.0,0,1.0,0.0,0.0,3,7,0.0,6,8,1,1
19591,40.0,4,999,1,-0.1,93.2,-42.0,4.021,5195.8,999.0,3,0.0,0.0,0.0,1,8,0.0,5,11,1,2
19592,25.0,3,999,0,1.1,93.994,-36.4,4.856,5191.0,999.0,0,0.0,0.0,1.0,2,4,0.0,4,5,1,1
19593,41.0,17,999,0,1.1,93.994,-36.4,4.857,5191.0,999.0,0,1.0,1.0,1.0,1,7,0.0,1,5,1,1
19594,43.0,1,999,0,1.4,93.444,-36.1,4.963,5228.1,999.0,0,0.0,1.0,0.0,2,8,0.0,6,8,1,1
19595,31.0,2,999,0,1.4,93.918,-42.7,4.963,5228.1,999.0,0,1.0,0.0,0.0,2,5,0.0,6,7,1,1
19596,35.0,1,999,0,1.1,93.994,-36.4,4.86,5191.0,999.0,0,0.0,0.0,1.0,1,7,0.0,6,5,1,1
19597,35.0,6,999,0,1.4,93.918,-42.7,4.96,5228.1,999.0,0,0.0,0.0,0.0,3,8,0.0,1,7,2,1
19598,30.0,18,999,0,1.1,93.994,-36.4,4.857,5191.0,999.0,0,1.0,0.0,1.0,2,8,0.0,3,5,1,1
19599,52.0,2,999,0,-0.1,93.2,-42.0,4.076,5195.8,999.0,0,1.0,0.0,1.0,2,8,0.0,8,11,1,1
19600,71.0,8,999,0,-1.8,93.749,-34.6,0.645,5008.7,999.0,0,0.0,0.0,1.0,2,8,0.0,8,4,2,1
19601,36.0,2,999,0,1.4,93.918,-42.7,4.962,5228.1,999.0,0,1.0,0.0,0.0,2,7,0.0,6,7,1,1
19602,50.0,1,999,0,1.4,94.465,-41.8,4.864,5228.1,999.0,0,0.0,0.0,1.0,2,5,0.0,6,6,1,1
19603,33.0,8,999,0,1.1,93.994,-36.4,4.856,5191.0,999.0,0,1.0,1.0,1.0,2,2,0.0,2,5,1,1
19604,33.0,10,999,0,1.4,94.465,-41.8,4.967,5228.1,999.0,0,1.0,0.0,1.0,1,7,0.0,6,6,1,1
19605,40.0,1,999,0,-0.1,93.2,-42.0,4.245,5195.8,999.0,0,1.0,1.0,1.0,2,4,0.0,4,11,1,1
19606,31.0,1,999,0,1.1,93.994,-36.4,4.856,5191.0,999.0,0,0.0,0.0,1.0,2,7,0.0,6,5,1,1
19607,36.0,3,999,0,1.4,93.918,-42.7,4.961,5228.1,999.0,0,0.0,0.0,0.0,1,5,0.0,6,7,1,1
19608,53.0,1,6,1,-1.8,93.749,-34.6,0.644,5008.7,0.2,1,1.0,0.0,0.0,2,7,0.0,2,4,1,3
19609,43.0,1,999,0,-0.1,93.2,-42.0,4.021,5195.8,999.0,0,0.0,1.0,0.0,1,5,0.0,9,11,1,1
19610,31.0,2,999,0,1.1,93.994,-36.4,4.86,5191.0,999.0,0,1.0,1.0,1.0,2,6,0.0,1,5,1,1
19611,31.0,2,999,0,1.4,93.918,-42.7,4.961,5228.1,999.0,0,0.0,0.0,1.0,2,5,0.0,9,7,1,1
19612,31.0,1,999,0,1.4,93.918,-42.7,4.962,5228.1,999.0,0,1.0,0.0,0.0,2,4,0.0,2,7,1,1
19613,31.0,4,999,0,-1.8,93.075,-47.1,1.405,5099.1,999.0,0,0.0,0.0,0.0,3,8,0.0,2,4,1,1
19614,31.0,2,999,0,-0.1,93.2,-42.0,4.021,5195.8,999.0,0,0.0,0.0,0.0,2,6,0.0,8,11,1,1
19615,53.0,2,999,0,1.4,93.918,-42.7,4.957,5228.1,999.0,0,1.0,0.0,0.0,3,4,0.0,9,7,1,1
19616,33.0,1,999,0,-0.1,93.2,-42.0,4.12,5195.8,999.0,0,1.0,1.0,0.0,2,7,0.0,3,11,1,1
19617,32.0,1,999,2,-2.9,92.469,-33.6,1.072,5076.2,999.0,6,0.0,0.0,0.0,1,8,0.0,1,7,1,2
19618,24.0,6,999,0,-1.8,92.893,-46.2,1.25,5099.1,999.0,0,1.0,0.0,1.0,1,4,0.0,6,5,1,1
19619,33.0,2,999,0,-1.8,92.893,-46.2,1.344,5099.1,999.0,0,1.0,0.0,0.0,2,6,0.0,9,5,1,1
19620,34.0,2,999,0,-1.8,92.893,-46.2,1.299,5099.1,999.0,0,0.0,0.0,0.0,1,3,0.0,4,5,2,1
19621,46.0,1,999,0,1.4,93.918,-42.7,4.961,5228.1,999.0,0,1.0,1.0,0.0,1,8,0.0,6,7,1,1
19622,36.0,2,999,0,1.4,94.465,-41.8,4.959,5228.1,999.0,0,0.0,0.0,1.0,3,2,0.0,1,6,1,1
19623,50.0,2,999,0,1.1,93.994,-36.4,4.857,5191.0,999.0,0,0.0,1.0,1.0,3,8,0.0,4,5,2,1
19624,56.0,5,999,0,1.4,93.444,-36.1,4.964,5228.1,999.0,0,1.0,0.0,0.0,2,7,0.0,6,8,1,1
19625,34.0,1,999,0,1.1,93.994,-36.4,4.856,5191.0,999.0,0,0.0,0.0,1.0,2,7,0.0,3,5,1,1
19626,57.0,1,999,1,-0.1,93.2,-42.0,4.021,5195.8,999.0,1,1.0,1.0,0.0,2,7,0.0,3,11,1,2
19627,48.0,1,999,0,1.4,93.444,-36.1,4.963,5228.1,999.0,0,0.0,0.0,0.0,2,8,0.0,9,8,1,1
19628,50.0,1,999,0,-1.8,92.893,-46.2,1.344,5099.1,999.0,0,1.0,0.0,0.0,2,8,0.0,5,5,1,1
19629,31.0,2,999,0,1.4,93.444,-36.1,4.964,5228.1,999.0,0,0.0,0.0,0.0,2,2,0.0,12,8,1,1
19630,31.0,11,999,0,1.4,93.444,-36.1,4.962,5228.1,999.0,0,0.0,0.0,0.0,3,7,0.0,6,8,1,1
19631,30.0,1,999,0,-1.8,93.369,-34.8,0.655,5008.7,999.0,0,1.0,0.0,1.0,2,5,0.0,4,3,1,1
19632,31.0,5,999,0,1.4,93.918,-42.7,4.96,5228.1,999.0,0,1.0,0.0,0.0,2,3,0.0,4,7,2,1
19633,39.0,1,999,0,-0.1,93.2,-42.0,4.153,5195.8,999.0,0,1.0,1.0,0.0,1,5,0.0,6,11,1,1
19634,59.0,3,999,0,1.4,93.444,-36.1,4.965,5228.1,999.0,0,1.0,0.0,0.0,2,7,0.0,8,8,1,1
19635,42.0,2,999,0,1.4,94.465,-41.8,4.959,5228.1,999.0,0,1.0,0.0,1.0,2,3,0.0,4,6,1,1
19636,28.0,1,999,0,1.1,93.994,-36.4,4.86,5191.0,999.0,0,1.0,1.0,1.0,2,8,0.0,9,5,1,1
19637,31.0,3,999,0,1.4,93.444,-36.1,4.965,5228.1,999.0,0,1.0,0.0,0.0,2,8,0.0,9,8,1,1
19638,31.0,4,999,0,1.1,93.994,-36.4,4.857,5191.0,999.0,0,0.0,1.0,1.0,2,5,0.0,9,5,1,1
19639,40.0,1,999,0,1.1,93.994,-36.4,4.858,5191.0,999.0,0,1.0,0.0,1.0,2,3,0.0,4,5,2,1
19640,31.0,10,999,0,-1.8,92.893,-46.2,1.25,5099.1,999.0,0,1.0,0.0,0.0,2,3,0.0,9,5,1,1
19641,31.0,5,999,1,-1.8,92.893,-46.2,1.281,5099.1,999.0,4,0.0,1.0,0.0,3,4,0.0,4,5,1,2
19642,36.0,2,999,0,1.1,93.994,-36.4,4.857,5191.0,999.0,0,1.0,1.0,1.0,2,8,0.0,5,5,1,1
19643,29.0,1,999,0,1.4,93.918,-42.7,4.958,5228.1,999.0,0,1.0,1.0,0.0,1,8,0.0,6,7,1,1
19644,32.0,11,999,0,1.1,93.994,-36.4,4.857,5191.0,999.0,0,1.0,0.0,1.0,1,6,0.0,6,5,2,1
19645,24.0,1,999,0,-2.9,92.201,-31.4,0.849,5076.2,999.0,0,0.0,0.0,0.0,1,5,0.0,11,8,1,1
19646,38.0,2,999,0,1.4,94.465,-41.8,4.947,5228.1,999.0,0,1.0,0.0,1.0,1,7,0.0,5,6,2,1
19647,46.0,8,999,0,1.4,94.465,-41.8,4.864,5228.1,999.0,0,1.0,0.0,1.0,3,8,0.0,2,6,1,1
19648,37.0,1,999,0,1.1,93.994,-36.4,4.857,5191.0,999.0,0,1.0,0.0,1.0,3,7,0.0,1,5,2,1
19649,31.0,3,999,0,1.4,93.918,-42.7,4.958,5228.1,999.0,0,1.0,0.0,0.0,1,7,0.0,11,7,1,1
19650,31.0,1,999,0,1.1,93.994,-36.4,4.855,5191.0,999.0,0,0.0,0.0,1.0,2,6,0.0,4,5,1,1
19651,31.0,3,999,0,1.1,93.994,-36.4,4.858,5191.0,999.0,0,0.0,1.0,1.0,3,5,0.0,9,5,2,1
19652,31.0,1,999,1,-1.8,92.893,-46.2,1.327,5099.1,999.0,1,0.0,0.0,0.0,2,2,0.0,4,5,1,2
19653,31.0,7,999,0,-1.8,92.893,-46.2,1.299,5099.1,999.0,0,1.0,0.0,0.0,2,5,0.0,6,5,2,1
19654,51.0,6,999,0,1.1,93.994,-36.4,4.856,5191.0,999.0,0,1.0,0.0,1.0,3,8,0.0,7,5,1,1
19655,31.0,3,999,0,1.4,93.444,-36.1,4.964,5228.1,999.0,0,0.0,0.0,0.0,2,6,0.0,5,8,1,1
19656,31.0,1,999,0,-0.1,93.2,-42.0,4.191,5195.8,999.0,0,1.0,0.0,0.0,2,5,0.0,6,11,2,1
19657,36.0,2,999,0,1.4,93.444,-36.1,4.965,5228.1,999.0,0,0.0,0.0,0.0,2,7,0.0,6,8,2,1
19658,33.0,1,999,0,-2.9,92.963,-40.8,1.262,5076.2,999.0,0,1.0,0.0,0.0,1,5,0.0,6,6,1,1
19659,30.0,2,999,0,-3.4,92.431,-26.9,0.739,5017.5,999.0,0,1.0,0.0,1.0,1,6,0.0,5,10,1,1
19660,31.0,1,999,0,1.4,94.465,-41.8,4.961,5228.1,999.0,0,1.0,1.0,1.0,2,8,0.0,9,6,1,1
19661,31.0,2,999,0,1.4,93.444,-36.1,4.963,5228.1,999.0,0,0.0,0.0,0.0,3,7,0.0,6,8,1,1
19662,36.0,1,999,0,-1.8,92.893,-46.2,1.327,5099.1,999.0,0,1.0,0.0,0.0,2,4,0.0,4,5,1,1
19663,47.0,1,999,0,-0.1,93.2,-42.0,4.076,5195.8,999.0,0,1.0,0.0,0.0,2,3,0.0,5,11,1,1
19664,31.0,6,999,0,-1.8,92.893,-46.2,1.25,5099.1,999.0,0,1.0,1.0,0.0,1,8,0.0,9,5,1,1
19665,39.0,4,999,0,1.1,93.994,-36.4,4.857,5191.0,999.0,0,0.0,0.0,1.0,2,4,0.0,4,5,2,1
19666,31.0,8,6,1,-0.1,93.2,-42.0,4.076,5195.8,0.2,3,1.0,0.0,0.0,1,7,0.0,6,11,1,3
19667,48.0,1,999,0,1.4,94.465,-41.8,4.967,5228.1,999.0,0,1.0,0.0,1.0,2,8,0.0,9,6,1,1
19668,47.0,2,999,0,1.4,94.465,-41.8,4.961,5228.1,999.0,0,1.0,0.0,1.0,2,7,0.0,7,6,2,1
19669,36.0,1,999,0,1.4,93.918,-42.7,4.968,5228.1,999.0,0,0.0,0.0,1.0,1,2,0.0,1,7,1,1
19670,52.0,1,999,0,-0.1,93.2,-42.0,4.191,5195.8,999.0,0,1.0,0.0,0.0,3,5,0.0,9,11,2,1
19671,47.0,1,999,0,1.1,93.994,-36.4,4.857,5191.0,999.0,0,0.0,0.0,1.0,1,2,0.0,4,5,1,1
19672,31.0,1,3,1,-1.8,92.893,-46.2,1.266,5099.1,0.1,2,1.0,1.0,0.0,1,8,0.0,5,5,1,3
19673,43.0,2,999,0,-1.8,93.075,-47.1,1.435,5099.1,999.0,0,1.0,0.0,0.0,2,5,0.0,7,4,1,1
19674,49.0,18,999,0,1.4,94.465,-41.8,4.96,5228.1,999.0,0,1.0,0.0,1.0,2,8,0.0,3,6,2,1
19675,36.0,1,999,0,1.1,93.994,-36.4,4.86,5191.0,999.0,0,1.0,0.0,1.0,1,6,0.0,5,5,1,1
19676,42.0,2,999,0,-0.1,93.2,-42.0,4.021,5195.8,999.0,0,0.0,0.0,0.0,2,7,0.0,6,11,1,1
19677,31.0,2,999,1,-1.7,94.027,-38.3,0.904,4991.6,999.0,0,1.0,0.0,0.0,3,8,0.0,8,8,1,2
19678,31.0,1,999,1,-1.8,92.893,-46.2,1.266,5099.1,999.0,3,1.0,0.0,0.0,3,7,0.0,3,5,1,2
19679,34.0,1,999,0,-2.9,92.201,-31.4,0.881,5076.2,999.0,0,1.0,0.0,0.0,2,8,0.0,6,8,1,1
19680,31.0,2,999,1,-1.8,92.893,-46.2,1.25,5099.1,999.0,2,1.0,0.0,0.0,2,8,0.0,6,5,1,2
19681,42.0,1,999,0,-1.8,93.075,-47.1,1.365,5099.1,999.0,0,1.0,0.0,0.0,2,5,0.0,9,4,1,1
19682,49.0,1,999,0,1.4,93.918,-42.7,4.958,5228.1,999.0,0,1.0,0.0,0.0,3,5,0.0,5,7,1,1
19683,31.0,3,999,0,-2.9,92.963,-40.8,1.235,5076.2,999.0,0,0.0,0.0,0.0,2,8,0.0,1,6,1,1
19684,31.0,1,999,0,-0.1,93.2,-42.0,4.153,5195.8,999.0,0,1.0,0.0,1.0,2,8,0.0,9,11,1,1
19685,33.0,1,999,2,-1.8,92.893,-46.2,1.266,5099.1,999.0,2,1.0,0.0,0.0,1,7,0.0,6,5,1,2
19686,37.0,1,999,1,-1.8,92.893,-46.2,1.281,5099.1,999.0,0,1.0,0.0,0.0,3,8,0.0,6,5,1,2
19687,31.0,1,999,0,1.4,93.444,-36.1,4.965,5228.1,999.0,0,1.0,0.0,0.0,2,8,0.0,6,8,1,1
19688,31.0,3,999,0,1.4,93.444,-36.1,4.965,5228.1,999.0,0,0.0,0.0,0.0,2,4,0.0,4,8,2,1
19689,49.0,3,999,0,-1.8,92.893,-46.2,1.281,5099.1,999.0,0,1.0,0.0,0.0,2,2,0.0,6,5,1,1
19690,33.0,1,999,0,1.1,93.994,-36.4,4.86,5191.0,999.0,0,0.0,0.0,1.0,2,8,0.0,4,5,1,1
19691,35.0,1,999,0,-0.1,93.2,-42.0,4.191,5195.8,999.0,0,1.0,0.0,0.0,2,8,0.0,3,11,2,1
19692,26.0,2,999,0,1.1,93.994,-36.4,4.864,5191.0,999.0,0,0.0,1.0,1.0,1,8,0.0,6,5,1,1
19693,41.0,5,999,0,-1.8,92.893,-46.2,1.25,5099.1,999.0,0,0.0,0.0,0.0,3,2,0.0,4,5,1,1
19694,32.0,2,999,0,1.4,94.465,-41.8,4.865,5228.1,999.0,0,1.0,0.0,1.0,2,7,0.0,6,6,2,1
19695,34.0,3,3,2,-1.8,93.369,-34.8,0.654,5008.7,0.1,4,1.0,1.0,0.0,1,7,0.0,5,3,1,3
19696,37.0,2,999,0,-0.1,93.2,-42.0,4.021,5195.8,999.0,0,1.0,0.0,0.0,1,5,0.0,6,11,1,1
19697,49.0,2,999,0,1.1,93.994,-36.4,4.86,5191.0,999.0,0,1.0,0.0,1.0,1,8,0.0,6,5,1,1
19698,27.0,3,999,0,1.4,93.918,-42.7,4.963,5228.1,999.0,0,1.0,0.0,0.0,1,8,0.0,5,7,1,1
19699,31.0,2,999,0,1.1,93.994,-36.4,4.859,5191.0,999.0,0,1.0,0.0,1.0,1,4,0.0,9,5,1,1
19700,53.0,3,999,0,-0.1,93.2,-42.0,4.12,5195.8,999.0,0,1.0,0.0,1.0,3,3,0.0,4,11,1,1
19701,26.0,4,999,0,1.4,93.918,-42.7,4.962,5228.1,999.0,0,1.0,1.0,0.0,2,8,0.0,6,7,1,1
19702,52.0,1,999,0,1.4,93.444,-36.1,4.968,5228.1,999.0,0,0.0,0.0,0.0,2,5,0.0,6,8,1,1
19703,37.0,2,999,0,1.1,93.994,-36.4,4.856,5191.0,999.0,0,1.0,0.0,1.0,2,6,0.0,5,5,1,1
19704,31.0,1,999,0,1.1,93.994,-36.4,4.857,5191.0,999.0,0,0.0,0.0,1.0,2,8,0.0,3,5,1,1
19705,43.0,11,999,0,1.4,93.918,-42.7,4.963,5228.1,999.0,0,0.0,1.0,0.0,2,5,0.0,9,7,1,1
19706,29.0,1,999,0,-0.1,93.2,-42.0,4.076,5195.8,999.0,0,0.0,0.0,0.0,1,6,0.0,5,11,1,1
19707,28.0,3,999,0,-1.8,92.843,-50.0,1.811,5099.1,999.0,0,1.0,0.0,0.0,1,8,0.0,5,3,2,1
19708,35.0,1,999,0,1.1,93.994,-36.4,4.856,5191.0,999.0,0,1.0,1.0,1.0,1,5,0.0,6,5,1,1
19709,43.0,7,999,0,1.4,93.918,-42.7,4.962,5228.1,999.0,0,1.0,0.0,0.0,2,4,0.0,4,7,2,1
19710,37.0,1,999,0,1.1,93.994,-36.4,4.856,5191.0,999.0,0,1.0,0.0,1.0,1,7,0.0,5,5,1,1
19711,34.0,3,999,0,1.4,93.444,-36.1,4.966,5228.1,999.0,0,1.0,1.0,0.0,1,7,0.0,6,8,1,1
19712,38.0,1,999,0,1.4,93.918,-42.7,4.962,5228.1,999.0,0,0.0,0.0,0.0,1,7,0.0,4,7,1,1
19713,38.0,1,999,0,1.4,94.465,-41.8,4.955,5228.1,999.0,0,0.0,0.0,1.0,1,5,0.0,4,6,1,1
19714,47.0,7,999,0,1.4,93.444,-36.1,4.964,5228.1,999.0,0,1.0,0.0,0.0,2,5,0.0,6,8,1,1
19715,31.0,1,999,0,1.4,93.444,-36.1,4.965,5228.1,999.0,0,1.0,0.0,0.0,2,5,0.0,4,8,1,1
19716,19.0,2,999,0,-1.8,93.075,-47.1,1.405,5099.1,999.0,0,1.0,0.0,0.0,1,8,0.0,11,4,2,1
19717,33.0,3,999,0,-1.8,92.893,-46.2,1.25,5099.1,999.0,0,1.0,0.0,0.0,2,8,0.0,7,5,1,1
19718,42.0,4,999,1,-0.1,93.2,-42.0,4.021,5195.8,999.0,0,0.0,0.0,0.0,3,6,0.0,5,11,1,2
19719,45.0,1,999,0,1.1,93.994,-36.4,4.858,5191.0,999.0,0,1.0,0.0,1.0,3,8,0.0,4,5,1,1
19720,33.0,1,999,0,1.4,94.465,-41.8,4.865,5228.1,999.0,0,0.0,0.0,1.0,2,4,0.0,5,6,2,1
19721,31.0,8,999,0,-1.8,93.075,-47.1,1.405,5099.1,999.0,0,1.0,1.0,0.0,2,7,0.0,3,4,1,1
19722,36.0,2,999,0,1.4,93.918,-42.7,4.958,5228.1,999.0,0,1.0,0.0,0.0,2,4,0.0,4,7,1,1
19723,31.0,1,999,0,1.4,93.444,-36.1,4.963,5228.1,999.0,0,0.0,0.0,0.0,1,8,0.0,5,8,1,1
19724,49.0,1,999,0,1.4,93.918,-42.7,4.958,5228.1,999.0,0,1.0,0.0,0.0,3,5,0.0,5,7,1,1
19725,33.0,2,999,0,-0.1,93.2,-42.0,4.12,5195.8,999.0,0,1.0,0.0,0.0,2,8,0.0,3,11,1,1
19726,31.0,1,999,0,1.4,93.444,-36.1,4.963,5228.1,999.0,0,1.0,0.0,0.0,1,8,0.0,5,8,1,1
19727,52.0,3,999,0,1.4,93.444,-36.1,4.965,5228.1,999.0,0,0.0,0.0,0.0,2,7,0.0,6,8,2,1
19728,35.0,3,999,0,-0.1,93.2,-42.0,4.076,5195.8,999.0,0,0.0,0.0,0.0,1,8,0.0,6,11,1,1
19729,30.0,4,999,0,1.4,93.444,-36.1,4.964,5228.1,999.0,0,0.0,0.0,0.0,1,6,0.0,5,8,1,1
19730,23.0,1,999,0,1.4,93.918,-42.7,4.961,5228.1,999.0,0,1.0,0.0,0.0,1,4,0.0,4,7,1,1
19731,49.0,4,999,0,1.4,93.918,-42.7,4.962,5228.1,999.0,0,1.0,0.0,0.0,3,5,0.0,6,7,1,1
19732,43.0,1,999,0,-0.1,93.2,-42.0,4.076,5195.8,999.0,0,0.0,0.0,0.0,2,5,0.0,9,11,1,1
19733,31.0,1,999,0,1.4,93.444,-36.1,4.97,5228.1,999.0,0,1.0,0.0,0.0,1,8,0.0,6,8,2,1
19734,66.0,2,999,0,-1.7,94.055,-39.8,0.767,4991.6,999.0,0,0.0,1.0,0.0,2,8,0.0,8,6,1,1
19735,29.0,6,999,0,1.1,93.994,-36.4,4.856,5191.0,999.0,0,0.0,0.0,1.0,2,6,0.0,5,5,1,1
19736,48.0,7,999,0,1.4,93.918,-42.7,4.96,5228.1,999.0,0,0.0,1.0,1.0,3,5,0.0,9,7,2,1
19737,60.0,1,999,0,1.4,93.918,-42.7,4.968,5228.1,999.0,0,0.0,0.0,0.0,2,3,0.0,8,7,1,1
19738,44.0,4,999,0,-2.9,92.469,-33.6,0.908,5076.2,999.0,0,0.0,1.0,0.0,3,8,0.0,6,7,1,1
19739,46.0,1,999,0,1.1,93.994,-36.4,4.857,5191.0,999.0,0,0.0,0.0,1.0,2,8,0.0,4,5,1,1
19740,31.0,1,999,0,1.4,93.918,-42.7,4.962,5228.1,999.0,0,1.0,1.0,0.0,2,4,0.0,8,7,1,1
19741,31.0,1,999,0,1.1,93.994,-36.4,4.857,5191.0,999.0,0,1.0,1.0,1.0,2,8,0.0,4,5,2,1
19742,31.0,2,999,0,1.1,93.994,-36.4,4.856,5191.0,999.0,0,0.0,0.0,1.0,2,5,0.0,9,5,1,1
19743,31.0,3,999,0,1.1,93.994,-36.4,4.857,5191.0,999.0,0,1.0,0.0,1.0,2,8,0.0,12,5,1,1
19744,32.0,3,999,0,1.4,94.465,-41.8,4.959,5228.1,999.0,0,0.0,1.0,1.0,2,6,0.0,4,6,1,1
19745,38.0,1,999,0,1.1,93.994,-36.4,4.857,5191.0,999.0,0,1.0,0.0,1.0,2,6,0.0,4,5,1,1
19746,54.0,3,999,0,1.4,93.918,-42.7,4.962,5228.1,999.0,0,0.0,0.0,0.0,2,4,0.0,4,7,1,1
19747,31.0,4,999,0,-0.1,93.2,-42.0,4.12,5195.8,999.0,0,0.0,0.0,0.0,2,5,0.0,6,11,1,1
19748,34.0,1,999,0,1.4,93.918,-42.7,4.958,5228.1,999.0,0,1.0,0.0,0.0,4,7,0.0,6,7,1,1
19749,30.0,1,999,0,1.4,93.444,-36.1,4.966,5228.1,999.0,0,1.0,1.0,0.0,3,7,0.0,6,8,1,1
19750,36.0,4,999,0,1.1,93.994,-36.4,4.864,5191.0,999.0,0,1.0,0.0,1.0,2,7,0.0,3,5,1,1
19751,36.0,1,999,0,1.4,94.465,-41.8,4.959,5228.1,999.0,0,0.0,0.0,1.0,3,8,0.0,4,6,1,1
19752,31.0,2,999,0,1.4,93.444,-36.1,4.964,5228.1,999.0,0,1.0,1.0,0.0,2,4,0.0,4,8,1,1
19753,31.0,5,999,0,-2.9,92.963,-40.8,1.224,5076.2,999.0,0,1.0,1.0,0.0,1,8,0.0,5,6,1,1
19754,36.0,2,999,0,1.4,93.918,-42.7,4.961,5228.1,999.0,0,0.0,0.0,0.0,2,8,0.0,5,7,1,1
19755,31.0,2,999,0,1.1,93.994,-36.4,4.857,5191.0,999.0,0,1.0,0.0,1.0,1,3,0.0,9,5,1,1
19756,45.0,1,999,0,1.4,94.465,-41.8,4.866,5228.1,999.0,0,0.0,0.0,1.0,2,8,0.0,4,6,1,1
19757,48.0,1,999,0,1.1,93.994,-36.4,4.857,5191.0,999.0,0,1.0,0.0,1.0,3,5,0.0,6,5,1,1
19758,34.0,1,999,0,-0.1,93.2,-42.0,4.12,5195.8,999.0,0,1.0,0.0,0.0,2,8,0.0,3,11,1,1
19759,43.0,4,999,2,-1.1,94.767,-50.8,1.04,4963.6,999.0,0,1.0,0.0,0.0,3,8,0.0,6,11,1,2
19760,58.0,3,999,0,1.1,93.994,-36.4,4.86,5191.0,999.0,0,1.0,0.0,1.0,2,2,0.0,4,5,1,1
19761,31.0,2,999,0,1.4,93.918,-42.7,4.957,5228.1,999.0,0,1.0,1.0,0.0,2,7,0.0,6,7,1,1
19762,55.0,3,999,0,1.4,93.918,-42.7,4.961,5228.1,999.0,0,1.0,0.0,0.0,2,1,0.0,4,7,1,1
19763,34.0,3,999,0,-1.8,92.893,-46.2,1.25,5099.1,999.0,0,1.0,1.0,0.0,2,6,0.0,4,5,1,1
19764,34.0,1,999,0,-1.8,92.893,-46.2,1.327,5099.1,999.0,0,1.0,0.0,0.0,2,7,0.0,3,5,1,1
19765,24.0,2,14,2,-1.7,94.055,-39.8,0.739,4991.6,0.466666666667,2,0.0,0.0,0.0,1,5,0.0,11,6,1,3
19766,39.0,14,999,0,1.4,93.444,-36.1,4.964,5228.1,999.0,0,0.0,0.0,0.0,2,6,0.0,5,8,1,1
19767,31.0,2,999,1,-1.8,92.893,-46.2,1.281,5099.1,999.0,0,0.0,0.0,0.0,2,2,0.0,4,5,1,2
19768,28.0,1,999,1,-1.8,92.893,-46.2,1.266,5099.1,999.0,1,1.0,1.0,0.0,2,8,0.0,9,5,1,2
19769,31.0,3,999,0,-1.8,92.893,-46.2,1.291,5099.1,999.0,0,1.0,0.0,0.0,1,8,0.0,6,5,1,1
19770,39.0,1,999,0,1.4,93.918,-42.7,4.962,5228.1,999.0,0,1.0,1.0,0.0,2,7,0.0,6,7,1,1
19771,33.0,1,999,0,1.4,93.444,-36.1,4.965,5228.1,999.0,0,1.0,0.0,0.0,3,7,0.0,6,8,1,1
19772,29.0,5,999,0,1.4,93.918,-42.7,4.957,5228.1,999.0,0,1.0,0.0,0.0,2,8,0.0,6,7,1,1
19773,53.0,3,999,0,-2.9,92.469,-33.6,1.059,5076.2,999.0,0,1.0,0.0,0.0,2,8,0.0,5,7,1,1
19774,33.0,1,999,0,-1.8,92.893,-46.2,1.344,5099.1,999.0,0,1.0,0.0,0.0,1,8,0.0,6,5,1,1
19775,26.0,2,999,0,1.1,93.994,-36.4,4.857,5191.0,999.0,0,1.0,0.0,1.0,2,8,0.0,4,5,2,1
19776,30.0,1,10,1,-1.8,92.893,-46.2,1.327,5099.1,0.333333333333,4,1.0,0.0,0.0,1,8,0.0,4,5,1,3
19777,30.0,1,999,0,1.4,93.918,-42.7,4.962,5228.1,999.0,0,1.0,0.0,0.0,2,5,0.0,6,7,1,1
19778,47.0,1,999,0,1.4,93.918,-42.7,4.962,5228.1,999.0,0,0.0,0.0,0.0,2,6,0.0,5,7,1,1
19779,36.0,10,999,0,1.4,93.918,-42.7,4.963,5228.1,999.0,0,0.0,0.0,0.0,2,8,0.0,3,7,1,1
19780,31.0,5,999,0,-1.8,92.893,-46.2,1.291,5099.1,999.0,0,0.0,0.0,1.0,4,8,0.0,4,5,1,1
19781,44.0,2,999,0,1.4,93.918,-42.7,4.962,5228.1,999.0,0,0.0,0.0,1.0,1,5,0.0,4,7,2,1
19782,38.0,1,999,0,-3.4,92.431,-26.9,0.739,5017.5,999.0,0,0.0,0.0,0.0,2,7,0.0,5,10,1,1
19783,31.0,2,999,0,1.1,93.994,-36.4,4.859,5191.0,999.0,0,0.0,0.0,1.0,2,6,0.0,4,5,1,1
19784,52.0,1,999,0,-1.8,93.075,-47.1,1.405,5099.1,999.0,0,1.0,0.0,0.0,2,8,0.0,9,4,2,1
19785,30.0,2,999,0,1.4,93.444,-36.1,4.963,5228.1,999.0,0,1.0,1.0,0.0,1,8,0.0,5,8,2,1
19786,31.0,1,999,0,1.1,93.994,-36.4,4.857,5191.0,999.0,0,1.0,0.0,1.0,2,8,0.0,4,5,2,1
19787,60.0,1,999,2,-3.4,92.379,-29.8,0.743,5017.5,999.0,2,1.0,0.0,0.0,3,6,0.0,8,9,1,2
19788,35.0,2,999,0,1.4,93.444,-36.1,4.965,5228.1,999.0,0,1.0,0.0,0.0,1,6,0.0,5,8,1,1
19789,30.0,2,999,0,-0.1,93.2,-42.0,4.153,5195.8,999.0,0,1.0,1.0,0.0,1,5,0.0,6,11,1,1
19790,36.0,7,999,0,1.4,94.465,-41.8,4.961,5228.1,999.0,0,1.0,0.0,1.0,2,7,0.0,1,6,1,1
19791,48.0,1,999,0,1.4,93.444,-36.1,4.968,5228.1,999.0,0,0.0,1.0,0.0,2,8,0.0,4,8,1,1
19792,30.0,1,999,0,-1.8,92.893,-46.2,1.25,5099.1,999.0,0,1.0,0.0,0.0,1,8,0.0,9,5,1,1
19793,47.0,1,999,0,-0.1,93.2,-42.0,4.12,5195.8,999.0,0,1.0,0.0,0.0,2,6,0.0,10,11,1,1
19794,42.0,1,999,0,1.1,93.994,-36.4,4.858,5191.0,999.0,0,1.0,1.0,1.0,3,8,0.0,4,5,2,1
19795,29.0,2,999,1,-1.8,92.893,-46.2,1.313,5099.1,999.0,2,0.0,0.0,0.0,1,4,0.0,4,5,1,2
19796,31.0,2,999,0,1.4,94.465,-41.8,4.864,5228.1,999.0,0,0.0,0.0,1.0,1,7,0.0,12,6,1,1
19797,40.0,13,999,0,1.4,94.465,-41.8,4.959,5228.1,999.0,0,1.0,1.0,1.0,1,5,0.0,6,6,1,1
19798,34.0,3,999,0,-1.8,93.075,-47.1,1.392,5099.1,999.0,0,0.0,0.0,1.0,2,8,0.0,12,4,2,1
19799,53.0,2,999,0,-0.1,93.2,-42.0,4.12,5195.8,999.0,0,0.0,0.0,0.0,2,8,0.0,7,11,1,1
19800,31.0,1,999,0,-1.8,92.893,-46.2,1.327,5099.1,999.0,0,1.0,0.0,0.0,3,5,0.0,4,5,1,1
19801,27.0,6,999,0,1.1,93.994,-36.4,4.857,5191.0,999.0,0,1.0,0.0,1.0,2,4,0.0,4,5,1,1
19802,41.0,1,999,0,1.1,93.994,-36.4,4.857,5191.0,999.0,0,0.0,0.0,1.0,2,8,0.0,5,5,2,1
19803,38.0,9,999,0,1.1,93.994,-36.4,4.855,5191.0,999.0,0,0.0,0.0,1.0,2,8,0.0,4,5,1,1
19804,31.0,3,999,0,1.4,93.918,-42.7,4.958,5228.1,999.0,0,1.0,0.0,1.0,1,7,0.0,6,7,1,1
19805,31.0,1,999,0,-1.7,94.055,-39.8,0.707,4991.6,999.0,0,0.0,1.0,1.0,2,8,0.0,9,6,1,1
19806,55.0,1,999,0,-0.1,93.2,-42.0,4.191,5195.8,999.0,0,0.0,0.0,0.0,2,4,0.0,4,11,2,1
19807,31.0,2,999,1,-1.8,92.893,-46.2,1.313,5099.1,999.0,3,1.0,0.0,0.0,1,2,0.0,4,5,1,2
19808,34.0,1,999,0,-0.1,93.2,-42.0,4.076,5195.8,999.0,0,0.0,1.0,0.0,2,7,0.0,3,11,1,1
19809,45.0,2,999,0,1.4,93.444,-36.1,4.963,5228.1,999.0,0,0.0,0.0,0.0,2,8,0.0,6,8,1,1
19810,31.0,2,999,0,1.4,93.918,-42.7,4.962,5228.1,999.0,0,1.0,0.0,0.0,2,7,0.0,7,7,1,1
19811,36.0,5,999,0,-0.1,93.2,-42.0,4.12,5195.8,999.0,0,0.0,0.0,0.0,1,7,0.0,6,11,1,1
19812,31.0,3,999,1,-1.8,92.893,-46.2,1.266,5099.1,999.0,2,1.0,0.0,0.0,1,4,0.0,4,5,1,2
19813,38.0,4,999,0,1.4,93.444,-36.1,4.964,5228.1,999.0,0,1.0,1.0,0.0,2,8,0.0,12,8,1,1
19814,28.0,1,999,0,-1.8,92.893,-46.2,1.266,5099.1,999.0,0,0.0,0.0,0.0,1,2,0.0,4,5,1,1
19815,31.0,3,999,1,-1.8,93.075,-47.1,1.405,5099.1,999.0,2,1.0,1.0,0.0,1,5,0.0,9,4,1,2
19816,56.0,1,999,0,-0.1,93.2,-42.0,4.12,5195.8,999.0,0,1.0,0.0,0.0,1,7,0.0,8,11,1,1
19817,58.0,1,999,0,-1.8,92.893,-46.2,1.344,5099.1,999.0,0,0.0,0.0,0.0,1,7,0.0,6,5,1,1
19818,45.0,1,999,2,-1.8,93.075,-47.1,1.405,5099.1,999.0,0,1.0,1.0,0.0,2,7,0.0,3,4,1,2
19819,31.0,2,999,0,1.4,93.444,-36.1,4.965,5228.1,999.0,0,1.0,0.0,0.0,2,2,0.0,4,8,2,1
19820,74.0,3,999,1,-2.9,92.201,-31.4,0.873,5076.2,999.0,0,1.0,0.0,0.0,2,8,0.0,8,8,1,2
19821,46.0,2,999,0,1.1,93.994,-36.4,4.857,5191.0,999.0,0,1.0,0.0,1.0,3,7,0.0,6,5,1,1
19822,31.0,1,2,4,-1.8,93.876,-40.0,0.677,5008.7,0.0666666666667,8,1.0,0.0,0.0,2,7,0.0,5,5,1,3
19823,31.0,9,999,0,1.1,93.994,-36.4,4.864,5191.0,999.0,0,0.0,0.0,1.0,2,4,0.0,4,5,1,1
19824,40.0,3,999,0,1.4,93.444,-36.1,4.963,5228.1,999.0,0,1.0,0.0,0.0,2,6,0.0,5,8,1,1
19825,35.0,1,999,0,1.1,93.994,-36.4,4.857,5191.0,999.0,0,0.0,0.0,1.0,2,5,0.0,9,5,1,1
19826,31.0,1,999,0,1.4,94.465,-41.8,4.865,5228.1,999.0,0,0.0,0.0,1.0,2,8,0.0,10,6,2,1
19827,31.0,6,999,0,-1.8,92.893,-46.2,1.266,5099.1,999.0,0,1.0,0.0,0.0,1,8,0.0,6,5,1,1
19828,25.0,1,999,0,1.4,93.918,-42.7,4.963,5228.1,999.0,0,0.0,1.0,0.0,1,8,0.0,9,7,1,1
19829,31.0,3,999,1,-1.8,93.075,-47.1,1.453,5099.1,999.0,1,1.0,0.0,0.0,2,8,0.0,9,4,1,2
19830,39.0,1,999,0,-1.8,92.893,-46.2,1.25,5099.1,999.0,0,1.0,0.0,0.0,1,8,0.0,7,5,1,1
19831,34.0,2,999,0,1.4,93.918,-42.7,4.962,5228.1,999.0,0,1.0,0.0,0.0,1,8,0.0,6,7,1,1
19832,60.0,2,999,0,-3.0,92.713,-33.0,0.718,5023.5,999.0,0,1.0,0.0,0.0,2,7,0.0,8,12,1,1
19833,26.0,2,999,0,-1.8,92.893,-46.2,1.266,5099.1,999.0,0,1.0,0.0,0.0,1,7,0.0,4,5,1,1
19834,36.0,2,999,0,1.4,94.465,-41.8,4.865,5228.1,999.0,0,1.0,0.0,1.0,2,7,0.0,6,6,1,1
19835,54.0,3,999,0,1.4,93.918,-42.7,4.962,5228.1,999.0,0,1.0,1.0,0.0,3,2,0.0,2,7,2,1
19836,33.0,9,999,0,1.4,93.444,-36.1,4.964,5228.1,999.0,0,0.0,0.0,0.0,2,7,0.0,6,8,1,1
19837,32.0,4,999,0,1.4,93.918,-42.7,4.962,5228.1,999.0,0,0.0,0.0,0.0,1,2,0.0,4,7,2,1
19838,41.0,1,999,0,1.4,93.444,-36.1,4.963,5228.1,999.0,0,1.0,1.0,0.0,2,7,0.0,1,8,2,1
19839,22.0,2,999,0,1.4,93.918,-42.7,4.961,5228.1,999.0,0,1.0,0.0,0.0,2,4,0.0,9,7,1,1
19840,31.0,1,999,0,1.1,93.994,-36.4,4.856,5191.0,999.0,0,0.0,0.0,1.0,2,6,0.0,10,5,1,1
19841,35.0,2,999,0,-3.4,92.431,-26.9,0.739,5017.5,999.0,0,1.0,1.0,0.0,1,7,0.0,1,10,2,1
19842,38.0,2,999,0,-2.9,92.201,-31.4,0.843,5076.2,999.0,0,1.0,0.0,0.0,1,8,0.0,10,8,2,1
19843,46.0,3,999,0,1.4,94.465,-41.8,4.967,5228.1,999.0,0,0.0,1.0,1.0,2,8,0.0,5,6,1,1
19844,35.0,1,999,1,-1.8,93.075,-47.1,1.405,5099.1,999.0,0,1.0,0.0,0.0,2,7,0.0,6,4,2,2
19845,48.0,3,999,0,1.4,94.465,-41.8,4.962,5228.1,999.0,0,1.0,0.0,1.0,3,8,0.0,5,6,1,1
19846,31.0,6,999,0,1.1,93.994,-36.4,4.857,5191.0,999.0,0,1.0,0.0,1.0,1,8,0.0,5,5,2,1
19847,31.0,1,999,0,-1.8,92.893,-46.2,1.266,5099.1,999.0,0,0.0,0.0,0.0,2,7,0.0,6,5,1,1
19848,37.0,1,999,0,-1.8,92.893,-46.2,1.244,5099.1,999.0,0,1.0,0.0,0.0,2,6,0.0,4,5,2,1
19849,81.0,2,4,1,-2.9,92.201,-31.4,0.873,5076.2,0.133333333333,4,0.0,0.0,0.0,2,8,0.0,8,8,1,3
19850,47.0,1,999,0,1.4,93.444,-36.1,4.965,5228.1,999.0,0,1.0,0.0,0.0,2,8,0.0,6,8,2,1
19851,31.0,1,999,0,1.4,93.444,-36.1,4.964,5228.1,999.0,0,1.0,0.0,0.0,2,5,0.0,5,8,1,1
19852,58.0,1,999,1,-1.8,92.893,-46.2,1.244,5099.1,999.0,1,0.0,0.0,0.0,2,8,0.0,3,5,2,2
19853,31.0,2,999,0,1.1,93.994,-36.4,4.857,5191.0,999.0,0,1.0,1.0,1.0,1,8,0.0,2,5,1,1
19854,36.0,4,999,0,1.4,93.918,-42.7,4.956,5228.1,999.0,0,0.0,0.0,1.0,1,8,0.0,5,7,1,1
19855,31.0,1,999,0,-1.8,93.075,-47.1,1.405,5099.1,999.0,0,1.0,0.0,0.0,2,7,0.0,6,4,1,1
19856,46.0,1,999,0,-2.9,92.469,-33.6,1.044,5076.2,999.0,0,1.0,1.0,0.0,3,5,0.0,6,7,1,1
19857,27.0,1,999,0,1.4,93.918,-42.7,4.96,5228.1,999.0,0,0.0,0.0,0.0,1,4,0.0,4,7,1,1
19858,55.0,3,999,0,1.4,93.918,-42.7,4.963,5228.1,999.0,0,1.0,0.0,0.0,2,8,0.0,12,7,1,1
19859,33.0,3,999,0,-0.1,93.2,-42.0,4.076,5195.8,999.0,0,0.0,0.0,0.0,2,5,0.0,9,11,1,1
19860,31.0,1,11,1,-1.8,92.893,-46.2,1.344,5099.1,0.366666666667,0,0.0,0.0,0.0,2,3,0.0,4,5,1,3
19861,53.0,11,999,0,1.4,93.444,-36.1,4.963,5228.1,999.0,0,1.0,1.0,0.0,2,8,0.0,5,8,2,1
19862,43.0,3,999,0,-2.9,92.201,-31.4,0.881,5076.2,999.0,0,1.0,0.0,0.0,1,5,0.0,6,8,1,1
19863,31.0,6,999,0,1.4,94.465,-41.8,4.864,5228.1,999.0,0,1.0,0.0,1.0,2,8,0.0,4,6,1,1
19864,31.0,1,999,0,1.4,93.444,-36.1,4.964,5228.1,999.0,0,1.0,0.0,0.0,2,8,0.0,3,8,1,1
19865,60.0,1,999,0,1.1,93.994,-36.4,4.855,5191.0,999.0,0,1.0,0.0,1.0,2,5,0.0,9,5,1,1
19866,31.0,1,999,0,-1.7,94.055,-39.8,0.761,4991.6,999.0,0,1.0,0.0,1.0,1,6,0.0,5,6,1,1
19867,51.0,3,999,0,1.1,93.994,-36.4,4.857,5191.0,999.0,0,0.0,1.0,1.0,2,8,0.0,4,5,2,1
19868,31.0,8,999,0,-1.8,92.893,-46.2,1.334,5099.1,999.0,0,0.0,0.0,0.0,3,6,0.0,5,5,1,1
19869,32.0,1,999,0,1.4,93.444,-36.1,4.963,5228.1,999.0,0,0.0,1.0,0.0,3,6,0.0,5,8,1,1
19870,52.0,2,999,0,1.4,94.465,-41.8,4.961,5228.1,999.0,0,1.0,0.0,1.0,2,2,0.0,4,6,1,1
19871,24.0,1,999,1,-1.8,92.893,-46.2,1.266,5099.1,999.0,2,1.0,1.0,0.0,1,2,0.0,4,5,1,2
19872,31.0,1,3,1,-3.4,92.649,-30.1,0.716,5017.5,0.1,1,0.0,0.0,0.0,2,7,0.0,8,11,1,3
19873,31.0,1,999,0,1.1,93.994,-36.4,4.857,5191.0,999.0,0,0.0,0.0,1.0,2,5,0.0,3,5,1,1
19874,59.0,1,999,0,-2.9,92.469,-33.6,1.085,5076.2,999.0,0,1.0,1.0,0.0,2,8,0.0,6,7,1,1
19875,31.0,2,999,0,1.4,93.918,-42.7,4.963,5228.1,999.0,0,1.0,0.0,1.0,2,7,0.0,6,7,1,1
19876,50.0,2,999,0,-0.1,93.2,-42.0,4.076,5195.8,999.0,0,0.0,0.0,0.0,3,5,0.0,3,11,1,1
19877,33.0,2,999,0,-0.1,93.2,-42.0,4.021,5195.8,999.0,0,1.0,0.0,0.0,2,7,0.0,1,11,1,1
19878,46.0,2,999,0,1.4,94.465,-41.8,4.866,5228.1,999.0,0,1.0,0.0,1.0,2,8,0.0,5,6,1,1
19879,53.0,1,999,0,1.1,93.994,-36.4,4.857,5191.0,999.0,0,1.0,0.0,1.0,2,6,0.0,5,5,1,1
19880,31.0,1,999,0,1.4,93.918,-42.7,4.958,5228.1,999.0,0,1.0,1.0,0.0,2,8,0.0,9,7,1,1
19881,43.0,2,999,0,1.4,94.465,-41.8,4.967,5228.1,999.0,0,1.0,1.0,1.0,2,5,0.0,3,6,1,1
19882,31.0,1,999,0,1.4,93.918,-42.7,4.963,5228.1,999.0,0,1.0,0.0,1.0,2,8,0.0,6,7,1,1
19883,54.0,3,999,0,1.4,94.465,-41.8,4.959,5228.1,999.0,0,1.0,0.0,1.0,3,2,0.0,2,6,1,1
19884,31.0,1,999,0,-1.8,92.893,-46.2,1.344,5099.1,999.0,0,1.0,0.0,0.0,2,8,0.0,9,5,1,1
19885,28.0,3,999,0,1.1,93.994,-36.4,4.857,5191.0,999.0,0,0.0,0.0,1.0,2,4,0.0,7,5,2,1
19886,33.0,4,999,0,1.1,93.994,-36.4,4.859,5191.0,999.0,0,0.0,1.0,1.0,2,4,0.0,4,5,1,1
19887,41.0,1,999,0,-1.8,93.075,-47.1,1.365,5099.1,999.0,0,1.0,1.0,0.0,3,6,0.0,5,4,1,1
19888,53.0,1,999,0,1.4,93.918,-42.7,4.961,5228.1,999.0,0,0.0,0.0,0.0,3,2,0.0,4,7,1,1
19889,31.0,4,999,0,-1.8,92.893,-46.2,1.313,5099.1,999.0,0,0.0,0.0,0.0,1,5,0.0,4,5,1,1
19890,35.0,2,999,0,1.4,94.465,-41.8,4.967,5228.1,999.0,0,0.0,0.0,1.0,3,3,0.0,4,6,1,1
19891,32.0,1,999,0,1.4,94.465,-41.8,4.864,5228.1,999.0,0,0.0,0.0,1.0,3,4,0.0,4,6,1,1
19892,31.0,15,999,0,1.4,94.465,-41.8,4.967,5228.1,999.0,0,1.0,1.0,1.0,2,8,0.0,4,6,1,1
19893,31.0,1,999,0,1.1,93.994,-36.4,4.859,5191.0,999.0,0,0.0,0.0,1.0,1,5,0.0,10,5,1,1
19894,37.0,2,999,0,1.4,94.465,-41.8,4.865,5228.1,999.0,0,1.0,0.0,1.0,2,7,0.0,6,6,2,1
19895,31.0,3,999,0,1.4,93.918,-42.7,4.96,5228.1,999.0,0,1.0,0.0,0.0,2,6,0.0,3,7,2,1
19896,34.0,6,6,1,-1.8,93.369,-34.8,0.646,5008.7,0.2,3,0.0,0.0,1.0,2,6,0.0,5,3,2,3
19897,31.0,1,999,0,-1.7,94.055,-39.8,0.72,4991.6,999.0,0,1.0,0.0,0.0,1,5,0.0,11,6,2,1
19898,58.0,7,999,0,1.1,93.994,-36.4,4.86,5191.0,999.0,0,0.0,0.0,1.0,3,7,0.0,3,5,1,1
19899,41.0,2,999,0,1.4,94.465,-41.8,4.959,5228.1,999.0,0,1.0,0.0,1.0,2,8,0.0,4,6,1,1
19900,46.0,9,999,0,1.4,93.918,-42.7,4.962,5228.1,999.0,0,1.0,0.0,0.0,2,6,0.0,5,7,1,1
19901,30.0,1,999,0,-0.1,93.2,-42.0,4.12,5195.8,999.0,0,0.0,0.0,0.0,2,6,0.0,9,11,1,1
19902,45.0,1,999,0,1.4,93.444,-36.1,4.964,5228.1,999.0,0,1.0,0.0,0.0,2,1,0.0,4,8,1,1
19903,57.0,5,999,0,1.1,93.994,-36.4,4.857,5191.0,999.0,0,0.0,1.0,1.0,2,8,0.0,5,5,2,1
19904,59.0,2,999,1,-1.8,92.893,-46.2,1.334,5099.1,999.0,2,0.0,0.0,0.0,2,5,0.0,6,5,1,2
19905,71.0,1,999,0,-3.4,92.379,-29.8,0.803,5017.5,999.0,0,0.0,0.0,0.0,2,6,0.0,8,9,1,1
19906,31.0,2,999,0,1.4,93.444,-36.1,4.963,5228.1,999.0,0,1.0,1.0,0.0,2,8,0.0,6,8,1,1
19907,53.0,1,999,0,1.4,94.465,-41.8,4.864,5228.1,999.0,0,1.0,1.0,1.0,2,8,0.0,2,6,1,1
19908,31.0,4,999,1,-1.8,92.893,-46.2,1.291,5099.1,999.0,4,1.0,0.0,0.0,1,7,0.0,5,5,1,2
19909,35.0,1,999,0,1.4,93.918,-42.7,4.968,5228.1,999.0,0,0.0,0.0,0.0,2,4,0.0,4,7,1,1
19910,27.0,1,999,2,-1.1,94.601,-49.5,0.982,4963.6,999.0,4,0.0,0.0,0.0,1,8,0.0,4,10,1,2
19911,46.0,2,999,0,1.4,94.465,-41.8,4.961,5228.1,999.0,0,0.0,0.0,1.0,2,2,0.0,4,6,2,1
19912,30.0,1,999,0,-0.1,93.2,-42.0,4.191,5195.8,999.0,0,1.0,0.0,0.0,2,8,0.0,9,11,2,1
19913,31.0,2,999,0,1.4,93.444,-36.1,4.965,5228.1,999.0,0,1.0,0.0,0.0,2,6,0.0,6,8,1,1
19914,47.0,7,999,0,1.1,93.994,-36.4,4.864,5191.0,999.0,0,0.0,0.0,1.0,2,4,0.0,4,5,1,1
19915,51.0,2,999,0,-2.9,92.963,-40.8,1.26,5076.2,999.0,0,1.0,0.0,0.0,2,3,0.0,10,6,1,1
19916,25.0,2,999,0,-1.8,92.893,-46.2,1.299,5099.1,999.0,0,1.0,0.0,0.0,1,8,0.0,11,5,2,1
19917,27.0,23,999,0,1.4,93.918,-42.7,4.968,5228.1,999.0,0,1.0,0.0,1.0,1,5,0.0,6,7,1,1
19918,31.0,3,999,0,-0.1,93.2,-42.0,4.076,5195.8,999.0,0,1.0,0.0,0.0,2,2,0.0,10,11,1,1
19919,36.0,4,999,0,1.1,93.994,-36.4,4.859,5191.0,999.0,0,1.0,1.0,1.0,2,4,0.0,4,5,1,1
19920,29.0,3,999,0,-1.8,92.893,-46.2,1.334,5099.1,999.0,0,1.0,0.0,0.0,1,6,0.0,4,5,1,1
19921,46.0,2,999,0,1.1,93.994,-36.4,4.858,5191.0,999.0,0,0.0,0.0,1.0,2,6,0.0,7,5,1,1
19922,34.0,1,999,0,1.4,94.465,-41.8,4.961,5228.1,999.0,0,0.0,0.0,1.0,2,7,0.0,5,6,2,1
19923,34.0,1,999,0,-2.9,92.201,-31.4,0.884,5076.2,999.0,0,0.0,0.0,0.0,1,6,0.0,5,8,1,1
19924,31.0,1,999,1,-1.8,93.369,-34.8,0.646,5008.7,999.0,3,0.0,1.0,0.0,2,7,0.0,10,3,2,2
19925,31.0,2,999,0,1.4,94.465,-41.8,4.959,5228.1,999.0,0,0.0,0.0,1.0,3,8,0.0,9,6,1,1
19926,54.0,2,999,0,1.1,93.994,-36.4,4.857,5191.0,999.0,0,1.0,1.0,1.0,1,2,0.0,4,5,1,1
19927,56.0,1,999,0,1.1,93.994,-36.4,4.858,5191.0,999.0,0,0.0,1.0,1.0,2,7,0.0,3,5,1,1
19928,31.0,1,999,0,-0.1,93.2,-42.0,4.474,5195.8,999.0,0,1.0,0.0,1.0,2,8,0.0,6,11,1,1
19929,36.0,1,999,0,-3.4,92.379,-29.8,0.766,5017.5,999.0,0,1.0,0.0,0.0,2,8,0.0,6,9,1,1
19930,36.0,1,999,0,-1.8,93.075,-47.1,1.445,5099.1,999.0,0,0.0,1.0,0.0,2,7,0.0,3,4,1,1
19931,31.0,1,999,0,-1.8,93.075,-47.1,1.365,5099.1,999.0,0,0.0,0.0,0.0,1,7,0.0,6,4,1,1
19932,32.0,2,3,2,-3.4,92.649,-30.1,0.714,5017.5,0.1,4,0.0,0.0,0.0,2,7,0.0,1,11,1,3
19933,31.0,2,999,0,1.1,93.994,-36.4,4.856,5191.0,999.0,0,1.0,1.0,1.0,1,4,0.0,11,5,1,1
19934,34.0,2,999,0,-2.9,92.963,-40.8,1.266,5076.2,999.0,0,1.0,0.0,0.0,2,8,0.0,4,6,2,1
19935,37.0,4,999,0,1.1,93.994,-36.4,4.856,5191.0,999.0,0,0.0,0.0,1.0,2,6,0.0,5,5,1,1
19936,31.0,2,999,0,1.1,93.994,-36.4,4.857,5191.0,999.0,0,1.0,0.0,1.0,3,8,0.0,7,5,1,1
19937,54.0,2,999,0,1.4,93.444,-36.1,4.963,5228.1,999.0,0,1.0,0.0,0.0,2,6,0.0,5,8,1,1
19938,36.0,1,999,0,-1.8,92.893,-46.2,1.313,5099.1,999.0,0,0.0,0.0,0.0,2,5,0.0,9,5,1,1
19939,31.0,1,999,0,-1.8,93.075,-47.1,1.453,5099.1,999.0,0,1.0,0.0,0.0,1,7,0.0,8,4,1,1
19940,53.0,22,999,0,1.4,94.465,-41.8,4.959,5228.1,999.0,0,0.0,1.0,1.0,2,2,0.0,4,6,1,1
19941,31.0,1,6,4,-1.1,94.199,-37.5,0.878,4963.6,0.2,0,1.0,0.0,0.0,1,8,0.0,1,9,1,3
19942,36.0,1,999,0,-1.8,93.075,-47.1,1.405,5099.1,999.0,0,0.0,0.0,0.0,2,8,0.0,6,4,2,1
19943,40.0,4,999,0,1.4,93.918,-42.7,4.961,5228.1,999.0,0,1.0,0.0,0.0,1,8,0.0,6,7,1,1
19944,31.0,5,999,1,-1.8,93.075,-47.1,1.4,5099.1,999.0,0,0.0,0.0,0.0,1,7,0.0,5,4,1,2
19945,50.0,2,999,0,1.4,93.918,-42.7,4.962,5228.1,999.0,0,1.0,0.0,0.0,2,2,0.0,4,7,2,1
19946,31.0,5,999,0,1.4,93.444,-36.1,4.964,5228.1,999.0,0,1.0,0.0,0.0,2,4,0.0,9,8,1,1
19947,37.0,1,999,0,-1.8,93.075,-47.1,1.405,5099.1,999.0,0,0.0,0.0,0.0,2,8,0.0,3,4,2,1
19948,44.0,1,999,0,1.4,93.918,-42.7,4.963,5228.1,999.0,0,1.0,0.0,0.0,2,5,0.0,9,7,1,1
19949,31.0,5,999,0,-1.8,92.893,-46.2,1.291,5099.1,999.0,0,1.0,0.0,0.0,2,8,0.0,6,5,1,1
19950,28.0,2,999,0,1.1,93.994,-36.4,4.856,5191.0,999.0,0,1.0,0.0,1.0,1,4,0.0,12,5,1,1
19951,31.0,3,999,0,1.4,94.465,-41.8,4.865,5228.1,999.0,0,0.0,0.0,1.0,3,2,0.0,4,6,2,1
19952,31.0,1,999,0,1.4,93.918,-42.7,4.958,5228.1,999.0,0,0.0,0.0,0.0,2,8,0.0,8,7,1,1
19953,39.0,4,999,0,1.4,93.918,-42.7,4.963,5228.1,999.0,0,0.0,0.0,0.0,1,8,0.0,9,7,1,1
19954,50.0,12,999,0,1.4,94.465,-41.8,4.959,5228.1,999.0,0,1.0,0.0,1.0,2,8,0.0,7,6,1,1
19955,31.0,10,999,0,1.4,93.918,-42.7,4.966,5228.1,999.0,0,0.0,0.0,1.0,2,8,0.0,6,7,1,1
19956,25.0,1,999,0,1.4,93.918,-42.7,4.963,5228.1,999.0,0,1.0,1.0,0.0,1,5,0.0,9,7,1,1
19957,29.0,1,999,0,1.4,94.465,-41.8,4.962,5228.1,999.0,0,0.0,0.0,1.0,1,6,0.0,7,6,1,1
19958,36.0,1,999,0,1.4,93.444,-36.1,4.963,5228.1,999.0,0,1.0,0.0,0.0,2,7,0.0,5,8,1,1
19959,31.0,16,999,0,1.4,93.444,-36.1,4.963,5228.1,999.0,0,0.0,0.0,0.0,1,6,0.0,5,8,1,1
19960,59.0,6,999,0,1.4,93.444,-36.1,4.965,5228.1,999.0,0,1.0,0.0,0.0,2,2,0.0,8,8,2,1
19961,30.0,3,999,0,1.4,93.444,-36.1,4.963,5228.1,999.0,0,0.0,0.0,0.0,1,8,0.0,5,8,2,1
19962,46.0,1,999,0,1.1,93.994,-36.4,4.86,5191.0,999.0,0,1.0,0.0,1.0,2,8,0.0,6,5,1,1
19963,31.0,2,999,0,1.1,93.994,-36.4,4.857,5191.0,999.0,0,0.0,0.0,1.0,2,4,0.0,6,5,1,1
19964,31.0,1,999,0,-1.8,93.075,-47.1,1.405,5099.1,999.0,0,1.0,1.0,0.0,2,8,0.0,4,4,2,1
19965,31.0,1,999,1,-1.8,93.075,-47.1,1.405,5099.1,999.0,4,0.0,1.0,0.0,3,7,0.0,6,4,2,2
19966,32.0,1,999,0,-2.9,92.201,-31.4,0.873,5076.2,999.0,0,1.0,0.0,0.0,2,5,0.0,9,8,1,1
19967,41.0,1,999,0,-1.8,93.075,-47.1,1.405,5099.1,999.0,0,1.0,0.0,0.0,3,5,0.0,4,4,2,1
19968,31.0,1,999,1,-1.7,94.215,-40.3,0.802,4991.6,999.0,1,0.0,0.0,0.0,1,5,0.0,6,7,1,2
19969,31.0,4,999,0,-1.8,92.893,-46.2,1.327,5099.1,999.0,0,0.0,1.0,0.0,2,6,0.0,5,5,1,1
19970,31.0,4,999,0,1.1,93.994,-36.4,4.855,5191.0,999.0,0,0.0,0.0,1.0,3,5,0.0,9,5,1,1
19971,38.0,3,999,0,-1.8,92.893,-46.2,1.291,5099.1,999.0,0,1.0,0.0,0.0,3,8,0.0,11,5,1,1
19972,43.0,1,999,0,1.4,93.918,-42.7,4.962,5228.1,999.0,0,1.0,0.0,0.0,2,2,0.0,2,7,1,1
19973,55.0,2,999,0,1.1,93.994,-36.4,4.857,5191.0,999.0,0,0.0,0.0,1.0,2,2,0.0,4,5,2,1
19974,49.0,3,999,0,1.1,93.994,-36.4,4.856,5191.0,999.0,0,1.0,0.0,1.0,2,8,0.0,4,5,1,1
19975,51.0,3,999,0,-0.1,93.2,-42.0,4.12,5195.8,999.0,0,1.0,0.0,1.0,3,7,0.0,7,11,1,1
19976,38.0,7,999,0,1.1,93.994,-36.4,4.86,5191.0,999.0,0,1.0,0.0,1.0,1,3,0.0,4,5,1,1
19977,31.0,1,999,0,1.4,93.444,-36.1,4.963,5228.1,999.0,0,1.0,0.0,0.0,3,5,0.0,9,8,1,1
19978,28.0,4,999,0,1.1,93.994,-36.4,4.857,5191.0,999.0,0,1.0,1.0,1.0,2,5,0.0,6,5,2,1
19979,32.0,1,999,0,1.4,93.444,-36.1,4.967,5228.1,999.0,0,0.0,0.0,0.0,1,8,0.0,6,8,1,1
19980,31.0,3,999,0,-0.1,93.2,-42.0,4.12,5195.8,999.0,0,0.0,0.0,0.0,2,8,0.0,7,11,1,1
19981,31.0,2,999,0,-1.8,93.075,-47.1,1.498,5099.1,999.0,0,1.0,0.0,0.0,2,8,0.0,6,4,1,1
19982,28.0,8,999,0,1.4,94.465,-41.8,4.962,5228.1,999.0,0,0.0,0.0,1.0,1,5,0.0,6,6,1,1
19983,31.0,3,999,0,-1.7,94.215,-40.3,0.899,4991.6,999.0,0,0.0,0.0,1.0,2,8,0.0,12,7,1,1
19984,37.0,1,999,0,1.4,93.444,-36.1,4.966,5228.1,999.0,0,1.0,1.0,0.0,2,6,0.0,5,8,1,1
19985,29.0,1,999,0,-1.8,92.893,-46.2,1.313,5099.1,999.0,0,1.0,0.0,0.0,1,2,0.0,4,5,1,1
19986,41.0,4,999,0,1.4,93.444,-36.1,4.964,5228.1,999.0,0,1.0,0.0,0.0,2,6,0.0,5,8,1,1
19987,49.0,1,999,1,-0.1,93.2,-42.0,4.12,5195.8,999.0,1,1.0,0.0,0.0,2,4,0.0,4,11,1,2
19988,41.0,1,999,0,1.1,93.994,-36.4,4.86,5191.0,999.0,0,0.0,0.0,1.0,2,3,0.0,4,5,1,1
19989,42.0,1,999,0,1.4,94.465,-41.8,4.864,5228.1,999.0,0,1.0,1.0,1.0,2,8,0.0,6,6,1,1
19990,36.0,1,999,1,-2.9,92.963,-40.8,1.26,5076.2,999.0,2,1.0,0.0,0.0,2,7,0.0,3,6,1,2
19991,30.0,7,999,0,1.4,93.444,-36.1,4.962,5228.1,999.0,0,0.0,0.0,0.0,3,8,0.0,6,8,1,1
19992,47.0,1,999,0,1.4,93.918,-42.7,4.963,5228.1,999.0,0,1.0,0.0,0.0,1,8,0.0,1,7,1,1
19993,40.0,3,999,0,-0.1,93.2,-42.0,4.021,5195.8,999.0,0,0.0,0.0,0.0,1,5,0.0,9,11,1,1
19994,28.0,5,999,0,1.4,94.465,-41.8,4.962,5228.1,999.0,0,1.0,0.0,1.0,1,8,0.0,6,6,1,1
19995,51.0,5,999,0,-1.8,93.075,-47.1,1.405,5099.1,999.0,0,0.0,0.0,0.0,2,4,0.0,4,4,2,1
19996,34.0,4,999,1,-1.8,92.893,-46.2,1.344,5099.1,999.0,1,0.0,0.0,0.0,2,5,0.0,9,5,1,2
19997,31.0,7,999,0,1.1,93.994,-36.4,4.857,5191.0,999.0,0,1.0,0.0,1.0,2,7,0.0,3,5,1,1
19998,31.0,1,999,0,1.1,93.994,-36.4,4.857,5191.0,999.0,0,0.0,0.0,1.0,2,8,0.0,4,5,1,1
19999,31.0,1,999,0,1.4,93.918,-42.7,4.968,5228.1,999.0,0,1.0,1.0,0.0,2,7,0.0,5,7,1,1
20000,37.0,3,999,0,1.4,93.918,-42.7,4.957,5228.1,999.0,0,0.0,0.0,0.0,3,5,0.0,7,7,1,1
20001,31.0,1,999,0,1.4,93.918,-42.7,4.963,5228.1,999.0,0,1.0,0.0,0.0,2,7,0.0,3,7,1,1
20002,39.0,3,999,0,-0.1,93.2,-42.0,4.076,5195.8,999.0,0,1.0,1.0,0.0,2,8,0.0,3,11,1,1
20003,44.0,3,999,0,1.1,93.994,-36.4,4.857,5191.0,999.0,0,1.0,0.0,1.0,2,5,0.0,4,5,2,1
20004,31.0,2,999,0,1.4,93.444,-36.1,4.965,5228.1,999.0,0,1.0,1.0,0.0,2,2,0.0,9,8,1,1
20005,42.0,1,999,0,1.4,94.465,-41.8,4.967,5228.1,999.0,0,0.0,0.0,1.0,2,8,0.0,8,6,1,1
20006,28.0,1,6,1,-1.7,94.215,-40.3,0.846,4991.6,0.2,3,1.0,0.0,0.0,1,8,0.0,9,7,1,3
20007,31.0,1,999,0,1.4,93.444,-36.1,4.968,5228.1,999.0,0,1.0,1.0,0.0,2,7,0.0,3,8,1,1
20008,33.0,3,999,0,-2.9,92.201,-31.4,0.821,5076.2,999.0,0,1.0,0.0,0.0,2,8,0.0,1,8,2,1
20009,54.0,2,999,0,1.4,93.918,-42.7,4.958,5228.1,999.0,0,0.0,0.0,0.0,2,4,0.0,4,7,1,1
20010,28.0,1,999,1,-1.8,93.749,-34.6,0.663,5008.7,999.0,0,0.0,1.0,0.0,1,8,0.0,5,4,1,2
20011,31.0,2,999,0,1.1,93.994,-36.4,4.856,5191.0,999.0,0,1.0,0.0,1.0,2,4,0.0,1,5,1,1
20012,31.0,1,999,1,-0.1,93.2,-42.0,4.021,5195.8,999.0,4,1.0,1.0,0.0,2,8,0.0,10,11,1,2
20013,58.0,2,999,0,-1.8,93.075,-47.1,1.405,5099.1,999.0,0,1.0,0.0,0.0,2,8,0.0,5,4,2,1
20014,31.0,2,999,1,-0.1,93.2,-42.0,4.076,5195.8,999.0,4,1.0,0.0,0.0,1,8,0.0,5,11,1,2
20015,29.0,2,999,2,-1.8,92.893,-46.2,1.299,5099.1,999.0,0,1.0,0.0,0.0,2,4,0.0,4,5,2,2
20016,31.0,4,999,0,1.1,93.994,-36.4,4.857,5191.0,999.0,0,0.0,0.0,1.0,2,2,0.0,9,5,1,1
20017,31.0,3,999,0,1.4,93.444,-36.1,4.964,5228.1,999.0,0,0.0,0.0,0.0,2,2,0.0,4,8,1,1
20018,31.0,3,999,0,1.1,93.994,-36.4,4.859,5191.0,999.0,0,0.0,0.0,1.0,1,7,0.0,6,5,1,1
20019,30.0,1,999,1,-1.8,92.893,-46.2,1.266,5099.1,999.0,5,0.0,0.0,0.0,2,3,0.0,6,5,1,2
20020,24.0,1,999,0,-2.9,92.201,-31.4,0.881,5076.2,999.0,0,1.0,0.0,0.0,1,8,0.0,11,8,1,1
20021,30.0,1,999,0,1.4,93.918,-42.7,4.962,5228.1,999.0,0,0.0,0.0,0.0,2,5,0.0,4,7,1,1
20022,41.0,1,999,0,1.4,93.918,-42.7,4.96,5228.1,999.0,0,1.0,1.0,0.0,2,8,0.0,5,7,2,1
20023,31.0,4,999,0,-0.1,93.2,-42.0,4.153,5195.8,999.0,0,1.0,0.0,0.0,1,8,0.0,6,11,1,1
20024,38.0,1,999,0,-1.8,92.893,-46.2,1.313,5099.1,999.0,0,0.0,0.0,0.0,1,8,0.0,4,5,1,1
20025,44.0,1,999,0,1.4,93.918,-42.7,4.963,5228.1,999.0,0,1.0,1.0,0.0,2,5,0.0,6,7,1,1
20026,53.0,1,999,0,1.4,94.465,-41.8,4.958,5228.1,999.0,0,0.0,0.0,1.0,2,8,0.0,5,6,1,1
20027,48.0,1,999,0,1.4,94.465,-41.8,4.959,5228.1,999.0,0,1.0,0.0,1.0,2,8,0.0,4,6,1,1
20028,56.0,2,999,0,1.4,94.465,-41.8,4.865,5228.1,999.0,0,0.0,0.0,1.0,2,2,0.0,9,6,1,1
20029,31.0,1,999,1,-1.8,92.893,-46.2,1.313,5099.1,999.0,3,1.0,0.0,0.0,3,5,0.0,3,5,1,2
20030,57.0,2,999,0,1.1,93.994,-36.4,4.857,5191.0,999.0,0,1.0,0.0,1.0,2,8,0.0,2,5,1,1
20031,19.0,1,999,3,-1.8,93.876,-40.0,0.668,5008.7,999.0,15,1.0,0.0,0.0,1,4,0.0,11,5,1,2
20032,31.0,1,999,0,-1.8,93.075,-47.1,1.365,5099.1,999.0,0,0.0,0.0,0.0,1,5,0.0,6,4,1,1
20033,33.0,2,999,0,1.4,93.444,-36.1,4.968,5228.1,999.0,0,1.0,1.0,0.0,2,7,0.0,6,8,1,1
20034,31.0,1,999,0,-1.8,92.893,-46.2,1.25,5099.1,999.0,0,1.0,1.0,0.0,2,5,0.0,7,5,1,1
20035,37.0,1,999,0,-1.8,93.075,-47.1,1.445,5099.1,999.0,0,1.0,1.0,0.0,2,6,0.0,5,4,1,1
20036,44.0,3,999,0,1.4,93.444,-36.1,4.966,5228.1,999.0,0,1.0,0.0,0.0,2,5,0.0,6,8,1,1
20037,52.0,1,999,0,1.1,93.994,-36.4,4.857,5191.0,999.0,0,0.0,0.0,1.0,3,7,0.0,6,5,2,1
20038,55.0,1,999,0,1.4,94.465,-41.8,4.958,5228.1,999.0,0,1.0,1.0,1.0,2,8,0.0,1,6,1,1
20039,31.0,1,999,0,-1.8,93.075,-47.1,1.41,5099.1,999.0,0,1.0,0.0,0.0,2,7,0.0,5,4,1,1
20040,32.0,8,999,0,1.4,93.918,-42.7,4.963,5228.1,999.0,0,1.0,0.0,1.0,2,8,0.0,6,7,1,1
20041,56.0,1,999,0,1.4,93.918,-42.7,4.963,5228.1,999.0,0,1.0,0.0,0.0,2,4,0.0,4,7,1,1
20042,58.0,2,999,1,-0.1,93.2,-42.0,4.076,5195.8,999.0,1,0.0,0.0,0.0,2,8,0.0,3,11,1,2
20043,31.0,6,999,0,1.4,93.918,-42.7,4.962,5228.1,999.0,0,1.0,0.0,0.0,1,7,0.0,6,7,2,1
20044,45.0,1,999,0,-1.8,93.075,-47.1,1.453,5099.1,999.0,0,1.0,0.0,0.0,2,5,0.0,9,4,1,1
20045,31.0,1,999,0,1.4,93.918,-42.7,4.963,5228.1,999.0,0,1.0,1.0,0.0,2,8,0.0,6,7,1,1
20046,31.0,4,999,0,-1.8,93.369,-34.8,0.635,5008.7,999.0,0,1.0,0.0,1.0,2,5,0.0,9,3,2,1
20047,51.0,2,999,0,1.4,94.465,-41.8,4.967,5228.1,999.0,0,1.0,1.0,1.0,2,2,0.0,4,6,1,1
20048,31.0,4,999,0,1.4,94.465,-41.8,4.864,5228.1,999.0,0,0.0,0.0,1.0,2,8,0.0,4,6,1,1
20049,31.0,4,999,0,-1.8,92.893,-46.2,1.313,5099.1,999.0,0,1.0,0.0,0.0,3,3,0.0,7,5,1,1
20050,36.0,3,999,0,1.1,93.994,-36.4,4.858,5191.0,999.0,0,1.0,0.0,1.0,2,7,0.0,5,5,2,1
20051,38.0,1,999,0,-1.8,92.893,-46.2,1.313,5099.1,999.0,0,1.0,0.0,0.0,2,4,0.0,4,5,1,1
20052,39.0,1,999,0,-1.8,93.075,-47.1,1.405,5099.1,999.0,0,1.0,0.0,1.0,1,5,0.0,10,4,2,1
20053,60.0,1,999,0,-3.4,92.379,-29.8,0.809,5017.5,999.0,0,1.0,1.0,1.0,2,7,0.0,3,9,1,1
20054,23.0,1,3,1,-1.8,93.369,-34.8,0.649,5008.7,0.1,2,0.0,0.0,1.0,1,5,0.0,11,3,1,3
20055,51.0,2,999,0,-1.8,92.893,-46.2,1.266,5099.1,999.0,0,1.0,1.0,0.0,2,2,0.0,4,5,1,1
20056,33.0,2,999,0,-0.1,93.2,-42.0,4.191,5195.8,999.0,0,1.0,0.0,0.0,2,8,0.0,3,11,2,1
20057,27.0,1,999,0,-1.1,94.199,-37.5,0.882,4963.6,999.0,0,0.0,1.0,1.0,1,5,0.0,9,9,2,1
20058,33.0,5,999,0,-1.8,92.893,-46.2,1.266,5099.1,999.0,0,1.0,0.0,0.0,1,8,0.0,4,5,1,1
20059,36.0,2,999,0,1.4,94.465,-41.8,4.958,5228.1,999.0,0,1.0,0.0,1.0,3,7,0.0,1,6,1,1
20060,49.0,3,999,0,1.4,93.444,-36.1,4.964,5228.1,999.0,0,1.0,0.0,0.0,2,6,0.0,5,8,1,1
20061,31.0,1,999,1,-1.8,92.893,-46.2,1.313,5099.1,999.0,0,0.0,0.0,0.0,2,4,0.0,4,5,1,2
20062,44.0,1,999,0,1.4,94.465,-41.8,4.958,5228.1,999.0,0,0.0,0.0,1.0,2,8,0.0,4,6,1,1
20063,31.0,2,999,0,1.4,93.444,-36.1,4.963,5228.1,999.0,0,1.0,0.0,0.0,2,8,0.0,9,8,1,1
20064,50.0,8,999,0,1.4,94.465,-41.8,4.959,5228.1,999.0,0,0.0,0.0,1.0,2,8,0.0,3,6,1,1
20065,48.0,1,999,0,1.4,93.444,-36.1,4.968,5228.1,999.0,0,0.0,0.0,0.0,2,2,0.0,9,8,1,1
20066,34.0,8,999,0,1.4,93.444,-36.1,4.965,5228.1,999.0,0,0.0,0.0,0.0,2,5,0.0,5,8,2,1
20067,36.0,4,999,0,1.4,94.465,-41.8,4.864,5228.1,999.0,0,0.0,0.0,1.0,2,2,0.0,4,6,1,1
20068,48.0,1,6,3,-1.8,93.876,-40.0,0.682,5008.7,0.2,12,0.0,0.0,0.0,2,6,0.0,10,5,1,3
20069,32.0,3,999,0,-0.1,93.2,-42.0,4.021,5195.8,999.0,0,1.0,0.0,0.0,1,6,0.0,5,11,1,1
20070,48.0,3,999,0,1.4,93.918,-42.7,4.96,5228.1,999.0,0,1.0,1.0,1.0,2,2,0.0,4,7,2,1
20071,33.0,3,999,0,-1.8,93.749,-34.6,0.638,5008.7,999.0,0,1.0,0.0,0.0,1,8,0.0,6,4,1,1
20072,48.0,2,999,0,-0.1,93.2,-42.0,4.076,5195.8,999.0,0,1.0,0.0,0.0,1,8,0.0,3,11,1,1
20073,46.0,1,999,0,-2.9,92.201,-31.4,0.873,5076.2,999.0,0,1.0,0.0,0.0,2,7,0.0,6,8,1,1
20074,33.0,1,999,0,1.4,93.444,-36.1,4.97,5228.1,999.0,0,0.0,1.0,0.0,3,8,0.0,5,8,2,1
20075,52.0,3,999,0,1.4,94.465,-41.8,4.967,5228.1,999.0,0,0.0,1.0,1.0,2,8,0.0,7,6,1,1
20076,31.0,2,999,0,1.1,93.994,-36.4,4.855,5191.0,999.0,0,1.0,0.0,1.0,2,4,0.0,2,5,1,1
20077,45.0,3,999,1,-1.8,93.075,-47.1,1.405,5099.1,999.0,2,0.0,0.0,0.0,2,8,0.0,4,4,1,2
20078,31.0,5,999,0,1.4,93.918,-42.7,4.961,5228.1,999.0,0,0.0,1.0,0.0,3,2,0.0,8,7,1,1
20079,54.0,1,999,0,1.4,93.444,-36.1,4.965,5228.1,999.0,0,1.0,0.0,0.0,2,2,0.0,4,8,1,1
20080,28.0,1,999,0,1.4,94.465,-41.8,4.864,5228.1,999.0,0,1.0,1.0,1.0,1,5,0.0,4,6,1,1
20081,50.0,1,999,0,-1.8,92.893,-46.2,1.264,5099.1,999.0,0,1.0,1.0,0.0,3,8,0.0,6,5,2,1
20082,31.0,1,999,0,-3.4,92.431,-26.9,0.74,5017.5,999.0,0,0.0,0.0,0.0,3,5,0.0,6,10,1,1
20083,53.0,2,999,0,1.4,94.465,-41.8,4.961,5228.1,999.0,0,0.0,1.0,1.0,2,2,0.0,4,6,2,1
20084,54.0,2,999,0,1.1,93.994,-36.4,4.857,5191.0,999.0,0,0.0,0.0,1.0,1,8,0.0,9,5,1,1
20085,36.0,7,999,0,1.1,93.994,-36.4,4.857,5191.0,999.0,0,0.0,0.0,1.0,3,5,0.0,3,5,2,1
20086,40.0,2,999,0,1.1,93.994,-36.4,4.857,5191.0,999.0,0,1.0,0.0,1.0,2,4,0.0,4,5,1,1
20087,49.0,2,999,0,-1.8,92.893,-46.2,1.281,5099.1,999.0,0,0.0,0.0,0.0,2,8,0.0,10,5,1,1
20088,34.0,1,999,0,-0.1,93.2,-42.0,4.153,5195.8,999.0,0,1.0,0.0,0.0,1,5,0.0,4,11,1,1
20089,31.0,4,999,0,1.4,93.918,-42.7,4.961,5228.1,999.0,0,0.0,0.0,0.0,2,4,0.0,4,7,1,1
20090,31.0,2,999,0,-1.8,92.893,-46.2,1.344,5099.1,999.0,0,0.0,0.0,0.0,3,5,0.0,6,5,1,1
20091,52.0,1,999,0,1.4,93.918,-42.7,4.957,5228.1,999.0,0,1.0,0.0,0.0,2,8,0.0,4,7,1,1
20092,35.0,2,999,0,1.1,93.994,-36.4,4.856,5191.0,999.0,0,1.0,0.0,1.0,2,3,0.0,4,5,1,1
20093,33.0,1,999,0,1.4,93.444,-36.1,4.965,5228.1,999.0,0,1.0,0.0,0.0,2,8,0.0,3,8,1,1
20094,31.0,1,999,1,-1.8,92.893,-46.2,1.299,5099.1,999.0,0,1.0,0.0,0.0,2,5,0.0,9,5,2,2
20095,47.0,2,999,0,1.4,93.918,-42.7,4.961,5228.1,999.0,0,1.0,0.0,0.0,2,5,0.0,6,7,1,1
20096,31.0,4,999,0,1.4,93.444,-36.1,4.962,5228.1,999.0,0,1.0,1.0,0.0,2,8,0.0,6,8,1,1
20097,38.0,1,16,1,-1.7,94.027,-38.3,0.898,4991.6,0.533333333333,0,1.0,0.0,0.0,2,7,0.0,7,8,1,3
20098,31.0,1,999,0,1.4,93.918,-42.7,4.962,5228.1,999.0,0,0.0,0.0,0.0,2,3,0.0,4,7,1,1
20099,34.0,5,999,0,1.4,93.444,-36.1,4.963,5228.1,999.0,0,1.0,0.0,0.0,2,5,0.0,5,8,2,1
20100,40.0,1,999,1,-1.8,93.075,-47.1,1.41,5099.1,999.0,2,1.0,0.0,0.0,2,8,0.0,7,4,1,2
20101,31.0,2,999,0,-3.4,92.431,-26.9,0.739,5017.5,999.0,0,0.0,0.0,1.0,2,6,0.0,8,10,2,1
20102,29.0,7,999,0,1.4,93.918,-42.7,4.96,5228.1,999.0,0,1.0,0.0,0.0,1,7,0.0,1,7,2,1
20103,31.0,2,999,0,1.4,93.918,-42.7,4.961,5228.1,999.0,0,0.0,0.0,0.0,3,8,0.0,4,7,1,1
20104,42.0,5,999,0,1.4,94.465,-41.8,4.961,5228.1,999.0,0,1.0,1.0,1.0,2,5,0.0,10,6,1,1
20105,66.0,2,999,0,-1.8,93.075,-47.1,1.415,5099.1,999.0,0,1.0,0.0,0.0,2,8,0.0,8,4,1,1
20106,31.0,5,999,0,-0.1,93.2,-42.0,4.12,5195.8,999.0,0,0.0,0.0,0.0,2,4,0.0,4,11,1,1
20107,47.0,3,999,0,1.4,94.465,-41.8,4.958,5228.1,999.0,0,0.0,0.0,1.0,2,7,0.0,6,6,2,1
20108,32.0,4,999,1,-1.8,92.893,-46.2,1.327,5099.1,999.0,1,1.0,0.0,0.0,2,7,0.0,6,5,1,2
20109,42.0,1,14,1,-1.1,94.199,-37.5,0.88,4963.6,0.466666666667,3,0.0,0.0,0.0,1,5,0.0,6,9,1,3
20110,31.0,3,999,0,1.4,93.444,-36.1,4.967,5228.1,999.0,0,0.0,0.0,0.0,2,8,0.0,8,8,1,1
20111,23.0,6,999,0,-1.8,92.893,-46.2,1.266,5099.1,999.0,0,0.0,0.0,0.0,1,8,0.0,6,5,1,1
20112,31.0,1,999,0,1.4,93.918,-42.7,4.957,5228.1,999.0,0,0.0,0.0,0.0,1,8,0.0,6,7,1,1
20113,35.0,1,999,1,-0.1,93.2,-42.0,4.12,5195.8,999.0,0,0.0,0.0,0.0,1,4,0.0,5,11,1,2
20114,56.0,4,999,0,1.4,94.465,-41.8,4.959,5228.1,999.0,0,0.0,0.0,1.0,2,8,0.0,5,6,1,1
20115,48.0,1,999,0,1.1,93.994,-36.4,4.858,5191.0,999.0,0,1.0,0.0,1.0,2,8,0.0,6,5,1,1
20116,38.0,3,999,0,-1.8,92.893,-46.2,1.327,5099.1,999.0,0,1.0,0.0,0.0,3,5,0.0,10,5,1,1
20117,30.0,3,999,0,1.1,93.994,-36.4,4.86,5191.0,999.0,0,1.0,0.0,1.0,1,7,0.0,5,5,1,1
20118,56.0,1,999,0,-1.8,93.075,-47.1,1.405,5099.1,999.0,0,1.0,0.0,0.0,2,8,0.0,2,4,2,1
20119,30.0,1,999,1,-1.8,92.893,-46.2,1.327,5099.1,999.0,2,0.0,1.0,0.0,3,3,0.0,7,5,1,2
20120,31.0,1,999,0,1.1,93.994,-36.4,4.855,5191.0,999.0,0,1.0,0.0,1.0,2,3,0.0,4,5,1,1
20121,31.0,2,999,0,-0.1,93.2,-42.0,4.153,5195.8,999.0,0,1.0,0.0,0.0,2,7,0.0,3,11,1,1
20122,39.0,1,999,0,1.1,93.994,-36.4,4.86,5191.0,999.0,0,0.0,0.0,1.0,2,3,0.0,4,5,1,1
20123,52.0,5,999,0,1.1,93.994,-36.4,4.857,5191.0,999.0,0,0.0,0.0,1.0,2,8,0.0,9,5,1,1
20124,31.0,5,999,0,1.4,93.918,-42.7,4.96,5228.1,999.0,0,0.0,0.0,0.0,1,2,0.0,2,7,2,1
20125,46.0,1,999,0,-2.9,92.469,-33.6,1.072,5076.2,999.0,0,1.0,0.0,1.0,3,8,0.0,6,7,1,1
20126,54.0,3,999,0,1.4,94.465,-41.8,4.958,5228.1,999.0,0,1.0,0.0,1.0,3,8,0.0,2,6,1,1
20127,28.0,1,999,0,-2.9,92.963,-40.8,1.266,5076.2,999.0,0,1.0,0.0,0.0,1,7,0.0,6,6,2,1
20128,34.0,12,999,0,1.4,93.444,-36.1,4.963,5228.1,999.0,0,0.0,1.0,0.0,1,8,0.0,6,8,2,1
20129,36.0,1,999,1,-0.1,93.2,-42.0,4.663,5195.8,999.0,1,1.0,0.0,1.0,2,7,0.0,6,11,1,2
20130,46.0,3,999,0,1.4,93.444,-36.1,4.968,5228.1,999.0,0,1.0,0.0,0.0,2,3,0.0,9,8,1,1
20131,36.0,5,999,0,1.1,93.994,-36.4,4.857,5191.0,999.0,0,0.0,0.0,1.0,2,8,0.0,4,5,1,1
20132,44.0,5,999,0,1.4,93.918,-42.7,4.961,5228.1,999.0,0,0.0,0.0,0.0,2,2,0.0,4,7,1,1
20133,50.0,2,999,1,-2.9,92.469,-33.6,1.044,5076.2,999.0,1,1.0,0.0,0.0,2,5,0.0,6,7,1,2
20134,42.0,1,999,0,1.1,93.994,-36.4,4.864,5191.0,999.0,0,0.0,0.0,1.0,2,8,0.0,9,5,1,1
20135,31.0,1,999,0,1.1,93.994,-36.4,4.855,5191.0,999.0,0,0.0,0.0,1.0,2,5,0.0,6,5,1,1
20136,41.0,2,999,0,1.1,93.994,-36.4,4.857,5191.0,999.0,0,0.0,0.0,1.0,2,8,0.0,6,5,1,1
20137,31.0,1,999,0,-0.1,93.2,-42.0,4.021,5195.8,999.0,0,1.0,1.0,0.0,1,7,0.0,6,11,1,1
20138,31.0,1,999,0,1.4,93.918,-42.7,4.957,5228.1,999.0,0,1.0,0.0,0.0,3,4,0.0,4,7,1,1
20139,31.0,5,999,0,1.4,93.918,-42.7,4.962,5228.1,999.0,0,0.0,1.0,0.0,2,5,0.0,9,7,2,1
20140,55.0,2,999,0,-0.1,93.2,-42.0,4.021,5195.8,999.0,0,0.0,0.0,0.0,3,8,0.0,3,11,1,1
20141,26.0,1,999,0,1.4,93.918,-42.7,4.963,5228.1,999.0,0,0.0,0.0,0.0,1,5,0.0,9,7,1,1
20142,49.0,4,999,0,1.4,93.444,-36.1,4.963,5228.1,999.0,0,1.0,0.0,0.0,2,4,0.0,6,8,2,1
20143,40.0,1,999,0,-1.8,92.893,-46.2,1.266,5099.1,999.0,0,1.0,0.0,0.0,2,4,0.0,4,5,1,1
20144,31.0,1,999,0,1.4,93.444,-36.1,4.966,5228.1,999.0,0,1.0,0.0,0.0,1,8,0.0,5,8,1,1
20145,33.0,1,999,0,1.4,93.444,-36.1,4.968,5228.1,999.0,0,1.0,1.0,0.0,2,8,0.0,6,8,1,1
20146,40.0,1,999,0,1.4,93.918,-42.7,4.961,5228.1,999.0,0,1.0,0.0,0.0,2,8,0.0,4,7,1,1
20147,39.0,1,999,0,1.4,93.444,-36.1,4.964,5228.1,999.0,0,0.0,0.0,0.0,2,6,0.0,2,8,1,1
20148,31.0,1,999,0,-1.8,92.893,-46.2,1.334,5099.1,999.0,0,0.0,0.0,0.0,2,5,0.0,9,5,1,1
20149,39.0,7,999,0,1.4,94.465,-41.8,4.865,5228.1,999.0,0,0.0,0.0,1.0,2,8,0.0,6,6,2,1
20150,33.0,2,999,0,1.4,93.918,-42.7,4.963,5228.1,999.0,0,0.0,0.0,0.0,1,7,0.0,5,7,1,1
20151,72.0,1,999,0,-1.7,94.215,-40.3,0.881,4991.6,999.0,0,0.0,0.0,0.0,2,8,0.0,8,7,1,1
20152,31.0,1,999,0,-0.1,93.2,-42.0,4.592,5195.8,999.0,0,1.0,0.0,1.0,2,5,0.0,6,11,1,1
20153,36.0,3,999,0,1.1,93.994,-36.4,4.856,5191.0,999.0,0,0.0,0.0,1.0,2,5,0.0,6,5,1,1
20154,32.0,1,999,0,1.4,93.918,-42.7,4.968,5228.1,999.0,0,0.0,0.0,0.0,1,6,0.0,5,7,1,1
20155,31.0,2,999,0,1.4,93.918,-42.7,4.963,5228.1,999.0,0,1.0,0.0,0.0,1,7,0.0,6,7,1,1
20156,39.0,4,999,0,1.1,93.994,-36.4,4.855,5191.0,999.0,0,0.0,0.0,1.0,1,5,0.0,8,5,1,1
20157,55.0,3,999,0,-3.4,92.649,-30.1,0.722,5017.5,999.0,0,0.0,0.0,0.0,2,4,0.0,6,11,2,1
20158,26.0,2,999,0,1.1,93.994,-36.4,4.858,5191.0,999.0,0,1.0,0.0,1.0,3,8,0.0,9,5,1,1
20159,31.0,2,999,0,1.1,93.994,-36.4,4.857,5191.0,999.0,0,1.0,0.0,1.0,1,7,0.0,5,5,1,1
20160,35.0,6,999,0,1.4,93.918,-42.7,4.958,5228.1,999.0,0,0.0,0.0,1.0,2,8,0.0,4,7,1,1
20161,31.0,1,999,0,-0.1,93.2,-42.0,4.191,5195.8,999.0,0,0.0,1.0,1.0,1,7,0.0,1,11,1,1
20162,31.0,1,999,1,-1.8,92.893,-46.2,1.259,5099.1,999.0,1,0.0,0.0,0.0,3,6,0.0,5,5,1,2
20163,38.0,1,999,0,-1.8,92.893,-46.2,1.313,5099.1,999.0,0,0.0,0.0,0.0,2,8,0.0,3,5,1,1
20164,31.0,3,999,0,1.4,93.918,-42.7,4.962,5228.1,999.0,0,1.0,0.0,0.0,1,8,0.0,4,7,1,1
20165,31.0,1,999,0,-0.1,93.2,-42.0,4.076,5195.8,999.0,0,0.0,0.0,0.0,1,7,0.0,6,11,1,1
20166,53.0,4,999,0,1.4,93.918,-42.7,4.966,5228.1,999.0,0,0.0,0.0,1.0,3,6,0.0,5,7,1,1
20167,27.0,4,999,0,-1.8,92.893,-46.2,1.266,5099.1,999.0,0,1.0,1.0,0.0,1,4,0.0,6,5,1,1
20168,31.0,5,999,0,1.4,93.918,-42.7,4.96,5228.1,999.0,0,0.0,0.0,0.0,2,8,0.0,5,7,2,1
20169,26.0,3,999,0,1.4,93.918,-42.7,4.957,5228.1,999.0,0,0.0,0.0,0.0,1,5,0.0,6,7,1,1
20170,48.0,6,999,0,1.4,93.444,-36.1,4.965,5228.1,999.0,0,0.0,1.0,0.0,2,8,0.0,6,8,2,1
20171,37.0,1,999,0,1.1,93.994,-36.4,4.856,5191.0,999.0,0,1.0,0.0,1.0,3,7,0.0,6,5,1,1
20172,46.0,10,999,0,1.4,94.465,-41.8,4.864,5228.1,999.0,0,1.0,1.0,1.0,2,5,0.0,6,6,1,1
20173,63.0,1,999,0,-3.4,92.431,-26.9,0.728,5017.5,999.0,0,0.0,0.0,0.0,2,6,0.0,5,10,1,1
20174,49.0,3,999,1,-1.8,92.893,-46.2,1.327,5099.1,999.0,4,1.0,0.0,0.0,3,5,0.0,6,5,1,2
20175,31.0,1,9,1,-1.8,92.893,-46.2,1.266,5099.1,0.3,4,0.0,0.0,0.0,3,8,0.0,6,5,1,3
20176,27.0,4,999,0,-1.8,92.893,-46.2,1.25,5099.1,999.0,0,0.0,1.0,1.0,1,8,0.0,4,5,1,1
20177,27.0,3,999,0,-1.7,94.215,-40.3,0.79,4991.6,999.0,0,0.0,0.0,0.0,1,8,0.0,9,7,1,1
20178,46.0,1,999,0,1.4,93.918,-42.7,4.963,5228.1,999.0,0,1.0,0.0,0.0,2,5,0.0,3,7,1,1
20179,38.0,1,999,0,-1.8,92.893,-46.2,1.344,5099.1,999.0,0,0.0,0.0,0.0,2,6,0.0,5,5,1,1
20180,24.0,2,999,1,-3.4,92.431,-26.9,0.737,5017.5,999.0,2,1.0,0.0,0.0,1,7,0.0,3,10,1,2
20181,31.0,2,999,0,1.4,93.444,-36.1,4.965,5228.1,999.0,0,1.0,0.0,0.0,2,7,0.0,6,8,1,1
20182,33.0,1,999,0,-1.8,92.843,-50.0,1.614,5099.1,999.0,0,1.0,0.0,0.0,1,7,0.0,5,3,1,1
20183,25.0,5,999,0,1.4,94.465,-41.8,4.958,5228.1,999.0,0,1.0,0.0,1.0,2,4,0.0,4,6,2,1
20184,31.0,5,999,0,1.4,93.444,-36.1,4.964,5228.1,999.0,0,0.0,0.0,0.0,2,8,0.0,6,8,1,1
20185,26.0,4,999,0,1.4,93.918,-42.7,4.963,5228.1,999.0,0,0.0,0.0,0.0,1,7,0.0,6,7,1,1
20186,28.0,1,999,0,1.4,94.465,-41.8,4.959,5228.1,999.0,0,0.0,0.0,1.0,2,8,0.0,6,6,1,1
20187,29.0,2,999,0,1.4,93.444,-36.1,4.963,5228.1,999.0,0,1.0,0.0,0.0,3,8,0.0,6,8,1,1
20188,31.0,6,999,0,1.4,93.444,-36.1,4.963,5228.1,999.0,0,1.0,1.0,0.0,2,5,0.0,4,8,2,1
20189,27.0,1,999,0,1.4,94.465,-41.8,4.958,5228.1,999.0,0,0.0,0.0,1.0,3,5,0.0,6,6,1,1
20190,28.0,5,999,0,1.4,93.918,-42.7,4.963,5228.1,999.0,0,0.0,0.0,0.0,2,8,0.0,6,7,1,1
20191,31.0,1,999,0,-0.1,93.2,-42.0,4.021,5195.8,999.0,0,1.0,1.0,0.0,2,7,0.0,6,11,1,1
20192,35.0,3,999,0,1.4,94.465,-41.8,4.865,5228.1,999.0,0,1.0,1.0,1.0,2,5,0.0,6,6,2,1
20193,49.0,1,999,1,-1.8,92.893,-46.2,1.313,5099.1,999.0,1,1.0,0.0,0.0,2,2,0.0,4,5,1,2
20194,40.0,11,999,0,1.4,93.444,-36.1,4.962,5228.1,999.0,0,0.0,0.0,0.0,2,8,0.0,6,8,1,1
20195,39.0,3,999,1,-0.1,93.2,-42.0,4.076,5195.8,999.0,2,1.0,0.0,0.0,2,6,0.0,7,11,1,2
20196,31.0,1,999,1,-1.8,93.075,-47.1,1.405,5099.1,999.0,3,1.0,0.0,0.0,2,4,0.0,4,4,1,2
20197,21.0,1,999,0,1.4,93.918,-42.7,4.962,5228.1,999.0,0,1.0,1.0,0.0,1,8,0.0,4,7,1,1
20198,35.0,2,999,0,-1.8,92.893,-46.2,1.327,5099.1,999.0,0,0.0,0.0,0.0,1,4,0.0,4,5,1,1
20199,31.0,2,999,0,1.4,93.444,-36.1,4.965,5228.1,999.0,0,0.0,0.0,0.0,2,7,0.0,6,8,1,1
20200,40.0,6,999,0,1.4,93.444,-36.1,4.963,5228.1,999.0,0,1.0,0.0,0.0,2,7,0.0,3,8,1,1
20201,52.0,1,999,0,1.4,94.465,-41.8,4.967,5228.1,999.0,0,1.0,0.0,1.0,2,2,0.0,4,6,1,1
20202,47.0,9,999,0,1.4,93.444,-36.1,4.965,5228.1,999.0,0,0.0,0.0,0.0,2,5,0.0,5,8,1,1
20203,57.0,4,999,0,1.4,93.918,-42.7,4.962,5228.1,999.0,0,1.0,0.0,0.0,2,7,0.0,10,7,1,1
20204,30.0,1,999,1,-0.1,93.2,-42.0,4.076,5195.8,999.0,3,1.0,0.0,0.0,1,8,0.0,7,11,1,2
20205,31.0,1,999,0,1.4,93.918,-42.7,4.958,5228.1,999.0,0,1.0,0.0,0.0,1,7,0.0,11,7,1,1
20206,59.0,2,999,0,1.4,93.918,-42.7,4.963,5228.1,999.0,0,0.0,0.0,0.0,2,7,0.0,8,7,1,1
20207,31.0,3,999,0,-0.1,93.2,-42.0,4.191,5195.8,999.0,0,1.0,1.0,0.0,2,8,0.0,3,11,2,1
20208,35.0,4,999,0,1.4,93.918,-42.7,4.962,5228.1,999.0,0,0.0,0.0,0.0,1,7,0.0,6,7,2,1
20209,31.0,2,999,1,-0.1,93.2,-42.0,4.076,5195.8,999.0,5,1.0,0.0,0.0,2,8,0.0,4,11,1,2
20210,55.0,4,999,0,1.1,93.994,-36.4,4.859,5191.0,999.0,0,1.0,0.0,1.0,2,5,0.0,6,5,1,1
20211,31.0,4,999,0,1.4,94.465,-41.8,4.962,5228.1,999.0,0,1.0,0.0,1.0,2,4,0.0,4,6,1,1
20212,31.0,2,999,0,1.1,93.994,-36.4,4.857,5191.0,999.0,0,0.0,0.0,1.0,1,7,0.0,6,5,1,1
20213,48.0,1,999,0,1.4,93.444,-36.1,4.968,5228.1,999.0,0,1.0,0.0,0.0,1,8,0.0,6,8,1,1
20214,53.0,1,999,0,1.4,93.444,-36.1,4.963,5228.1,999.0,0,1.0,1.0,1.0,2,7,0.0,3,8,1,1
20215,31.0,1,999,1,-0.1,93.2,-42.0,4.191,5195.8,999.0,1,1.0,0.0,0.0,2,7,0.0,3,11,2,2
20216,31.0,3,999,0,1.4,93.918,-42.7,4.961,5228.1,999.0,0,0.0,0.0,0.0,2,4,0.0,4,7,1,1
20217,31.0,1,999,0,-1.8,92.893,-46.2,1.299,5099.1,999.0,0,0.0,0.0,0.0,2,3,0.0,4,5,2,1
20218,31.0,1,999,0,1.4,93.444,-36.1,4.962,5228.1,999.0,0,0.0,0.0,0.0,1,8,0.0,6,8,1,1
20219,28.0,3,999,0,-1.8,92.893,-46.2,1.334,5099.1,999.0,0,1.0,0.0,0.0,2,5,0.0,6,5,1,1
20220,77.0,1,999,0,-1.1,94.199,-37.5,0.879,4963.6,999.0,0,1.0,0.0,0.0,2,8,0.0,8,9,1,1
20221,39.0,1,999,0,1.1,93.994,-36.4,4.857,5191.0,999.0,0,0.0,0.0,1.0,2,6,0.0,9,5,2,1
20222,31.0,1,999,0,-0.1,93.2,-42.0,4.191,5195.8,999.0,0,1.0,0.0,0.0,2,8,0.0,3,11,2,1
20223,46.0,2,999,0,1.4,93.444,-36.1,4.963,5228.1,999.0,0,1.0,0.0,0.0,2,8,0.0,9,8,2,1
20224,48.0,2,999,0,1.1,93.994,-36.4,4.859,5191.0,999.0,0,1.0,0.0,1.0,3,5,0.0,6,5,1,1
20225,41.0,6,999,0,-0.1,93.2,-42.0,4.076,5195.8,999.0,0,1.0,0.0,1.0,2,8,0.0,4,11,1,1
20226,51.0,2,999,0,1.1,93.994,-36.4,4.864,5191.0,999.0,0,1.0,0.0,1.0,2,8,0.0,6,5,1,1
20227,39.0,2,999,0,-1.8,92.893,-46.2,1.299,5099.1,999.0,0,0.0,0.0,0.0,2,5,0.0,9,5,2,1
20228,43.0,3,999,0,1.4,93.918,-42.7,4.962,5228.1,999.0,0,0.0,0.0,0.0,2,5,0.0,6,7,2,1
20229,17.0,1,2,2,-3.4,92.431,-26.9,0.742,5017.5,0.0666666666667,4,0.0,1.0,0.0,1,8,0.0,11,10,1,3
20230,33.0,1,999,0,1.1,93.994,-36.4,4.855,5191.0,999.0,0,1.0,0.0,1.0,1,8,0.0,4,5,1,1
20231,48.0,2,999,0,1.4,94.465,-41.8,4.961,5228.1,999.0,0,1.0,0.0,1.0,2,8,0.0,1,6,1,1
20232,48.0,8,999,0,1.4,93.444,-36.1,4.966,5228.1,999.0,0,0.0,0.0,0.0,2,8,0.0,2,8,1,1
20233,58.0,1,999,0,1.4,93.918,-42.7,4.961,5228.1,999.0,0,0.0,0.0,0.0,2,2,0.0,8,7,1,1
20234,33.0,5,999,0,1.1,93.994,-36.4,4.858,5191.0,999.0,0,0.0,0.0,1.0,2,3,0.0,4,5,1,1
20235,44.0,6,999,0,1.4,93.918,-42.7,4.962,5228.1,999.0,0,0.0,0.0,0.0,2,2,0.0,4,7,2,1
20236,32.0,1,999,0,-1.8,93.075,-47.1,1.41,5099.1,999.0,0,0.0,0.0,1.0,2,8,0.0,5,4,1,1
20237,24.0,2,999,0,1.4,93.918,-42.7,4.957,5228.1,999.0,0,1.0,0.0,0.0,3,5,0.0,4,7,1,1
20238,28.0,2,999,0,-1.8,92.893,-46.2,1.25,5099.1,999.0,0,1.0,0.0,0.0,2,4,0.0,4,5,1,1
20239,69.0,1,999,0,-1.8,93.075,-47.1,1.41,5099.1,999.0,0,0.0,0.0,0.0,2,8,0.0,8,4,1,1
20240,30.0,1,999,0,1.4,94.465,-41.8,4.865,5228.1,999.0,0,0.0,0.0,1.0,2,8,0.0,6,6,2,1
20241,48.0,2,999,0,1.4,93.918,-42.7,4.957,5228.1,999.0,0,1.0,0.0,0.0,2,3,0.0,4,7,1,1
20242,46.0,3,999,0,-1.8,92.893,-46.2,1.299,5099.1,999.0,0,0.0,0.0,0.0,3,8,0.0,9,5,2,1
20243,29.0,7,999,0,1.1,93.994,-36.4,4.858,5191.0,999.0,0,1.0,0.0,1.0,2,4,0.0,4,5,1,1
20244,49.0,10,999,0,-1.8,92.893,-46.2,1.244,5099.1,999.0,0,1.0,0.0,0.0,3,6,0.0,4,5,2,1
20245,37.0,1,999,0,1.4,93.918,-42.7,4.962,5228.1,999.0,0,1.0,0.0,0.0,3,4,0.0,4,7,1,1
20246,43.0,2,999,0,1.4,94.465,-41.8,4.961,5228.1,999.0,0,0.0,1.0,1.0,1,5,0.0,6,6,1,1
20247,33.0,3,999,0,1.4,93.444,-36.1,4.966,5228.1,999.0,0,0.0,0.0,0.0,2,6,0.0,5,8,1,1
20248,39.0,1,999,0,1.1,93.994,-36.4,4.857,5191.0,999.0,0,1.0,0.0,1.0,2,7,0.0,7,5,2,1
20249,31.0,5,999,0,1.4,93.918,-42.7,4.957,5228.1,999.0,0,0.0,0.0,0.0,1,4,0.0,6,7,1,1
20250,56.0,3,999,0,1.1,93.994,-36.4,4.857,5191.0,999.0,0,0.0,0.0,1.0,2,8,0.0,9,5,1,1
20251,60.0,2,999,2,-1.7,94.027,-38.3,0.886,4991.6,999.0,4,1.0,0.0,0.0,2,8,0.0,8,8,1,2
20252,33.0,1,999,0,-1.8,93.369,-34.8,0.653,5008.7,999.0,0,1.0,0.0,0.0,1,6,0.0,7,3,1,1
20253,56.0,6,999,0,1.4,93.444,-36.1,4.964,5228.1,999.0,0,1.0,0.0,0.0,2,7,0.0,6,8,1,1
20254,37.0,2,999,0,1.4,93.444,-36.1,4.965,5228.1,999.0,0,0.0,1.0,0.0,1,7,0.0,6,8,2,1
20255,40.0,5,999,0,1.4,93.918,-42.7,4.96,5228.1,999.0,0,1.0,0.0,0.0,1,8,0.0,4,7,2,1
20256,58.0,1,999,0,-1.7,94.027,-38.3,0.904,4991.6,999.0,0,1.0,0.0,0.0,2,8,0.0,5,8,2,1
20257,31.0,2,999,0,-1.8,93.075,-47.1,1.415,5099.1,999.0,0,0.0,0.0,0.0,2,8,0.0,4,4,1,1
20258,33.0,10,999,0,1.4,93.918,-42.7,4.957,5228.1,999.0,0,0.0,0.0,0.0,2,7,0.0,6,7,1,1
20259,32.0,1,999,0,1.4,94.465,-41.8,4.864,5228.1,999.0,0,0.0,0.0,1.0,1,8,0.0,6,6,1,1
20260,31.0,1,999,0,1.1,93.994,-36.4,4.857,5191.0,999.0,0,0.0,0.0,1.0,1,4,0.0,3,5,2,1
20261,27.0,1,999,0,1.4,93.918,-42.7,4.96,5228.1,999.0,0,0.0,1.0,0.0,2,4,0.0,4,7,2,1
20262,31.0,2,999,0,1.1,93.994,-36.4,4.856,5191.0,999.0,0,0.0,1.0,1.0,2,8,0.0,6,5,1,1
20263,52.0,3,999,0,-1.8,92.893,-46.2,1.25,5099.1,999.0,0,1.0,0.0,1.0,3,7,0.0,1,5,1,1
20264,31.0,4,999,0,-1.7,94.055,-39.8,0.732,4991.6,999.0,0,1.0,0.0,0.0,3,5,0.0,8,6,1,1
20265,32.0,1,999,0,1.1,93.994,-36.4,4.858,5191.0,999.0,0,1.0,1.0,1.0,1,3,0.0,9,5,2,1
20266,31.0,3,999,0,-1.8,92.893,-46.2,1.25,5099.1,999.0,0,1.0,0.0,0.0,1,8,0.0,6,5,1,1
20267,30.0,3,999,0,-1.8,92.893,-46.2,1.334,5099.1,999.0,0,1.0,0.0,0.0,1,8,0.0,9,5,1,1
20268,56.0,3,999,0,1.1,93.994,-36.4,4.86,5191.0,999.0,0,1.0,0.0,1.0,2,6,0.0,5,5,1,1
20269,55.0,2,999,0,-2.9,92.963,-40.8,1.262,5076.2,999.0,0,0.0,0.0,0.0,2,2,0.0,8,6,1,1
20270,31.0,1,999,0,1.4,93.444,-36.1,4.968,5228.1,999.0,0,0.0,0.0,0.0,2,7,0.0,6,8,1,1
20271,31.0,1,999,0,1.1,93.994,-36.4,4.857,5191.0,999.0,0,0.0,0.0,1.0,2,5,0.0,3,5,1,1
20272,40.0,4,999,0,1.4,93.918,-42.7,4.962,5228.1,999.0,0,1.0,0.0,0.0,1,7,0.0,6,7,1,1
20273,34.0,3,999,0,-1.8,92.893,-46.2,1.313,5099.1,999.0,0,0.0,0.0,0.0,2,4,0.0,4,5,1,1
20274,45.0,1,999,0,1.4,93.444,-36.1,4.965,5228.1,999.0,0,1.0,0.0,0.0,2,5,0.0,4,8,2,1
20275,31.0,1,999,0,1.4,93.444,-36.1,4.965,5228.1,999.0,0,0.0,1.0,0.0,2,8,0.0,5,8,1,1
20276,32.0,6,999,0,1.4,93.918,-42.7,4.961,5228.1,999.0,0,1.0,0.0,0.0,1,8,0.0,5,7,1,1
20277,30.0,1,999,0,-1.8,93.075,-47.1,1.405,5099.1,999.0,0,1.0,0.0,0.0,1,8,0.0,11,4,1,1
20278,38.0,1,999,0,1.1,93.994,-36.4,4.855,5191.0,999.0,0,0.0,0.0,1.0,3,8,0.0,9,5,1,1
20279,35.0,1,999,0,1.1,93.994,-36.4,4.857,5191.0,999.0,0,0.0,0.0,1.0,2,7,0.0,6,5,1,1
20280,31.0,1,999,0,1.1,93.994,-36.4,4.859,5191.0,999.0,0,0.0,0.0,1.0,2,4,0.0,4,5,1,1
20281,51.0,2,999,0,1.1,93.994,-36.4,4.857,5191.0,999.0,0,1.0,1.0,1.0,3,8,0.0,4,5,1,1
20282,53.0,1,999,0,1.1,93.994,-36.4,4.856,5191.0,999.0,0,1.0,1.0,1.0,2,4,0.0,4,5,1,1
20283,55.0,2,999,0,-0.1,93.2,-42.0,4.191,5195.8,999.0,0,1.0,0.0,0.0,3,7,0.0,6,11,2,1
20284,55.0,1,999,0,1.4,93.918,-42.7,4.962,5228.1,999.0,0,1.0,1.0,0.0,2,2,0.0,8,7,1,1
20285,31.0,1,999,0,-0.1,93.2,-42.0,4.12,5195.8,999.0,0,1.0,0.0,0.0,1,8,0.0,4,11,1,1
20286,36.0,3,999,1,-1.8,92.893,-46.2,1.313,5099.1,999.0,5,1.0,0.0,0.0,1,8,0.0,9,5,1,2
20287,45.0,5,999,0,-1.8,93.075,-47.1,1.423,5099.1,999.0,0,1.0,0.0,0.0,2,4,0.0,4,4,1,1
20288,31.0,2,999,0,1.1,93.994,-36.4,4.858,5191.0,999.0,0,0.0,0.0,1.0,2,5,0.0,2,5,1,1
20289,31.0,4,999,0,-0.1,93.2,-42.0,4.076,5195.8,999.0,0,0.0,0.0,0.0,2,8,0.0,4,11,1,1
20290,48.0,3,999,0,-1.8,92.893,-46.2,1.334,5099.1,999.0,0,1.0,0.0,0.0,2,2,0.0,4,5,1,1
20291,31.0,1,999,0,1.4,93.444,-36.1,4.963,5228.1,999.0,0,1.0,0.0,0.0,2,8,0.0,6,8,2,1
20292,38.0,1,999,0,1.1,93.994,-36.4,4.86,5191.0,999.0,0,1.0,0.0,1.0,2,6,0.0,5,5,1,1
20293,47.0,2,6,3,-1.1,94.199,-37.5,0.882,4963.6,0.2,0,0.0,0.0,0.0,2,8,0.0,5,9,2,3
20294,29.0,1,999,1,-1.8,92.893,-46.2,1.266,5099.1,999.0,5,1.0,0.0,0.0,2,7,0.0,6,5,1,2
20295,31.0,5,999,0,1.4,93.918,-42.7,4.961,5228.1,999.0,0,0.0,0.0,1.0,2,8,0.0,6,7,1,1
20296,30.0,4,999,0,1.4,94.465,-41.8,4.864,5228.1,999.0,0,1.0,0.0,1.0,2,6,0.0,1,6,1,1
20297,31.0,2,999,2,-3.4,92.649,-30.1,0.715,5017.5,999.0,6,0.0,0.0,0.0,2,5,0.0,9,11,1,2
20298,44.0,1,999,0,-1.1,94.767,-50.8,1.028,4963.6,999.0,0,0.0,0.0,0.0,2,8,0.0,5,11,1,1
20299,43.0,1,999,0,-1.8,92.893,-46.2,1.281,5099.1,999.0,0,1.0,0.0,0.0,2,8,0.0,4,5,1,1
20300,56.0,2,999,1,-0.1,93.2,-42.0,4.191,5195.8,999.0,0,0.0,0.0,0.0,2,6,0.0,3,11,2,2
20301,32.0,1,4,2,-2.9,92.201,-31.4,0.884,5076.2,0.133333333333,2,1.0,1.0,0.0,1,8,0.0,9,8,1,3
20302,31.0,2,999,0,1.4,93.918,-42.7,4.962,5228.1,999.0,0,1.0,0.0,0.0,2,8,0.0,2,7,2,1
20303,31.0,1,999,0,1.1,93.994,-36.4,4.856,5191.0,999.0,0,1.0,0.0,1.0,2,2,0.0,10,5,1,1
20304,33.0,1,999,0,1.1,93.994,-36.4,4.856,5191.0,999.0,0,1.0,0.0,1.0,2,5,0.0,4,5,1,1
20305,31.0,1,999,0,-0.1,93.2,-42.0,4.021,5195.8,999.0,0,1.0,1.0,0.0,1,5,0.0,5,11,1,1
20306,33.0,3,999,0,1.1,93.994,-36.4,4.859,5191.0,999.0,0,1.0,0.0,1.0,1,4,0.0,4,5,1,1
20307,73.0,2,999,0,-1.7,94.215,-40.3,0.81,4991.6,999.0,0,1.0,0.0,0.0,3,6,0.0,8,7,1,1
20308,50.0,3,6,2,-1.7,94.215,-40.3,0.899,4991.6,0.2,4,0.0,0.0,0.0,2,8,0.0,2,7,1,3
20309,29.0,2,999,0,1.4,94.465,-41.8,4.864,5228.1,999.0,0,0.0,0.0,1.0,1,7,0.0,3,6,1,1
20310,36.0,2,999,0,1.4,94.465,-41.8,4.961,5228.1,999.0,0,1.0,0.0,1.0,2,7,0.0,6,6,2,1
20311,40.0,12,999,0,1.4,93.918,-42.7,4.962,5228.1,999.0,0,1.0,0.0,0.0,2,7,0.0,3,7,2,1
20312,31.0,1,999,0,-1.8,93.075,-47.1,1.498,5099.1,999.0,0,0.0,0.0,0.0,2,8,0.0,1,4,1,1
20313,34.0,5,999,0,-1.8,92.893,-46.2,1.299,5099.1,999.0,0,1.0,0.0,1.0,1,5,0.0,10,5,2,1
20314,35.0,1,999,0,1.4,93.444,-36.1,4.963,5228.1,999.0,0,1.0,1.0,0.0,1,7,0.0,6,8,1,1
20315,32.0,2,999,0,1.4,93.444,-36.1,4.964,5228.1,999.0,0,0.0,1.0,0.0,3,7,0.0,6,8,1,1
20316,31.0,4,999,0,-1.8,93.075,-47.1,1.41,5099.1,999.0,0,1.0,0.0,0.0,2,8,0.0,8,4,1,1
20317,59.0,3,999,0,1.4,94.465,-41.8,4.959,5228.1,999.0,0,0.0,1.0,1.0,3,2,0.0,8,6,1,1
20318,54.0,7,999,0,1.1,93.994,-36.4,4.857,5191.0,999.0,0,0.0,1.0,1.0,2,7,0.0,5,5,2,1
20319,44.0,2,999,0,1.4,93.918,-42.7,4.962,5228.1,999.0,0,1.0,1.0,0.0,1,8,0.0,4,7,1,1
20320,32.0,2,999,0,1.4,93.444,-36.1,4.964,5228.1,999.0,0,0.0,0.0,0.0,2,8,0.0,5,8,1,1
20321,41.0,2,999,0,1.4,93.444,-36.1,4.963,5228.1,999.0,0,1.0,0.0,0.0,2,7,0.0,1,8,2,1
20322,32.0,2,999,0,1.4,93.918,-42.7,4.961,5228.1,999.0,0,1.0,1.0,0.0,1,8,0.0,9,7,1,1
20323,36.0,7,999,0,-1.8,93.075,-47.1,1.453,5099.1,999.0,0,1.0,0.0,0.0,2,8,0.0,7,4,1,1
20324,31.0,2,999,0,-1.8,93.075,-47.1,1.405,5099.1,999.0,0,0.0,0.0,0.0,2,8,0.0,2,4,1,1
20325,31.0,2,999,0,1.4,94.465,-41.8,4.96,5228.1,999.0,0,1.0,1.0,1.0,2,4,0.0,4,6,2,1
20326,50.0,6,999,0,1.4,93.918,-42.7,4.961,5228.1,999.0,0,1.0,1.0,0.0,2,2,0.0,4,7,1,1
20327,34.0,2,999,0,-1.8,92.893,-46.2,1.281,5099.1,999.0,0,0.0,0.0,0.0,2,5,0.0,9,5,1,1
20328,30.0,2,999,0,1.1,93.994,-36.4,4.857,5191.0,999.0,0,0.0,0.0,1.0,3,4,0.0,4,5,1,1
20329,33.0,2,999,0,1.4,94.465,-41.8,4.96,5228.1,999.0,0,0.0,0.0,1.0,1,4,0.0,4,6,2,1
20330,31.0,3,999,0,-0.1,93.2,-42.0,4.021,5195.8,999.0,0,1.0,0.0,0.0,2,4,0.0,4,11,1,1
20331,31.0,1,999,0,1.1,93.994,-36.4,4.856,5191.0,999.0,0,0.0,0.0,1.0,2,2,0.0,1,5,1,1
20332,31.0,2,999,0,1.1,93.994,-36.4,4.856,5191.0,999.0,0,1.0,0.0,1.0,2,4,0.0,4,5,1,1
20333,32.0,1,999,0,1.4,93.918,-42.7,4.959,5228.1,999.0,0,1.0,0.0,1.0,2,8,0.0,4,7,1,1
20334,36.0,4,999,1,-3.4,92.649,-30.1,0.722,5017.5,999.0,3,1.0,0.0,0.0,1,8,0.0,1,11,2,2
20335,57.0,1,999,0,1.4,93.918,-42.7,4.961,5228.1,999.0,0,0.0,0.0,0.0,1,8,0.0,6,7,1,1
20336,31.0,2,999,0,1.4,93.918,-42.7,4.968,5228.1,999.0,0,1.0,0.0,0.0,2,7,0.0,3,7,1,1
20337,36.0,2,999,0,1.1,93.994,-36.4,4.855,5191.0,999.0,0,1.0,0.0,1.0,3,6,0.0,5,5,1,1
20338,31.0,2,999,0,1.4,93.444,-36.1,4.968,5228.1,999.0,0,1.0,0.0,0.0,2,6,0.0,10,8,1,1
20339,44.0,1,999,1,-1.8,92.893,-46.2,1.244,5099.1,999.0,0,1.0,1.0,0.0,2,8,0.0,6,5,2,2
20340,29.0,1,999,0,1.4,93.918,-42.7,4.963,5228.1,999.0,0,1.0,1.0,0.0,1,7,0.0,5,7,1,1
20341,31.0,2,999,0,-1.8,92.893,-46.2,1.327,5099.1,999.0,0,0.0,0.0,0.0,1,7,0.0,3,5,1,1
20342,29.0,4,999,0,1.4,93.444,-36.1,4.965,5228.1,999.0,0,0.0,0.0,0.0,1,8,0.0,6,8,2,1
20343,37.0,1,999,0,1.4,93.918,-42.7,4.966,5228.1,999.0,0,1.0,0.0,1.0,2,8,0.0,4,7,1,1
20344,41.0,1,999,1,-1.7,94.027,-38.3,0.905,4991.6,999.0,0,1.0,0.0,0.0,3,7,0.0,5,8,1,2
20345,31.0,1,999,0,-2.9,92.963,-40.8,1.26,5076.2,999.0,0,1.0,0.0,0.0,1,7,0.0,6,6,2,1
20346,31.0,11,999,0,1.4,93.444,-36.1,4.962,5228.1,999.0,0,0.0,0.0,0.0,2,7,0.0,8,8,1,1
20347,57.0,24,999,0,1.4,93.918,-42.7,4.962,5228.1,999.0,0,1.0,0.0,0.0,2,7,0.0,6,7,2,1
20348,31.0,2,8,2,-1.1,94.199,-37.5,0.878,4963.6,0.266666666667,8,1.0,0.0,0.0,1,7,0.0,6,9,1,3
20349,36.0,3,999,0,1.4,94.465,-41.8,4.959,5228.1,999.0,0,0.0,0.0,1.0,2,6,0.0,1,6,1,1
20350,42.0,1,999,0,-1.8,93.075,-47.1,1.405,5099.1,999.0,0,1.0,1.0,0.0,3,5,0.0,6,4,1,1
20351,31.0,1,999,0,-1.8,92.893,-46.2,1.327,5099.1,999.0,0,0.0,0.0,0.0,1,5,0.0,4,5,1,1
20352,42.0,2,999,0,1.4,94.465,-41.8,4.961,5228.1,999.0,0,0.0,0.0,1.0,2,8,0.0,2,6,1,1
20353,29.0,1,999,0,1.1,93.994,-36.4,4.855,5191.0,999.0,0,0.0,0.0,1.0,1,5,0.0,6,5,1,1
20354,31.0,2,999,0,-0.1,93.2,-42.0,4.153,5195.8,999.0,0,1.0,0.0,0.0,2,8,0.0,3,11,1,1
20355,43.0,3,999,0,1.4,93.918,-42.7,4.962,5228.1,999.0,0,0.0,0.0,0.0,2,3,0.0,9,7,1,1
20356,31.0,1,999,0,1.4,93.918,-42.7,4.968,5228.1,999.0,0,1.0,1.0,0.0,2,8,0.0,10,7,1,1
20357,31.0,5,999,0,1.4,93.918,-42.7,4.962,5228.1,999.0,0,1.0,0.0,0.0,2,4,0.0,4,7,2,1
20358,42.0,1,999,0,-3.4,92.431,-26.9,0.741,5017.5,999.0,0,1.0,0.0,0.0,3,8,0.0,3,10,1,1
20359,31.0,1,999,0,1.4,93.918,-42.7,4.958,5228.1,999.0,0,0.0,0.0,0.0,2,2,0.0,4,7,1,1
20360,50.0,2,999,0,1.4,93.444,-36.1,4.965,5228.1,999.0,0,0.0,0.0,0.0,3,6,0.0,5,8,2,1
20361,45.0,3,999,0,1.4,93.918,-42.7,4.961,5228.1,999.0,0,1.0,0.0,0.0,2,7,0.0,6,7,1,1
20362,38.0,2,999,0,-1.7,94.215,-40.3,0.846,4991.6,999.0,0,0.0,0.0,0.0,2,6,0.0,5,7,1,1
20363,31.0,7,999,0,-1.8,92.893,-46.2,1.266,5099.1,999.0,0,0.0,0.0,1.0,1,6,0.0,5,5,1,1
20364,31.0,1,999,0,-0.1,93.2,-42.0,4.076,5195.8,999.0,0,1.0,0.0,0.0,1,8,0.0,1,11,1,1
20365,56.0,1,999,0,-0.1,93.2,-42.0,4.12,5195.8,999.0,0,1.0,0.0,0.0,2,8,0.0,3,11,1,1
20366,31.0,1,999,1,-1.8,92.893,-46.2,1.266,5099.1,999.0,1,1.0,0.0,0.0,2,8,0.0,1,5,1,2
20367,29.0,3,999,0,1.4,94.465,-41.8,4.865,5228.1,999.0,0,0.0,1.0,1.0,3,5,0.0,9,6,2,1
20368,66.0,11,999,0,-1.8,93.075,-47.1,1.415,5099.1,999.0,0,1.0,0.0,0.0,2,2,0.0,8,4,1,1
20369,48.0,3,999,0,1.4,93.444,-36.1,4.968,5228.1,999.0,0,0.0,1.0,0.0,2,8,0.0,4,8,1,1
20370,57.0,1,999,0,1.4,93.918,-42.7,4.966,5228.1,999.0,0,1.0,0.0,1.0,3,3,0.0,2,7,1,1
20371,29.0,1,999,0,1.4,93.918,-42.7,4.961,5228.1,999.0,0,1.0,1.0,0.0,1,4,0.0,4,7,1,1
20372,34.0,1,999,1,-1.8,93.369,-34.8,0.653,5008.7,999.0,3,0.0,0.0,1.0,3,8,0.0,5,3,1,2
20373,31.0,1,999,0,-0.1,93.2,-42.0,4.191,5195.8,999.0,0,1.0,0.0,0.0,2,8,0.0,5,11,2,1
20374,32.0,5,999,0,1.4,94.465,-41.8,4.958,5228.1,999.0,0,0.0,0.0,1.0,2,8,0.0,5,6,1,1
20375,41.0,2,999,0,1.1,93.994,-36.4,4.859,5191.0,999.0,0,0.0,0.0,1.0,1,5,0.0,6,5,1,1
20376,31.0,5,999,0,-1.8,92.893,-46.2,1.281,5099.1,999.0,0,0.0,1.0,1.0,3,5,0.0,9,5,1,1
20377,31.0,1,999,0,1.4,94.465,-41.8,4.961,5228.1,999.0,0,1.0,0.0,1.0,2,4,0.0,6,6,2,1
20378,34.0,1,999,0,-1.8,93.075,-47.1,1.405,5099.1,999.0,0,0.0,0.0,0.0,3,6,0.0,5,4,1,1
20379,26.0,4,999,0,-2.9,92.469,-33.6,0.908,5076.2,999.0,0,0.0,1.0,0.0,1,7,0.0,6,7,1,1
20380,31.0,2,999,0,-0.1,93.2,-42.0,4.076,5195.8,999.0,0,1.0,0.0,0.0,1,8,0.0,9,11,1,1
20381,31.0,3,999,0,-1.8,92.893,-46.2,1.313,5099.1,999.0,0,0.0,0.0,0.0,2,2,0.0,4,5,1,1
20382,31.0,2,999,0,-2.9,92.201,-31.4,0.884,5076.2,999.0,0,1.0,1.0,0.0,1,8,0.0,9,8,2,1
20383,40.0,1,999,0,1.4,93.444,-36.1,4.962,5228.1,999.0,0,1.0,0.0,0.0,3,6,0.0,5,8,1,1
20384,28.0,1,999,1,-1.8,92.893,-46.2,1.291,5099.1,999.0,1,0.0,0.0,0.0,2,5,0.0,10,5,1,2
20385,29.0,1,999,0,1.1,93.994,-36.4,4.857,5191.0,999.0,0,1.0,0.0,1.0,2,5,0.0,9,5,1,1
20386,31.0,3,999,0,1.4,94.465,-41.8,4.959,5228.1,999.0,0,1.0,0.0,1.0,3,8,0.0,6,6,1,1
20387,39.0,1,999,0,1.1,93.994,-36.4,4.856,5191.0,999.0,0,1.0,0.0,1.0,3,5,0.0,9,5,1,1
20388,49.0,1,999,0,-1.8,93.075,-47.1,1.365,5099.1,999.0,0,1.0,0.0,0.0,2,8,0.0,3,4,1,1
20389,33.0,1,999,0,1.1,93.994,-36.4,4.857,5191.0,999.0,0,0.0,0.0,1.0,3,8,0.0,2,5,1,1
20390,55.0,2,999,0,1.4,93.918,-42.7,4.963,5228.1,999.0,0,1.0,0.0,0.0,2,8,0.0,3,7,1,1
20391,45.0,2,999,0,1.4,93.444,-36.1,4.964,5228.1,999.0,0,1.0,0.0,0.0,2,5,0.0,9,8,1,1
20392,31.0,1,999,0,1.1,93.994,-36.4,4.857,5191.0,999.0,0,1.0,1.0,1.0,2,7,0.0,3,5,1,1
20393,31.0,1,999,0,1.1,93.994,-36.4,4.856,5191.0,999.0,0,0.0,0.0,1.0,2,7,0.0,3,5,1,1
20394,36.0,1,999,0,-2.9,92.963,-40.8,1.281,5076.2,999.0,0,0.0,0.0,0.0,2,4,0.0,4,6,2,1
20395,34.0,5,999,0,1.1,93.994,-36.4,4.86,5191.0,999.0,0,0.0,0.0,1.0,2,6,0.0,3,5,1,1
20396,37.0,1,999,0,1.1,93.994,-36.4,4.857,5191.0,999.0,0,0.0,0.0,1.0,2,5,0.0,9,5,2,1
20397,42.0,3,999,0,1.4,93.918,-42.7,4.961,5228.1,999.0,0,0.0,0.0,0.0,2,3,0.0,9,7,1,1
20398,37.0,1,999,1,-0.1,93.2,-42.0,4.153,5195.8,999.0,2,1.0,1.0,0.0,3,8,0.0,4,11,1,2
20399,31.0,3,999,1,-1.8,92.893,-46.2,1.354,5099.1,999.0,5,1.0,0.0,0.0,1,5,0.0,5,5,2,2
20400,32.0,3,999,0,1.4,93.444,-36.1,4.964,5228.1,999.0,0,1.0,1.0,0.0,1,7,0.0,6,8,1,1
20401,31.0,1,999,0,-0.1,93.2,-42.0,4.076,5195.8,999.0,0,0.0,0.0,0.0,1,4,0.0,5,11,1,1
20402,32.0,1,999,0,1.1,93.994,-36.4,4.857,5191.0,999.0,0,0.0,0.0,1.0,1,8,0.0,9,5,2,1
20403,38.0,3,999,0,1.4,93.444,-36.1,4.965,5228.1,999.0,0,1.0,0.0,0.0,3,5,0.0,5,8,2,1
20404,34.0,2,999,0,1.4,94.465,-41.8,4.864,5228.1,999.0,0,0.0,0.0,1.0,2,4,0.0,4,6,1,1
20405,31.0,1,999,0,1.4,93.444,-36.1,4.97,5228.1,999.0,0,0.0,0.0,0.0,2,6,0.0,11,8,2,1
20406,40.0,1,999,1,-0.1,93.2,-42.0,4.191,5195.8,999.0,3,1.0,1.0,0.0,1,4,0.0,5,11,2,2
20407,53.0,2,999,0,-2.9,92.963,-40.8,1.26,5076.2,999.0,0,0.0,1.0,0.0,2,4,0.0,4,6,1,1
20408,29.0,4,999,0,1.4,94.465,-41.8,4.967,5228.1,999.0,0,0.0,1.0,1.0,2,7,0.0,5,6,1,1
20409,41.0,2,999,0,1.1,93.994,-36.4,4.855,5191.0,999.0,0,1.0,1.0,1.0,3,8,0.0,3,5,1,1
20410,25.0,9,999,0,1.1,93.994,-36.4,4.858,5191.0,999.0,0,1.0,0.0,1.0,1,4,0.0,4,5,2,1
20411,32.0,1,999,0,1.1,93.994,-36.4,4.855,5191.0,999.0,0,0.0,0.0,1.0,3,6,0.0,1,5,1,1
20412,31.0,2,999,3,-1.8,93.369,-34.8,0.649,5008.7,999.0,3,0.0,0.0,0.0,2,7,0.0,6,3,1,2
20413,25.0,3,999,0,1.1,93.994,-36.4,4.86,5191.0,999.0,0,0.0,0.0,1.0,1,8,0.0,1,5,1,1
20414,31.0,1,999,0,-1.8,92.893,-46.2,1.244,5099.1,999.0,0,0.0,0.0,0.0,2,5,0.0,9,5,2,1
20415,38.0,2,999,0,1.4,94.465,-41.8,4.96,5228.1,999.0,0,0.0,0.0,1.0,2,8,0.0,6,6,2,1
20416,56.0,1,999,0,1.4,93.918,-42.7,4.96,5228.1,999.0,0,1.0,0.0,0.0,1,2,0.0,4,7,2,1
20417,44.0,2,999,0,1.1,93.994,-36.4,4.857,5191.0,999.0,0,1.0,1.0,1.0,2,2,0.0,4,5,2,1
20418,30.0,1,999,0,-1.8,92.893,-46.2,1.25,5099.1,999.0,0,1.0,1.0,0.0,1,8,0.0,6,5,1,1
20419,31.0,5,999,0,1.4,94.465,-41.8,4.865,5228.1,999.0,0,1.0,0.0,1.0,2,5,0.0,3,6,2,1
20420,51.0,2,999,1,-1.8,93.075,-47.1,1.405,5099.1,999.0,0,0.0,0.0,0.0,2,4,0.0,4,4,1,2
20421,34.0,1,999,0,1.1,93.994,-36.4,4.857,5191.0,999.0,0,0.0,0.0,1.0,2,4,0.0,4,5,1,1
20422,38.0,2,999,1,-1.8,93.075,-47.1,1.453,5099.1,999.0,3,0.0,0.0,0.0,3,8,0.0,6,4,1,2
20423,31.0,2,999,0,1.4,93.918,-42.7,4.961,5228.1,999.0,0,1.0,0.0,0.0,3,6,0.0,5,7,1,1
20424,28.0,2,999,0,1.4,93.918,-42.7,4.963,5228.1,999.0,0,1.0,0.0,1.0,2,3,0.0,4,7,1,1
20425,30.0,2,999,0,1.1,93.994,-36.4,4.86,5191.0,999.0,0,0.0,0.0,1.0,2,7,0.0,3,5,1,1
20426,31.0,1,999,0,1.4,93.444,-36.1,4.964,5228.1,999.0,0,0.0,0.0,0.0,1,8,0.0,6,8,1,1
20427,32.0,1,999,0,-1.8,92.893,-46.2,1.25,5099.1,999.0,0,1.0,0.0,0.0,1,6,0.0,5,5,1,1
20428,29.0,4,999,0,1.4,94.465,-41.8,4.961,5228.1,999.0,0,0.0,0.0,1.0,2,8,0.0,11,6,1,1
20429,54.0,1,999,0,-1.8,92.893,-46.2,1.291,5099.1,999.0,0,1.0,0.0,0.0,2,8,0.0,4,5,1,1
20430,54.0,3,999,0,1.1,93.994,-36.4,4.86,5191.0,999.0,0,0.0,0.0,1.0,1,2,0.0,4,5,1,1
20431,31.0,2,999,0,-0.1,93.2,-42.0,4.12,5195.8,999.0,0,1.0,0.0,0.0,3,3,0.0,4,11,1,1
20432,31.0,2,999,0,1.1,93.994,-36.4,4.855,5191.0,999.0,0,1.0,0.0,1.0,2,8,0.0,5,5,1,1
20433,31.0,4,999,0,1.4,94.465,-41.8,4.967,5228.1,999.0,0,0.0,0.0,1.0,2,5,0.0,5,6,1,1
20434,33.0,1,999,0,1.4,93.444,-36.1,4.963,5228.1,999.0,0,1.0,0.0,0.0,2,5,0.0,6,8,1,1
20435,31.0,2,999,0,1.4,93.444,-36.1,4.964,5228.1,999.0,0,1.0,0.0,0.0,1,7,0.0,6,8,1,1
20436,31.0,1,999,1,-1.8,92.893,-46.2,1.281,5099.1,999.0,5,1.0,0.0,0.0,1,7,0.0,6,5,1,2
20437,50.0,1,999,1,-0.1,93.2,-42.0,4.191,5195.8,999.0,2,1.0,1.0,0.0,2,4,0.0,4,11,2,2
20438,41.0,1,999,1,-1.8,92.893,-46.2,1.281,5099.1,999.0,0,1.0,0.0,0.0,2,8,0.0,4,5,1,2
20439,31.0,1,1,1,-2.9,92.201,-31.4,0.854,5076.2,0.0333333333333,0,1.0,0.0,0.0,1,8,0.0,6,8,1,3
20440,41.0,2,999,0,1.4,94.465,-41.8,4.866,5228.1,999.0,0,0.0,0.0,1.0,2,5,0.0,6,6,1,1
20441,31.0,1,999,0,1.4,93.918,-42.7,4.961,5228.1,999.0,0,0.0,0.0,0.0,2,3,0.0,4,7,1,1
20442,31.0,2,999,0,1.4,93.918,-42.7,4.959,5228.1,999.0,0,0.0,0.0,1.0,1,8,0.0,5,7,1,1
20443,35.0,3,999,0,1.4,94.465,-41.8,4.959,5228.1,999.0,0,1.0,0.0,1.0,2,4,0.0,4,6,1,1
20444,38.0,1,999,0,-0.1,93.2,-42.0,4.153,5195.8,999.0,0,0.0,0.0,0.0,2,7,0.0,3,11,1,1
20445,40.0,2,999,0,-1.8,93.075,-47.1,1.405,5099.1,999.0,0,0.0,0.0,0.0,2,8,0.0,5,4,1,1
20446,53.0,1,999,0,1.4,94.465,-41.8,4.959,5228.1,999.0,0,0.0,0.0,1.0,2,4,0.0,4,6,1,1
20447,58.0,5,999,0,1.4,93.444,-36.1,4.964,5228.1,999.0,0,0.0,0.0,0.0,1,7,0.0,6,8,1,1
20448,31.0,2,999,0,1.4,93.918,-42.7,4.963,5228.1,999.0,0,1.0,0.0,0.0,1,5,0.0,6,7,1,1
20449,31.0,2,999,0,-1.8,92.893,-46.2,1.291,5099.1,999.0,0,1.0,0.0,0.0,2,5,0.0,3,5,1,1
20450,38.0,3,999,0,1.4,93.444,-36.1,4.966,5228.1,999.0,0,1.0,0.0,0.0,2,6,0.0,5,8,1,1
20451,34.0,4,999,0,-2.9,92.963,-40.8,1.244,5076.2,999.0,0,0.0,0.0,1.0,2,8,0.0,6,6,1,1
20452,31.0,1,999,1,-1.8,92.893,-46.2,1.299,5099.1,999.0,2,1.0,0.0,0.0,1,7,0.0,5,5,2,2
20453,31.0,8,999,0,1.4,93.918,-42.7,4.962,5228.1,999.0,0,0.0,0.0,0.0,2,8,0.0,5,7,1,1
20454,28.0,14,999,0,1.4,93.918,-42.7,4.968,5228.1,999.0,0,0.0,0.0,0.0,2,5,0.0,9,7,1,1
20455,33.0,4,999,0,-1.8,92.893,-46.2,1.334,5099.1,999.0,0,0.0,0.0,0.0,2,8,0.0,4,5,1,1
20456,39.0,7,999,0,1.1,93.994,-36.4,4.859,5191.0,999.0,0,0.0,1.0,1.0,2,5,0.0,7,5,1,1
20457,42.0,1,999,0,1.4,93.444,-36.1,4.964,5228.1,999.0,0,1.0,0.0,0.0,2,6,0.0,6,8,1,1
20458,33.0,1,999,0,1.4,93.444,-36.1,4.964,5228.1,999.0,0,1.0,0.0,0.0,2,7,0.0,6,8,1,1
20459,31.0,1,999,1,-0.1,93.2,-42.0,4.191,5195.8,999.0,0,1.0,0.0,0.0,1,8,0.0,6,11,2,2
20460,31.0,3,999,0,-2.9,92.201,-31.4,0.884,5076.2,999.0,0,0.0,0.0,1.0,2,6,0.0,4,8,2,1
20461,47.0,4,999,1,-1.8,92.893,-46.2,1.299,5099.1,999.0,1,1.0,0.0,0.0,2,3,0.0,4,5,2,2
20462,26.0,2,999,0,-1.8,92.893,-46.2,1.259,5099.1,999.0,0,1.0,0.0,1.0,1,8,0.0,6,5,1,1
20463,32.0,2,999,0,1.4,94.465,-41.8,4.865,5228.1,999.0,0,0.0,0.0,1.0,2,4,0.0,4,6,2,1
20464,53.0,2,999,1,-1.8,92.893,-46.2,1.281,5099.1,999.0,1,1.0,0.0,0.0,3,7,0.0,8,5,1,2
20465,29.0,3,999,0,-1.8,92.893,-46.2,1.291,5099.1,999.0,0,0.0,1.0,1.0,2,8,0.0,6,5,1,1
20466,31.0,1,999,1,-0.1,93.2,-42.0,4.076,5195.8,999.0,2,1.0,0.0,0.0,1,7,0.0,1,11,1,2
20467,30.0,3,999,0,1.4,94.465,-41.8,4.96,5228.1,999.0,0,1.0,0.0,1.0,1,7,0.0,5,6,2,1
20468,53.0,10,999,0,-2.9,92.963,-40.8,1.235,5076.2,999.0,0,0.0,1.0,1.0,2,8,0.0,6,6,1,1
20469,25.0,8,999,0,-3.4,92.649,-30.1,0.714,5017.5,999.0,0,1.0,0.0,1.0,2,8,0.0,6,11,2,1
20470,37.0,3,999,0,-1.8,92.893,-46.2,1.25,5099.1,999.0,0,1.0,0.0,0.0,1,8,0.0,5,5,1,1
20471,31.0,6,999,0,1.1,93.994,-36.4,4.86,5191.0,999.0,0,0.0,0.0,1.0,2,4,0.0,4,5,1,1
20472,48.0,4,999,0,1.4,93.918,-42.7,4.963,5228.1,999.0,0,1.0,0.0,0.0,2,8,0.0,9,7,1,1
20473,53.0,3,999,1,-3.4,92.649,-30.1,0.714,5017.5,999.0,3,1.0,1.0,1.0,1,8,0.0,6,11,1,2
20474,28.0,2,999,1,-1.8,93.075,-47.1,1.483,5099.1,999.0,1,1.0,0.0,0.0,1,8,0.0,4,4,1,2
20475,31.0,1,999,0,-1.7,94.055,-39.8,0.761,4991.6,999.0,0,1.0,0.0,0.0,2,3,0.0,7,6,1,1
20476,40.0,1,999,0,-1.8,93.075,-47.1,1.41,5099.1,999.0,0,1.0,0.0,0.0,2,4,0.0,4,4,1,1
20477,31.0,4,999,0,-3.0,92.713,-33.0,0.714,5023.5,999.0,0,0.0,0.0,0.0,2,8,0.0,8,12,1,1
20478,34.0,3,999,0,-1.8,92.843,-50.0,1.726,5099.1,999.0,0,1.0,1.0,0.0,1,8,0.0,5,3,1,1
20479,50.0,2,999,0,1.4,94.465,-41.8,4.959,5228.1,999.0,0,0.0,0.0,1.0,3,2,0.0,4,6,1,1
20480,35.0,12,999,0,1.4,93.444,-36.1,4.965,5228.1,999.0,0,1.0,0.0,0.0,2,7,0.0,5,8,1,1
20481,39.0,1,999,0,-1.8,92.893,-46.2,1.327,5099.1,999.0,0,1.0,0.0,0.0,2,3,0.0,4,5,1,1
20482,31.0,2,999,0,1.1,93.994,-36.4,4.855,5191.0,999.0,0,1.0,0.0,1.0,2,6,0.0,5,5,1,1
20483,50.0,1,999,0,1.4,94.465,-41.8,4.967,5228.1,999.0,0,1.0,0.0,1.0,2,2,0.0,4,6,1,1
20484,56.0,1,999,1,-1.8,92.893,-46.2,1.25,5099.1,999.0,1,1.0,0.0,0.0,2,8,0.0,9,5,1,2
20485,41.0,3,999,0,-1.8,92.893,-46.2,1.291,5099.1,999.0,0,1.0,0.0,0.0,2,4,0.0,4,5,1,1
20486,31.0,2,999,0,1.1,93.994,-36.4,4.857,5191.0,999.0,0,0.0,0.0,1.0,2,6,0.0,8,5,2,1
20487,73.0,1,999,0,-3.4,92.649,-30.1,0.718,5017.5,999.0,0,0.0,0.0,0.0,2,8,0.0,8,11,1,1
20488,30.0,2,999,0,1.4,93.918,-42.7,4.962,5228.1,999.0,0,0.0,0.0,0.0,2,4,0.0,4,7,2,1
20489,29.0,1,999,0,1.1,93.994,-36.4,4.86,5191.0,999.0,0,0.0,0.0,1.0,2,8,0.0,1,5,1,1
20490,39.0,3,999,0,1.4,94.465,-41.8,4.959,5228.1,999.0,0,0.0,0.0,1.0,1,8,0.0,4,6,1,1
20491,31.0,2,999,0,1.4,94.465,-41.8,4.947,5228.1,999.0,0,0.0,1.0,1.0,2,2,0.0,2,6,1,1
20492,31.0,4,999,0,1.4,93.918,-42.7,4.963,5228.1,999.0,0,1.0,0.0,1.0,2,8,0.0,9,7,1,1
20493,32.0,1,999,0,1.4,93.444,-36.1,4.963,5228.1,999.0,0,0.0,1.0,0.0,2,6,0.0,5,8,1,1
20494,31.0,1,999,0,-1.8,93.075,-47.1,1.405,5099.1,999.0,0,0.0,0.0,0.0,2,2,0.0,4,4,1,1
20495,31.0,1,999,0,1.1,93.994,-36.4,4.86,5191.0,999.0,0,1.0,0.0,1.0,2,8,0.0,5,5,1,1
20496,35.0,1,999,0,1.4,93.918,-42.7,4.958,5228.1,999.0,0,0.0,1.0,1.0,2,5,0.0,10,7,1,1
20497,36.0,1,999,1,-1.8,92.893,-46.2,1.334,5099.1,999.0,3,1.0,0.0,0.0,2,7,0.0,7,5,1,2
20498,31.0,6,999,0,-1.8,92.893,-46.2,1.25,5099.1,999.0,0,1.0,1.0,1.0,2,4,0.0,4,5,1,1
20499,57.0,2,999,0,1.4,93.918,-42.7,4.961,5228.1,999.0,0,1.0,0.0,1.0,3,5,0.0,6,7,1,1
20500,29.0,1,999,0,-0.1,93.2,-42.0,4.021,5195.8,999.0,0,1.0,0.0,0.0,2,5,0.0,7,11,1,1
20501,26.0,1,999,0,1.4,93.918,-42.7,4.963,5228.1,999.0,0,1.0,0.0,0.0,1,5,0.0,2,7,1,1
20502,37.0,3,999,0,1.1,93.994,-36.4,4.857,5191.0,999.0,0,0.0,0.0,1.0,1,7,0.0,6,5,1,1
20503,31.0,1,999,0,1.4,93.444,-36.1,4.967,5228.1,999.0,0,1.0,0.0,0.0,2,7,0.0,6,8,1,1
20504,42.0,5,999,0,-1.8,93.075,-47.1,1.423,5099.1,999.0,0,1.0,1.0,0.0,2,8,0.0,6,4,1,1
20505,40.0,2,999,0,1.4,94.465,-41.8,4.865,5228.1,999.0,0,1.0,0.0,1.0,3,7,0.0,5,6,2,1
20506,49.0,1,999,0,1.1,93.994,-36.4,4.856,5191.0,999.0,0,0.0,0.0,1.0,2,8,0.0,12,5,1,1
20507,31.0,3,999,1,-3.0,92.713,-33.0,0.709,5023.5,999.0,2,0.0,0.0,0.0,2,7,0.0,6,12,2,2
20508,39.0,1,999,0,1.1,93.994,-36.4,4.856,5191.0,999.0,0,1.0,1.0,1.0,3,3,0.0,4,5,1,1
20509,31.0,6,999,0,1.4,93.918,-42.7,4.962,5228.1,999.0,0,1.0,0.0,0.0,2,5,0.0,3,7,2,1
20510,27.0,2,999,0,-1.8,93.075,-47.1,1.445,5099.1,999.0,0,0.0,1.0,0.0,1,8,0.0,5,4,1,1
20511,32.0,1,999,0,-1.8,92.843,-50.0,1.614,5099.1,999.0,0,1.0,1.0,0.0,1,8,0.0,6,3,1,1
20512,44.0,1,999,0,1.4,93.444,-36.1,4.965,5228.1,999.0,0,1.0,0.0,0.0,2,8,0.0,5,8,2,1
20513,30.0,2,999,0,1.4,94.465,-41.8,4.866,5228.1,999.0,0,0.0,0.0,1.0,1,8,0.0,4,6,1,1
20514,29.0,1,999,2,-1.8,93.876,-40.0,0.695,5008.7,999.0,2,1.0,0.0,0.0,1,5,0.0,9,5,1,2
20515,56.0,1,999,0,-1.8,93.075,-47.1,1.365,5099.1,999.0,0,1.0,0.0,1.0,2,7,0.0,7,4,1,1
20516,31.0,8,999,0,1.4,93.918,-42.7,4.962,5228.1,999.0,0,1.0,0.0,0.0,2,6,0.0,5,7,1,1
20517,33.0,1,999,0,1.1,93.994,-36.4,4.858,5191.0,999.0,0,0.0,1.0,1.0,2,5,0.0,9,5,1,1
20518,31.0,2,999,0,1.4,93.918,-42.7,4.968,5228.1,999.0,0,1.0,0.0,0.0,2,5,0.0,9,7,1,1
20519,31.0,1,999,1,-2.9,92.201,-31.4,0.861,5076.2,999.0,4,1.0,0.0,0.0,2,8,0.0,8,8,2,2
20520,51.0,3,999,0,1.4,93.918,-42.7,4.961,5228.1,999.0,0,1.0,0.0,0.0,2,2,0.0,4,7,1,1
20521,31.0,1,999,0,1.4,93.918,-42.7,4.962,5228.1,999.0,0,0.0,0.0,0.0,2,5,0.0,9,7,1,1
20522,54.0,5,999,2,-1.7,94.215,-40.3,0.861,4991.6,999.0,2,0.0,1.0,0.0,2,7,0.0,6,7,1,2
20523,49.0,2,999,0,1.1,93.994,-36.4,4.856,5191.0,999.0,0,1.0,0.0,1.0,2,5,0.0,5,5,1,1
20524,51.0,3,999,0,1.4,93.918,-42.7,4.962,5228.1,999.0,0,0.0,0.0,0.0,2,7,0.0,6,7,1,1
20525,47.0,1,999,0,-1.8,92.893,-46.2,1.27,5099.1,999.0,0,0.0,0.0,0.0,2,5,0.0,3,5,1,1
20526,33.0,1,999,0,1.1,93.994,-36.4,4.86,5191.0,999.0,0,0.0,0.0,1.0,2,7,0.0,6,5,1,1
20527,47.0,1,999,0,1.4,93.918,-42.7,4.955,5228.1,999.0,0,0.0,0.0,1.0,2,2,0.0,8,7,1,1
20528,57.0,4,999,0,1.4,93.444,-36.1,4.965,5228.1,999.0,0,1.0,1.0,0.0,2,4,0.0,8,8,1,1
20529,41.0,1,999,0,1.4,94.465,-41.8,4.959,5228.1,999.0,0,1.0,0.0,1.0,2,8,0.0,3,6,1,1
20530,32.0,1,999,0,-1.8,92.893,-46.2,1.344,5099.1,999.0,0,1.0,0.0,0.0,2,3,0.0,4,5,1,1
20531,49.0,6,999,0,1.1,93.994,-36.4,4.86,5191.0,999.0,0,1.0,0.0,1.0,2,4,0.0,5,5,1,1
20532,29.0,1,999,0,1.4,93.918,-42.7,4.963,5228.1,999.0,0,0.0,0.0,0.0,2,8,0.0,4,7,1,1
20533,28.0,1,999,0,-1.8,92.843,-50.0,1.64,5099.1,999.0,0,0.0,0.0,0.0,1,8,0.0,1,3,1,1
20534,53.0,2,999,0,1.4,93.918,-42.7,4.959,5228.1,999.0,0,0.0,0.0,1.0,2,8,0.0,2,7,1,1
20535,38.0,1,999,0,1.1,93.994,-36.4,4.857,5191.0,999.0,0,1.0,0.0,1.0,2,6,0.0,5,5,1,1
20536,53.0,2,999,1,-0.1,93.2,-42.0,4.076,5195.8,999.0,3,1.0,0.0,0.0,3,5,0.0,6,11,1,2
20537,29.0,1,999,0,1.1,93.994,-36.4,4.856,5191.0,999.0,0,1.0,0.0,1.0,2,6,0.0,5,5,1,1
20538,37.0,8,999,0,1.4,93.444,-36.1,4.962,5228.1,999.0,0,1.0,0.0,0.0,1,8,0.0,5,8,1,1
20539,29.0,1,999,0,-1.8,93.075,-47.1,1.406,5099.1,999.0,0,0.0,0.0,0.0,1,8,0.0,11,4,1,1
20540,34.0,3,999,0,-1.8,92.893,-46.2,1.354,5099.1,999.0,0,0.0,0.0,0.0,2,6,0.0,9,5,2,1
20541,31.0,2,999,0,1.4,93.444,-36.1,4.965,5228.1,999.0,0,1.0,0.0,0.0,1,8,0.0,6,8,1,1
20542,55.0,10,999,0,1.4,93.444,-36.1,4.963,5228.1,999.0,0,1.0,0.0,0.0,2,8,0.0,4,8,1,1
20543,45.0,1,999,0,1.1,93.994,-36.4,4.856,5191.0,999.0,0,0.0,0.0,1.0,2,3,0.0,4,5,1,1
20544,40.0,3,999,0,1.1,93.994,-36.4,4.855,5191.0,999.0,0,0.0,0.0,1.0,2,5,0.0,3,5,1,1
20545,56.0,1,3,1,-1.7,94.055,-39.8,0.761,4991.6,0.1,0,0.0,0.0,0.0,2,5,0.0,8,6,1,3
20546,46.0,1,999,1,-0.1,93.2,-42.0,4.021,5195.8,999.0,1,1.0,0.0,0.0,1,5,0.0,6,11,1,2
20547,35.0,3,999,0,1.4,93.918,-42.7,4.96,5228.1,999.0,0,0.0,0.0,0.0,2,5,0.0,1,7,2,1
20548,31.0,1,999,0,-1.8,93.075,-47.1,1.405,5099.1,999.0,0,1.0,0.0,0.0,2,8,0.0,9,4,1,1
20549,31.0,9,999,0,1.1,93.994,-36.4,4.864,5191.0,999.0,0,0.0,0.0,1.0,2,8,0.0,6,5,1,1
20550,57.0,6,999,0,1.4,93.444,-36.1,4.966,5228.1,999.0,0,1.0,0.0,0.0,2,4,0.0,8,8,1,1
20551,41.0,2,999,0,1.1,93.994,-36.4,4.856,5191.0,999.0,0,0.0,0.0,1.0,2,6,0.0,5,5,1,1
20552,31.0,3,999,0,1.4,93.918,-42.7,4.961,5228.1,999.0,0,1.0,1.0,0.0,2,4,0.0,4,7,1,1
20553,31.0,7,999,0,1.1,93.994,-36.4,4.856,5191.0,999.0,0,1.0,0.0,1.0,2,8,0.0,4,5,1,1
20554,43.0,6,999,0,1.1,93.994,-36.4,4.859,5191.0,999.0,0,0.0,0.0,1.0,2,8,0.0,4,5,1,1
20555,28.0,1,999,0,1.4,93.918,-42.7,4.968,5228.1,999.0,0,0.0,0.0,0.0,2,5,0.0,9,7,1,1
20556,31.0,3,999,0,-1.8,93.075,-47.1,1.483,5099.1,999.0,0,1.0,0.0,0.0,2,8,0.0,6,4,1,1
20557,36.0,3,999,0,-1.8,93.075,-47.1,1.405,5099.1,999.0,0,0.0,0.0,0.0,2,5,0.0,9,4,1,1
20558,35.0,1,999,0,-1.8,92.843,-50.0,1.556,5099.1,999.0,0,1.0,0.0,0.0,1,6,0.0,4,3,1,1
20559,32.0,1,999,0,1.1,93.994,-36.4,4.859,5191.0,999.0,0,0.0,0.0,1.0,2,6,0.0,5,5,1,1
20560,32.0,1,999,0,1.1,93.994,-36.4,4.856,5191.0,999.0,0,1.0,0.0,1.0,3,5,0.0,5,5,1,1
20561,50.0,4,999,0,1.4,94.465,-41.8,4.864,5228.1,999.0,0,1.0,0.0,1.0,3,5,0.0,2,6,1,1
20562,31.0,4,999,0,-1.8,92.893,-46.2,1.281,5099.1,999.0,0,1.0,0.0,0.0,2,8,0.0,4,5,1,1
20563,47.0,2,999,0,-3.0,92.713,-33.0,0.717,5023.5,999.0,0,0.0,0.0,1.0,2,7,0.0,6,12,2,1
20564,28.0,2,999,3,-3.4,92.431,-26.9,0.728,5017.5,999.0,3,1.0,0.0,0.0,1,5,0.0,6,10,1,2
20565,47.0,1,999,0,1.4,93.918,-42.7,4.968,5228.1,999.0,0,0.0,0.0,0.0,2,6,0.0,5,7,1,1
20566,38.0,1,999,0,1.4,93.918,-42.7,4.962,5228.1,999.0,0,0.0,0.0,1.0,2,5,0.0,9,7,1,1
20567,22.0,1,999,0,-1.8,92.893,-46.2,1.266,5099.1,999.0,0,1.0,0.0,0.0,2,4,0.0,4,5,1,1
20568,56.0,5,999,0,-2.9,92.963,-40.8,1.26,5076.2,999.0,0,1.0,0.0,1.0,2,7,0.0,3,6,1,1
20569,39.0,3,999,0,1.1,93.994,-36.4,4.858,5191.0,999.0,0,1.0,0.0,1.0,2,2,0.0,1,5,1,1
20570,35.0,2,999,1,-0.1,93.2,-42.0,4.12,5195.8,999.0,3,0.0,1.0,0.0,2,8,0.0,5,11,1,2
20571,42.0,1,999,0,-3.4,92.431,-26.9,0.741,5017.5,999.0,0,0.0,0.0,0.0,3,8,0.0,3,10,1,1
20572,31.0,1,999,0,1.4,93.918,-42.7,4.957,5228.1,999.0,0,0.0,0.0,0.0,2,8,0.0,4,7,1,1
20573,37.0,1,999,0,1.4,93.918,-42.7,4.962,5228.1,999.0,0,1.0,0.0,0.0,2,3,0.0,9,7,1,1
20574,63.0,1,999,0,-3.4,92.431,-26.9,0.74,5017.5,999.0,0,0.0,0.0,0.0,2,8,0.0,8,10,1,1
20575,27.0,1,999,0,1.4,93.918,-42.7,4.957,5228.1,999.0,0,0.0,0.0,0.0,2,4,0.0,4,7,1,1
20576,80.0,2,999,0,-1.8,93.749,-34.6,0.642,5008.7,999.0,0,1.0,0.0,1.0,3,8,0.0,8,4,1,1
20577,42.0,3,999,0,1.1,93.994,-36.4,4.857,5191.0,999.0,0,0.0,0.0,1.0,2,8,0.0,4,5,2,1
20578,41.0,2,999,0,1.4,94.465,-41.8,4.866,5228.1,999.0,0,0.0,0.0,1.0,2,4,0.0,4,6,1,1
20579,31.0,2,999,0,1.4,93.444,-36.1,4.963,5228.1,999.0,0,0.0,0.0,0.0,2,5,0.0,5,8,1,1
20580,31.0,1,999,0,1.1,93.994,-36.4,4.856,5191.0,999.0,0,1.0,0.0,1.0,2,8,0.0,9,5,1,1
20581,52.0,2,999,0,-1.8,93.876,-40.0,0.677,5008.7,999.0,0,1.0,0.0,0.0,2,8,0.0,6,5,1,1
20582,33.0,1,999,1,-1.8,92.893,-46.2,1.291,5099.1,999.0,1,0.0,0.0,0.0,1,5,0.0,1,5,1,2
20583,31.0,1,999,0,1.4,94.465,-41.8,4.865,5228.1,999.0,0,1.0,0.0,1.0,2,3,0.0,4,6,2,1
20584,35.0,1,999,0,-1.8,93.075,-47.1,1.365,5099.1,999.0,0,1.0,0.0,0.0,3,8,0.0,6,4,1,1
20585,31.0,3,999,0,1.4,93.444,-36.1,4.964,5228.1,999.0,0,0.0,0.0,0.0,2,7,0.0,6,8,1,1
20586,52.0,1,999,0,1.4,94.465,-41.8,4.958,5228.1,999.0,0,1.0,0.0,1.0,1,2,0.0,4,6,1,1
20587,31.0,3,999,0,1.1,93.994,-36.4,4.857,5191.0,999.0,0,0.0,0.0,1.0,1,5,0.0,4,5,1,1
20588,45.0,1,999,0,-1.8,93.075,-47.1,1.41,5099.1,999.0,0,1.0,0.0,0.0,2,8,0.0,4,4,1,1
20589,29.0,3,999,0,-2.9,92.201,-31.4,0.869,5076.2,999.0,0,0.0,0.0,0.0,1,3,0.0,4,8,1,1
20590,31.0,1,999,0,1.1,93.994,-36.4,4.856,5191.0,999.0,0,1.0,0.0,1.0,3,3,0.0,4,5,1,1
20591,47.0,1,999,0,1.4,93.444,-36.1,4.964,5228.1,999.0,0,1.0,0.0,0.0,2,5,0.0,9,8,1,1
20592,31.0,3,999,1,-1.8,92.893,-46.2,1.25,5099.1,999.0,1,1.0,0.0,1.0,1,2,0.0,4,5,1,2
20593,30.0,2,999,0,-1.8,92.893,-46.2,1.25,5099.1,999.0,0,1.0,0.0,0.0,1,4,0.0,4,5,1,1
20594,31.0,1,999,0,-2.9,92.201,-31.4,0.859,5076.2,999.0,0,1.0,0.0,0.0,2,7,0.0,8,8,1,1
20595,48.0,1,999,0,-1.8,92.893,-46.2,1.281,5099.1,999.0,0,1.0,0.0,0.0,2,4,0.0,4,5,1,1
20596,40.0,3,999,0,1.4,94.465,-41.8,4.961,5228.1,999.0,0,0.0,0.0,1.0,1,7,0.0,2,6,2,1
20597,54.0,1,999,0,-0.1,93.2,-42.0,4.153,5195.8,999.0,0,0.0,1.0,0.0,2,4,0.0,1,11,1,1
20598,52.0,15,999,0,1.4,93.444,-36.1,4.963,5228.1,999.0,0,1.0,0.0,0.0,2,7,0.0,2,8,1,1
20599,31.0,4,999,0,1.4,93.918,-42.7,4.957,5228.1,999.0,0,1.0,0.0,0.0,1,4,0.0,4,7,1,1
20600,31.0,1,6,1,-3.4,92.431,-26.9,0.735,5017.5,0.2,3,1.0,0.0,0.0,2,7,0.0,6,10,1,3
20601,36.0,1,999,0,1.4,93.444,-36.1,4.968,5228.1,999.0,0,1.0,1.0,0.0,2,7,0.0,5,8,1,1
20602,31.0,2,999,0,-1.8,93.075,-47.1,1.415,5099.1,999.0,0,1.0,0.0,0.0,2,2,0.0,8,4,1,1
20603,31.0,3,999,0,1.4,93.918,-42.7,4.962,5228.1,999.0,0,1.0,0.0,0.0,2,8,0.0,6,7,2,1
20604,21.0,2,999,0,-1.7,94.215,-40.3,0.861,4991.6,999.0,0,0.0,0.0,0.0,1,5,0.0,2,7,1,1
20605,30.0,2,999,0,1.1,93.994,-36.4,4.859,5191.0,999.0,0,1.0,0.0,1.0,2,5,0.0,9,5,1,1
20606,31.0,1,999,0,1.4,93.444,-36.1,4.964,5228.1,999.0,0,0.0,1.0,0.0,1,8,0.0,5,8,1,1
20607,31.0,5,999,0,1.4,93.444,-36.1,4.966,5228.1,999.0,0,0.0,1.0,0.0,2,8,0.0,6,8,1,1
20608,37.0,1,999,0,1.1,93.994,-36.4,4.857,5191.0,999.0,0,0.0,0.0,1.0,2,7,0.0,6,5,2,1
20609,31.0,1,999,0,-2.9,92.469,-33.6,1.044,5076.2,999.0,0,1.0,0.0,0.0,1,7,0.0,5,7,1,1
20610,34.0,4,999,1,-1.8,92.893,-46.2,1.25,5099.1,999.0,3,1.0,0.0,0.0,2,6,0.0,4,5,1,2
20611,31.0,3,999,0,-1.8,92.893,-46.2,1.281,5099.1,999.0,0,1.0,0.0,0.0,1,3,0.0,4,5,1,1
20612,27.0,5,999,0,1.4,94.465,-41.8,4.967,5228.1,999.0,0,0.0,0.0,1.0,1,6,0.0,9,6,1,1
20613,31.0,3,999,0,1.4,93.918,-42.7,4.962,5228.1,999.0,0,0.0,1.0,0.0,2,8,0.0,5,7,1,1
20614,28.0,2,999,0,-1.8,92.893,-46.2,1.27,5099.1,999.0,0,0.0,0.0,1.0,1,5,0.0,9,5,1,1
20615,31.0,2,6,2,-1.1,94.601,-49.5,0.985,4963.6,0.2,0,0.0,0.0,0.0,2,5,0.0,6,10,1,3
20616,34.0,1,999,0,1.1,93.994,-36.4,4.857,5191.0,999.0,0,0.0,0.0,1.0,2,8,0.0,4,5,1,1
20617,41.0,4,999,0,1.4,93.444,-36.1,4.963,5228.1,999.0,0,0.0,0.0,0.0,3,8,0.0,1,8,1,1
20618,30.0,3,999,0,-1.8,92.893,-46.2,1.299,5099.1,999.0,0,1.0,0.0,1.0,2,3,0.0,4,5,2,1
20619,31.0,1,999,0,1.4,93.918,-42.7,4.962,5228.1,999.0,0,0.0,0.0,0.0,1,8,0.0,6,7,1,1
20620,31.0,1,999,0,-0.1,93.2,-42.0,4.153,5195.8,999.0,0,1.0,0.0,0.0,2,8,0.0,5,11,1,1
20621,55.0,1,999,0,-1.8,93.075,-47.1,1.365,5099.1,999.0,0,1.0,0.0,0.0,2,8,0.0,6,4,1,1
20622,39.0,2,999,0,1.4,93.918,-42.7,4.963,5228.1,999.0,0,1.0,1.0,0.0,2,8,0.0,5,7,1,1
20623,42.0,2,999,0,1.4,94.465,-41.8,4.961,5228.1,999.0,0,0.0,0.0,1.0,3,8,0.0,9,6,2,1
20624,35.0,1,999,0,1.4,93.444,-36.1,4.965,5228.1,999.0,0,1.0,0.0,0.0,1,6,0.0,5,8,1,1
20625,31.0,7,999,0,1.4,93.444,-36.1,4.965,5228.1,999.0,0,0.0,0.0,0.0,2,5,0.0,9,8,2,1
20626,23.0,1,999,0,-1.8,92.843,-50.0,1.757,5099.1,999.0,0,1.0,0.0,0.0,1,7,0.0,6,3,1,1
20627,33.0,2,999,0,-1.8,92.893,-46.2,1.25,5099.1,999.0,0,1.0,0.0,0.0,2,8,0.0,8,5,1,1
20628,31.0,1,999,0,1.1,93.994,-36.4,4.855,5191.0,999.0,0,0.0,0.0,1.0,1,5,0.0,9,5,1,1
20629,37.0,2,999,0,1.4,93.444,-36.1,4.964,5228.1,999.0,0,1.0,0.0,0.0,2,4,0.0,1,8,1,1
20630,31.0,1,999,0,1.4,94.465,-41.8,4.865,5228.1,999.0,0,0.0,0.0,1.0,2,4,0.0,4,6,2,1
20631,45.0,2,999,0,1.1,93.994,-36.4,4.857,5191.0,999.0,0,1.0,0.0,1.0,2,2,0.0,4,5,2,1
20632,55.0,1,999,0,1.4,93.444,-36.1,4.964,5228.1,999.0,0,0.0,1.0,0.0,3,8,0.0,5,8,1,1
20633,43.0,5,999,0,1.4,93.444,-36.1,4.964,5228.1,999.0,0,0.0,1.0,0.0,3,8,0.0,2,8,1,1
20634,31.0,10,999,0,1.4,94.465,-41.8,4.959,5228.1,999.0,0,0.0,0.0,1.0,2,4,0.0,4,6,1,1
20635,31.0,3,999,1,-1.8,92.893,-46.2,1.264,5099.1,999.0,6,1.0,1.0,0.0,2,8,0.0,4,5,2,2
20636,30.0,3,999,0,1.4,93.918,-42.7,4.963,5228.1,999.0,0,0.0,1.0,0.0,1,5,0.0,6,7,1,1
20637,27.0,3,999,0,1.1,93.994,-36.4,4.86,5191.0,999.0,0,1.0,0.0,1.0,2,2,0.0,4,5,1,1
20638,47.0,2,999,0,1.4,93.918,-42.7,4.957,5228.1,999.0,0,1.0,0.0,0.0,2,8,0.0,5,7,1,1
20639,53.0,1,999,0,1.1,93.994,-36.4,4.859,5191.0,999.0,0,0.0,0.0,1.0,2,5,0.0,9,5,1,1
20640,47.0,4,999,1,-1.8,93.075,-47.1,1.423,5099.1,999.0,1,1.0,0.0,0.0,2,8,0.0,4,4,1,2
20641,31.0,1,999,0,-1.8,93.749,-34.6,0.644,5008.7,999.0,0,0.0,0.0,0.0,2,7,0.0,8,4,1,1
20642,50.0,1,999,0,-0.1,93.2,-42.0,4.191,5195.8,999.0,0,1.0,0.0,0.0,2,4,0.0,4,11,2,1
20643,47.0,3,999,0,1.1,93.994,-36.4,4.857,5191.0,999.0,0,1.0,0.0,1.0,3,7,0.0,3,5,1,1
20644,36.0,2,999,0,-1.8,92.893,-46.2,1.291,5099.1,999.0,0,1.0,0.0,0.0,2,8,0.0,4,5,1,1
20645,38.0,1,999,0,-3.0,92.713,-33.0,0.721,5023.5,999.0,0,1.0,1.0,0.0,2,7,0.0,5,12,1,1
20646,31.0,3,999,0,1.4,94.465,-41.8,4.958,5228.1,999.0,0,1.0,0.0,1.0,2,2,0.0,4,6,1,1
20647,37.0,2,999,0,-1.8,92.893,-46.2,1.25,5099.1,999.0,0,0.0,0.0,0.0,3,8,0.0,9,5,1,1
20648,31.0,3,999,0,1.1,93.994,-36.4,4.856,5191.0,999.0,0,0.0,0.0,1.0,1,7,0.0,1,5,1,1
20649,51.0,1,999,1,-1.8,92.893,-46.2,1.334,5099.1,999.0,5,1.0,0.0,0.0,2,4,0.0,4,5,1,2
20650,33.0,1,999,0,-0.1,93.2,-42.0,4.12,5195.8,999.0,0,1.0,1.0,0.0,2,7,0.0,3,11,1,1
20651,31.0,2,999,0,1.1,93.994,-36.4,4.864,5191.0,999.0,0,0.0,1.0,1.0,4,3,0.0,4,5,1,1
20652,32.0,3,999,0,1.4,93.444,-36.1,4.965,5228.1,999.0,0,1.0,1.0,0.0,2,7,0.0,5,8,1,1
20653,32.0,1,999,0,1.1,93.994,-36.4,4.857,5191.0,999.0,0,1.0,0.0,1.0,2,5,0.0,7,5,2,1
20654,38.0,1,999,0,1.4,93.918,-42.7,4.962,5228.1,999.0,0,0.0,0.0,0.0,1,8,0.0,9,7,1,1
20655,45.0,3,999,0,1.4,93.918,-42.7,4.96,5228.1,999.0,0,1.0,0.0,0.0,2,2,0.0,4,7,2,1
20656,32.0,3,999,1,-1.8,92.893,-46.2,1.299,5099.1,999.0,0,1.0,1.0,0.0,1,6,0.0,5,5,2,2
20657,36.0,1,999,0,1.1,93.994,-36.4,4.855,5191.0,999.0,0,1.0,0.0,1.0,2,8,0.0,5,5,1,1
20658,35.0,1,999,0,1.4,94.465,-41.8,4.967,5228.1,999.0,0,1.0,1.0,1.0,1,3,0.0,6,6,1,1
20659,37.0,5,999,0,1.1,93.994,-36.4,4.858,5191.0,999.0,0,1.0,1.0,1.0,3,5,0.0,6,5,1,1
20660,47.0,1,999,0,1.1,93.994,-36.4,4.857,5191.0,999.0,0,0.0,0.0,1.0,3,7,0.0,6,5,2,1
20661,21.0,1,999,0,-1.1,94.601,-49.5,0.982,4963.6,999.0,0,0.0,0.0,0.0,1,5,0.0,11,10,1,1
20662,31.0,1,999,0,-0.1,93.2,-42.0,4.076,5195.8,999.0,0,1.0,0.0,0.0,1,7,0.0,6,11,1,1
20663,31.0,1,999,0,1.1,93.994,-36.4,4.857,5191.0,999.0,0,0.0,0.0,1.0,2,4,0.0,4,5,1,1
20664,52.0,1,999,0,1.1,93.994,-36.4,4.857,5191.0,999.0,0,1.0,0.0,1.0,2,8,0.0,6,5,1,1
20665,34.0,1,999,0,1.4,93.444,-36.1,4.965,5228.1,999.0,0,0.0,0.0,0.0,3,7,0.0,6,8,1,1
20666,40.0,3,999,0,1.4,93.918,-42.7,4.961,5228.1,999.0,0,1.0,0.0,0.0,1,5,0.0,6,7,1,1
20667,40.0,1,999,0,1.4,93.918,-42.7,4.962,5228.1,999.0,0,1.0,1.0,1.0,2,2,0.0,4,7,1,1
20668,27.0,5,999,0,1.4,93.918,-42.7,4.961,5228.1,999.0,0,1.0,0.0,0.0,1,8,0.0,6,7,1,1
20669,43.0,5,999,0,1.4,94.465,-41.8,4.864,5228.1,999.0,0,0.0,0.0,1.0,2,6,0.0,10,6,1,1
20670,37.0,2,999,0,-0.1,93.2,-42.0,4.153,5195.8,999.0,0,1.0,0.0,0.0,2,6,0.0,5,11,1,1
20671,31.0,2,999,0,1.4,93.918,-42.7,4.962,5228.1,999.0,0,1.0,0.0,0.0,1,8,0.0,5,7,2,1
20672,57.0,2,999,0,-0.1,93.2,-42.0,4.153,5195.8,999.0,0,0.0,1.0,0.0,2,7,0.0,3,11,1,1
20673,30.0,1,999,0,1.4,94.465,-41.8,4.864,5228.1,999.0,0,0.0,0.0,1.0,1,7,0.0,5,6,1,1
20674,37.0,1,999,0,1.1,93.994,-36.4,4.858,5191.0,999.0,0,1.0,0.0,1.0,2,8,0.0,10,5,1,1
20675,27.0,1,999,0,1.4,93.918,-42.7,4.962,5228.1,999.0,0,0.0,0.0,0.0,2,5,0.0,7,7,1,1
20676,68.0,1,3,1,-1.7,94.215,-40.3,0.896,4991.6,0.1,3,1.0,1.0,0.0,3,8,0.0,8,7,1,3
20677,31.0,5,999,0,1.4,93.444,-36.1,4.963,5228.1,999.0,0,1.0,0.0,0.0,2,7,0.0,3,8,2,1
20678,31.0,1,999,0,-1.8,92.893,-46.2,1.25,5099.1,999.0,0,0.0,0.0,0.0,1,5,0.0,4,5,1,1
20679,57.0,2,999,1,-1.8,92.893,-46.2,1.313,5099.1,999.0,4,1.0,0.0,0.0,2,5,0.0,3,5,1,2
20680,54.0,2,999,0,1.4,93.918,-42.7,4.963,5228.1,999.0,0,0.0,0.0,0.0,3,5,0.0,4,7,1,1
20681,26.0,1,999,0,1.4,94.465,-41.8,4.864,5228.1,999.0,0,0.0,0.0,1.0,1,8,0.0,11,6,1,1
20682,36.0,1,999,0,1.4,93.444,-36.1,4.968,5228.1,999.0,0,1.0,0.0,0.0,1,8,0.0,6,8,1,1
20683,30.0,1,999,0,-1.8,92.893,-46.2,1.327,5099.1,999.0,0,1.0,0.0,0.0,1,6,0.0,5,5,1,1
20684,31.0,5,999,0,1.1,93.994,-36.4,4.86,5191.0,999.0,0,0.0,0.0,1.0,2,8,0.0,6,5,1,1
20685,40.0,6,999,0,-0.1,93.2,-42.0,4.12,5195.8,999.0,0,0.0,0.0,0.0,2,8,0.0,9,11,1,1
20686,36.0,1,999,1,-1.8,92.893,-46.2,1.344,5099.1,999.0,2,1.0,1.0,0.0,2,4,0.0,5,5,1,2
20687,56.0,1,12,4,-1.7,94.027,-38.3,0.904,4991.6,0.4,0,1.0,0.0,1.0,3,8,0.0,4,8,2,2
20688,31.0,1,999,1,-0.1,93.2,-42.0,4.12,5195.8,999.0,3,0.0,0.0,0.0,1,4,0.0,7,11,1,2
20689,30.0,3,999,0,1.4,93.444,-36.1,4.962,5228.1,999.0,0,0.0,1.0,0.0,2,8,0.0,3,8,1,1
20690,39.0,1,999,0,1.1,93.994,-36.4,4.857,5191.0,999.0,0,1.0,0.0,1.0,2,5,0.0,9,5,1,1
20691,41.0,1,999,0,-0.1,93.2,-42.0,4.076,5195.8,999.0,0,1.0,0.0,0.0,3,3,0.0,3,11,1,1
20692,41.0,3,999,0,1.4,94.465,-41.8,4.962,5228.1,999.0,0,1.0,1.0,1.0,2,7,0.0,6,6,1,1
20693,31.0,3,999,0,1.4,93.444,-36.1,4.965,5228.1,999.0,0,1.0,1.0,0.0,2,5,0.0,5,8,1,1
20694,45.0,1,999,0,1.4,94.465,-41.8,4.96,5228.1,999.0,0,1.0,1.0,1.0,2,5,0.0,6,6,2,1
20695,50.0,1,999,0,1.4,93.444,-36.1,4.965,5228.1,999.0,0,1.0,0.0,0.0,2,8,0.0,5,8,1,1
20696,45.0,2,999,0,-1.8,92.893,-46.2,1.291,5099.1,999.0,0,0.0,0.0,0.0,2,7,0.0,6,5,1,1
20697,35.0,1,999,0,-0.1,93.2,-42.0,4.12,5195.8,999.0,0,1.0,0.0,0.0,1,4,0.0,5,11,1,1
20698,32.0,4,999,0,1.4,93.918,-42.7,4.968,5228.1,999.0,0,0.0,0.0,1.0,1,5,0.0,4,7,1,1
20699,42.0,1,999,0,1.4,94.465,-41.8,4.967,5228.1,999.0,0,1.0,0.0,1.0,2,3,0.0,4,6,1,1
20700,72.0,2,999,0,-3.4,92.649,-30.1,0.715,5017.5,999.0,0,1.0,0.0,1.0,2,8,0.0,8,11,1,1
20701,47.0,3,999,1,-0.1,93.2,-42.0,4.021,5195.8,999.0,4,0.0,0.0,0.0,2,5,0.0,6,11,1,2
20702,23.0,1,999,0,-1.8,92.893,-46.2,1.266,5099.1,999.0,0,0.0,1.0,0.0,1,2,0.0,4,5,1,1
20703,31.0,2,999,0,1.4,94.465,-41.8,4.947,5228.1,999.0,0,0.0,0.0,1.0,2,2,0.0,4,6,1,1
20704,31.0,4,999,0,1.1,93.994,-36.4,4.857,5191.0,999.0,0,0.0,0.0,1.0,2,4,0.0,4,5,1,1
20705,58.0,2,999,0,1.4,94.465,-41.8,4.959,5228.1,999.0,0,1.0,0.0,1.0,2,2,0.0,4,6,1,1
20706,31.0,1,999,0,1.4,93.444,-36.1,4.964,5228.1,999.0,0,0.0,0.0,0.0,1,8,0.0,6,8,1,1
20707,31.0,1,999,0,-3.0,92.713,-33.0,0.72,5023.5,999.0,0,0.0,0.0,0.0,2,5,0.0,8,12,1,1
20708,57.0,2,999,1,-1.8,92.893,-46.2,1.281,5099.1,999.0,2,1.0,0.0,0.0,2,2,0.0,6,5,1,2
20709,48.0,1,999,0,1.4,94.465,-41.8,4.864,5228.1,999.0,0,1.0,0.0,1.0,3,6,0.0,6,6,1,1
20710,41.0,1,3,1,-3.4,92.649,-30.1,0.715,5017.5,0.1,4,1.0,0.0,0.0,2,8,0.0,6,11,1,3
20711,24.0,3,999,0,1.4,93.918,-42.7,4.96,5228.1,999.0,0,1.0,0.0,1.0,1,8,0.0,6,7,2,1
20712,26.0,2,999,0,-3.4,92.649,-30.1,0.716,5017.5,999.0,0,1.0,0.0,0.0,1,8,0.0,11,11,1,1
20713,37.0,3,999,0,1.4,94.465,-41.8,4.967,5228.1,999.0,0,0.0,0.0,1.0,2,7,0.0,6,6,1,1
20714,31.0,2,999,0,-1.8,93.749,-34.6,0.635,5008.7,999.0,0,0.0,0.0,1.0,3,8,0.0,6,4,1,1
20715,38.0,1,999,0,1.4,94.465,-41.8,4.866,5228.1,999.0,0,1.0,0.0,1.0,2,7,0.0,6,6,1,1
20716,34.0,1,999,0,1.1,93.994,-36.4,4.857,5191.0,999.0,0,0.0,1.0,1.0,2,7,0.0,5,5,1,1
20717,57.0,6,999,0,1.4,93.444,-36.1,4.966,5228.1,999.0,0,0.0,0.0,0.0,2,8,0.0,8,8,1,1
20718,38.0,13,999,0,-1.8,92.893,-46.2,1.244,5099.1,999.0,0,1.0,0.0,0.0,1,8,0.0,5,5,2,1
20719,39.0,2,999,0,1.1,93.994,-36.4,4.864,5191.0,999.0,0,0.0,0.0,1.0,2,7,0.0,6,5,1,1
20720,39.0,2,999,1,-1.8,92.893,-46.2,1.344,5099.1,999.0,1,1.0,1.0,0.0,3,8,0.0,8,5,1,2
20721,50.0,4,999,0,1.1,93.994,-36.4,4.856,5191.0,999.0,0,1.0,0.0,1.0,2,8,0.0,5,5,1,1
20722,38.0,5,999,0,1.4,94.465,-41.8,4.962,5228.1,999.0,0,1.0,0.0,1.0,1,4,0.0,6,6,1,1
20723,54.0,5,999,1,-0.1,93.2,-42.0,4.12,5195.8,999.0,2,0.0,0.0,0.0,2,8,0.0,4,11,1,2
20724,35.0,2,999,0,1.1,93.994,-36.4,4.857,5191.0,999.0,0,1.0,1.0,1.0,2,7,0.0,6,5,1,1
20725,36.0,2,999,0,1.4,94.465,-41.8,4.967,5228.1,999.0,0,1.0,1.0,1.0,2,8,0.0,7,6,1,1
20726,31.0,2,999,0,1.4,94.465,-41.8,4.967,5228.1,999.0,0,0.0,1.0,1.0,1,8,0.0,4,6,1,1
20727,51.0,1,6,4,-1.7,94.027,-38.3,0.903,4991.6,0.2,8,1.0,0.0,0.0,2,8,0.0,4,8,1,3
20728,34.0,3,999,0,-0.1,93.2,-42.0,4.12,5195.8,999.0,0,0.0,1.0,0.0,2,4,0.0,4,11,1,1
20729,55.0,1,999,0,1.4,94.465,-41.8,4.96,5228.1,999.0,0,0.0,0.0,1.0,2,8,0.0,4,6,2,1
20730,31.0,2,999,0,1.1,93.994,-36.4,4.86,5191.0,999.0,0,1.0,0.0,1.0,2,7,0.0,5,5,1,1
20731,34.0,2,999,1,-1.8,92.893,-46.2,1.291,5099.1,999.0,1,1.0,0.0,0.0,2,3,0.0,4,5,1,2
20732,40.0,4,999,0,-0.1,93.2,-42.0,4.12,5195.8,999.0,0,1.0,1.0,0.0,1,4,0.0,4,11,1,1
20733,37.0,2,999,0,-0.1,93.2,-42.0,4.021,5195.8,999.0,0,1.0,0.0,0.0,2,7,0.0,6,11,1,1
20734,56.0,8,999,0,1.4,93.918,-42.7,4.962,5228.1,999.0,0,0.0,1.0,0.0,3,8,0.0,4,7,2,1
20735,56.0,1,999,0,1.1,93.994,-36.4,4.858,5191.0,999.0,0,0.0,0.0,1.0,2,8,0.0,4,5,1,1
20736,31.0,1,999,0,1.4,93.918,-42.7,4.958,5228.1,999.0,0,1.0,0.0,0.0,1,8,0.0,11,7,1,1
20737,83.0,1,999,0,-3.4,92.379,-29.8,0.803,5017.5,999.0,0,1.0,0.0,0.0,2,8,0.0,8,9,1,1
20738,31.0,1,999,0,1.1,93.994,-36.4,4.86,5191.0,999.0,0,1.0,1.0,1.0,2,7,0.0,9,5,1,1
20739,24.0,1,999,0,-1.8,93.075,-47.1,1.41,5099.1,999.0,0,0.0,0.0,0.0,2,8,0.0,4,4,1,1
20740,31.0,1,999,0,1.4,93.918,-42.7,4.96,5228.1,999.0,0,1.0,0.0,0.0,1,5,0.0,6,7,2,1
20741,31.0,1,999,0,1.1,93.994,-36.4,4.857,5191.0,999.0,0,0.0,1.0,1.0,2,5,0.0,6,5,2,1
20742,35.0,1,999,0,1.1,93.994,-36.4,4.857,5191.0,999.0,0,1.0,0.0,1.0,2,7,0.0,6,5,2,1
20743,26.0,4,999,0,-1.8,92.893,-46.2,1.266,5099.1,999.0,0,0.0,0.0,0.0,2,7,0.0,3,5,1,1
20744,30.0,2,999,0,1.4,93.918,-42.7,4.958,5228.1,999.0,0,0.0,1.0,0.0,2,4,0.0,5,7,1,1
20745,54.0,1,999,0,-1.8,93.876,-40.0,0.699,5008.7,999.0,0,1.0,0.0,1.0,3,4,0.0,6,5,1,1
20746,34.0,7,999,0,-1.8,92.893,-46.2,1.25,5099.1,999.0,0,0.0,0.0,0.0,2,8,0.0,6,5,1,1
20747,31.0,3,999,0,-0.1,93.2,-42.0,4.021,5195.8,999.0,0,0.0,0.0,0.0,3,8,0.0,6,11,1,1
20748,59.0,3,999,0,1.1,93.994,-36.4,4.857,5191.0,999.0,0,0.0,0.0,1.0,3,2,0.0,8,5,1,1
20749,37.0,2,999,1,-0.1,93.2,-42.0,4.191,5195.8,999.0,3,1.0,0.0,0.0,2,7,0.0,7,11,2,2
20750,26.0,5,999,0,1.4,93.918,-42.7,4.961,5228.1,999.0,0,1.0,0.0,0.0,1,7,0.0,6,7,1,1
20751,53.0,2,3,1,-2.9,92.963,-40.8,1.268,5076.2,0.1,0,1.0,0.0,0.0,1,8,0.0,6,6,1,3
20752,40.0,2,999,0,1.4,93.918,-42.7,4.96,5228.1,999.0,0,0.0,0.0,0.0,2,5,0.0,1,7,2,1
20753,31.0,2,999,0,1.4,94.465,-41.8,4.865,5228.1,999.0,0,0.0,0.0,1.0,2,8,0.0,9,6,2,1
20754,30.0,3,999,0,1.4,93.444,-36.1,4.963,5228.1,999.0,0,0.0,0.0,0.0,2,7,0.0,6,8,2,1
20755,30.0,1,999,1,-0.1,93.2,-42.0,4.12,5195.8,999.0,0,0.0,0.0,0.0,2,5,0.0,7,11,1,2
20756,36.0,1,999,1,-1.1,94.199,-37.5,0.879,4963.6,999.0,0,1.0,0.0,0.0,2,7,0.0,5,9,1,2
20757,30.0,5,999,0,1.4,93.918,-42.7,4.962,5228.1,999.0,0,1.0,0.0,0.0,1,6,0.0,5,7,2,1
20758,33.0,3,999,1,-1.8,93.369,-34.8,0.635,5008.7,999.0,1,0.0,0.0,0.0,1,8,0.0,6,3,1,2
20759,28.0,1,999,0,-2.9,92.963,-40.8,1.26,5076.2,999.0,0,0.0,0.0,0.0,1,8,0.0,6,6,1,1
20760,31.0,1,999,0,1.4,94.465,-41.8,4.96,5228.1,999.0,0,0.0,0.0,1.0,2,8,0.0,9,6,2,1
20761,32.0,5,999,0,-3.0,92.713,-33.0,0.715,5023.5,999.0,0,1.0,0.0,1.0,2,8,0.0,11,12,1,1
20762,33.0,2,999,0,-1.8,93.075,-47.1,1.405,5099.1,999.0,0,1.0,0.0,0.0,1,8,0.0,1,4,1,1
20763,34.0,2,999,0,1.1,93.994,-36.4,4.857,5191.0,999.0,0,1.0,0.0,1.0,2,8,0.0,9,5,2,1
20764,31.0,1,999,0,-3.4,92.649,-30.1,0.714,5017.5,999.0,0,0.0,0.0,0.0,2,8,0.0,6,11,1,1
20765,31.0,2,999,2,-1.8,92.893,-46.2,1.313,5099.1,999.0,6,1.0,0.0,0.0,2,8,0.0,6,5,1,2
20766,25.0,3,999,0,1.4,93.918,-42.7,4.963,5228.1,999.0,0,1.0,1.0,0.0,1,7,0.0,11,7,1,1
20767,56.0,5,999,0,1.4,93.918,-42.7,4.962,5228.1,999.0,0,0.0,1.0,0.0,1,4,0.0,12,7,2,1
20768,31.0,2,999,0,1.1,93.994,-36.4,4.857,5191.0,999.0,0,0.0,0.0,1.0,1,4,0.0,4,5,1,1
20769,31.0,2,999,0,1.4,94.465,-41.8,4.959,5228.1,999.0,0,1.0,0.0,1.0,2,8,0.0,9,6,1,1
20770,31.0,2,999,0,-2.9,92.201,-31.4,0.884,5076.2,999.0,0,1.0,0.0,1.0,1,8,0.0,11,8,2,1
20771,27.0,1,999,1,-1.8,92.893,-46.2,1.281,5099.1,999.0,1,1.0,1.0,0.0,2,8,0.0,4,5,1,2
20772,41.0,1,999,0,-1.8,92.893,-46.2,1.313,5099.1,999.0,0,0.0,0.0,0.0,2,8,0.0,4,5,1,1
20773,29.0,11,999,0,1.1,93.994,-36.4,4.857,5191.0,999.0,0,0.0,1.0,1.0,3,8,0.0,9,5,2,1
20774,42.0,1,999,0,1.4,94.465,-41.8,4.947,5228.1,999.0,0,1.0,1.0,1.0,2,4,0.0,4,6,1,1
20775,37.0,3,3,1,-3.4,92.649,-30.1,0.722,5017.5,0.1,1,1.0,0.0,0.0,2,5,0.0,6,11,2,3
20776,57.0,1,999,0,1.4,93.918,-42.7,4.961,5228.1,999.0,0,1.0,1.0,1.0,2,8,0.0,6,7,1,1
20777,35.0,1,999,1,-0.1,93.2,-42.0,4.191,5195.8,999.0,3,0.0,0.0,0.0,2,7,0.0,6,11,2,2
20778,26.0,2,999,0,1.4,94.465,-41.8,4.864,5228.1,999.0,0,0.0,0.0,1.0,2,5,0.0,6,6,1,1
20779,50.0,1,8,2,-3.4,92.431,-26.9,0.739,5017.5,0.266666666667,4,1.0,1.0,0.0,2,6,0.0,5,10,1,2
20780,24.0,1,999,0,1.1,93.994,-36.4,4.855,5191.0,999.0,0,1.0,0.0,1.0,1,8,0.0,9,5,1,1
20781,31.0,1,999,0,1.1,93.994,-36.4,4.855,5191.0,999.0,0,0.0,0.0,1.0,2,5,0.0,3,5,1,1
20782,35.0,2,999,0,-0.1,93.2,-42.0,4.12,5195.8,999.0,0,1.0,0.0,1.0,2,8,0.0,4,11,1,1
20783,31.0,11,999,0,1.4,93.918,-42.7,4.962,5228.1,999.0,0,1.0,1.0,1.0,3,8,0.0,5,7,2,1
20784,40.0,2,999,0,1.4,93.918,-42.7,4.963,5228.1,999.0,0,1.0,1.0,0.0,1,8,0.0,5,7,1,1
20785,31.0,1,999,0,1.4,93.444,-36.1,4.965,5228.1,999.0,0,1.0,0.0,0.0,2,7,0.0,10,8,2,1
20786,32.0,2,3,1,-1.1,94.199,-37.5,0.877,4963.6,0.1,3,0.0,0.0,0.0,1,8,0.0,11,9,1,3
20787,49.0,1,999,0,-1.8,93.075,-47.1,1.405,5099.1,999.0,0,1.0,0.0,0.0,2,7,0.0,3,4,1,1
20788,29.0,1,999,0,-1.8,93.075,-47.1,1.405,5099.1,999.0,0,1.0,0.0,0.0,2,7,0.0,6,4,1,1
20789,35.0,1,999,1,-1.8,92.893,-46.2,1.334,5099.1,999.0,1,0.0,0.0,0.0,2,5,0.0,9,5,1,2
20790,31.0,2,999,0,1.1,93.994,-36.4,4.864,5191.0,999.0,0,1.0,0.0,1.0,2,7,0.0,6,5,1,1
20791,32.0,2,999,0,-1.8,92.893,-46.2,1.291,5099.1,999.0,0,0.0,0.0,0.0,1,8,0.0,3,5,1,1
20792,37.0,1,999,0,-0.1,93.2,-42.0,4.021,5195.8,999.0,0,0.0,0.0,0.0,2,3,0.0,4,11,1,1
20793,53.0,1,999,0,1.1,93.994,-36.4,4.858,5191.0,999.0,0,1.0,0.0,1.0,2,5,0.0,12,5,1,1
20794,31.0,1,999,0,1.4,94.465,-41.8,4.961,5228.1,999.0,0,0.0,0.0,1.0,2,8,0.0,4,6,1,1
20795,57.0,5,999,0,1.4,93.918,-42.7,4.962,5228.1,999.0,0,0.0,0.0,0.0,1,8,0.0,8,7,2,1
20796,35.0,1,999,1,-1.8,92.893,-46.2,1.281,5099.1,999.0,4,0.0,0.0,0.0,1,8,0.0,6,5,1,2
20797,34.0,8,999,0,1.4,93.918,-42.7,4.968,5228.1,999.0,0,1.0,1.0,0.0,3,8,0.0,5,7,1,1
20798,31.0,2,999,0,1.4,93.444,-36.1,4.966,5228.1,999.0,0,0.0,1.0,0.0,2,7,0.0,6,8,1,1
20799,30.0,2,999,1,-1.8,92.893,-46.2,1.313,5099.1,999.0,4,1.0,0.0,0.0,1,8,0.0,9,5,1,2
20800,28.0,2,999,0,1.4,94.465,-41.8,4.866,5228.1,999.0,0,0.0,0.0,1.0,1,6,0.0,5,6,1,1
20801,31.0,4,999,0,1.4,93.918,-42.7,4.961,5228.1,999.0,0,1.0,0.0,0.0,3,4,0.0,4,7,1,1
20802,45.0,9,999,0,1.1,93.994,-36.4,4.858,5191.0,999.0,0,0.0,0.0,1.0,2,4,0.0,7,5,2,1
20803,38.0,2,999,0,-1.1,94.199,-37.5,0.878,4963.6,999.0,0,0.0,0.0,0.0,1,8,0.0,9,9,1,1
20804,31.0,9,999,0,1.4,93.444,-36.1,4.963,5228.1,999.0,0,1.0,0.0,0.0,2,7,0.0,7,8,1,1
20805,31.0,3,999,0,-1.8,93.075,-47.1,1.365,5099.1,999.0,0,1.0,0.0,0.0,1,7,0.0,6,4,1,1
20806,31.0,11,999,0,1.1,93.994,-36.4,4.86,5191.0,999.0,0,1.0,0.0,1.0,2,8,0.0,2,5,1,1
20807,32.0,2,999,0,-0.1,93.2,-42.0,4.153,5195.8,999.0,0,1.0,0.0,0.0,1,8,0.0,11,11,1,1
20808,49.0,1,999,0,1.4,93.918,-42.7,4.957,5228.1,999.0,0,0.0,0.0,0.0,2,6,0.0,5,7,1,1
20809,35.0,2,999,1,-1.8,92.893,-46.2,1.313,5099.1,999.0,4,0.0,0.0,0.0,2,4,0.0,4,5,1,2
20810,33.0,7,999,0,1.4,93.444,-36.1,4.964,5228.1,999.0,0,0.0,0.0,0.0,2,8,0.0,1,8,1,1
20811,36.0,2,999,0,1.4,93.444,-36.1,4.964,5228.1,999.0,0,1.0,0.0,0.0,3,8,0.0,5,8,1,1
20812,32.0,3,999,0,1.1,93.994,-36.4,4.857,5191.0,999.0,0,1.0,0.0,1.0,2,3,0.0,4,5,1,1
20813,31.0,1,3,1,-3.4,92.379,-29.8,0.768,5017.5,0.1,5,0.0,0.0,0.0,2,7,0.0,1,9,1,3
20814,34.0,2,999,0,-1.8,92.893,-46.2,1.27,5099.1,999.0,0,1.0,0.0,1.0,2,8,0.0,6,5,1,1
20815,40.0,2,999,0,1.4,94.465,-41.8,4.958,5228.1,999.0,0,0.0,0.0,1.0,1,7,0.0,6,6,2,1
20816,41.0,3,999,0,1.4,93.918,-42.7,4.962,5228.1,999.0,0,0.0,0.0,0.0,2,8,0.0,6,7,1,1
20817,34.0,1,999,0,1.1,93.994,-36.4,4.856,5191.0,999.0,0,0.0,0.0,1.0,2,8,0.0,9,5,1,1
20818,31.0,1,999,0,1.1,93.994,-36.4,4.857,5191.0,999.0,0,1.0,0.0,1.0,2,2,0.0,4,5,2,1
20819,31.0,1,3,2,-3.4,92.379,-29.8,0.755,5017.5,0.1,0,1.0,0.0,1.0,2,7,0.0,5,9,1,3
20820,29.0,3,999,0,1.4,94.465,-41.8,4.947,5228.1,999.0,0,1.0,1.0,1.0,1,5,0.0,6,6,1,1
20821,31.0,3,999,0,1.4,94.465,-41.8,4.961,5228.1,999.0,0,1.0,0.0,1.0,1,5,0.0,4,6,2,1
20822,36.0,5,999,0,1.4,93.918,-42.7,4.968,5228.1,999.0,0,0.0,0.0,1.0,2,3,0.0,4,7,1,1
20823,55.0,2,999,0,-1.8,92.893,-46.2,1.344,5099.1,999.0,0,0.0,0.0,0.0,2,8,0.0,4,5,1,1
20824,44.0,2,999,0,1.4,94.465,-41.8,4.866,5228.1,999.0,0,0.0,0.0,1.0,2,5,0.0,9,6,1,1
20825,31.0,2,999,0,1.1,93.994,-36.4,4.855,5191.0,999.0,0,0.0,0.0,1.0,2,3,0.0,4,5,1,1
20826,49.0,1,999,0,1.1,93.994,-36.4,4.855,5191.0,999.0,0,1.0,0.0,1.0,2,2,0.0,4,5,1,1
20827,53.0,1,999,0,1.4,93.444,-36.1,4.964,5228.1,999.0,0,1.0,0.0,0.0,2,8,0.0,4,8,1,1
20828,38.0,1,999,0,1.1,93.994,-36.4,4.856,5191.0,999.0,0,1.0,0.0,1.0,2,4,0.0,6,5,1,1
20829,30.0,1,999,0,-0.1,93.2,-42.0,4.153,5195.8,999.0,0,0.0,1.0,0.0,3,7,0.0,6,11,1,1
20830,26.0,1,999,0,1.1,93.994,-36.4,4.859,5191.0,999.0,0,0.0,0.0,1.0,2,3,0.0,4,5,1,1
20831,23.0,1,999,1,-1.8,92.893,-46.2,1.266,5099.1,999.0,4,1.0,0.0,0.0,1,4,0.0,9,5,1,2
20832,48.0,2,999,0,1.1,93.994,-36.4,4.857,5191.0,999.0,0,1.0,0.0,1.0,1,5,0.0,9,5,1,1
20833,50.0,3,999,0,-0.1,93.2,-42.0,4.076,5195.8,999.0,0,1.0,0.0,0.0,2,8,0.0,9,11,1,1
20834,31.0,1,999,1,-0.1,93.2,-42.0,4.191,5195.8,999.0,1,0.0,0.0,0.0,2,8,0.0,6,11,2,2
20835,37.0,3,999,0,1.1,93.994,-36.4,4.855,5191.0,999.0,0,1.0,1.0,1.0,2,3,0.0,4,5,1,1
20836,51.0,1,999,0,1.1,93.994,-36.4,4.857,5191.0,999.0,0,1.0,1.0,1.0,2,3,0.0,4,5,2,1
20837,35.0,1,999,0,1.1,93.994,-36.4,4.855,5191.0,999.0,0,0.0,0.0,1.0,2,8,0.0,4,5,1,1
20838,31.0,4,999,0,-0.1,93.2,-42.0,4.076,5195.8,999.0,0,1.0,0.0,0.0,2,5,0.0,10,11,1,1
20839,48.0,6,999,0,1.4,93.444,-36.1,4.962,5228.1,999.0,0,1.0,0.0,0.0,3,7,0.0,6,8,1,1
20840,46.0,2,999,1,-0.1,93.2,-42.0,4.191,5195.8,999.0,2,1.0,1.0,0.0,2,7,0.0,7,11,2,2
20841,43.0,6,999,0,-1.8,92.893,-46.2,1.354,5099.1,999.0,0,1.0,0.0,1.0,1,7,0.0,6,5,2,1
20842,44.0,4,999,0,-0.1,93.2,-42.0,4.021,5195.8,999.0,0,0.0,0.0,0.0,2,7,0.0,1,11,1,1
20843,31.0,1,999,0,-0.1,93.2,-42.0,4.076,5195.8,999.0,0,0.0,0.0,0.0,2,4,0.0,4,11,1,1
20844,31.0,1,999,0,-1.8,92.893,-46.2,1.344,5099.1,999.0,0,1.0,0.0,0.0,2,4,0.0,4,5,1,1
20845,34.0,2,999,0,1.4,94.465,-41.8,4.961,5228.1,999.0,0,1.0,0.0,1.0,2,4,0.0,4,6,1,1
20846,38.0,2,999,0,1.1,93.994,-36.4,4.858,5191.0,999.0,0,1.0,1.0,1.0,2,3,0.0,7,5,1,1
20847,34.0,2,999,0,1.1,93.994,-36.4,4.858,5191.0,999.0,0,0.0,0.0,1.0,2,5,0.0,9,5,2,1
20848,43.0,5,999,0,1.4,93.444,-36.1,4.963,5228.1,999.0,0,0.0,0.0,0.0,1,8,0.0,6,8,1,1
20849,52.0,1,999,0,-0.1,93.2,-42.0,4.153,5195.8,999.0,0,1.0,0.0,0.0,2,7,0.0,3,11,1,1
20850,31.0,6,999,0,-0.1,93.2,-42.0,4.021,5195.8,999.0,0,0.0,0.0,0.0,2,6,0.0,5,11,1,1
20851,31.0,18,999,0,1.4,93.444,-36.1,4.962,5228.1,999.0,0,0.0,0.0,0.0,2,7,0.0,3,8,1,1
20852,31.0,2,999,0,1.4,93.918,-42.7,4.962,5228.1,999.0,0,0.0,1.0,0.0,2,5,0.0,6,7,1,1
20853,36.0,2,999,0,1.4,93.918,-42.7,4.962,5228.1,999.0,0,1.0,1.0,0.0,2,8,0.0,6,7,2,1
20854,18.0,1,7,2,-1.8,93.876,-40.0,0.677,5008.7,0.233333333333,4,1.0,0.0,0.0,1,8,0.0,11,5,1,3
20855,31.0,6,999,0,1.4,93.444,-36.1,4.965,5228.1,999.0,0,1.0,0.0,0.0,2,7,0.0,3,8,1,1
20856,28.0,2,6,2,-1.7,94.055,-39.8,0.715,4991.6,0.2,4,0.0,1.0,0.0,2,8,0.0,9,6,1,3
20857,29.0,1,999,0,1.4,93.918,-42.7,4.962,5228.1,999.0,0,1.0,0.0,0.0,1,3,0.0,4,7,1,1
20858,25.0,1,999,0,1.1,93.994,-36.4,4.855,5191.0,999.0,0,0.0,0.0,1.0,2,5,0.0,6,5,1,1
20859,34.0,1,999,0,-2.9,92.201,-31.4,0.873,5076.2,999.0,0,0.0,0.0,1.0,1,8,0.0,1,8,1,1
20860,46.0,3,999,0,-1.8,92.893,-46.2,1.25,5099.1,999.0,0,1.0,1.0,0.0,2,5,0.0,6,5,1,1
20861,52.0,1,999,0,-0.1,93.2,-42.0,4.021,5195.8,999.0,0,1.0,0.0,0.0,2,4,0.0,5,11,1,1
20862,58.0,1,999,0,1.4,93.918,-42.7,4.96,5228.1,999.0,0,1.0,0.0,0.0,2,7,0.0,3,7,2,1
20863,33.0,4,999,0,-2.9,92.201,-31.4,0.854,5076.2,999.0,0,1.0,0.0,0.0,2,5,0.0,6,8,1,1
20864,39.0,6,999,0,1.4,94.465,-41.8,4.961,5228.1,999.0,0,0.0,0.0,1.0,2,5,0.0,7,6,1,1
20865,46.0,5,999,0,1.4,93.918,-42.7,4.961,5228.1,999.0,0,1.0,0.0,0.0,3,6,0.0,5,7,1,1
20866,48.0,3,999,0,1.1,93.994,-36.4,4.856,5191.0,999.0,0,1.0,0.0,1.0,2,7,0.0,3,5,1,1
20867,48.0,1,999,1,-1.7,94.027,-38.3,0.898,4991.6,999.0,1,0.0,0.0,0.0,3,8,0.0,1,8,1,2
20868,26.0,2,999,0,1.4,93.918,-42.7,4.957,5228.1,999.0,0,0.0,1.0,1.0,2,4,0.0,4,7,1,1
20869,41.0,1,999,0,1.1,93.994,-36.4,4.857,5191.0,999.0,0,0.0,0.0,1.0,3,3,0.0,4,5,1,1
20870,50.0,2,999,1,-0.1,93.2,-42.0,4.153,5195.8,999.0,1,1.0,0.0,0.0,1,7,0.0,3,11,1,2
20871,31.0,3,999,0,1.4,93.918,-42.7,4.957,5228.1,999.0,0,0.0,0.0,0.0,1,7,0.0,4,7,1,1
20872,36.0,1,999,0,1.1,93.994,-36.4,4.855,5191.0,999.0,0,0.0,0.0,1.0,3,7,0.0,9,5,1,1
20873,31.0,2,999,0,-1.8,93.075,-47.1,1.466,5099.1,999.0,0,0.0,0.0,0.0,2,4,0.0,4,4,2,1
20874,31.0,3,999,0,-0.1,93.2,-42.0,4.191,5195.8,999.0,0,1.0,1.0,0.0,1,7,0.0,1,11,2,1
20875,27.0,2,3,4,-1.7,94.055,-39.8,0.72,4991.6,0.1,0,0.0,1.0,0.0,1,7,0.0,11,6,2,3
20876,32.0,2,999,0,1.4,93.918,-42.7,4.959,5228.1,999.0,0,0.0,1.0,1.0,3,8,0.0,6,7,1,1
20877,31.0,4,999,0,1.4,93.444,-36.1,4.963,5228.1,999.0,0,0.0,0.0,0.0,2,6,0.0,5,8,1,1
20878,57.0,7,999,0,-1.8,92.893,-46.2,1.244,5099.1,999.0,0,1.0,1.0,1.0,1,8,0.0,6,5,2,1
20879,31.0,1,999,0,1.1,93.994,-36.4,4.858,5191.0,999.0,0,1.0,0.0,1.0,1,3,0.0,12,5,1,1
20880,34.0,6,999,0,1.4,94.465,-41.8,4.961,5228.1,999.0,0,1.0,0.0,1.0,2,5,0.0,6,6,1,1
20881,32.0,3,999,0,-1.8,92.893,-46.2,1.266,5099.1,999.0,0,0.0,0.0,0.0,1,6,0.0,1,5,1,1
20882,42.0,5,999,0,1.4,94.465,-41.8,4.955,5228.1,999.0,0,0.0,0.0,1.0,2,8,0.0,4,6,1,1
20883,47.0,4,6,1,-3.4,92.649,-30.1,0.72,5017.5,0.2,3,0.0,0.0,0.0,3,8,0.0,6,11,1,3
20884,31.0,1,999,0,-1.8,93.075,-47.1,1.405,5099.1,999.0,0,1.0,1.0,0.0,2,8,0.0,4,4,2,1
20885,31.0,2,999,0,1.1,93.994,-36.4,4.86,5191.0,999.0,0,1.0,0.0,1.0,2,3,0.0,4,5,1,1
20886,33.0,2,999,1,-0.1,93.2,-42.0,4.076,5195.8,999.0,4,0.0,0.0,0.0,1,7,0.0,6,11,1,2
20887,29.0,6,999,0,1.4,93.918,-42.7,4.957,5228.1,999.0,0,0.0,0.0,0.0,1,7,0.0,5,7,1,1
20888,30.0,1,999,0,1.4,94.465,-41.8,4.96,5228.1,999.0,0,0.0,1.0,1.0,2,8,0.0,5,6,2,1
20889,57.0,3,999,0,1.4,93.444,-36.1,4.964,5228.1,999.0,0,0.0,0.0,0.0,2,2,0.0,4,8,1,1
20890,30.0,1,999,0,-1.8,93.369,-34.8,0.646,5008.7,999.0,0,1.0,0.0,0.0,1,8,0.0,10,3,2,1
20891,31.0,2,999,0,1.1,93.994,-36.4,4.859,5191.0,999.0,0,0.0,0.0,1.0,2,8,0.0,4,5,1,1
20892,23.0,1,4,3,-1.7,94.055,-39.8,0.702,4991.6,0.133333333333,9,1.0,1.0,0.0,1,6,0.0,5,6,1,3
20893,40.0,4,999,0,1.4,93.918,-42.7,4.961,5228.1,999.0,0,1.0,0.0,0.0,2,4,0.0,4,7,1,1
20894,28.0,2,999,0,1.4,93.918,-42.7,4.962,5228.1,999.0,0,0.0,1.0,0.0,1,5,0.0,6,7,2,1
20895,30.0,2,999,0,1.4,94.465,-41.8,4.947,5228.1,999.0,0,1.0,0.0,1.0,1,8,0.0,4,6,1,1
20896,31.0,1,999,0,1.4,94.465,-41.8,4.961,5228.1,999.0,0,0.0,0.0,1.0,1,8,0.0,5,6,1,1
20897,33.0,2,999,0,-1.8,92.893,-46.2,1.281,5099.1,999.0,0,0.0,0.0,0.0,2,8,0.0,4,5,1,1
20898,45.0,1,999,1,-1.8,92.893,-46.2,1.334,5099.1,999.0,2,1.0,0.0,0.0,2,3,0.0,2,5,1,2
20899,49.0,2,999,0,-3.4,92.431,-26.9,0.739,5017.5,999.0,0,1.0,0.0,0.0,1,8,0.0,6,10,1,1
20900,31.0,2,999,0,1.4,93.918,-42.7,4.961,5228.1,999.0,0,0.0,0.0,0.0,2,8,0.0,6,7,1,1
20901,31.0,10,999,0,-1.8,92.843,-50.0,1.602,5099.1,999.0,0,1.0,0.0,0.0,1,5,0.0,4,3,1,1
20902,31.0,3,999,0,1.1,93.994,-36.4,4.864,5191.0,999.0,0,1.0,0.0,1.0,2,5,0.0,6,5,1,1
20903,31.0,2,999,0,-0.1,93.2,-42.0,4.191,5195.8,999.0,0,1.0,0.0,0.0,2,7,0.0,3,11,2,1
20904,31.0,3,999,0,1.4,93.444,-36.1,4.964,5228.1,999.0,0,0.0,1.0,0.0,2,8,0.0,4,8,1,1
20905,37.0,2,999,0,1.4,93.918,-42.7,4.963,5228.1,999.0,0,0.0,0.0,0.0,2,4,0.0,4,7,1,1
20906,31.0,1,999,0,1.4,93.444,-36.1,4.965,5228.1,999.0,0,0.0,0.0,0.0,2,8,0.0,3,8,1,1
20907,34.0,1,999,1,-1.8,92.893,-46.2,1.313,5099.1,999.0,2,1.0,0.0,0.0,1,5,0.0,6,5,1,2
20908,33.0,1,999,0,1.4,93.444,-36.1,4.967,5228.1,999.0,0,1.0,0.0,0.0,1,6,0.0,5,8,1,1
20909,32.0,6,999,0,-1.8,92.893,-46.2,1.291,5099.1,999.0,0,1.0,0.0,1.0,2,8,0.0,9,5,1,1
20910,26.0,1,999,0,1.1,93.994,-36.4,4.856,5191.0,999.0,0,1.0,0.0,1.0,1,5,0.0,9,5,1,1
20911,31.0,6,999,0,1.4,93.444,-36.1,4.964,5228.1,999.0,0,1.0,1.0,0.0,2,4,0.0,9,8,1,1
20912,44.0,1,999,1,-1.8,92.893,-46.2,1.299,5099.1,999.0,0,1.0,0.0,0.0,2,8,0.0,4,5,2,2
20913,41.0,1,999,0,-0.1,93.2,-42.0,4.153,5195.8,999.0,0,0.0,0.0,0.0,2,6,0.0,4,11,1,1
20914,31.0,1,999,0,-1.8,92.893,-46.2,1.327,5099.1,999.0,0,1.0,0.0,0.0,1,7,0.0,6,5,1,1
20915,31.0,6,999,0,1.4,93.444,-36.1,4.962,5228.1,999.0,0,0.0,0.0,0.0,2,4,0.0,9,8,1,1
20916,31.0,1,999,0,-1.8,92.893,-46.2,1.334,5099.1,999.0,0,0.0,0.0,0.0,2,5,0.0,6,5,1,1
20917,31.0,1,999,0,1.4,94.465,-41.8,4.866,5228.1,999.0,0,0.0,0.0,1.0,2,8,0.0,6,6,1,1
20918,40.0,2,999,0,1.4,94.465,-41.8,4.958,5228.1,999.0,0,1.0,1.0,1.0,3,7,0.0,3,6,2,1
20919,31.0,1,999,0,1.4,94.465,-41.8,4.961,5228.1,999.0,0,1.0,0.0,1.0,2,5,0.0,9,6,1,1
20920,34.0,1,999,1,-1.8,92.893,-46.2,1.313,5099.1,999.0,4,1.0,0.0,0.0,1,5,0.0,6,5,1,2
20921,26.0,2,999,0,1.4,93.918,-42.7,4.961,5228.1,999.0,0,1.0,0.0,0.0,1,3,0.0,4,7,1,1
20922,38.0,1,999,1,-1.8,93.075,-47.1,1.435,5099.1,999.0,2,1.0,0.0,0.0,2,4,0.0,9,4,1,2
20923,31.0,1,999,0,1.4,94.465,-41.8,4.959,5228.1,999.0,0,1.0,1.0,1.0,1,4,0.0,4,6,1,1
20924,23.0,1,999,0,1.4,94.465,-41.8,4.866,5228.1,999.0,0,0.0,0.0,1.0,1,6,0.0,9,6,1,1
20925,31.0,1,4,1,-1.1,94.767,-50.8,1.05,4963.6,0.133333333333,3,0.0,0.0,0.0,1,8,0.0,5,11,2,3
20926,27.0,2,999,0,1.4,94.465,-41.8,4.967,5228.1,999.0,0,0.0,0.0,1.0,1,7,0.0,1,6,1,1
20927,38.0,1,999,0,-3.4,92.379,-29.8,0.819,5017.5,999.0,0,1.0,0.0,1.0,1,8,0.0,6,9,1,1
20928,28.0,3,999,0,1.4,93.918,-42.7,4.961,5228.1,999.0,0,1.0,0.0,1.0,1,2,0.0,4,7,1,1
20929,31.0,11,999,0,1.4,94.465,-41.8,4.967,5228.1,999.0,0,1.0,0.0,1.0,2,8,0.0,9,6,1,1
20930,31.0,1,999,0,1.4,94.465,-41.8,4.864,5228.1,999.0,0,1.0,0.0,1.0,2,6,0.0,5,6,1,1
20931,34.0,1,999,0,-1.8,92.893,-46.2,1.327,5099.1,999.0,0,1.0,0.0,1.0,2,7,0.0,5,5,1,1
20932,30.0,1,999,0,1.4,93.918,-42.7,4.962,5228.1,999.0,0,0.0,0.0,0.0,1,6,0.0,5,7,1,1
20933,51.0,7,999,0,1.4,93.444,-36.1,4.965,5228.1,999.0,0,1.0,0.0,0.0,2,8,0.0,6,8,1,1
20934,31.0,1,3,1,-2.9,92.963,-40.8,1.268,5076.2,0.1,1,1.0,1.0,0.0,1,7,0.0,2,6,1,3
20935,31.0,2,999,0,1.4,93.918,-42.7,4.962,5228.1,999.0,0,0.0,0.0,0.0,2,8,0.0,6,7,1,1
20936,44.0,2,999,0,1.1,93.994,-36.4,4.855,5191.0,999.0,0,0.0,0.0,1.0,2,4,0.0,4,5,1,1
20937,47.0,1,999,0,1.4,93.918,-42.7,4.962,5228.1,999.0,0,0.0,0.0,0.0,2,6,0.0,6,7,1,1
20938,44.0,8,999,0,1.1,93.994,-36.4,4.857,5191.0,999.0,0,0.0,1.0,1.0,2,7,0.0,3,5,1,1
20939,31.0,1,999,0,-1.8,93.075,-47.1,1.453,5099.1,999.0,0,0.0,0.0,0.0,2,6,0.0,5,4,1,1
20940,31.0,1,999,0,-0.1,93.2,-42.0,4.12,5195.8,999.0,0,0.0,0.0,0.0,1,5,0.0,4,11,1,1
20941,31.0,1,999,1,-0.1,93.2,-42.0,4.191,5195.8,999.0,0,1.0,1.0,0.0,2,7,0.0,1,11,2,2
20942,44.0,2,999,0,1.4,93.444,-36.1,4.967,5228.1,999.0,0,1.0,0.0,0.0,2,8,0.0,4,8,1,1
20943,50.0,6,999,0,1.1,93.994,-36.4,4.859,5191.0,999.0,0,0.0,0.0,1.0,1,7,0.0,3,5,1,1
20944,28.0,2,999,0,1.4,93.918,-42.7,4.963,5228.1,999.0,0,0.0,0.0,0.0,2,8,0.0,9,7,1,1
20945,31.0,2,999,0,-1.8,93.075,-47.1,1.384,5099.1,999.0,0,1.0,0.0,0.0,1,8,0.0,6,4,1,1
20946,38.0,3,999,0,1.1,93.994,-36.4,4.864,5191.0,999.0,0,1.0,1.0,1.0,3,6,0.0,5,5,1,1
20947,52.0,3,999,0,1.4,93.444,-36.1,4.963,5228.1,999.0,0,0.0,0.0,0.0,2,2,0.0,2,8,1,1
20948,31.0,2,999,0,-3.4,92.649,-30.1,0.714,5017.5,999.0,0,0.0,0.0,0.0,2,2,0.0,4,11,1,1
20949,31.0,4,999,0,1.4,93.918,-42.7,4.961,5228.1,999.0,0,1.0,0.0,0.0,1,8,0.0,4,7,1,1
20950,37.0,2,999,0,1.1,93.994,-36.4,4.86,5191.0,999.0,0,1.0,0.0,1.0,1,5,0.0,5,5,1,1
20951,36.0,2,999,0,-1.8,92.893,-46.2,1.313,5099.1,999.0,0,1.0,0.0,0.0,1,4,0.0,9,5,1,1
20952,31.0,2,999,0,-1.8,93.075,-47.1,1.405,5099.1,999.0,0,0.0,0.0,0.0,2,7,0.0,1,4,1,1
20953,24.0,1,14,1,-1.7,94.215,-40.3,0.827,4991.6,0.466666666667,3,0.0,0.0,0.0,1,8,0.0,6,7,2,3
20954,23.0,1,999,0,1.4,93.918,-42.7,4.962,5228.1,999.0,0,1.0,0.0,0.0,1,8,0.0,10,7,1,1
20955,29.0,3,999,0,1.4,94.465,-41.8,4.96,5228.1,999.0,0,0.0,0.0,1.0,1,7,0.0,6,6,2,1
20956,31.0,1,3,5,-1.8,93.876,-40.0,0.672,5008.7,0.1,15,1.0,0.0,0.0,1,5,0.0,11,5,1,3
20957,31.0,4,999,0,1.4,93.918,-42.7,4.961,5228.1,999.0,0,1.0,0.0,0.0,2,8,0.0,4,7,1,1
20958,31.0,9,999,0,1.4,93.918,-42.7,4.96,5228.1,999.0,0,1.0,0.0,0.0,1,8,0.0,9,7,2,1
20959,30.0,1,999,0,1.4,94.465,-41.8,4.961,5228.1,999.0,0,0.0,0.0,1.0,1,2,0.0,4,6,2,1
20960,31.0,4,999,0,1.4,93.918,-42.7,4.961,5228.1,999.0,0,0.0,1.0,0.0,3,2,0.0,4,7,1,1
20961,31.0,2,5,3,-1.8,93.075,-47.1,1.435,5099.1,0.166666666667,24,1.0,0.0,0.0,2,2,0.0,4,4,1,2
20962,57.0,2,999,0,-1.8,92.893,-46.2,1.291,5099.1,999.0,0,1.0,0.0,0.0,2,2,0.0,2,5,1,1
20963,35.0,1,999,0,-0.1,93.2,-42.0,4.12,5195.8,999.0,0,1.0,0.0,0.0,2,8,0.0,6,11,1,1
20964,49.0,2,3,1,-1.1,94.601,-49.5,0.972,4963.6,0.1,2,1.0,0.0,0.0,3,6,0.0,5,10,1,3
20965,37.0,8,999,0,-1.8,92.893,-46.2,1.25,5099.1,999.0,0,0.0,0.0,0.0,3,2,0.0,9,5,1,1
20966,44.0,2,999,0,1.1,93.994,-36.4,4.857,5191.0,999.0,0,1.0,0.0,1.0,2,7,0.0,6,5,1,1
20967,53.0,7,999,0,-0.1,93.2,-42.0,4.12,5195.8,999.0,0,1.0,0.0,0.0,2,2,0.0,3,11,1,1
20968,24.0,1,999,1,-1.8,93.075,-47.1,1.405,5099.1,999.0,0,1.0,0.0,0.0,3,6,0.0,5,4,1,2
20969,31.0,1,999,0,-0.1,93.2,-42.0,4.191,5195.8,999.0,0,1.0,0.0,0.0,3,8,0.0,4,11,2,1
20970,33.0,2,999,1,-1.8,92.893,-46.2,1.354,5099.1,999.0,1,1.0,1.0,0.0,2,8,0.0,4,5,2,2
20971,31.0,1,999,0,-0.1,93.2,-42.0,4.076,5195.8,999.0,0,1.0,1.0,0.0,2,8,0.0,5,11,1,1
20972,39.0,1,999,0,1.4,93.918,-42.7,4.966,5228.1,999.0,0,0.0,0.0,1.0,1,8,0.0,6,7,1,1
20973,49.0,14,999,0,1.4,93.444,-36.1,4.964,5228.1,999.0,0,1.0,1.0,0.0,2,6,0.0,5,8,1,1
20974,41.0,1,999,0,1.1,93.994,-36.4,4.86,5191.0,999.0,0,1.0,0.0,1.0,2,8,0.0,3,5,1,1
20975,31.0,17,999,0,1.4,94.465,-41.8,4.962,5228.1,999.0,0,1.0,0.0,1.0,2,6,0.0,8,6,1,1
20976,58.0,2,999,0,-1.8,93.876,-40.0,0.692,5008.7,999.0,0,1.0,0.0,0.0,2,8,0.0,3,5,1,1
20977,54.0,1,999,0,1.1,93.994,-36.4,4.855,5191.0,999.0,0,1.0,0.0,1.0,2,7,0.0,6,5,1,1
20978,48.0,2,999,0,1.1,93.994,-36.4,4.856,5191.0,999.0,0,1.0,0.0,1.0,3,8,0.0,3,5,1,1
20979,23.0,1,999,0,1.4,94.465,-41.8,4.866,5228.1,999.0,0,0.0,0.0,1.0,1,8,0.0,9,6,1,1
20980,31.0,2,999,0,1.4,93.918,-42.7,4.962,5228.1,999.0,0,0.0,1.0,0.0,3,8,0.0,6,7,2,1
20981,42.0,3,999,0,1.4,93.918,-42.7,4.961,5228.1,999.0,0,1.0,1.0,1.0,3,8,0.0,6,7,1,1
20982,37.0,3,999,0,-0.1,93.2,-42.0,4.076,5195.8,999.0,0,1.0,0.0,0.0,2,8,0.0,3,11,1,1
20983,55.0,1,999,0,1.4,93.918,-42.7,4.963,5228.1,999.0,0,0.0,1.0,0.0,2,5,0.0,9,7,1,1
20984,24.0,3,999,0,1.4,93.918,-42.7,4.963,5228.1,999.0,0,0.0,1.0,0.0,1,7,0.0,5,7,1,1
20985,31.0,2,999,1,-1.8,92.893,-46.2,1.299,5099.1,999.0,0,1.0,0.0,0.0,1,5,0.0,6,5,2,2
20986,32.0,1,999,0,1.4,94.465,-41.8,4.961,5228.1,999.0,0,1.0,0.0,1.0,2,6,0.0,5,6,1,1
20987,42.0,6,999,0,1.4,93.918,-42.7,4.96,5228.1,999.0,0,1.0,0.0,0.0,2,2,0.0,4,7,2,1
20988,31.0,1,999,0,-3.4,92.431,-26.9,0.739,5017.5,999.0,0,0.0,0.0,0.0,2,2,0.0,8,10,2,1
20989,48.0,3,999,0,1.1,93.994,-36.4,4.86,5191.0,999.0,0,0.0,0.0,1.0,2,4,0.0,6,5,1,1
20990,49.0,3,999,0,1.1,93.994,-36.4,4.858,5191.0,999.0,0,1.0,0.0,1.0,3,5,0.0,6,5,1,1
20991,36.0,2,999,0,1.1,93.994,-36.4,4.86,5191.0,999.0,0,1.0,0.0,1.0,2,8,0.0,4,5,1,1
20992,40.0,2,999,1,-2.9,92.201,-31.4,0.884,5076.2,999.0,1,0.0,0.0,0.0,2,7,0.0,6,8,1,2
20993,44.0,1,999,0,1.4,93.444,-36.1,4.965,5228.1,999.0,0,0.0,1.0,0.0,2,6,0.0,5,8,2,1
20994,49.0,2,999,0,1.4,93.918,-42.7,4.957,5228.1,999.0,0,1.0,0.0,0.0,2,8,0.0,5,7,1,1
20995,35.0,2,999,0,1.1,93.994,-36.4,4.858,5191.0,999.0,0,0.0,0.0,1.0,2,8,0.0,9,5,1,1
20996,31.0,3,999,0,-1.8,93.075,-47.1,1.498,5099.1,999.0,0,1.0,0.0,0.0,2,3,0.0,4,4,1,1
20997,49.0,3,999,0,1.4,94.465,-41.8,4.959,5228.1,999.0,0,1.0,0.0,1.0,2,8,0.0,9,6,1,1
20998,35.0,9,999,0,-0.1,93.2,-42.0,4.021,5195.8,999.0,0,1.0,0.0,0.0,2,7,0.0,3,11,1,1
20999,35.0,1,999,0,1.1,93.994,-36.4,4.857,5191.0,999.0,0,0.0,0.0,1.0,2,6,0.0,4,5,1,1
21000,49.0,2,6,1,-0.1,93.2,-42.0,4.12,5195.8,0.2,2,0.0,0.0,0.0,3,7,0.0,3,11,1,3
21001,39.0,1,999,0,1.4,94.465,-41.8,4.955,5228.1,999.0,0,1.0,0.0,1.0,2,3,0.0,4,6,1,1
21002,58.0,2,999,0,1.4,93.444,-36.1,4.964,5228.1,999.0,0,1.0,0.0,0.0,3,7,0.0,5,8,1,1
21003,33.0,1,999,0,-1.8,93.075,-47.1,1.483,5099.1,999.0,0,0.0,0.0,0.0,3,8,0.0,6,4,1,1
21004,44.0,2,999,0,1.4,94.465,-41.8,4.959,5228.1,999.0,0,1.0,1.0,1.0,2,6,0.0,1,6,1,1
21005,58.0,4,999,0,1.1,93.994,-36.4,4.858,5191.0,999.0,0,1.0,0.0,1.0,3,7,0.0,8,5,2,1
21006,35.0,1,999,0,1.4,93.444,-36.1,4.965,5228.1,999.0,0,1.0,0.0,0.0,2,6,0.0,5,8,2,1
21007,31.0,1,999,0,-0.1,93.2,-42.0,4.021,5195.8,999.0,0,1.0,1.0,0.0,1,8,0.0,11,11,1,1
21008,43.0,3,999,1,-3.4,92.649,-30.1,0.714,5017.5,999.0,2,0.0,0.0,0.0,2,5,0.0,1,11,2,2
21009,30.0,1,999,0,-0.1,93.798,-40.4,4.827,5195.8,999.0,0,0.0,0.0,1.0,2,8,0.0,6,10,1,1
21010,33.0,2,999,0,1.1,93.994,-36.4,4.858,5191.0,999.0,0,1.0,1.0,1.0,2,2,0.0,4,5,1,1
21011,29.0,1,999,0,-1.8,93.075,-47.1,1.405,5099.1,999.0,0,1.0,0.0,0.0,1,7,0.0,6,4,1,1
21012,31.0,3,999,0,-3.4,92.379,-29.8,0.797,5017.5,999.0,0,0.0,0.0,0.0,2,7,0.0,6,9,2,1
21013,31.0,1,999,0,1.1,93.994,-36.4,4.864,5191.0,999.0,0,1.0,0.0,1.0,2,8,0.0,6,5,1,1
21014,45.0,4,999,0,-1.8,92.893,-46.2,1.354,5099.1,999.0,0,1.0,1.0,0.0,2,4,0.0,4,5,1,1
21015,53.0,5,999,0,1.4,93.444,-36.1,4.967,5228.1,999.0,0,0.0,0.0,0.0,2,7,0.0,6,8,1,1
21016,31.0,2,999,0,1.4,94.465,-41.8,4.967,5228.1,999.0,0,0.0,0.0,1.0,2,7,0.0,3,6,1,1
21017,46.0,2,999,0,1.4,93.918,-42.7,4.961,5228.1,999.0,0,0.0,0.0,0.0,1,6,0.0,5,7,1,1
21018,36.0,3,999,0,-1.8,92.893,-46.2,1.327,5099.1,999.0,0,1.0,1.0,0.0,1,8,0.0,11,5,1,1
21019,49.0,8,999,0,1.4,93.918,-42.7,4.962,5228.1,999.0,0,1.0,0.0,1.0,2,8,0.0,5,7,2,1
21020,31.0,1,999,0,1.4,93.444,-36.1,4.964,5228.1,999.0,0,1.0,0.0,0.0,1,7,0.0,6,8,1,1
21021,24.0,1,999,0,-2.9,92.963,-40.8,1.262,5076.2,999.0,0,1.0,0.0,0.0,1,7,0.0,12,6,1,1
21022,34.0,1,999,0,1.4,93.444,-36.1,4.965,5228.1,999.0,0,0.0,0.0,0.0,2,6,0.0,5,8,2,1
21023,30.0,2,999,1,-1.8,92.893,-46.2,1.291,5099.1,999.0,1,0.0,0.0,0.0,2,6,0.0,1,5,1,2
21024,28.0,3,6,2,-1.7,94.215,-40.3,0.876,4991.6,0.2,2,0.0,0.0,0.0,1,7,0.0,5,7,1,3
21025,31.0,5,999,0,-2.9,92.469,-33.6,1.072,5076.2,999.0,0,1.0,0.0,0.0,2,7,0.0,6,7,1,1
21026,31.0,4,999,0,1.4,94.465,-41.8,4.962,5228.1,999.0,0,1.0,0.0,1.0,1,8,0.0,6,6,1,1
21027,34.0,2,999,1,-1.8,92.893,-46.2,1.313,5099.1,999.0,3,0.0,0.0,0.0,2,8,0.0,5,5,1,2
21028,49.0,4,999,0,1.1,93.994,-36.4,4.855,5191.0,999.0,0,0.0,0.0,1.0,2,2,0.0,4,5,1,1
21029,39.0,1,999,0,-0.1,93.2,-42.0,4.153,5195.8,999.0,0,1.0,0.0,0.0,2,8,0.0,6,11,1,1
21030,29.0,5,999,1,-1.8,92.893,-46.2,1.281,5099.1,999.0,1,0.0,0.0,0.0,2,7,0.0,6,5,1,2
21031,39.0,1,999,0,-1.8,92.893,-46.2,1.299,5099.1,999.0,0,1.0,0.0,0.0,2,2,0.0,4,5,2,1
21032,48.0,2,999,0,1.1,93.994,-36.4,4.864,5191.0,999.0,0,1.0,0.0,1.0,2,5,0.0,1,5,1,1
21033,57.0,1,999,0,-0.1,93.2,-42.0,4.021,5195.8,999.0,0,1.0,1.0,0.0,3,6,0.0,5,11,1,1
21034,29.0,3,999,0,1.4,93.444,-36.1,4.965,5228.1,999.0,0,1.0,0.0,0.0,1,7,0.0,6,8,1,1
21035,41.0,1,999,0,1.1,93.994,-36.4,4.858,5191.0,999.0,0,1.0,0.0,1.0,2,7,0.0,3,5,2,1
21036,42.0,2,999,0,-1.8,92.893,-46.2,1.281,5099.1,999.0,0,1.0,0.0,0.0,1,8,0.0,5,5,1,1
21037,26.0,1,999,0,-1.8,92.893,-46.2,1.354,5099.1,999.0,0,1.0,0.0,0.0,1,5,0.0,9,5,1,1
21038,31.0,2,999,0,1.4,94.465,-41.8,4.961,5228.1,999.0,0,1.0,0.0,1.0,3,4,0.0,1,6,1,1
21039,43.0,1,999,0,1.4,93.918,-42.7,4.962,5228.1,999.0,0,1.0,0.0,0.0,2,8,0.0,5,7,1,1
21040,49.0,1,999,0,1.1,93.994,-36.4,4.855,5191.0,999.0,0,1.0,0.0,1.0,2,2,0.0,4,5,1,1
21041,46.0,2,999,0,-1.8,93.075,-47.1,1.498,5099.1,999.0,0,1.0,0.0,0.0,2,3,0.0,8,4,1,1
21042,44.0,4,999,0,1.4,93.444,-36.1,4.964,5228.1,999.0,0,1.0,1.0,0.0,1,6,0.0,5,8,1,1
21043,57.0,2,999,0,1.4,93.444,-36.1,4.965,5228.1,999.0,0,1.0,0.0,0.0,2,7,0.0,1,8,2,1
21044,52.0,2,999,0,-1.8,92.893,-46.2,1.266,5099.1,999.0,0,1.0,0.0,0.0,2,5,0.0,9,5,1,1
21045,31.0,3,999,1,-1.7,94.215,-40.3,0.827,4991.6,999.0,5,1.0,1.0,0.0,2,8,0.0,5,7,2,2
21046,31.0,1,999,0,1.4,94.465,-41.8,4.864,5228.1,999.0,0,1.0,0.0,1.0,2,8,0.0,9,6,1,1
21047,31.0,1,999,0,1.1,93.994,-36.4,4.857,5191.0,999.0,0,0.0,0.0,1.0,1,6,0.0,5,5,1,1
21048,40.0,1,999,0,-1.8,92.893,-46.2,1.266,5099.1,999.0,0,1.0,0.0,0.0,3,5,0.0,6,5,1,1
21049,21.0,1,999,1,-1.8,92.893,-46.2,1.266,5099.1,999.0,0,1.0,0.0,0.0,1,8,0.0,9,5,1,2
21050,59.0,3,999,0,1.4,93.918,-42.7,4.962,5228.1,999.0,0,1.0,0.0,0.0,2,2,0.0,7,7,1,1
21051,27.0,1,999,0,-1.8,92.893,-46.2,1.266,5099.1,999.0,0,1.0,1.0,0.0,2,8,0.0,6,5,1,1
21052,42.0,2,999,0,1.1,93.994,-36.4,4.86,5191.0,999.0,0,0.0,0.0,1.0,3,8,0.0,12,5,1,1
21053,42.0,1,999,1,-1.1,94.767,-50.8,1.046,4963.6,999.0,0,1.0,1.0,0.0,3,8,0.0,9,11,1,2
21054,25.0,1,999,0,1.4,93.918,-42.7,4.962,5228.1,999.0,0,0.0,0.0,0.0,2,8,0.0,9,7,1,1
21055,37.0,3,999,0,-0.1,93.2,-42.0,4.021,5195.8,999.0,0,1.0,1.0,0.0,1,7,0.0,6,11,1,1
21056,39.0,1,999,0,1.1,93.994,-36.4,4.857,5191.0,999.0,0,0.0,0.0,1.0,3,8,0.0,5,5,1,1
21057,44.0,5,999,0,1.4,93.918,-42.7,4.96,5228.1,999.0,0,1.0,1.0,0.0,1,8,0.0,6,7,2,1
21058,31.0,2,999,0,-0.1,93.2,-42.0,4.076,5195.8,999.0,0,0.0,0.0,0.0,2,3,0.0,9,11,1,1
21059,40.0,3,999,0,1.4,93.918,-42.7,4.963,5228.1,999.0,0,0.0,0.0,0.0,2,8,0.0,7,7,1,1
21060,58.0,4,6,3,-1.7,94.027,-38.3,0.895,4991.6,0.2,3,0.0,0.0,0.0,2,8,0.0,1,8,1,3
21061,57.0,5,999,0,-1.8,92.893,-46.2,1.281,5099.1,999.0,0,0.0,0.0,0.0,2,3,0.0,4,5,1,1
21062,31.0,3,999,0,1.4,93.444,-36.1,4.965,5228.1,999.0,0,1.0,0.0,0.0,2,7,0.0,5,8,2,1
21063,58.0,5,999,2,-1.8,92.893,-46.2,1.266,5099.1,999.0,2,1.0,0.0,0.0,3,6,0.0,7,5,1,2
21064,28.0,1,999,0,1.4,94.465,-41.8,4.962,5228.1,999.0,0,0.0,0.0,1.0,1,5,0.0,9,6,1,1
21065,26.0,1,999,0,1.4,94.465,-41.8,4.864,5228.1,999.0,0,1.0,0.0,1.0,2,7,0.0,1,6,1,1
21066,36.0,3,999,0,-1.8,92.893,-46.2,1.313,5099.1,999.0,0,0.0,1.0,1.0,2,7,0.0,6,5,1,1
21067,25.0,1,999,0,1.4,93.918,-42.7,4.96,5228.1,999.0,0,0.0,0.0,0.0,1,5,0.0,6,7,2,1
21068,50.0,5,999,0,1.1,93.994,-36.4,4.856,5191.0,999.0,0,0.0,0.0,1.0,2,5,0.0,5,5,1,1
21069,54.0,2,999,0,1.4,93.444,-36.1,4.968,5228.1,999.0,0,1.0,0.0,1.0,2,2,0.0,4,8,1,1
21070,30.0,4,999,0,1.4,94.465,-41.8,4.958,5228.1,999.0,0,1.0,1.0,1.0,1,6,0.0,5,6,1,1
21071,57.0,9,999,0,1.4,93.918,-42.7,4.958,5228.1,999.0,0,0.0,0.0,1.0,2,5,0.0,6,7,1,1
21072,31.0,1,999,0,1.1,93.994,-36.4,4.857,5191.0,999.0,0,0.0,0.0,1.0,1,5,0.0,6,5,1,1
21073,31.0,1,999,1,-1.8,92.893,-46.2,1.334,5099.1,999.0,2,1.0,0.0,0.0,1,8,0.0,5,5,1,2
21074,60.0,4,999,0,1.4,94.465,-41.8,4.96,5228.1,999.0,0,0.0,0.0,1.0,2,2,0.0,8,6,2,1
21075,39.0,4,999,1,-0.1,93.2,-42.0,4.153,5195.8,999.0,0,1.0,0.0,0.0,2,4,0.0,4,11,1,2
21076,31.0,1,999,0,1.4,93.444,-36.1,4.965,5228.1,999.0,0,1.0,0.0,0.0,3,8,0.0,3,8,2,1
21077,25.0,2,999,0,1.4,93.918,-42.7,4.963,5228.1,999.0,0,0.0,0.0,1.0,1,5,0.0,9,7,1,1
21078,24.0,1,17,4,-1.1,94.199,-37.5,0.886,4963.6,0.566666666667,8,1.0,0.0,0.0,1,8,0.0,11,9,1,2
21079,31.0,1,999,1,-1.8,92.893,-46.2,1.244,5099.1,999.0,2,0.0,0.0,0.0,2,7,0.0,6,5,2,2
21080,31.0,4,999,0,1.1,93.994,-36.4,4.857,5191.0,999.0,0,1.0,0.0,1.0,2,8,0.0,3,5,2,1
21081,38.0,1,6,1,-1.8,92.893,-46.2,1.334,5099.1,0.2,2,0.0,0.0,0.0,4,8,0.0,4,5,1,3
21082,26.0,1,999,0,1.4,94.465,-41.8,4.866,5228.1,999.0,0,0.0,0.0,1.0,1,5,0.0,6,6,1,1
21083,44.0,1,999,0,1.4,93.444,-36.1,4.965,5228.1,999.0,0,1.0,0.0,0.0,2,4,0.0,3,8,1,1
21084,47.0,2,999,0,1.4,94.465,-41.8,4.96,5228.1,999.0,0,0.0,0.0,1.0,2,8,0.0,9,6,2,1
21085,36.0,1,999,0,-0.1,93.2,-42.0,4.12,5195.8,999.0,0,1.0,0.0,0.0,1,7,0.0,7,11,1,1
21086,33.0,2,999,0,1.4,93.918,-42.7,4.957,5228.1,999.0,0,1.0,0.0,0.0,2,4,0.0,9,7,1,1
21087,51.0,2,999,0,1.1,93.994,-36.4,4.856,5191.0,999.0,0,1.0,0.0,1.0,2,4,0.0,7,5,1,1
21088,31.0,5,999,0,1.4,93.918,-42.7,4.961,5228.1,999.0,0,1.0,0.0,1.0,1,3,0.0,4,7,1,1
21089,60.0,2,999,0,1.4,93.444,-36.1,4.964,5228.1,999.0,0,1.0,1.0,0.0,2,5,0.0,8,8,1,1
21090,35.0,2,999,0,1.4,94.465,-41.8,4.866,5228.1,999.0,0,0.0,0.0,1.0,3,4,0.0,4,6,1,1
21091,30.0,1,0,2,-1.7,94.027,-38.3,0.9,4991.6,0.0,2,1.0,0.0,0.0,1,8,0.0,6,8,1,3
21092,56.0,2,999,0,1.4,93.918,-42.7,4.963,5228.1,999.0,0,0.0,0.0,0.0,2,6,0.0,5,7,1,1
21093,52.0,2,999,0,1.1,93.994,-36.4,4.855,5191.0,999.0,0,1.0,0.0,1.0,1,8,0.0,1,5,1,1
21094,38.0,4,999,0,1.4,93.918,-42.7,4.961,5228.1,999.0,0,0.0,1.0,0.0,1,6,0.0,5,7,1,1
21095,24.0,2,999,0,1.4,93.918,-42.7,4.96,5228.1,999.0,0,1.0,0.0,0.0,1,8,0.0,6,7,2,1
21096,31.0,4,999,0,1.4,93.444,-36.1,4.964,5228.1,999.0,0,1.0,1.0,0.0,2,8,0.0,5,8,1,1
21097,22.0,3,999,0,1.1,93.994,-36.4,4.856,5191.0,999.0,0,1.0,1.0,1.0,2,8,0.0,4,5,1,1
21098,34.0,1,999,0,1.4,94.465,-41.8,4.866,5228.1,999.0,0,0.0,0.0,1.0,2,7,0.0,3,6,1,1
21099,31.0,7,999,0,1.4,94.465,-41.8,4.958,5228.1,999.0,0,1.0,0.0,1.0,2,7,0.0,3,6,1,1
21100,37.0,2,999,0,-0.1,93.2,-42.0,4.153,5195.8,999.0,0,1.0,0.0,0.0,1,5,0.0,4,11,1,1
21101,29.0,1,999,0,1.4,93.444,-36.1,4.965,5228.1,999.0,0,1.0,0.0,0.0,1,8,0.0,5,8,2,1
21102,34.0,1,999,0,-1.8,92.893,-46.2,1.27,5099.1,999.0,0,0.0,0.0,0.0,2,8,0.0,6,5,1,1
21103,45.0,1,999,0,-1.8,93.075,-47.1,1.405,5099.1,999.0,0,1.0,0.0,1.0,2,2,0.0,4,4,2,1
21104,59.0,1,999,0,1.4,93.444,-36.1,4.963,5228.1,999.0,0,1.0,0.0,0.0,2,2,0.0,6,8,1,1
21105,31.0,1,999,0,1.4,94.465,-41.8,4.958,5228.1,999.0,0,0.0,0.0,1.0,2,4,0.0,6,6,1,1
21106,39.0,1,999,0,1.1,93.994,-36.4,4.86,5191.0,999.0,0,1.0,0.0,1.0,3,4,0.0,9,5,1,1
21107,29.0,9,999,0,1.4,93.918,-42.7,4.957,5228.1,999.0,0,1.0,0.0,0.0,2,7,0.0,6,7,1,1
21108,25.0,2,999,0,1.4,93.918,-42.7,4.958,5228.1,999.0,0,0.0,0.0,0.0,2,2,0.0,4,7,1,1
21109,26.0,17,999,0,1.4,93.918,-42.7,4.958,5228.1,999.0,0,1.0,0.0,0.0,1,4,0.0,4,7,1,1
21110,31.0,2,999,0,-1.8,92.893,-46.2,1.266,5099.1,999.0,0,1.0,1.0,0.0,1,5,0.0,11,5,1,1
21111,34.0,1,999,0,1.4,93.444,-36.1,4.963,5228.1,999.0,0,0.0,0.0,0.0,2,5,0.0,5,8,1,1
21112,31.0,1,999,0,-1.1,94.199,-37.5,0.877,4963.6,999.0,0,0.0,0.0,0.0,2,6,0.0,3,9,1,1
21113,57.0,3,999,0,-1.8,92.893,-46.2,1.25,5099.1,999.0,0,1.0,0.0,0.0,2,4,0.0,4,5,1,1
21114,31.0,2,999,0,1.4,93.918,-42.7,4.963,5228.1,999.0,0,0.0,0.0,0.0,1,8,0.0,6,7,1,1
21115,55.0,3,999,0,1.4,93.444,-36.1,4.965,5228.1,999.0,0,1.0,0.0,0.0,2,5,0.0,9,8,1,1
21116,45.0,1,999,0,1.4,93.918,-42.7,4.962,5228.1,999.0,0,0.0,1.0,1.0,2,5,0.0,6,7,2,1
21117,54.0,5,999,0,1.4,93.918,-42.7,4.968,5228.1,999.0,0,1.0,0.0,0.0,2,8,0.0,6,7,1,1
21118,31.0,1,999,0,-0.1,93.2,-42.0,4.153,5195.8,999.0,0,0.0,0.0,0.0,3,8,0.0,4,11,1,1
21119,31.0,2,999,0,1.4,93.444,-36.1,4.963,5228.1,999.0,0,0.0,0.0,0.0,2,7,0.0,5,8,1,1
21120,31.0,1,999,0,1.1,93.994,-36.4,4.859,5191.0,999.0,0,1.0,0.0,1.0,2,8,0.0,4,5,1,1
21121,36.0,1,999,1,-1.8,93.075,-47.1,1.365,5099.1,999.0,4,1.0,0.0,0.0,2,8,0.0,6,4,1,2
21122,48.0,1,999,0,-0.1,93.2,-42.0,4.021,5195.8,999.0,0,1.0,1.0,0.0,2,2,0.0,4,11,1,1
21123,39.0,1,999,0,1.4,94.465,-41.8,4.962,5228.1,999.0,0,1.0,1.0,1.0,2,6,0.0,5,6,1,1
21124,35.0,2,999,1,-1.8,92.893,-46.2,1.334,5099.1,999.0,2,1.0,0.0,0.0,2,8,0.0,6,5,1,2
21125,25.0,2,999,0,1.4,93.918,-42.7,4.957,5228.1,999.0,0,1.0,0.0,0.0,1,5,0.0,9,7,1,1
21126,34.0,2,999,0,1.4,93.444,-36.1,4.968,5228.1,999.0,0,0.0,1.0,0.0,2,7,0.0,3,8,1,1
21127,38.0,3,999,0,1.4,93.444,-36.1,4.963,5228.1,999.0,0,1.0,0.0,0.0,2,6,0.0,5,8,1,1
21128,50.0,2,999,0,1.4,93.918,-42.7,4.958,5228.1,999.0,0,1.0,0.0,0.0,3,7,0.0,6,7,1,1
21129,31.0,1,999,0,1.4,93.918,-42.7,4.961,5228.1,999.0,0,1.0,0.0,0.0,2,5,0.0,8,7,1,1
21130,31.0,2,999,0,1.4,93.918,-42.7,4.962,5228.1,999.0,0,0.0,1.0,0.0,3,5,0.0,6,7,1,1
21131,46.0,2,999,0,1.4,94.465,-41.8,4.864,5228.1,999.0,0,0.0,0.0,1.0,2,4,0.0,4,6,1,1
21132,31.0,2,999,0,-1.8,92.893,-46.2,1.281,5099.1,999.0,0,1.0,0.0,0.0,2,8,0.0,7,5,1,1
21133,31.0,1,999,0,1.4,94.465,-41.8,4.864,5228.1,999.0,0,0.0,0.0,1.0,2,2,0.0,8,6,1,1
21134,56.0,1,999,0,-0.1,93.2,-42.0,4.191,5195.8,999.0,0,0.0,0.0,0.0,2,5,0.0,9,11,2,1
21135,41.0,2,999,0,-1.8,92.893,-46.2,1.281,5099.1,999.0,0,1.0,0.0,0.0,2,2,0.0,4,5,1,1
21136,32.0,3,999,0,1.4,93.918,-42.7,4.958,5228.1,999.0,0,0.0,0.0,0.0,1,5,0.0,6,7,1,1
21137,57.0,2,999,0,-0.1,93.2,-42.0,4.191,5195.8,999.0,0,0.0,0.0,0.0,2,8,0.0,5,11,2,1
21138,31.0,1,999,0,-1.7,94.027,-38.3,0.898,4991.6,999.0,0,0.0,0.0,1.0,2,8,0.0,6,8,1,1
21139,35.0,1,999,0,1.1,93.994,-36.4,4.86,5191.0,999.0,0,1.0,0.0,1.0,1,6,0.0,4,5,1,1
21140,27.0,2,999,0,1.4,93.918,-42.7,4.968,5228.1,999.0,0,1.0,0.0,0.0,1,8,0.0,6,7,1,1
21141,50.0,2,999,0,1.4,93.444,-36.1,4.965,5228.1,999.0,0,1.0,0.0,0.0,2,8,0.0,6,8,2,1
21142,37.0,1,3,1,-1.1,94.601,-49.5,0.987,4963.6,0.1,1,0.0,0.0,1.0,1,8,0.0,6,10,1,3
21143,43.0,2,999,0,1.1,93.994,-36.4,4.857,5191.0,999.0,0,1.0,0.0,1.0,2,7,0.0,3,5,2,1
21144,31.0,3,999,0,1.4,94.465,-41.8,4.967,5228.1,999.0,0,1.0,0.0,1.0,2,4,0.0,4,6,1,1
21145,31.0,4,999,0,1.4,94.465,-41.8,4.96,5228.1,999.0,0,1.0,0.0,1.0,3,4,0.0,9,6,2,1
21146,30.0,1,999,0,1.4,93.444,-36.1,4.964,5228.1,999.0,0,1.0,0.0,0.0,1,7,0.0,6,8,1,1
21147,31.0,2,999,0,-1.1,94.199,-37.5,0.886,4963.6,999.0,0,1.0,1.0,0.0,1,7,0.0,1,9,1,1
21148,42.0,2,999,0,1.1,93.994,-36.4,4.856,5191.0,999.0,0,0.0,0.0,1.0,3,7,0.0,6,5,1,1
21149,46.0,1,999,0,-1.8,92.893,-46.2,1.334,5099.1,999.0,0,1.0,1.0,0.0,2,5,0.0,9,5,1,1
21150,45.0,1,999,0,1.1,93.994,-36.4,4.858,5191.0,999.0,0,1.0,1.0,1.0,2,7,0.0,6,5,1,1
21151,31.0,1,999,1,-0.1,93.2,-42.0,4.021,5195.8,999.0,0,1.0,0.0,0.0,2,3,0.0,4,11,1,2
21152,29.0,6,3,1,-2.9,92.963,-40.8,1.26,5076.2,0.1,1,0.0,0.0,0.0,1,5,0.0,9,6,1,3
21153,41.0,1,999,0,-1.8,93.075,-47.1,1.466,5099.1,999.0,0,1.0,0.0,0.0,2,4,0.0,10,4,2,1
21154,47.0,3,999,0,1.4,94.465,-41.8,4.96,5228.1,999.0,0,0.0,0.0,1.0,2,4,0.0,4,6,2,1
21155,33.0,1,999,0,1.4,94.465,-41.8,4.96,5228.1,999.0,0,0.0,1.0,1.0,2,7,0.0,6,6,2,1
21156,55.0,2,999,0,-1.8,93.075,-47.1,1.405,5099.1,999.0,0,1.0,1.0,0.0,3,5,0.0,6,4,1,1
21157,39.0,1,9,1,-1.8,93.075,-47.1,1.41,5099.1,0.3,0,0.0,0.0,0.0,2,8,0.0,4,4,1,3
21158,31.0,2,6,1,-3.4,92.431,-26.9,0.741,5017.5,0.2,0,1.0,0.0,0.0,3,7,0.0,3,10,1,3
21159,57.0,8,999,0,1.4,93.444,-36.1,4.964,5228.1,999.0,0,1.0,1.0,0.0,2,5,0.0,8,8,1,1
21160,31.0,1,999,0,-1.8,92.893,-46.2,1.334,5099.1,999.0,0,0.0,0.0,0.0,1,8,0.0,6,5,1,1
21161,31.0,1,999,0,1.4,94.465,-41.8,4.96,5228.1,999.0,0,1.0,0.0,1.0,3,5,0.0,6,6,2,1
21162,31.0,2,999,0,1.1,93.994,-36.4,4.855,5191.0,999.0,0,1.0,0.0,1.0,2,2,0.0,4,5,1,1
21163,31.0,3,999,0,1.4,93.444,-36.1,4.966,5228.1,999.0,0,1.0,0.0,0.0,1,5,0.0,5,8,1,1
21164,27.0,4,999,1,-1.8,93.075,-47.1,1.405,5099.1,999.0,2,1.0,1.0,0.0,1,8,0.0,3,4,2,2
21165,33.0,1,999,0,-1.8,93.075,-47.1,1.498,5099.1,999.0,0,1.0,1.0,0.0,2,6,0.0,4,4,1,1
21166,31.0,1,999,1,-1.8,92.893,-46.2,1.334,5099.1,999.0,2,1.0,0.0,0.0,2,8,0.0,5,5,1,2
21167,37.0,1,999,0,1.4,93.918,-42.7,4.963,5228.1,999.0,0,0.0,0.0,0.0,2,7,0.0,5,7,1,1
21168,40.0,2,999,0,1.4,93.444,-36.1,4.964,5228.1,999.0,0,1.0,0.0,0.0,2,7,0.0,6,8,1,1
21169,31.0,2,999,0,-1.8,93.369,-34.8,0.653,5008.7,999.0,0,0.0,0.0,0.0,1,6,0.0,5,3,1,1
21170,30.0,1,999,0,1.4,94.465,-41.8,4.96,5228.1,999.0,0,1.0,0.0,1.0,1,7,0.0,5,6,2,1
21171,55.0,1,999,0,1.4,93.444,-36.1,4.965,5228.1,999.0,0,0.0,0.0,0.0,2,5,0.0,9,8,2,1
21172,83.0,1,3,3,-1.8,92.893,-46.2,1.259,5099.1,0.1,18,1.0,1.0,0.0,2,8,0.0,8,5,1,2
21173,31.0,1,999,0,-1.8,92.893,-46.2,1.244,5099.1,999.0,0,1.0,0.0,0.0,1,4,0.0,4,5,2,1
21174,39.0,1,999,0,1.1,93.994,-36.4,4.856,5191.0,999.0,0,1.0,0.0,1.0,1,5,0.0,8,5,1,1
21175,34.0,2,999,0,1.4,93.918,-42.7,4.96,5228.1,999.0,0,1.0,0.0,1.0,2,8,0.0,4,7,2,1
21176,31.0,1,999,0,-1.8,92.893,-46.2,1.344,5099.1,999.0,0,0.0,0.0,0.0,1,4,0.0,9,5,1,1
21177,46.0,1,999,0,1.4,94.465,-41.8,4.961,5228.1,999.0,0,0.0,0.0,1.0,2,2,0.0,4,6,1,1
21178,33.0,1,999,0,-1.8,92.893,-46.2,1.334,5099.1,999.0,0,0.0,1.0,0.0,2,6,0.0,5,5,1,1
21179,28.0,5,999,0,1.1,93.994,-36.4,4.858,5191.0,999.0,0,0.0,0.0,1.0,2,5,0.0,6,5,2,1
21180,31.0,1,999,0,1.1,93.994,-36.4,4.855,5191.0,999.0,0,1.0,1.0,1.0,2,8,0.0,2,5,1,1
21181,38.0,3,999,0,-0.1,93.2,-42.0,4.153,5195.8,999.0,0,1.0,0.0,0.0,2,8,0.0,1,11,1,1
21182,39.0,1,999,0,1.1,93.994,-36.4,4.857,5191.0,999.0,0,1.0,0.0,1.0,2,3,0.0,4,5,1,1
21183,31.0,1,999,0,1.4,93.444,-36.1,4.966,5228.1,999.0,0,1.0,0.0,0.0,2,7,0.0,6,8,1,1
21184,36.0,5,999,0,1.4,93.918,-42.7,4.961,5228.1,999.0,0,1.0,0.0,0.0,1,8,0.0,2,7,1,1
21185,31.0,1,999,0,1.4,93.918,-42.7,4.963,5228.1,999.0,0,0.0,0.0,1.0,3,7,0.0,6,7,1,1
21186,39.0,1,999,0,1.4,94.465,-41.8,4.958,5228.1,999.0,0,1.0,0.0,1.0,2,5,0.0,7,6,1,1
21187,31.0,1,999,0,1.1,93.994,-36.4,4.859,5191.0,999.0,0,1.0,0.0,1.0,2,4,0.0,4,5,1,1
21188,32.0,1,999,0,1.4,93.918,-42.7,4.957,5228.1,999.0,0,1.0,0.0,0.0,1,6,0.0,9,7,1,1
21189,37.0,2,999,0,1.1,93.994,-36.4,4.858,5191.0,999.0,0,1.0,0.0,1.0,2,7,0.0,3,5,1,1
21190,47.0,1,999,0,1.4,94.465,-41.8,4.961,5228.1,999.0,0,0.0,0.0,1.0,3,8,0.0,6,6,1,1
21191,31.0,5,999,0,-1.8,92.893,-46.2,1.299,5099.1,999.0,0,1.0,0.0,0.0,2,4,0.0,9,5,2,1
21192,31.0,1,999,0,1.4,93.918,-42.7,4.963,5228.1,999.0,0,1.0,0.0,0.0,2,4,0.0,5,7,1,1
21193,35.0,2,999,0,-1.8,92.893,-46.2,1.27,5099.1,999.0,0,1.0,0.0,0.0,1,4,0.0,4,5,1,1
21194,29.0,3,999,1,-1.8,92.893,-46.2,1.281,5099.1,999.0,4,1.0,0.0,0.0,1,8,0.0,9,5,1,2
21195,26.0,4,12,3,-1.7,94.055,-39.8,0.767,4991.6,0.4,9,0.0,0.0,0.0,2,5,0.0,6,6,1,2
21196,51.0,2,999,0,1.4,94.465,-41.8,4.962,5228.1,999.0,0,1.0,1.0,1.0,3,8,0.0,10,6,1,1
21197,38.0,2,999,0,1.4,94.465,-41.8,4.947,5228.1,999.0,0,0.0,0.0,1.0,2,5,0.0,6,6,2,1
21198,31.0,9,999,0,1.1,93.994,-36.4,4.857,5191.0,999.0,0,0.0,0.0,1.0,2,8,0.0,8,5,1,1
21199,31.0,1,999,0,1.1,93.994,-36.4,4.857,5191.0,999.0,0,1.0,0.0,1.0,1,5,0.0,1,5,1,1
21200,32.0,7,999,0,1.1,93.994,-36.4,4.86,5191.0,999.0,0,0.0,0.0,1.0,2,6,0.0,9,5,1,1
21201,38.0,1,999,0,1.1,93.994,-36.4,4.856,5191.0,999.0,0,0.0,1.0,1.0,2,8,0.0,4,5,1,1
21202,28.0,1,999,2,-2.9,92.963,-40.8,1.262,5076.2,999.0,2,1.0,0.0,0.0,1,5,0.0,6,6,1,2
21203,52.0,3,999,0,1.4,94.465,-41.8,4.865,5228.1,999.0,0,1.0,0.0,1.0,2,5,0.0,9,6,2,1
21204,31.0,1,999,0,1.1,93.994,-36.4,4.857,5191.0,999.0,0,1.0,0.0,1.0,2,8,0.0,10,5,2,1
21205,53.0,4,999,0,-1.8,93.075,-47.1,1.466,5099.1,999.0,0,0.0,0.0,0.0,2,8,0.0,4,4,2,1
21206,31.0,1,999,0,-1.8,92.893,-46.2,1.25,5099.1,999.0,0,1.0,0.0,0.0,2,7,0.0,3,5,1,1
21207,38.0,2,999,0,1.4,93.444,-36.1,4.966,5228.1,999.0,0,0.0,0.0,0.0,2,8,0.0,5,8,1,1
21208,31.0,1,999,0,1.4,93.918,-42.7,4.957,5228.1,999.0,0,1.0,0.0,0.0,2,2,0.0,4,7,1,1
21209,52.0,1,999,1,-1.8,92.893,-46.2,1.281,5099.1,999.0,1,0.0,0.0,0.0,2,4,0.0,6,5,1,2
21210,23.0,1,999,0,1.4,93.918,-42.7,4.963,5228.1,999.0,0,0.0,0.0,0.0,1,6,0.0,6,7,1,1
21211,31.0,2,999,1,-2.9,92.201,-31.4,0.873,5076.2,999.0,2,1.0,1.0,0.0,2,8,0.0,9,8,1,2
21212,31.0,4,999,0,1.4,93.444,-36.1,4.964,5228.1,999.0,0,0.0,0.0,0.0,1,6,0.0,5,8,1,1
21213,31.0,5,999,0,-1.8,92.893,-46.2,1.291,5099.1,999.0,0,1.0,1.0,1.0,2,5,0.0,5,5,1,1
21214,26.0,3,999,0,1.4,94.465,-41.8,4.967,5228.1,999.0,0,1.0,0.0,1.0,2,7,0.0,7,6,1,1
21215,59.0,1,999,0,1.4,93.444,-36.1,4.964,5228.1,999.0,0,1.0,1.0,0.0,2,2,0.0,8,8,1,1
21216,35.0,2,999,1,-2.9,92.963,-40.8,1.26,5076.2,999.0,3,1.0,0.0,0.0,3,8,0.0,7,6,2,2
21217,41.0,2,999,0,1.4,93.444,-36.1,4.965,5228.1,999.0,0,0.0,0.0,0.0,2,7,0.0,1,8,2,1
21218,30.0,7,999,0,1.1,93.994,-36.4,4.857,5191.0,999.0,0,0.0,1.0,1.0,2,4,0.0,4,5,1,1
21219,54.0,2,999,0,-1.8,92.893,-46.2,1.266,5099.1,999.0,0,1.0,0.0,0.0,3,6,0.0,1,5,1,1
21220,44.0,2,999,2,-2.9,92.201,-31.4,0.883,5076.2,999.0,8,0.0,0.0,0.0,2,7,0.0,3,8,1,2
21221,39.0,9,999,0,1.4,93.918,-42.7,4.961,5228.1,999.0,0,1.0,1.0,0.0,3,5,0.0,6,7,1,1
21222,31.0,15,999,0,1.1,93.994,-36.4,4.858,5191.0,999.0,0,0.0,0.0,1.0,3,8,0.0,9,5,1,1
21223,39.0,3,999,0,1.1,93.994,-36.4,4.857,5191.0,999.0,0,1.0,0.0,1.0,2,6,0.0,5,5,1,1
21224,57.0,3,999,0,1.1,93.994,-36.4,4.856,5191.0,999.0,0,0.0,0.0,1.0,3,7,0.0,3,5,1,1
21225,25.0,3,999,1,-1.8,92.893,-46.2,1.266,5099.1,999.0,3,1.0,0.0,0.0,1,8,0.0,11,5,1,2
21226,31.0,1,999,0,1.1,93.994,-36.4,4.856,5191.0,999.0,0,0.0,0.0,1.0,2,5,0.0,9,5,1,1
21227,48.0,4,999,0,1.4,93.444,-36.1,4.962,5228.1,999.0,0,0.0,0.0,0.0,1,7,0.0,6,8,1,1
21228,31.0,3,999,0,-3.4,92.431,-26.9,0.72,5017.5,999.0,0,0.0,0.0,0.0,1,8,0.0,11,10,1,1
21229,33.0,3,999,0,-1.8,92.893,-46.2,1.299,5099.1,999.0,0,1.0,1.0,0.0,2,5,0.0,6,5,1,1
21230,60.0,1,999,0,-1.8,92.843,-50.0,1.531,5099.1,999.0,0,1.0,0.0,0.0,2,7,0.0,6,3,1,1
21231,51.0,1,999,0,1.1,93.994,-36.4,4.859,5191.0,999.0,0,1.0,0.0,1.0,2,8,0.0,9,5,1,1
21232,29.0,2,999,0,1.1,93.994,-36.4,4.859,5191.0,999.0,0,0.0,0.0,1.0,1,7,0.0,6,5,1,1
21233,55.0,5,999,0,1.4,93.918,-42.7,4.961,5228.1,999.0,0,0.0,0.0,0.0,3,7,0.0,7,7,1,1
21234,31.0,3,999,0,-0.1,93.2,-42.0,4.021,5195.8,999.0,0,1.0,1.0,1.0,1,8,0.0,5,11,1,1
21235,58.0,7,999,0,1.4,93.444,-36.1,4.965,5228.1,999.0,0,0.0,0.0,0.0,3,3,0.0,4,8,1,1
21236,31.0,1,999,1,-3.4,92.431,-26.9,0.742,5017.5,999.0,2,1.0,1.0,0.0,1,4,0.0,11,10,1,2
21237,31.0,1,999,0,-1.8,92.843,-50.0,1.56,5099.1,999.0,0,1.0,0.0,0.0,1,7,0.0,10,3,2,1
21238,49.0,2,999,0,1.1,93.994,-36.4,4.86,5191.0,999.0,0,1.0,0.0,1.0,2,7,0.0,5,5,1,1
21239,42.0,2,999,1,-1.8,93.075,-47.1,1.466,5099.1,999.0,0,1.0,0.0,0.0,2,8,0.0,3,4,2,2
21240,31.0,1,999,0,-0.1,93.2,-42.0,4.153,5195.8,999.0,0,1.0,0.0,0.0,1,7,0.0,3,11,1,1
21241,37.0,1,999,0,-1.7,94.055,-39.8,0.754,4991.6,999.0,0,0.0,0.0,1.0,2,7,0.0,1,6,2,1
21242,38.0,1,999,1,-0.1,93.2,-42.0,4.12,5195.8,999.0,2,1.0,0.0,0.0,1,7,0.0,6,11,1,2
21243,31.0,1,999,0,-2.9,92.201,-31.4,0.851,5076.2,999.0,0,1.0,0.0,0.0,1,8,0.0,5,8,1,1
21244,54.0,2,999,0,1.4,93.918,-42.7,4.96,5228.1,999.0,0,1.0,0.0,0.0,2,8,0.0,4,7,2,1
21245,48.0,2,999,0,1.1,93.994,-36.4,4.859,5191.0,999.0,0,0.0,0.0,1.0,2,2,0.0,12,5,1,1
21246,31.0,2,999,1,-1.8,92.843,-50.0,1.757,5099.1,999.0,2,1.0,1.0,0.0,1,7,0.0,6,3,1,2
21247,53.0,28,999,0,1.4,94.465,-41.8,4.959,5228.1,999.0,0,1.0,0.0,1.0,3,7,0.0,5,6,1,1
21248,38.0,5,999,0,1.1,93.994,-36.4,4.857,5191.0,999.0,0,1.0,0.0,1.0,2,2,0.0,4,5,1,1
21249,31.0,2,999,0,1.4,93.918,-42.7,4.962,5228.1,999.0,0,0.0,0.0,0.0,2,6,0.0,4,7,2,1
21250,31.0,1,999,0,1.4,93.444,-36.1,4.963,5228.1,999.0,0,0.0,0.0,0.0,1,7,0.0,6,8,1,1
21251,29.0,3,9,1,-1.8,93.075,-47.1,1.41,5099.1,0.3,2,1.0,1.0,0.0,1,5,0.0,6,4,1,3
21252,31.0,1,6,2,-1.8,93.876,-40.0,0.683,5008.7,0.2,4,1.0,0.0,0.0,2,8,0.0,8,5,1,3
21253,31.0,1,999,0,1.4,93.918,-42.7,4.96,5228.1,999.0,0,0.0,0.0,0.0,1,5,0.0,6,7,2,1
21254,45.0,1,999,0,1.1,93.994,-36.4,4.857,5191.0,999.0,0,0.0,0.0,1.0,2,2,0.0,4,5,2,1
21255,31.0,2,999,0,-1.8,93.075,-47.1,1.479,5099.1,999.0,0,1.0,1.0,0.0,2,4,0.0,4,4,1,1
21256,31.0,5,999,0,1.1,93.994,-36.4,4.86,5191.0,999.0,0,1.0,0.0,1.0,1,8,0.0,11,5,1,1
21257,49.0,3,999,0,-1.8,93.075,-47.1,1.405,5099.1,999.0,0,1.0,1.0,0.0,3,5,0.0,6,4,1,1
21258,32.0,2,999,0,-1.8,93.075,-47.1,1.405,5099.1,999.0,0,0.0,1.0,0.0,2,5,0.0,9,4,1,1
21259,32.0,8,999,0,-1.8,92.893,-46.2,1.25,5099.1,999.0,0,0.0,0.0,0.0,2,4,0.0,4,5,1,1
21260,33.0,4,999,0,1.1,93.994,-36.4,4.86,5191.0,999.0,0,0.0,0.0,1.0,2,8,0.0,5,5,1,1
21261,42.0,2,999,0,1.1,93.994,-36.4,4.857,5191.0,999.0,0,0.0,0.0,1.0,1,8,0.0,5,5,2,1
21262,31.0,1,999,0,1.4,94.465,-41.8,4.961,5228.1,999.0,0,1.0,1.0,1.0,3,8,0.0,1,6,2,1
21263,36.0,2,999,0,1.4,93.444,-36.1,4.963,5228.1,999.0,0,0.0,1.0,0.0,1,8,0.0,6,8,1,1
21264,22.0,2,999,0,1.4,94.465,-41.8,4.961,5228.1,999.0,0,1.0,1.0,1.0,1,8,0.0,11,6,1,1
21265,43.0,6,999,0,1.1,93.994,-36.4,4.859,5191.0,999.0,0,1.0,0.0,1.0,3,5,0.0,6,5,1,1
21266,31.0,1,999,1,-2.9,92.201,-31.4,0.883,5076.2,999.0,2,1.0,0.0,0.0,2,5,0.0,8,8,1,2
21267,50.0,1,999,0,-1.8,93.075,-47.1,1.483,5099.1,999.0,0,1.0,1.0,0.0,2,2,0.0,9,4,1,1
21268,27.0,3,999,0,1.1,93.994,-36.4,4.856,5191.0,999.0,0,1.0,0.0,1.0,2,8,0.0,4,5,1,1
21269,31.0,13,999,0,1.1,93.994,-36.4,4.857,5191.0,999.0,0,0.0,0.0,1.0,2,8,0.0,12,5,1,1
21270,25.0,1,999,0,-1.7,94.055,-39.8,0.742,4991.6,999.0,0,0.0,0.0,1.0,1,4,0.0,9,6,1,1
21271,44.0,3,999,0,1.1,93.994,-36.4,4.857,5191.0,999.0,0,1.0,0.0,1.0,2,6,0.0,5,5,2,1
21272,31.0,1,999,1,-3.0,92.713,-33.0,0.714,5023.5,999.0,1,1.0,1.0,0.0,2,8,0.0,8,12,1,2
21273,33.0,4,999,0,1.4,93.918,-42.7,4.968,5228.1,999.0,0,1.0,1.0,0.0,2,6,0.0,9,7,1,1
21274,31.0,2,999,1,-1.8,92.893,-46.2,1.266,5099.1,999.0,1,0.0,0.0,0.0,2,8,0.0,6,5,1,2
21275,40.0,1,999,0,1.4,93.918,-42.7,4.962,5228.1,999.0,0,0.0,0.0,0.0,2,6,0.0,5,7,1,1
21276,42.0,2,999,1,-1.8,92.893,-46.2,1.25,5099.1,999.0,1,0.0,0.0,0.0,2,4,0.0,9,5,1,2
21277,37.0,1,999,0,-0.1,93.2,-42.0,4.191,5195.8,999.0,0,1.0,0.0,1.0,2,8,0.0,7,11,2,1
21278,34.0,4,999,0,1.1,93.994,-36.4,4.857,5191.0,999.0,0,1.0,1.0,1.0,2,7,0.0,1,5,1,1
21279,58.0,3,999,0,1.4,93.444,-36.1,4.966,5228.1,999.0,0,0.0,0.0,0.0,2,7,0.0,1,8,1,1
21280,50.0,3,999,0,1.1,93.994,-36.4,4.856,5191.0,999.0,0,1.0,1.0,1.0,2,2,0.0,1,5,1,1
21281,39.0,2,999,0,-1.8,92.893,-46.2,1.313,5099.1,999.0,0,1.0,0.0,0.0,1,7,0.0,6,5,1,1
21282,23.0,2,999,1,-1.8,92.893,-46.2,1.25,5099.1,999.0,0,0.0,0.0,0.0,1,8,0.0,4,5,1,2
21283,27.0,1,999,0,1.1,93.994,-36.4,4.857,5191.0,999.0,0,1.0,1.0,1.0,2,8,0.0,10,5,2,1
21284,31.0,1,999,0,-1.1,94.199,-37.5,0.879,4963.6,999.0,0,1.0,0.0,0.0,1,4,0.0,11,9,1,1
21285,47.0,1,999,0,-0.1,93.2,-42.0,4.12,5195.8,999.0,0,1.0,0.0,0.0,2,8,0.0,2,11,1,1
21286,45.0,2,999,0,1.4,93.444,-36.1,4.966,5228.1,999.0,0,1.0,1.0,0.0,2,5,0.0,6,8,1,1
21287,59.0,3,999,0,1.4,93.444,-36.1,4.965,5228.1,999.0,0,1.0,0.0,0.0,2,4,0.0,1,8,1,1
21288,42.0,1,999,0,1.1,93.994,-36.4,4.858,5191.0,999.0,0,1.0,0.0,1.0,2,5,0.0,6,5,1,1
21289,35.0,2,999,0,1.1,93.994,-36.4,4.856,5191.0,999.0,0,1.0,0.0,1.0,1,2,0.0,6,5,1,1
21290,29.0,2,999,0,-2.9,92.963,-40.8,1.26,5076.2,999.0,0,1.0,1.0,0.0,1,5,0.0,6,6,2,1
21291,31.0,1,999,0,-1.8,93.075,-47.1,1.405,5099.1,999.0,0,0.0,0.0,0.0,3,8,0.0,9,4,2,1
21292,31.0,2,999,0,-0.1,93.2,-42.0,4.12,5195.8,999.0,0,0.0,0.0,0.0,2,2,0.0,4,11,1,1
21293,31.0,2,999,0,1.4,93.444,-36.1,4.963,5228.1,999.0,0,1.0,1.0,0.0,2,7,0.0,5,8,1,1
21294,45.0,1,999,1,-1.8,92.893,-46.2,1.291,5099.1,999.0,3,0.0,0.0,0.0,2,3,0.0,9,5,1,2
21295,31.0,6,999,0,1.1,93.994,-36.4,4.857,5191.0,999.0,0,1.0,0.0,1.0,3,7,0.0,6,5,1,1
21296,30.0,1,999,0,-1.8,92.893,-46.2,1.299,5099.1,999.0,0,1.0,0.0,0.0,1,7,0.0,6,5,2,1
21297,31.0,1,999,0,1.1,93.994,-36.4,4.857,5191.0,999.0,0,1.0,1.0,1.0,2,7,0.0,6,5,1,1
21298,26.0,1,999,1,-1.8,92.893,-46.2,1.259,5099.1,999.0,3,0.0,0.0,0.0,1,7,0.0,5,5,1,2
21299,31.0,3,999,0,1.1,93.994,-36.4,4.858,5191.0,999.0,0,0.0,0.0,1.0,1,4,0.0,4,5,2,1
21300,44.0,2,999,0,-1.8,92.893,-46.2,1.327,5099.1,999.0,0,0.0,0.0,0.0,2,3,0.0,4,5,1,1
21301,39.0,10,999,0,-1.8,92.893,-46.2,1.266,5099.1,999.0,0,0.0,0.0,0.0,1,5,0.0,6,5,1,1
21302,38.0,6,999,0,1.4,93.918,-42.7,4.957,5228.1,999.0,0,1.0,0.0,1.0,2,2,0.0,4,7,1,1
21303,26.0,2,999,1,-1.8,92.893,-46.2,1.281,5099.1,999.0,3,1.0,0.0,0.0,1,4,0.0,4,5,1,2
21304,31.0,1,999,0,1.1,93.994,-36.4,4.856,5191.0,999.0,0,1.0,0.0,1.0,1,8,0.0,2,5,1,1
21305,27.0,7,999,0,1.1,93.994,-36.4,4.86,5191.0,999.0,0,0.0,0.0,1.0,2,2,0.0,4,5,1,1
21306,51.0,2,999,0,1.4,93.918,-42.7,4.962,5228.1,999.0,0,0.0,0.0,0.0,2,3,0.0,7,7,1,1
21307,31.0,9,999,0,1.4,94.465,-41.8,4.865,5228.1,999.0,0,1.0,0.0,1.0,2,2,0.0,4,6,2,1
21308,31.0,1,6,2,-1.8,93.749,-34.6,0.645,5008.7,0.2,0,1.0,1.0,0.0,1,5,0.0,11,4,1,3
21309,30.0,5,999,0,1.4,93.444,-36.1,4.963,5228.1,999.0,0,1.0,1.0,0.0,2,7,0.0,6,8,1,1
21310,31.0,2,999,0,1.1,93.994,-36.4,4.856,5191.0,999.0,0,0.0,0.0,1.0,2,8,0.0,9,5,1,1
21311,58.0,1,999,0,1.4,93.444,-36.1,4.968,5228.1,999.0,0,0.0,0.0,0.0,2,8,0.0,6,8,1,1
21312,41.0,1,999,0,1.4,93.444,-36.1,4.966,5228.1,999.0,0,0.0,0.0,0.0,2,6,0.0,5,8,1,1
21313,43.0,3,999,0,1.1,93.994,-36.4,4.856,5191.0,999.0,0,1.0,0.0,1.0,2,4,0.0,5,5,1,1
21314,46.0,1,999,0,1.1,93.994,-36.4,4.857,5191.0,999.0,0,1.0,0.0,1.0,3,7,0.0,6,5,1,1
21315,33.0,1,999,1,-1.8,93.075,-47.1,1.41,5099.1,999.0,3,1.0,0.0,0.0,2,4,0.0,4,4,1,2
21316,56.0,1,999,0,1.1,93.994,-36.4,4.855,5191.0,999.0,0,0.0,0.0,1.0,2,5,0.0,9,5,1,1
21317,32.0,4,999,0,1.4,93.918,-42.7,4.968,5228.1,999.0,0,1.0,0.0,1.0,2,7,0.0,5,7,1,1
21318,31.0,1,999,0,1.4,93.918,-42.7,4.968,5228.1,999.0,0,1.0,0.0,0.0,1,8,0.0,4,7,1,1
21319,36.0,2,999,0,-1.1,94.601,-49.5,0.965,4963.6,999.0,0,0.0,0.0,0.0,1,7,0.0,6,10,1,1
21320,32.0,1,999,0,1.4,93.444,-36.1,4.968,5228.1,999.0,0,0.0,0.0,0.0,2,7,0.0,5,8,1,1
21321,31.0,10,999,0,1.4,93.444,-36.1,4.962,5228.1,999.0,0,0.0,0.0,1.0,1,7,0.0,6,8,1,1
21322,35.0,3,999,0,1.4,93.918,-42.7,4.962,5228.1,999.0,0,1.0,1.0,0.0,1,8,0.0,10,7,1,1
21323,31.0,1,999,0,1.4,93.918,-42.7,4.957,5228.1,999.0,0,1.0,0.0,0.0,2,5,0.0,8,7,1,1
21324,31.0,2,999,0,1.1,93.994,-36.4,4.858,5191.0,999.0,0,1.0,1.0,1.0,2,7,0.0,6,5,1,1
21325,61.0,2,999,0,-1.8,93.075,-47.1,1.384,5099.1,999.0,0,1.0,0.0,0.0,3,7,0.0,8,4,1,1
21326,31.0,2,999,0,-1.8,93.369,-34.8,0.65,5008.7,999.0,0,0.0,0.0,0.0,1,7,0.0,6,3,1,1
21327,26.0,1,999,0,1.4,93.918,-42.7,4.962,5228.1,999.0,0,0.0,0.0,0.0,2,8,0.0,6,7,1,1
21328,31.0,2,999,0,-2.9,92.963,-40.8,1.268,5076.2,999.0,0,1.0,0.0,0.0,1,7,0.0,5,6,1,1
21329,28.0,1,999,0,-1.8,92.893,-46.2,1.334,5099.1,999.0,0,1.0,0.0,0.0,2,5,0.0,6,5,1,1
21330,32.0,7,999,0,1.4,93.444,-36.1,4.968,5228.1,999.0,0,1.0,0.0,1.0,3,7,0.0,6,8,1,1
21331,28.0,2,999,0,1.1,93.994,-36.4,4.859,5191.0,999.0,0,0.0,0.0,1.0,1,5,0.0,6,5,1,1
21332,53.0,1,999,0,1.4,93.444,-36.1,4.968,5228.1,999.0,0,1.0,1.0,0.0,2,4,0.0,4,8,1,1
21333,27.0,1,999,0,-2.9,92.963,-40.8,1.268,5076.2,999.0,0,1.0,0.0,0.0,1,7,0.0,6,6,1,1
21334,36.0,2,999,0,1.4,94.465,-41.8,4.959,5228.1,999.0,0,1.0,1.0,1.0,2,7,0.0,6,6,1,1
21335,36.0,1,6,2,-1.7,94.055,-39.8,0.737,4991.6,0.2,6,0.0,0.0,0.0,2,7,0.0,3,6,1,3
21336,36.0,1,999,0,1.4,93.918,-42.7,4.96,5228.1,999.0,0,0.0,0.0,0.0,2,2,0.0,5,7,2,1
21337,34.0,2,999,0,-0.1,93.2,-42.0,4.12,5195.8,999.0,0,1.0,1.0,0.0,2,7,0.0,3,11,1,1
21338,30.0,18,999,0,1.1,93.994,-36.4,4.864,5191.0,999.0,0,0.0,0.0,1.0,1,4,0.0,4,5,1,1
21339,57.0,3,999,0,1.4,93.918,-42.7,4.961,5228.1,999.0,0,1.0,0.0,0.0,2,4,0.0,4,7,1,1
21340,47.0,2,999,0,1.4,93.918,-42.7,4.961,5228.1,999.0,0,1.0,1.0,1.0,2,2,0.0,2,7,1,1
21341,31.0,1,5,1,-3.0,92.713,-33.0,0.707,5023.5,0.166666666667,2,1.0,0.0,0.0,1,7,0.0,5,12,1,3
21342,49.0,5,999,0,1.4,93.444,-36.1,4.962,5228.1,999.0,0,1.0,0.0,0.0,2,2,0.0,2,8,1,1
21343,35.0,1,999,0,1.1,93.994,-36.4,4.855,5191.0,999.0,0,1.0,0.0,1.0,2,4,0.0,4,5,1,1
21344,36.0,1,999,0,1.4,93.918,-42.7,4.963,5228.1,999.0,0,1.0,0.0,0.0,3,7,0.0,6,7,1,1
21345,31.0,5,999,0,1.4,93.918,-42.7,4.962,5228.1,999.0,0,0.0,0.0,1.0,2,8,0.0,4,7,2,1
21346,37.0,2,999,0,-0.1,93.2,-42.0,4.076,5195.8,999.0,0,1.0,1.0,0.0,2,5,0.0,6,11,1,1
21347,26.0,3,999,0,1.4,93.918,-42.7,4.957,5228.1,999.0,0,1.0,1.0,0.0,2,8,0.0,4,7,1,1
21348,57.0,2,999,0,-2.9,92.469,-33.6,1.059,5076.2,999.0,0,1.0,0.0,0.0,3,4,0.0,8,7,1,1
21349,31.0,1,999,1,-0.1,93.2,-42.0,4.021,5195.8,999.0,1,1.0,0.0,0.0,1,7,0.0,5,11,1,2
21350,55.0,16,999,0,1.4,93.444,-36.1,4.962,5228.1,999.0,0,1.0,0.0,0.0,2,8,0.0,12,8,1,1
21351,31.0,3,999,0,1.1,93.994,-36.4,4.855,5191.0,999.0,0,1.0,0.0,1.0,1,8,0.0,4,5,1,1
21352,23.0,3,999,0,-1.8,92.893,-46.2,1.266,5099.1,999.0,0,0.0,0.0,0.0,1,5,0.0,6,5,1,1
21353,53.0,2,999,0,-1.8,93.075,-47.1,1.405,5099.1,999.0,0,1.0,1.0,0.0,3,8,0.0,3,4,2,1
21354,38.0,3,999,0,1.4,93.918,-42.7,4.96,5228.1,999.0,0,0.0,0.0,0.0,2,8,0.0,5,7,2,1
21355,45.0,1,999,0,1.4,93.444,-36.1,4.966,5228.1,999.0,0,1.0,0.0,0.0,2,2,0.0,4,8,1,1
21356,44.0,2,999,0,1.1,93.994,-36.4,4.856,5191.0,999.0,0,1.0,0.0,1.0,2,7,0.0,6,5,1,1
21357,31.0,1,999,0,-0.1,93.2,-42.0,4.021,5195.8,999.0,0,0.0,0.0,0.0,1,8,0.0,5,11,1,1
21358,32.0,3,999,0,1.4,93.918,-42.7,4.961,5228.1,999.0,0,1.0,0.0,0.0,1,8,0.0,5,7,1,1
21359,41.0,1,999,0,-2.9,92.201,-31.4,0.884,5076.2,999.0,0,0.0,0.0,0.0,2,5,0.0,6,8,2,1
21360,40.0,5,999,1,-0.1,93.2,-42.0,4.12,5195.8,999.0,1,1.0,0.0,1.0,2,8,0.0,4,11,1,2
21361,47.0,1,999,0,-1.7,94.055,-39.8,0.713,4991.6,999.0,0,1.0,1.0,0.0,2,4,0.0,4,6,1,1
21362,35.0,1,999,0,1.4,94.465,-41.8,4.866,5228.1,999.0,0,1.0,1.0,1.0,2,8,0.0,4,6,1,1
21363,31.0,5,999,0,1.4,94.465,-41.8,4.865,5228.1,999.0,0,1.0,1.0,1.0,2,4,0.0,4,6,2,1
21364,39.0,3,999,0,1.1,93.994,-36.4,4.855,5191.0,999.0,0,1.0,0.0,1.0,2,5,0.0,9,5,1,1
21365,30.0,3,999,0,1.4,93.444,-36.1,4.966,5228.1,999.0,0,1.0,0.0,0.0,1,5,0.0,6,8,1,1
21366,31.0,4,999,1,-1.8,92.893,-46.2,1.266,5099.1,999.0,2,0.0,0.0,0.0,2,5,0.0,9,5,1,2
21367,64.0,2,999,0,-1.8,93.369,-34.8,0.634,5008.7,999.0,0,1.0,0.0,0.0,2,8,0.0,8,3,1,1
21368,31.0,3,999,0,1.4,93.444,-36.1,4.964,5228.1,999.0,0,1.0,1.0,0.0,2,8,0.0,1,8,1,1
21369,40.0,2,999,0,-1.8,93.075,-47.1,1.453,5099.1,999.0,0,1.0,0.0,0.0,2,5,0.0,9,4,1,1
21370,31.0,1,999,0,-1.8,92.893,-46.2,1.244,5099.1,999.0,0,1.0,0.0,0.0,1,8,0.0,4,5,2,1
21371,55.0,1,999,0,-0.1,93.2,-42.0,4.191,5195.8,999.0,0,1.0,0.0,0.0,2,5,0.0,6,11,2,1
21372,48.0,1,999,0,1.4,93.444,-36.1,4.963,5228.1,999.0,0,1.0,1.0,0.0,2,8,0.0,6,8,1,1
21373,45.0,3,999,0,-1.8,92.893,-46.2,1.354,5099.1,999.0,0,1.0,1.0,1.0,2,7,0.0,6,5,2,1
21374,26.0,3,999,0,-1.8,92.893,-46.2,1.266,5099.1,999.0,0,1.0,0.0,0.0,1,8,0.0,4,5,1,1
21375,29.0,2,12,1,-1.8,92.893,-46.2,1.25,5099.1,0.4,1,1.0,0.0,0.0,1,4,0.0,4,5,1,3
21376,28.0,1,999,0,1.1,93.994,-36.4,4.857,5191.0,999.0,0,1.0,0.0,1.0,2,6,0.0,1,5,1,1
21377,29.0,1,999,1,-1.8,93.075,-47.1,1.405,5099.1,999.0,1,0.0,0.0,0.0,2,8,0.0,4,4,2,2
21378,31.0,1,999,0,-0.1,93.2,-42.0,4.076,5195.8,999.0,0,0.0,0.0,0.0,1,8,0.0,5,11,1,1
21379,53.0,1,999,0,-1.7,94.055,-39.8,0.754,4991.6,999.0,0,0.0,0.0,0.0,3,8,0.0,3,6,2,1
21380,42.0,2,999,0,1.4,94.465,-41.8,4.947,5228.1,999.0,0,0.0,0.0,1.0,2,7,0.0,6,6,2,1
21381,31.0,2,999,0,1.4,93.918,-42.7,4.961,5228.1,999.0,0,0.0,0.0,0.0,1,5,0.0,4,7,1,1
21382,31.0,2,999,0,1.4,94.465,-41.8,4.96,5228.1,999.0,0,1.0,0.0,1.0,1,5,0.0,4,6,2,1
21383,52.0,2,999,0,1.4,93.918,-42.7,4.963,5228.1,999.0,0,1.0,0.0,0.0,2,8,0.0,2,7,1,1
21384,63.0,1,999,0,-3.4,92.431,-26.9,0.74,5017.5,999.0,0,1.0,0.0,0.0,2,5,0.0,8,10,1,1
21385,30.0,7,999,0,1.4,94.465,-41.8,4.959,5228.1,999.0,0,1.0,1.0,1.0,2,7,0.0,6,6,1,1
21386,32.0,1,999,1,-1.8,93.075,-47.1,1.365,5099.1,999.0,1,1.0,0.0,0.0,2,7,0.0,6,4,1,2
21387,65.0,2,999,0,-1.7,94.027,-38.3,0.904,4991.6,999.0,0,1.0,0.0,0.0,2,6,0.0,8,8,1,1
21388,31.0,1,999,0,1.4,93.918,-42.7,4.957,5228.1,999.0,0,1.0,0.0,0.0,3,2,0.0,4,7,1,1
21389,43.0,1,999,1,-1.8,92.893,-46.2,1.281,5099.1,999.0,0,0.0,0.0,0.0,1,5,0.0,1,5,1,2
21390,24.0,2,999,0,1.4,94.465,-41.8,4.962,5228.1,999.0,0,1.0,0.0,1.0,1,6,0.0,5,6,1,1
21391,31.0,5,999,0,1.4,93.444,-36.1,4.968,5228.1,999.0,0,1.0,0.0,0.0,2,8,0.0,6,8,1,1
21392,32.0,2,999,0,1.1,93.994,-36.4,4.858,5191.0,999.0,0,1.0,1.0,1.0,1,8,0.0,5,5,2,1
21393,31.0,7,999,0,1.4,93.444,-36.1,4.964,5228.1,999.0,0,1.0,0.0,0.0,1,7,0.0,6,8,1,1
21394,26.0,3,999,0,1.1,93.994,-36.4,4.855,5191.0,999.0,0,0.0,0.0,1.0,2,8,0.0,7,5,1,1
21395,25.0,1,999,0,-2.9,92.963,-40.8,1.26,5076.2,999.0,0,1.0,0.0,0.0,1,6,0.0,5,6,2,1
21396,34.0,2,999,0,1.4,94.465,-41.8,4.961,5228.1,999.0,0,1.0,0.0,1.0,2,8,0.0,9,6,2,1
21397,57.0,2,999,0,1.4,94.465,-41.8,4.864,5228.1,999.0,0,1.0,1.0,1.0,3,8,0.0,5,6,1,1
21398,35.0,1,999,0,-1.8,92.893,-46.2,1.281,5099.1,999.0,0,0.0,0.0,1.0,1,7,0.0,6,5,1,1
21399,41.0,3,999,0,1.4,94.465,-41.8,4.967,5228.1,999.0,0,0.0,0.0,1.0,2,7,0.0,2,6,1,1
21400,31.0,1,999,0,1.4,93.918,-42.7,4.968,5228.1,999.0,0,0.0,1.0,0.0,3,7,0.0,7,7,1,1
21401,30.0,1,999,0,1.4,94.465,-41.8,4.967,5228.1,999.0,0,1.0,1.0,1.0,2,4,0.0,4,6,1,1
21402,39.0,1,999,1,-1.8,92.893,-46.2,1.281,5099.1,999.0,2,0.0,0.0,0.0,2,2,0.0,4,5,1,2
21403,55.0,3,999,0,1.4,93.918,-42.7,4.968,5228.1,999.0,0,0.0,0.0,1.0,2,4,0.0,8,7,1,1
21404,36.0,1,6,1,-3.4,92.431,-26.9,0.735,5017.5,0.2,1,1.0,0.0,0.0,2,8,0.0,6,10,1,3
21405,59.0,3,999,0,1.4,93.918,-42.7,4.968,5228.1,999.0,0,0.0,1.0,1.0,2,2,0.0,8,7,1,1
21406,31.0,3,999,0,1.4,94.465,-41.8,4.959,5228.1,999.0,0,1.0,1.0,1.0,2,2,0.0,4,6,1,1
21407,28.0,1,999,0,-1.8,92.893,-46.2,1.266,5099.1,999.0,0,1.0,0.0,0.0,2,4,0.0,4,5,1,1
21408,37.0,3,999,0,1.4,94.465,-41.8,4.961,5228.1,999.0,0,1.0,1.0,1.0,1,8,0.0,6,6,1,1
21409,41.0,3,999,0,1.4,93.444,-36.1,4.963,5228.1,999.0,0,0.0,1.0,0.0,1,6,0.0,5,8,1,1
21410,48.0,2,999,0,1.4,94.465,-41.8,4.967,5228.1,999.0,0,1.0,0.0,1.0,2,8,0.0,3,6,1,1
21411,45.0,3,999,0,1.4,93.444,-36.1,4.968,5228.1,999.0,0,0.0,0.0,0.0,3,8,0.0,5,8,1,1
21412,35.0,3,999,0,1.4,94.465,-41.8,4.961,5228.1,999.0,0,0.0,0.0,1.0,2,8,0.0,4,6,1,1
21413,41.0,1,999,1,-1.8,93.075,-47.1,1.405,5099.1,999.0,2,1.0,0.0,0.0,2,8,0.0,4,4,1,2
21414,31.0,1,999,0,1.1,93.994,-36.4,4.857,5191.0,999.0,0,1.0,0.0,1.0,2,3,0.0,6,5,1,1
21415,31.0,1,999,0,1.1,93.994,-36.4,4.859,5191.0,999.0,0,0.0,0.0,1.0,2,8,0.0,6,5,1,1
21416,35.0,1,999,0,1.4,93.918,-42.7,4.955,5228.1,999.0,0,1.0,0.0,1.0,2,8,0.0,4,7,1,1
21417,31.0,1,999,0,-1.8,92.893,-46.2,1.334,5099.1,999.0,0,1.0,0.0,0.0,2,6,0.0,4,5,1,1
21418,31.0,2,999,0,-0.1,93.2,-42.0,4.153,5195.8,999.0,0,1.0,1.0,0.0,1,7,0.0,3,11,1,1
21419,29.0,1,999,0,1.4,93.918,-42.7,4.957,5228.1,999.0,0,1.0,0.0,1.0,2,8,0.0,1,7,1,1
21420,42.0,3,999,0,1.4,94.465,-41.8,4.865,5228.1,999.0,0,0.0,0.0,1.0,2,7,0.0,1,6,2,1
21421,31.0,1,999,0,1.4,93.918,-42.7,4.957,5228.1,999.0,0,1.0,1.0,0.0,2,2,0.0,8,7,1,1
21422,44.0,3,999,0,1.4,94.465,-41.8,4.865,5228.1,999.0,0,0.0,0.0,1.0,2,8,0.0,10,6,2,1
21423,68.0,1,999,1,-1.8,93.876,-40.0,0.692,5008.7,999.0,1,0.0,1.0,0.0,2,6,0.0,8,5,1,2
21424,36.0,1,999,0,1.4,93.444,-36.1,4.964,5228.1,999.0,0,1.0,0.0,0.0,1,7,0.0,5,8,1,1
21425,32.0,2,999,0,1.1,93.994,-36.4,4.857,5191.0,999.0,0,0.0,0.0,1.0,1,4,0.0,4,5,2,1
21426,34.0,1,999,0,-1.8,92.893,-46.2,1.327,5099.1,999.0,0,0.0,1.0,0.0,2,2,0.0,4,5,1,1
21427,53.0,1,999,0,-1.8,93.075,-47.1,1.415,5099.1,999.0,0,0.0,0.0,1.0,2,5,0.0,8,4,1,1
21428,49.0,2,999,1,-1.8,92.893,-46.2,1.299,5099.1,999.0,2,1.0,1.0,0.0,2,3,0.0,7,5,2,2
21429,32.0,1,999,0,-1.8,92.893,-46.2,1.334,5099.1,999.0,0,1.0,1.0,0.0,2,4,0.0,4,5,1,1
21430,37.0,2,999,0,1.1,93.994,-36.4,4.857,5191.0,999.0,0,1.0,0.0,1.0,1,7,0.0,7,5,2,1
21431,31.0,14,999,0,1.4,93.918,-42.7,4.957,5228.1,999.0,0,0.0,0.0,1.0,1,5,0.0,9,7,1,1
21432,39.0,8,999,0,-1.8,92.893,-46.2,1.327,5099.1,999.0,0,1.0,0.0,0.0,2,5,0.0,6,5,1,1
21433,48.0,2,999,0,-3.4,92.431,-26.9,0.74,5017.5,999.0,0,1.0,1.0,0.0,2,8,0.0,3,10,1,1
21434,31.0,1,999,0,1.1,93.994,-36.4,4.859,5191.0,999.0,0,1.0,1.0,1.0,2,7,0.0,3,5,1,1
21435,31.0,1,999,0,-0.1,93.2,-42.0,4.076,5195.8,999.0,0,0.0,0.0,0.0,1,7,0.0,6,11,1,1
21436,76.0,1,3,1,-1.7,94.055,-39.8,0.761,4991.6,0.1,3,1.0,0.0,0.0,2,8,0.0,8,6,1,3
21437,37.0,1,999,0,1.4,94.465,-41.8,4.866,5228.1,999.0,0,1.0,0.0,1.0,2,5,0.0,5,6,1,1
21438,56.0,4,999,0,1.4,93.444,-36.1,4.964,5228.1,999.0,0,1.0,0.0,0.0,2,7,0.0,6,8,1,1
21439,50.0,2,999,0,1.4,93.444,-36.1,4.965,5228.1,999.0,0,1.0,0.0,0.0,3,7,0.0,6,8,1,1
21440,31.0,2,999,1,-0.1,93.2,-42.0,4.076,5195.8,999.0,2,1.0,0.0,0.0,1,7,0.0,6,11,1,2
21441,31.0,1,3,1,-1.1,94.199,-37.5,0.882,4963.6,0.1,2,0.0,0.0,0.0,2,7,0.0,7,9,1,3
21442,34.0,3,999,0,1.1,93.994,-36.4,4.855,5191.0,999.0,0,0.0,0.0,1.0,1,8,0.0,6,5,1,1
21443,31.0,1,999,0,-1.7,94.215,-40.3,0.835,4991.6,999.0,0,1.0,0.0,0.0,2,2,0.0,8,7,1,1
21444,31.0,3,999,0,1.4,93.918,-42.7,4.962,5228.1,999.0,0,0.0,0.0,0.0,2,7,0.0,6,7,2,1
21445,31.0,3,999,0,1.4,93.444,-36.1,4.963,5228.1,999.0,0,1.0,0.0,0.0,1,6,0.0,5,8,1,1
21446,31.0,4,999,0,1.4,93.444,-36.1,4.967,5228.1,999.0,0,0.0,0.0,0.0,2,6,0.0,5,8,1,1
21447,36.0,1,999,0,-1.8,92.843,-50.0,1.538,5099.1,999.0,0,1.0,1.0,0.0,2,8,0.0,3,3,1,1
21448,26.0,2,999,0,-1.8,92.893,-46.2,1.299,5099.1,999.0,0,0.0,0.0,0.0,1,8,0.0,11,5,2,1
21449,31.0,2,6,1,-1.1,94.199,-37.5,0.879,4963.6,0.2,1,1.0,0.0,0.0,1,5,0.0,9,9,1,3
21450,38.0,3,999,0,1.4,93.918,-42.7,4.968,5228.1,999.0,0,1.0,0.0,0.0,2,8,0.0,6,7,1,1
21451,36.0,1,999,2,-3.4,92.649,-30.1,0.715,5017.5,999.0,2,1.0,0.0,0.0,2,8,0.0,4,11,1,2
21452,32.0,2,999,0,-1.8,92.893,-46.2,1.27,5099.1,999.0,0,1.0,0.0,1.0,2,5,0.0,9,5,1,1
21453,36.0,3,999,0,1.1,93.994,-36.4,4.855,5191.0,999.0,0,1.0,0.0,1.0,2,8,0.0,6,5,1,1
21454,29.0,3,999,0,1.1,93.994,-36.4,4.857,5191.0,999.0,0,1.0,0.0,1.0,2,5,0.0,6,5,1,1
21455,31.0,4,999,0,1.1,93.994,-36.4,4.857,5191.0,999.0,0,0.0,0.0,1.0,2,8,0.0,6,5,1,1
21456,31.0,1,999,0,1.1,93.994,-36.4,4.859,5191.0,999.0,0,0.0,0.0,1.0,3,5,0.0,9,5,1,1
21457,37.0,6,999,0,1.4,93.918,-42.7,4.963,5228.1,999.0,0,1.0,1.0,0.0,2,8,0.0,6,7,1,1
21458,31.0,4,999,0,-0.1,93.2,-42.0,4.076,5195.8,999.0,0,0.0,0.0,0.0,2,5,0.0,6,11,1,1
21459,34.0,1,5,1,-1.7,94.055,-39.8,0.704,4991.6,0.166666666667,4,1.0,0.0,0.0,2,5,0.0,6,6,1,3
21460,37.0,2,999,0,1.4,93.444,-36.1,4.964,5228.1,999.0,0,1.0,0.0,0.0,1,6,0.0,5,8,1,1
21461,52.0,4,999,0,1.4,94.465,-41.8,4.959,5228.1,999.0,0,0.0,0.0,1.0,2,4,0.0,4,6,1,1
21462,56.0,6,999,0,1.1,93.994,-36.4,4.857,5191.0,999.0,0,1.0,1.0,1.0,3,8,0.0,8,5,1,1
21463,57.0,2,999,0,-1.8,92.893,-46.2,1.299,5099.1,999.0,0,1.0,0.0,0.0,2,6,0.0,5,5,1,1
21464,40.0,1,999,0,1.4,93.918,-42.7,4.962,5228.1,999.0,0,0.0,1.0,1.0,2,8,0.0,6,7,1,1
21465,31.0,1,999,0,1.1,93.994,-36.4,4.856,5191.0,999.0,0,1.0,0.0,1.0,2,5,0.0,5,5,1,1
21466,31.0,9,999,1,-1.8,92.893,-46.2,1.25,5099.1,999.0,2,1.0,0.0,0.0,2,5,0.0,9,5,1,2
21467,31.0,1,999,0,-0.1,93.2,-42.0,4.153,5195.8,999.0,0,1.0,0.0,1.0,3,7,0.0,6,11,1,1
21468,30.0,1,999,0,1.4,94.465,-41.8,4.959,5228.1,999.0,0,0.0,0.0,1.0,1,8,0.0,1,6,1,1
21469,22.0,1,999,0,-1.1,94.601,-49.5,0.959,4963.6,999.0,0,1.0,0.0,0.0,1,6,0.0,1,10,1,1
21470,46.0,2,999,0,-1.8,93.075,-47.1,1.405,5099.1,999.0,0,1.0,1.0,0.0,2,8,0.0,7,4,1,1
21471,36.0,3,999,0,-1.1,94.199,-37.5,0.879,4963.6,999.0,0,1.0,1.0,0.0,3,7,0.0,6,9,1,1
21472,24.0,2,999,0,-1.8,92.893,-46.2,1.327,5099.1,999.0,0,0.0,0.0,1.0,1,7,0.0,11,5,1,1
21473,31.0,1,999,0,1.1,93.994,-36.4,4.856,5191.0,999.0,0,0.0,0.0,1.0,2,7,0.0,1,5,1,1
21474,33.0,1,999,0,1.1,93.994,-36.4,4.857,5191.0,999.0,0,1.0,0.0,1.0,2,4,0.0,5,5,2,1
21475,41.0,1,999,0,1.1,93.994,-36.4,4.857,5191.0,999.0,0,0.0,0.0,1.0,1,8,0.0,5,5,1,1
21476,51.0,3,999,0,-0.1,93.2,-42.0,4.021,5195.8,999.0,0,1.0,0.0,0.0,2,7,0.0,6,11,1,1
21477,53.0,2,999,0,-1.8,93.075,-47.1,1.405,5099.1,999.0,0,1.0,1.0,0.0,2,3,0.0,4,4,2,1
21478,52.0,2,999,0,-0.1,93.2,-42.0,4.191,5195.8,999.0,0,0.0,0.0,0.0,3,8,0.0,6,11,2,1
21479,34.0,3,999,0,-1.8,92.893,-46.2,1.27,5099.1,999.0,0,0.0,0.0,0.0,2,8,0.0,9,5,1,1
21480,56.0,2,999,0,1.4,94.465,-41.8,4.866,5228.1,999.0,0,1.0,1.0,1.0,2,2,0.0,4,6,1,1
21481,36.0,1,999,1,-0.1,93.2,-42.0,4.153,5195.8,999.0,1,0.0,0.0,0.0,2,3,0.0,4,11,1,2
21482,84.0,2,999,2,-1.8,93.749,-34.6,0.635,5008.7,999.0,6,0.0,0.0,0.0,3,2,0.0,8,4,1,2
21483,42.0,1,999,1,-1.8,93.075,-47.1,1.423,5099.1,999.0,2,1.0,0.0,0.0,2,7,0.0,1,4,1,2
21484,31.0,2,999,0,1.4,93.444,-36.1,4.97,5228.1,999.0,0,1.0,1.0,0.0,2,8,0.0,12,8,2,1
21485,57.0,1,999,0,1.4,93.918,-42.7,4.961,5228.1,999.0,0,0.0,0.0,0.0,2,7,0.0,3,7,1,1
21486,31.0,5,999,1,-1.8,92.893,-46.2,1.266,5099.1,999.0,1,1.0,0.0,0.0,1,8,0.0,4,5,1,2
21487,31.0,1,3,1,-3.4,92.379,-29.8,0.755,5017.5,0.1,1,0.0,0.0,0.0,3,7,0.0,1,9,1,3
21488,37.0,1,999,0,1.1,93.994,-36.4,4.857,5191.0,999.0,0,0.0,0.0,1.0,2,8,0.0,6,5,2,1
21489,45.0,3,999,0,-0.1,93.2,-42.0,4.021,5195.8,999.0,0,0.0,0.0,0.0,1,7,0.0,6,11,1,1
21490,31.0,4,999,1,-1.8,92.893,-46.2,1.266,5099.1,999.0,6,0.0,0.0,0.0,1,5,0.0,5,5,1,2
21491,40.0,1,999,0,1.4,94.465,-41.8,4.961,5228.1,999.0,0,1.0,0.0,1.0,3,8,0.0,3,6,1,1
21492,37.0,1,999,0,1.1,93.994,-36.4,4.857,5191.0,999.0,0,0.0,0.0,1.0,2,2,0.0,4,5,1,1
21493,42.0,1,999,0,-1.8,92.893,-46.2,1.291,5099.1,999.0,0,1.0,0.0,0.0,2,2,0.0,4,5,1,1
21494,56.0,2,999,0,-2.9,92.469,-33.6,1.059,5076.2,999.0,0,1.0,1.0,0.0,2,8,0.0,8,7,1,1
21495,37.0,3,999,0,1.4,93.918,-42.7,4.957,5228.1,999.0,0,0.0,0.0,0.0,2,6,0.0,5,7,1,1
21496,26.0,1,999,0,1.1,93.994,-36.4,4.86,5191.0,999.0,0,0.0,0.0,1.0,2,7,0.0,1,5,1,1
21497,34.0,1,999,0,1.4,93.918,-42.7,4.963,5228.1,999.0,0,0.0,0.0,0.0,2,6,0.0,5,7,1,1
21498,34.0,4,999,0,1.4,93.444,-36.1,4.963,5228.1,999.0,0,1.0,0.0,0.0,1,7,0.0,6,8,2,1
21499,31.0,2,999,0,1.1,93.994,-36.4,4.864,5191.0,999.0,0,0.0,0.0,1.0,2,5,0.0,9,5,1,1
21500,31.0,2,999,0,-1.8,92.893,-46.2,1.244,5099.1,999.0,0,1.0,1.0,0.0,1,5,0.0,5,5,2,1
21501,44.0,3,999,0,-2.9,92.963,-40.8,1.262,5076.2,999.0,0,1.0,0.0,0.0,2,7,0.0,3,6,1,1
21502,31.0,9,999,0,1.4,93.918,-42.7,4.957,5228.1,999.0,0,0.0,1.0,1.0,1,7,0.0,6,7,1,1
21503,31.0,8,999,1,-1.8,92.893,-46.2,1.291,5099.1,999.0,2,1.0,0.0,0.0,2,5,0.0,4,5,1,2
21504,46.0,1,999,0,1.1,93.994,-36.4,4.857,5191.0,999.0,0,0.0,0.0,1.0,2,4,0.0,4,5,1,1
21505,50.0,4,999,0,1.1,93.994,-36.4,4.86,5191.0,999.0,0,1.0,0.0,1.0,2,2,0.0,8,5,1,1
21506,33.0,3,999,0,1.1,93.994,-36.4,4.855,5191.0,999.0,0,1.0,0.0,1.0,2,5,0.0,6,5,1,1
21507,37.0,3,999,0,1.4,94.465,-41.8,4.961,5228.1,999.0,0,0.0,0.0,1.0,2,8,0.0,4,6,1,1
21508,43.0,3,999,1,-1.7,94.215,-40.3,0.797,4991.6,999.0,5,0.0,0.0,0.0,2,7,0.0,1,7,1,2
21509,31.0,2,999,1,-1.8,92.893,-46.2,1.299,5099.1,999.0,2,1.0,0.0,0.0,1,5,0.0,4,5,2,2
21510,31.0,1,999,0,1.4,93.444,-36.1,4.963,5228.1,999.0,0,1.0,0.0,1.0,3,8,0.0,10,8,2,1
21511,47.0,5,999,0,1.4,93.444,-36.1,4.964,5228.1,999.0,0,1.0,0.0,0.0,3,8,0.0,5,8,1,1
21512,31.0,1,999,0,-0.1,93.2,-42.0,4.021,5195.8,999.0,0,1.0,0.0,0.0,1,7,0.0,6,11,1,1
21513,31.0,1,999,0,-1.8,92.893,-46.2,1.313,5099.1,999.0,0,1.0,0.0,0.0,1,7,0.0,11,5,1,1
21514,51.0,1,999,0,1.1,93.994,-36.4,4.855,5191.0,999.0,0,0.0,1.0,1.0,2,4,0.0,4,5,1,1
21515,36.0,1,999,0,-1.8,93.075,-47.1,1.365,5099.1,999.0,0,0.0,0.0,0.0,2,4,0.0,4,4,1,1
21516,26.0,2,999,0,1.4,93.918,-42.7,4.963,5228.1,999.0,0,0.0,0.0,0.0,1,8,0.0,4,7,1,1
21517,31.0,1,999,0,1.4,93.444,-36.1,4.964,5228.1,999.0,0,0.0,0.0,0.0,2,5,0.0,6,8,1,1
21518,25.0,2,999,0,-3.4,92.431,-26.9,0.739,5017.5,999.0,0,1.0,1.0,0.0,1,7,0.0,6,10,1,1
21519,29.0,2,999,0,1.4,94.465,-41.8,4.959,5228.1,999.0,0,1.0,1.0,1.0,1,7,0.0,5,6,1,1
21520,34.0,1,999,1,-1.8,93.075,-47.1,1.483,5099.1,999.0,1,0.0,0.0,0.0,1,6,0.0,5,4,1,2
21521,33.0,1,999,0,-0.1,93.2,-42.0,4.12,5195.8,999.0,0,0.0,0.0,0.0,2,8,0.0,7,11,1,1
21522,34.0,3,999,1,-1.8,92.893,-46.2,1.334,5099.1,999.0,0,1.0,0.0,0.0,2,8,0.0,4,5,1,2
21523,33.0,3,999,0,1.4,93.444,-36.1,4.963,5228.1,999.0,0,0.0,0.0,0.0,1,6,0.0,5,8,2,1
21524,41.0,2,999,0,1.1,93.994,-36.4,4.855,5191.0,999.0,0,1.0,0.0,1.0,2,6,0.0,4,5,1,1
21525,58.0,2,999,0,1.4,93.444,-36.1,4.97,5228.1,999.0,0,1.0,0.0,0.0,2,8,0.0,8,8,2,1
21526,31.0,2,999,0,-1.8,92.893,-46.2,1.244,5099.1,999.0,0,0.0,0.0,0.0,2,8,0.0,9,5,2,1
21527,31.0,2,999,0,-1.8,93.075,-47.1,1.445,5099.1,999.0,0,1.0,0.0,0.0,1,8,0.0,3,4,1,1
21528,31.0,2,999,0,-1.8,92.893,-46.2,1.313,5099.1,999.0,0,1.0,0.0,0.0,1,5,0.0,9,5,1,1
21529,30.0,2,999,0,-1.8,92.843,-50.0,1.531,5099.1,999.0,0,1.0,1.0,0.0,1,7,0.0,4,3,1,1
21530,27.0,1,999,0,-1.8,92.893,-46.2,1.266,5099.1,999.0,0,1.0,0.0,0.0,2,7,0.0,9,5,1,1
21531,31.0,1,999,0,1.4,93.444,-36.1,4.966,5228.1,999.0,0,0.0,0.0,0.0,1,5,0.0,5,8,1,1
21532,31.0,1,999,0,1.1,93.994,-36.4,4.855,5191.0,999.0,0,1.0,0.0,1.0,1,4,0.0,4,5,1,1
21533,29.0,1,999,0,1.4,93.444,-36.1,4.964,5228.1,999.0,0,1.0,0.0,0.0,1,7,0.0,6,8,1,1
21534,50.0,1,999,0,-0.1,93.2,-42.0,4.153,5195.8,999.0,0,1.0,0.0,0.0,3,6,0.0,2,11,1,1
21535,31.0,2,999,0,1.4,93.444,-36.1,4.965,5228.1,999.0,0,1.0,0.0,0.0,2,4,0.0,4,8,1,1
21536,20.0,3,999,0,-1.8,93.749,-34.6,0.646,5008.7,999.0,0,1.0,0.0,0.0,1,8,0.0,11,4,1,1
21537,31.0,1,999,0,1.4,94.465,-41.8,4.958,5228.1,999.0,0,0.0,0.0,1.0,1,6,0.0,5,6,1,1
21538,27.0,2,999,0,-1.8,93.075,-47.1,1.365,5099.1,999.0,0,1.0,0.0,0.0,1,5,0.0,6,4,1,1
21539,40.0,1,999,0,1.4,94.465,-41.8,4.866,5228.1,999.0,0,0.0,0.0,1.0,1,8,0.0,6,6,1,1
21540,27.0,4,999,0,1.4,93.918,-42.7,4.962,5228.1,999.0,0,0.0,0.0,0.0,2,7,0.0,6,7,1,1
21541,25.0,2,999,0,1.1,93.994,-36.4,4.858,5191.0,999.0,0,1.0,1.0,1.0,2,5,0.0,9,5,2,1
21542,30.0,2,999,1,-1.8,92.893,-46.2,1.281,5099.1,999.0,1,0.0,0.0,0.0,1,5,0.0,6,5,1,2
21543,32.0,1,999,0,1.4,93.918,-42.7,4.96,5228.1,999.0,0,0.0,0.0,0.0,2,5,0.0,9,7,2,1
21544,31.0,1,999,1,-1.8,92.893,-46.2,1.299,5099.1,999.0,2,1.0,0.0,0.0,2,8,0.0,4,5,2,2
21545,50.0,1,999,0,1.4,93.444,-36.1,4.964,5228.1,999.0,0,1.0,0.0,0.0,2,4,0.0,1,8,1,1
21546,47.0,3,999,0,1.1,93.994,-36.4,4.857,5191.0,999.0,0,1.0,0.0,1.0,2,8,0.0,5,5,1,1
21547,37.0,1,999,0,-0.1,93.2,-42.0,4.12,5195.8,999.0,0,1.0,1.0,0.0,1,7,0.0,6,11,1,1
21548,38.0,3,999,0,1.4,93.918,-42.7,4.962,5228.1,999.0,0,1.0,0.0,0.0,2,7,0.0,6,7,2,1
21549,34.0,1,999,0,1.4,93.444,-36.1,4.964,5228.1,999.0,0,1.0,0.0,0.0,1,8,0.0,5,8,1,1
21550,35.0,3,999,0,1.1,93.994,-36.4,4.857,5191.0,999.0,0,1.0,0.0,1.0,2,7,0.0,6,5,2,1
21551,31.0,1,999,0,1.4,93.444,-36.1,4.962,5228.1,999.0,0,0.0,0.0,0.0,1,8,0.0,5,8,1,1
21552,41.0,1,999,0,1.1,93.994,-36.4,4.855,5191.0,999.0,0,0.0,1.0,1.0,2,2,0.0,6,5,1,1
21553,28.0,1,999,0,1.4,93.918,-42.7,4.957,5228.1,999.0,0,1.0,0.0,0.0,1,8,0.0,4,7,1,1
21554,42.0,5,999,0,-1.8,93.075,-47.1,1.405,5099.1,999.0,0,1.0,1.0,0.0,2,5,0.0,9,4,2,1
21555,36.0,2,999,0,-0.1,93.2,-42.0,4.12,5195.8,999.0,0,0.0,0.0,0.0,1,7,0.0,6,11,1,1
21556,42.0,1,999,0,1.4,93.918,-42.7,4.966,5228.1,999.0,0,0.0,0.0,1.0,2,8,0.0,4,7,1,1
21557,55.0,1,999,0,-1.8,92.893,-46.2,1.266,5099.1,999.0,0,1.0,0.0,0.0,2,8,0.0,8,5,1,1
21558,31.0,1,999,0,1.4,93.444,-36.1,4.965,5228.1,999.0,0,1.0,0.0,0.0,2,8,0.0,4,8,1,1
21559,31.0,5,999,0,1.1,93.994,-36.4,4.855,5191.0,999.0,0,0.0,0.0,1.0,3,6,0.0,4,5,1,1
21560,47.0,2,999,0,1.1,93.994,-36.4,4.86,5191.0,999.0,0,0.0,1.0,1.0,2,6,0.0,4,5,1,1
21561,31.0,4,999,0,1.4,94.465,-41.8,4.967,5228.1,999.0,0,0.0,1.0,1.0,1,6,0.0,7,6,1,1
21562,29.0,1,999,0,1.4,94.465,-41.8,4.961,5228.1,999.0,0,0.0,0.0,1.0,1,8,0.0,4,6,2,1
21563,58.0,2,999,0,1.4,93.444,-36.1,4.965,5228.1,999.0,0,1.0,1.0,0.0,2,6,0.0,5,8,2,1
21564,31.0,6,999,0,1.4,93.918,-42.7,4.963,5228.1,999.0,0,1.0,1.0,0.0,1,8,0.0,5,7,1,1
21565,31.0,1,999,0,1.4,93.918,-42.7,4.961,5228.1,999.0,0,1.0,0.0,0.0,1,8,0.0,9,7,1,1
21566,30.0,2,999,0,1.4,93.444,-36.1,4.964,5228.1,999.0,0,1.0,0.0,0.0,1,6,0.0,5,8,1,1
21567,31.0,1,999,0,1.4,93.444,-36.1,4.963,5228.1,999.0,0,1.0,1.0,0.0,1,7,0.0,6,8,2,1
21568,37.0,1,999,0,-1.8,92.893,-46.2,1.266,5099.1,999.0,0,0.0,0.0,0.0,2,2,0.0,4,5,1,1
21569,39.0,2,999,0,1.4,93.918,-42.7,4.963,5228.1,999.0,0,0.0,0.0,1.0,1,2,0.0,2,7,1,1
21570,53.0,3,999,0,-2.9,92.963,-40.8,1.262,5076.2,999.0,0,1.0,0.0,0.0,2,8,0.0,9,6,1,1
21571,31.0,2,999,0,1.4,93.918,-42.7,4.963,5228.1,999.0,0,0.0,0.0,0.0,2,8,0.0,9,7,1,1
21572,56.0,5,999,0,-1.8,93.075,-47.1,1.453,5099.1,999.0,0,0.0,0.0,0.0,2,7,0.0,3,4,1,1
21573,29.0,1,3,1,-3.4,92.649,-30.1,0.714,5017.5,0.1,1,1.0,0.0,0.0,2,7,0.0,5,11,1,3
21574,36.0,1,999,0,1.4,93.444,-36.1,4.963,5228.1,999.0,0,1.0,1.0,0.0,1,5,0.0,5,8,1,1
21575,34.0,2,999,0,-1.8,92.893,-46.2,1.334,5099.1,999.0,0,1.0,0.0,1.0,2,5,0.0,9,5,1,1
21576,31.0,1,999,0,-0.1,93.2,-42.0,4.191,5195.8,999.0,0,1.0,0.0,0.0,2,8,0.0,9,11,1,1
21577,31.0,4,999,0,1.4,93.444,-36.1,4.964,5228.1,999.0,0,0.0,0.0,0.0,2,2,0.0,4,8,1,1
21578,31.0,3,999,0,-0.1,93.2,-42.0,4.153,5195.8,999.0,0,1.0,1.0,0.0,2,5,0.0,3,11,1,1
21579,30.0,1,999,0,1.4,93.918,-42.7,4.963,5228.1,999.0,0,1.0,0.0,0.0,1,8,0.0,4,7,1,1
21580,28.0,2,999,1,-2.9,92.201,-31.4,0.861,5076.2,999.0,1,1.0,0.0,0.0,1,8,0.0,6,8,1,2
21581,36.0,2,999,0,1.1,93.994,-36.4,4.857,5191.0,999.0,0,1.0,0.0,1.0,2,7,0.0,6,5,2,1
21582,41.0,1,999,0,1.1,93.994,-36.4,4.857,5191.0,999.0,0,0.0,0.0,1.0,2,3,0.0,3,5,2,1
21583,31.0,18,999,0,1.1,93.994,-36.4,4.857,5191.0,999.0,0,1.0,0.0,1.0,3,8,0.0,6,5,1,1
21584,31.0,2,999,0,1.4,93.444,-36.1,4.963,5228.1,999.0,0,1.0,1.0,0.0,1,7,0.0,6,8,1,1
21585,31.0,2,999,0,1.4,93.918,-42.7,4.963,5228.1,999.0,0,0.0,1.0,0.0,2,7,0.0,3,7,1,1
21586,64.0,1,999,0,-1.8,93.075,-47.1,1.445,5099.1,999.0,0,1.0,0.0,0.0,2,6,0.0,5,4,1,1
21587,58.0,1,999,0,-3.4,92.379,-29.8,0.781,5017.5,999.0,0,0.0,0.0,1.0,2,2,0.0,8,9,1,1
21588,31.0,1,999,0,1.1,93.994,-36.4,4.855,5191.0,999.0,0,0.0,0.0,1.0,2,4,0.0,4,5,1,1
21589,31.0,1,999,0,1.4,93.918,-42.7,4.962,5228.1,999.0,0,1.0,0.0,0.0,1,6,0.0,9,7,1,1
21590,58.0,1,999,0,1.4,94.465,-41.8,4.967,5228.1,999.0,0,0.0,0.0,1.0,2,2,0.0,9,6,1,1
21591,34.0,3,999,0,1.4,93.444,-36.1,4.963,5228.1,999.0,0,1.0,1.0,0.0,2,7,0.0,6,8,1,1
21592,45.0,6,999,0,1.1,93.994,-36.4,4.86,5191.0,999.0,0,0.0,1.0,1.0,2,8,0.0,12,5,1,1
21593,39.0,1,999,0,1.4,93.918,-42.7,4.962,5228.1,999.0,0,1.0,0.0,0.0,1,5,0.0,6,7,1,1
21594,41.0,1,999,0,-0.1,93.2,-42.0,4.076,5195.8,999.0,0,1.0,0.0,0.0,3,7,0.0,6,11,1,1
21595,38.0,2,999,0,1.4,93.444,-36.1,4.966,5228.1,999.0,0,1.0,0.0,0.0,3,6,0.0,5,8,1,1
21596,51.0,3,10,3,-1.7,94.055,-39.8,0.754,4991.6,0.333333333333,6,1.0,0.0,0.0,2,7,0.0,6,6,2,3
21597,39.0,1,999,0,1.4,94.465,-41.8,4.864,5228.1,999.0,0,1.0,0.0,1.0,2,3,0.0,4,6,1,1
21598,56.0,3,999,0,1.4,93.918,-42.7,4.961,5228.1,999.0,0,0.0,0.0,0.0,2,2,0.0,8,7,1,1
21599,41.0,1,999,0,1.1,93.994,-36.4,4.856,5191.0,999.0,0,1.0,0.0,1.0,2,6,0.0,5,5,1,1
21600,28.0,1,999,0,-1.8,92.893,-46.2,1.291,5099.1,999.0,0,0.0,0.0,0.0,2,8,0.0,4,5,1,1
21601,44.0,4,999,0,1.4,94.465,-41.8,4.959,5228.1,999.0,0,1.0,1.0,1.0,3,5,0.0,6,6,1,1
21602,31.0,2,999,0,1.4,94.465,-41.8,4.961,5228.1,999.0,0,0.0,0.0,1.0,1,8,0.0,5,6,1,1
21603,47.0,3,999,0,-0.1,93.2,-42.0,4.153,5195.8,999.0,0,1.0,1.0,0.0,2,8,0.0,4,11,1,1
21604,31.0,2,999,0,-1.8,92.893,-46.2,1.259,5099.1,999.0,0,0.0,0.0,0.0,1,5,0.0,9,5,1,1
21605,35.0,7,999,0,1.4,93.444,-36.1,4.965,5228.1,999.0,0,0.0,1.0,0.0,3,7,0.0,3,8,2,1
21606,36.0,1,3,1,-2.9,92.963,-40.8,1.266,5076.2,0.1,0,0.0,0.0,0.0,2,7,0.0,6,6,1,3
21607,46.0,1,999,0,1.1,93.994,-36.4,4.857,5191.0,999.0,0,0.0,0.0,1.0,2,8,0.0,4,5,1,1
21608,34.0,2,999,0,1.4,93.444,-36.1,4.963,5228.1,999.0,0,0.0,0.0,0.0,2,7,0.0,2,8,1,1
21609,33.0,1,999,0,1.4,93.918,-42.7,4.963,5228.1,999.0,0,0.0,0.0,0.0,1,3,0.0,4,7,1,1
21610,55.0,7,999,0,1.1,93.994,-36.4,4.86,5191.0,999.0,0,0.0,0.0,1.0,3,7,0.0,5,5,1,1
21611,31.0,10,999,0,1.4,93.918,-42.7,4.963,5228.1,999.0,0,1.0,0.0,0.0,2,7,0.0,6,7,1,1
21612,58.0,1,999,0,1.4,93.918,-42.7,4.963,5228.1,999.0,0,0.0,0.0,0.0,2,4,0.0,5,7,1,1
21613,44.0,1,999,0,1.4,93.444,-36.1,4.964,5228.1,999.0,0,0.0,0.0,0.0,2,3,0.0,4,8,1,1
21614,58.0,2,999,0,1.1,93.994,-36.4,4.86,5191.0,999.0,0,0.0,0.0,1.0,2,7,0.0,3,5,1,1
21615,31.0,1,999,0,1.4,94.465,-41.8,4.959,5228.1,999.0,0,1.0,0.0,1.0,3,8,0.0,6,6,1,1
21616,31.0,21,999,0,1.4,94.465,-41.8,4.959,5228.1,999.0,0,0.0,0.0,1.0,2,7,0.0,6,6,1,1
21617,28.0,4,999,0,1.1,93.994,-36.4,4.857,5191.0,999.0,0,0.0,0.0,1.0,1,7,0.0,3,5,1,1
21618,32.0,1,999,0,1.4,93.444,-36.1,4.965,5228.1,999.0,0,1.0,0.0,0.0,1,8,0.0,6,8,2,1
21619,31.0,5,999,0,1.1,93.994,-36.4,4.857,5191.0,999.0,0,0.0,0.0,1.0,1,8,0.0,4,5,1,1
21620,26.0,7,999,0,1.4,93.918,-42.7,4.962,5228.1,999.0,0,0.0,0.0,1.0,1,7,0.0,6,7,2,1
21621,35.0,1,999,0,1.1,93.994,-36.4,4.856,5191.0,999.0,0,0.0,0.0,1.0,1,7,0.0,11,5,1,1
21622,31.0,9,999,0,1.4,93.918,-42.7,4.962,5228.1,999.0,0,0.0,1.0,0.0,2,7,0.0,6,7,1,1
21623,44.0,1,999,0,-1.8,92.893,-46.2,1.334,5099.1,999.0,0,1.0,0.0,0.0,2,8,0.0,4,5,1,1
21624,39.0,1,999,1,-0.1,93.2,-42.0,4.191,5195.8,999.0,0,1.0,0.0,0.0,2,7,0.0,10,11,2,2
21625,43.0,7,999,0,1.4,93.444,-36.1,4.968,5228.1,999.0,0,1.0,1.0,0.0,2,7,0.0,6,8,1,1
21626,88.0,3,999,0,-1.8,92.843,-50.0,1.663,5099.1,999.0,0,1.0,0.0,0.0,3,2,0.0,8,3,1,1
21627,32.0,5,999,1,-1.8,92.893,-46.2,1.25,5099.1,999.0,4,1.0,1.0,0.0,1,7,0.0,5,5,1,2
21628,39.0,1,999,0,1.4,93.444,-36.1,4.967,5228.1,999.0,0,1.0,0.0,0.0,1,7,0.0,5,8,1,1
21629,46.0,13,999,0,1.4,94.465,-41.8,4.959,5228.1,999.0,0,1.0,1.0,1.0,3,3,0.0,4,6,1,1
21630,33.0,4,999,0,1.4,93.444,-36.1,4.967,5228.1,999.0,0,1.0,1.0,0.0,2,5,0.0,5,8,1,1
21631,48.0,3,999,0,1.4,93.444,-36.1,4.963,5228.1,999.0,0,1.0,1.0,0.0,2,2,0.0,9,8,1,1
21632,31.0,6,999,0,1.1,93.994,-36.4,4.857,5191.0,999.0,0,1.0,0.0,1.0,2,7,0.0,6,5,1,1
21633,32.0,1,999,0,-1.8,92.893,-46.2,1.327,5099.1,999.0,0,0.0,0.0,0.0,2,5,0.0,6,5,1,1
21634,56.0,2,999,0,-1.8,92.893,-46.2,1.354,5099.1,999.0,0,1.0,1.0,0.0,2,4,0.0,6,5,2,1
21635,25.0,4,999,0,1.4,93.918,-42.7,4.957,5228.1,999.0,0,0.0,0.0,1.0,1,8,0.0,9,7,1,1
21636,60.0,1,999,0,1.4,93.918,-42.7,4.962,5228.1,999.0,0,0.0,0.0,1.0,2,2,0.0,4,7,1,1
21637,38.0,2,999,1,-1.8,92.893,-46.2,1.266,5099.1,999.0,2,0.0,0.0,0.0,2,3,0.0,4,5,1,2
21638,31.0,1,999,0,1.4,93.444,-36.1,4.963,5228.1,999.0,0,1.0,0.0,0.0,2,8,0.0,9,8,1,1
21639,30.0,2,999,0,1.1,93.994,-36.4,4.855,5191.0,999.0,0,0.0,0.0,1.0,2,6,0.0,5,5,1,1
21640,39.0,2,999,0,-0.1,93.2,-42.0,4.12,5195.8,999.0,0,1.0,1.0,0.0,1,7,0.0,6,11,1,1
21641,53.0,2,999,0,-0.1,93.2,-42.0,4.021,5195.8,999.0,0,0.0,0.0,0.0,2,2,0.0,4,11,1,1
21642,41.0,1,999,0,-3.0,92.713,-33.0,0.707,5023.5,999.0,0,1.0,0.0,0.0,2,7,0.0,6,12,1,1
21643,38.0,2,999,0,-1.8,92.893,-46.2,1.281,5099.1,999.0,0,0.0,0.0,0.0,2,4,0.0,1,5,1,1
21644,17.0,3,4,2,-2.9,92.201,-31.4,0.869,5076.2,0.133333333333,2,1.0,0.0,0.0,1,4,0.0,11,8,1,3
21645,32.0,2,999,0,-1.8,92.893,-46.2,1.344,5099.1,999.0,0,1.0,0.0,0.0,2,6,0.0,5,5,1,1
21646,38.0,1,999,1,-1.8,92.893,-46.2,1.313,5099.1,999.0,2,1.0,0.0,0.0,1,8,0.0,4,5,1,2
21647,31.0,2,999,0,-1.8,92.893,-46.2,1.244,5099.1,999.0,0,1.0,0.0,0.0,2,6,0.0,5,5,1,1
21648,52.0,1,999,0,-0.1,93.2,-42.0,4.021,5195.8,999.0,0,1.0,1.0,0.0,2,4,0.0,5,11,1,1
21649,40.0,2,999,0,-0.1,93.2,-42.0,4.191,5195.8,999.0,0,1.0,0.0,0.0,3,8,0.0,7,11,2,1
21650,31.0,4,999,0,1.1,93.994,-36.4,4.857,5191.0,999.0,0,0.0,0.0,1.0,1,5,0.0,9,5,2,1
21651,31.0,1,999,0,1.4,93.444,-36.1,4.965,5228.1,999.0,0,1.0,0.0,0.0,2,5,0.0,9,8,1,1
21652,24.0,1,3,1,-3.4,92.379,-29.8,0.77,5017.5,0.1,1,0.0,0.0,0.0,1,7,0.0,6,9,1,3
21653,41.0,1,999,0,1.1,93.994,-36.4,4.856,5191.0,999.0,0,1.0,0.0,1.0,1,7,0.0,7,5,1,1
21654,41.0,2,999,0,1.1,93.994,-36.4,4.857,5191.0,999.0,0,1.0,0.0,1.0,2,2,0.0,4,5,1,1
21655,31.0,4,999,0,1.4,93.918,-42.7,4.96,5228.1,999.0,0,1.0,0.0,0.0,2,8,0.0,4,7,2,1
21656,31.0,1,999,0,-3.4,92.431,-26.9,0.728,5017.5,999.0,0,1.0,0.0,0.0,1,3,0.0,11,10,1,1
21657,45.0,1,999,0,-0.1,93.2,-42.0,4.153,5195.8,999.0,0,1.0,0.0,0.0,2,2,0.0,1,11,1,1
21658,31.0,1,999,0,1.4,93.444,-36.1,4.967,5228.1,999.0,0,0.0,0.0,0.0,1,4,0.0,4,8,1,1
21659,28.0,2,999,0,1.1,93.994,-36.4,4.857,5191.0,999.0,0,0.0,0.0,1.0,2,7,0.0,3,5,1,1
21660,80.0,1,999,0,-2.9,92.201,-31.4,0.834,5076.2,999.0,0,1.0,0.0,0.0,2,8,0.0,8,8,1,1
21661,37.0,1,999,0,1.1,93.994,-36.4,4.86,5191.0,999.0,0,1.0,1.0,1.0,2,4,0.0,4,5,1,1
21662,70.0,1,999,0,-1.8,93.075,-47.1,1.405,5099.1,999.0,0,1.0,0.0,0.0,2,3,0.0,8,4,1,1
21663,27.0,2,999,0,1.4,93.918,-42.7,4.96,5228.1,999.0,0,0.0,0.0,0.0,1,6,0.0,1,7,2,1
21664,41.0,1,999,0,-1.8,92.893,-46.2,1.344,5099.1,999.0,0,1.0,0.0,0.0,2,8,0.0,4,5,1,1
21665,39.0,5,999,0,1.1,93.994,-36.4,4.856,5191.0,999.0,0,1.0,0.0,1.0,2,5,0.0,7,5,1,1
21666,31.0,1,999,0,-1.8,92.893,-46.2,1.281,5099.1,999.0,0,1.0,0.0,0.0,3,4,0.0,6,5,1,1
21667,24.0,3,999,0,-1.8,93.075,-47.1,1.479,5099.1,999.0,0,1.0,0.0,0.0,1,7,0.0,5,4,1,1
21668,31.0,1,999,0,1.1,93.994,-36.4,4.856,5191.0,999.0,0,0.0,0.0,1.0,3,6,0.0,5,5,1,1
21669,31.0,4,999,0,1.4,93.918,-42.7,4.962,5228.1,999.0,0,0.0,0.0,0.0,1,7,0.0,6,7,2,1
21670,48.0,3,999,0,1.4,93.444,-36.1,4.968,5228.1,999.0,0,0.0,0.0,0.0,2,5,0.0,5,8,1,1
21671,31.0,1,999,0,1.4,93.918,-42.7,4.955,5228.1,999.0,0,0.0,0.0,1.0,2,8,0.0,4,7,1,1
21672,53.0,3,999,0,1.4,93.444,-36.1,4.962,5228.1,999.0,0,1.0,0.0,1.0,2,7,0.0,1,8,1,1
21673,59.0,2,999,0,1.4,93.918,-42.7,4.963,5228.1,999.0,0,0.0,0.0,0.0,2,8,0.0,4,7,1,1
21674,37.0,1,999,0,1.4,93.444,-36.1,4.964,5228.1,999.0,0,1.0,1.0,0.0,2,7,0.0,1,8,1,1
21675,38.0,4,999,0,1.1,93.994,-36.4,4.859,5191.0,999.0,0,0.0,0.0,1.0,2,7,0.0,6,5,1,1
21676,46.0,9,999,0,1.4,93.918,-42.7,4.957,5228.1,999.0,0,0.0,0.0,0.0,1,8,0.0,6,7,1,1
21677,36.0,1,999,1,-0.1,93.2,-42.0,4.12,5195.8,999.0,2,1.0,0.0,0.0,1,8,0.0,6,11,1,2
21678,54.0,1,999,0,1.4,93.444,-36.1,4.963,5228.1,999.0,0,0.0,0.0,0.0,2,8,0.0,5,8,1,1
21679,31.0,2,999,0,-1.8,93.075,-47.1,1.445,5099.1,999.0,0,1.0,0.0,0.0,2,8,0.0,5,4,1,1
21680,40.0,3,999,0,1.4,93.444,-36.1,4.966,5228.1,999.0,0,0.0,0.0,0.0,2,7,0.0,3,8,1,1
21681,32.0,2,999,0,1.4,93.918,-42.7,4.962,5228.1,999.0,0,0.0,0.0,0.0,2,5,0.0,9,7,2,1
21682,49.0,1,999,0,1.4,93.918,-42.7,4.961,5228.1,999.0,0,1.0,0.0,0.0,3,2,0.0,2,7,1,1
21683,46.0,1,999,0,1.1,93.994,-36.4,4.857,5191.0,999.0,0,0.0,0.0,1.0,3,5,0.0,6,5,1,1
21684,31.0,1,999,0,1.4,93.918,-42.7,4.963,5228.1,999.0,0,0.0,0.0,0.0,2,8,0.0,4,7,1,1
21685,35.0,1,999,0,1.1,93.994,-36.4,4.857,5191.0,999.0,0,1.0,1.0,1.0,1,5,0.0,6,5,1,1
21686,36.0,1,999,2,-3.4,92.431,-26.9,0.739,5017.5,999.0,0,0.0,0.0,0.0,2,5,0.0,9,10,1,2
21687,57.0,1,999,0,-3.4,92.431,-26.9,0.737,5017.5,999.0,0,1.0,1.0,1.0,1,5,0.0,6,10,1,1
21688,31.0,1,999,0,-0.1,93.2,-42.0,4.076,5195.8,999.0,0,0.0,0.0,0.0,1,7,0.0,1,11,1,1
21689,28.0,1,999,0,1.4,93.918,-42.7,4.955,5228.1,999.0,0,1.0,0.0,1.0,2,5,0.0,6,7,1,1
21690,39.0,3,999,0,1.1,93.994,-36.4,4.857,5191.0,999.0,0,0.0,0.0,1.0,2,7,0.0,6,5,1,1
21691,31.0,1,999,0,-0.1,93.2,-42.0,4.153,5195.8,999.0,0,0.0,0.0,0.0,2,8,0.0,5,11,1,1
21692,48.0,3,999,0,-0.1,93.2,-42.0,4.153,5195.8,999.0,0,0.0,1.0,0.0,2,8,0.0,6,11,1,1
21693,31.0,1,999,0,-0.1,93.2,-42.0,4.021,5195.8,999.0,0,0.0,0.0,0.0,1,5,0.0,6,11,1,1
21694,57.0,2,999,0,-1.8,93.369,-34.8,0.635,5008.7,999.0,0,0.0,0.0,0.0,2,8,0.0,3,3,2,1
21695,56.0,5,999,0,1.4,93.918,-42.7,4.963,5228.1,999.0,0,0.0,0.0,0.0,2,4,0.0,4,7,1,1
21696,33.0,8,999,0,-1.8,92.893,-46.2,1.327,5099.1,999.0,0,0.0,1.0,0.0,3,7,0.0,6,5,1,1
21697,36.0,1,999,0,1.1,93.994,-36.4,4.855,5191.0,999.0,0,0.0,0.0,1.0,2,7,0.0,1,5,1,1
21698,47.0,7,999,0,1.4,93.444,-36.1,4.964,5228.1,999.0,0,1.0,0.0,0.0,2,8,0.0,5,8,1,1
21699,46.0,1,999,0,1.1,93.994,-36.4,4.86,5191.0,999.0,0,1.0,0.0,1.0,2,2,0.0,2,5,1,1
21700,31.0,1,999,0,1.1,93.994,-36.4,4.857,5191.0,999.0,0,0.0,0.0,1.0,2,8,0.0,7,5,1,1
21701,42.0,3,999,0,1.1,93.994,-36.4,4.857,5191.0,999.0,0,1.0,0.0,1.0,2,7,0.0,6,5,1,1
21702,56.0,2,999,0,-0.1,93.2,-42.0,4.153,5195.8,999.0,0,1.0,1.0,0.0,2,8,0.0,6,11,1,1
21703,35.0,9,999,0,1.4,94.465,-41.8,4.959,5228.1,999.0,0,1.0,1.0,1.0,2,5,0.0,6,6,1,1
21704,49.0,2,999,0,1.4,93.918,-42.7,4.962,5228.1,999.0,0,0.0,1.0,0.0,2,7,0.0,3,7,1,1
21705,26.0,4,999,0,-1.8,92.843,-50.0,1.811,5099.1,999.0,0,0.0,1.0,0.0,1,8,0.0,11,3,2,1
21706,45.0,1,999,1,-1.8,93.876,-40.0,0.692,5008.7,999.0,3,1.0,0.0,0.0,2,7,0.0,12,5,1,2
21707,46.0,1,999,0,1.4,93.918,-42.7,4.963,5228.1,999.0,0,0.0,0.0,0.0,2,5,0.0,3,7,1,1
21708,35.0,2,999,0,-1.8,92.893,-46.2,1.327,5099.1,999.0,0,0.0,0.0,0.0,2,8,0.0,4,5,1,1
21709,31.0,1,999,0,1.4,93.918,-42.7,4.968,5228.1,999.0,0,0.0,0.0,0.0,2,6,0.0,5,7,1,1
21710,36.0,5,999,0,1.4,93.918,-42.7,4.968,5228.1,999.0,0,0.0,0.0,0.0,2,8,0.0,6,7,1,1
21711,33.0,1,999,0,1.1,93.994,-36.4,4.864,5191.0,999.0,0,1.0,0.0,1.0,4,8,0.0,5,5,1,1
21712,27.0,1,999,0,1.4,93.918,-42.7,4.957,5228.1,999.0,0,0.0,0.0,0.0,2,7,0.0,6,7,1,1
21713,48.0,1,999,0,1.1,93.994,-36.4,4.856,5191.0,999.0,0,1.0,0.0,1.0,2,5,0.0,9,5,1,1
21714,45.0,1,999,0,1.4,93.444,-36.1,4.968,5228.1,999.0,0,1.0,0.0,0.0,2,8,0.0,4,8,1,1
21715,34.0,1,999,1,-0.1,93.2,-42.0,4.153,5195.8,999.0,0,0.0,0.0,0.0,2,8,0.0,4,11,1,2
21716,29.0,1,999,0,-1.8,93.075,-47.1,1.405,5099.1,999.0,0,0.0,0.0,0.0,1,8,0.0,6,4,1,1
21717,32.0,7,999,0,-1.8,92.893,-46.2,1.266,5099.1,999.0,0,1.0,0.0,1.0,1,7,0.0,5,5,1,1
21718,29.0,1,999,1,-1.8,92.893,-46.2,1.291,5099.1,999.0,1,0.0,0.0,0.0,2,3,0.0,4,5,1,2
21719,31.0,1,999,0,1.1,93.994,-36.4,4.857,5191.0,999.0,0,1.0,0.0,1.0,2,8,0.0,7,5,2,1
21720,30.0,4,999,0,1.4,93.444,-36.1,4.963,5228.1,999.0,0,1.0,0.0,0.0,2,8,0.0,5,8,2,1
21721,35.0,3,999,0,1.1,93.994,-36.4,4.857,5191.0,999.0,0,1.0,1.0,1.0,3,2,0.0,4,5,1,1
21722,48.0,8,999,0,1.4,94.465,-41.8,4.864,5228.1,999.0,0,0.0,0.0,1.0,2,2,0.0,8,6,1,1
21723,25.0,4,999,1,-2.9,92.963,-40.8,1.252,5076.2,999.0,1,1.0,0.0,0.0,2,8,0.0,5,6,1,2
21724,35.0,1,999,1,-0.1,93.2,-42.0,4.076,5195.8,999.0,5,0.0,0.0,0.0,1,3,0.0,4,11,1,2
21725,36.0,4,999,0,1.1,93.994,-36.4,4.857,5191.0,999.0,0,1.0,0.0,1.0,1,6,0.0,1,5,2,1
21726,46.0,2,999,0,1.4,93.918,-42.7,4.962,5228.1,999.0,0,0.0,0.0,0.0,3,8,0.0,5,7,1,1
21727,51.0,2,999,0,1.4,94.465,-41.8,4.961,5228.1,999.0,0,0.0,0.0,1.0,2,8,0.0,9,6,1,1
21728,40.0,2,999,0,1.4,94.465,-41.8,4.967,5228.1,999.0,0,0.0,0.0,1.0,2,6,0.0,4,6,1,1
21729,84.0,1,3,2,-1.1,94.199,-37.5,0.877,4963.6,0.1,4,0.0,0.0,0.0,3,8,0.0,8,9,1,3
21730,39.0,1,999,0,1.1,93.994,-36.4,4.855,5191.0,999.0,0,1.0,0.0,1.0,2,5,0.0,10,5,1,1
21731,31.0,1,999,0,1.4,93.444,-36.1,4.963,5228.1,999.0,0,0.0,0.0,0.0,1,7,0.0,6,8,1,1
21732,35.0,4,999,0,-0.1,93.2,-42.0,4.12,5195.8,999.0,0,0.0,0.0,0.0,3,8,0.0,7,11,1,1
21733,44.0,1,999,0,-1.8,93.075,-47.1,1.423,5099.1,999.0,0,0.0,0.0,0.0,2,3,0.0,4,4,1,1
21734,40.0,2,999,0,1.1,93.994,-36.4,4.857,5191.0,999.0,0,1.0,0.0,1.0,2,4,0.0,4,5,1,1
21735,47.0,1,999,0,1.4,94.465,-41.8,4.959,5228.1,999.0,0,1.0,0.0,1.0,2,8,0.0,12,6,1,1
21736,47.0,5,999,0,1.1,93.994,-36.4,4.857,5191.0,999.0,0,1.0,0.0,1.0,3,5,0.0,9,5,2,1
21737,44.0,3,999,0,1.4,93.444,-36.1,4.968,5228.1,999.0,0,0.0,0.0,0.0,2,8,0.0,1,8,1,1
21738,57.0,2,999,0,1.4,93.918,-42.7,4.963,5228.1,999.0,0,0.0,0.0,0.0,2,8,0.0,3,7,1,1
21739,31.0,1,999,0,1.1,93.994,-36.4,4.858,5191.0,999.0,0,1.0,1.0,1.0,1,2,0.0,4,5,1,1
21740,30.0,4,999,0,1.4,94.465,-41.8,4.866,5228.1,999.0,0,0.0,0.0,1.0,1,4,0.0,4,6,1,1
21741,58.0,1,999,0,-3.4,92.431,-26.9,0.74,5017.5,999.0,0,1.0,0.0,0.0,2,2,0.0,5,10,1,1
21742,59.0,1,999,0,-0.1,93.2,-42.0,4.12,5195.8,999.0,0,0.0,0.0,0.0,1,8,0.0,2,11,1,1
21743,31.0,2,999,0,1.4,94.465,-41.8,4.959,5228.1,999.0,0,0.0,0.0,1.0,3,5,0.0,6,6,1,1
21744,56.0,2,999,0,1.4,93.918,-42.7,4.962,5228.1,999.0,0,0.0,0.0,0.0,2,3,0.0,3,7,2,1
21745,59.0,2,999,1,-1.8,92.893,-46.2,1.327,5099.1,999.0,1,0.0,0.0,0.0,2,2,0.0,4,5,1,2
21746,51.0,1,999,0,-3.4,92.379,-29.8,0.803,5017.5,999.0,0,0.0,1.0,0.0,2,6,0.0,5,9,1,1
21747,49.0,1,999,0,1.1,93.994,-36.4,4.857,5191.0,999.0,0,0.0,0.0,1.0,3,7,0.0,6,5,1,1
21748,32.0,1,999,0,1.4,93.918,-42.7,4.962,5228.1,999.0,0,0.0,0.0,0.0,1,7,0.0,1,7,1,1
21749,45.0,1,999,0,-0.1,93.2,-42.0,4.076,5195.8,999.0,0,0.0,0.0,0.0,2,6,0.0,3,11,1,1
21750,34.0,3,999,0,-1.8,92.893,-46.2,1.334,5099.1,999.0,0,1.0,0.0,0.0,2,6,0.0,5,5,1,1
21751,31.0,1,999,1,-0.1,93.2,-42.0,4.076,5195.8,999.0,1,0.0,0.0,0.0,1,8,0.0,3,11,1,2
21752,51.0,2,999,0,1.1,93.994,-36.4,4.857,5191.0,999.0,0,1.0,1.0,1.0,2,6,0.0,8,5,1,1
21753,37.0,1,999,0,1.4,93.918,-42.7,4.96,5228.1,999.0,0,0.0,0.0,0.0,1,8,0.0,5,7,2,1
21754,31.0,2,999,1,-1.8,92.893,-46.2,1.281,5099.1,999.0,1,1.0,0.0,0.0,2,7,0.0,3,5,1,2
21755,56.0,1,999,0,1.4,93.918,-42.7,4.963,5228.1,999.0,0,0.0,0.0,0.0,2,8,0.0,8,7,1,1
21756,42.0,15,999,0,1.1,93.994,-36.4,4.859,5191.0,999.0,0,1.0,0.0,1.0,1,8,0.0,6,5,1,1
21757,48.0,1,999,0,-0.1,93.2,-42.0,4.021,5195.8,999.0,0,1.0,1.0,0.0,2,6,0.0,5,11,1,1
21758,52.0,3,999,0,1.4,94.465,-41.8,4.961,5228.1,999.0,0,1.0,0.0,1.0,3,8,0.0,3,6,2,1
21759,31.0,1,999,0,-1.1,94.767,-50.8,1.05,4963.6,999.0,0,1.0,0.0,0.0,2,7,0.0,3,11,2,1
21760,56.0,1,999,0,1.1,93.994,-36.4,4.858,5191.0,999.0,0,0.0,0.0,1.0,2,2,0.0,1,5,1,1
21761,31.0,1,999,0,1.1,93.994,-36.4,4.859,5191.0,999.0,0,1.0,0.0,1.0,3,8,0.0,2,5,1,1
21762,33.0,2,999,0,-1.8,93.075,-47.1,1.405,5099.1,999.0,0,0.0,1.0,0.0,2,4,0.0,3,4,1,1
21763,41.0,3,999,0,1.1,93.994,-36.4,4.86,5191.0,999.0,0,1.0,0.0,1.0,2,3,0.0,4,5,1,1
21764,57.0,2,999,0,1.4,93.918,-42.7,4.961,5228.1,999.0,0,1.0,0.0,0.0,2,8,0.0,1,7,1,1
21765,31.0,24,999,0,1.4,93.918,-42.7,4.968,5228.1,999.0,0,1.0,0.0,0.0,2,5,0.0,8,7,1,1
21766,31.0,1,999,0,1.1,93.994,-36.4,4.856,5191.0,999.0,0,1.0,0.0,1.0,2,5,0.0,6,5,1,1
21767,31.0,1,999,0,-1.8,92.843,-50.0,1.538,5099.1,999.0,0,1.0,0.0,0.0,1,4,0.0,11,3,1,1
21768,31.0,1,999,0,1.4,94.465,-41.8,4.865,5228.1,999.0,0,0.0,0.0,1.0,1,5,0.0,6,6,2,1
21769,31.0,1,999,0,-1.1,94.199,-37.5,0.881,4963.6,999.0,0,1.0,0.0,0.0,3,2,0.0,8,9,1,1
21770,31.0,2,999,0,-1.8,92.893,-46.2,1.313,5099.1,999.0,0,0.0,0.0,0.0,2,5,0.0,6,5,1,1
21771,48.0,5,999,1,-1.8,92.893,-46.2,1.291,5099.1,999.0,4,0.0,0.0,1.0,3,7,0.0,6,5,1,2
21772,31.0,2,999,1,-1.8,92.893,-46.2,1.291,5099.1,999.0,2,0.0,0.0,0.0,2,3,0.0,9,5,1,2
21773,31.0,3,999,0,-0.1,93.2,-42.0,4.153,5195.8,999.0,0,1.0,0.0,0.0,2,5,0.0,6,11,1,1
21774,23.0,3,999,0,1.4,93.918,-42.7,4.963,5228.1,999.0,0,0.0,1.0,0.0,1,8,0.0,6,7,1,1
21775,31.0,1,999,0,-1.8,92.893,-46.2,1.313,5099.1,999.0,0,1.0,1.0,0.0,1,7,0.0,6,5,1,1
21776,33.0,1,999,0,-1.8,92.893,-46.2,1.313,5099.1,999.0,0,1.0,0.0,0.0,2,8,0.0,4,5,1,1
21777,56.0,1,999,0,1.4,93.918,-42.7,4.963,5228.1,999.0,0,1.0,0.0,0.0,2,8,0.0,4,7,1,1
21778,37.0,7,999,0,1.4,94.465,-41.8,4.961,5228.1,999.0,0,0.0,0.0,1.0,1,7,0.0,4,6,1,1
21779,56.0,15,999,0,-2.9,92.963,-40.8,1.235,5076.2,999.0,0,1.0,0.0,1.0,2,7,0.0,1,6,1,1
21780,60.0,2,999,0,-1.7,94.027,-38.3,0.899,4991.6,999.0,0,1.0,0.0,0.0,2,2,0.0,4,8,1,1
21781,31.0,1,999,0,1.4,93.444,-36.1,4.965,5228.1,999.0,0,1.0,0.0,0.0,2,7,0.0,6,8,2,1
21782,60.0,4,999,0,-2.9,92.201,-31.4,0.879,5076.2,999.0,0,0.0,0.0,0.0,2,8,0.0,3,8,1,1
21783,43.0,3,999,0,1.1,93.994,-36.4,4.857,5191.0,999.0,0,0.0,0.0,1.0,3,8,0.0,6,5,1,1
21784,31.0,6,999,0,1.4,93.918,-42.7,4.957,5228.1,999.0,0,0.0,0.0,0.0,2,4,0.0,1,7,1,1
21785,42.0,1,3,2,-1.1,94.199,-37.5,0.886,4963.6,0.1,2,1.0,0.0,0.0,2,8,0.0,3,9,1,3
21786,50.0,17,999,0,1.4,93.918,-42.7,4.962,5228.1,999.0,0,0.0,0.0,1.0,2,7,0.0,6,7,2,1
21787,59.0,1,999,0,-1.8,92.893,-46.2,1.291,5099.1,999.0,0,1.0,0.0,0.0,3,3,0.0,9,5,1,1
21788,31.0,1,999,0,1.1,93.994,-36.4,4.855,5191.0,999.0,0,0.0,0.0,1.0,2,8,0.0,6,5,1,1
21789,25.0,7,999,0,-1.8,92.893,-46.2,1.244,5099.1,999.0,0,1.0,0.0,1.0,1,5,0.0,11,5,2,1
21790,56.0,4,999,1,-0.1,93.2,-42.0,4.021,5195.8,999.0,0,1.0,0.0,0.0,2,8,0.0,9,11,1,2
21791,27.0,1,999,0,1.4,94.465,-41.8,4.959,5228.1,999.0,0,0.0,0.0,1.0,2,4,0.0,6,6,1,1
21792,28.0,3,999,0,1.4,93.918,-42.7,4.96,5228.1,999.0,0,1.0,0.0,0.0,2,8,0.0,4,7,2,1
21793,22.0,2,4,2,-2.9,92.201,-31.4,0.873,5076.2,0.133333333333,6,1.0,0.0,0.0,1,3,0.0,11,8,1,3
21794,29.0,3,999,0,-0.1,93.2,-42.0,4.076,5195.8,999.0,0,1.0,0.0,0.0,1,8,0.0,6,11,1,1
21795,51.0,1,999,0,1.1,93.994,-36.4,4.857,5191.0,999.0,0,0.0,0.0,1.0,2,3,0.0,5,5,1,1
21796,30.0,11,999,0,1.4,93.918,-42.7,4.958,5228.1,999.0,0,1.0,0.0,0.0,2,4,0.0,4,7,1,1
21797,41.0,5,999,0,-1.8,92.893,-46.2,1.244,5099.1,999.0,0,1.0,0.0,1.0,2,8,0.0,10,5,2,1
21798,33.0,5,999,0,1.4,94.465,-41.8,4.961,5228.1,999.0,0,1.0,0.0,1.0,1,5,0.0,9,6,1,1
21799,36.0,2,999,0,1.1,93.994,-36.4,4.86,5191.0,999.0,0,0.0,0.0,1.0,1,2,0.0,4,5,1,1
21800,32.0,1,999,1,-1.8,92.893,-46.2,1.25,5099.1,999.0,4,1.0,0.0,0.0,1,7,0.0,6,5,1,2
21801,31.0,2,999,0,1.1,93.994,-36.4,4.857,5191.0,999.0,0,0.0,0.0,1.0,2,5,0.0,9,5,1,1
21802,48.0,2,999,0,1.1,93.994,-36.4,4.859,5191.0,999.0,0,1.0,0.0,1.0,3,4,0.0,6,5,1,1
21803,29.0,1,999,0,1.1,93.994,-36.4,4.857,5191.0,999.0,0,1.0,0.0,1.0,2,5,0.0,9,5,1,1
21804,49.0,1,999,0,1.1,93.994,-36.4,4.856,5191.0,999.0,0,1.0,0.0,1.0,2,8,0.0,4,5,1,1
21805,35.0,1,999,0,1.1,93.994,-36.4,4.857,5191.0,999.0,0,1.0,0.0,1.0,3,5,0.0,9,5,2,1
21806,28.0,5,999,0,-2.9,92.201,-31.4,0.873,5076.2,999.0,0,0.0,0.0,0.0,1,8,0.0,6,8,1,1
21807,40.0,1,999,0,1.1,93.994,-36.4,4.855,5191.0,999.0,0,0.0,0.0,1.0,2,5,0.0,9,5,1,1
21808,31.0,1,999,0,1.4,93.444,-36.1,4.963,5228.1,999.0,0,0.0,0.0,0.0,2,8,0.0,5,8,1,1
21809,40.0,1,999,0,1.4,93.444,-36.1,4.963,5228.1,999.0,0,1.0,0.0,0.0,2,8,0.0,6,8,1,1
21810,31.0,2,999,0,1.4,94.465,-41.8,4.864,5228.1,999.0,0,1.0,1.0,1.0,2,6,0.0,5,6,1,1
21811,34.0,14,999,0,1.4,93.444,-36.1,4.962,5228.1,999.0,0,1.0,0.0,0.0,3,8,0.0,6,8,1,1
21812,31.0,3,999,0,1.4,93.918,-42.7,4.962,5228.1,999.0,0,0.0,0.0,0.0,3,5,0.0,5,7,1,1
21813,31.0,1,999,1,-1.8,92.893,-46.2,1.327,5099.1,999.0,1,1.0,1.0,0.0,2,8,0.0,4,5,1,2
21814,31.0,2,999,0,-0.1,93.2,-42.0,4.191,5195.8,999.0,0,0.0,0.0,0.0,2,7,0.0,3,11,2,1
21815,28.0,1,999,1,-1.8,92.893,-46.2,1.299,5099.1,999.0,1,1.0,0.0,0.0,1,8,0.0,5,5,2,2
21816,33.0,2,999,0,-1.8,93.876,-40.0,0.684,5008.7,999.0,0,1.0,1.0,0.0,2,6,0.0,5,5,1,1
21817,36.0,5,999,0,1.1,93.994,-36.4,4.857,5191.0,999.0,0,1.0,0.0,1.0,2,5,0.0,5,5,2,1
21818,31.0,12,999,0,1.1,93.994,-36.4,4.858,5191.0,999.0,0,0.0,1.0,1.0,2,5,0.0,10,5,1,1
21819,33.0,1,999,0,-0.1,93.2,-42.0,4.12,5195.8,999.0,0,1.0,1.0,0.0,2,7,0.0,1,11,1,1
21820,33.0,2,999,0,1.1,93.994,-36.4,4.856,5191.0,999.0,0,1.0,0.0,1.0,1,8,0.0,3,5,1,1
21821,45.0,1,999,0,1.4,93.918,-42.7,4.963,5228.1,999.0,0,1.0,0.0,0.0,1,6,0.0,6,7,1,1
21822,48.0,2,999,0,1.4,93.444,-36.1,4.966,5228.1,999.0,0,1.0,0.0,0.0,2,4,0.0,6,8,1,1
21823,31.0,1,999,0,1.4,94.465,-41.8,4.961,5228.1,999.0,0,0.0,0.0,1.0,3,5,0.0,6,6,1,1
21824,32.0,3,999,0,-1.8,92.893,-46.2,1.25,5099.1,999.0,0,1.0,0.0,0.0,1,8,0.0,5,5,1,1
21825,31.0,5,999,0,1.1,93.994,-36.4,4.857,5191.0,999.0,0,1.0,0.0,1.0,2,3,0.0,7,5,1,1
21826,51.0,1,999,0,1.1,93.994,-36.4,4.858,5191.0,999.0,0,0.0,0.0,1.0,2,4,0.0,4,5,2,1
21827,31.0,1,999,0,-1.8,93.075,-47.1,1.365,5099.1,999.0,0,1.0,0.0,0.0,2,8,0.0,3,4,1,1
21828,42.0,3,999,0,-1.8,92.893,-46.2,1.327,5099.1,999.0,0,1.0,0.0,0.0,1,2,0.0,4,5,1,1
21829,45.0,1,999,0,1.4,94.465,-41.8,4.961,5228.1,999.0,0,1.0,0.0,1.0,1,4,0.0,3,6,1,1
21830,31.0,5,999,0,1.4,94.465,-41.8,4.866,5228.1,999.0,0,1.0,0.0,1.0,2,2,0.0,4,6,1,1
21831,24.0,1,999,0,-1.8,93.075,-47.1,1.41,5099.1,999.0,0,1.0,0.0,1.0,1,7,0.0,6,4,1,1
21832,37.0,1,999,0,-1.8,93.075,-47.1,1.405,5099.1,999.0,0,0.0,0.0,0.0,1,4,0.0,4,4,1,1
21833,39.0,1,999,0,1.1,93.994,-36.4,4.857,5191.0,999.0,0,1.0,1.0,1.0,2,3,0.0,4,5,1,1
21834,71.0,2,999,0,-1.8,93.749,-34.6,0.64,5008.7,999.0,0,1.0,0.0,0.0,2,6,0.0,8,4,1,1
21835,28.0,3,999,0,1.4,93.918,-42.7,4.961,5228.1,999.0,0,0.0,0.0,0.0,1,8,0.0,4,7,1,1
21836,32.0,1,999,0,1.4,93.444,-36.1,4.963,5228.1,999.0,0,1.0,1.0,0.0,1,8,0.0,6,8,1,1
21837,49.0,5,999,0,1.4,93.444,-36.1,4.964,5228.1,999.0,0,1.0,1.0,0.0,3,7,0.0,6,8,1,1
21838,27.0,1,999,0,1.4,93.918,-42.7,4.962,5228.1,999.0,0,1.0,0.0,1.0,1,5,0.0,9,7,1,1
21839,42.0,4,999,0,1.4,93.918,-42.7,4.963,5228.1,999.0,0,1.0,0.0,0.0,2,8,0.0,4,7,1,1
21840,38.0,1,999,0,-0.1,93.2,-42.0,4.076,5195.8,999.0,0,1.0,0.0,1.0,2,6,0.0,3,11,1,1
21841,49.0,1,999,0,1.4,93.444,-36.1,4.968,5228.1,999.0,0,0.0,0.0,0.0,2,6,0.0,5,8,1,1
21842,31.0,1,999,0,1.4,94.465,-41.8,4.961,5228.1,999.0,0,0.0,0.0,1.0,1,6,0.0,5,6,1,1
21843,33.0,5,999,0,1.4,93.918,-42.7,4.957,5228.1,999.0,0,0.0,0.0,0.0,2,3,0.0,3,7,1,1
21844,48.0,2,999,0,-0.1,93.2,-42.0,4.076,5195.8,999.0,0,1.0,0.0,0.0,3,7,0.0,7,11,1,1
21845,57.0,1,999,0,1.4,93.444,-36.1,4.966,5228.1,999.0,0,0.0,0.0,0.0,2,8,0.0,5,8,1,1
21846,58.0,4,999,0,-1.8,93.369,-34.8,0.635,5008.7,999.0,0,1.0,0.0,0.0,2,5,0.0,9,3,2,1
21847,38.0,1,999,0,1.4,93.918,-42.7,4.963,5228.1,999.0,0,0.0,0.0,0.0,2,3,0.0,4,7,1,1
21848,31.0,3,999,0,1.4,93.444,-36.1,4.968,5228.1,999.0,0,0.0,0.0,0.0,2,5,0.0,5,8,1,1
21849,30.0,1,999,0,1.4,93.444,-36.1,4.965,5228.1,999.0,0,1.0,0.0,0.0,2,5,0.0,5,8,1,1
21850,36.0,1,999,0,1.4,93.918,-42.7,4.963,5228.1,999.0,0,1.0,0.0,0.0,2,4,0.0,4,7,1,1
21851,39.0,1,999,1,-0.1,93.2,-42.0,4.191,5195.8,999.0,3,0.0,0.0,0.0,2,8,0.0,1,11,2,2
21852,34.0,2,999,1,-1.8,92.893,-46.2,1.344,5099.1,999.0,2,0.0,0.0,0.0,2,2,0.0,4,5,1,2
21853,31.0,1,999,0,1.1,93.994,-36.4,4.858,5191.0,999.0,0,1.0,1.0,1.0,2,8,0.0,4,5,1,1
21854,38.0,1,999,1,-1.8,92.893,-46.2,1.344,5099.1,999.0,1,0.0,1.0,0.0,2,6,0.0,7,5,1,2
21855,34.0,3,999,0,1.4,93.444,-36.1,4.967,5228.1,999.0,0,1.0,1.0,0.0,1,7,0.0,5,8,1,1
21856,31.0,3,999,0,1.4,94.465,-41.8,4.955,5228.1,999.0,0,0.0,0.0,1.0,3,8,0.0,6,6,1,1
21857,52.0,11,999,0,1.1,93.994,-36.4,4.857,5191.0,999.0,0,0.0,0.0,1.0,2,6,0.0,5,5,2,1
21858,34.0,1,999,1,-3.4,92.431,-26.9,0.739,5017.5,999.0,2,0.0,0.0,0.0,1,7,0.0,6,10,2,2
21859,42.0,1,999,0,1.4,93.444,-36.1,4.965,5228.1,999.0,0,0.0,1.0,0.0,2,7,0.0,10,8,1,1
21860,35.0,5,999,0,1.1,93.994,-36.4,4.857,5191.0,999.0,0,0.0,0.0,1.0,2,5,0.0,6,5,2,1
21861,45.0,2,999,0,1.4,93.444,-36.1,4.967,5228.1,999.0,0,1.0,0.0,0.0,2,4,0.0,8,8,1,1
21862,31.0,3,999,0,1.4,93.918,-42.7,4.96,5228.1,999.0,0,0.0,0.0,0.0,1,4,0.0,7,7,2,1
21863,22.0,1,999,0,-1.8,93.075,-47.1,1.405,5099.1,999.0,0,1.0,0.0,0.0,1,8,0.0,9,4,2,1
21864,39.0,1,999,1,-2.9,92.963,-40.8,1.266,5076.2,999.0,1,1.0,0.0,0.0,2,7,0.0,6,6,2,2
21865,88.0,1,999,0,-1.8,92.843,-50.0,1.663,5099.1,999.0,0,1.0,0.0,0.0,3,2,0.0,8,3,1,1
21866,31.0,1,999,0,-3.4,92.431,-26.9,0.754,5017.5,999.0,0,1.0,0.0,0.0,2,7,0.0,8,10,1,1
21867,39.0,1,999,0,-1.8,92.893,-46.2,1.25,5099.1,999.0,0,1.0,0.0,0.0,2,7,0.0,6,5,1,1
21868,51.0,1,999,0,1.4,93.918,-42.7,4.962,5228.1,999.0,0,0.0,0.0,0.0,2,8,0.0,3,7,1,1
21869,31.0,1,999,0,1.4,94.465,-41.8,4.961,5228.1,999.0,0,0.0,0.0,1.0,2,6,0.0,4,6,2,1
21870,40.0,1,999,0,-1.8,93.075,-47.1,1.41,5099.1,999.0,0,0.0,0.0,0.0,2,8,0.0,9,4,1,1
21871,34.0,1,999,0,1.1,93.994,-36.4,4.857,5191.0,999.0,0,0.0,0.0,1.0,2,5,0.0,9,5,2,1
21872,19.0,1,999,0,-1.7,94.027,-38.3,0.886,4991.6,999.0,0,1.0,1.0,0.0,1,8,0.0,11,8,1,1
21873,31.0,4,999,1,-1.8,92.893,-46.2,1.313,5099.1,999.0,0,1.0,0.0,0.0,3,5,0.0,9,5,1,2
21874,32.0,2,999,0,-1.8,92.893,-46.2,1.344,5099.1,999.0,0,1.0,0.0,0.0,2,8,0.0,5,5,1,1
21875,30.0,2,999,0,-0.1,93.2,-42.0,4.191,5195.8,999.0,0,0.0,0.0,0.0,1,5,0.0,9,11,2,1
21876,31.0,4,999,0,1.4,94.465,-41.8,4.967,5228.1,999.0,0,0.0,1.0,1.0,2,6,0.0,5,6,1,1
21877,31.0,3,999,0,1.4,93.444,-36.1,4.966,5228.1,999.0,0,0.0,0.0,0.0,2,6,0.0,5,8,1,1
21878,29.0,2,999,0,-1.8,92.893,-46.2,1.334,5099.1,999.0,0,0.0,1.0,0.0,1,8,0.0,5,5,1,1
21879,32.0,1,999,0,1.4,93.444,-36.1,4.962,5228.1,999.0,0,1.0,0.0,0.0,1,8,0.0,3,8,1,1
21880,38.0,1,999,0,1.4,93.444,-36.1,4.963,5228.1,999.0,0,1.0,0.0,0.0,2,8,0.0,6,8,1,1
21881,58.0,2,999,0,-1.8,92.893,-46.2,1.334,5099.1,999.0,0,0.0,0.0,0.0,2,8,0.0,1,5,1,1
21882,25.0,1,999,0,-2.9,92.201,-31.4,0.851,5076.2,999.0,0,0.0,0.0,0.0,1,8,0.0,11,8,1,1
21883,36.0,4,999,0,1.4,93.444,-36.1,4.963,5228.1,999.0,0,1.0,0.0,0.0,2,7,0.0,5,8,1,1
21884,34.0,2,999,0,-1.8,92.893,-46.2,1.281,5099.1,999.0,0,1.0,0.0,0.0,1,6,0.0,5,5,1,1
21885,23.0,2,999,0,1.4,93.918,-42.7,4.963,5228.1,999.0,0,1.0,0.0,0.0,1,4,0.0,4,7,1,1
21886,32.0,1,999,0,1.4,93.918,-42.7,4.962,5228.1,999.0,0,0.0,0.0,0.0,2,2,0.0,4,7,1,1
21887,28.0,1,6,1,-1.8,93.876,-40.0,0.683,5008.7,0.2,1,1.0,0.0,0.0,1,8,0.0,6,5,1,3
21888,32.0,1,999,0,1.4,93.918,-42.7,4.958,5228.1,999.0,0,0.0,0.0,0.0,1,4,0.0,6,7,1,1
21889,31.0,7,999,0,1.4,93.918,-42.7,4.962,5228.1,999.0,0,1.0,0.0,0.0,2,8,0.0,12,7,2,1
21890,31.0,1,999,0,1.1,93.994,-36.4,4.86,5191.0,999.0,0,1.0,0.0,1.0,1,4,0.0,3,5,1,1
21891,31.0,2,999,0,1.1,93.994,-36.4,4.857,5191.0,999.0,0,1.0,0.0,1.0,1,5,0.0,6,5,1,1
21892,31.0,2,999,0,-1.8,92.893,-46.2,1.354,5099.1,999.0,0,0.0,0.0,0.0,2,3,0.0,8,5,2,1
21893,38.0,1,999,0,1.1,93.994,-36.4,4.857,5191.0,999.0,0,0.0,0.0,1.0,2,3,0.0,4,5,1,1
21894,36.0,1,999,0,-2.9,92.963,-40.8,1.26,5076.2,999.0,0,1.0,0.0,0.0,2,4,0.0,5,6,1,1
21895,43.0,3,999,0,1.1,93.994,-36.4,4.859,5191.0,999.0,0,0.0,1.0,1.0,3,4,0.0,5,5,1,1
21896,34.0,2,999,0,1.1,93.994,-36.4,4.859,5191.0,999.0,0,0.0,0.0,1.0,2,8,0.0,4,5,1,1
21897,32.0,2,999,0,-2.9,92.201,-31.4,0.854,5076.2,999.0,0,1.0,0.0,0.0,2,7,0.0,6,8,1,1
21898,58.0,2,999,0,1.4,94.465,-41.8,4.959,5228.1,999.0,0,1.0,0.0,1.0,2,2,0.0,4,6,1,1
21899,34.0,2,999,0,1.1,93.994,-36.4,4.859,5191.0,999.0,0,0.0,1.0,1.0,1,8,0.0,4,5,1,1
21900,31.0,1,999,0,-1.1,94.767,-50.8,1.048,4963.6,999.0,0,1.0,0.0,0.0,1,7,0.0,6,11,1,1
21901,48.0,1,999,0,-0.1,93.2,-42.0,4.021,5195.8,999.0,0,0.0,0.0,0.0,3,8,0.0,6,11,1,1
21902,56.0,1,999,0,1.4,93.918,-42.7,4.963,5228.1,999.0,0,1.0,0.0,1.0,2,3,0.0,8,7,1,1
21903,40.0,1,999,1,-1.8,92.893,-46.2,1.313,5099.1,999.0,2,0.0,0.0,0.0,2,8,0.0,4,5,1,2
21904,36.0,1,999,0,-2.9,92.963,-40.8,1.099,5076.2,999.0,0,0.0,0.0,0.0,1,2,0.0,7,6,1,1
21905,50.0,15,999,0,-1.8,92.893,-46.2,1.266,5099.1,999.0,0,1.0,0.0,0.0,3,8,0.0,9,5,1,1
21906,42.0,2,999,0,1.1,93.994,-36.4,4.858,5191.0,999.0,0,1.0,0.0,1.0,2,2,0.0,4,5,1,1
21907,48.0,1,999,0,1.4,93.918,-42.7,4.962,5228.1,999.0,0,0.0,0.0,0.0,2,3,0.0,10,7,1,1
21908,39.0,2,999,0,1.1,93.994,-36.4,4.858,5191.0,999.0,0,0.0,0.0,1.0,2,2,0.0,6,5,2,1
21909,39.0,1,999,0,1.4,94.465,-41.8,4.958,5228.1,999.0,0,1.0,0.0,1.0,2,7,0.0,10,6,1,1
21910,53.0,1,999,0,-0.1,93.2,-42.0,4.076,5195.8,999.0,0,0.0,0.0,0.0,2,5,0.0,3,11,1,1
21911,46.0,6,999,0,1.4,94.465,-41.8,4.866,5228.1,999.0,0,0.0,0.0,1.0,1,8,0.0,6,6,1,1
21912,54.0,1,999,0,-0.1,93.2,-42.0,4.021,5195.8,999.0,0,0.0,0.0,0.0,2,2,0.0,8,11,1,1
21913,35.0,2,999,0,1.1,93.994,-36.4,4.859,5191.0,999.0,0,1.0,0.0,1.0,2,4,0.0,7,5,1,1
21914,48.0,3,999,0,1.4,94.465,-41.8,4.959,5228.1,999.0,0,0.0,0.0,1.0,2,7,0.0,3,6,1,1
21915,48.0,5,999,0,1.4,94.465,-41.8,4.959,5228.1,999.0,0,1.0,0.0,1.0,2,8,0.0,8,6,1,1
21916,31.0,1,999,0,1.4,93.918,-42.7,4.962,5228.1,999.0,0,1.0,0.0,0.0,2,4,0.0,9,7,1,1
21917,50.0,1,999,0,-0.1,93.2,-42.0,4.021,5195.8,999.0,0,1.0,1.0,0.0,3,6,0.0,4,11,1,1
21918,51.0,2,999,0,1.4,93.918,-42.7,4.963,5228.1,999.0,0,1.0,0.0,1.0,2,8,0.0,3,7,1,1
21919,74.0,4,999,3,-1.8,93.876,-40.0,0.699,5008.7,999.0,3,0.0,0.0,0.0,2,6,0.0,8,5,1,2
21920,31.0,3,999,0,1.4,93.918,-42.7,4.96,5228.1,999.0,0,0.0,0.0,1.0,1,8,0.0,5,7,2,1
21921,31.0,5,999,0,1.1,93.994,-36.4,4.859,5191.0,999.0,0,1.0,0.0,1.0,1,4,0.0,4,5,1,1
21922,32.0,1,999,0,-0.1,93.2,-42.0,4.12,5195.8,999.0,0,1.0,0.0,0.0,2,5,0.0,4,11,1,1
21923,30.0,4,999,0,1.4,93.444,-36.1,4.968,5228.1,999.0,0,1.0,0.0,0.0,1,6,0.0,5,8,1,1
21924,59.0,2,999,0,1.4,93.444,-36.1,4.967,5228.1,999.0,0,0.0,0.0,0.0,2,8,0.0,8,8,1,1
21925,31.0,1,999,0,1.1,93.994,-36.4,4.86,5191.0,999.0,0,1.0,0.0,1.0,3,8,0.0,6,5,1,1
21926,37.0,1,999,0,1.1,93.994,-36.4,4.855,5191.0,999.0,0,1.0,0.0,1.0,1,3,0.0,4,5,1,1
21927,52.0,2,999,2,-1.8,93.075,-47.1,1.405,5099.1,999.0,6,0.0,1.0,0.0,2,3,0.0,9,4,2,2
21928,44.0,4,999,0,-1.8,92.893,-46.2,1.25,5099.1,999.0,0,1.0,1.0,0.0,2,8,0.0,6,5,1,1
21929,28.0,1,999,0,1.4,94.465,-41.8,4.864,5228.1,999.0,0,0.0,0.0,1.0,1,4,0.0,4,6,1,1
21930,31.0,1,999,0,-3.4,92.379,-29.8,0.781,5017.5,999.0,0,1.0,1.0,0.0,3,2,0.0,2,9,1,1
21931,33.0,2,999,0,1.1,93.994,-36.4,4.864,5191.0,999.0,0,1.0,0.0,1.0,1,6,0.0,5,5,1,1
21932,31.0,2,999,0,1.4,94.465,-41.8,4.865,5228.1,999.0,0,1.0,1.0,1.0,3,7,0.0,7,6,2,1
21933,41.0,1,999,0,1.4,93.918,-42.7,4.963,5228.1,999.0,0,0.0,0.0,0.0,2,8,0.0,6,7,1,1
21934,31.0,1,999,1,-1.7,94.215,-40.3,0.782,4991.6,999.0,3,1.0,1.0,1.0,2,7,0.0,3,7,1,2
21935,34.0,2,999,0,-0.1,93.2,-42.0,4.021,5195.8,999.0,0,0.0,0.0,0.0,1,7,0.0,6,11,1,1
21936,32.0,1,999,0,-1.8,92.893,-46.2,1.344,5099.1,999.0,0,1.0,0.0,0.0,3,8,0.0,3,5,1,1
21937,31.0,1,999,0,1.4,93.444,-36.1,4.967,5228.1,999.0,0,1.0,1.0,0.0,1,8,0.0,5,8,1,1
21938,25.0,2,999,0,1.1,93.994,-36.4,4.857,5191.0,999.0,0,0.0,0.0,1.0,1,5,0.0,10,5,1,1
21939,29.0,1,999,0,-1.8,92.893,-46.2,1.244,5099.1,999.0,0,1.0,0.0,0.0,1,6,0.0,5,5,1,1
21940,51.0,16,999,0,1.4,93.444,-36.1,4.964,5228.1,999.0,0,1.0,1.0,0.0,2,6,0.0,5,8,1,1
21941,60.0,3,999,1,-1.8,93.075,-47.1,1.405,5099.1,999.0,3,0.0,0.0,0.0,2,2,0.0,4,4,2,2
21942,33.0,1,999,0,-0.1,93.2,-42.0,4.076,5195.8,999.0,0,1.0,0.0,0.0,2,8,0.0,6,11,1,1
21943,40.0,1,999,0,1.1,93.994,-36.4,4.856,5191.0,999.0,0,1.0,0.0,1.0,2,5,0.0,4,5,1,1
21944,55.0,1,999,0,1.4,93.444,-36.1,4.965,5228.1,999.0,0,0.0,1.0,0.0,2,8,0.0,8,8,2,1
21945,31.0,1,999,1,-1.8,92.893,-46.2,1.281,5099.1,999.0,2,1.0,0.0,0.0,1,5,0.0,1,5,1,2
21946,31.0,10,999,0,1.1,93.994,-36.4,4.856,5191.0,999.0,0,0.0,0.0,1.0,1,4,0.0,4,5,1,1
21947,32.0,1,999,0,-0.1,93.2,-42.0,4.076,5195.8,999.0,0,0.0,0.0,0.0,1,8,0.0,6,11,1,1
21948,31.0,1,999,0,1.4,93.444,-36.1,4.964,5228.1,999.0,0,1.0,0.0,0.0,2,6,0.0,5,8,1,1
21949,24.0,1,999,0,-1.8,92.893,-46.2,1.244,5099.1,999.0,0,1.0,0.0,0.0,1,4,0.0,4,5,2,1
21950,28.0,3,999,0,1.4,93.918,-42.7,4.961,5228.1,999.0,0,0.0,0.0,0.0,1,8,0.0,6,7,1,1
21951,32.0,1,999,0,1.4,93.918,-42.7,4.957,5228.1,999.0,0,0.0,0.0,0.0,1,4,0.0,4,7,1,1
21952,31.0,2,999,0,1.4,93.444,-36.1,4.965,5228.1,999.0,0,1.0,0.0,0.0,2,8,0.0,6,8,1,1
21953,31.0,2,999,1,-1.8,92.893,-46.2,1.291,5099.1,999.0,1,1.0,0.0,0.0,1,4,0.0,5,5,1,2
21954,58.0,5,999,0,1.1,93.994,-36.4,4.855,5191.0,999.0,0,0.0,0.0,1.0,2,2,0.0,9,5,1,1
21955,34.0,1,999,0,1.1,93.994,-36.4,4.857,5191.0,999.0,0,1.0,0.0,1.0,2,7,0.0,3,5,1,1
21956,37.0,1,999,0,1.4,93.444,-36.1,4.963,5228.1,999.0,0,1.0,0.0,0.0,1,6,0.0,5,8,1,1
21957,31.0,2,999,0,1.1,93.994,-36.4,4.855,5191.0,999.0,0,1.0,1.0,1.0,2,8,0.0,7,5,1,1
21958,30.0,18,999,0,1.4,93.918,-42.7,4.968,5228.1,999.0,0,1.0,1.0,0.0,1,6,0.0,6,7,1,1
21959,31.0,3,999,0,1.4,93.918,-42.7,4.962,5228.1,999.0,0,1.0,0.0,0.0,3,5,0.0,6,7,1,1
21960,32.0,1,999,0,1.4,93.444,-36.1,4.968,5228.1,999.0,0,0.0,0.0,0.0,2,8,0.0,6,8,1,1
21961,49.0,2,999,0,1.4,93.918,-42.7,4.957,5228.1,999.0,0,0.0,0.0,0.0,3,8,0.0,4,7,1,1
21962,31.0,1,999,0,1.4,94.465,-41.8,4.864,5228.1,999.0,0,0.0,1.0,1.0,1,5,0.0,6,6,1,1
21963,45.0,1,999,0,-1.8,93.075,-47.1,1.405,5099.1,999.0,0,0.0,1.0,1.0,3,8,0.0,5,4,1,1
21964,29.0,4,999,0,1.4,93.444,-36.1,4.964,5228.1,999.0,0,1.0,1.0,0.0,1,7,0.0,6,8,1,1
21965,31.0,2,999,0,-1.8,92.893,-46.2,1.266,5099.1,999.0,0,1.0,0.0,0.0,2,5,0.0,9,5,1,1
21966,27.0,2,999,0,1.1,93.994,-36.4,4.864,5191.0,999.0,0,1.0,0.0,1.0,1,5,0.0,9,5,1,1
21967,28.0,1,999,0,-1.8,92.843,-50.0,1.799,5099.1,999.0,0,1.0,0.0,0.0,1,4,0.0,11,3,1,1
21968,35.0,5,999,0,1.4,93.444,-36.1,4.962,5228.1,999.0,0,0.0,0.0,0.0,2,7,0.0,5,8,1,1
21969,49.0,2,999,0,1.4,93.918,-42.7,4.963,5228.1,999.0,0,0.0,0.0,0.0,2,8,0.0,6,7,1,1
21970,34.0,2,999,0,-3.4,92.649,-30.1,0.716,5017.5,999.0,0,0.0,0.0,0.0,1,7,0.0,6,11,1,1
21971,44.0,1,999,0,1.1,93.994,-36.4,4.864,5191.0,999.0,0,0.0,0.0,1.0,2,6,0.0,5,5,1,1
21972,45.0,1,999,0,1.4,94.465,-41.8,4.866,5228.1,999.0,0,1.0,0.0,1.0,2,2,0.0,4,6,1,1
21973,32.0,1,999,0,1.4,93.918,-42.7,4.962,5228.1,999.0,0,1.0,0.0,0.0,3,5,0.0,9,7,1,1
21974,41.0,3,999,0,1.4,93.918,-42.7,4.957,5228.1,999.0,0,0.0,0.0,0.0,2,8,0.0,4,7,1,1
21975,63.0,1,999,1,-2.9,92.201,-31.4,0.838,5076.2,999.0,2,0.0,0.0,0.0,2,8,0.0,5,8,1,2
21976,35.0,6,999,0,1.1,93.994,-36.4,4.857,5191.0,999.0,0,1.0,0.0,1.0,2,5,0.0,9,5,2,1
21977,55.0,2,999,0,1.4,94.465,-41.8,4.959,5228.1,999.0,0,1.0,0.0,1.0,2,2,0.0,4,6,1,1
21978,37.0,1,999,1,-2.9,92.963,-40.8,1.262,5076.2,999.0,0,1.0,0.0,0.0,2,7,0.0,6,6,1,2
21979,36.0,1,999,0,-1.8,93.075,-47.1,1.405,5099.1,999.0,0,0.0,0.0,0.0,2,8,0.0,7,4,1,1
21980,31.0,1,999,0,-1.8,92.893,-46.2,1.299,5099.1,999.0,0,1.0,0.0,0.0,2,5,0.0,5,5,2,1
21981,53.0,2,999,0,1.1,93.994,-36.4,4.855,5191.0,999.0,0,0.0,0.0,1.0,2,8,0.0,1,5,1,1
21982,31.0,3,999,0,-1.8,93.075,-47.1,1.405,5099.1,999.0,0,0.0,0.0,0.0,2,6,0.0,5,4,2,1
21983,51.0,1,999,0,-2.9,92.201,-31.4,0.881,5076.2,999.0,0,1.0,0.0,0.0,2,8,0.0,2,8,1,1
21984,32.0,1,999,0,-0.1,93.2,-42.0,4.12,5195.8,999.0,0,1.0,1.0,0.0,2,8,0.0,5,11,1,1
21985,56.0,3,999,0,1.4,93.918,-42.7,4.961,5228.1,999.0,0,0.0,0.0,0.0,3,5,0.0,9,7,1,1
21986,39.0,2,999,0,1.1,93.994,-36.4,4.859,5191.0,999.0,0,0.0,0.0,1.0,2,7,0.0,5,5,1,1
21987,48.0,7,999,0,1.4,93.444,-36.1,4.964,5228.1,999.0,0,1.0,1.0,0.0,2,8,0.0,6,8,1,1
21988,26.0,2,999,0,1.1,93.994,-36.4,4.858,5191.0,999.0,0,0.0,1.0,1.0,2,2,0.0,4,5,2,1
21989,27.0,2,999,0,1.1,93.994,-36.4,4.856,5191.0,999.0,0,1.0,0.0,1.0,2,4,0.0,4,5,1,1
21990,46.0,2,999,1,-0.1,93.2,-42.0,4.153,5195.8,999.0,1,1.0,0.0,0.0,2,6,0.0,5,11,1,2
21991,21.0,3,999,0,1.4,93.918,-42.7,4.957,5228.1,999.0,0,1.0,0.0,0.0,2,8,0.0,6,7,1,1
21992,27.0,1,999,0,-0.1,93.2,-42.0,3.853,5195.8,999.0,0,1.0,0.0,1.0,1,5,0.0,6,11,1,1
21993,31.0,1,999,0,1.4,93.918,-42.7,4.963,5228.1,999.0,0,1.0,0.0,0.0,1,8,0.0,1,7,1,1
21994,28.0,10,999,0,1.4,94.465,-41.8,4.865,5228.1,999.0,0,1.0,0.0,1.0,2,5,0.0,6,6,2,1
21995,42.0,4,999,0,1.4,94.465,-41.8,4.967,5228.1,999.0,0,0.0,0.0,1.0,1,8,0.0,5,6,1,1
21996,37.0,2,999,0,1.4,93.918,-42.7,4.963,5228.1,999.0,0,1.0,0.0,0.0,1,5,0.0,9,7,1,1
21997,34.0,2,999,0,1.4,93.444,-36.1,4.963,5228.1,999.0,0,1.0,0.0,0.0,2,7,0.0,10,8,2,1
21998,36.0,2,999,0,1.4,94.465,-41.8,4.958,5228.1,999.0,0,0.0,1.0,1.0,2,8,0.0,5,6,1,1
21999,59.0,3,999,0,1.4,93.918,-42.7,4.962,5228.1,999.0,0,0.0,0.0,0.0,2,4,0.0,8,7,1,1
22000,41.0,1,999,0,1.4,93.918,-42.7,4.962,5228.1,999.0,0,0.0,1.0,0.0,2,8,0.0,4,7,1,1
22001,50.0,1,999,0,-1.8,92.893,-46.2,1.25,5099.1,999.0,0,1.0,1.0,0.0,2,8,0.0,6,5,1,1
22002,50.0,2,999,0,-3.4,92.379,-29.8,0.803,5017.5,999.0,0,1.0,0.0,0.0,2,8,0.0,6,9,1,1
22003,40.0,2,999,0,1.1,93.994,-36.4,4.857,5191.0,999.0,0,1.0,0.0,1.0,2,7,0.0,6,5,1,1
22004,49.0,1,999,0,1.4,93.918,-42.7,4.962,5228.1,999.0,0,1.0,1.0,0.0,2,6,0.0,5,7,1,1
22005,30.0,1,999,0,1.4,93.918,-42.7,4.963,5228.1,999.0,0,0.0,1.0,0.0,3,8,0.0,5,7,1,1
22006,31.0,1,999,0,1.4,93.918,-42.7,4.96,5228.1,999.0,0,0.0,1.0,0.0,2,7,0.0,6,7,2,1
22007,33.0,3,999,0,1.4,94.465,-41.8,4.959,5228.1,999.0,0,0.0,0.0,1.0,1,5,0.0,9,6,1,1
22008,58.0,2,999,0,1.1,93.994,-36.4,4.857,5191.0,999.0,0,0.0,0.0,1.0,2,8,0.0,8,5,1,1
22009,33.0,2,999,0,1.1,93.994,-36.4,4.857,5191.0,999.0,0,0.0,1.0,1.0,2,8,0.0,9,5,2,1
22010,32.0,1,999,0,-0.1,93.2,-42.0,4.191,5195.8,999.0,0,0.0,0.0,0.0,2,8,0.0,4,11,2,1
22011,58.0,2,999,0,1.1,93.994,-36.4,4.856,5191.0,999.0,0,1.0,0.0,1.0,2,8,0.0,8,5,1,1
22012,39.0,6,999,0,1.1,93.994,-36.4,4.856,5191.0,999.0,0,0.0,0.0,1.0,2,3,0.0,4,5,1,1
22013,31.0,1,999,0,1.1,93.994,-36.4,4.856,5191.0,999.0,0,0.0,0.0,1.0,2,4,0.0,4,5,1,1
22014,31.0,1,999,0,-1.8,92.893,-46.2,1.334,5099.1,999.0,0,1.0,0.0,0.0,2,4,0.0,4,5,1,1
22015,58.0,1,6,1,-1.8,93.749,-34.6,0.642,5008.7,0.2,1,0.0,0.0,0.0,1,6,0.0,2,4,2,3
22016,46.0,2,999,1,-2.9,92.963,-40.8,1.262,5076.2,999.0,3,0.0,0.0,0.0,2,8,0.0,10,6,1,2
22017,35.0,1,999,0,-1.8,92.893,-46.2,1.344,5099.1,999.0,0,1.0,0.0,0.0,2,5,0.0,9,5,1,1
22018,33.0,1,999,0,-0.1,93.2,-42.0,4.12,5195.8,999.0,0,1.0,1.0,0.0,1,5,0.0,9,11,1,1
22019,30.0,2,999,0,1.4,94.465,-41.8,4.967,5228.1,999.0,0,0.0,0.0,1.0,3,4,0.0,9,6,1,1
22020,35.0,2,999,0,1.1,93.994,-36.4,4.864,5191.0,999.0,0,0.0,0.0,1.0,2,2,0.0,2,5,1,1
22021,31.0,1,999,0,1.4,93.444,-36.1,4.964,5228.1,999.0,0,1.0,0.0,0.0,1,6,0.0,5,8,1,1
22022,31.0,2,16,1,-1.7,94.027,-38.3,0.904,4991.6,0.533333333333,3,0.0,0.0,0.0,2,5,0.0,6,8,1,3
22023,31.0,3,999,0,-1.8,93.075,-47.1,1.405,5099.1,999.0,0,0.0,0.0,0.0,2,4,0.0,9,4,2,1
22024,31.0,1,999,0,1.1,93.994,-36.4,4.86,5191.0,999.0,0,1.0,0.0,1.0,2,8,0.0,1,5,1,1
22025,31.0,1,999,0,-1.8,92.893,-46.2,1.313,5099.1,999.0,0,0.0,0.0,0.0,2,2,0.0,4,5,1,1
22026,46.0,1,999,0,1.1,93.994,-36.4,4.857,5191.0,999.0,0,0.0,1.0,1.0,2,2,0.0,4,5,2,1
22027,31.0,4,999,0,-1.1,94.199,-37.5,0.879,4963.6,999.0,0,0.0,0.0,0.0,1,6,0.0,5,9,1,1
22028,24.0,1,999,0,1.4,94.465,-41.8,4.961,5228.1,999.0,0,0.0,0.0,1.0,1,5,0.0,9,6,2,1
22029,31.0,5,999,2,-1.8,93.369,-34.8,0.646,5008.7,999.0,2,1.0,0.0,0.0,2,7,0.0,6,3,2,2
22030,40.0,2,999,0,-1.8,92.893,-46.2,1.25,5099.1,999.0,0,1.0,1.0,0.0,2,7,0.0,5,5,1,1
22031,40.0,1,999,0,1.4,93.918,-42.7,4.963,5228.1,999.0,0,1.0,0.0,0.0,3,8,0.0,4,7,1,1
22032,41.0,3,999,0,1.4,94.465,-41.8,4.865,5228.1,999.0,0,1.0,0.0,1.0,2,4,0.0,9,6,2,1
22033,30.0,1,999,0,1.4,94.465,-41.8,4.967,5228.1,999.0,0,0.0,0.0,1.0,2,5,0.0,9,6,1,1
22034,29.0,3,999,0,-1.8,93.075,-47.1,1.423,5099.1,999.0,0,1.0,0.0,1.0,1,7,0.0,6,4,1,1
22035,31.0,2,999,0,1.4,93.918,-42.7,4.963,5228.1,999.0,0,0.0,1.0,0.0,1,5,0.0,2,7,1,1
22036,34.0,2,999,0,1.4,93.918,-42.7,4.957,5228.1,999.0,0,0.0,0.0,0.0,2,7,0.0,6,7,1,1
22037,41.0,2,999,0,1.4,93.918,-42.7,4.962,5228.1,999.0,0,1.0,0.0,0.0,2,8,0.0,1,7,1,1
22038,49.0,2,999,0,-0.1,93.2,-42.0,4.153,5195.8,999.0,0,0.0,0.0,0.0,1,8,0.0,6,11,1,1
22039,33.0,6,999,0,1.1,93.994,-36.4,4.856,5191.0,999.0,0,0.0,0.0,1.0,3,6,0.0,5,5,1,1
22040,29.0,1,999,0,-1.8,92.893,-46.2,1.264,5099.1,999.0,0,0.0,0.0,0.0,1,7,0.0,5,5,2,1
22041,30.0,3,999,0,-2.9,92.469,-33.6,1.029,5076.2,999.0,0,1.0,0.0,0.0,1,7,0.0,1,7,1,1
22042,31.0,1,999,0,1.1,93.994,-36.4,4.857,5191.0,999.0,0,1.0,0.0,1.0,1,7,0.0,3,5,1,1
22043,32.0,1,999,0,1.4,93.918,-42.7,4.963,5228.1,999.0,0,0.0,0.0,1.0,1,6,0.0,12,7,1,1
22044,53.0,1,999,1,-2.9,92.201,-31.4,0.821,5076.2,999.0,0,1.0,0.0,0.0,2,8,0.0,6,8,2,2
22045,31.0,8,999,0,1.4,93.444,-36.1,4.962,5228.1,999.0,0,0.0,0.0,0.0,3,6,0.0,5,8,1,1
22046,51.0,2,999,1,-2.9,92.201,-31.4,0.821,5076.2,999.0,2,1.0,0.0,0.0,2,6,0.0,5,8,2,2
22047,36.0,3,999,0,1.4,93.444,-36.1,4.965,5228.1,999.0,0,0.0,0.0,0.0,2,8,0.0,5,8,2,1
22048,50.0,1,999,0,-0.1,93.2,-42.0,4.191,5195.8,999.0,0,1.0,0.0,0.0,2,7,0.0,7,11,2,1
22049,34.0,2,999,0,-1.8,92.893,-46.2,1.244,5099.1,999.0,0,1.0,0.0,0.0,2,7,0.0,6,5,2,1
22050,32.0,4,999,0,1.4,93.444,-36.1,4.965,5228.1,999.0,0,1.0,0.0,0.0,2,2,0.0,2,8,2,1
22051,56.0,1,999,2,-3.4,92.379,-29.8,0.762,5017.5,999.0,2,0.0,0.0,0.0,2,6,0.0,10,9,1,2
22052,47.0,3,999,0,-1.8,92.893,-46.2,1.291,5099.1,999.0,0,0.0,0.0,0.0,3,4,0.0,7,5,1,1
22053,31.0,1,999,0,1.1,93.994,-36.4,4.856,5191.0,999.0,0,0.0,0.0,1.0,2,6,0.0,5,5,1,1
22054,31.0,2,999,0,1.1,93.994,-36.4,4.858,5191.0,999.0,0,0.0,1.0,1.0,1,6,0.0,5,5,2,1
22055,33.0,2,999,0,-1.8,92.893,-46.2,1.244,5099.1,999.0,0,0.0,0.0,0.0,1,7,0.0,6,5,2,1
22056,52.0,3,999,0,-1.8,92.893,-46.2,1.25,5099.1,999.0,0,1.0,0.0,0.0,2,4,0.0,4,5,1,1
22057,25.0,2,999,0,1.4,93.918,-42.7,4.963,5228.1,999.0,0,1.0,0.0,0.0,1,8,0.0,6,7,1,1
22058,26.0,8,999,1,-1.8,92.893,-46.2,1.25,5099.1,999.0,2,0.0,0.0,0.0,1,6,0.0,5,5,1,2
22059,31.0,7,999,0,1.1,93.994,-36.4,4.857,5191.0,999.0,0,1.0,0.0,1.0,2,7,0.0,2,5,1,1
22060,36.0,2,999,0,-1.8,92.893,-46.2,1.266,5099.1,999.0,0,0.0,0.0,0.0,2,7,0.0,3,5,1,1
22061,31.0,1,999,0,-0.1,93.2,-42.0,4.153,5195.8,999.0,0,1.0,0.0,0.0,2,7,0.0,5,11,1,1
22062,44.0,4,3,1,-1.8,93.876,-40.0,0.682,5008.7,0.1,2,1.0,0.0,0.0,1,8,0.0,6,5,1,3
22063,42.0,1,999,0,-1.8,92.893,-46.2,1.281,5099.1,999.0,0,0.0,0.0,0.0,1,6,0.0,5,5,1,1
22064,30.0,1,999,0,1.4,93.918,-42.7,4.966,5228.1,999.0,0,0.0,0.0,1.0,1,2,0.0,4,7,1,1
22065,31.0,2,999,0,1.4,94.465,-41.8,4.967,5228.1,999.0,0,0.0,0.0,1.0,2,6,0.0,5,6,1,1
22066,36.0,2,999,0,1.1,93.994,-36.4,4.86,5191.0,999.0,0,1.0,0.0,1.0,3,7,0.0,6,5,1,1
22067,30.0,13,999,0,1.4,93.444,-36.1,4.963,5228.1,999.0,0,1.0,0.0,0.0,1,5,0.0,5,8,1,1
22068,31.0,1,999,0,1.4,93.918,-42.7,4.962,5228.1,999.0,0,1.0,0.0,0.0,2,8,0.0,5,7,1,1
22069,31.0,2,999,0,1.4,93.918,-42.7,4.961,5228.1,999.0,0,1.0,0.0,0.0,2,8,0.0,4,7,1,1
22070,52.0,1,999,1,-3.4,92.649,-30.1,0.714,5017.5,999.0,2,1.0,0.0,0.0,2,6,0.0,5,11,1,2
22071,30.0,1,999,0,1.4,93.444,-36.1,4.963,5228.1,999.0,0,0.0,0.0,0.0,1,7,0.0,6,8,1,1
22072,59.0,1,999,0,-3.4,92.431,-26.9,0.737,5017.5,999.0,0,0.0,0.0,1.0,2,2,0.0,2,10,1,1
22073,31.0,6,999,0,1.4,93.918,-42.7,4.962,5228.1,999.0,0,1.0,0.0,0.0,2,7,0.0,2,7,2,1
22074,31.0,2,999,0,1.4,93.444,-36.1,4.964,5228.1,999.0,0,1.0,0.0,0.0,2,4,0.0,6,8,1,1
22075,45.0,1,999,0,1.1,93.994,-36.4,4.86,5191.0,999.0,0,0.0,0.0,1.0,2,1,0.0,4,5,1,1
22076,35.0,2,999,0,1.4,93.918,-42.7,4.962,5228.1,999.0,0,1.0,0.0,0.0,2,5,0.0,6,7,1,1
22077,31.0,1,999,0,1.1,93.994,-36.4,4.856,5191.0,999.0,0,1.0,0.0,1.0,2,5,0.0,9,5,1,1
22078,36.0,2,999,0,-3.4,92.379,-29.8,0.773,5017.5,999.0,0,1.0,0.0,0.0,1,7,0.0,6,9,1,1
22079,40.0,4,999,1,-1.8,93.075,-47.1,1.405,5099.1,999.0,3,1.0,1.0,0.0,2,2,0.0,4,4,2,2
22080,31.0,1,999,1,-1.8,92.893,-46.2,1.313,5099.1,999.0,4,1.0,0.0,0.0,2,5,0.0,4,5,1,2
22081,57.0,4,999,0,1.1,93.994,-36.4,4.86,5191.0,999.0,0,0.0,0.0,1.0,1,5,0.0,1,5,1,1
22082,53.0,1,999,0,1.4,93.918,-42.7,4.962,5228.1,999.0,0,0.0,0.0,0.0,2,6,0.0,5,7,1,1
22083,29.0,1,999,0,1.4,93.444,-36.1,4.964,5228.1,999.0,0,0.0,0.0,0.0,1,8,0.0,5,8,1,1
22084,54.0,1,999,0,1.1,93.994,-36.4,4.856,5191.0,999.0,0,0.0,0.0,1.0,3,6,0.0,5,5,1,1
22085,31.0,2,999,1,-1.8,92.893,-46.2,1.344,5099.1,999.0,3,0.0,0.0,0.0,1,8,0.0,5,5,1,2
22086,31.0,1,999,0,-1.8,93.075,-47.1,1.405,5099.1,999.0,0,1.0,0.0,0.0,2,8,0.0,11,4,1,1
22087,28.0,1,999,0,1.4,93.918,-42.7,4.962,5228.1,999.0,0,0.0,0.0,0.0,2,5,0.0,9,7,1,1
22088,31.0,20,999,0,1.4,94.465,-41.8,4.866,5228.1,999.0,0,1.0,0.0,1.0,2,4,0.0,8,6,1,1
22089,36.0,2,999,0,1.4,93.444,-36.1,4.964,5228.1,999.0,0,0.0,0.0,0.0,1,5,0.0,4,8,1,1
22090,31.0,4,999,0,-1.8,92.893,-46.2,1.313,5099.1,999.0,0,0.0,1.0,0.0,1,8,0.0,3,5,1,1
22091,26.0,2,999,0,-1.8,92.893,-46.2,1.266,5099.1,999.0,0,0.0,0.0,0.0,1,4,0.0,4,5,1,1
22092,31.0,5,999,0,1.4,93.918,-42.7,4.961,5228.1,999.0,0,1.0,0.0,0.0,2,2,0.0,6,7,1,1
22093,27.0,2,999,0,-1.8,92.893,-46.2,1.281,5099.1,999.0,0,1.0,1.0,0.0,2,8,0.0,4,5,1,1
22094,51.0,1,999,0,1.1,93.994,-36.4,4.856,5191.0,999.0,0,0.0,0.0,1.0,2,8,0.0,4,5,1,1
22095,25.0,3,999,2,-1.8,93.876,-40.0,0.699,5008.7,999.0,0,1.0,0.0,0.0,1,5,0.0,5,5,1,2
22096,46.0,1,999,0,1.1,93.994,-36.4,4.856,5191.0,999.0,0,0.0,0.0,1.0,2,5,0.0,2,5,1,1
22097,31.0,1,999,0,-3.4,92.649,-30.1,0.722,5017.5,999.0,0,1.0,0.0,1.0,2,5,0.0,6,11,2,1
22098,31.0,1,999,0,-0.1,93.2,-42.0,4.153,5195.8,999.0,0,1.0,1.0,0.0,2,8,0.0,4,11,1,1
22099,36.0,1,999,0,1.1,93.994,-36.4,4.857,5191.0,999.0,0,1.0,1.0,1.0,2,7,0.0,4,5,1,1
22100,31.0,2,999,0,-1.8,92.893,-46.2,1.27,5099.1,999.0,0,0.0,0.0,0.0,2,8,0.0,10,5,1,1
22101,31.0,1,999,1,-2.9,92.201,-31.4,0.861,5076.2,999.0,3,0.0,0.0,0.0,2,7,0.0,5,8,2,2
22102,31.0,1,999,0,1.4,93.444,-36.1,4.964,5228.1,999.0,0,1.0,0.0,0.0,2,5,0.0,3,8,1,1
22103,31.0,1,999,1,-1.8,92.893,-46.2,1.313,5099.1,999.0,2,1.0,0.0,0.0,2,4,0.0,4,5,1,2
22104,33.0,12,999,0,1.4,94.465,-41.8,4.959,5228.1,999.0,0,0.0,0.0,1.0,2,8,0.0,4,6,1,1
22105,31.0,2,999,0,1.1,93.994,-36.4,4.857,5191.0,999.0,0,0.0,0.0,1.0,1,8,0.0,4,5,1,1
22106,57.0,1,999,0,-0.1,93.2,-42.0,4.191,5195.8,999.0,0,0.0,0.0,1.0,2,2,0.0,8,11,2,1
22107,31.0,2,999,0,-1.8,92.893,-46.2,1.266,5099.1,999.0,0,0.0,0.0,0.0,1,5,0.0,6,5,1,1
22108,73.0,2,999,0,-1.8,93.075,-47.1,1.405,5099.1,999.0,0,1.0,1.0,0.0,2,2,0.0,8,4,2,1
22109,31.0,1,999,0,-0.1,93.2,-42.0,4.12,5195.8,999.0,0,1.0,0.0,0.0,3,7,0.0,6,11,1,1
22110,31.0,3,999,0,1.4,93.444,-36.1,4.965,5228.1,999.0,0,1.0,0.0,0.0,2,2,0.0,4,8,1,1
22111,32.0,1,999,0,1.4,93.444,-36.1,4.967,5228.1,999.0,0,1.0,0.0,0.0,1,8,0.0,5,8,1,1
22112,31.0,1,999,0,-3.4,92.649,-30.1,0.714,5017.5,999.0,0,0.0,0.0,0.0,3,2,0.0,4,11,1,1
22113,40.0,6,999,0,1.4,94.465,-41.8,4.864,5228.1,999.0,0,0.0,0.0,1.0,3,5,0.0,2,6,1,1
22114,37.0,2,999,0,1.4,93.444,-36.1,4.965,5228.1,999.0,0,1.0,0.0,0.0,2,8,0.0,6,8,2,1
22115,47.0,1,999,0,1.4,94.465,-41.8,4.958,5228.1,999.0,0,0.0,0.0,1.0,2,6,0.0,5,6,1,1
22116,48.0,2,999,0,1.4,93.444,-36.1,4.968,5228.1,999.0,0,1.0,0.0,0.0,2,7,0.0,5,8,1,1
22117,56.0,1,999,0,1.4,94.465,-41.8,4.962,5228.1,999.0,0,1.0,0.0,1.0,2,5,0.0,8,6,1,1
22118,38.0,7,999,1,-1.8,92.893,-46.2,1.244,5099.1,999.0,2,1.0,0.0,0.0,1,6,0.0,5,5,2,2
22119,31.0,2,999,0,1.4,94.465,-41.8,4.967,5228.1,999.0,0,1.0,0.0,1.0,2,8,0.0,4,6,1,1
22120,31.0,5,999,0,1.4,93.918,-42.7,4.957,5228.1,999.0,0,0.0,0.0,1.0,1,8,0.0,5,7,1,1
22121,31.0,1,999,1,-1.8,92.893,-46.2,1.291,5099.1,999.0,1,0.0,0.0,0.0,4,8,0.0,9,5,1,2
22122,36.0,2,999,0,1.1,93.994,-36.4,4.858,5191.0,999.0,0,1.0,1.0,1.0,1,8,0.0,9,5,1,1
22123,43.0,1,999,0,1.4,93.918,-42.7,4.962,5228.1,999.0,0,1.0,0.0,0.0,2,2,0.0,2,7,1,1
22124,55.0,5,999,0,1.4,93.444,-36.1,4.965,5228.1,999.0,0,1.0,0.0,0.0,2,8,0.0,2,8,2,1
22125,24.0,1,999,0,-1.8,93.075,-47.1,1.445,5099.1,999.0,0,1.0,0.0,0.0,1,5,0.0,9,4,1,1
22126,32.0,2,999,0,1.4,93.444,-36.1,4.964,5228.1,999.0,0,0.0,0.0,0.0,3,5,0.0,5,8,1,1
22127,52.0,2,999,0,-0.1,93.2,-42.0,4.191,5195.8,999.0,0,1.0,0.0,0.0,1,8,0.0,7,11,2,1
22128,49.0,2,999,0,1.1,93.994,-36.4,4.858,5191.0,999.0,0,1.0,0.0,1.0,2,7,0.0,3,5,1,1
22129,31.0,2,999,0,1.4,94.465,-41.8,4.864,5228.1,999.0,0,1.0,1.0,1.0,2,4,0.0,5,6,1,1
22130,44.0,1,999,0,1.4,93.444,-36.1,4.965,5228.1,999.0,0,0.0,0.0,0.0,2,7,0.0,6,8,1,1
22131,31.0,2,999,0,1.4,93.444,-36.1,4.965,5228.1,999.0,0,0.0,0.0,0.0,2,8,0.0,6,8,2,1
22132,47.0,3,999,0,1.4,93.444,-36.1,4.965,5228.1,999.0,0,0.0,0.0,0.0,2,7,0.0,1,8,1,1
22133,45.0,9,999,0,1.1,93.994,-36.4,4.857,5191.0,999.0,0,1.0,0.0,1.0,2,8,0.0,5,5,1,1
22134,31.0,1,999,1,-1.1,94.199,-37.5,0.879,4963.6,999.0,1,1.0,0.0,0.0,1,4,0.0,5,9,1,2
22135,33.0,1,999,0,1.4,93.444,-36.1,4.965,5228.1,999.0,0,0.0,0.0,0.0,1,7,0.0,6,8,1,1
22136,30.0,2,999,0,1.4,93.918,-42.7,4.961,5228.1,999.0,0,0.0,1.0,0.0,1,7,0.0,6,7,1,1
22137,46.0,1,999,0,-1.8,93.876,-40.0,0.672,5008.7,999.0,0,1.0,0.0,1.0,2,4,0.0,3,5,1,1
22138,58.0,1,999,0,1.1,93.994,-36.4,4.856,5191.0,999.0,0,0.0,0.0,1.0,3,8,0.0,6,5,1,1
22139,46.0,2,999,1,-1.8,92.893,-46.2,1.281,5099.1,999.0,3,0.0,0.0,0.0,1,4,0.0,2,5,1,2
22140,31.0,2,999,0,1.4,93.918,-42.7,4.963,5228.1,999.0,0,0.0,0.0,0.0,2,2,0.0,4,7,1,1
22141,31.0,1,999,0,-0.1,93.2,-42.0,4.12,5195.8,999.0,0,1.0,0.0,0.0,2,4,0.0,3,11,1,1
22142,32.0,3,999,0,1.1,93.994,-36.4,4.857,5191.0,999.0,0,1.0,0.0,1.0,2,4,0.0,4,5,1,1
22143,30.0,1,999,0,1.1,93.994,-36.4,4.857,5191.0,999.0,0,1.0,0.0,1.0,3,8,0.0,5,5,1,1
22144,31.0,1,999,1,-0.1,93.2,-42.0,4.191,5195.8,999.0,3,1.0,0.0,0.0,1,7,0.0,5,11,1,2
22145,35.0,1,999,0,1.4,93.918,-42.7,4.958,5228.1,999.0,0,1.0,0.0,0.0,2,7,0.0,1,7,1,1
22146,53.0,7,999,0,-0.1,93.2,-42.0,4.021,5195.8,999.0,0,1.0,0.0,0.0,2,6,0.0,5,11,1,1
22147,31.0,10,999,0,1.4,93.918,-42.7,4.968,5228.1,999.0,0,1.0,0.0,1.0,2,8,0.0,2,7,1,1
22148,31.0,9,999,0,1.4,94.465,-41.8,4.959,5228.1,999.0,0,0.0,0.0,1.0,3,5,0.0,9,6,1,1
22149,27.0,4,999,0,1.4,93.918,-42.7,4.962,5228.1,999.0,0,1.0,0.0,0.0,1,6,0.0,6,7,1,1
22150,31.0,4,999,1,-1.8,92.893,-46.2,1.281,5099.1,999.0,1,1.0,0.0,0.0,3,4,0.0,4,5,1,2
22151,55.0,3,999,1,-1.8,92.893,-46.2,1.25,5099.1,999.0,3,0.0,1.0,0.0,2,8,0.0,5,5,1,2
22152,52.0,2,999,0,1.4,94.465,-41.8,4.866,5228.1,999.0,0,1.0,0.0,1.0,2,4,0.0,5,6,1,1
22153,31.0,1,999,0,-2.9,92.963,-40.8,1.262,5076.2,999.0,0,0.0,0.0,0.0,1,5,0.0,11,6,1,1
22154,52.0,2,999,0,1.4,93.918,-42.7,4.962,5228.1,999.0,0,1.0,0.0,0.0,2,8,0.0,4,7,1,1
22155,48.0,6,999,0,1.1,93.994,-36.4,4.857,5191.0,999.0,0,1.0,1.0,1.0,2,5,0.0,10,5,2,1
22156,32.0,1,999,0,-0.1,93.2,-42.0,4.153,5195.8,999.0,0,0.0,1.0,0.0,3,5,0.0,9,11,1,1
22157,30.0,3,999,0,1.4,93.918,-42.7,4.962,5228.1,999.0,0,1.0,0.0,0.0,2,6,0.0,5,7,1,1
22158,31.0,5,999,0,1.4,93.918,-42.7,4.963,5228.1,999.0,0,1.0,0.0,0.0,1,8,0.0,11,7,1,1
22159,47.0,2,999,0,-0.1,93.2,-42.0,4.153,5195.8,999.0,0,0.0,0.0,0.0,2,8,0.0,3,11,1,1
22160,31.0,2,999,1,-1.8,92.893,-46.2,1.313,5099.1,999.0,2,0.0,0.0,0.0,2,5,0.0,4,5,1,2
22161,31.0,4,999,0,1.1,93.994,-36.4,4.86,5191.0,999.0,0,0.0,1.0,1.0,2,3,0.0,6,5,1,1
22162,31.0,1,999,0,-2.9,92.963,-40.8,1.262,5076.2,999.0,0,0.0,0.0,0.0,1,8,0.0,6,6,1,1
22163,52.0,2,999,0,1.1,93.994,-36.4,4.856,5191.0,999.0,0,1.0,0.0,1.0,2,6,0.0,5,5,1,1
22164,24.0,8,999,0,1.4,94.465,-41.8,4.865,5228.1,999.0,0,1.0,0.0,1.0,1,5,0.0,9,6,2,1
22165,42.0,1,999,0,-1.8,92.893,-46.2,1.25,5099.1,999.0,0,1.0,0.0,0.0,2,8,0.0,6,5,1,1
22166,35.0,4,999,0,1.4,94.465,-41.8,4.961,5228.1,999.0,0,1.0,1.0,1.0,2,8,0.0,5,6,1,1
22167,31.0,1,999,0,-1.7,94.027,-38.3,0.9,4991.6,999.0,0,1.0,1.0,1.0,1,8,0.0,11,8,1,1
22168,31.0,3,999,0,-0.1,93.2,-42.0,4.12,5195.8,999.0,0,1.0,0.0,0.0,2,4,0.0,6,11,1,1
22169,31.0,3,999,0,-1.1,94.601,-49.5,1.029,4963.6,999.0,0,1.0,0.0,0.0,1,5,0.0,11,10,1,1
22170,35.0,1,999,0,1.1,93.994,-36.4,4.856,5191.0,999.0,0,1.0,0.0,1.0,1,2,0.0,6,5,1,1
22171,38.0,1,999,0,1.1,93.994,-36.4,4.86,5191.0,999.0,0,0.0,1.0,1.0,2,5,0.0,9,5,1,1
22172,36.0,2,999,0,1.1,93.994,-36.4,4.864,5191.0,999.0,0,0.0,0.0,1.0,2,5,0.0,6,5,1,1
22173,42.0,1,999,0,1.4,93.918,-42.7,4.957,5228.1,999.0,0,1.0,0.0,0.0,2,7,0.0,6,7,1,1
22174,44.0,2,999,1,-1.8,92.893,-46.2,1.291,5099.1,999.0,0,1.0,0.0,0.0,3,8,0.0,6,5,1,2
22175,31.0,1,999,0,1.4,94.465,-41.8,4.967,5228.1,999.0,0,1.0,1.0,1.0,2,5,0.0,9,6,1,1
22176,48.0,8,999,0,1.4,94.465,-41.8,4.865,5228.1,999.0,0,1.0,0.0,1.0,2,3,0.0,4,6,2,1
22177,30.0,1,999,0,1.1,93.994,-36.4,4.859,5191.0,999.0,0,1.0,0.0,1.0,3,8,0.0,4,5,1,1
22178,53.0,2,999,0,1.4,93.444,-36.1,4.967,5228.1,999.0,0,0.0,0.0,0.0,1,8,0.0,5,8,1,1
22179,25.0,4,999,0,1.4,93.918,-42.7,4.961,5228.1,999.0,0,0.0,0.0,0.0,2,5,0.0,4,7,1,1
22180,41.0,5,999,0,1.1,93.994,-36.4,4.86,5191.0,999.0,0,0.0,0.0,1.0,2,4,0.0,4,5,1,1
22181,31.0,1,999,0,1.1,93.994,-36.4,4.858,5191.0,999.0,0,1.0,1.0,1.0,2,5,0.0,9,5,1,1
22182,33.0,3,999,0,1.1,93.994,-36.4,4.857,5191.0,999.0,0,1.0,0.0,1.0,2,7,0.0,7,5,2,1
22183,31.0,1,999,0,1.4,93.444,-36.1,4.965,5228.1,999.0,0,1.0,0.0,0.0,2,7,0.0,6,8,1,1
22184,44.0,2,999,0,1.1,93.994,-36.4,4.859,5191.0,999.0,0,0.0,0.0,1.0,2,7,0.0,3,5,1,1
22185,38.0,3,999,0,1.4,93.444,-36.1,4.965,5228.1,999.0,0,0.0,0.0,0.0,1,5,0.0,5,8,2,1
22186,28.0,1,999,0,1.1,93.994,-36.4,4.857,5191.0,999.0,0,1.0,0.0,1.0,2,5,0.0,9,5,1,1
22187,32.0,1,999,0,1.4,93.918,-42.7,4.963,5228.1,999.0,0,1.0,0.0,0.0,1,8,0.0,5,7,1,1
22188,31.0,5,999,0,-1.8,92.893,-46.2,1.266,5099.1,999.0,0,1.0,1.0,0.0,2,8,0.0,4,5,1,1
22189,39.0,1,999,0,-3.4,92.431,-26.9,0.739,5017.5,999.0,0,1.0,0.0,0.0,1,5,0.0,6,10,1,1
22190,56.0,2,999,0,1.4,94.465,-41.8,4.866,5228.1,999.0,0,0.0,0.0,1.0,3,8,0.0,6,6,1,1
22191,37.0,2,999,0,1.1,93.994,-36.4,4.857,5191.0,999.0,0,1.0,0.0,1.0,1,7,0.0,5,5,1,1
22192,57.0,1,999,0,-1.8,92.893,-46.2,1.266,5099.1,999.0,0,0.0,0.0,0.0,2,4,0.0,6,5,1,1
22193,30.0,2,999,0,1.1,93.994,-36.4,4.859,5191.0,999.0,0,1.0,1.0,1.0,2,8,0.0,5,5,1,1
22194,45.0,1,999,0,1.1,93.994,-36.4,4.86,5191.0,999.0,0,0.0,0.0,1.0,2,2,0.0,4,5,1,1
22195,39.0,2,999,0,-1.8,92.893,-46.2,1.25,5099.1,999.0,0,0.0,0.0,0.0,2,6,0.0,5,5,1,1
22196,35.0,4,999,0,1.4,93.918,-42.7,4.968,5228.1,999.0,0,0.0,0.0,0.0,2,8,0.0,5,7,1,1
22197,33.0,2,999,0,1.4,93.444,-36.1,4.965,5228.1,999.0,0,0.0,0.0,0.0,2,7,0.0,6,8,1,1
22198,28.0,2,999,0,1.1,93.994,-36.4,4.864,5191.0,999.0,0,0.0,0.0,1.0,2,4,0.0,4,5,1,1
22199,42.0,2,999,0,1.1,93.994,-36.4,4.857,5191.0,999.0,0,1.0,0.0,1.0,2,5,0.0,7,5,1,1
22200,55.0,2,999,0,1.4,93.918,-42.7,4.963,5228.1,999.0,0,1.0,0.0,0.0,2,8,0.0,4,7,1,1
22201,34.0,5,999,0,1.4,93.918,-42.7,4.963,5228.1,999.0,0,1.0,0.0,0.0,2,4,0.0,4,7,1,1
22202,31.0,1,999,0,1.4,93.444,-36.1,4.963,5228.1,999.0,0,0.0,0.0,0.0,1,6,0.0,5,8,1,1
22203,44.0,3,999,1,-1.8,92.893,-46.2,1.334,5099.1,999.0,3,0.0,0.0,0.0,2,8,0.0,6,5,1,2
22204,37.0,4,999,0,1.4,94.465,-41.8,4.865,5228.1,999.0,0,1.0,1.0,1.0,1,6,0.0,5,6,2,1
22205,27.0,2,999,0,1.4,93.918,-42.7,4.959,5228.1,999.0,0,1.0,1.0,1.0,2,7,0.0,6,7,1,1
22206,28.0,1,999,1,-2.9,92.201,-31.4,0.834,5076.2,999.0,0,1.0,0.0,0.0,2,8,0.0,6,8,1,2
22207,58.0,3,999,0,1.1,93.994,-36.4,4.856,5191.0,999.0,0,0.0,1.0,1.0,2,8,0.0,12,5,1,1
22208,31.0,5,999,0,1.4,93.918,-42.7,4.961,5228.1,999.0,0,1.0,0.0,0.0,3,2,0.0,4,7,1,1
22209,31.0,1,999,0,1.4,94.465,-41.8,4.864,5228.1,999.0,0,1.0,0.0,1.0,2,8,0.0,5,6,1,1
22210,31.0,1,999,0,1.4,93.918,-42.7,4.963,5228.1,999.0,0,1.0,0.0,0.0,2,5,0.0,10,7,1,1
22211,31.0,2,999,0,-1.8,92.893,-46.2,1.344,5099.1,999.0,0,1.0,1.0,0.0,2,8,0.0,4,5,1,1
22212,31.0,8,999,1,-1.8,92.893,-46.2,1.244,5099.1,999.0,1,0.0,0.0,0.0,3,6,0.0,4,5,2,2
22213,31.0,1,999,0,1.4,93.918,-42.7,4.961,5228.1,999.0,0,1.0,0.0,0.0,1,7,0.0,7,7,1,1
22214,31.0,5,999,0,1.4,93.444,-36.1,4.965,5228.1,999.0,0,1.0,0.0,0.0,3,7,0.0,6,8,2,1
22215,36.0,14,999,0,1.4,93.444,-36.1,4.965,5228.1,999.0,0,1.0,1.0,0.0,2,2,0.0,2,8,1,1
22216,45.0,3,999,0,1.4,93.444,-36.1,4.963,5228.1,999.0,0,1.0,1.0,0.0,2,8,0.0,9,8,1,1
22217,30.0,3,999,0,-1.8,92.893,-46.2,1.266,5099.1,999.0,0,1.0,0.0,0.0,2,7,0.0,5,5,1,1
22218,31.0,1,999,0,-2.9,92.469,-33.6,1.085,5076.2,999.0,0,1.0,0.0,1.0,1,5,0.0,6,7,1,1
22219,31.0,2,999,0,1.4,93.918,-42.7,4.961,5228.1,999.0,0,0.0,0.0,1.0,2,2,0.0,2,7,1,1
22220,31.0,1,3,1,-2.9,92.201,-31.4,0.873,5076.2,0.1,2,1.0,0.0,0.0,2,8,0.0,10,8,1,3
22221,43.0,1,999,0,1.4,93.444,-36.1,4.966,5228.1,999.0,0,0.0,0.0,0.0,2,7,0.0,6,8,1,1
22222,56.0,1,999,0,1.1,93.994,-36.4,4.858,5191.0,999.0,0,0.0,0.0,1.0,2,5,0.0,8,5,1,1
22223,42.0,2,999,0,1.4,93.918,-42.7,4.962,5228.1,999.0,0,0.0,1.0,0.0,2,7,0.0,6,7,1,1
22224,34.0,1,999,0,-0.1,93.2,-42.0,4.191,5195.8,999.0,0,1.0,0.0,0.0,2,2,0.0,4,11,2,1
22225,33.0,1,999,0,-0.1,93.2,-42.0,4.076,5195.8,999.0,0,1.0,1.0,0.0,2,2,0.0,4,11,1,1
22226,39.0,5,999,0,1.1,93.994,-36.4,4.855,5191.0,999.0,0,1.0,0.0,1.0,2,5,0.0,1,5,1,1
22227,42.0,1,999,1,-1.8,93.075,-47.1,1.405,5099.1,999.0,2,0.0,0.0,0.0,2,8,0.0,6,4,1,2
22228,31.0,3,999,0,-3.4,92.379,-29.8,0.773,5017.5,999.0,0,1.0,0.0,0.0,2,8,0.0,10,9,1,1
22229,29.0,1,999,0,-1.8,92.893,-46.2,1.244,5099.1,999.0,0,1.0,0.0,0.0,2,7,0.0,6,5,2,1
22230,31.0,2,999,0,1.1,93.994,-36.4,4.856,5191.0,999.0,0,1.0,0.0,1.0,2,8,0.0,3,5,1,1
22231,32.0,1,999,0,1.1,93.994,-36.4,4.856,5191.0,999.0,0,0.0,1.0,1.0,2,8,0.0,4,5,1,1
22232,34.0,1,999,1,-1.8,93.075,-47.1,1.405,5099.1,999.0,3,1.0,0.0,0.0,2,8,0.0,4,4,2,2
22233,50.0,2,999,0,1.1,93.994,-36.4,4.864,5191.0,999.0,0,1.0,0.0,1.0,2,8,0.0,4,5,1,1
22234,48.0,1,999,0,1.4,93.918,-42.7,4.968,5228.1,999.0,0,0.0,0.0,1.0,2,8,0.0,5,7,1,1
22235,29.0,4,999,0,-1.8,92.893,-46.2,1.281,5099.1,999.0,0,1.0,0.0,0.0,2,4,0.0,4,5,1,1
22236,24.0,1,999,1,-2.9,92.963,-40.8,1.206,5076.2,999.0,1,1.0,1.0,0.0,1,8,0.0,11,6,1,2
22237,31.0,1,999,0,1.4,93.918,-42.7,4.957,5228.1,999.0,0,1.0,0.0,0.0,1,3,0.0,4,7,1,1
22238,52.0,3,999,0,-1.8,92.893,-46.2,1.334,5099.1,999.0,0,0.0,0.0,0.0,2,2,0.0,4,5,1,1
22239,31.0,2,999,0,1.4,93.918,-42.7,4.957,5228.1,999.0,0,0.0,1.0,0.0,1,6,0.0,5,7,1,1
22240,31.0,3,6,3,-1.1,94.199,-37.5,0.881,4963.6,0.2,6,1.0,0.0,0.0,1,8,0.0,6,9,1,3
22241,25.0,1,999,0,1.4,93.918,-42.7,4.963,5228.1,999.0,0,0.0,0.0,0.0,2,8,0.0,4,7,1,1
22242,31.0,1,999,0,1.4,94.465,-41.8,4.961,5228.1,999.0,0,1.0,0.0,1.0,3,8,0.0,4,6,2,1
22243,43.0,2,999,0,1.4,93.444,-36.1,4.963,5228.1,999.0,0,1.0,0.0,0.0,1,7,0.0,6,8,1,1
22244,31.0,2,999,0,1.1,93.994,-36.4,4.859,5191.0,999.0,0,0.0,0.0,1.0,2,5,0.0,6,5,1,1
22245,51.0,3,999,0,1.4,93.444,-36.1,4.964,5228.1,999.0,0,0.0,0.0,0.0,2,8,0.0,9,8,1,1
22246,50.0,1,999,0,1.4,93.918,-42.7,4.961,5228.1,999.0,0,0.0,0.0,0.0,2,8,0.0,9,7,1,1
22247,36.0,1,999,0,1.4,93.918,-42.7,4.963,5228.1,999.0,0,1.0,0.0,0.0,1,5,0.0,10,7,1,1
22248,34.0,1,999,0,1.4,93.918,-42.7,4.963,5228.1,999.0,0,0.0,1.0,0.0,2,6,0.0,5,7,1,1
22249,56.0,2,999,0,1.4,94.465,-41.8,4.864,5228.1,999.0,0,1.0,0.0,1.0,1,4,0.0,6,6,1,1
22250,24.0,3,999,0,1.4,93.918,-42.7,4.958,5228.1,999.0,0,0.0,0.0,0.0,1,5,0.0,9,7,1,1
22251,31.0,2,999,0,-0.1,93.2,-42.0,4.191,5195.8,999.0,0,1.0,0.0,0.0,3,5,0.0,6,11,2,1
22252,50.0,1,999,0,1.1,93.994,-36.4,4.86,5191.0,999.0,0,0.0,0.0,1.0,2,8,0.0,3,5,1,1
22253,53.0,19,999,0,1.4,94.465,-41.8,4.96,5228.1,999.0,0,0.0,0.0,1.0,2,8,0.0,6,6,2,1
22254,31.0,1,999,0,1.4,93.918,-42.7,4.963,5228.1,999.0,0,0.0,1.0,0.0,2,6,0.0,5,7,1,1
22255,54.0,3,999,1,-1.8,93.075,-47.1,1.405,5099.1,999.0,2,1.0,0.0,0.0,2,8,0.0,5,4,2,2
22256,31.0,2,999,0,1.4,94.465,-41.8,4.959,5228.1,999.0,0,1.0,0.0,1.0,1,6,0.0,9,6,1,1
22257,54.0,1,999,0,-1.8,92.893,-46.2,1.334,5099.1,999.0,0,0.0,0.0,1.0,3,7,0.0,3,5,1,1
22258,36.0,1,999,0,-0.1,93.2,-42.0,4.021,5195.8,999.0,0,1.0,0.0,0.0,2,7,0.0,6,11,1,1
22259,59.0,4,999,1,-1.8,92.893,-46.2,1.266,5099.1,999.0,3,1.0,1.0,0.0,2,2,0.0,3,5,1,2
22260,50.0,1,999,0,1.4,93.444,-36.1,4.964,5228.1,999.0,0,1.0,0.0,0.0,2,7,0.0,5,8,1,1
22261,47.0,13,999,0,1.4,94.465,-41.8,4.865,5228.1,999.0,0,1.0,0.0,1.0,3,6,0.0,1,6,2,1
22262,40.0,5,999,0,1.4,94.465,-41.8,4.959,5228.1,999.0,0,0.0,0.0,1.0,2,7,0.0,6,6,1,1
22263,36.0,4,999,0,1.4,93.918,-42.7,4.962,5228.1,999.0,0,0.0,0.0,0.0,2,7,0.0,6,7,1,1
22264,31.0,1,999,0,-0.1,93.2,-42.0,4.191,5195.8,999.0,0,0.0,0.0,0.0,2,7,0.0,3,11,2,1
22265,31.0,2,999,1,-0.1,93.2,-42.0,4.076,5195.8,999.0,2,0.0,0.0,0.0,1,5,0.0,4,11,1,2
22266,31.0,1,999,0,-0.1,93.2,-42.0,4.153,5195.8,999.0,0,1.0,1.0,0.0,1,7,0.0,10,11,1,1
22267,36.0,3,999,0,1.4,93.918,-42.7,4.96,5228.1,999.0,0,1.0,0.0,0.0,2,3,0.0,5,7,2,1
22268,34.0,1,999,0,1.4,93.918,-42.7,4.957,5228.1,999.0,0,1.0,0.0,0.0,1,7,0.0,6,7,1,1
22269,28.0,1,999,0,1.1,93.994,-36.4,4.855,5191.0,999.0,0,0.0,0.0,1.0,1,3,0.0,4,5,1,1
22270,51.0,3,999,0,1.4,93.918,-42.7,4.963,5228.1,999.0,0,1.0,0.0,0.0,2,8,0.0,5,7,1,1
22271,37.0,3,2,2,-1.7,94.055,-39.8,0.723,4991.6,0.0666666666667,4,1.0,0.0,1.0,2,7,0.0,10,6,1,3
22272,32.0,2,999,0,1.4,93.444,-36.1,4.963,5228.1,999.0,0,0.0,0.0,0.0,2,7,0.0,6,8,2,1
22273,32.0,9,999,0,-1.8,92.893,-46.2,1.313,5099.1,999.0,0,1.0,0.0,1.0,2,5,0.0,6,5,1,1
22274,40.0,3,999,1,-2.9,92.963,-40.8,1.26,5076.2,999.0,1,0.0,0.0,0.0,2,4,0.0,10,6,2,2
22275,48.0,2,999,1,-1.8,93.075,-47.1,1.405,5099.1,999.0,1,1.0,0.0,0.0,1,5,0.0,9,4,1,2
22276,49.0,13,999,0,1.4,94.465,-41.8,4.962,5228.1,999.0,0,1.0,0.0,1.0,2,6,0.0,5,6,1,1
22277,38.0,2,999,0,1.1,93.994,-36.4,4.857,5191.0,999.0,0,0.0,0.0,1.0,1,7,0.0,1,5,2,1
22278,30.0,2,999,0,-1.8,92.893,-46.2,1.244,5099.1,999.0,0,0.0,0.0,0.0,1,8,0.0,9,5,2,1
22279,31.0,1,999,0,1.4,94.465,-41.8,4.865,5228.1,999.0,0,1.0,0.0,1.0,2,7,0.0,7,6,2,1
22280,21.0,2,4,2,-2.9,92.201,-31.4,0.873,5076.2,0.133333333333,6,0.0,0.0,0.0,1,5,0.0,11,8,1,3
22281,31.0,1,999,0,1.4,93.444,-36.1,4.966,5228.1,999.0,0,1.0,0.0,0.0,2,7,0.0,6,8,1,1
22282,31.0,3,999,0,-1.8,92.893,-46.2,1.291,5099.1,999.0,0,1.0,0.0,0.0,1,8,0.0,5,5,1,1
22283,28.0,1,999,1,-3.4,92.431,-26.9,0.739,5017.5,999.0,2,1.0,0.0,1.0,2,4,0.0,9,10,1,2
22284,35.0,1,999,1,-1.8,92.893,-46.2,1.299,5099.1,999.0,2,1.0,0.0,0.0,2,7,0.0,5,5,2,2
22285,47.0,3,999,0,-0.1,93.2,-42.0,4.153,5195.8,999.0,0,0.0,0.0,1.0,2,8,0.0,3,11,1,1
22286,33.0,1,999,0,-1.8,92.893,-46.2,1.25,5099.1,999.0,0,1.0,0.0,0.0,2,5,0.0,6,5,1,1
22287,42.0,1,999,0,-1.8,93.075,-47.1,1.405,5099.1,999.0,0,0.0,1.0,0.0,1,8,0.0,3,4,2,1
22288,34.0,1,999,0,-1.8,92.843,-50.0,1.726,5099.1,999.0,0,0.0,0.0,0.0,1,6,0.0,5,3,1,1
22289,37.0,1,999,0,1.4,93.444,-36.1,4.965,5228.1,999.0,0,1.0,1.0,0.0,1,6,0.0,5,8,2,1
22290,31.0,2,999,0,-1.8,93.075,-47.1,1.405,5099.1,999.0,0,0.0,1.0,1.0,3,5,0.0,5,4,1,1
22291,32.0,5,999,0,-0.1,93.2,-42.0,4.021,5195.8,999.0,0,0.0,0.0,0.0,2,7,0.0,3,11,1,1
22292,39.0,3,999,0,1.4,93.918,-42.7,4.957,5228.1,999.0,0,1.0,0.0,0.0,2,8,0.0,4,7,1,1
22293,45.0,1,999,0,1.1,93.994,-36.4,4.856,5191.0,999.0,0,0.0,0.0,1.0,1,6,0.0,9,5,1,1
22294,32.0,3,999,1,-3.4,92.649,-30.1,0.716,5017.5,999.0,1,0.0,0.0,0.0,2,2,0.0,4,11,1,2
22295,46.0,5,999,0,-2.9,92.469,-33.6,1.048,5076.2,999.0,0,1.0,0.0,0.0,1,7,0.0,6,7,2,1
22296,55.0,1,999,0,1.1,93.994,-36.4,4.855,5191.0,999.0,0,1.0,0.0,1.0,3,7,0.0,6,5,1,1
22297,31.0,1,999,0,1.4,93.918,-42.7,4.962,5228.1,999.0,0,1.0,0.0,0.0,1,7,0.0,6,7,1,1
22298,31.0,5,999,0,-3.4,92.649,-30.1,0.714,5017.5,999.0,0,1.0,0.0,0.0,2,8,0.0,6,11,2,1
22299,31.0,2,999,0,1.1,93.994,-36.4,4.857,5191.0,999.0,0,1.0,0.0,1.0,2,4,0.0,5,5,2,1
22300,36.0,1,999,0,-2.9,92.201,-31.4,0.869,5076.2,999.0,0,0.0,0.0,0.0,1,7,0.0,10,8,1,1
22301,29.0,2,999,1,-1.8,92.893,-46.2,1.281,5099.1,999.0,2,1.0,0.0,1.0,1,4,0.0,6,5,1,2
22302,42.0,6,999,0,1.4,93.918,-42.7,4.963,5228.1,999.0,0,0.0,0.0,0.0,2,8,0.0,6,7,1,1
22303,27.0,3,999,0,1.4,94.465,-41.8,4.962,5228.1,999.0,0,0.0,0.0,1.0,2,8,0.0,4,6,1,1
22304,31.0,3,999,0,1.4,94.465,-41.8,4.955,5228.1,999.0,0,0.0,0.0,1.0,4,8,0.0,5,6,1,1
22305,31.0,7,999,0,1.4,93.918,-42.7,4.962,5228.1,999.0,0,0.0,1.0,0.0,2,7,0.0,5,7,1,1
22306,31.0,31,999,0,1.4,94.465,-41.8,4.961,5228.1,999.0,0,0.0,0.0,1.0,2,8,0.0,4,6,1,1
22307,59.0,1,999,0,1.4,93.918,-42.7,4.962,5228.1,999.0,0,1.0,0.0,0.0,1,6,0.0,8,7,1,1
22308,45.0,1,999,0,1.4,93.444,-36.1,4.963,5228.1,999.0,0,1.0,0.0,0.0,2,5,0.0,5,8,1,1
22309,36.0,6,999,0,1.4,94.465,-41.8,4.864,5228.1,999.0,0,0.0,0.0,1.0,1,8,0.0,4,6,1,1
22310,48.0,2,999,0,-1.8,93.369,-34.8,0.646,5008.7,999.0,0,1.0,0.0,0.0,2,7,0.0,10,3,2,1
22311,31.0,2,999,0,-1.8,92.893,-46.2,1.281,5099.1,999.0,0,1.0,0.0,0.0,2,8,0.0,9,5,1,1
22312,32.0,1,999,0,-1.8,93.369,-34.8,0.634,5008.7,999.0,0,1.0,0.0,1.0,2,8,0.0,3,3,1,1
22313,36.0,1,999,0,1.1,93.994,-36.4,4.858,5191.0,999.0,0,0.0,0.0,1.0,2,8,0.0,6,5,2,1
22314,31.0,1,999,0,1.4,94.465,-41.8,4.961,5228.1,999.0,0,0.0,0.0,1.0,1,4,0.0,4,6,2,1
22315,51.0,2,999,0,1.4,93.444,-36.1,4.964,5228.1,999.0,0,1.0,0.0,0.0,2,6,0.0,5,8,1,1
22316,28.0,3,999,0,-1.8,92.893,-46.2,1.291,5099.1,999.0,0,1.0,1.0,0.0,1,8,0.0,4,5,1,1
22317,40.0,3,999,0,1.1,93.994,-36.4,4.857,5191.0,999.0,0,0.0,0.0,1.0,2,2,0.0,1,5,2,1
22318,32.0,1,999,0,-1.8,92.843,-50.0,1.52,5099.1,999.0,0,1.0,0.0,0.0,2,7,0.0,6,3,1,1
22319,31.0,2,999,0,-1.8,92.893,-46.2,1.281,5099.1,999.0,0,0.0,0.0,0.0,1,5,0.0,9,5,1,1
22320,31.0,1,999,0,-1.1,94.601,-49.5,1.016,4963.6,999.0,0,1.0,0.0,1.0,2,8,0.0,5,10,1,1
22321,31.0,2,999,0,1.1,93.994,-36.4,4.857,5191.0,999.0,0,0.0,0.0,1.0,2,8,0.0,9,5,1,1
22322,39.0,1,999,0,-1.8,92.893,-46.2,1.25,5099.1,999.0,0,0.0,0.0,0.0,2,7,0.0,6,5,1,1
22323,45.0,2,999,0,-1.8,93.075,-47.1,1.41,5099.1,999.0,0,1.0,0.0,0.0,2,8,0.0,7,4,1,1
22324,44.0,1,999,0,-0.1,93.2,-42.0,4.076,5195.8,999.0,0,0.0,0.0,0.0,2,8,0.0,7,11,1,1
22325,43.0,1,999,0,-1.8,92.893,-46.2,1.334,5099.1,999.0,0,1.0,0.0,0.0,2,7,0.0,3,5,1,1
22326,88.0,1,999,0,-1.8,92.843,-50.0,1.663,5099.1,999.0,0,1.0,0.0,0.0,3,2,0.0,8,3,1,1
22327,52.0,1,999,0,1.1,93.994,-36.4,4.857,5191.0,999.0,0,0.0,0.0,1.0,1,5,0.0,9,5,1,1
22328,43.0,2,999,0,1.4,93.918,-42.7,4.963,5228.1,999.0,0,1.0,0.0,0.0,3,2,0.0,4,7,1,1
22329,31.0,4,999,0,1.1,93.994,-36.4,4.859,5191.0,999.0,0,1.0,1.0,1.0,1,6,0.0,5,5,1,1
22330,39.0,4,999,0,-0.1,93.2,-42.0,4.021,5195.8,999.0,0,0.0,0.0,0.0,1,8,0.0,6,11,1,1
22331,31.0,4,999,0,-1.8,92.893,-46.2,1.299,5099.1,999.0,0,1.0,0.0,0.0,2,3,0.0,9,5,2,1
22332,31.0,1,999,0,-0.1,93.2,-42.0,4.153,5195.8,999.0,0,1.0,0.0,0.0,2,5,0.0,9,11,1,1
22333,31.0,1,999,0,-0.1,93.2,-42.0,4.076,5195.8,999.0,0,1.0,1.0,0.0,2,6,0.0,5,11,1,1
22334,50.0,5,999,0,1.4,94.465,-41.8,4.961,5228.1,999.0,0,1.0,0.0,1.0,2,6,0.0,5,6,1,1
22335,34.0,1,6,1,-1.8,93.369,-34.8,0.646,5008.7,0.2,6,1.0,0.0,1.0,2,6,0.0,5,3,2,3
22336,50.0,2,999,0,1.4,94.465,-41.8,4.864,5228.1,999.0,0,0.0,0.0,1.0,3,8,0.0,4,6,1,1
22337,39.0,1,999,0,-0.1,93.2,-42.0,4.153,5195.8,999.0,0,1.0,0.0,0.0,2,5,0.0,3,11,1,1
22338,38.0,1,999,0,1.4,94.465,-41.8,4.967,5228.1,999.0,0,0.0,0.0,1.0,2,5,0.0,4,6,1,1
22339,24.0,1,999,0,-2.9,92.201,-31.4,0.881,5076.2,999.0,0,0.0,0.0,0.0,1,5,0.0,11,8,1,1
22340,29.0,2,999,0,1.4,93.918,-42.7,4.963,5228.1,999.0,0,1.0,1.0,0.0,2,5,0.0,4,7,1,1
22341,31.0,3,999,0,1.1,93.994,-36.4,4.855,5191.0,999.0,0,0.0,0.0,1.0,1,8,0.0,4,5,1,1
22342,31.0,1,999,0,1.4,93.918,-42.7,4.956,5228.1,999.0,0,0.0,0.0,1.0,2,5,0.0,9,7,1,1
22343,57.0,2,999,0,1.4,93.918,-42.7,4.955,5228.1,999.0,0,0.0,0.0,1.0,3,8,0.0,8,7,1,1
22344,32.0,1,999,0,-0.1,93.2,-42.0,4.12,5195.8,999.0,0,1.0,0.0,0.0,1,5,0.0,4,11,1,1
22345,55.0,16,999,0,1.4,94.465,-41.8,4.958,5228.1,999.0,0,0.0,0.0,1.0,3,5,0.0,8,6,1,1
22346,47.0,1,999,0,1.4,94.465,-41.8,4.959,5228.1,999.0,0,0.0,0.0,1.0,2,7,0.0,6,6,1,1
22347,51.0,2,999,0,1.1,93.994,-36.4,4.86,5191.0,999.0,0,1.0,0.0,1.0,2,8,0.0,5,5,1,1
22348,38.0,2,999,0,1.4,94.465,-41.8,4.961,5228.1,999.0,0,0.0,0.0,1.0,2,8,0.0,4,6,1,1
22349,46.0,3,999,0,1.4,93.918,-42.7,4.963,5228.1,999.0,0,1.0,0.0,0.0,3,6,0.0,5,7,1,1
22350,33.0,2,999,0,1.4,93.918,-42.7,4.961,5228.1,999.0,0,1.0,0.0,0.0,2,3,0.0,4,7,1,1
22351,31.0,6,999,0,1.4,93.444,-36.1,4.963,5228.1,999.0,0,1.0,0.0,0.0,2,5,0.0,1,8,1,1
22352,43.0,3,999,0,1.1,93.994,-36.4,4.857,5191.0,999.0,0,0.0,1.0,1.0,2,8,0.0,3,5,2,1
22353,31.0,2,999,0,-1.8,92.843,-50.0,1.602,5099.1,999.0,0,0.0,0.0,0.0,1,5,0.0,4,3,1,1
22354,28.0,2,999,0,-1.8,92.893,-46.2,1.259,5099.1,999.0,0,1.0,0.0,0.0,1,7,0.0,6,5,1,1
22355,28.0,6,999,0,1.4,94.465,-41.8,4.866,5228.1,999.0,0,1.0,0.0,1.0,1,7,0.0,6,6,1,1
22356,42.0,1,999,0,1.4,93.918,-42.7,4.963,5228.1,999.0,0,1.0,0.0,0.0,1,7,0.0,6,7,1,1
22357,50.0,4,999,0,1.4,93.918,-42.7,4.962,5228.1,999.0,0,1.0,0.0,0.0,3,8,0.0,1,7,2,1
22358,31.0,1,999,0,1.4,93.444,-36.1,4.963,5228.1,999.0,0,0.0,0.0,0.0,2,8,0.0,5,8,1,1
22359,36.0,1,999,0,-1.8,92.893,-46.2,1.327,5099.1,999.0,0,1.0,1.0,0.0,2,2,0.0,4,5,1,1
22360,34.0,2,999,1,-1.8,92.893,-46.2,1.344,5099.1,999.0,2,1.0,0.0,0.0,2,7,0.0,6,5,1,2
22361,40.0,3,999,0,1.1,93.994,-36.4,4.857,5191.0,999.0,0,1.0,0.0,1.0,2,8,0.0,4,5,1,1
22362,34.0,3,999,0,1.4,93.918,-42.7,4.968,5228.1,999.0,0,0.0,0.0,0.0,2,7,0.0,5,7,1,1
22363,39.0,1,999,0,1.1,93.994,-36.4,4.86,5191.0,999.0,0,0.0,0.0,1.0,2,7,0.0,6,5,1,1
22364,29.0,2,999,1,-1.8,92.893,-46.2,1.313,5099.1,999.0,0,1.0,0.0,0.0,1,8,0.0,4,5,1,2
22365,38.0,3,999,1,-0.1,93.2,-42.0,4.076,5195.8,999.0,0,1.0,0.0,0.0,2,7,0.0,7,11,1,2
22366,55.0,1,999,0,1.4,93.444,-36.1,4.963,5228.1,999.0,0,1.0,0.0,0.0,2,4,0.0,6,8,1,1
22367,39.0,1,999,0,1.4,93.444,-36.1,4.968,5228.1,999.0,0,0.0,0.0,0.0,1,8,0.0,5,8,1,1
22368,46.0,4,999,0,1.4,93.918,-42.7,4.966,5228.1,999.0,0,0.0,0.0,1.0,2,4,0.0,4,7,1,1
22369,37.0,1,999,0,1.1,93.994,-36.4,4.859,5191.0,999.0,0,1.0,0.0,1.0,2,5,0.0,6,5,1,1
22370,35.0,1,999,0,-0.1,93.2,-42.0,4.12,5195.8,999.0,0,1.0,1.0,0.0,1,4,0.0,5,11,1,1
22371,39.0,1,999,0,-1.8,92.893,-46.2,1.334,5099.1,999.0,0,0.0,0.0,0.0,2,8,0.0,4,5,1,1
22372,51.0,1,999,0,-1.8,93.075,-47.1,1.365,5099.1,999.0,0,1.0,0.0,0.0,2,6,0.0,5,4,1,1
22373,37.0,2,999,0,1.1,93.994,-36.4,4.857,5191.0,999.0,0,1.0,0.0,1.0,2,6,0.0,5,5,1,1
22374,43.0,1,999,0,-1.8,92.893,-46.2,1.344,5099.1,999.0,0,0.0,1.0,0.0,2,3,0.0,4,5,1,1
22375,29.0,3,999,0,1.4,93.918,-42.7,4.963,5228.1,999.0,0,0.0,0.0,0.0,1,5,0.0,6,7,1,1
22376,59.0,2,999,0,1.1,93.994,-36.4,4.86,5191.0,999.0,0,1.0,1.0,1.0,2,8,0.0,6,5,1,1
22377,31.0,1,999,0,-1.8,92.893,-46.2,1.299,5099.1,999.0,0,1.0,0.0,0.0,2,4,0.0,4,5,2,1
22378,30.0,1,999,0,1.1,93.994,-36.4,4.857,5191.0,999.0,0,0.0,0.0,1.0,2,6,0.0,5,5,1,1
22379,40.0,1,999,1,-0.1,93.2,-42.0,4.153,5195.8,999.0,4,0.0,0.0,0.0,2,5,0.0,9,11,1,2
22380,33.0,10,999,0,1.4,93.444,-36.1,4.963,5228.1,999.0,0,1.0,0.0,0.0,2,7,0.0,6,8,1,1
22381,44.0,2,999,0,1.1,93.994,-36.4,4.857,5191.0,999.0,0,0.0,0.0,1.0,2,4,0.0,4,5,1,1
22382,47.0,3,999,0,1.4,93.918,-42.7,4.962,5228.1,999.0,0,1.0,1.0,0.0,1,8,0.0,8,7,2,1
22383,28.0,1,3,1,-2.9,92.201,-31.4,0.879,5076.2,0.1,3,0.0,1.0,0.0,1,6,0.0,5,8,1,3
22384,58.0,2,999,0,1.1,93.994,-36.4,4.857,5191.0,999.0,0,0.0,0.0,1.0,2,2,0.0,10,5,2,1
22385,36.0,1,999,0,-0.1,93.2,-42.0,4.191,5195.8,999.0,0,1.0,0.0,0.0,2,4,0.0,10,11,2,1
22386,48.0,2,999,0,1.1,93.994,-36.4,4.86,5191.0,999.0,0,1.0,0.0,1.0,2,8,0.0,9,5,1,1
22387,31.0,2,999,0,1.4,93.444,-36.1,4.964,5228.1,999.0,0,0.0,0.0,0.0,1,8,0.0,5,8,1,1
22388,31.0,2,999,0,1.4,93.444,-36.1,4.965,5228.1,999.0,0,1.0,0.0,0.0,2,7,0.0,6,8,2,1
22389,48.0,2,999,0,1.1,93.994,-36.4,4.856,5191.0,999.0,0,0.0,1.0,1.0,3,5,0.0,6,5,1,1
22390,31.0,2,999,0,1.4,93.444,-36.1,4.965,5228.1,999.0,0,1.0,0.0,0.0,2,2,0.0,8,8,2,1
22391,31.0,2,999,0,1.4,93.918,-42.7,4.968,5228.1,999.0,0,0.0,0.0,0.0,2,8,0.0,1,7,1,1
22392,54.0,3,999,0,1.1,93.994,-36.4,4.857,5191.0,999.0,0,0.0,0.0,1.0,3,6,0.0,8,5,2,1
22393,27.0,1,999,0,-1.1,94.199,-37.5,0.879,4963.6,999.0,0,1.0,0.0,1.0,1,7,0.0,6,9,2,1
22394,31.0,5,999,0,1.4,93.444,-36.1,4.965,5228.1,999.0,0,0.0,0.0,0.0,3,8,0.0,5,8,2,1
22395,42.0,1,999,0,1.4,94.465,-41.8,4.958,5228.1,999.0,0,0.0,0.0,1.0,2,8,0.0,4,6,1,1
22396,27.0,1,999,0,1.1,93.994,-36.4,4.855,5191.0,999.0,0,0.0,1.0,1.0,2,8,0.0,4,5,1,1
22397,53.0,1,999,1,-1.8,92.893,-46.2,1.25,5099.1,999.0,1,0.0,0.0,0.0,2,3,0.0,9,5,1,2
22398,31.0,1,999,0,-1.8,92.893,-46.2,1.281,5099.1,999.0,0,1.0,0.0,0.0,3,8,0.0,4,5,1,1
22399,47.0,6,999,0,1.4,93.444,-36.1,4.962,5228.1,999.0,0,1.0,1.0,0.0,2,5,0.0,6,8,1,1
22400,31.0,6,999,0,1.4,93.918,-42.7,4.957,5228.1,999.0,0,1.0,0.0,0.0,1,7,0.0,6,7,1,1
22401,50.0,1,999,0,-0.1,93.2,-42.0,4.076,5195.8,999.0,0,1.0,0.0,0.0,1,8,0.0,6,11,1,1
22402,52.0,2,999,0,1.4,94.465,-41.8,4.961,5228.1,999.0,0,1.0,0.0,1.0,2,5,0.0,10,6,1,1
22403,74.0,2,999,0,-1.1,94.601,-49.5,1.0,4963.6,999.0,0,1.0,0.0,0.0,3,2,0.0,8,10,2,1
22404,41.0,2,999,0,1.4,93.444,-36.1,4.963,5228.1,999.0,0,0.0,0.0,0.0,2,6,0.0,5,8,2,1
22405,31.0,1,999,0,-2.9,92.963,-40.8,1.26,5076.2,999.0,0,1.0,0.0,0.0,1,8,0.0,6,6,1,1
22406,31.0,18,999,0,1.4,93.918,-42.7,4.968,5228.1,999.0,0,0.0,0.0,1.0,1,5,0.0,9,7,1,1
22407,33.0,1,999,0,1.4,93.918,-42.7,4.958,5228.1,999.0,0,1.0,1.0,0.0,3,7,0.0,5,7,1,1
22408,32.0,1,999,0,1.4,94.465,-41.8,4.958,5228.1,999.0,0,0.0,0.0,1.0,2,7,0.0,5,6,1,1
22409,31.0,1,999,2,-1.7,94.215,-40.3,0.881,4991.6,999.0,2,1.0,0.0,0.0,1,8,0.0,6,7,1,2
22410,53.0,1,999,0,1.4,94.465,-41.8,4.864,5228.1,999.0,0,1.0,0.0,1.0,3,7,0.0,6,6,1,1
22411,43.0,5,999,0,-1.8,92.893,-46.2,1.327,5099.1,999.0,0,0.0,0.0,0.0,2,8,0.0,5,5,1,1
22412,39.0,2,999,0,1.1,93.994,-36.4,4.859,5191.0,999.0,0,1.0,0.0,1.0,2,8,0.0,4,5,1,1
22413,44.0,2,999,0,1.4,93.918,-42.7,4.962,5228.1,999.0,0,1.0,0.0,0.0,2,4,0.0,4,7,2,1
22414,56.0,1,999,0,1.4,94.465,-41.8,4.961,5228.1,999.0,0,1.0,1.0,1.0,2,2,0.0,9,6,2,1
22415,45.0,1,999,0,1.4,94.465,-41.8,4.958,5228.1,999.0,0,0.0,1.0,1.0,2,8,0.0,1,6,1,1
22416,32.0,4,999,0,-1.8,93.075,-47.1,1.405,5099.1,999.0,0,1.0,0.0,0.0,1,8,0.0,11,4,2,1
22417,35.0,1,999,1,-1.8,92.893,-46.2,1.291,5099.1,999.0,2,1.0,0.0,0.0,1,7,0.0,6,5,1,2
22418,44.0,3,999,0,1.4,94.465,-41.8,4.866,5228.1,999.0,0,1.0,0.0,1.0,1,4,0.0,5,6,1,1
22419,58.0,5,999,0,1.4,94.465,-41.8,4.959,5228.1,999.0,0,0.0,0.0,1.0,2,8,0.0,8,6,1,1
22420,31.0,2,999,0,-0.1,93.2,-42.0,4.076,5195.8,999.0,0,1.0,0.0,0.0,2,8,0.0,3,11,1,1
22421,39.0,1,999,1,-1.8,93.075,-47.1,1.405,5099.1,999.0,1,1.0,0.0,0.0,1,8,0.0,6,4,2,2
22422,31.0,3,999,0,1.1,93.994,-36.4,4.857,5191.0,999.0,0,0.0,0.0,1.0,1,8,0.0,6,5,1,1
22423,37.0,1,999,1,-1.8,92.893,-46.2,1.327,5099.1,999.0,1,0.0,0.0,1.0,1,7,0.0,11,5,1,2
22424,21.0,1,999,0,-1.7,94.215,-40.3,0.81,4991.6,999.0,0,0.0,0.0,0.0,1,8,0.0,11,7,1,1
22425,30.0,1,999,0,1.4,94.465,-41.8,4.967,5228.1,999.0,0,0.0,1.0,1.0,2,8,0.0,9,6,1,1
22426,31.0,5,999,0,1.4,94.465,-41.8,4.959,5228.1,999.0,0,0.0,0.0,1.0,2,5,0.0,3,6,1,1
22427,50.0,4,999,0,-1.8,92.893,-46.2,1.327,5099.1,999.0,0,1.0,0.0,1.0,2,4,0.0,6,5,1,1
22428,31.0,2,999,0,-1.8,92.893,-46.2,1.244,5099.1,999.0,0,1.0,0.0,0.0,2,5,0.0,9,5,2,1
22429,31.0,2,999,0,1.4,93.444,-36.1,4.963,5228.1,999.0,0,0.0,0.0,0.0,1,7,0.0,6,8,1,1
22430,41.0,7,999,0,-1.8,92.893,-46.2,1.244,5099.1,999.0,0,1.0,0.0,0.0,2,6,0.0,10,5,2,1
22431,59.0,2,999,1,-1.8,92.893,-46.2,1.327,5099.1,999.0,3,0.0,0.0,0.0,3,8,0.0,8,5,1,2
22432,39.0,3,6,1,-1.1,94.199,-37.5,0.876,4963.6,0.2,0,0.0,0.0,1.0,2,6,0.0,7,9,1,3
22433,41.0,2,999,0,1.1,93.994,-36.4,4.859,5191.0,999.0,0,0.0,0.0,1.0,2,4,0.0,5,5,1,1
22434,42.0,5,999,0,1.4,93.918,-42.7,4.968,5228.1,999.0,0,0.0,0.0,0.0,2,7,0.0,6,7,1,1
22435,37.0,2,999,0,1.1,93.994,-36.4,4.86,5191.0,999.0,0,0.0,0.0,1.0,2,8,0.0,10,5,1,1
22436,34.0,1,999,0,-1.8,93.369,-34.8,0.636,5008.7,999.0,0,0.0,0.0,0.0,3,8,0.0,6,3,1,1
22437,27.0,1,999,0,-1.8,92.893,-46.2,1.266,5099.1,999.0,0,0.0,0.0,0.0,1,7,0.0,6,5,1,1
22438,31.0,2,999,0,-0.1,93.2,-42.0,4.076,5195.8,999.0,0,0.0,0.0,0.0,2,4,0.0,4,11,1,1
22439,31.0,2,999,0,-1.8,92.843,-50.0,1.64,5099.1,999.0,0,0.0,0.0,0.0,1,7,0.0,1,3,1,1
22440,38.0,1,999,0,1.1,93.994,-36.4,4.857,5191.0,999.0,0,0.0,0.0,1.0,2,5,0.0,3,5,1,1
22441,31.0,1,999,1,-1.8,92.893,-46.2,1.334,5099.1,999.0,1,0.0,0.0,0.0,1,7,0.0,11,5,1,2
22442,31.0,1,999,0,-1.8,93.075,-47.1,1.405,5099.1,999.0,0,0.0,1.0,0.0,1,3,0.0,6,4,1,1
22443,46.0,3,999,0,1.4,93.444,-36.1,4.966,5228.1,999.0,0,0.0,0.0,0.0,2,7,0.0,5,8,1,1
22444,33.0,5,999,0,-1.8,92.893,-46.2,1.25,5099.1,999.0,0,1.0,0.0,0.0,2,4,0.0,4,5,1,1
22445,60.0,1,999,0,1.4,93.444,-36.1,4.962,5228.1,999.0,0,1.0,0.0,0.0,2,4,0.0,6,8,1,1
22446,31.0,1,999,0,-1.8,93.075,-47.1,1.405,5099.1,999.0,0,0.0,0.0,0.0,1,5,0.0,9,4,1,1
22447,27.0,1,999,1,-1.8,93.075,-47.1,1.41,5099.1,999.0,2,0.0,0.0,0.0,1,5,0.0,6,4,1,2
22448,26.0,1,999,0,-1.8,92.893,-46.2,1.266,5099.1,999.0,0,0.0,0.0,0.0,1,7,0.0,3,5,1,1
22449,34.0,1,999,0,1.1,93.994,-36.4,4.86,5191.0,999.0,0,1.0,0.0,1.0,2,8,0.0,3,5,1,1
22450,45.0,1,999,0,-1.8,92.893,-46.2,1.344,5099.1,999.0,0,1.0,0.0,0.0,3,8,0.0,5,5,1,1
22451,31.0,3,999,0,-1.8,92.893,-46.2,1.299,5099.1,999.0,0,0.0,0.0,0.0,3,8,0.0,6,5,2,1
22452,34.0,1,999,0,1.1,93.994,-36.4,4.857,5191.0,999.0,0,1.0,1.0,1.0,1,7,0.0,4,5,1,1
22453,58.0,1,999,0,1.1,93.994,-36.4,4.857,5191.0,999.0,0,1.0,0.0,1.0,2,2,0.0,4,5,1,1
22454,39.0,1,999,0,1.1,93.994,-36.4,4.857,5191.0,999.0,0,0.0,0.0,1.0,2,4,0.0,4,5,1,1
22455,31.0,5,999,0,1.4,93.444,-36.1,4.963,5228.1,999.0,0,1.0,0.0,0.0,2,7,0.0,6,8,1,1
22456,30.0,1,999,0,1.4,93.444,-36.1,4.964,5228.1,999.0,0,0.0,0.0,0.0,1,8,0.0,6,8,1,1
22457,31.0,1,999,0,1.1,93.994,-36.4,4.856,5191.0,999.0,0,0.0,0.0,1.0,1,7,0.0,6,5,1,1
22458,40.0,12,999,0,1.1,93.994,-36.4,4.858,5191.0,999.0,0,1.0,0.0,1.0,1,8,0.0,6,5,1,1
22459,49.0,1,999,0,1.4,93.444,-36.1,4.963,5228.1,999.0,0,0.0,0.0,0.0,2,5,0.0,4,8,1,1
22460,31.0,1,999,0,1.4,93.918,-42.7,4.961,5228.1,999.0,0,1.0,0.0,0.0,3,7,0.0,3,7,1,1
22461,31.0,6,999,0,1.4,93.444,-36.1,4.964,5228.1,999.0,0,1.0,0.0,0.0,2,8,0.0,4,8,1,1
22462,31.0,3,999,0,1.4,94.465,-41.8,4.967,5228.1,999.0,0,0.0,0.0,1.0,2,2,0.0,4,6,1,1
22463,30.0,2,999,0,-1.1,94.767,-50.8,1.039,4963.6,999.0,0,1.0,0.0,0.0,1,7,0.0,6,11,2,1
22464,37.0,11,999,0,1.4,93.918,-42.7,4.961,5228.1,999.0,0,1.0,0.0,0.0,1,5,0.0,6,7,1,1
22465,46.0,4,999,0,1.1,93.994,-36.4,4.859,5191.0,999.0,0,0.0,0.0,1.0,2,7,0.0,12,5,1,1
22466,35.0,1,999,0,-1.8,93.075,-47.1,1.41,5099.1,999.0,0,0.0,1.0,0.0,2,6,0.0,6,4,1,1
22467,31.0,1,999,0,1.4,93.444,-36.1,4.964,5228.1,999.0,0,1.0,1.0,0.0,2,8,0.0,9,8,1,1
22468,55.0,2,999,0,1.1,93.994,-36.4,4.856,5191.0,999.0,0,0.0,0.0,1.0,2,8,0.0,5,5,1,1
22469,27.0,2,999,0,-2.9,92.201,-31.4,0.825,5076.2,999.0,0,1.0,0.0,0.0,1,7,0.0,11,8,1,1
22470,47.0,2,999,0,1.1,93.994,-36.4,4.864,5191.0,999.0,0,1.0,0.0,1.0,2,3,0.0,4,5,1,1
22471,26.0,1,3,1,-3.4,92.649,-30.1,0.715,5017.5,0.1,3,1.0,0.0,0.0,1,8,0.0,6,11,2,3
22472,31.0,13,999,0,1.4,94.465,-41.8,4.959,5228.1,999.0,0,0.0,0.0,1.0,2,4,0.0,4,6,1,1
22473,50.0,7,999,1,-2.9,92.963,-40.8,1.268,5076.2,999.0,3,1.0,0.0,0.0,2,7,0.0,6,6,1,2
22474,48.0,3,999,0,1.4,93.918,-42.7,4.96,5228.1,999.0,0,0.0,0.0,0.0,2,8,0.0,4,7,2,1
22475,31.0,2,999,0,1.4,93.918,-42.7,4.963,5228.1,999.0,0,0.0,1.0,0.0,3,7,0.0,5,7,1,1
22476,31.0,1,999,0,-1.8,93.075,-47.1,1.405,5099.1,999.0,0,0.0,0.0,0.0,3,8,0.0,5,4,2,1
22477,57.0,3,999,0,1.4,93.444,-36.1,4.964,5228.1,999.0,0,1.0,0.0,0.0,2,6,0.0,5,8,1,1
22478,31.0,2,999,0,1.4,93.444,-36.1,4.963,5228.1,999.0,0,1.0,0.0,0.0,1,7,0.0,6,8,1,1
22479,31.0,5,999,0,1.4,94.465,-41.8,4.967,5228.1,999.0,0,0.0,0.0,1.0,2,8,0.0,6,6,1,1
22480,39.0,1,999,0,1.1,93.994,-36.4,4.859,5191.0,999.0,0,1.0,0.0,1.0,2,7,0.0,3,5,1,1
22481,48.0,6,999,0,-0.1,93.2,-42.0,4.021,5195.8,999.0,0,0.0,0.0,0.0,2,6,0.0,9,11,1,1
22482,31.0,1,999,0,-0.1,93.798,-40.4,4.968,5195.8,999.0,0,0.0,0.0,1.0,1,5,0.0,6,10,1,1
22483,31.0,1,999,0,1.1,93.994,-36.4,4.857,5191.0,999.0,0,0.0,0.0,1.0,3,8,0.0,6,5,1,1
22484,32.0,3,3,1,-1.8,92.893,-46.2,1.354,5099.1,0.1,1,1.0,0.0,0.0,2,3,0.0,1,5,1,3
22485,54.0,2,999,0,-0.1,93.2,-42.0,4.153,5195.8,999.0,0,0.0,0.0,0.0,2,7,0.0,5,11,1,1
22486,27.0,2,999,0,-2.9,92.201,-31.4,0.879,5076.2,999.0,0,0.0,0.0,0.0,1,7,0.0,6,8,1,1
22487,31.0,25,999,0,1.4,93.918,-42.7,4.968,5228.1,999.0,0,0.0,1.0,0.0,2,7,0.0,6,7,1,1
22488,29.0,1,999,0,1.4,93.918,-42.7,4.957,5228.1,999.0,0,1.0,0.0,0.0,1,7,0.0,6,7,1,1
22489,29.0,8,999,0,-1.8,92.893,-46.2,1.266,5099.1,999.0,0,0.0,0.0,0.0,2,4,0.0,4,5,1,1
22490,37.0,3,999,0,-1.8,92.893,-46.2,1.266,5099.1,999.0,0,1.0,1.0,0.0,2,8,0.0,9,5,1,1
22491,31.0,3,999,1,-1.8,92.893,-46.2,1.313,5099.1,999.0,3,1.0,0.0,0.0,1,8,0.0,4,5,1,2
22492,60.0,4,999,0,1.4,93.918,-42.7,4.963,5228.1,999.0,0,1.0,0.0,0.0,2,8,0.0,1,7,1,1
22493,31.0,1,999,0,-0.1,93.2,-42.0,4.153,5195.8,999.0,0,0.0,0.0,0.0,1,7,0.0,7,11,1,1
22494,31.0,2,999,0,1.1,93.994,-36.4,4.855,5191.0,999.0,0,1.0,0.0,1.0,2,7,0.0,3,5,1,1
22495,19.0,3,999,0,-1.8,93.075,-47.1,1.405,5099.1,999.0,0,1.0,1.0,0.0,1,8,0.0,11,4,1,1
22496,31.0,2,999,0,-1.8,92.893,-46.2,1.334,5099.1,999.0,0,1.0,0.0,0.0,1,6,0.0,5,5,1,1
22497,31.0,1,999,0,1.4,93.918,-42.7,4.957,5228.1,999.0,0,1.0,0.0,0.0,2,8,0.0,4,7,1,1
22498,34.0,1,999,0,1.4,93.918,-42.7,4.963,5228.1,999.0,0,0.0,0.0,0.0,1,8,0.0,1,7,1,1
22499,31.0,1,999,0,1.4,94.465,-41.8,4.865,5228.1,999.0,0,0.0,0.0,1.0,1,8,0.0,9,6,2,1
22500,35.0,1,999,0,-1.8,92.893,-46.2,1.327,5099.1,999.0,0,1.0,1.0,0.0,1,5,0.0,9,5,1,1
22501,31.0,1,999,0,1.4,93.918,-42.7,4.963,5228.1,999.0,0,0.0,0.0,0.0,2,5,0.0,6,7,1,1
22502,31.0,1,999,0,-1.8,92.893,-46.2,1.281,5099.1,999.0,0,1.0,0.0,0.0,2,8,0.0,4,5,1,1
22503,52.0,2,999,0,1.4,93.918,-42.7,4.963,5228.1,999.0,0,0.0,1.0,0.0,2,2,0.0,2,7,1,1
22504,31.0,4,999,0,1.4,93.918,-42.7,4.957,5228.1,999.0,0,1.0,0.0,0.0,3,5,0.0,6,7,1,1
22505,28.0,2,999,0,1.1,93.994,-36.4,4.857,5191.0,999.0,0,0.0,0.0,1.0,2,8,0.0,6,5,1,1
22506,26.0,1,999,0,1.4,93.918,-42.7,4.962,5228.1,999.0,0,1.0,1.0,0.0,1,5,0.0,9,7,1,1
22507,34.0,13,999,0,1.4,93.918,-42.7,4.962,5228.1,999.0,0,1.0,1.0,0.0,2,5,0.0,9,7,2,1
22508,31.0,1,999,2,-1.7,94.027,-38.3,0.898,4991.6,999.0,2,0.0,0.0,0.0,1,8,0.0,5,8,1,2
22509,31.0,1,999,0,1.4,93.444,-36.1,4.97,5228.1,999.0,0,0.0,1.0,0.0,3,8,0.0,3,8,1,1
22510,31.0,1,999,0,1.4,93.918,-42.7,4.962,5228.1,999.0,0,1.0,0.0,0.0,4,8,0.0,12,7,2,1
22511,36.0,2,999,1,-1.8,92.893,-46.2,1.334,5099.1,999.0,4,1.0,0.0,0.0,2,8,0.0,3,5,1,2
22512,31.0,2,999,0,1.1,93.994,-36.4,4.857,5191.0,999.0,0,1.0,0.0,1.0,2,8,0.0,4,5,1,1
22513,46.0,3,999,0,-1.8,92.893,-46.2,1.327,5099.1,999.0,0,1.0,0.0,0.0,1,4,0.0,4,5,1,1
22514,53.0,1,999,0,1.1,93.994,-36.4,4.857,5191.0,999.0,0,1.0,0.0,1.0,3,8,0.0,5,5,1,1
22515,30.0,4,999,0,1.1,93.994,-36.4,4.855,5191.0,999.0,0,1.0,0.0,1.0,2,8,0.0,4,5,1,1
22516,32.0,2,999,0,1.4,93.918,-42.7,4.968,5228.1,999.0,0,0.0,1.0,0.0,1,5,0.0,9,7,1,1
22517,31.0,2,999,0,1.1,93.994,-36.4,4.857,5191.0,999.0,0,1.0,1.0,1.0,2,8,0.0,4,5,1,1
22518,31.0,1,999,0,1.1,93.994,-36.4,4.855,5191.0,999.0,0,0.0,0.0,1.0,2,8,0.0,4,5,1,1
22519,30.0,1,999,0,-1.8,93.075,-47.1,1.365,5099.1,999.0,0,0.0,0.0,0.0,1,7,0.0,6,4,1,1
22520,29.0,42,999,0,1.1,93.994,-36.4,4.858,5191.0,999.0,0,1.0,0.0,1.0,2,6,0.0,5,5,2,1
22521,47.0,7,999,0,-1.8,92.893,-46.2,1.266,5099.1,999.0,0,0.0,0.0,0.0,3,5,0.0,7,5,1,1
22522,31.0,1,999,0,-1.8,92.893,-46.2,1.313,5099.1,999.0,0,0.0,1.0,0.0,2,8,0.0,5,5,1,1
22523,41.0,8,999,0,-1.8,92.893,-46.2,1.244,5099.1,999.0,0,0.0,0.0,0.0,3,5,0.0,6,5,2,1
22524,39.0,4,999,0,1.4,93.444,-36.1,4.962,5228.1,999.0,0,0.0,0.0,0.0,1,6,0.0,5,8,1,1
22525,31.0,2,999,0,1.1,93.994,-36.4,4.86,5191.0,999.0,0,1.0,0.0,1.0,2,6,0.0,5,5,1,1
22526,31.0,2,999,0,1.1,93.994,-36.4,4.864,5191.0,999.0,0,0.0,0.0,1.0,1,8,0.0,9,5,1,1
22527,31.0,1,999,0,1.4,93.444,-36.1,4.965,5228.1,999.0,0,0.0,0.0,0.0,3,7,0.0,6,8,1,1
22528,46.0,5,999,0,1.4,93.918,-42.7,4.961,5228.1,999.0,0,1.0,0.0,0.0,3,6,0.0,5,7,1,1
22529,53.0,2,999,0,-3.4,92.649,-30.1,0.715,5017.5,999.0,0,1.0,0.0,0.0,2,7,0.0,6,11,1,1
22530,51.0,1,999,0,-0.1,93.2,-42.0,4.191,5195.8,999.0,0,1.0,0.0,0.0,2,8,0.0,3,11,2,1
22531,31.0,2,999,0,1.4,93.444,-36.1,4.97,5228.1,999.0,0,0.0,0.0,0.0,2,7,0.0,8,8,2,1
22532,35.0,3,999,0,1.4,94.465,-41.8,4.961,5228.1,999.0,0,0.0,1.0,1.0,2,8,0.0,6,6,1,1
22533,31.0,2,999,0,1.4,93.444,-36.1,4.965,5228.1,999.0,0,1.0,0.0,0.0,2,5,0.0,4,8,1,1
22534,46.0,1,999,0,1.4,94.465,-41.8,4.967,5228.1,999.0,0,1.0,0.0,1.0,2,8,0.0,7,6,1,1
22535,35.0,2,999,0,1.4,94.465,-41.8,4.864,5228.1,999.0,0,1.0,0.0,1.0,2,8,0.0,4,6,1,1
22536,34.0,1,999,0,1.1,93.994,-36.4,4.857,5191.0,999.0,0,0.0,0.0,1.0,2,5,0.0,9,5,1,1
22537,49.0,3,999,0,1.4,94.465,-41.8,4.959,5228.1,999.0,0,1.0,0.0,1.0,2,3,0.0,4,6,1,1
22538,56.0,2,999,0,1.1,93.994,-36.4,4.855,5191.0,999.0,0,0.0,0.0,1.0,3,8,0.0,2,5,1,1
22539,31.0,1,999,0,-1.8,93.075,-47.1,1.41,5099.1,999.0,0,1.0,0.0,0.0,1,5,0.0,6,4,1,1
22540,40.0,1,999,0,1.1,93.994,-36.4,4.858,5191.0,999.0,0,0.0,1.0,1.0,1,7,0.0,2,5,1,1
22541,33.0,3,999,0,-0.1,93.2,-42.0,4.153,5195.8,999.0,0,0.0,0.0,0.0,1,4,0.0,5,11,1,1
22542,37.0,2,999,0,1.4,93.918,-42.7,4.963,5228.1,999.0,0,1.0,0.0,0.0,2,7,0.0,7,7,1,1
22543,53.0,1,999,0,-0.1,93.2,-42.0,4.076,5195.8,999.0,0,0.0,0.0,0.0,2,7,0.0,3,11,1,1
22544,31.0,2,999,0,1.1,93.994,-36.4,4.857,5191.0,999.0,0,0.0,0.0,1.0,2,7,0.0,5,5,2,1
22545,51.0,1,999,0,1.4,93.918,-42.7,4.962,5228.1,999.0,0,1.0,0.0,0.0,2,5,0.0,9,7,1,1
22546,31.0,2,999,0,1.4,93.444,-36.1,4.963,5228.1,999.0,0,0.0,0.0,0.0,3,7,0.0,6,8,2,1
22547,31.0,2,999,0,1.1,93.994,-36.4,4.855,5191.0,999.0,0,0.0,0.0,1.0,2,7,0.0,6,5,1,1
22548,34.0,7,999,0,1.4,93.918,-42.7,4.962,5228.1,999.0,0,1.0,0.0,1.0,2,6,0.0,5,7,1,1
22549,31.0,1,999,0,1.4,93.444,-36.1,4.965,5228.1,999.0,0,0.0,0.0,0.0,2,7,0.0,3,8,1,1
22550,32.0,2,999,0,-1.8,92.893,-46.2,1.344,5099.1,999.0,0,1.0,1.0,0.0,3,7,0.0,3,5,1,1
22551,31.0,1,6,3,-1.7,94.055,-39.8,0.761,4991.6,0.2,15,1.0,0.0,0.0,1,8,0.0,11,6,1,3
22552,47.0,1,999,0,1.1,93.994,-36.4,4.857,5191.0,999.0,0,0.0,0.0,1.0,2,8,0.0,7,5,1,1
22553,46.0,1,999,0,1.4,93.918,-42.7,4.962,5228.1,999.0,0,0.0,1.0,0.0,2,8,0.0,4,7,1,1
22554,31.0,1,999,0,1.4,93.918,-42.7,4.963,5228.1,999.0,0,1.0,0.0,0.0,2,6,0.0,5,7,1,1
22555,30.0,1,999,0,1.4,93.444,-36.1,4.97,5228.1,999.0,0,0.0,0.0,0.0,2,7,0.0,6,8,2,1
22556,51.0,1,999,0,1.4,93.918,-42.7,4.96,5228.1,999.0,0,0.0,1.0,0.0,2,6,0.0,5,7,2,1
22557,55.0,1,999,0,1.4,93.918,-42.7,4.968,5228.1,999.0,0,0.0,0.0,0.0,3,7,0.0,6,7,1,1
22558,40.0,8,999,0,1.4,94.465,-41.8,4.959,5228.1,999.0,0,0.0,0.0,1.0,2,8,0.0,4,6,1,1
22559,54.0,1,999,0,-3.4,92.649,-30.1,0.72,5017.5,999.0,0,1.0,1.0,0.0,2,7,0.0,6,11,1,1
22560,43.0,1,999,0,1.1,93.994,-36.4,4.857,5191.0,999.0,0,0.0,0.0,1.0,1,8,0.0,9,5,2,1
22561,43.0,4,999,0,1.1,93.994,-36.4,4.859,5191.0,999.0,0,1.0,0.0,1.0,1,4,0.0,4,5,1,1
22562,41.0,1,999,0,1.4,93.918,-42.7,4.962,5228.1,999.0,0,0.0,0.0,0.0,1,5,0.0,7,7,1,1
22563,60.0,5,999,0,-1.8,92.893,-46.2,1.354,5099.1,999.0,0,1.0,0.0,0.0,2,8,0.0,4,5,2,1
22564,31.0,3,999,0,1.4,93.444,-36.1,4.97,5228.1,999.0,0,0.0,1.0,0.0,1,8,0.0,6,8,2,1
22565,47.0,7,999,0,1.4,93.444,-36.1,4.965,5228.1,999.0,0,1.0,0.0,0.0,3,8,0.0,4,8,2,1
22566,31.0,2,999,0,-1.8,92.893,-46.2,1.299,5099.1,999.0,0,0.0,0.0,0.0,2,3,0.0,4,5,2,1
22567,51.0,2,999,0,-3.4,92.379,-29.8,0.768,5017.5,999.0,0,1.0,0.0,0.0,2,5,0.0,10,9,1,1
22568,31.0,6,999,0,1.4,94.465,-41.8,4.947,5228.1,999.0,0,0.0,0.0,1.0,1,8,0.0,9,6,1,1
22569,46.0,1,999,0,1.4,93.444,-36.1,4.965,5228.1,999.0,0,0.0,0.0,0.0,2,4,0.0,4,8,2,1
22570,51.0,2,999,0,-2.9,92.201,-31.4,0.881,5076.2,999.0,0,1.0,0.0,1.0,2,8,0.0,5,8,1,1
22571,41.0,2,999,0,-1.8,92.893,-46.2,1.281,5099.1,999.0,0,1.0,1.0,0.0,2,8,0.0,4,5,1,1
22572,53.0,1,999,1,-3.4,92.379,-29.8,0.77,5017.5,999.0,3,0.0,0.0,0.0,2,6,0.0,5,9,1,2
22573,38.0,4,999,0,-1.8,92.893,-46.2,1.266,5099.1,999.0,0,0.0,0.0,0.0,2,2,0.0,4,5,1,1
22574,29.0,1,3,3,-1.8,93.876,-40.0,0.683,5008.7,0.1,0,0.0,0.0,0.0,1,7,0.0,6,5,1,3
22575,31.0,1,999,0,1.4,94.465,-41.8,4.967,5228.1,999.0,0,1.0,1.0,1.0,2,4,0.0,7,6,1,1
22576,44.0,5,999,0,-0.1,93.2,-42.0,4.12,5195.8,999.0,0,1.0,0.0,0.0,1,5,0.0,9,11,1,1
22577,53.0,1,999,0,1.4,94.465,-41.8,4.967,5228.1,999.0,0,0.0,0.0,1.0,2,8,0.0,9,6,1,1
22578,42.0,1,999,0,1.1,93.994,-36.4,4.857,5191.0,999.0,0,0.0,0.0,1.0,3,4,0.0,5,5,1,1
22579,29.0,1,999,0,-0.1,93.2,-42.0,4.12,5195.8,999.0,0,0.0,0.0,0.0,1,7,0.0,3,11,1,1
22580,34.0,2,999,0,1.1,93.994,-36.4,4.86,5191.0,999.0,0,0.0,0.0,1.0,2,8,0.0,5,5,1,1
22581,33.0,2,999,0,1.4,93.444,-36.1,4.966,5228.1,999.0,0,1.0,0.0,0.0,2,6,0.0,6,8,1,1
22582,50.0,1,999,0,1.4,93.918,-42.7,4.966,5228.1,999.0,0,1.0,1.0,1.0,2,8,0.0,4,7,1,1
22583,35.0,3,999,0,1.4,94.465,-41.8,4.961,5228.1,999.0,0,1.0,1.0,1.0,3,2,0.0,10,6,1,1
22584,33.0,2,999,0,-1.8,93.075,-47.1,1.435,5099.1,999.0,0,1.0,0.0,0.0,1,8,0.0,5,4,1,1
22585,28.0,1,999,0,-1.8,93.075,-47.1,1.392,5099.1,999.0,0,0.0,0.0,0.0,1,8,0.0,4,4,2,1
22586,49.0,4,999,0,1.1,93.994,-36.4,4.855,5191.0,999.0,0,1.0,1.0,1.0,2,7,0.0,10,5,1,1
22587,28.0,1,999,1,-1.8,92.893,-46.2,1.281,5099.1,999.0,4,1.0,0.0,1.0,1,6,0.0,5,5,1,2
22588,25.0,7,999,0,1.4,93.918,-42.7,4.963,5228.1,999.0,0,0.0,0.0,1.0,2,8,0.0,6,7,1,1
22589,39.0,1,999,0,-1.8,92.893,-46.2,1.344,5099.1,999.0,0,1.0,1.0,0.0,3,6,0.0,9,5,1,1
22590,36.0,1,999,0,1.4,93.918,-42.7,4.963,5228.1,999.0,0,1.0,0.0,0.0,2,8,0.0,4,7,1,1
22591,31.0,3,999,0,1.4,93.444,-36.1,4.965,5228.1,999.0,0,1.0,0.0,0.0,2,5,0.0,5,8,2,1
22592,46.0,24,999,0,1.1,93.994,-36.4,4.86,5191.0,999.0,0,0.0,0.0,1.0,2,2,0.0,1,5,1,1
22593,31.0,1,6,2,-1.8,93.369,-34.8,0.634,5008.7,0.2,8,1.0,0.0,0.0,1,7,0.0,6,3,1,3
22594,31.0,6,999,0,1.4,93.918,-42.7,4.963,5228.1,999.0,0,1.0,0.0,0.0,1,7,0.0,6,7,1,1
22595,57.0,2,999,0,-0.1,93.2,-42.0,4.076,5195.8,999.0,0,1.0,1.0,0.0,3,7,0.0,3,11,1,1
22596,39.0,3,999,0,-1.8,92.893,-46.2,1.354,5099.1,999.0,0,1.0,0.0,0.0,2,8,0.0,6,5,2,1
22597,39.0,1,999,0,1.1,93.994,-36.4,4.857,5191.0,999.0,0,0.0,0.0,1.0,2,7,0.0,1,5,1,1
22598,42.0,1,999,1,-1.8,92.893,-46.2,1.334,5099.1,999.0,1,0.0,0.0,0.0,2,4,0.0,4,5,1,2
22599,28.0,1,999,0,1.1,93.994,-36.4,4.857,5191.0,999.0,0,0.0,0.0,1.0,1,8,0.0,4,5,2,1
22600,40.0,1,999,0,-3.4,92.379,-29.8,0.803,5017.5,999.0,0,1.0,0.0,1.0,3,5,0.0,6,9,1,1
22601,31.0,2,999,0,1.4,94.465,-41.8,4.961,5228.1,999.0,0,1.0,1.0,1.0,2,8,0.0,4,6,1,1
22602,29.0,10,999,0,1.4,94.465,-41.8,4.961,5228.1,999.0,0,0.0,0.0,1.0,1,7,0.0,6,6,2,1
22603,44.0,3,999,0,1.4,94.465,-41.8,4.962,5228.1,999.0,0,0.0,0.0,1.0,1,5,0.0,6,6,1,1
22604,41.0,1,999,0,1.4,93.444,-36.1,4.963,5228.1,999.0,0,0.0,0.0,1.0,2,8,0.0,6,8,1,1
22605,35.0,3,999,0,1.4,93.444,-36.1,4.964,5228.1,999.0,0,1.0,0.0,0.0,2,7,0.0,7,8,1,1
22606,47.0,4,999,1,-1.8,92.893,-46.2,1.244,5099.1,999.0,1,0.0,0.0,0.0,1,7,0.0,6,5,2,2
22607,48.0,2,999,0,1.4,93.918,-42.7,4.961,5228.1,999.0,0,0.0,0.0,0.0,2,7,0.0,10,7,1,1
22608,38.0,3,999,0,1.4,93.918,-42.7,4.962,5228.1,999.0,0,1.0,0.0,0.0,1,4,0.0,4,7,2,1
22609,31.0,1,999,0,1.1,93.994,-36.4,4.864,5191.0,999.0,0,1.0,0.0,1.0,2,5,0.0,9,5,1,1
22610,49.0,1,999,0,1.4,93.918,-42.7,4.958,5228.1,999.0,0,1.0,0.0,0.0,2,5,0.0,6,7,1,1
22611,19.0,1,999,0,-1.8,92.843,-50.0,1.556,5099.1,999.0,0,0.0,0.0,0.0,1,3,0.0,11,3,1,1
22612,38.0,2,999,0,1.4,94.465,-41.8,4.866,5228.1,999.0,0,1.0,0.0,1.0,2,2,0.0,9,6,1,1
22613,30.0,2,999,0,1.4,93.444,-36.1,4.965,5228.1,999.0,0,0.0,0.0,0.0,1,5,0.0,5,8,2,1
22614,31.0,1,999,0,-1.8,92.893,-46.2,1.327,5099.1,999.0,0,1.0,0.0,0.0,2,4,0.0,9,5,1,1
22615,39.0,1,999,0,1.4,94.465,-41.8,4.947,5228.1,999.0,0,0.0,0.0,1.0,2,2,0.0,10,6,2,1
22616,53.0,1,999,0,1.1,93.994,-36.4,4.857,5191.0,999.0,0,1.0,0.0,1.0,2,2,0.0,2,5,1,1
22617,26.0,2,999,0,-2.9,92.201,-31.4,0.869,5076.2,999.0,0,1.0,0.0,0.0,1,8,0.0,11,8,1,1
22618,37.0,2,999,1,-1.8,92.893,-46.2,1.313,5099.1,999.0,2,0.0,0.0,0.0,2,4,0.0,4,5,1,2
22619,31.0,2,999,0,1.4,93.918,-42.7,4.96,5228.1,999.0,0,1.0,0.0,0.0,2,8,0.0,3,7,1,1
22620,41.0,2,999,0,1.1,93.994,-36.4,4.857,5191.0,999.0,0,0.0,0.0,1.0,2,8,0.0,5,5,1,1
22621,36.0,1,999,0,-1.8,92.893,-46.2,1.244,5099.1,999.0,0,0.0,0.0,0.0,1,5,0.0,9,5,2,1
22622,21.0,1,999,0,1.4,93.918,-42.7,4.957,5228.1,999.0,0,1.0,0.0,0.0,1,5,0.0,6,7,1,1
22623,47.0,7,999,1,-1.8,92.893,-46.2,1.281,5099.1,999.0,2,1.0,0.0,0.0,2,2,0.0,4,5,1,2
22624,32.0,2,999,0,-2.9,92.963,-40.8,1.26,5076.2,999.0,0,1.0,0.0,0.0,2,7,0.0,6,6,1,1
22625,24.0,2,999,0,1.1,93.994,-36.4,4.858,5191.0,999.0,0,1.0,0.0,1.0,2,8,0.0,4,5,2,1
22626,33.0,4,999,0,-0.1,93.2,-42.0,4.021,5195.8,999.0,0,1.0,0.0,0.0,2,7,0.0,6,11,1,1
22627,48.0,1,999,0,-0.1,93.2,-42.0,4.12,5195.8,999.0,0,0.0,0.0,0.0,1,7,0.0,6,11,1,1
22628,51.0,2,999,0,-2.9,92.963,-40.8,1.268,5076.2,999.0,0,1.0,1.0,0.0,1,7,0.0,6,6,1,1
22629,38.0,3,999,0,1.1,93.994,-36.4,4.856,5191.0,999.0,0,1.0,1.0,1.0,1,7,0.0,1,5,1,1
22630,31.0,1,999,0,-1.8,93.075,-47.1,1.405,5099.1,999.0,0,0.0,0.0,0.0,4,7,0.0,6,4,2,1
22631,54.0,1,999,0,1.4,93.918,-42.7,4.963,5228.1,999.0,0,0.0,0.0,0.0,3,2,0.0,4,7,1,1
22632,31.0,5,999,0,1.4,93.918,-42.7,4.968,5228.1,999.0,0,1.0,0.0,0.0,1,5,0.0,9,7,1,1
22633,52.0,5,999,0,1.4,94.465,-41.8,4.961,5228.1,999.0,0,1.0,1.0,1.0,2,5,0.0,10,6,1,1
22634,51.0,1,999,0,1.1,93.994,-36.4,4.858,5191.0,999.0,0,0.0,0.0,1.0,2,5,0.0,9,5,1,1
22635,35.0,2,999,0,1.4,94.465,-41.8,4.958,5228.1,999.0,0,1.0,0.0,1.0,3,8,0.0,5,6,1,1
22636,31.0,4,999,0,1.4,94.465,-41.8,4.959,5228.1,999.0,0,0.0,0.0,1.0,2,7,0.0,6,6,1,1
22637,31.0,2,999,2,-1.8,93.075,-47.1,1.41,5099.1,999.0,0,1.0,1.0,0.0,2,4,0.0,4,4,1,2
22638,57.0,2,999,1,-1.8,92.893,-46.2,1.344,5099.1,999.0,1,0.0,0.0,0.0,2,8,0.0,4,5,1,2
22639,58.0,2,999,0,1.4,93.444,-36.1,4.965,5228.1,999.0,0,1.0,0.0,0.0,3,8,0.0,6,8,2,1
22640,59.0,1,999,0,-1.8,93.075,-47.1,1.415,5099.1,999.0,0,0.0,0.0,0.0,3,8,0.0,6,4,1,1
22641,30.0,2,999,0,1.1,93.994,-36.4,4.859,5191.0,999.0,0,1.0,0.0,1.0,2,4,0.0,1,5,1,1
22642,31.0,11,999,0,1.1,93.994,-36.4,4.86,5191.0,999.0,0,1.0,0.0,1.0,2,3,0.0,4,5,1,1
22643,49.0,2,999,0,-0.1,93.2,-42.0,4.021,5195.8,999.0,0,0.0,0.0,0.0,2,8,0.0,4,11,1,1
22644,51.0,4,999,0,1.4,93.918,-42.7,4.961,5228.1,999.0,0,0.0,0.0,0.0,3,5,0.0,5,7,1,1
22645,53.0,6,999,0,1.4,93.444,-36.1,4.965,5228.1,999.0,0,1.0,0.0,0.0,2,3,0.0,4,8,2,1
22646,58.0,3,999,0,1.1,93.994,-36.4,4.857,5191.0,999.0,0,0.0,0.0,1.0,2,3,0.0,8,5,2,1
22647,52.0,3,999,0,1.4,93.444,-36.1,4.963,5228.1,999.0,0,0.0,0.0,0.0,2,4,0.0,4,8,1,1
22648,31.0,3,999,1,-1.8,92.893,-46.2,1.344,5099.1,999.0,3,0.0,1.0,0.0,2,5,0.0,9,5,1,2
22649,43.0,8,999,0,1.4,93.918,-42.7,4.962,5228.1,999.0,0,1.0,1.0,1.0,2,5,0.0,9,7,2,1
22650,31.0,1,999,0,-3.4,92.431,-26.9,0.735,5017.5,999.0,0,1.0,0.0,1.0,2,7,0.0,6,10,1,1
22651,53.0,5,999,0,1.4,93.444,-36.1,4.966,5228.1,999.0,0,1.0,0.0,0.0,2,2,0.0,4,8,1,1
22652,42.0,1,999,0,1.4,94.465,-41.8,4.967,5228.1,999.0,0,0.0,0.0,1.0,2,8,0.0,9,6,1,1
22653,31.0,4,999,0,1.4,94.465,-41.8,4.967,5228.1,999.0,0,0.0,0.0,1.0,2,4,0.0,1,6,1,1
22654,26.0,2,999,0,-1.8,93.075,-47.1,1.41,5099.1,999.0,0,0.0,0.0,0.0,2,4,0.0,4,4,1,1
22655,55.0,2,999,0,-0.1,93.2,-42.0,4.12,5195.8,999.0,0,1.0,0.0,0.0,2,5,0.0,5,11,1,1
22656,40.0,1,999,1,-0.1,93.2,-42.0,4.153,5195.8,999.0,1,1.0,0.0,0.0,2,4,0.0,7,11,1,2
22657,33.0,3,999,0,1.4,93.444,-36.1,4.963,5228.1,999.0,0,1.0,0.0,1.0,2,5,0.0,3,8,2,1
22658,31.0,5,999,0,1.4,94.465,-41.8,4.959,5228.1,999.0,0,1.0,0.0,1.0,2,7,0.0,8,6,1,1
22659,30.0,1,999,0,-0.1,93.2,-42.0,4.153,5195.8,999.0,0,0.0,0.0,0.0,1,5,0.0,1,11,1,1
22660,57.0,3,999,0,1.4,94.465,-41.8,4.864,5228.1,999.0,0,0.0,0.0,1.0,3,8,0.0,4,6,1,1
22661,31.0,1,999,0,-1.8,93.369,-34.8,0.646,5008.7,999.0,0,0.0,0.0,0.0,2,5,0.0,8,3,1,1
22662,32.0,2,999,0,1.1,93.994,-36.4,4.859,5191.0,999.0,0,1.0,0.0,1.0,2,2,0.0,4,5,1,1
22663,40.0,4,999,0,1.1,93.994,-36.4,4.857,5191.0,999.0,0,1.0,1.0,1.0,2,4,0.0,6,5,2,1
22664,29.0,2,999,1,-3.4,92.379,-29.8,0.781,5017.5,999.0,1,1.0,0.0,0.0,1,7,0.0,6,9,1,2
22665,57.0,4,999,0,1.4,93.444,-36.1,4.965,5228.1,999.0,0,1.0,0.0,0.0,2,8,0.0,4,8,2,1
22666,32.0,1,999,0,1.1,93.994,-36.4,4.857,5191.0,999.0,0,1.0,0.0,1.0,2,2,0.0,4,5,1,1
22667,30.0,1,999,0,-0.1,93.2,-42.0,4.12,5195.8,999.0,0,0.0,0.0,0.0,1,4,0.0,4,11,1,1
22668,52.0,8,999,0,-0.1,93.2,-42.0,4.021,5195.8,999.0,0,1.0,1.0,0.0,3,8,0.0,9,11,1,1
22669,40.0,2,999,0,-0.1,93.2,-42.0,4.191,5195.8,999.0,0,1.0,1.0,0.0,1,8,0.0,6,11,2,1
22670,40.0,12,999,0,1.1,93.994,-36.4,4.864,5191.0,999.0,0,1.0,0.0,1.0,3,6,0.0,6,5,1,1
22671,31.0,2,999,0,1.4,93.444,-36.1,4.97,5228.1,999.0,0,0.0,0.0,0.0,2,6,0.0,9,8,2,1
22672,35.0,1,999,0,1.1,93.994,-36.4,4.855,5191.0,999.0,0,1.0,1.0,1.0,2,3,0.0,4,5,1,1
22673,31.0,1,999,0,1.4,93.918,-42.7,4.962,5228.1,999.0,0,0.0,1.0,0.0,3,8,0.0,9,7,1,1
22674,57.0,4,999,0,1.4,93.918,-42.7,4.96,5228.1,999.0,0,1.0,0.0,0.0,2,6,0.0,4,7,1,1
22675,43.0,3,999,0,1.4,93.444,-36.1,4.964,5228.1,999.0,0,0.0,1.0,0.0,3,7,0.0,6,8,1,1
22676,44.0,2,999,0,1.1,93.994,-36.4,4.86,5191.0,999.0,0,0.0,0.0,1.0,2,8,0.0,9,5,1,1
22677,36.0,1,999,0,1.4,93.444,-36.1,4.963,5228.1,999.0,0,1.0,0.0,0.0,1,7,0.0,6,8,1,1
22678,34.0,1,999,0,1.4,93.918,-42.7,4.962,5228.1,999.0,0,1.0,0.0,0.0,1,5,0.0,6,7,1,1
22679,40.0,3,999,0,1.4,94.465,-41.8,4.866,5228.1,999.0,0,0.0,0.0,1.0,2,7,0.0,7,6,1,1
22680,32.0,1,999,0,-3.4,92.649,-30.1,0.716,5017.5,999.0,0,0.0,0.0,0.0,1,5,0.0,6,11,1,1
22681,58.0,4,999,0,1.1,93.994,-36.4,4.856,5191.0,999.0,0,0.0,0.0,1.0,2,2,0.0,10,5,1,1
22682,48.0,6,999,0,1.4,93.918,-42.7,4.968,5228.1,999.0,0,1.0,1.0,1.0,1,7,0.0,6,7,1,1
22683,32.0,3,999,0,-1.8,93.075,-47.1,1.365,5099.1,999.0,0,1.0,1.0,0.0,2,6,0.0,4,4,1,1
22684,41.0,3,999,0,1.4,93.444,-36.1,4.968,5228.1,999.0,0,1.0,0.0,0.0,1,7,0.0,6,8,1,1
22685,31.0,2,999,0,1.4,93.918,-42.7,4.962,5228.1,999.0,0,0.0,0.0,0.0,2,8,0.0,1,7,1,1
22686,38.0,3,999,0,-1.8,93.075,-47.1,1.405,5099.1,999.0,0,1.0,0.0,0.0,2,8,0.0,5,4,2,1
22687,30.0,3,999,0,1.4,93.444,-36.1,4.966,5228.1,999.0,0,0.0,0.0,0.0,2,5,0.0,4,8,1,1
22688,31.0,1,999,0,-1.7,94.215,-40.3,0.889,4991.6,999.0,0,0.0,0.0,1.0,2,8,0.0,6,7,2,1
22689,31.0,1,999,0,-2.9,92.963,-40.8,1.099,5076.2,999.0,0,1.0,0.0,0.0,1,8,0.0,4,6,1,1
22690,35.0,2,999,0,1.4,94.465,-41.8,4.865,5228.1,999.0,0,1.0,0.0,1.0,2,8,0.0,4,6,2,1
22691,43.0,7,999,0,1.4,93.918,-42.7,4.962,5228.1,999.0,0,0.0,0.0,0.0,3,8,0.0,10,7,2,1
22692,31.0,2,999,0,1.1,93.994,-36.4,4.857,5191.0,999.0,0,0.0,0.0,1.0,3,5,0.0,6,5,1,1
22693,30.0,5,999,0,-1.8,92.893,-46.2,1.299,5099.1,999.0,0,1.0,0.0,0.0,2,4,0.0,4,5,2,1
22694,31.0,5,999,0,1.1,93.994,-36.4,4.858,5191.0,999.0,0,0.0,0.0,1.0,2,3,0.0,4,5,1,1
22695,31.0,1,999,0,1.4,93.918,-42.7,4.963,5228.1,999.0,0,1.0,0.0,0.0,3,5,0.0,6,7,1,1
22696,29.0,1,999,0,-1.8,92.843,-50.0,1.663,5099.1,999.0,0,0.0,0.0,0.0,2,8,0.0,1,3,1,1
22697,35.0,1,999,1,-0.1,93.2,-42.0,4.153,5195.8,999.0,0,1.0,0.0,0.0,1,8,0.0,10,11,1,2
22698,31.0,1,999,0,1.4,94.465,-41.8,4.864,5228.1,999.0,0,0.0,0.0,1.0,2,6,0.0,5,6,1,1
22699,48.0,1,999,0,1.4,93.444,-36.1,4.967,5228.1,999.0,0,0.0,0.0,0.0,2,6,0.0,6,8,1,1
22700,31.0,1,999,0,1.1,93.994,-36.4,4.857,5191.0,999.0,0,1.0,0.0,1.0,3,8,0.0,4,5,1,1
22701,31.0,1,999,0,1.1,93.994,-36.4,4.859,5191.0,999.0,0,1.0,0.0,1.0,2,8,0.0,4,5,1,1
22702,33.0,1,999,2,-2.9,92.201,-31.4,0.884,5076.2,999.0,8,1.0,1.0,0.0,1,4,0.0,5,8,1,2
22703,23.0,2,999,0,-3.4,92.649,-30.1,0.722,5017.5,999.0,0,0.0,0.0,1.0,1,5,0.0,11,11,2,1
22704,31.0,2,999,0,1.1,93.994,-36.4,4.855,5191.0,999.0,0,0.0,0.0,1.0,2,8,0.0,6,5,1,1
22705,34.0,1,999,1,-1.8,92.893,-46.2,1.334,5099.1,999.0,3,1.0,0.0,0.0,2,8,0.0,4,5,1,2
22706,31.0,2,999,0,-0.1,93.2,-42.0,4.021,5195.8,999.0,0,1.0,1.0,0.0,2,6,0.0,5,11,1,1
22707,37.0,34,999,0,1.4,93.918,-42.7,4.961,5228.1,999.0,0,1.0,0.0,1.0,1,5,0.0,6,7,1,1
22708,35.0,1,999,0,1.4,93.918,-42.7,4.96,5228.1,999.0,0,1.0,0.0,0.0,1,7,0.0,6,7,2,1
22709,36.0,3,999,0,-0.1,93.2,-42.0,4.076,5195.8,999.0,0,1.0,0.0,0.0,2,8,0.0,6,11,1,1
22710,33.0,2,999,0,1.4,93.444,-36.1,4.963,5228.1,999.0,0,0.0,0.0,0.0,2,6,0.0,5,8,1,1
22711,39.0,3,999,0,-1.8,92.893,-46.2,1.266,5099.1,999.0,0,1.0,0.0,0.0,3,8,0.0,4,5,1,1
22712,53.0,1,999,0,1.4,93.918,-42.7,4.962,5228.1,999.0,0,1.0,0.0,0.0,2,8,0.0,9,7,2,1
22713,39.0,2,999,0,-1.8,93.075,-47.1,1.405,5099.1,999.0,0,1.0,0.0,0.0,1,8,0.0,3,4,1,1
22714,55.0,3,999,0,-0.1,93.2,-42.0,4.153,5195.8,999.0,0,0.0,0.0,0.0,2,8,0.0,6,11,1,1
22715,39.0,1,999,1,-1.7,94.215,-40.3,0.81,4991.6,999.0,1,1.0,0.0,0.0,2,8,0.0,5,7,1,2
22716,31.0,3,999,0,1.4,93.918,-42.7,4.962,5228.1,999.0,0,1.0,1.0,0.0,2,8,0.0,6,7,2,1
22717,33.0,3,999,0,1.4,94.465,-41.8,4.961,5228.1,999.0,0,0.0,0.0,1.0,3,4,0.0,4,6,1,1
22718,36.0,13,999,0,1.4,94.465,-41.8,4.961,5228.1,999.0,0,1.0,0.0,1.0,2,4,0.0,4,6,1,1
22719,27.0,1,999,0,1.4,93.918,-42.7,4.958,5228.1,999.0,0,1.0,0.0,0.0,1,7,0.0,11,7,1,1
22720,32.0,2,999,0,1.4,93.444,-36.1,4.964,5228.1,999.0,0,1.0,1.0,1.0,2,8,0.0,5,8,1,1
22721,33.0,4,999,0,1.4,94.465,-41.8,4.962,5228.1,999.0,0,0.0,0.0,1.0,2,5,0.0,6,6,1,1
22722,33.0,3,999,0,-2.9,92.963,-40.8,1.262,5076.2,999.0,0,0.0,0.0,0.0,1,7,0.0,6,6,1,1
22723,54.0,2,999,0,-1.8,93.075,-47.1,1.405,5099.1,999.0,0,1.0,0.0,0.0,2,8,0.0,4,4,1,1
22724,45.0,2,999,1,-0.1,93.2,-42.0,4.076,5195.8,999.0,3,0.0,0.0,0.0,3,8,0.0,9,11,1,2
22725,50.0,3,999,0,1.4,94.465,-41.8,4.959,5228.1,999.0,0,0.0,0.0,1.0,2,4,0.0,6,6,1,1
22726,34.0,1,999,0,1.4,93.918,-42.7,4.96,5228.1,999.0,0,1.0,0.0,0.0,2,5,0.0,6,7,2,1
22727,43.0,1,999,0,1.4,93.444,-36.1,4.963,5228.1,999.0,0,1.0,1.0,0.0,2,7,0.0,6,8,1,1
22728,36.0,2,999,0,1.4,93.918,-42.7,4.963,5228.1,999.0,0,0.0,1.0,0.0,2,8,0.0,3,7,1,1
22729,30.0,5,999,0,1.4,93.444,-36.1,4.968,5228.1,999.0,0,1.0,0.0,0.0,1,6,0.0,5,8,1,1
22730,46.0,1,999,0,-2.9,92.201,-31.4,0.873,5076.2,999.0,0,1.0,0.0,1.0,2,7,0.0,6,8,1,1
22731,33.0,3,999,0,1.4,93.918,-42.7,4.961,5228.1,999.0,0,0.0,1.0,0.0,2,3,0.0,4,7,1,1
22732,41.0,1,999,0,-1.8,92.893,-46.2,1.334,5099.1,999.0,0,0.0,1.0,0.0,1,4,0.0,4,5,1,1
22733,48.0,5,999,0,1.4,93.918,-42.7,4.96,5228.1,999.0,0,0.0,1.0,0.0,3,8,0.0,6,7,2,1
22734,28.0,3,999,1,-2.9,92.201,-31.4,0.869,5076.2,999.0,3,1.0,0.0,0.0,2,6,0.0,10,8,1,2
22735,31.0,4,999,0,1.4,94.465,-41.8,4.962,5228.1,999.0,0,1.0,0.0,1.0,2,5,0.0,6,6,1,1
22736,40.0,1,999,0,1.4,93.918,-42.7,4.96,5228.1,999.0,0,1.0,0.0,1.0,2,5,0.0,1,7,2,1
22737,39.0,9,999,0,1.1,93.994,-36.4,4.86,5191.0,999.0,0,1.0,0.0,1.0,1,7,0.0,7,5,1,1
22738,36.0,2,999,0,1.1,93.994,-36.4,4.859,5191.0,999.0,0,0.0,0.0,1.0,2,4,0.0,6,5,1,1
22739,46.0,2,999,0,1.4,93.444,-36.1,4.962,5228.1,999.0,0,0.0,0.0,0.0,2,6,0.0,5,8,1,1
22740,42.0,3,999,0,1.1,93.994,-36.4,4.857,5191.0,999.0,0,1.0,0.0,1.0,2,2,0.0,4,5,1,1
22741,47.0,2,999,0,-1.8,92.893,-46.2,1.25,5099.1,999.0,0,0.0,0.0,0.0,2,8,0.0,7,5,1,1
22742,28.0,6,999,0,1.4,93.918,-42.7,4.958,5228.1,999.0,0,0.0,0.0,0.0,1,5,0.0,1,7,1,1
22743,30.0,1,999,0,1.4,93.444,-36.1,4.966,5228.1,999.0,0,1.0,0.0,0.0,1,8,0.0,6,8,1,1
22744,42.0,1,999,0,1.1,93.994,-36.4,4.857,5191.0,999.0,0,0.0,1.0,1.0,2,3,0.0,4,5,1,1
22745,47.0,1,999,0,-1.8,92.893,-46.2,1.299,5099.1,999.0,0,1.0,0.0,1.0,2,8,0.0,4,5,2,1
22746,45.0,1,999,0,1.4,93.444,-36.1,4.964,5228.1,999.0,0,1.0,0.0,0.0,2,6,0.0,5,8,1,1
22747,32.0,3,999,0,-0.1,93.2,-42.0,4.12,5195.8,999.0,0,1.0,0.0,0.0,2,7,0.0,6,11,1,1
22748,39.0,1,999,0,1.1,93.994,-36.4,4.857,5191.0,999.0,0,0.0,0.0,1.0,2,6,0.0,5,5,1,1
22749,30.0,5,999,0,1.4,93.444,-36.1,4.964,5228.1,999.0,0,1.0,0.0,0.0,1,6,0.0,5,8,1,1
22750,29.0,2,999,0,1.4,93.444,-36.1,4.964,5228.1,999.0,0,0.0,1.0,0.0,1,7,0.0,6,8,1,1
22751,53.0,5,999,0,1.1,93.994,-36.4,4.855,5191.0,999.0,0,0.0,1.0,1.0,2,8,0.0,8,5,1,1
22752,54.0,1,999,1,-1.8,92.893,-46.2,1.25,5099.1,999.0,4,0.0,0.0,0.0,2,8,0.0,4,5,1,2
22753,31.0,1,999,0,-0.1,93.2,-42.0,4.076,5195.8,999.0,0,0.0,1.0,0.0,1,7,0.0,6,11,1,1
22754,57.0,4,999,0,1.4,93.918,-42.7,4.962,5228.1,999.0,0,0.0,0.0,0.0,2,7,0.0,1,7,2,1
22755,37.0,7,999,0,1.4,93.444,-36.1,4.963,5228.1,999.0,0,1.0,0.0,0.0,2,8,0.0,5,8,1,1
22756,40.0,8,999,0,1.1,93.994,-36.4,4.856,5191.0,999.0,0,1.0,0.0,1.0,2,6,0.0,5,5,1,1
22757,52.0,1,999,0,1.4,93.918,-42.7,4.962,5228.1,999.0,0,0.0,0.0,0.0,2,8,0.0,5,7,1,1
22758,39.0,3,999,0,1.1,93.994,-36.4,4.856,5191.0,999.0,0,0.0,0.0,1.0,2,4,0.0,2,5,1,1
22759,31.0,1,999,1,-1.8,92.893,-46.2,1.313,5099.1,999.0,1,1.0,0.0,0.0,2,8,0.0,4,5,1,2
22760,37.0,2,999,0,-0.1,93.2,-42.0,4.153,5195.8,999.0,0,1.0,1.0,0.0,2,7,0.0,3,11,1,1
22761,24.0,2,999,0,1.1,93.994,-36.4,4.857,5191.0,999.0,0,0.0,0.0,1.0,1,4,0.0,4,5,1,1
22762,31.0,7,999,0,-2.9,92.469,-33.6,0.937,5076.2,999.0,0,1.0,0.0,1.0,2,5,0.0,6,7,1,1
22763,32.0,5,999,0,1.4,93.918,-42.7,4.963,5228.1,999.0,0,0.0,0.0,0.0,2,4,0.0,5,7,1,1
22764,52.0,8,999,0,1.4,93.918,-42.7,4.961,5228.1,999.0,0,0.0,0.0,0.0,3,8,0.0,4,7,1,1
22765,46.0,4,999,0,1.4,94.465,-41.8,4.959,5228.1,999.0,0,0.0,1.0,1.0,2,4,0.0,6,6,1,1
22766,31.0,1,999,0,-1.8,93.075,-47.1,1.405,5099.1,999.0,0,0.0,0.0,0.0,2,4,0.0,4,4,1,1
22767,31.0,2,999,0,1.4,94.465,-41.8,4.961,5228.1,999.0,0,0.0,0.0,1.0,2,5,0.0,9,6,1,1
22768,31.0,2,999,0,1.4,93.444,-36.1,4.963,5228.1,999.0,0,0.0,0.0,0.0,2,2,0.0,9,8,1,1
22769,39.0,2,999,0,1.4,93.918,-42.7,4.962,5228.1,999.0,0,0.0,0.0,0.0,2,8,0.0,6,7,2,1
22770,42.0,1,999,0,1.1,93.994,-36.4,4.857,5191.0,999.0,0,0.0,0.0,1.0,2,3,0.0,4,5,1,1
22771,31.0,11,999,0,1.4,93.444,-36.1,4.965,5228.1,999.0,0,0.0,0.0,0.0,2,8,0.0,1,8,1,1
22772,31.0,1,999,0,-2.9,92.963,-40.8,1.26,5076.2,999.0,0,0.0,0.0,0.0,1,8,0.0,11,6,2,1
22773,41.0,2,999,0,-1.8,92.893,-46.2,1.299,5099.1,999.0,0,1.0,0.0,0.0,2,3,0.0,4,5,2,1
22774,49.0,4,999,1,-1.8,92.893,-46.2,1.291,5099.1,999.0,1,1.0,0.0,0.0,2,3,0.0,4,5,1,2
22775,31.0,3,999,0,1.4,93.444,-36.1,4.966,5228.1,999.0,0,0.0,0.0,0.0,2,2,0.0,9,8,1,1
22776,25.0,2,999,0,1.1,93.994,-36.4,4.855,5191.0,999.0,0,1.0,1.0,1.0,1,6,0.0,5,5,1,1
22777,39.0,3,999,0,-1.8,92.893,-46.2,1.327,5099.1,999.0,0,1.0,0.0,1.0,2,3,0.0,6,5,1,1
22778,43.0,2,999,2,-1.8,93.075,-47.1,1.415,5099.1,999.0,0,0.0,0.0,0.0,2,3,0.0,4,4,1,2
22779,27.0,5,999,1,-1.8,93.075,-47.1,1.405,5099.1,999.0,1,0.0,1.0,0.0,1,7,0.0,5,4,2,2
22780,33.0,1,999,0,1.4,93.918,-42.7,4.96,5228.1,999.0,0,1.0,0.0,0.0,2,7,0.0,6,7,2,1
22781,44.0,7,999,0,1.1,93.994,-36.4,4.859,5191.0,999.0,0,0.0,1.0,1.0,2,7,0.0,3,5,1,1
22782,54.0,2,999,0,1.4,93.918,-42.7,4.962,5228.1,999.0,0,0.0,0.0,0.0,1,8,0.0,4,7,2,1
22783,23.0,1,999,1,-1.8,92.893,-46.2,1.244,5099.1,999.0,1,1.0,0.0,0.0,1,5,0.0,4,5,2,2
22784,30.0,1,999,1,-1.8,92.893,-46.2,1.244,5099.1,999.0,3,1.0,1.0,0.0,2,7,0.0,9,5,2,2
22785,52.0,4,999,0,1.4,93.444,-36.1,4.964,5228.1,999.0,0,1.0,0.0,0.0,1,7,0.0,6,8,1,1
22786,32.0,1,999,0,-1.7,94.055,-39.8,0.713,4991.6,999.0,0,1.0,0.0,1.0,1,4,0.0,4,6,1,1
22787,31.0,1,999,0,1.1,93.994,-36.4,4.86,5191.0,999.0,0,0.0,0.0,1.0,2,2,0.0,4,5,1,1
22788,46.0,3,999,0,-0.1,93.2,-42.0,4.191,5195.8,999.0,0,1.0,0.0,0.0,2,5,0.0,9,11,2,1
22789,31.0,2,999,0,1.4,93.444,-36.1,4.966,5228.1,999.0,0,1.0,1.0,0.0,1,5,0.0,5,8,1,1
22790,45.0,2,999,0,1.1,93.994,-36.4,4.856,5191.0,999.0,0,0.0,0.0,1.0,2,6,0.0,2,5,1,1
22791,31.0,6,999,0,-0.1,93.2,-42.0,4.076,5195.8,999.0,0,1.0,0.0,0.0,2,7,0.0,3,11,1,1
22792,42.0,1,999,0,1.1,93.994,-36.4,4.855,5191.0,999.0,0,1.0,0.0,1.0,1,7,0.0,7,5,1,1
22793,55.0,1,999,0,1.1,93.994,-36.4,4.857,5191.0,999.0,0,0.0,0.0,1.0,1,2,0.0,3,5,1,1
22794,55.0,1,999,0,1.1,93.994,-36.4,4.859,5191.0,999.0,0,0.0,1.0,1.0,2,5,0.0,6,5,1,1
22795,31.0,2,999,0,1.4,93.444,-36.1,4.965,5228.1,999.0,0,0.0,0.0,0.0,3,8,0.0,6,8,2,1
22796,36.0,2,999,0,-1.8,92.893,-46.2,1.291,5099.1,999.0,0,1.0,1.0,0.0,2,8,0.0,6,5,1,1
22797,37.0,3,999,0,1.1,93.994,-36.4,4.864,5191.0,999.0,0,0.0,0.0,1.0,1,8,0.0,5,5,1,1
22798,36.0,2,999,0,1.4,94.465,-41.8,4.864,5228.1,999.0,0,1.0,0.0,1.0,2,8,0.0,9,6,1,1
22799,35.0,1,999,0,1.1,93.994,-36.4,4.857,5191.0,999.0,0,0.0,0.0,1.0,2,7,0.0,1,5,2,1
22800,35.0,3,999,0,1.4,93.444,-36.1,4.968,5228.1,999.0,0,1.0,0.0,0.0,2,8,0.0,6,8,1,1
22801,31.0,4,999,0,1.4,94.465,-41.8,4.959,5228.1,999.0,0,0.0,0.0,1.0,3,7,0.0,7,6,1,1
22802,58.0,2,999,0,-2.9,92.201,-31.4,0.883,5076.2,999.0,0,1.0,0.0,0.0,2,8,0.0,5,8,1,1
22803,31.0,1,999,0,1.1,93.994,-36.4,4.857,5191.0,999.0,0,0.0,1.0,1.0,1,7,0.0,5,5,2,1
22804,54.0,2,6,2,-3.4,92.431,-26.9,0.735,5017.5,0.2,4,1.0,0.0,0.0,3,7,0.0,6,10,1,3
22805,40.0,6,999,0,-1.8,92.893,-46.2,1.344,5099.1,999.0,0,0.0,0.0,0.0,1,8,0.0,6,5,1,1
22806,31.0,2,999,0,1.4,93.444,-36.1,4.964,5228.1,999.0,0,1.0,1.0,0.0,2,8,0.0,4,8,1,1
22807,30.0,11,999,0,1.4,93.918,-42.7,4.96,5228.1,999.0,0,0.0,1.0,0.0,1,4,0.0,4,7,2,1
22808,45.0,12,999,0,1.4,94.465,-41.8,4.959,5228.1,999.0,0,1.0,1.0,1.0,3,8,0.0,6,6,1,1
22809,36.0,3,999,0,1.1,93.994,-36.4,4.857,5191.0,999.0,0,0.0,0.0,1.0,2,5,0.0,6,5,2,1
22810,42.0,2,999,0,-1.8,92.893,-46.2,1.327,5099.1,999.0,0,1.0,0.0,0.0,3,5,0.0,6,5,1,1
22811,31.0,3,999,0,1.4,94.465,-41.8,4.959,5228.1,999.0,0,0.0,1.0,1.0,2,5,0.0,6,6,1,1
22812,29.0,1,999,0,-1.8,93.749,-34.6,0.646,5008.7,999.0,0,0.0,0.0,1.0,1,5,0.0,9,4,1,1
22813,38.0,2,999,0,1.4,94.465,-41.8,4.959,5228.1,999.0,0,0.0,0.0,1.0,1,8,0.0,4,6,1,1
22814,31.0,2,999,1,-1.8,92.893,-46.2,1.327,5099.1,999.0,1,0.0,0.0,0.0,2,8,0.0,5,5,1,2
22815,31.0,2,999,0,1.4,94.465,-41.8,4.864,5228.1,999.0,0,1.0,0.0,1.0,2,2,0.0,4,6,1,1
22816,48.0,1,999,2,-1.8,93.075,-47.1,1.365,5099.1,999.0,4,0.0,0.0,0.0,2,8,0.0,7,4,1,2
22817,39.0,3,999,0,1.4,94.465,-41.8,4.864,5228.1,999.0,0,1.0,0.0,1.0,2,5,0.0,9,6,1,1
22818,28.0,2,999,0,-1.8,92.893,-46.2,1.291,5099.1,999.0,0,1.0,1.0,0.0,2,8,0.0,4,5,1,1
22819,34.0,2,999,0,1.4,93.444,-36.1,4.966,5228.1,999.0,0,1.0,1.0,0.0,3,5,0.0,6,8,1,1
22820,31.0,2,999,1,-1.8,93.075,-47.1,1.483,5099.1,999.0,3,1.0,0.0,0.0,1,8,0.0,5,4,1,2
22821,31.0,1,999,1,-1.8,93.075,-47.1,1.365,5099.1,999.0,2,1.0,0.0,0.0,2,2,0.0,8,4,1,2
22822,44.0,2,999,0,1.1,93.994,-36.4,4.86,5191.0,999.0,0,1.0,0.0,1.0,2,8,0.0,6,5,1,1
22823,42.0,3,999,0,1.1,93.994,-36.4,4.857,5191.0,999.0,0,0.0,0.0,1.0,2,8,0.0,4,5,2,1
22824,31.0,1,999,0,-2.9,92.963,-40.8,1.26,5076.2,999.0,0,1.0,1.0,0.0,1,5,0.0,9,6,2,1
22825,50.0,1,4,1,-1.7,94.215,-40.3,0.896,4991.6,0.133333333333,3,0.0,1.0,0.0,2,2,0.0,2,7,1,3
22826,41.0,3,999,0,1.1,93.994,-36.4,4.864,5191.0,999.0,0,1.0,0.0,1.0,2,5,0.0,9,5,1,1
22827,34.0,1,999,0,1.4,93.918,-42.7,4.966,5228.1,999.0,0,1.0,0.0,1.0,2,7,0.0,3,7,1,1
22828,31.0,1,3,3,-1.7,94.027,-38.3,0.9,4991.6,0.1,12,0.0,0.0,0.0,1,8,0.0,11,8,1,3
22829,40.0,4,999,0,-0.1,93.2,-42.0,4.12,5195.8,999.0,0,0.0,0.0,0.0,2,5,0.0,5,11,1,1
22830,55.0,2,999,0,1.1,93.994,-36.4,4.856,5191.0,999.0,0,0.0,0.0,1.0,3,7,0.0,6,5,1,1
22831,51.0,4,999,0,1.4,93.918,-42.7,4.962,5228.1,999.0,0,0.0,0.0,0.0,2,8,0.0,5,7,2,1
22832,41.0,1,999,0,-0.1,93.798,-40.4,5.0,5195.8,999.0,0,1.0,1.0,1.0,3,6,0.0,5,10,1,1
22833,33.0,1,999,1,-1.1,94.601,-49.5,0.972,4963.6,999.0,2,1.0,0.0,0.0,1,2,0.0,4,10,1,2
22834,31.0,3,999,0,-1.8,92.893,-46.2,1.266,5099.1,999.0,0,0.0,0.0,0.0,2,5,0.0,9,5,1,1
22835,42.0,2,999,1,-1.8,93.075,-47.1,1.405,5099.1,999.0,3,0.0,0.0,0.0,3,8,0.0,9,4,1,2
22836,56.0,1,999,0,-1.8,93.075,-47.1,1.365,5099.1,999.0,0,0.0,0.0,1.0,2,7,0.0,7,4,1,1
22837,31.0,2,999,0,1.4,94.465,-41.8,4.961,5228.1,999.0,0,0.0,0.0,1.0,2,8,0.0,4,6,1,1
22838,45.0,1,999,0,1.1,93.994,-36.4,4.857,5191.0,999.0,0,0.0,0.0,1.0,2,4,0.0,6,5,1,1
22839,31.0,2,999,0,1.4,93.918,-42.7,4.963,5228.1,999.0,0,0.0,0.0,0.0,3,8,0.0,5,7,1,1
22840,23.0,1,999,0,1.4,94.465,-41.8,4.864,5228.1,999.0,0,1.0,0.0,1.0,1,4,0.0,4,6,1,1
22841,31.0,1,999,1,-0.1,93.2,-42.0,4.153,5195.8,999.0,4,1.0,0.0,0.0,2,8,0.0,7,11,1,2
22842,30.0,1,999,0,-1.8,92.893,-46.2,1.299,5099.1,999.0,0,0.0,1.0,0.0,1,4,0.0,5,5,2,1
22843,29.0,1,999,0,-1.8,92.893,-46.2,1.281,5099.1,999.0,0,1.0,1.0,0.0,3,4,0.0,4,5,1,1
22844,60.0,2,999,0,1.1,93.994,-36.4,4.857,5191.0,999.0,0,0.0,0.0,1.0,2,7,0.0,3,5,1,1
22845,65.0,1,999,0,-2.9,92.963,-40.8,1.266,5076.2,999.0,0,0.0,0.0,0.0,2,8,0.0,8,6,2,1
22846,31.0,4,999,0,-1.8,92.893,-46.2,1.266,5099.1,999.0,0,1.0,0.0,0.0,2,8,0.0,5,5,1,1
22847,40.0,2,999,2,-2.9,92.201,-31.4,0.821,5076.2,999.0,4,1.0,0.0,0.0,2,8,0.0,5,8,2,2
22848,52.0,2,999,0,1.4,93.918,-42.7,4.962,5228.1,999.0,0,1.0,0.0,0.0,3,8,0.0,6,7,2,1
22849,39.0,1,999,0,1.4,94.465,-41.8,4.947,5228.1,999.0,0,0.0,0.0,1.0,1,8,0.0,6,6,2,1
22850,31.0,1,999,1,-1.8,92.893,-46.2,1.25,5099.1,999.0,2,0.0,0.0,0.0,3,8,0.0,9,5,1,2
22851,31.0,2,999,0,1.1,93.994,-36.4,4.86,5191.0,999.0,0,1.0,0.0,1.0,1,5,0.0,9,5,1,1
22852,40.0,2,999,0,1.1,93.994,-36.4,4.858,5191.0,999.0,0,1.0,0.0,1.0,2,8,0.0,4,5,2,1
22853,35.0,1,999,0,-1.8,92.893,-46.2,1.244,5099.1,999.0,0,0.0,0.0,0.0,3,7,0.0,5,5,2,1
22854,34.0,2,999,1,-1.8,92.893,-46.2,1.299,5099.1,999.0,1,1.0,0.0,0.0,2,7,0.0,6,5,2,2
22855,39.0,2,999,0,1.1,93.994,-36.4,4.857,5191.0,999.0,0,0.0,0.0,1.0,2,2,0.0,4,5,1,1
22856,38.0,1,999,0,1.4,93.918,-42.7,4.962,5228.1,999.0,0,1.0,0.0,0.0,1,8,0.0,5,7,1,1
22857,31.0,1,999,0,1.4,94.465,-41.8,4.959,5228.1,999.0,0,0.0,0.0,1.0,2,8,0.0,4,6,1,1
22858,24.0,3,999,0,1.4,93.918,-42.7,4.962,5228.1,999.0,0,1.0,0.0,0.0,1,6,0.0,1,7,2,1
22859,31.0,3,999,0,1.4,93.918,-42.7,4.962,5228.1,999.0,0,0.0,0.0,0.0,3,3,0.0,6,7,2,1
22860,50.0,5,999,1,-3.4,92.649,-30.1,0.714,5017.5,999.0,4,1.0,0.0,0.0,2,7,0.0,6,11,1,2
22861,34.0,2,999,0,-0.1,93.2,-42.0,4.153,5195.8,999.0,0,1.0,0.0,0.0,1,6,0.0,5,11,1,1
22862,26.0,1,999,0,-1.8,93.075,-47.1,1.423,5099.1,999.0,0,1.0,0.0,0.0,1,7,0.0,10,4,1,1
22863,38.0,1,999,1,-1.8,92.843,-50.0,1.687,5099.1,999.0,3,1.0,1.0,0.0,2,7,0.0,5,3,1,2
22864,31.0,2,999,0,1.4,93.918,-42.7,4.962,5228.1,999.0,0,0.0,0.0,0.0,2,8,0.0,4,7,1,1
22865,40.0,2,999,0,1.1,93.994,-36.4,4.859,5191.0,999.0,0,1.0,0.0,1.0,1,4,0.0,4,5,1,1
22866,36.0,2,999,1,-1.8,93.369,-34.8,0.639,5008.7,999.0,2,0.0,0.0,0.0,3,8,0.0,4,3,2,2
22867,33.0,1,999,1,-1.8,92.893,-46.2,1.266,5099.1,999.0,1,1.0,0.0,0.0,2,7,0.0,6,5,1,2
22868,48.0,2,999,0,1.4,94.465,-41.8,4.866,5228.1,999.0,0,0.0,0.0,1.0,2,8,0.0,4,6,1,1
22869,39.0,1,999,0,1.4,93.918,-42.7,4.966,5228.1,999.0,0,0.0,0.0,1.0,1,6,0.0,5,7,1,1
22870,31.0,2,999,0,1.4,93.444,-36.1,4.966,5228.1,999.0,0,0.0,0.0,0.0,1,7,0.0,6,8,1,1
22871,45.0,4,999,0,-1.8,92.893,-46.2,1.266,5099.1,999.0,0,1.0,0.0,0.0,2,7,0.0,1,5,1,1
22872,28.0,7,999,0,1.1,93.994,-36.4,4.856,5191.0,999.0,0,0.0,0.0,1.0,1,2,0.0,4,5,1,1
22873,29.0,1,999,1,-1.8,92.893,-46.2,1.313,5099.1,999.0,1,1.0,0.0,0.0,1,8,0.0,4,5,1,2
22874,28.0,6,999,0,1.4,94.465,-41.8,4.864,5228.1,999.0,0,0.0,0.0,1.0,2,5,0.0,9,6,1,1
22875,31.0,1,999,0,-1.8,93.075,-47.1,1.405,5099.1,999.0,0,1.0,0.0,1.0,1,8,0.0,6,4,1,1
22876,31.0,2,999,0,-0.1,93.2,-42.0,4.191,5195.8,999.0,0,0.0,0.0,0.0,3,7,0.0,6,11,2,1
22877,38.0,1,999,0,1.4,93.444,-36.1,4.963,5228.1,999.0,0,1.0,0.0,0.0,2,6,0.0,5,8,1,1
22878,35.0,4,999,0,1.1,93.994,-36.4,4.857,5191.0,999.0,0,1.0,0.0,1.0,1,6,0.0,6,5,1,1
22879,37.0,1,999,0,1.1,93.994,-36.4,4.856,5191.0,999.0,0,1.0,1.0,1.0,2,5,0.0,6,5,1,1
22880,45.0,2,999,0,1.4,94.465,-41.8,4.962,5228.1,999.0,0,1.0,0.0,1.0,3,8,0.0,4,6,1,1
22881,49.0,2,999,0,1.4,93.444,-36.1,4.964,5228.1,999.0,0,1.0,0.0,0.0,2,5,0.0,10,8,1,1
22882,37.0,2,999,0,-1.8,92.893,-46.2,1.291,5099.1,999.0,0,0.0,0.0,0.0,1,7,0.0,5,5,1,1
22883,39.0,4,999,1,-1.8,92.893,-46.2,1.244,5099.1,999.0,3,1.0,1.0,0.0,1,7,0.0,6,5,2,2
22884,43.0,2,999,0,-0.1,93.2,-42.0,4.153,5195.8,999.0,0,1.0,0.0,0.0,2,2,0.0,7,11,1,1
22885,28.0,4,999,0,-2.9,92.963,-40.8,1.26,5076.2,999.0,0,1.0,0.0,0.0,1,5,0.0,11,6,1,1
22886,33.0,1,999,0,-1.8,92.893,-46.2,1.25,5099.1,999.0,0,1.0,1.0,0.0,3,5,0.0,5,5,1,1
22887,43.0,5,999,0,-1.8,92.893,-46.2,1.327,5099.1,999.0,0,0.0,0.0,0.0,1,5,0.0,9,5,1,1
22888,31.0,8,999,0,1.1,93.994,-36.4,4.857,5191.0,999.0,0,0.0,0.0,1.0,2,7,0.0,3,5,2,1
22889,26.0,2,999,0,1.4,94.465,-41.8,4.866,5228.1,999.0,0,0.0,0.0,1.0,2,7,0.0,2,6,1,1
22890,35.0,1,999,1,-1.8,93.075,-47.1,1.453,5099.1,999.0,2,0.0,0.0,0.0,3,8,0.0,10,4,1,2
22891,41.0,1,999,0,1.4,93.444,-36.1,4.968,5228.1,999.0,0,1.0,1.0,0.0,2,8,0.0,5,8,1,1
22892,31.0,1,999,0,1.1,93.994,-36.4,4.859,5191.0,999.0,0,0.0,0.0,1.0,2,5,0.0,9,5,1,1
22893,28.0,3,999,0,1.4,94.465,-41.8,4.961,5228.1,999.0,0,0.0,0.0,1.0,1,8,0.0,9,6,1,1
22894,45.0,22,999,0,1.4,93.918,-42.7,4.968,5228.1,999.0,0,0.0,0.0,0.0,2,4,0.0,5,7,1,1
22895,58.0,5,999,0,1.4,93.918,-42.7,4.961,5228.1,999.0,0,1.0,0.0,0.0,2,8,0.0,2,7,1,1
22896,29.0,1,999,0,1.4,93.444,-36.1,4.964,5228.1,999.0,0,1.0,0.0,0.0,1,8,0.0,5,8,1,1
22897,31.0,3,999,2,-1.8,93.075,-47.1,1.405,5099.1,999.0,4,1.0,0.0,0.0,1,4,0.0,4,4,1,2
22898,31.0,2,999,0,1.4,93.444,-36.1,4.963,5228.1,999.0,0,0.0,0.0,0.0,2,8,0.0,5,8,2,1
22899,31.0,2,999,0,-1.8,92.893,-46.2,1.266,5099.1,999.0,0,0.0,0.0,0.0,2,8,0.0,4,5,1,1
22900,57.0,1,999,0,1.1,93.994,-36.4,4.857,5191.0,999.0,0,1.0,0.0,1.0,1,8,0.0,8,5,2,1
22901,31.0,4,999,0,-1.8,93.369,-34.8,0.646,5008.7,999.0,0,0.0,0.0,0.0,2,8,0.0,5,3,1,1
22902,30.0,2,6,1,-1.1,94.199,-37.5,0.88,4963.6,0.2,1,1.0,0.0,0.0,1,8,0.0,11,9,1,3
22903,29.0,2,999,0,1.4,93.444,-36.1,4.965,5228.1,999.0,0,1.0,0.0,0.0,1,8,0.0,6,8,2,1
22904,24.0,3,999,0,-3.4,92.431,-26.9,0.722,5017.5,999.0,0,1.0,0.0,0.0,1,8,0.0,11,10,1,1
22905,31.0,3,999,0,-1.8,93.075,-47.1,1.405,5099.1,999.0,0,0.0,1.0,0.0,2,8,0.0,7,4,1,1
22906,59.0,4,999,0,1.4,93.444,-36.1,4.965,5228.1,999.0,0,1.0,0.0,0.0,2,8,0.0,8,8,1,1
22907,44.0,2,999,0,-1.8,93.075,-47.1,1.365,5099.1,999.0,0,1.0,0.0,1.0,2,4,0.0,4,4,1,1
22908,40.0,2,999,0,1.4,93.444,-36.1,4.966,5228.1,999.0,0,1.0,0.0,0.0,1,7,0.0,6,8,1,1
22909,31.0,1,999,0,-0.1,93.2,-42.0,4.12,5195.8,999.0,0,0.0,1.0,0.0,2,4,0.0,4,11,1,1
22910,29.0,1,999,0,1.4,93.918,-42.7,4.966,5228.1,999.0,0,0.0,0.0,1.0,1,7,0.0,6,7,1,1
22911,24.0,4,999,1,-1.8,92.893,-46.2,1.27,5099.1,999.0,2,1.0,0.0,0.0,1,7,0.0,3,5,1,2
22912,31.0,1,999,0,1.1,93.994,-36.4,4.856,5191.0,999.0,0,0.0,0.0,1.0,2,3,0.0,4,5,1,1
22913,40.0,2,999,0,1.4,93.918,-42.7,4.958,5228.1,999.0,0,1.0,1.0,0.0,3,8,0.0,2,7,1,1
22914,32.0,1,999,0,1.4,93.918,-42.7,4.963,5228.1,999.0,0,1.0,0.0,1.0,3,3,0.0,4,7,1,1
22915,45.0,1,999,0,1.1,93.994,-36.4,4.858,5191.0,999.0,0,0.0,0.0,1.0,2,7,0.0,6,5,2,1
22916,54.0,1,999,0,-1.8,92.893,-46.2,1.25,5099.1,999.0,0,1.0,0.0,0.0,3,7,0.0,8,5,1,1
22917,31.0,2,12,1,-1.8,93.876,-40.0,0.697,5008.7,0.4,1,0.0,0.0,0.0,1,8,0.0,11,5,1,3
22918,56.0,2,999,0,-0.1,93.2,-42.0,4.153,5195.8,999.0,0,0.0,0.0,0.0,2,6,0.0,5,11,1,1
22919,35.0,14,999,0,1.4,93.918,-42.7,4.962,5228.1,999.0,0,0.0,0.0,1.0,2,5,0.0,4,7,2,1
22920,37.0,1,999,0,-1.8,93.075,-47.1,1.405,5099.1,999.0,0,1.0,1.0,0.0,2,7,0.0,6,4,2,1
22921,31.0,7,999,0,1.4,94.465,-41.8,4.866,5228.1,999.0,0,0.0,1.0,1.0,3,5,0.0,4,6,1,1
22922,31.0,1,999,0,1.4,93.918,-42.7,4.963,5228.1,999.0,0,0.0,0.0,0.0,2,8,0.0,4,7,1,1
22923,36.0,3,999,0,1.1,93.994,-36.4,4.86,5191.0,999.0,0,0.0,0.0,1.0,2,5,0.0,6,5,1,1
22924,46.0,3,999,0,1.4,94.465,-41.8,4.864,5228.1,999.0,0,0.0,0.0,1.0,2,8,0.0,6,6,1,1
22925,39.0,4,999,0,1.1,93.994,-36.4,4.86,5191.0,999.0,0,1.0,0.0,1.0,2,5,0.0,4,5,1,1
22926,35.0,2,999,0,-1.8,92.893,-46.2,1.27,5099.1,999.0,0,1.0,1.0,0.0,2,8,0.0,6,5,1,1
22927,31.0,2,999,1,-1.8,92.893,-46.2,1.281,5099.1,999.0,3,1.0,1.0,0.0,1,6,0.0,5,5,1,2
22928,31.0,4,999,0,-1.8,92.893,-46.2,1.281,5099.1,999.0,0,1.0,0.0,1.0,1,8,0.0,9,5,1,1
22929,34.0,1,999,0,1.4,93.918,-42.7,4.96,5228.1,999.0,0,0.0,1.0,0.0,2,5,0.0,4,7,2,1
22930,74.0,3,999,1,-1.1,94.767,-50.8,1.028,4963.6,999.0,1,1.0,0.0,0.0,2,6,0.0,8,11,1,2
22931,40.0,1,999,0,-2.9,92.963,-40.8,1.26,5076.2,999.0,0,0.0,0.0,0.0,2,3,0.0,7,6,1,1
22932,52.0,1,999,0,1.1,93.994,-36.4,4.857,5191.0,999.0,0,0.0,0.0,1.0,3,7,0.0,3,5,1,1
22933,54.0,6,999,1,-1.8,92.893,-46.2,1.291,5099.1,999.0,2,0.0,0.0,1.0,2,8,0.0,4,5,1,2
22934,46.0,2,999,0,-1.8,92.843,-50.0,1.614,5099.1,999.0,0,0.0,0.0,0.0,2,8,0.0,5,3,1,1
22935,45.0,1,999,0,1.4,93.918,-42.7,4.962,5228.1,999.0,0,0.0,0.0,0.0,2,8,0.0,6,7,1,1
22936,31.0,1,999,0,1.1,93.994,-36.4,4.858,5191.0,999.0,0,0.0,1.0,1.0,2,3,0.0,4,5,1,1
22937,31.0,1,999,0,1.4,93.918,-42.7,4.961,5228.1,999.0,0,1.0,0.0,0.0,1,7,0.0,6,7,1,1
22938,47.0,1,999,0,-1.8,93.075,-47.1,1.405,5099.1,999.0,0,1.0,1.0,0.0,2,4,0.0,4,4,1,1
22939,55.0,2,999,0,1.4,93.918,-42.7,4.961,5228.1,999.0,0,1.0,0.0,1.0,2,8,0.0,2,7,1,1
22940,35.0,4,999,0,1.4,93.918,-42.7,4.955,5228.1,999.0,0,0.0,0.0,1.0,2,3,0.0,4,7,1,1
22941,32.0,2,999,0,1.1,93.994,-36.4,4.855,5191.0,999.0,0,1.0,0.0,1.0,3,5,0.0,6,5,1,1
22942,43.0,1,999,0,1.1,93.994,-36.4,4.857,5191.0,999.0,0,1.0,0.0,1.0,1,8,0.0,10,5,2,1
22943,57.0,3,999,0,1.4,93.444,-36.1,4.966,5228.1,999.0,0,1.0,0.0,0.0,2,6,0.0,8,8,1,1
22944,29.0,1,999,0,-1.8,92.893,-46.2,1.266,5099.1,999.0,0,1.0,0.0,0.0,2,7,0.0,6,5,1,1
22945,25.0,1,7,2,-3.4,92.649,-30.1,0.714,5017.5,0.233333333333,4,0.0,1.0,0.0,1,8,0.0,6,11,2,3
22946,36.0,2,999,0,1.1,93.994,-36.4,4.859,5191.0,999.0,0,0.0,0.0,1.0,2,8,0.0,4,5,1,1
22947,31.0,1,999,0,1.4,93.444,-36.1,4.968,5228.1,999.0,0,1.0,0.0,0.0,2,7,0.0,6,8,1,1
22948,35.0,1,999,0,1.1,93.994,-36.4,4.856,5191.0,999.0,0,1.0,0.0,1.0,1,8,0.0,4,5,1,1
22949,44.0,13,999,0,1.4,94.465,-41.8,4.967,5228.1,999.0,0,1.0,0.0,1.0,3,8,0.0,1,6,1,1
22950,31.0,1,999,0,-1.8,93.075,-47.1,1.498,5099.1,999.0,0,1.0,0.0,0.0,2,8,0.0,5,4,1,1
22951,42.0,3,999,0,1.1,93.994,-36.4,4.857,5191.0,999.0,0,1.0,0.0,1.0,1,8,0.0,6,5,1,1
22952,37.0,1,999,0,1.4,93.444,-36.1,4.967,5228.1,999.0,0,0.0,0.0,0.0,1,6,0.0,5,8,1,1
22953,31.0,1,999,0,-1.8,93.075,-47.1,1.453,5099.1,999.0,0,0.0,0.0,0.0,1,7,0.0,5,4,1,1
22954,31.0,1,999,0,1.4,94.465,-41.8,4.961,5228.1,999.0,0,1.0,1.0,1.0,3,5,0.0,6,6,1,1
22955,44.0,2,999,0,1.4,93.918,-42.7,4.963,5228.1,999.0,0,0.0,0.0,0.0,3,2,0.0,7,7,1,1
22956,40.0,2,999,0,-1.8,92.893,-46.2,1.266,5099.1,999.0,0,1.0,0.0,0.0,3,4,0.0,6,5,1,1
22957,30.0,1,999,0,1.4,93.444,-36.1,4.968,5228.1,999.0,0,1.0,0.0,0.0,2,8,0.0,5,8,1,1
22958,39.0,2,999,0,-1.8,93.075,-47.1,1.365,5099.1,999.0,0,1.0,0.0,0.0,2,8,0.0,5,4,1,1
22959,37.0,1,999,0,1.4,94.465,-41.8,4.864,5228.1,999.0,0,1.0,0.0,1.0,2,5,0.0,9,6,1,1
22960,31.0,1,999,0,-1.8,92.893,-46.2,1.334,5099.1,999.0,0,0.0,0.0,0.0,1,5,0.0,3,5,1,1
22961,49.0,10,999,0,1.1,93.994,-36.4,4.858,5191.0,999.0,0,0.0,0.0,1.0,1,4,0.0,1,5,2,1
22962,31.0,1,999,0,1.4,93.918,-42.7,4.96,5228.1,999.0,0,0.0,0.0,0.0,1,8,0.0,4,7,2,1
22963,34.0,1,999,1,-0.1,93.2,-42.0,4.153,5195.8,999.0,3,1.0,0.0,0.0,2,4,0.0,5,11,1,2
22964,53.0,2,999,0,-0.1,93.2,-42.0,4.076,5195.8,999.0,0,0.0,0.0,0.0,3,5,0.0,5,11,1,1
22965,49.0,4,999,0,1.4,93.444,-36.1,4.965,5228.1,999.0,0,1.0,0.0,0.0,2,8,0.0,4,8,2,1
22966,33.0,2,999,0,-1.8,93.075,-47.1,1.405,5099.1,999.0,0,1.0,0.0,0.0,2,2,0.0,2,4,2,1
22967,31.0,1,999,0,-0.1,93.2,-42.0,4.191,5195.8,999.0,0,1.0,0.0,0.0,2,4,0.0,4,11,2,1
22968,32.0,1,999,0,1.1,93.994,-36.4,4.855,5191.0,999.0,0,1.0,1.0,1.0,1,7,0.0,6,5,1,1
22969,31.0,6,999,0,-1.8,92.893,-46.2,1.281,5099.1,999.0,0,1.0,0.0,0.0,2,7,0.0,6,5,1,1
22970,31.0,2,999,0,1.1,93.994,-36.4,4.856,5191.0,999.0,0,0.0,0.0,1.0,2,5,0.0,9,5,1,1
22971,74.0,2,14,2,-1.8,93.749,-34.6,0.643,5008.7,0.466666666667,6,0.0,1.0,0.0,3,8,0.0,8,4,2,2
22972,35.0,1,999,0,1.1,93.994,-36.4,4.857,5191.0,999.0,0,1.0,1.0,1.0,2,6,0.0,4,5,1,1
22973,33.0,1,999,0,1.4,93.918,-42.7,4.961,5228.1,999.0,0,1.0,0.0,0.0,2,8,0.0,7,7,1,1
22974,31.0,1,999,1,-1.8,93.075,-47.1,1.445,5099.1,999.0,1,1.0,0.0,0.0,3,8,0.0,6,4,1,2
22975,52.0,1,999,0,-1.8,92.893,-46.2,1.244,5099.1,999.0,0,1.0,0.0,0.0,2,4,0.0,4,5,2,1
22976,27.0,8,999,0,1.4,93.918,-42.7,4.963,5228.1,999.0,0,0.0,0.0,0.0,1,5,0.0,9,7,1,1
22977,31.0,1,999,0,1.1,93.994,-36.4,4.858,5191.0,999.0,0,0.0,0.0,1.0,1,7,0.0,5,5,1,1
22978,39.0,2,999,0,1.1,93.994,-36.4,4.857,5191.0,999.0,0,1.0,0.0,1.0,3,3,0.0,4,5,1,1
22979,42.0,2,999,0,-1.8,93.075,-47.1,1.479,5099.1,999.0,0,1.0,0.0,0.0,3,8,0.0,5,4,1,1
22980,31.0,1,999,1,-1.8,93.075,-47.1,1.479,5099.1,999.0,2,1.0,0.0,0.0,2,8,0.0,2,4,1,2
22981,40.0,1,999,0,-1.8,93.075,-47.1,1.365,5099.1,999.0,0,0.0,0.0,0.0,2,8,0.0,6,4,1,1
22982,52.0,1,999,0,1.1,93.994,-36.4,4.856,5191.0,999.0,0,1.0,0.0,1.0,2,7,0.0,3,5,1,1
22983,44.0,1,999,0,1.4,93.918,-42.7,4.96,5228.1,999.0,0,1.0,1.0,0.0,1,8,0.0,4,7,2,1
22984,31.0,3,999,0,1.4,93.918,-42.7,4.958,5228.1,999.0,0,0.0,0.0,0.0,1,8,0.0,2,7,1,1
22985,49.0,1,999,0,1.4,94.465,-41.8,4.959,5228.1,999.0,0,1.0,1.0,1.0,2,8,0.0,4,6,1,1
22986,35.0,1,999,0,1.1,93.994,-36.4,4.859,5191.0,999.0,0,1.0,0.0,1.0,2,7,0.0,6,5,1,1
22987,31.0,1,999,0,1.1,93.994,-36.4,4.859,5191.0,999.0,0,0.0,0.0,1.0,1,2,0.0,4,5,1,1
22988,57.0,4,999,0,-1.8,92.893,-46.2,1.244,5099.1,999.0,0,1.0,0.0,0.0,2,5,0.0,9,5,2,1
22989,40.0,1,999,0,1.1,93.994,-36.4,4.857,5191.0,999.0,0,1.0,0.0,1.0,2,5,0.0,4,5,1,1
22990,31.0,5,999,0,1.4,93.918,-42.7,4.968,5228.1,999.0,0,0.0,0.0,0.0,1,8,0.0,5,7,1,1
22991,38.0,2,999,0,1.1,93.994,-36.4,4.86,5191.0,999.0,0,1.0,0.0,1.0,3,8,0.0,4,5,1,1
22992,59.0,1,999,1,-3.4,92.431,-26.9,0.743,5017.5,999.0,4,0.0,0.0,0.0,2,7,0.0,5,10,2,2
22993,56.0,1,7,2,-1.7,94.055,-39.8,0.723,4991.6,0.233333333333,2,1.0,0.0,0.0,2,3,0.0,3,6,1,3
22994,31.0,3,999,0,1.4,94.465,-41.8,4.96,5228.1,999.0,0,0.0,0.0,1.0,1,4,0.0,7,6,2,1
22995,34.0,1,999,0,1.4,93.444,-36.1,4.964,5228.1,999.0,0,0.0,1.0,0.0,2,7,0.0,5,8,1,1
22996,31.0,1,999,0,1.4,93.918,-42.7,4.96,5228.1,999.0,0,0.0,0.0,0.0,2,8,0.0,6,7,2,1
22997,38.0,1,999,0,-1.8,93.075,-47.1,1.453,5099.1,999.0,0,0.0,0.0,0.0,2,2,0.0,4,4,1,1
22998,32.0,1,999,0,1.4,93.918,-42.7,4.958,5228.1,999.0,0,1.0,0.0,0.0,2,3,0.0,4,7,1,1
22999,39.0,2,999,0,-1.8,92.893,-46.2,1.344,5099.1,999.0,0,0.0,0.0,0.0,2,4,0.0,4,5,1,1
23000,47.0,2,999,0,-0.1,93.2,-42.0,4.076,5195.8,999.0,0,0.0,0.0,0.0,3,4,0.0,7,11,1,1
23001,33.0,2,999,0,-1.8,93.369,-34.8,0.646,5008.7,999.0,0,1.0,0.0,1.0,1,8,0.0,5,3,1,1
23002,42.0,2,999,0,-1.8,93.075,-47.1,1.479,5099.1,999.0,0,0.0,0.0,0.0,2,8,0.0,6,4,1,1
23003,32.0,3,999,0,1.4,93.918,-42.7,4.963,5228.1,999.0,0,0.0,0.0,0.0,2,8,0.0,6,7,1,1
23004,31.0,1,999,0,1.1,93.994,-36.4,4.857,5191.0,999.0,0,1.0,0.0,1.0,2,7,0.0,6,5,2,1
23005,31.0,2,999,0,1.4,93.444,-36.1,4.97,5228.1,999.0,0,0.0,0.0,0.0,2,6,0.0,8,8,2,1
23006,31.0,1,999,0,1.1,93.994,-36.4,4.857,5191.0,999.0,0,1.0,0.0,1.0,1,5,0.0,9,5,1,1
23007,31.0,1,999,0,1.4,94.465,-41.8,4.962,5228.1,999.0,0,1.0,1.0,1.0,2,8,0.0,4,6,1,1
23008,51.0,3,999,0,1.4,93.444,-36.1,4.966,5228.1,999.0,0,0.0,1.0,0.0,3,6,0.0,5,8,1,1
23009,30.0,3,999,0,-2.9,92.963,-40.8,1.262,5076.2,999.0,0,1.0,0.0,0.0,1,6,0.0,5,6,1,1
23010,35.0,1,999,0,1.4,94.465,-41.8,4.864,5228.1,999.0,0,0.0,0.0,1.0,2,7,0.0,7,6,1,1
23011,38.0,4,999,1,-1.8,93.075,-47.1,1.405,5099.1,999.0,1,1.0,0.0,0.0,2,4,0.0,7,4,2,2
23012,26.0,2,999,0,1.4,93.918,-42.7,4.96,5228.1,999.0,0,1.0,0.0,0.0,2,8,0.0,2,7,2,1
23013,31.0,2,999,0,-1.8,92.893,-46.2,1.354,5099.1,999.0,0,1.0,1.0,0.0,2,6,0.0,5,5,2,1
23014,33.0,1,999,0,-1.7,94.215,-40.3,0.822,4991.6,999.0,0,1.0,0.0,1.0,2,7,0.0,10,7,1,1
23015,31.0,1,999,0,1.1,93.994,-36.4,4.857,5191.0,999.0,0,0.0,0.0,1.0,2,5,0.0,6,5,1,1
23016,40.0,1,999,0,-0.1,93.2,-42.0,4.076,5195.8,999.0,0,1.0,0.0,0.0,2,2,0.0,4,11,1,1
23017,33.0,1,999,0,-1.8,92.893,-46.2,1.281,5099.1,999.0,0,1.0,0.0,0.0,2,7,0.0,6,5,1,1
23018,31.0,1,999,1,-1.8,92.893,-46.2,1.334,5099.1,999.0,6,1.0,0.0,0.0,2,2,0.0,4,5,1,2
23019,34.0,3,999,0,1.4,93.918,-42.7,4.962,5228.1,999.0,0,0.0,0.0,0.0,2,3,0.0,4,7,1,1
23020,36.0,2,999,0,1.1,93.994,-36.4,4.856,5191.0,999.0,0,0.0,0.0,1.0,2,7,0.0,3,5,1,1
23021,31.0,4,999,0,-1.8,92.893,-46.2,1.266,5099.1,999.0,0,1.0,0.0,0.0,2,4,0.0,5,5,1,1
23022,37.0,1,999,0,-1.8,93.749,-34.6,0.642,5008.7,999.0,0,1.0,0.0,1.0,2,8,0.0,5,4,2,1
23023,47.0,6,999,0,1.4,93.444,-36.1,4.964,5228.1,999.0,0,0.0,1.0,0.0,3,7,0.0,6,8,1,1
23024,28.0,2,999,0,1.4,94.465,-41.8,4.961,5228.1,999.0,0,0.0,1.0,1.0,1,6,0.0,5,6,1,1
23025,36.0,1,999,0,-1.8,92.893,-46.2,1.334,5099.1,999.0,0,0.0,0.0,0.0,1,5,0.0,6,5,1,1
23026,31.0,1,999,0,1.4,93.444,-36.1,4.965,5228.1,999.0,0,1.0,0.0,0.0,2,7,0.0,3,8,1,1
23027,36.0,11,999,0,1.4,93.444,-36.1,4.964,5228.1,999.0,0,1.0,0.0,0.0,2,5,0.0,6,8,1,1
23028,34.0,2,999,0,1.4,93.918,-42.7,4.961,5228.1,999.0,0,0.0,1.0,0.0,3,8,0.0,9,7,1,1
23029,46.0,3,999,0,1.4,93.444,-36.1,4.968,5228.1,999.0,0,0.0,0.0,0.0,1,8,0.0,5,8,1,1
23030,49.0,2,999,2,-1.8,92.893,-46.2,1.291,5099.1,999.0,6,0.0,0.0,0.0,2,4,0.0,4,5,1,2
23031,31.0,2,999,0,1.1,93.994,-36.4,4.857,5191.0,999.0,0,0.0,0.0,1.0,1,8,0.0,4,5,1,1
23032,31.0,1,999,0,-1.7,94.027,-38.3,0.886,4991.6,999.0,0,1.0,0.0,0.0,1,7,0.0,6,8,1,1
23033,28.0,2,999,0,-3.0,92.713,-33.0,0.706,5023.5,999.0,0,1.0,0.0,0.0,1,8,0.0,11,12,1,1
23034,48.0,1,6,2,-1.8,93.876,-40.0,0.682,5008.7,0.2,2,1.0,0.0,0.0,2,6,0.0,10,5,1,3
23035,35.0,2,999,1,-0.1,93.2,-42.0,4.191,5195.8,999.0,4,1.0,0.0,0.0,2,4,0.0,4,11,2,2
23036,45.0,3,999,1,-1.8,93.075,-47.1,1.423,5099.1,999.0,2,1.0,0.0,0.0,2,8,0.0,4,4,1,2
23037,31.0,3,999,1,-1.8,93.075,-47.1,1.405,5099.1,999.0,1,0.0,0.0,0.0,2,8,0.0,4,4,2,2
23038,52.0,1,999,0,1.4,93.444,-36.1,4.964,5228.1,999.0,0,1.0,0.0,0.0,2,3,0.0,2,8,1,1
23039,44.0,1,999,0,1.4,93.444,-36.1,4.963,5228.1,999.0,0,1.0,0.0,0.0,2,2,0.0,2,8,1,1
23040,27.0,1,999,1,-1.8,92.893,-46.2,1.313,5099.1,999.0,3,1.0,0.0,0.0,1,8,0.0,6,5,1,2
23041,30.0,1,999,0,-1.8,92.893,-46.2,1.281,5099.1,999.0,0,1.0,0.0,0.0,2,8,0.0,4,5,1,1
23042,31.0,2,999,0,1.4,93.918,-42.7,4.962,5228.1,999.0,0,0.0,0.0,0.0,3,7,0.0,6,7,1,1
23043,32.0,1,999,0,1.1,93.994,-36.4,4.856,5191.0,999.0,0,0.0,0.0,1.0,1,7,0.0,6,5,1,1
23044,31.0,12,999,0,1.4,94.465,-41.8,4.959,5228.1,999.0,0,1.0,0.0,1.0,2,5,0.0,4,6,1,1
23045,51.0,1,999,0,1.1,93.994,-36.4,4.856,5191.0,999.0,0,1.0,0.0,1.0,2,5,0.0,6,5,1,1
23046,31.0,2,999,0,1.4,93.444,-36.1,4.966,5228.1,999.0,0,1.0,0.0,0.0,2,7,0.0,6,8,1,1
23047,31.0,2,999,0,1.4,93.918,-42.7,4.96,5228.1,999.0,0,1.0,0.0,0.0,1,7,0.0,6,7,2,1
23048,29.0,3,999,0,1.1,93.994,-36.4,4.855,5191.0,999.0,0,0.0,0.0,1.0,3,8,0.0,9,5,1,1
23049,38.0,2,999,0,1.1,93.994,-36.4,4.864,5191.0,999.0,0,1.0,0.0,1.0,1,8,0.0,4,5,1,1
23050,31.0,5,999,0,1.1,93.994,-36.4,4.857,5191.0,999.0,0,1.0,0.0,1.0,2,2,0.0,4,5,2,1
23051,31.0,3,999,0,1.1,93.994,-36.4,4.86,5191.0,999.0,0,0.0,0.0,1.0,2,6,0.0,8,5,1,1
23052,57.0,6,999,0,1.4,93.918,-42.7,4.961,5228.1,999.0,0,1.0,1.0,0.0,3,3,0.0,4,7,1,1
23053,26.0,4,999,0,1.4,93.918,-42.7,4.963,5228.1,999.0,0,0.0,0.0,0.0,1,5,0.0,6,7,1,1
23054,44.0,2,3,1,-2.9,92.963,-40.8,1.286,5076.2,0.1,1,0.0,0.0,0.0,2,7,0.0,1,6,1,3
23055,31.0,1,999,0,-0.1,93.2,-42.0,4.191,5195.8,999.0,0,0.0,0.0,0.0,3,7,0.0,7,11,2,1
23056,31.0,1,999,1,-1.8,93.075,-47.1,1.41,5099.1,999.0,1,1.0,0.0,0.0,1,8,0.0,5,4,1,2
23057,32.0,3,999,0,1.1,93.994,-36.4,4.857,5191.0,999.0,0,0.0,0.0,1.0,2,5,0.0,3,5,1,1
23058,31.0,1,999,0,-1.8,92.893,-46.2,1.291,5099.1,999.0,0,1.0,0.0,0.0,1,5,0.0,9,5,1,1
23059,43.0,3,999,0,1.4,94.465,-41.8,4.967,5228.1,999.0,0,0.0,0.0,1.0,2,8,0.0,4,6,1,1
23060,28.0,6,999,0,-1.8,92.893,-46.2,1.25,5099.1,999.0,0,1.0,1.0,0.0,1,8,0.0,4,5,1,1
23061,26.0,2,999,0,1.1,93.994,-36.4,4.855,5191.0,999.0,0,1.0,0.0,1.0,1,5,0.0,6,5,1,1
23062,31.0,1,999,0,1.4,94.465,-41.8,4.866,5228.1,999.0,0,0.0,0.0,1.0,2,5,0.0,9,6,1,1
23063,31.0,2,999,0,1.1,93.994,-36.4,4.857,5191.0,999.0,0,1.0,1.0,1.0,3,7,0.0,6,5,1,1
23064,47.0,2,999,0,-1.8,93.075,-47.1,1.445,5099.1,999.0,0,0.0,1.0,0.0,2,5,0.0,7,4,1,1
23065,36.0,1,999,0,-1.8,92.893,-46.2,1.264,5099.1,999.0,0,0.0,0.0,0.0,2,5,0.0,6,5,2,1
23066,31.0,1,3,1,-1.1,94.199,-37.5,0.879,4963.6,0.1,2,1.0,0.0,0.0,1,7,0.0,5,9,1,3
23067,25.0,1,999,0,-1.8,93.075,-47.1,1.445,5099.1,999.0,0,1.0,0.0,0.0,1,8,0.0,6,4,1,1
23068,31.0,1,999,0,1.4,93.444,-36.1,4.965,5228.1,999.0,0,1.0,0.0,0.0,2,8,0.0,6,8,1,1
23069,44.0,1,999,0,-1.8,93.075,-47.1,1.435,5099.1,999.0,0,1.0,0.0,0.0,3,7,0.0,3,4,1,1
23070,39.0,5,999,0,1.1,93.994,-36.4,4.857,5191.0,999.0,0,0.0,0.0,1.0,2,8,0.0,4,5,2,1
23071,24.0,1,999,0,-1.8,93.075,-47.1,1.466,5099.1,999.0,0,1.0,0.0,1.0,1,8,0.0,6,4,2,1
23072,33.0,2,999,0,1.1,93.994,-36.4,4.857,5191.0,999.0,0,1.0,1.0,1.0,1,6,0.0,5,5,2,1
23073,31.0,1,999,0,1.4,93.444,-36.1,4.968,5228.1,999.0,0,0.0,0.0,0.0,2,7,0.0,6,8,1,1
23074,31.0,5,999,0,1.4,93.918,-42.7,4.96,5228.1,999.0,0,1.0,0.0,1.0,1,5,0.0,10,7,2,1
23075,19.0,2,999,3,-3.0,92.713,-33.0,0.712,5023.5,999.0,0,1.0,0.0,0.0,1,8,0.0,11,12,1,2
23076,37.0,7,999,0,-1.8,92.893,-46.2,1.344,5099.1,999.0,0,1.0,0.0,0.0,2,4,0.0,6,5,1,1
23077,36.0,1,999,1,-2.9,92.201,-31.4,0.821,5076.2,999.0,0,1.0,0.0,0.0,1,8,0.0,5,8,1,2
23078,32.0,3,999,0,1.1,93.994,-36.4,4.86,5191.0,999.0,0,0.0,0.0,1.0,2,8,0.0,6,5,1,1
23079,30.0,1,999,0,-1.8,93.075,-47.1,1.479,5099.1,999.0,0,0.0,0.0,0.0,1,5,0.0,5,4,1,1
23080,29.0,2,3,1,-2.9,92.963,-40.8,1.26,5076.2,0.1,5,0.0,0.0,0.0,1,5,0.0,9,6,1,3
23081,35.0,1,999,0,-1.8,92.893,-46.2,1.344,5099.1,999.0,0,1.0,0.0,0.0,3,5,0.0,4,5,1,1
23082,41.0,1,999,0,1.4,93.444,-36.1,4.964,5228.1,999.0,0,1.0,0.0,0.0,2,2,0.0,2,8,1,1
23083,60.0,1,999,0,-1.8,92.893,-46.2,1.354,5099.1,999.0,0,1.0,0.0,1.0,2,7,0.0,3,5,2,1
23084,56.0,1,999,0,1.1,93.994,-36.4,4.857,5191.0,999.0,0,0.0,0.0,1.0,3,8,0.0,3,5,1,1
23085,51.0,1,999,0,1.4,93.444,-36.1,4.964,5228.1,999.0,0,1.0,0.0,0.0,2,7,0.0,3,8,1,1
23086,36.0,1,999,0,-0.1,93.2,-42.0,4.12,5195.8,999.0,0,0.0,0.0,0.0,1,7,0.0,6,11,1,1
23087,43.0,2,999,1,-0.1,93.2,-42.0,4.12,5195.8,999.0,1,0.0,1.0,0.0,2,8,0.0,3,11,1,2
23088,24.0,1,999,0,1.1,93.994,-36.4,4.855,5191.0,999.0,0,0.0,0.0,1.0,1,6,0.0,5,5,1,1
23089,40.0,3,999,0,-1.8,92.893,-46.2,1.344,5099.1,999.0,0,1.0,0.0,0.0,2,8,0.0,4,5,1,1
23090,38.0,1,999,0,1.4,94.465,-41.8,4.864,5228.1,999.0,0,0.0,1.0,1.0,1,8,0.0,6,6,1,1
23091,26.0,3,999,0,1.4,93.918,-42.7,4.962,5228.1,999.0,0,1.0,0.0,0.0,1,5,0.0,5,7,2,1
23092,31.0,3,999,0,1.1,93.994,-36.4,4.856,5191.0,999.0,0,1.0,0.0,1.0,3,6,0.0,5,5,1,1
23093,31.0,1,999,0,1.4,94.465,-41.8,4.959,5228.1,999.0,0,1.0,0.0,1.0,2,7,0.0,10,6,1,1
23094,31.0,1,999,0,1.1,93.994,-36.4,4.855,5191.0,999.0,0,0.0,0.0,1.0,2,6,0.0,10,5,1,1
23095,70.0,2,999,0,-3.0,92.713,-33.0,0.715,5023.5,999.0,0,0.0,0.0,0.0,2,8,0.0,8,12,1,1
23096,30.0,2,999,0,-0.1,93.2,-42.0,4.076,5195.8,999.0,0,0.0,0.0,0.0,1,7,0.0,6,11,1,1
23097,24.0,1,999,0,-1.8,93.075,-47.1,1.41,5099.1,999.0,0,1.0,0.0,0.0,1,8,0.0,3,4,1,1
23098,36.0,3,999,0,1.4,93.444,-36.1,4.964,5228.1,999.0,0,1.0,0.0,0.0,2,7,0.0,6,8,1,1
23099,30.0,2,999,0,1.4,93.918,-42.7,4.962,5228.1,999.0,0,1.0,0.0,0.0,2,3,0.0,9,7,2,1
23100,27.0,1,999,0,1.4,93.918,-42.7,4.962,5228.1,999.0,0,1.0,1.0,0.0,1,8,0.0,6,7,1,1
23101,57.0,2,999,0,1.1,93.994,-36.4,4.856,5191.0,999.0,0,0.0,0.0,1.0,1,8,0.0,1,5,1,1
23102,33.0,2,999,0,1.1,93.994,-36.4,4.86,5191.0,999.0,0,0.0,0.0,1.0,2,2,0.0,4,5,1,1
23103,59.0,1,999,0,1.4,93.444,-36.1,4.968,5228.1,999.0,0,0.0,0.0,0.0,2,8,0.0,8,8,1,1
23104,37.0,1,999,0,1.1,93.994,-36.4,4.86,5191.0,999.0,0,1.0,0.0,1.0,3,5,0.0,6,5,1,1
23105,28.0,5,999,0,1.4,94.465,-41.8,4.96,5228.1,999.0,0,1.0,0.0,1.0,1,8,0.0,6,6,2,1
23106,49.0,1,999,0,1.4,93.918,-42.7,4.962,5228.1,999.0,0,1.0,0.0,0.0,2,2,0.0,5,7,1,1
23107,52.0,19,999,0,1.1,93.994,-36.4,4.858,5191.0,999.0,0,0.0,1.0,1.0,2,2,0.0,4,5,2,1
23108,31.0,3,999,0,-0.1,93.2,-42.0,4.076,5195.8,999.0,0,0.0,0.0,0.0,1,7,0.0,7,11,1,1
23109,49.0,1,999,0,-1.8,93.075,-47.1,1.365,5099.1,999.0,0,0.0,0.0,0.0,1,8,0.0,6,4,1,1
23110,47.0,3,999,0,1.4,93.918,-42.7,4.962,5228.1,999.0,0,0.0,0.0,0.0,2,3,0.0,4,7,2,1
23111,30.0,2,999,0,1.4,93.444,-36.1,4.968,5228.1,999.0,0,0.0,0.0,0.0,1,7,0.0,6,8,1,1
23112,31.0,1,999,0,-1.8,93.876,-40.0,0.685,5008.7,999.0,0,1.0,0.0,0.0,2,7,0.0,5,5,2,1
23113,44.0,1,999,0,-0.1,93.2,-42.0,4.153,5195.8,999.0,0,1.0,1.0,0.0,1,4,0.0,4,11,1,1
23114,31.0,3,999,0,-0.1,93.2,-42.0,4.076,5195.8,999.0,0,1.0,0.0,0.0,2,7,0.0,6,11,1,1
23115,27.0,1,999,0,1.4,94.465,-41.8,4.947,5228.1,999.0,0,1.0,1.0,1.0,1,6,0.0,6,6,1,1
23116,31.0,2,999,0,1.1,93.994,-36.4,4.859,5191.0,999.0,0,0.0,0.0,1.0,1,5,0.0,7,5,1,1
23117,47.0,2,999,0,1.4,94.465,-41.8,4.962,5228.1,999.0,0,1.0,1.0,1.0,2,5,0.0,9,6,1,1
23118,39.0,1,999,0,1.1,93.994,-36.4,4.855,5191.0,999.0,0,1.0,0.0,1.0,1,4,0.0,10,5,1,1
23119,31.0,2,999,0,1.1,93.994,-36.4,4.855,5191.0,999.0,0,1.0,0.0,1.0,2,8,0.0,6,5,1,1
23120,36.0,5,999,0,-1.8,93.075,-47.1,1.405,5099.1,999.0,0,0.0,1.0,0.0,1,5,0.0,9,4,2,1
23121,31.0,2,999,0,1.4,93.444,-36.1,4.963,5228.1,999.0,0,1.0,0.0,0.0,3,7,0.0,6,8,1,1
23122,31.0,1,999,0,1.1,93.994,-36.4,4.864,5191.0,999.0,0,1.0,1.0,1.0,2,7,0.0,6,5,1,1
23123,36.0,4,999,0,1.1,93.994,-36.4,4.857,5191.0,999.0,0,1.0,0.0,1.0,2,4,0.0,4,5,2,1
23124,31.0,1,999,0,1.4,93.918,-42.7,4.963,5228.1,999.0,0,1.0,0.0,0.0,2,8,0.0,1,7,1,1
23125,31.0,5,999,0,1.4,94.465,-41.8,4.959,5228.1,999.0,0,0.0,0.0,1.0,2,6,0.0,6,6,1,1
23126,30.0,1,999,1,-0.1,93.2,-42.0,4.12,5195.8,999.0,3,1.0,0.0,0.0,2,4,0.0,4,11,1,2
23127,27.0,1,999,1,-1.8,93.075,-47.1,1.365,5099.1,999.0,2,1.0,0.0,0.0,1,7,0.0,6,4,1,2
23128,46.0,7,999,0,-0.1,93.2,-42.0,4.021,5195.8,999.0,0,0.0,0.0,1.0,3,7,0.0,6,11,1,1
23129,34.0,1,999,0,1.4,93.918,-42.7,4.963,5228.1,999.0,0,1.0,0.0,0.0,3,8,0.0,11,7,1,1
23130,34.0,3,999,0,1.1,93.994,-36.4,4.859,5191.0,999.0,0,0.0,0.0,1.0,1,7,0.0,10,5,1,1
23131,60.0,1,999,0,-3.4,92.431,-26.9,0.722,5017.5,999.0,0,1.0,0.0,0.0,3,8,0.0,8,10,1,1
23132,55.0,1,9,2,-3.0,92.713,-33.0,0.714,5023.5,0.3,0,1.0,0.0,0.0,2,6,0.0,6,12,1,3
23133,56.0,1,999,0,1.4,93.444,-36.1,4.963,5228.1,999.0,0,0.0,0.0,0.0,2,7,0.0,8,8,1,1
23134,40.0,5,999,0,1.4,93.918,-42.7,4.962,5228.1,999.0,0,1.0,1.0,1.0,2,8,0.0,4,7,2,1
23135,31.0,3,999,0,-2.9,92.469,-33.6,0.996,5076.2,999.0,0,1.0,1.0,0.0,1,8,0.0,5,7,2,1
23136,31.0,4,999,0,1.4,93.444,-36.1,4.963,5228.1,999.0,0,0.0,0.0,0.0,2,7,0.0,6,8,1,1
23137,31.0,1,999,0,1.1,93.994,-36.4,4.857,5191.0,999.0,0,0.0,0.0,1.0,1,6,0.0,5,5,2,1
23138,30.0,3,999,0,1.4,94.465,-41.8,4.961,5228.1,999.0,0,1.0,0.0,1.0,3,4,0.0,4,6,1,1
23139,31.0,1,15,1,-2.9,92.201,-31.4,0.883,5076.2,0.5,4,0.0,0.0,0.0,3,7,0.0,8,8,1,3
23140,39.0,4,999,1,-0.1,93.2,-42.0,4.191,5195.8,999.0,1,1.0,0.0,0.0,2,4,0.0,4,11,2,2
23141,28.0,1,999,1,-2.9,92.201,-31.4,0.881,5076.2,999.0,2,1.0,0.0,0.0,2,7,0.0,6,8,1,2
23142,40.0,1,999,0,1.4,94.465,-41.8,4.865,5228.1,999.0,0,0.0,0.0,1.0,3,5,0.0,9,6,2,1
23143,31.0,1,999,0,1.4,93.918,-42.7,4.963,5228.1,999.0,0,0.0,0.0,1.0,2,5,0.0,9,7,1,1
23144,54.0,5,999,0,1.1,93.994,-36.4,4.857,5191.0,999.0,0,0.0,0.0,1.0,2,3,0.0,4,5,1,1
23145,31.0,1,999,0,1.4,93.444,-36.1,4.965,5228.1,999.0,0,0.0,0.0,0.0,1,7,0.0,6,8,1,1
23146,31.0,2,999,0,1.4,93.918,-42.7,4.96,5228.1,999.0,0,1.0,0.0,0.0,2,8,0.0,9,7,2,1
23147,31.0,3,999,0,1.4,94.465,-41.8,4.962,5228.1,999.0,0,1.0,1.0,1.0,2,2,0.0,4,6,1,1
23148,31.0,1,999,0,-1.8,93.876,-40.0,0.701,5008.7,999.0,0,1.0,1.0,0.0,1,8,0.0,6,5,2,1
23149,31.0,2,999,0,1.4,93.444,-36.1,4.963,5228.1,999.0,0,0.0,1.0,0.0,2,5,0.0,12,8,1,1
23150,39.0,1,999,0,-0.1,93.2,-42.0,4.12,5195.8,999.0,0,0.0,0.0,0.0,2,4,0.0,10,11,1,1
23151,31.0,1,999,0,1.1,93.994,-36.4,4.857,5191.0,999.0,0,1.0,0.0,1.0,1,5,0.0,6,5,2,1
23152,31.0,2,999,0,-2.9,92.201,-31.4,0.883,5076.2,999.0,0,0.0,0.0,0.0,3,7,0.0,1,8,1,1
23153,57.0,1,999,0,-0.1,93.2,-42.0,4.076,5195.8,999.0,0,1.0,1.0,0.0,3,8,0.0,6,11,1,1
23154,31.0,2,999,0,1.4,94.465,-41.8,4.961,5228.1,999.0,0,0.0,0.0,1.0,2,3,0.0,4,6,1,1
23155,42.0,2,999,0,1.4,94.465,-41.8,4.967,5228.1,999.0,0,0.0,0.0,1.0,1,7,0.0,6,6,1,1
23156,31.0,2,999,0,-1.8,92.893,-46.2,1.327,5099.1,999.0,0,1.0,0.0,0.0,2,6,0.0,5,5,1,1
23157,26.0,2,999,0,-1.8,92.893,-46.2,1.25,5099.1,999.0,0,1.0,0.0,0.0,1,8,0.0,4,5,1,1
23158,35.0,5,999,0,1.1,93.994,-36.4,4.857,5191.0,999.0,0,0.0,0.0,1.0,1,8,0.0,11,5,1,1
23159,31.0,2,999,0,1.1,93.994,-36.4,4.857,5191.0,999.0,0,0.0,0.0,1.0,2,7,0.0,3,5,2,1
23160,39.0,1,999,0,1.4,93.444,-36.1,4.964,5228.1,999.0,0,0.0,0.0,0.0,3,8,0.0,6,8,1,1
23161,31.0,2,999,0,1.4,93.918,-42.7,4.962,5228.1,999.0,0,0.0,0.0,0.0,1,5,0.0,6,7,1,1
23162,31.0,5,999,0,1.4,93.444,-36.1,4.968,5228.1,999.0,0,1.0,0.0,0.0,2,8,0.0,3,8,1,1
23163,38.0,1,999,0,-0.1,93.2,-42.0,4.076,5195.8,999.0,0,1.0,1.0,0.0,2,5,0.0,6,11,1,1
23164,29.0,1,999,0,1.4,93.918,-42.7,4.96,5228.1,999.0,0,0.0,0.0,0.0,2,6,0.0,5,7,2,1
23165,33.0,1,999,0,1.4,93.918,-42.7,4.958,5228.1,999.0,0,1.0,0.0,0.0,1,4,0.0,3,7,1,1
23166,34.0,2,999,0,1.4,93.918,-42.7,4.963,5228.1,999.0,0,0.0,0.0,0.0,1,5,0.0,9,7,1,1
23167,35.0,1,999,0,-0.1,93.2,-42.0,4.153,5195.8,999.0,0,1.0,0.0,0.0,2,4,0.0,7,11,1,1
23168,31.0,2,999,0,1.1,93.994,-36.4,4.86,5191.0,999.0,0,0.0,0.0,1.0,2,7,0.0,6,5,1,1
23169,50.0,3,999,0,-1.8,92.893,-46.2,1.244,5099.1,999.0,0,0.0,0.0,0.0,2,8,0.0,2,5,2,1
23170,32.0,1,999,0,-0.1,93.2,-42.0,4.076,5195.8,999.0,0,1.0,1.0,0.0,2,7,0.0,6,11,1,1
23171,34.0,5,999,0,-1.8,92.893,-46.2,1.354,5099.1,999.0,0,0.0,0.0,0.0,1,7,0.0,6,5,2,1
23172,21.0,1,999,0,1.1,93.994,-36.4,4.856,5191.0,999.0,0,1.0,1.0,1.0,1,4,0.0,6,5,1,1
23173,38.0,3,999,1,-1.8,92.893,-46.2,1.313,5099.1,999.0,4,1.0,0.0,1.0,2,6,0.0,4,5,1,2
23174,34.0,1,1,1,-1.8,93.075,-47.1,1.479,5099.1,0.0333333333333,4,0.0,0.0,0.0,1,4,0.0,4,4,1,3
23175,40.0,1,999,0,1.1,93.994,-36.4,4.857,5191.0,999.0,0,1.0,0.0,1.0,2,8,0.0,6,5,1,1
23176,31.0,2,999,0,1.4,93.444,-36.1,4.97,5228.1,999.0,0,1.0,0.0,0.0,2,5,0.0,9,8,2,1
23177,54.0,3,999,1,-1.1,94.601,-49.5,0.987,4963.6,999.0,3,0.0,0.0,0.0,2,8,0.0,1,10,1,2
23178,54.0,1,999,0,-1.8,93.075,-47.1,1.365,5099.1,999.0,0,1.0,0.0,0.0,2,7,0.0,3,4,1,1
23179,51.0,3,999,1,-1.8,93.369,-34.8,0.636,5008.7,999.0,3,1.0,1.0,0.0,2,7,0.0,6,3,1,2
23180,38.0,2,999,0,1.4,93.918,-42.7,4.962,5228.1,999.0,0,0.0,0.0,0.0,2,5,0.0,4,7,1,1
23181,31.0,2,999,0,1.4,93.918,-42.7,4.962,5228.1,999.0,0,1.0,0.0,0.0,2,8,0.0,12,7,1,1
23182,31.0,2,15,1,-1.7,94.215,-40.3,0.802,4991.6,0.5,4,1.0,0.0,0.0,2,5,0.0,6,7,1,3
23183,34.0,2,999,0,1.4,94.465,-41.8,4.961,5228.1,999.0,0,0.0,0.0,1.0,1,7,0.0,2,6,1,1
23184,59.0,1,999,0,1.4,93.444,-36.1,4.965,5228.1,999.0,0,1.0,0.0,0.0,2,8,0.0,8,8,2,1
23185,44.0,1,999,0,1.4,93.918,-42.7,4.962,5228.1,999.0,0,1.0,0.0,0.0,2,5,0.0,3,7,1,1
23186,46.0,18,999,0,1.4,93.444,-36.1,4.962,5228.1,999.0,0,0.0,0.0,0.0,3,8,0.0,5,8,1,1
23187,35.0,4,999,0,1.4,94.465,-41.8,4.959,5228.1,999.0,0,1.0,0.0,1.0,1,3,0.0,4,6,1,1
23188,43.0,4,999,0,1.4,93.918,-42.7,4.968,5228.1,999.0,0,1.0,0.0,0.0,2,6,0.0,6,7,1,1
23189,29.0,1,999,1,-1.8,92.893,-46.2,1.299,5099.1,999.0,1,1.0,1.0,0.0,2,4,0.0,4,5,2,2
23190,39.0,4,999,1,-1.8,92.893,-46.2,1.313,5099.1,999.0,4,1.0,0.0,0.0,1,7,0.0,6,5,1,2
23191,47.0,1,999,0,-1.8,93.075,-47.1,1.41,5099.1,999.0,0,1.0,0.0,1.0,2,4,0.0,4,4,1,1
23192,35.0,1,999,0,1.4,93.444,-36.1,4.964,5228.1,999.0,0,0.0,1.0,0.0,1,7,0.0,6,8,1,1
23193,55.0,1,999,0,-1.8,92.893,-46.2,1.334,5099.1,999.0,0,0.0,0.0,0.0,2,4,0.0,8,5,1,1
23194,38.0,1,999,1,-0.1,93.2,-42.0,4.191,5195.8,999.0,3,1.0,0.0,0.0,2,4,0.0,6,11,2,2
23195,52.0,2,999,0,-0.1,93.2,-42.0,4.021,5195.8,999.0,0,1.0,1.0,0.0,2,7,0.0,7,11,1,1
23196,39.0,6,999,0,1.4,93.918,-42.7,4.961,5228.1,999.0,0,0.0,0.0,0.0,3,8,0.0,6,7,1,1
23197,61.0,1,999,0,-1.8,93.075,-47.1,1.405,5099.1,999.0,0,1.0,1.0,0.0,2,6,0.0,8,4,1,1
23198,47.0,8,999,0,1.4,94.465,-41.8,4.959,5228.1,999.0,0,1.0,0.0,1.0,2,5,0.0,9,6,1,1
23199,38.0,2,999,0,1.4,94.465,-41.8,4.961,5228.1,999.0,0,0.0,1.0,1.0,2,7,0.0,6,6,1,1
23200,38.0,1,999,1,-1.8,92.893,-46.2,1.344,5099.1,999.0,3,1.0,0.0,0.0,2,4,0.0,4,5,1,2
23201,45.0,2,999,1,-3.4,92.431,-26.9,0.742,5017.5,999.0,1,0.0,1.0,0.0,1,8,0.0,4,10,1,2
23202,31.0,1,999,0,-1.8,93.075,-47.1,1.41,5099.1,999.0,0,1.0,0.0,0.0,2,8,0.0,4,4,1,1
23203,34.0,2,999,0,-1.8,93.075,-47.1,1.41,5099.1,999.0,0,1.0,0.0,0.0,2,2,0.0,4,4,1,1
23204,31.0,4,999,1,-1.1,94.199,-37.5,0.879,4963.6,999.0,5,0.0,0.0,0.0,1,7,0.0,3,9,1,2
23205,31.0,4,999,0,1.4,93.444,-36.1,4.963,5228.1,999.0,0,1.0,0.0,0.0,2,7,0.0,5,8,1,1
23206,57.0,1,999,0,1.4,94.465,-41.8,4.961,5228.1,999.0,0,0.0,0.0,1.0,2,8,0.0,2,6,1,1
23207,52.0,1,999,0,1.4,93.444,-36.1,4.966,5228.1,999.0,0,0.0,0.0,0.0,2,2,0.0,4,8,1,1
23208,47.0,18,999,0,1.4,93.918,-42.7,4.961,5228.1,999.0,0,1.0,0.0,0.0,2,8,0.0,4,7,1,1
23209,31.0,4,999,1,-0.1,93.2,-42.0,4.191,5195.8,999.0,3,0.0,0.0,0.0,2,7,0.0,2,11,2,2
23210,31.0,2,999,0,1.4,93.444,-36.1,4.966,5228.1,999.0,0,0.0,0.0,0.0,1,7,0.0,10,8,1,1
23211,55.0,1,999,0,1.1,93.994,-36.4,4.857,5191.0,999.0,0,1.0,0.0,1.0,2,8,0.0,4,5,2,1
23212,45.0,1,999,0,1.4,93.444,-36.1,4.968,5228.1,999.0,0,1.0,0.0,0.0,2,2,0.0,2,8,1,1
23213,42.0,1,999,0,-1.8,92.893,-46.2,1.313,5099.1,999.0,0,1.0,0.0,1.0,2,5,0.0,9,5,1,1
23214,34.0,1,999,0,-1.8,92.893,-46.2,1.344,5099.1,999.0,0,1.0,0.0,0.0,1,6,0.0,5,5,1,1
23215,29.0,2,999,0,1.4,93.444,-36.1,4.966,5228.1,999.0,0,0.0,0.0,0.0,1,6,0.0,5,8,1,1
23216,51.0,2,999,0,-0.1,93.2,-42.0,4.076,5195.8,999.0,0,1.0,0.0,0.0,2,7,0.0,1,11,1,1
23217,28.0,2,999,0,-1.8,93.075,-47.1,1.406,5099.1,999.0,0,1.0,1.0,0.0,1,4,0.0,4,4,1,1
23218,53.0,1,999,0,1.1,93.994,-36.4,4.858,5191.0,999.0,0,1.0,1.0,1.0,2,8,0.0,5,5,2,1
23219,34.0,1,999,0,1.1,93.994,-36.4,4.86,5191.0,999.0,0,1.0,1.0,1.0,2,3,0.0,9,5,1,1
23220,31.0,5,999,0,1.4,93.918,-42.7,4.961,5228.1,999.0,0,1.0,0.0,0.0,1,7,0.0,6,7,1,1
23221,31.0,1,999,0,1.4,94.465,-41.8,4.958,5228.1,999.0,0,0.0,1.0,1.0,1,2,0.0,9,6,1,1
23222,60.0,1,999,0,-2.9,92.201,-31.4,0.883,5076.2,999.0,0,0.0,0.0,0.0,2,6,0.0,6,8,1,1
23223,31.0,1,999,0,1.4,93.444,-36.1,4.965,5228.1,999.0,0,0.0,0.0,0.0,2,7,0.0,6,8,2,1
23224,49.0,1,999,0,1.4,93.918,-42.7,4.958,5228.1,999.0,0,1.0,0.0,1.0,1,7,0.0,6,7,1,1
23225,31.0,3,999,0,-1.8,93.075,-47.1,1.405,5099.1,999.0,0,1.0,0.0,0.0,2,8,0.0,9,4,2,1
23226,43.0,1,999,0,1.4,94.465,-41.8,4.959,5228.1,999.0,0,1.0,0.0,1.0,2,8,0.0,5,6,1,1
23227,58.0,1,999,0,-0.1,93.2,-42.0,4.12,5195.8,999.0,0,0.0,0.0,0.0,2,6,0.0,8,11,1,1
23228,54.0,3,999,0,1.4,93.444,-36.1,4.968,5228.1,999.0,0,1.0,0.0,0.0,2,8,0.0,1,8,1,1
23229,36.0,1,999,0,-0.1,93.2,-42.0,4.076,5195.8,999.0,0,1.0,0.0,1.0,1,7,0.0,6,11,1,1
23230,30.0,1,999,0,1.4,93.444,-36.1,4.964,5228.1,999.0,0,1.0,1.0,0.0,2,5,0.0,6,8,1,1
23231,43.0,1,999,0,1.4,93.444,-36.1,4.963,5228.1,999.0,0,1.0,0.0,0.0,2,5,0.0,5,8,1,1
23232,41.0,1,999,0,-1.8,92.893,-46.2,1.344,5099.1,999.0,0,1.0,0.0,0.0,2,4,0.0,4,5,1,1
23233,53.0,1,999,0,-0.1,93.2,-42.0,4.191,5195.8,999.0,0,1.0,0.0,0.0,2,8,0.0,5,11,2,1
23234,42.0,4,999,0,-1.8,92.893,-46.2,1.327,5099.1,999.0,0,0.0,0.0,0.0,1,4,0.0,4,5,1,1
23235,31.0,5,999,0,1.4,93.918,-42.7,4.961,5228.1,999.0,0,0.0,0.0,0.0,2,4,0.0,3,7,1,1
23236,35.0,3,999,0,1.1,93.994,-36.4,4.857,5191.0,999.0,0,1.0,0.0,1.0,2,8,0.0,5,5,1,1
23237,39.0,1,999,0,1.4,93.918,-42.7,4.96,5228.1,999.0,0,1.0,1.0,0.0,2,8,0.0,4,7,2,1
23238,54.0,3,999,0,-2.9,92.201,-31.4,0.879,5076.2,999.0,0,0.0,0.0,0.0,2,8,0.0,2,8,1,1
23239,46.0,3,999,0,1.4,94.465,-41.8,4.961,5228.1,999.0,0,0.0,0.0,1.0,2,6,0.0,9,6,1,1
23240,30.0,3,999,1,-0.1,93.2,-42.0,4.021,5195.8,999.0,4,0.0,0.0,1.0,3,8,0.0,7,11,1,2
23241,53.0,1,999,0,1.4,94.465,-41.8,4.967,5228.1,999.0,0,0.0,1.0,1.0,2,4,0.0,4,6,1,1
23242,37.0,1,999,0,1.1,93.994,-36.4,4.857,5191.0,999.0,0,1.0,0.0,1.0,2,8,0.0,6,5,2,1
23243,36.0,1,999,1,-1.8,92.893,-46.2,1.334,5099.1,999.0,2,0.0,0.0,0.0,1,8,0.0,5,5,1,2
23244,38.0,7,999,0,1.4,93.444,-36.1,4.966,5228.1,999.0,0,1.0,0.0,0.0,2,7,0.0,6,8,1,1
23245,45.0,3,999,0,1.4,94.465,-41.8,4.866,5228.1,999.0,0,0.0,0.0,1.0,2,8,0.0,2,6,1,1
23246,32.0,4,999,0,1.4,93.444,-36.1,4.966,5228.1,999.0,0,1.0,0.0,0.0,1,7,0.0,5,8,1,1
23247,33.0,2,999,0,1.4,93.444,-36.1,4.965,5228.1,999.0,0,1.0,0.0,0.0,1,5,0.0,5,8,2,1
23248,44.0,1,999,0,1.4,93.918,-42.7,4.957,5228.1,999.0,0,0.0,0.0,0.0,2,6,0.0,7,7,1,1
23249,43.0,1,999,1,-1.8,93.075,-47.1,1.405,5099.1,999.0,1,0.0,0.0,0.0,2,5,0.0,4,4,1,2
23250,27.0,1,999,0,-1.8,93.075,-47.1,1.41,5099.1,999.0,0,1.0,0.0,0.0,1,2,0.0,4,4,1,1
23251,35.0,1,999,0,-3.4,92.379,-29.8,0.753,5017.5,999.0,0,1.0,0.0,0.0,2,6,0.0,5,9,1,1
23252,46.0,3,999,2,-1.7,94.215,-40.3,0.797,4991.6,999.0,2,1.0,0.0,0.0,2,5,0.0,6,7,1,2
23253,36.0,2,999,0,-0.1,93.2,-42.0,4.12,5195.8,999.0,0,1.0,0.0,1.0,2,5,0.0,5,11,1,1
23254,31.0,1,999,0,-1.8,93.075,-47.1,1.41,5099.1,999.0,0,1.0,0.0,0.0,2,4,0.0,4,4,1,1
23255,40.0,2,999,2,-1.8,93.075,-47.1,1.435,5099.1,999.0,4,0.0,0.0,0.0,2,3,0.0,9,4,1,2
23256,44.0,11,999,0,1.4,93.918,-42.7,4.958,5228.1,999.0,0,1.0,0.0,0.0,1,6,0.0,5,7,1,1
23257,45.0,3,999,0,-0.1,93.2,-42.0,4.076,5195.8,999.0,0,1.0,0.0,0.0,2,3,0.0,4,11,1,1
23258,28.0,2,999,0,1.1,93.994,-36.4,4.859,5191.0,999.0,0,0.0,0.0,1.0,1,6,0.0,5,5,1,1
23259,52.0,1,999,0,1.4,93.444,-36.1,4.968,5228.1,999.0,0,1.0,0.0,0.0,3,8,0.0,9,8,1,1
23260,60.0,6,999,0,1.1,93.994,-36.4,4.858,5191.0,999.0,0,1.0,0.0,1.0,3,6,0.0,5,5,1,1
23261,31.0,2,999,0,1.4,93.918,-42.7,4.963,5228.1,999.0,0,0.0,0.0,0.0,1,6,0.0,5,7,1,1
23262,36.0,6,999,0,-1.8,93.369,-34.8,0.655,5008.7,999.0,0,1.0,0.0,0.0,2,5,0.0,6,3,1,1
23263,36.0,3,999,0,1.1,93.994,-36.4,4.86,5191.0,999.0,0,0.0,0.0,1.0,1,8,0.0,6,5,1,1
23264,43.0,3,999,0,-1.8,93.075,-47.1,1.405,5099.1,999.0,0,0.0,0.0,1.0,1,8,0.0,6,4,1,1
23265,31.0,4,999,0,-2.9,92.469,-33.6,0.933,5076.2,999.0,0,0.0,0.0,0.0,2,8,0.0,7,7,1,1
23266,31.0,2,999,0,-3.4,92.379,-29.8,0.781,5017.5,999.0,0,0.0,0.0,0.0,2,8,0.0,5,9,1,1
23267,61.0,4,999,0,-2.9,92.469,-33.6,1.085,5076.2,999.0,0,1.0,1.0,1.0,2,7,0.0,6,7,1,1
23268,34.0,1,999,1,-1.1,94.199,-37.5,0.882,4963.6,999.0,5,1.0,0.0,1.0,3,5,0.0,9,9,2,2
23269,35.0,6,999,0,-1.8,92.893,-46.2,1.291,5099.1,999.0,0,1.0,0.0,1.0,1,8,0.0,6,5,1,1
23270,31.0,5,999,0,-0.1,93.2,-42.0,4.12,5195.8,999.0,0,1.0,0.0,0.0,3,8,0.0,7,11,1,1
23271,31.0,1,999,0,1.1,93.994,-36.4,4.859,5191.0,999.0,0,0.0,0.0,1.0,2,3,0.0,2,5,1,1
23272,40.0,1,999,0,1.1,93.994,-36.4,4.86,5191.0,999.0,0,1.0,0.0,1.0,2,4,0.0,5,5,1,1
23273,31.0,2,999,0,1.4,94.465,-41.8,4.866,5228.1,999.0,0,0.0,0.0,1.0,2,7,0.0,3,6,1,1
23274,35.0,9,999,0,1.1,93.994,-36.4,4.859,5191.0,999.0,0,1.0,0.0,1.0,2,7,0.0,6,5,1,1
23275,31.0,3,999,0,1.1,93.994,-36.4,4.857,5191.0,999.0,0,1.0,0.0,1.0,2,4,0.0,4,5,2,1
23276,33.0,2,999,0,-1.1,94.601,-49.5,0.977,4963.6,999.0,0,0.0,0.0,0.0,1,7,0.0,9,10,2,1
23277,32.0,3,999,0,-0.1,93.2,-42.0,4.12,5195.8,999.0,0,1.0,0.0,0.0,2,7,0.0,6,11,1,1
23278,30.0,1,999,0,1.4,94.465,-41.8,4.865,5228.1,999.0,0,1.0,1.0,1.0,2,8,0.0,5,6,2,1
23279,45.0,2,999,0,1.1,93.994,-36.4,4.857,5191.0,999.0,0,1.0,0.0,1.0,2,8,0.0,4,5,1,1
23280,35.0,1,999,0,1.4,93.918,-42.7,4.957,5228.1,999.0,0,0.0,0.0,0.0,1,7,0.0,6,7,1,1
23281,46.0,1,999,0,1.4,93.918,-42.7,4.958,5228.1,999.0,0,1.0,0.0,0.0,1,7,0.0,6,7,1,1
23282,41.0,1,999,0,1.4,93.444,-36.1,4.965,5228.1,999.0,0,1.0,0.0,0.0,1,8,0.0,5,8,1,1
23283,55.0,2,999,0,-2.9,92.963,-40.8,1.266,5076.2,999.0,0,1.0,0.0,0.0,3,7,0.0,8,6,1,1
23284,31.0,2,999,0,1.1,93.994,-36.4,4.86,5191.0,999.0,0,0.0,0.0,1.0,2,3,0.0,4,5,1,1
23285,33.0,5,999,0,-1.8,92.893,-46.2,1.266,5099.1,999.0,0,0.0,0.0,0.0,1,7,0.0,6,5,1,1
23286,33.0,2,999,0,1.4,93.918,-42.7,4.963,5228.1,999.0,0,0.0,0.0,0.0,2,5,0.0,6,7,1,1
23287,62.0,1,999,0,-3.4,92.431,-26.9,0.724,5017.5,999.0,0,0.0,0.0,0.0,2,5,0.0,8,10,1,1
23288,25.0,2,999,0,1.4,94.465,-41.8,4.864,5228.1,999.0,0,1.0,1.0,1.0,1,5,0.0,6,6,1,1
23289,31.0,1,999,0,-0.1,93.2,-42.0,4.191,5195.8,999.0,0,0.0,1.0,0.0,2,4,0.0,4,11,2,1
23290,31.0,1,999,0,-0.1,93.2,-42.0,4.021,5195.8,999.0,0,0.0,0.0,0.0,3,4,0.0,6,11,1,1
23291,57.0,2,999,0,1.4,94.465,-41.8,4.864,5228.1,999.0,0,1.0,0.0,1.0,3,4,0.0,4,6,1,1
23292,23.0,11,999,0,1.4,93.918,-42.7,4.961,5228.1,999.0,0,1.0,1.0,0.0,1,7,0.0,5,7,1,1
23293,45.0,1,999,0,-1.8,92.893,-46.2,1.25,5099.1,999.0,0,0.0,0.0,0.0,1,5,0.0,4,5,1,1
23294,41.0,1,999,0,-1.8,93.075,-47.1,1.405,5099.1,999.0,0,0.0,0.0,0.0,2,7,0.0,5,4,1,1
23295,33.0,1,999,0,1.1,93.994,-36.4,4.864,5191.0,999.0,0,1.0,0.0,1.0,1,5,0.0,9,5,1,1
23296,23.0,1,999,0,1.4,93.918,-42.7,4.961,5228.1,999.0,0,0.0,0.0,0.0,1,4,0.0,4,7,1,1
23297,46.0,3,999,0,1.4,93.918,-42.7,4.961,5228.1,999.0,0,0.0,0.0,0.0,2,2,0.0,4,7,1,1
23298,31.0,3,999,1,-0.1,93.2,-42.0,4.12,5195.8,999.0,0,0.0,0.0,0.0,2,7,0.0,11,11,1,2
23299,33.0,1,999,0,1.1,93.994,-36.4,4.856,5191.0,999.0,0,0.0,0.0,1.0,2,2,0.0,2,5,1,1
23300,58.0,1,999,0,1.4,94.465,-41.8,4.866,5228.1,999.0,0,0.0,0.0,1.0,2,8,0.0,4,6,1,1
23301,34.0,8,999,0,1.4,94.465,-41.8,4.96,5228.1,999.0,0,0.0,0.0,1.0,2,4,0.0,4,6,2,1
23302,31.0,3,999,0,-3.4,92.379,-29.8,0.813,5017.5,999.0,0,1.0,1.0,0.0,2,8,0.0,5,9,1,1
23303,31.0,3,999,0,1.4,93.918,-42.7,4.961,5228.1,999.0,0,1.0,0.0,0.0,2,4,0.0,8,7,1,1
23304,36.0,1,999,0,-1.8,92.893,-46.2,1.264,5099.1,999.0,0,1.0,0.0,0.0,2,7,0.0,1,5,2,1
23305,34.0,2,999,0,-1.8,92.893,-46.2,1.299,5099.1,999.0,0,1.0,0.0,0.0,1,7,0.0,4,5,2,1
23306,31.0,1,999,0,1.4,93.918,-42.7,4.963,5228.1,999.0,0,1.0,0.0,0.0,1,8,0.0,9,7,1,1
23307,43.0,2,999,0,1.4,94.465,-41.8,4.961,5228.1,999.0,0,0.0,0.0,1.0,2,7,0.0,6,6,1,1
23308,32.0,6,999,0,1.4,93.918,-42.7,4.96,5228.1,999.0,0,0.0,0.0,1.0,2,3,0.0,4,7,2,1
23309,31.0,4,999,0,1.4,93.918,-42.7,4.957,5228.1,999.0,0,0.0,0.0,0.0,2,5,0.0,6,7,1,1
23310,27.0,2,999,0,-1.8,92.893,-46.2,1.259,5099.1,999.0,0,1.0,0.0,0.0,2,8,0.0,6,5,1,1
23311,31.0,2,999,0,1.4,93.918,-42.7,4.958,5228.1,999.0,0,0.0,0.0,0.0,1,7,0.0,3,7,1,1
23312,31.0,1,999,0,1.1,93.994,-36.4,4.857,5191.0,999.0,0,0.0,1.0,1.0,2,5,0.0,6,5,1,1
23313,31.0,2,999,0,1.1,93.994,-36.4,4.864,5191.0,999.0,0,0.0,0.0,1.0,1,4,0.0,4,5,1,1
23314,36.0,5,999,0,-1.8,92.893,-46.2,1.291,5099.1,999.0,0,0.0,0.0,0.0,1,7,0.0,6,5,1,1
23315,36.0,2,999,0,1.1,93.994,-36.4,4.857,5191.0,999.0,0,0.0,1.0,1.0,2,5,0.0,9,5,1,1
23316,40.0,1,999,0,-0.1,93.2,-42.0,4.076,5195.8,999.0,0,0.0,0.0,0.0,1,3,0.0,9,11,1,1
23317,31.0,1,999,0,1.4,94.465,-41.8,4.967,5228.1,999.0,0,1.0,0.0,1.0,2,5,0.0,4,6,1,1
23318,27.0,2,999,0,1.4,93.918,-42.7,4.962,5228.1,999.0,0,0.0,0.0,0.0,1,7,0.0,6,7,1,1
23319,35.0,1,999,0,1.1,93.994,-36.4,4.856,5191.0,999.0,0,0.0,0.0,1.0,3,8,0.0,9,5,1,1
23320,51.0,1,999,1,-1.1,94.767,-50.8,1.05,4963.6,999.0,0,1.0,0.0,0.0,2,5,0.0,9,11,2,2
23321,36.0,4,999,0,-1.8,92.893,-46.2,1.354,5099.1,999.0,0,1.0,0.0,0.0,1,8,0.0,10,5,2,1
23322,31.0,1,999,0,-1.8,92.893,-46.2,1.334,5099.1,999.0,0,1.0,0.0,0.0,3,4,0.0,4,5,1,1
23323,31.0,1,999,0,1.1,93.994,-36.4,4.857,5191.0,999.0,0,0.0,0.0,1.0,1,4,0.0,9,5,1,1
23324,31.0,3,999,0,1.1,93.994,-36.4,4.857,5191.0,999.0,0,1.0,0.0,1.0,3,7,0.0,6,5,1,1
23325,30.0,1,999,0,-1.8,92.893,-46.2,1.281,5099.1,999.0,0,0.0,0.0,1.0,2,4,0.0,4,5,1,1
23326,39.0,1,999,1,-0.1,93.2,-42.0,4.12,5195.8,999.0,2,1.0,0.0,0.0,2,4,0.0,10,11,1,2
23327,29.0,2,999,0,-3.0,92.713,-33.0,0.709,5023.5,999.0,0,1.0,0.0,0.0,1,7,0.0,5,12,2,1
23328,31.0,1,999,0,1.1,93.994,-36.4,4.857,5191.0,999.0,0,0.0,0.0,1.0,3,4,0.0,4,5,1,1
23329,34.0,6,999,1,-0.1,93.2,-42.0,4.021,5195.8,999.0,4,0.0,0.0,0.0,1,7,0.0,6,11,1,2
23330,31.0,1,999,0,1.1,93.994,-36.4,4.857,5191.0,999.0,0,1.0,1.0,1.0,2,7,0.0,6,5,2,1
23331,31.0,9,999,0,1.4,93.444,-36.1,4.962,5228.1,999.0,0,0.0,0.0,0.0,1,7,0.0,6,8,1,1
23332,27.0,12,999,0,1.4,93.918,-42.7,4.96,5228.1,999.0,0,0.0,0.0,0.0,1,5,0.0,6,7,2,1
23333,35.0,3,999,1,-1.8,93.075,-47.1,1.405,5099.1,999.0,0,0.0,0.0,0.0,2,3,0.0,4,4,1,2
23334,37.0,8,999,0,1.4,94.465,-41.8,4.967,5228.1,999.0,0,1.0,0.0,1.0,2,7,0.0,7,6,1,1
23335,31.0,3,999,0,1.4,93.444,-36.1,4.965,5228.1,999.0,0,1.0,0.0,0.0,1,8,0.0,6,8,2,1
23336,38.0,1,999,0,1.1,93.994,-36.4,4.864,5191.0,999.0,0,0.0,0.0,1.0,2,6,0.0,5,5,1,1
23337,32.0,1,999,0,1.4,94.465,-41.8,4.967,5228.1,999.0,0,1.0,0.0,1.0,1,8,0.0,10,6,1,1
23338,59.0,3,999,0,1.4,93.444,-36.1,4.964,5228.1,999.0,0,1.0,0.0,0.0,2,7,0.0,8,8,1,1
23339,37.0,1,999,0,-1.8,92.893,-46.2,1.266,5099.1,999.0,0,0.0,0.0,0.0,3,5,0.0,9,5,1,1
23340,33.0,1,999,0,-2.9,92.201,-31.4,0.879,5076.2,999.0,0,1.0,0.0,0.0,2,8,0.0,9,8,1,1
23341,40.0,12,999,0,1.4,93.918,-42.7,4.961,5228.1,999.0,0,0.0,0.0,1.0,2,5,0.0,7,7,1,1
23342,31.0,1,999,0,1.4,93.918,-42.7,4.961,5228.1,999.0,0,1.0,0.0,0.0,2,7,0.0,9,7,1,1
23343,29.0,4,999,0,1.1,93.994,-36.4,4.857,5191.0,999.0,0,0.0,0.0,1.0,1,4,0.0,6,5,1,1
23344,30.0,1,999,3,-1.1,94.601,-49.5,0.977,4963.6,999.0,3,1.0,1.0,0.0,1,8,0.0,5,10,2,2
23345,28.0,2,999,0,-2.9,92.963,-40.8,1.266,5076.2,999.0,0,1.0,0.0,0.0,1,8,0.0,11,6,2,1
23346,42.0,10,999,0,1.4,93.918,-42.7,4.968,5228.1,999.0,0,1.0,0.0,0.0,2,6,0.0,5,7,1,1
23347,31.0,1,999,0,1.4,93.444,-36.1,4.965,5228.1,999.0,0,0.0,0.0,0.0,2,8,0.0,6,8,1,1
23348,31.0,1,999,0,1.4,93.918,-42.7,4.968,5228.1,999.0,0,1.0,0.0,0.0,2,7,0.0,7,7,1,1
23349,41.0,24,999,0,1.4,94.465,-41.8,4.959,5228.1,999.0,0,1.0,0.0,1.0,2,5,0.0,5,6,1,1
23350,31.0,1,999,1,-3.4,92.649,-30.1,0.714,5017.5,999.0,4,0.0,0.0,0.0,2,8,0.0,5,11,1,2
23351,31.0,3,999,0,1.1,93.994,-36.4,4.864,5191.0,999.0,0,0.0,0.0,1.0,1,8,0.0,9,5,1,1
23352,34.0,1,999,0,1.4,93.444,-36.1,4.964,5228.1,999.0,0,1.0,0.0,0.0,2,7,0.0,6,8,1,1
23353,58.0,2,999,0,1.4,93.918,-42.7,4.963,5228.1,999.0,0,0.0,0.0,0.0,2,8,0.0,8,7,1,1
23354,28.0,3,999,0,1.4,94.465,-41.8,4.962,5228.1,999.0,0,0.0,0.0,1.0,2,8,0.0,4,6,1,1
23355,30.0,2,999,0,1.4,93.918,-42.7,4.963,5228.1,999.0,0,1.0,1.0,0.0,2,7,0.0,6,7,1,1
23356,31.0,1,999,0,-0.1,93.2,-42.0,4.076,5195.8,999.0,0,1.0,0.0,0.0,1,6,0.0,5,11,1,1
23357,31.0,2,999,0,1.4,93.444,-36.1,4.966,5228.1,999.0,0,0.0,0.0,0.0,2,8,0.0,5,8,1,1
23358,31.0,13,999,0,1.1,93.994,-36.4,4.857,5191.0,999.0,0,1.0,0.0,1.0,2,2,0.0,4,5,1,1
23359,59.0,2,999,0,1.4,93.444,-36.1,4.966,5228.1,999.0,0,1.0,0.0,0.0,2,4,0.0,8,8,1,1
23360,73.0,1,999,0,-2.9,92.201,-31.4,0.861,5076.2,999.0,0,0.0,0.0,0.0,2,8,0.0,8,8,2,1
23361,27.0,1,999,0,1.4,94.465,-41.8,4.864,5228.1,999.0,0,1.0,1.0,1.0,1,8,0.0,1,6,1,1
23362,44.0,3,999,0,1.1,93.994,-36.4,4.856,5191.0,999.0,0,0.0,0.0,1.0,2,8,0.0,6,5,1,1
23363,31.0,1,999,0,1.4,94.465,-41.8,4.962,5228.1,999.0,0,0.0,0.0,1.0,1,2,0.0,8,6,1,1
23364,31.0,2,999,0,1.4,93.444,-36.1,4.965,5228.1,999.0,0,0.0,1.0,0.0,3,6,0.0,5,8,1,1
23365,28.0,8,999,0,1.4,93.918,-42.7,4.961,5228.1,999.0,0,0.0,0.0,0.0,1,8,0.0,5,7,1,1
23366,32.0,1,999,0,1.4,93.444,-36.1,4.965,5228.1,999.0,0,1.0,1.0,0.0,2,7,0.0,6,8,1,1
23367,28.0,5,999,0,1.4,93.918,-42.7,4.961,5228.1,999.0,0,0.0,0.0,0.0,1,2,0.0,4,7,1,1
23368,34.0,2,999,0,-0.1,93.2,-42.0,4.076,5195.8,999.0,0,1.0,0.0,0.0,3,7,0.0,11,11,1,1
23369,37.0,4,999,0,1.1,93.994,-36.4,4.857,5191.0,999.0,0,0.0,0.0,1.0,1,5,0.0,4,5,2,1
23370,31.0,3,999,0,1.4,93.444,-36.1,4.964,5228.1,999.0,0,1.0,0.0,0.0,2,7,0.0,5,8,1,1
23371,36.0,4,999,0,1.4,94.465,-41.8,4.866,5228.1,999.0,0,1.0,0.0,1.0,2,8,0.0,6,6,1,1
23372,43.0,1,999,0,-1.8,92.893,-46.2,1.264,5099.1,999.0,0,1.0,0.0,0.0,3,8,0.0,5,5,2,1
23373,56.0,1,999,0,-3.0,92.713,-33.0,0.715,5023.5,999.0,0,0.0,0.0,0.0,3,8,0.0,6,12,1,1
23374,26.0,2,999,0,-1.8,92.843,-50.0,1.811,5099.1,999.0,0,1.0,0.0,0.0,1,4,0.0,11,3,2,1
23375,40.0,5,999,0,1.1,93.994,-36.4,4.857,5191.0,999.0,0,0.0,0.0,1.0,2,5,0.0,4,5,1,1
23376,31.0,1,999,0,1.1,93.994,-36.4,4.857,5191.0,999.0,0,0.0,0.0,1.0,2,8,0.0,6,5,1,1
23377,45.0,3,999,0,1.1,93.994,-36.4,4.858,5191.0,999.0,0,1.0,0.0,1.0,2,4,0.0,4,5,2,1
23378,31.0,1,999,0,-1.8,92.893,-46.2,1.25,5099.1,999.0,0,0.0,0.0,0.0,2,5,0.0,9,5,1,1
23379,57.0,1,3,5,-1.1,94.199,-37.5,0.877,4963.6,0.1,10,0.0,0.0,0.0,3,5,0.0,6,9,1,3
23380,52.0,4,999,0,1.1,93.994,-36.4,4.857,5191.0,999.0,0,0.0,0.0,1.0,2,7,0.0,3,5,2,1
23381,31.0,1,999,0,-2.9,92.201,-31.4,0.861,5076.2,999.0,0,0.0,0.0,0.0,2,7,0.0,6,8,2,1
23382,31.0,1,999,0,1.4,94.465,-41.8,4.864,5228.1,999.0,0,0.0,0.0,1.0,2,4,0.0,4,6,1,1
23383,45.0,1,999,1,-1.8,92.893,-46.2,1.25,5099.1,999.0,1,0.0,1.0,0.0,2,3,0.0,8,5,1,2
23384,31.0,2,999,0,1.4,94.465,-41.8,4.865,5228.1,999.0,0,0.0,0.0,1.0,2,8,0.0,9,6,2,1
23385,39.0,2,999,0,1.4,94.465,-41.8,4.961,5228.1,999.0,0,0.0,1.0,1.0,1,8,0.0,6,6,2,1
23386,31.0,2,3,2,-1.8,93.369,-34.8,0.646,5008.7,0.1,2,0.0,0.0,0.0,2,8,0.0,5,3,2,3
23387,29.0,1,999,0,-2.9,92.469,-33.6,1.059,5076.2,999.0,0,1.0,0.0,0.0,1,7,0.0,5,7,1,1
23388,34.0,1,999,0,-2.9,92.963,-40.8,1.26,5076.2,999.0,0,0.0,0.0,0.0,2,6,0.0,5,6,1,1
23389,45.0,1,999,0,-0.1,93.2,-42.0,4.191,5195.8,999.0,0,1.0,0.0,0.0,3,8,0.0,9,11,2,1
23390,55.0,1,999,0,-0.1,93.2,-42.0,4.191,5195.8,999.0,0,1.0,0.0,0.0,2,2,0.0,4,11,2,1
23391,45.0,3,999,0,1.1,93.994,-36.4,4.857,5191.0,999.0,0,0.0,0.0,1.0,1,8,0.0,6,5,2,1
23392,34.0,1,999,0,-1.1,94.601,-49.5,0.993,4963.6,999.0,0,1.0,0.0,1.0,1,6,0.0,11,10,1,1
23393,31.0,1,999,0,1.4,93.918,-42.7,4.963,5228.1,999.0,0,1.0,0.0,0.0,1,4,0.0,4,7,1,1
23394,42.0,1,999,0,1.1,93.994,-36.4,4.857,5191.0,999.0,0,0.0,0.0,1.0,2,8,0.0,6,5,1,1
23395,31.0,3,999,0,1.4,93.444,-36.1,4.965,5228.1,999.0,0,0.0,0.0,0.0,2,2,0.0,4,8,2,1
23396,31.0,1,999,0,1.1,93.994,-36.4,4.86,5191.0,999.0,0,1.0,1.0,1.0,1,7,0.0,10,5,1,1
23397,52.0,1,999,0,1.1,93.994,-36.4,4.859,5191.0,999.0,0,0.0,0.0,1.0,2,6,0.0,3,5,1,1
23398,49.0,1,999,0,-0.1,93.2,-42.0,4.021,5195.8,999.0,0,1.0,0.0,0.0,2,4,0.0,4,11,1,1
23399,31.0,5,999,0,1.4,93.918,-42.7,4.962,5228.1,999.0,0,1.0,0.0,0.0,2,7,0.0,6,7,1,1
23400,36.0,2,999,0,-0.1,93.2,-42.0,4.153,5195.8,999.0,0,1.0,0.0,0.0,2,7,0.0,3,11,1,1
23401,38.0,1,999,1,-0.1,93.2,-42.0,4.12,5195.8,999.0,3,1.0,0.0,0.0,3,5,0.0,5,11,1,2
23402,31.0,2,999,0,-0.1,93.2,-42.0,4.12,5195.8,999.0,0,1.0,0.0,0.0,1,7,0.0,3,11,1,1
23403,39.0,1,999,1,-1.8,92.893,-46.2,1.327,5099.1,999.0,0,1.0,0.0,0.0,1,6,0.0,9,5,1,2
23404,31.0,1,999,0,1.4,93.918,-42.7,4.961,5228.1,999.0,0,0.0,0.0,0.0,2,8,0.0,8,7,1,1
23405,32.0,2,999,0,1.1,93.994,-36.4,4.856,5191.0,999.0,0,1.0,0.0,1.0,3,5,0.0,9,5,1,1
23406,31.0,2,999,0,1.1,93.994,-36.4,4.857,5191.0,999.0,0,1.0,0.0,1.0,1,5,0.0,6,5,2,1
23407,31.0,1,999,0,1.4,94.465,-41.8,4.866,5228.1,999.0,0,0.0,0.0,1.0,3,5,0.0,2,6,1,1
23408,51.0,1,999,0,1.4,93.918,-42.7,4.962,5228.1,999.0,0,1.0,0.0,0.0,3,8,0.0,5,7,1,1
23409,31.0,1,999,0,-1.8,92.893,-46.2,1.259,5099.1,999.0,0,1.0,1.0,0.0,2,7,0.0,6,5,1,1
23410,39.0,2,999,0,1.1,93.994,-36.4,4.857,5191.0,999.0,0,1.0,0.0,1.0,2,2,0.0,1,5,1,1
23411,31.0,2,999,0,1.4,93.918,-42.7,4.963,5228.1,999.0,0,0.0,0.0,0.0,1,8,0.0,11,7,1,1
23412,35.0,1,999,0,1.1,93.994,-36.4,4.858,5191.0,999.0,0,0.0,0.0,1.0,1,5,0.0,11,5,2,1
23413,33.0,1,999,0,-0.1,93.2,-42.0,4.153,5195.8,999.0,0,1.0,0.0,0.0,2,4,0.0,4,11,1,1
23414,40.0,5,999,0,-1.8,92.893,-46.2,1.299,5099.1,999.0,0,1.0,0.0,0.0,2,5,0.0,9,5,2,1
23415,31.0,1,999,0,1.1,93.994,-36.4,4.858,5191.0,999.0,0,0.0,0.0,1.0,3,8,0.0,9,5,2,1
23416,40.0,1,999,0,-0.1,93.2,-42.0,4.153,5195.8,999.0,0,0.0,0.0,1.0,2,4,0.0,7,11,1,1
23417,33.0,6,999,0,1.4,93.918,-42.7,4.961,5228.1,999.0,0,0.0,0.0,0.0,1,8,0.0,10,7,1,1
23418,48.0,1,999,0,-0.1,93.2,-42.0,4.021,5195.8,999.0,0,1.0,1.0,0.0,2,8,0.0,4,11,1,1
23419,45.0,2,999,0,-1.8,92.893,-46.2,1.266,5099.1,999.0,0,1.0,0.0,0.0,2,5,0.0,1,5,1,1
23420,34.0,1,999,0,-0.1,93.2,-42.0,4.191,5195.8,999.0,0,1.0,0.0,1.0,2,7,0.0,10,11,2,1
23421,33.0,1,999,2,-1.7,94.055,-39.8,0.727,4991.6,999.0,2,1.0,0.0,1.0,2,8,0.0,4,6,1,2
23422,49.0,2,999,0,1.1,93.994,-36.4,4.858,5191.0,999.0,0,1.0,0.0,1.0,1,5,0.0,2,5,1,1
23423,34.0,4,999,0,-1.8,92.893,-46.2,1.299,5099.1,999.0,0,1.0,1.0,0.0,2,8,0.0,5,5,2,1
23424,41.0,1,999,0,1.1,93.994,-36.4,4.857,5191.0,999.0,0,1.0,1.0,1.0,2,2,0.0,4,5,1,1
23425,30.0,3,999,0,1.4,93.444,-36.1,4.967,5228.1,999.0,0,1.0,1.0,0.0,1,7,0.0,1,8,1,1
23426,35.0,1,999,0,-1.8,92.893,-46.2,1.334,5099.1,999.0,0,1.0,1.0,0.0,2,5,0.0,9,5,1,1
23427,32.0,1,999,0,-1.1,94.601,-49.5,0.959,4963.6,999.0,0,1.0,0.0,1.0,2,8,0.0,6,10,1,1
23428,44.0,3,999,0,1.1,93.994,-36.4,4.859,5191.0,999.0,0,1.0,0.0,1.0,2,5,0.0,3,5,1,1
23429,31.0,12,999,0,1.4,94.465,-41.8,4.962,5228.1,999.0,0,1.0,1.0,1.0,3,7,0.0,3,6,1,1
23430,49.0,3,999,0,1.1,93.994,-36.4,4.857,5191.0,999.0,0,0.0,0.0,1.0,2,8,0.0,4,5,2,1
23431,31.0,1,999,0,-1.8,92.893,-46.2,1.334,5099.1,999.0,0,1.0,0.0,0.0,2,7,0.0,5,5,1,1
23432,51.0,2,999,0,1.4,93.918,-42.7,4.963,5228.1,999.0,0,1.0,0.0,0.0,2,8,0.0,6,7,1,1
23433,32.0,4,999,0,1.4,93.444,-36.1,4.963,5228.1,999.0,0,0.0,0.0,0.0,1,5,0.0,6,8,1,1
23434,54.0,5,999,0,1.1,93.994,-36.4,4.864,5191.0,999.0,0,1.0,0.0,1.0,2,4,0.0,3,5,1,1
23435,31.0,2,999,0,1.4,94.465,-41.8,4.864,5228.1,999.0,0,0.0,0.0,1.0,2,5,0.0,9,6,1,1
23436,58.0,3,999,0,1.1,93.994,-36.4,4.856,5191.0,999.0,0,0.0,0.0,1.0,2,8,0.0,12,5,1,1
23437,35.0,2,999,0,-0.1,93.2,-42.0,4.191,5195.8,999.0,0,1.0,0.0,0.0,2,5,0.0,6,11,2,1
23438,49.0,1,999,0,1.1,93.994,-36.4,4.857,5191.0,999.0,0,0.0,0.0,1.0,3,5,0.0,3,5,2,1
23439,37.0,1,999,0,-1.8,92.893,-46.2,1.327,5099.1,999.0,0,0.0,1.0,0.0,2,7,0.0,3,5,1,1
23440,31.0,1,999,0,-1.8,92.893,-46.2,1.344,5099.1,999.0,0,1.0,0.0,0.0,1,8,0.0,3,5,1,1
23441,43.0,1,999,0,1.4,94.465,-41.8,4.967,5228.1,999.0,0,1.0,1.0,1.0,2,4,0.0,4,6,1,1
23442,31.0,3,999,0,1.1,93.994,-36.4,4.856,5191.0,999.0,0,0.0,0.0,1.0,2,8,0.0,4,5,1,1
23443,36.0,4,999,0,-1.8,92.893,-46.2,1.281,5099.1,999.0,0,1.0,0.0,0.0,1,4,0.0,4,5,1,1
23444,31.0,5,999,0,-1.1,94.767,-50.8,1.03,4963.6,999.0,0,1.0,0.0,0.0,2,5,0.0,9,11,1,1
23445,31.0,4,999,0,1.4,93.444,-36.1,4.963,5228.1,999.0,0,1.0,0.0,1.0,2,7,0.0,6,8,1,1
23446,31.0,1,999,0,-1.8,92.893,-46.2,1.327,5099.1,999.0,0,1.0,0.0,0.0,2,7,0.0,5,5,1,1
23447,33.0,1,999,0,-1.8,92.893,-46.2,1.291,5099.1,999.0,0,1.0,1.0,0.0,1,5,0.0,1,5,1,1
23448,52.0,2,999,0,1.4,93.444,-36.1,4.965,5228.1,999.0,0,0.0,0.0,0.0,3,5,0.0,10,8,1,1
23449,47.0,3,999,0,1.4,94.465,-41.8,4.866,5228.1,999.0,0,1.0,1.0,1.0,2,6,0.0,7,6,1,1
23450,31.0,4,999,0,1.4,93.918,-42.7,4.961,5228.1,999.0,0,0.0,1.0,0.0,1,7,0.0,6,7,1,1
23451,36.0,3,999,0,-1.8,92.893,-46.2,1.291,5099.1,999.0,0,0.0,0.0,0.0,3,8,0.0,9,5,1,1
23452,31.0,3,999,0,1.1,93.994,-36.4,4.857,5191.0,999.0,0,0.0,0.0,1.0,1,5,0.0,3,5,2,1
23453,31.0,3,999,0,1.4,93.444,-36.1,4.963,5228.1,999.0,0,0.0,0.0,0.0,2,7,0.0,1,8,1,1
23454,31.0,1,999,0,1.1,93.994,-36.4,4.858,5191.0,999.0,0,0.0,0.0,1.0,2,8,0.0,2,5,1,1
23455,29.0,1,999,0,-2.9,92.963,-40.8,1.26,5076.2,999.0,0,1.0,0.0,0.0,1,8,0.0,5,6,1,1
23456,38.0,1,999,0,1.1,93.994,-36.4,4.856,5191.0,999.0,0,0.0,0.0,1.0,1,8,0.0,5,5,1,1
23457,31.0,1,999,0,1.4,93.444,-36.1,4.968,5228.1,999.0,0,0.0,0.0,0.0,3,8,0.0,6,8,1,1
23458,31.0,14,999,0,1.4,93.444,-36.1,4.962,5228.1,999.0,0,0.0,0.0,0.0,2,4,0.0,4,8,1,1
23459,25.0,8,999,0,1.1,93.994,-36.4,4.857,5191.0,999.0,0,0.0,1.0,1.0,1,3,0.0,4,5,1,1
23460,58.0,12,999,0,1.4,94.465,-41.8,4.959,5228.1,999.0,0,0.0,0.0,1.0,2,6,0.0,4,6,1,1
23461,41.0,1,999,0,1.4,94.465,-41.8,4.962,5228.1,999.0,0,1.0,0.0,1.0,2,8,0.0,9,6,1,1
23462,51.0,5,999,0,1.4,93.444,-36.1,4.962,5228.1,999.0,0,0.0,1.0,0.0,2,6,0.0,4,8,1,1
23463,50.0,3,999,0,1.4,94.465,-41.8,4.961,5228.1,999.0,0,0.0,0.0,1.0,2,8,0.0,3,6,1,1
23464,36.0,2,999,0,-2.9,92.963,-40.8,1.252,5076.2,999.0,0,1.0,0.0,0.0,1,6,0.0,5,6,1,1
23465,39.0,4,999,0,1.4,94.465,-41.8,4.962,5228.1,999.0,0,1.0,0.0,1.0,2,2,0.0,4,6,1,1
23466,41.0,3,999,0,1.4,94.465,-41.8,4.947,5228.1,999.0,0,0.0,0.0,1.0,1,8,0.0,4,6,2,1
23467,31.0,3,999,0,1.1,93.994,-36.4,4.857,5191.0,999.0,0,1.0,0.0,1.0,2,7,0.0,6,5,2,1
23468,31.0,1,999,0,1.4,93.918,-42.7,4.962,5228.1,999.0,0,0.0,0.0,0.0,2,8,0.0,6,7,1,1
23469,44.0,4,999,0,-0.1,93.2,-42.0,4.021,5195.8,999.0,0,0.0,0.0,0.0,2,7,0.0,6,11,1,1
23470,43.0,2,999,0,1.4,93.918,-42.7,4.957,5228.1,999.0,0,1.0,0.0,0.0,1,3,0.0,4,7,1,1
23471,51.0,3,999,0,-1.7,94.027,-38.3,0.899,4991.6,999.0,0,1.0,0.0,0.0,2,6,0.0,5,8,1,1
23472,57.0,1,999,0,1.1,93.994,-36.4,4.857,5191.0,999.0,0,1.0,0.0,1.0,3,8,0.0,4,5,1,1
23473,32.0,3,999,1,-1.8,92.893,-46.2,1.327,5099.1,999.0,2,1.0,0.0,0.0,2,7,0.0,6,5,1,2
23474,47.0,1,999,0,-2.9,92.469,-33.6,1.029,5076.2,999.0,0,1.0,0.0,0.0,2,7,0.0,3,7,1,1
23475,31.0,3,999,0,1.4,93.918,-42.7,4.962,5228.1,999.0,0,1.0,1.0,0.0,2,8,0.0,5,7,2,1
23476,51.0,3,999,0,-1.8,93.075,-47.1,1.435,5099.1,999.0,0,0.0,0.0,0.0,2,5,0.0,9,4,1,1
23477,27.0,1,999,0,-1.8,92.893,-46.2,1.281,5099.1,999.0,0,1.0,0.0,0.0,1,8,0.0,6,5,1,1
23478,29.0,3,999,0,1.4,93.918,-42.7,4.962,5228.1,999.0,0,1.0,0.0,0.0,1,7,0.0,3,7,1,1
23479,38.0,4,999,0,1.4,94.465,-41.8,4.864,5228.1,999.0,0,0.0,0.0,1.0,2,8,0.0,5,6,1,1
23480,48.0,2,999,0,1.4,93.918,-42.7,4.963,5228.1,999.0,0,1.0,1.0,0.0,3,8,0.0,5,7,1,1
23481,36.0,2,999,0,1.4,94.465,-41.8,4.961,5228.1,999.0,0,1.0,0.0,1.0,1,8,0.0,6,6,1,1
23482,31.0,2,999,0,1.4,93.918,-42.7,4.962,5228.1,999.0,0,0.0,0.0,0.0,2,8,0.0,7,7,2,1
23483,36.0,2,999,0,-0.1,93.2,-42.0,4.153,5195.8,999.0,0,0.0,0.0,0.0,2,3,0.0,10,11,1,1
23484,31.0,2,999,0,1.4,94.465,-41.8,4.96,5228.1,999.0,0,0.0,0.0,1.0,2,5,0.0,6,6,2,1
23485,31.0,4,999,0,1.4,93.918,-42.7,4.961,5228.1,999.0,0,1.0,0.0,1.0,2,8,0.0,6,7,1,1
23486,19.0,1,999,0,-1.8,93.075,-47.1,1.453,5099.1,999.0,0,1.0,0.0,0.0,1,4,0.0,11,4,1,1
23487,58.0,12,999,0,1.4,93.918,-42.7,4.962,5228.1,999.0,0,1.0,0.0,0.0,3,8,0.0,5,7,2,1
23488,48.0,3,999,0,1.4,94.465,-41.8,4.864,5228.1,999.0,0,1.0,0.0,1.0,3,8,0.0,4,6,1,1
23489,37.0,5,999,0,1.4,93.444,-36.1,4.965,5228.1,999.0,0,1.0,1.0,0.0,2,6,0.0,5,8,1,1
23490,39.0,4,999,0,1.4,94.465,-41.8,4.864,5228.1,999.0,0,1.0,0.0,1.0,2,8,0.0,6,6,1,1
23491,34.0,2,999,0,1.1,93.994,-36.4,4.857,5191.0,999.0,0,1.0,0.0,1.0,2,8,0.0,4,5,1,1
23492,42.0,1,999,0,1.1,93.994,-36.4,4.857,5191.0,999.0,0,0.0,0.0,1.0,2,8,0.0,3,5,1,1
23493,56.0,2,999,0,1.4,93.444,-36.1,4.968,5228.1,999.0,0,1.0,0.0,0.0,2,4,0.0,4,8,1,1
23494,34.0,1,999,0,-1.7,94.215,-40.3,0.889,4991.6,999.0,0,1.0,1.0,1.0,1,7,0.0,6,7,2,1
23495,32.0,2,999,0,1.4,93.444,-36.1,4.963,5228.1,999.0,0,1.0,0.0,0.0,1,8,0.0,6,8,1,1
23496,31.0,1,3,1,-1.8,92.893,-46.2,1.266,5099.1,0.1,3,0.0,0.0,0.0,1,8,0.0,6,5,1,3
23497,31.0,1,999,0,1.4,93.444,-36.1,4.967,5228.1,999.0,0,0.0,0.0,0.0,2,6,0.0,5,8,1,1
23498,32.0,10,999,0,1.4,94.465,-41.8,4.864,5228.1,999.0,0,1.0,0.0,1.0,2,6,0.0,5,6,1,1
23499,48.0,1,999,0,1.4,93.444,-36.1,4.97,5228.1,999.0,0,0.0,1.0,0.0,2,4,0.0,4,8,2,1
23500,31.0,1,999,0,-1.8,93.075,-47.1,1.405,5099.1,999.0,0,1.0,0.0,0.0,1,8,0.0,10,4,1,1
23501,31.0,4,6,2,-1.7,94.027,-38.3,0.899,4991.6,0.2,2,0.0,0.0,0.0,1,7,0.0,11,8,1,3
23502,57.0,3,999,0,1.4,93.444,-36.1,4.966,5228.1,999.0,0,1.0,0.0,0.0,2,4,0.0,8,8,1,1
23503,31.0,1,999,0,-1.8,92.893,-46.2,1.327,5099.1,999.0,0,0.0,0.0,0.0,2,2,0.0,1,5,1,1
23504,39.0,2,999,0,-1.8,92.893,-46.2,1.266,5099.1,999.0,0,1.0,0.0,0.0,1,8,0.0,5,5,1,1
23505,31.0,2,999,0,-1.8,92.893,-46.2,1.354,5099.1,999.0,0,0.0,1.0,0.0,1,8,0.0,11,5,2,1
23506,38.0,3,999,0,-0.1,93.2,-42.0,4.076,5195.8,999.0,0,1.0,0.0,0.0,1,7,0.0,3,11,1,1
23507,38.0,1,999,0,1.4,93.444,-36.1,4.966,5228.1,999.0,0,1.0,0.0,0.0,2,5,0.0,5,8,1,1
23508,40.0,3,999,0,-0.1,93.2,-42.0,4.153,5195.8,999.0,0,0.0,0.0,0.0,2,4,0.0,4,11,1,1
23509,41.0,1,999,0,-0.1,93.2,-42.0,4.153,5195.8,999.0,0,1.0,0.0,0.0,2,7,0.0,3,11,1,1
23510,27.0,2,999,0,1.4,93.918,-42.7,4.962,5228.1,999.0,0,1.0,1.0,0.0,2,6,0.0,5,7,2,1
23511,31.0,4,999,0,1.4,93.444,-36.1,4.968,5228.1,999.0,0,1.0,0.0,1.0,2,7,0.0,3,8,1,1
23512,85.0,1,999,0,-1.8,93.075,-47.1,1.392,5099.1,999.0,0,0.0,0.0,0.0,2,2,0.0,8,4,2,1
23513,31.0,2,999,0,-1.8,92.893,-46.2,1.266,5099.1,999.0,0,1.0,0.0,0.0,1,5,0.0,6,5,1,1
23514,31.0,1,999,0,1.4,93.918,-42.7,4.966,5228.1,999.0,0,0.0,1.0,1.0,2,8,0.0,3,7,1,1
23515,31.0,1,5,2,-1.7,94.215,-40.3,0.881,4991.6,0.166666666667,2,1.0,1.0,0.0,1,7,0.0,10,7,1,3
23516,31.0,1,999,1,-2.9,92.469,-33.6,1.072,5076.2,999.0,2,1.0,1.0,0.0,2,2,0.0,2,7,1,2
23517,55.0,1,999,0,-1.8,93.075,-47.1,1.445,5099.1,999.0,0,1.0,0.0,0.0,3,7,0.0,6,4,1,1
23518,49.0,2,999,0,1.1,93.994,-36.4,4.856,5191.0,999.0,0,0.0,1.0,1.0,2,8,0.0,9,5,1,1
23519,39.0,1,4,1,-2.9,92.201,-31.4,0.884,5076.2,0.133333333333,0,1.0,0.0,0.0,2,8,0.0,5,8,2,3
23520,42.0,1,999,0,-2.9,92.469,-33.6,1.044,5076.2,999.0,0,0.0,0.0,0.0,3,7,0.0,6,7,1,1
23521,54.0,1,999,0,1.4,94.465,-41.8,4.967,5228.1,999.0,0,0.0,0.0,1.0,2,8,0.0,5,6,1,1
23522,31.0,4,999,0,1.4,94.465,-41.8,4.865,5228.1,999.0,0,0.0,0.0,1.0,3,7,0.0,3,6,2,1
23523,44.0,1,999,0,1.4,93.918,-42.7,4.961,5228.1,999.0,0,1.0,0.0,0.0,2,5,0.0,7,7,1,1
23524,26.0,15,999,0,1.4,94.465,-41.8,4.864,5228.1,999.0,0,1.0,1.0,1.0,1,8,0.0,12,6,1,1
23525,31.0,1,999,0,1.4,94.465,-41.8,4.962,5228.1,999.0,0,0.0,0.0,1.0,2,8,0.0,4,6,1,1
23526,29.0,1,999,1,-1.8,92.893,-46.2,1.299,5099.1,999.0,4,1.0,0.0,0.0,1,4,0.0,5,5,2,2
23527,51.0,1,999,1,-1.8,92.893,-46.2,1.334,5099.1,999.0,3,0.0,0.0,0.0,3,6,0.0,6,5,1,2
23528,33.0,3,999,0,-1.8,92.893,-46.2,1.313,5099.1,999.0,0,1.0,0.0,0.0,1,2,0.0,4,5,1,1
23529,40.0,2,999,0,-1.8,92.893,-46.2,1.25,5099.1,999.0,0,0.0,0.0,0.0,3,8,0.0,3,5,1,1
23530,41.0,2,999,0,-1.8,92.893,-46.2,1.27,5099.1,999.0,0,1.0,1.0,0.0,2,8,0.0,4,5,1,1
23531,31.0,2,999,0,1.4,93.444,-36.1,4.964,5228.1,999.0,0,0.0,0.0,0.0,2,8,0.0,5,8,1,1
23532,32.0,2,999,0,-1.8,93.749,-34.6,0.645,5008.7,999.0,0,0.0,0.0,0.0,2,8,0.0,5,4,1,1
23533,29.0,2,999,0,1.4,93.918,-42.7,4.962,5228.1,999.0,0,0.0,0.0,0.0,1,8,0.0,4,7,2,1
23534,31.0,1,999,0,1.4,93.918,-42.7,4.963,5228.1,999.0,0,0.0,0.0,0.0,3,4,0.0,2,7,1,1
23535,26.0,4,999,0,-1.8,92.893,-46.2,1.299,5099.1,999.0,0,0.0,0.0,0.0,1,8,0.0,6,5,1,1
23536,36.0,2,999,0,1.4,94.465,-41.8,4.959,5228.1,999.0,0,0.0,0.0,1.0,3,8,0.0,9,6,1,1
23537,31.0,1,999,0,-0.1,93.2,-42.0,4.021,5195.8,999.0,0,0.0,0.0,0.0,1,8,0.0,9,11,1,1
23538,45.0,2,999,0,-1.8,92.893,-46.2,1.344,5099.1,999.0,0,1.0,0.0,0.0,2,8,0.0,4,5,1,1
23539,31.0,1,999,0,1.4,93.918,-42.7,4.962,5228.1,999.0,0,1.0,1.0,0.0,1,8,0.0,6,7,1,1
23540,54.0,2,999,0,1.1,93.994,-36.4,4.859,5191.0,999.0,0,0.0,0.0,1.0,2,4,0.0,8,5,1,1
23541,35.0,2,999,0,1.4,93.444,-36.1,4.965,5228.1,999.0,0,0.0,0.0,0.0,1,7,0.0,10,8,2,1
23542,33.0,1,999,0,1.4,93.444,-36.1,4.964,5228.1,999.0,0,1.0,0.0,0.0,2,6,0.0,2,8,1,1
23543,31.0,6,999,0,-1.8,92.893,-46.2,1.327,5099.1,999.0,0,0.0,0.0,0.0,2,4,0.0,6,5,1,1
23544,35.0,3,999,0,1.4,93.918,-42.7,4.963,5228.1,999.0,0,1.0,1.0,0.0,1,8,0.0,3,7,1,1
23545,33.0,3,999,0,1.4,93.918,-42.7,4.962,5228.1,999.0,0,1.0,0.0,0.0,2,5,0.0,4,7,2,1
23546,31.0,4,999,0,-1.8,92.893,-46.2,1.244,5099.1,999.0,0,1.0,1.0,1.0,1,7,0.0,6,5,1,1
23547,46.0,2,999,1,-2.9,92.963,-40.8,1.262,5076.2,999.0,1,0.0,0.0,0.0,2,5,0.0,7,6,1,2
23548,31.0,4,999,0,1.1,93.994,-36.4,4.859,5191.0,999.0,0,0.0,0.0,1.0,2,7,0.0,6,5,1,1
23549,46.0,2,999,0,1.1,93.994,-36.4,4.856,5191.0,999.0,0,1.0,0.0,1.0,2,8,0.0,4,5,1,1
23550,31.0,7,999,0,1.1,93.994,-36.4,4.855,5191.0,999.0,0,1.0,0.0,1.0,2,4,0.0,4,5,1,1
23551,31.0,2,999,0,-1.8,92.893,-46.2,1.291,5099.1,999.0,0,0.0,0.0,0.0,2,4,0.0,4,5,1,1
23552,31.0,6,2,4,-1.8,93.876,-40.0,0.682,5008.7,0.0666666666667,8,1.0,0.0,0.0,2,6,0.0,7,5,2,3
23553,35.0,10,999,0,1.1,93.994,-36.4,4.857,5191.0,999.0,0,1.0,0.0,1.0,2,4,0.0,4,5,1,1
23554,31.0,1,999,0,-0.1,93.2,-42.0,4.191,5195.8,999.0,0,0.0,0.0,0.0,2,2,0.0,4,11,2,1
23555,38.0,9,999,0,1.1,93.994,-36.4,4.864,5191.0,999.0,0,0.0,0.0,1.0,2,4,0.0,4,5,1,1
23556,48.0,1,999,0,1.4,94.465,-41.8,4.958,5228.1,999.0,0,0.0,0.0,1.0,2,8,0.0,5,6,1,1
23557,31.0,3,999,0,1.1,93.994,-36.4,4.857,5191.0,999.0,0,0.0,0.0,1.0,2,5,0.0,6,5,1,1
23558,38.0,1,999,0,-1.8,92.893,-46.2,1.313,5099.1,999.0,0,1.0,0.0,0.0,2,8,0.0,6,5,1,1
23559,31.0,1,999,0,-1.8,93.075,-47.1,1.405,5099.1,999.0,0,0.0,0.0,0.0,2,8,0.0,3,4,2,1
23560,33.0,1,999,0,-1.8,92.893,-46.2,1.244,5099.1,999.0,0,0.0,0.0,0.0,3,6,0.0,5,5,2,1
23561,33.0,1,999,0,1.4,93.444,-36.1,4.965,5228.1,999.0,0,1.0,0.0,0.0,1,5,0.0,5,8,2,1
23562,37.0,1,6,2,-1.7,94.215,-40.3,0.846,4991.6,0.2,10,0.0,0.0,0.0,2,5,0.0,9,7,1,3
23563,31.0,1,999,0,1.4,93.444,-36.1,4.963,5228.1,999.0,0,1.0,0.0,1.0,2,6,0.0,5,8,2,1
23564,34.0,2,999,0,-0.1,93.2,-42.0,4.191,5195.8,999.0,0,1.0,0.0,0.0,2,7,0.0,7,11,2,1
23565,49.0,2,999,0,-0.1,93.2,-42.0,4.153,5195.8,999.0,0,0.0,0.0,1.0,2,5,0.0,7,11,1,1
23566,27.0,2,999,0,1.4,93.918,-42.7,4.955,5228.1,999.0,0,1.0,0.0,1.0,1,7,0.0,7,7,1,1
23567,36.0,3,999,1,-1.8,93.075,-47.1,1.405,5099.1,999.0,2,1.0,0.0,0.0,2,4,0.0,4,4,1,2
23568,45.0,1,999,0,1.1,93.994,-36.4,4.856,5191.0,999.0,0,1.0,1.0,1.0,2,2,0.0,4,5,1,1
23569,34.0,3,999,0,1.4,93.444,-36.1,4.963,5228.1,999.0,0,0.0,1.0,0.0,1,7,0.0,6,8,2,1
23570,31.0,2,999,0,-1.8,92.893,-46.2,1.299,5099.1,999.0,0,1.0,0.0,0.0,3,8,0.0,6,5,2,1
23571,53.0,4,999,0,1.4,93.444,-36.1,4.962,5228.1,999.0,0,0.0,0.0,0.0,2,7,0.0,3,8,1,1
23572,33.0,5,999,1,-1.8,92.893,-46.2,1.291,5099.1,999.0,2,1.0,0.0,0.0,1,3,0.0,4,5,1,2
23573,36.0,6,999,0,1.1,93.994,-36.4,4.857,5191.0,999.0,0,0.0,1.0,1.0,1,5,0.0,6,5,1,1
23574,40.0,8,999,0,-1.8,93.075,-47.1,1.453,5099.1,999.0,0,0.0,0.0,0.0,2,8,0.0,4,4,1,1
23575,44.0,3,999,0,1.4,93.918,-42.7,4.962,5228.1,999.0,0,1.0,0.0,0.0,2,8,0.0,4,7,2,1
23576,31.0,2,999,0,1.1,93.994,-36.4,4.858,5191.0,999.0,0,0.0,0.0,1.0,2,8,0.0,5,5,1,1
23577,31.0,1,999,0,-0.1,93.2,-42.0,4.021,5195.8,999.0,0,1.0,0.0,0.0,2,8,0.0,5,11,1,1
23578,29.0,1,999,0,-1.8,93.075,-47.1,1.405,5099.1,999.0,0,0.0,0.0,0.0,1,7,0.0,5,4,2,1
23579,31.0,2,999,0,-0.1,93.2,-42.0,4.076,5195.8,999.0,0,1.0,0.0,0.0,1,5,0.0,9,11,1,1
23580,51.0,1,999,0,-2.9,92.201,-31.4,0.881,5076.2,999.0,0,1.0,1.0,0.0,2,8,0.0,2,8,1,1
23581,43.0,1,999,0,-3.4,92.649,-30.1,0.714,5017.5,999.0,0,0.0,0.0,0.0,2,5,0.0,3,11,1,1
23582,31.0,2,999,0,1.4,93.918,-42.7,4.96,5228.1,999.0,0,0.0,0.0,1.0,2,7,0.0,6,7,2,1
23583,31.0,3,999,0,1.1,93.994,-36.4,4.856,5191.0,999.0,0,1.0,1.0,1.0,3,5,0.0,4,5,1,1
23584,31.0,4,999,0,1.4,93.918,-42.7,4.957,5228.1,999.0,0,0.0,1.0,0.0,1,8,0.0,6,7,1,1
23585,35.0,5,4,1,-1.7,94.215,-40.3,0.79,4991.6,0.133333333333,2,0.0,0.0,0.0,1,8,0.0,6,7,1,3
23586,33.0,1,999,0,-1.8,93.075,-47.1,1.435,5099.1,999.0,0,1.0,0.0,0.0,1,7,0.0,5,4,1,1
23587,31.0,3,999,0,1.1,93.994,-36.4,4.857,5191.0,999.0,0,0.0,1.0,1.0,2,8,0.0,4,5,1,1
23588,29.0,1,999,0,-0.1,93.2,-42.0,4.021,5195.8,999.0,0,1.0,0.0,0.0,1,7,0.0,6,11,1,1
23589,24.0,3,999,0,1.4,93.918,-42.7,4.963,5228.1,999.0,0,0.0,0.0,0.0,1,4,0.0,9,7,1,1
23590,48.0,2,999,0,-1.8,92.843,-50.0,1.811,5099.1,999.0,0,1.0,0.0,1.0,2,3,0.0,6,3,2,1
23591,51.0,1,999,0,1.4,94.465,-41.8,4.955,5228.1,999.0,0,0.0,0.0,1.0,2,6,0.0,9,6,1,1
23592,31.0,17,999,0,1.4,94.465,-41.8,4.959,5228.1,999.0,0,0.0,0.0,1.0,1,7,0.0,10,6,1,1
23593,39.0,2,999,0,-1.8,92.893,-46.2,1.334,5099.1,999.0,0,0.0,0.0,0.0,2,8,0.0,3,5,1,1
23594,37.0,1,999,0,-1.1,94.767,-50.8,1.04,4963.6,999.0,0,1.0,0.0,0.0,2,7,0.0,6,11,1,1
23595,34.0,4,999,0,1.4,93.918,-42.7,4.96,5228.1,999.0,0,1.0,0.0,0.0,1,6,0.0,5,7,2,1
23596,30.0,5,999,0,1.4,94.465,-41.8,4.959,5228.1,999.0,0,1.0,0.0,1.0,2,8,0.0,4,6,1,1
23597,24.0,1,999,0,1.4,93.918,-42.7,4.962,5228.1,999.0,0,0.0,0.0,0.0,1,5,0.0,11,7,1,1
23598,41.0,1,999,0,1.4,93.918,-42.7,4.955,5228.1,999.0,0,0.0,1.0,1.0,2,5,0.0,2,7,1,1
23599,44.0,1,999,0,1.4,94.465,-41.8,4.958,5228.1,999.0,0,1.0,0.0,1.0,2,8,0.0,4,6,1,1
23600,27.0,1,999,1,-1.8,93.075,-47.1,1.445,5099.1,999.0,1,1.0,1.0,0.0,1,7,0.0,6,4,1,2
23601,40.0,2,999,0,-1.8,92.893,-46.2,1.27,5099.1,999.0,0,1.0,0.0,0.0,1,8,0.0,6,5,1,1
23602,53.0,1,999,0,1.4,94.465,-41.8,4.866,5228.1,999.0,0,1.0,0.0,1.0,2,5,0.0,9,6,1,1
23603,31.0,1,999,0,-2.9,92.201,-31.4,0.881,5076.2,999.0,0,0.0,0.0,0.0,2,2,0.0,8,8,1,1
23604,31.0,2,999,0,1.1,93.994,-36.4,4.857,5191.0,999.0,0,0.0,0.0,1.0,1,5,0.0,6,5,2,1
23605,52.0,3,999,0,1.4,93.918,-42.7,4.962,5228.1,999.0,0,0.0,1.0,0.0,2,8,0.0,4,7,1,1
23606,49.0,1,6,3,-1.1,94.601,-49.5,0.985,4963.6,0.2,3,0.0,0.0,0.0,2,8,0.0,6,10,1,3
23607,38.0,1,999,1,-3.4,92.431,-26.9,0.735,5017.5,999.0,1,1.0,0.0,0.0,2,7,0.0,6,10,1,2
23608,41.0,1,999,1,-1.8,92.893,-46.2,1.281,5099.1,999.0,5,0.0,0.0,0.0,2,8,0.0,4,5,1,2
23609,26.0,2,999,1,-1.7,94.055,-39.8,0.767,4991.6,999.0,7,1.0,1.0,0.0,2,5,0.0,6,6,1,2
23610,41.0,2,999,0,-1.8,92.893,-46.2,1.25,5099.1,999.0,0,1.0,0.0,0.0,2,2,0.0,4,5,1,1
23611,37.0,1,999,0,1.4,93.918,-42.7,4.96,5228.1,999.0,0,1.0,0.0,0.0,2,5,0.0,3,7,2,1
23612,31.0,11,999,0,1.4,93.918,-42.7,4.957,5228.1,999.0,0,1.0,1.0,0.0,1,8,0.0,6,7,1,1
23613,33.0,2,999,0,1.4,93.444,-36.1,4.968,5228.1,999.0,0,1.0,0.0,0.0,2,8,0.0,12,8,1,1
23614,32.0,1,999,0,1.4,93.444,-36.1,4.967,5228.1,999.0,0,0.0,0.0,0.0,2,8,0.0,5,8,1,1
23615,60.0,1,999,0,1.1,93.994,-36.4,4.855,5191.0,999.0,0,0.0,0.0,1.0,2,8,0.0,8,5,1,1
23616,56.0,2,999,0,-1.8,93.075,-47.1,1.498,5099.1,999.0,0,0.0,0.0,0.0,3,7,0.0,7,4,1,1
23617,26.0,1,999,0,-1.8,92.843,-50.0,1.65,5099.1,999.0,0,1.0,0.0,0.0,1,8,0.0,3,3,1,1
23618,33.0,3,999,0,-1.7,94.215,-40.3,0.79,4991.6,999.0,0,1.0,1.0,0.0,2,7,0.0,6,7,1,1
23619,28.0,1,999,0,-1.1,94.601,-49.5,0.977,4963.6,999.0,0,1.0,0.0,1.0,1,4,0.0,4,10,2,1
23620,40.0,1,999,0,1.1,93.994,-36.4,4.857,5191.0,999.0,0,1.0,0.0,1.0,3,7,0.0,3,5,1,1
23621,36.0,2,999,0,-1.8,92.893,-46.2,1.327,5099.1,999.0,0,1.0,0.0,0.0,2,6,0.0,5,5,1,1
23622,57.0,1,999,0,-2.9,92.963,-40.8,1.26,5076.2,999.0,0,1.0,0.0,0.0,2,2,0.0,10,6,2,1
23623,31.0,3,999,0,1.4,94.465,-41.8,4.958,5228.1,999.0,0,1.0,0.0,1.0,2,5,0.0,3,6,1,1
23624,58.0,1,999,0,1.1,93.994,-36.4,4.857,5191.0,999.0,0,0.0,0.0,1.0,2,7,0.0,3,5,1,1
23625,51.0,1,999,0,1.4,93.918,-42.7,4.961,5228.1,999.0,0,0.0,0.0,0.0,2,5,0.0,9,7,1,1
23626,40.0,2,999,0,1.1,93.994,-36.4,4.857,5191.0,999.0,0,0.0,1.0,1.0,2,4,0.0,6,5,1,1
23627,49.0,1,999,1,-1.8,92.893,-46.2,1.299,5099.1,999.0,3,1.0,0.0,0.0,2,5,0.0,9,5,2,2
23628,31.0,5,999,0,1.4,93.918,-42.7,4.961,5228.1,999.0,0,1.0,0.0,0.0,2,3,0.0,4,7,1,1
23629,72.0,1,6,1,-3.4,92.431,-26.9,0.728,5017.5,0.2,4,0.0,1.0,0.0,2,7,0.0,6,10,1,3
23630,42.0,1,999,0,1.1,93.994,-36.4,4.857,5191.0,999.0,0,0.0,0.0,1.0,3,7,0.0,6,5,1,1
23631,31.0,1,999,1,-1.8,92.893,-46.2,1.313,5099.1,999.0,3,1.0,0.0,0.0,1,8,0.0,4,5,1,2
23632,27.0,10,999,0,1.4,94.465,-41.8,4.962,5228.1,999.0,0,1.0,1.0,1.0,2,8,0.0,5,6,1,1
23633,41.0,31,999,0,1.4,94.465,-41.8,4.959,5228.1,999.0,0,0.0,0.0,1.0,2,4,0.0,4,6,1,1
23634,45.0,2,999,0,1.4,94.465,-41.8,4.959,5228.1,999.0,0,0.0,0.0,1.0,2,4,0.0,6,6,1,1
23635,31.0,2,999,0,1.4,93.918,-42.7,4.958,5228.1,999.0,0,0.0,0.0,0.0,1,8,0.0,9,7,1,1
23636,50.0,2,999,0,1.4,93.918,-42.7,4.96,5228.1,999.0,0,1.0,0.0,0.0,2,2,0.0,4,7,2,1
23637,35.0,1,999,1,-1.8,92.893,-46.2,1.354,5099.1,999.0,3,1.0,0.0,0.0,2,3,0.0,9,5,2,2
23638,45.0,2,999,0,-3.4,92.649,-30.1,0.722,5017.5,999.0,0,1.0,0.0,0.0,2,8,0.0,4,11,2,1
23639,34.0,1,999,0,-0.1,93.2,-42.0,4.153,5195.8,999.0,0,1.0,1.0,0.0,2,8,0.0,4,11,1,1
23640,47.0,2,999,0,1.4,93.918,-42.7,4.958,5228.1,999.0,0,0.0,0.0,0.0,2,2,0.0,4,7,1,1
23641,47.0,2,999,0,1.4,94.465,-41.8,4.959,5228.1,999.0,0,1.0,1.0,1.0,2,3,0.0,9,6,1,1
23642,64.0,5,999,0,-3.0,92.713,-33.0,0.714,5023.5,999.0,0,1.0,1.0,0.0,2,2,0.0,2,12,1,1
23643,40.0,1,999,0,-0.1,93.2,-42.0,4.191,5195.8,999.0,0,1.0,0.0,0.0,2,8,0.0,4,11,2,1
23644,26.0,2,999,0,1.4,93.918,-42.7,4.962,5228.1,999.0,0,0.0,1.0,1.0,1,5,0.0,4,7,2,1
23645,38.0,4,999,0,1.4,94.465,-41.8,4.864,5228.1,999.0,0,0.0,1.0,1.0,2,4,0.0,6,6,1,1
23646,30.0,1,999,0,1.4,93.444,-36.1,4.963,5228.1,999.0,0,1.0,0.0,0.0,1,7,0.0,6,8,1,1
23647,31.0,2,999,0,1.4,93.918,-42.7,4.957,5228.1,999.0,0,0.0,0.0,0.0,2,8,0.0,6,7,1,1
23648,40.0,2,999,0,1.4,93.918,-42.7,4.957,5228.1,999.0,0,1.0,0.0,0.0,2,5,0.0,9,7,1,1
23649,30.0,1,999,0,-2.9,92.963,-40.8,1.262,5076.2,999.0,0,1.0,1.0,0.0,2,8,0.0,10,6,1,1
23650,31.0,1,999,0,1.4,93.444,-36.1,4.965,5228.1,999.0,0,0.0,0.0,0.0,2,5,0.0,9,8,2,1
23651,31.0,2,999,0,1.4,93.444,-36.1,4.968,5228.1,999.0,0,1.0,0.0,0.0,1,8,0.0,6,8,1,1
23652,31.0,1,999,0,1.4,94.465,-41.8,4.962,5228.1,999.0,0,0.0,0.0,1.0,2,4,0.0,4,6,1,1
23653,42.0,3,999,1,-1.8,92.893,-46.2,1.327,5099.1,999.0,3,1.0,1.0,0.0,2,5,0.0,6,5,1,2
23654,35.0,3,999,0,1.1,93.994,-36.4,4.86,5191.0,999.0,0,0.0,0.0,1.0,2,8,0.0,5,5,1,1
23655,49.0,1,6,1,-1.8,92.893,-46.2,1.344,5099.1,0.2,3,0.0,0.0,0.0,2,5,0.0,6,5,1,3
23656,29.0,1,999,0,1.4,93.918,-42.7,4.961,5228.1,999.0,0,0.0,0.0,0.0,1,4,0.0,4,7,1,1
23657,31.0,3,999,1,-2.9,92.201,-31.4,0.825,5076.2,999.0,1,1.0,0.0,0.0,2,5,0.0,9,8,1,2
23658,35.0,2,999,0,1.1,93.994,-36.4,4.86,5191.0,999.0,0,0.0,0.0,1.0,2,8,0.0,3,5,1,1
23659,31.0,2,999,1,-1.8,93.075,-47.1,1.405,5099.1,999.0,4,1.0,0.0,0.0,1,5,0.0,6,4,1,2
23660,35.0,2,999,0,1.4,93.444,-36.1,4.963,5228.1,999.0,0,1.0,0.0,0.0,2,6,0.0,5,8,2,1
23661,46.0,1,999,0,1.4,93.444,-36.1,4.968,5228.1,999.0,0,0.0,1.0,0.0,2,8,0.0,1,8,1,1
23662,52.0,6,999,0,1.4,94.465,-41.8,4.864,5228.1,999.0,0,1.0,0.0,1.0,2,5,0.0,10,6,1,1
23663,31.0,5,999,0,1.4,93.918,-42.7,4.968,5228.1,999.0,0,1.0,0.0,1.0,2,7,0.0,1,7,1,1
23664,32.0,2,999,0,-0.1,93.2,-42.0,4.021,5195.8,999.0,0,1.0,1.0,0.0,2,7,0.0,3,11,1,1
23665,29.0,2,999,0,1.4,93.918,-42.7,4.963,5228.1,999.0,0,1.0,0.0,0.0,1,5,0.0,6,7,1,1
23666,42.0,1,999,0,-1.8,92.893,-46.2,1.291,5099.1,999.0,0,1.0,0.0,0.0,2,2,0.0,4,5,1,1
23667,31.0,3,999,0,1.4,93.918,-42.7,4.962,5228.1,999.0,0,1.0,1.0,0.0,2,8,0.0,1,7,2,1
23668,31.0,4,999,0,1.4,94.465,-41.8,4.959,5228.1,999.0,0,1.0,0.0,1.0,3,6,0.0,8,6,1,1
23669,27.0,1,999,0,-0.1,93.798,-40.4,4.86,5195.8,999.0,0,0.0,0.0,1.0,1,7,0.0,6,10,1,1
23670,39.0,3,999,0,1.1,93.994,-36.4,4.857,5191.0,999.0,0,0.0,0.0,1.0,3,4,0.0,4,5,1,1
23671,35.0,3,999,0,1.4,93.444,-36.1,4.965,5228.1,999.0,0,0.0,0.0,0.0,3,7,0.0,3,8,2,1
23672,31.0,2,999,0,-1.8,93.075,-47.1,1.415,5099.1,999.0,0,0.0,0.0,1.0,2,6,0.0,8,4,1,1
23673,31.0,2,999,0,-0.1,93.2,-42.0,4.021,5195.8,999.0,0,1.0,0.0,0.0,2,4,0.0,4,11,1,1
23674,50.0,1,999,0,1.4,93.444,-36.1,4.963,5228.1,999.0,0,1.0,0.0,0.0,2,8,0.0,6,8,1,1
23675,50.0,1,999,0,1.4,93.918,-42.7,4.957,5228.1,999.0,0,0.0,0.0,0.0,2,8,0.0,8,7,1,1
23676,66.0,1,6,1,-1.8,93.369,-34.8,0.655,5008.7,0.2,2,1.0,0.0,0.0,2,8,0.0,8,3,1,3
23677,31.0,2,999,0,-2.9,92.201,-31.4,0.883,5076.2,999.0,0,0.0,0.0,0.0,2,8,0.0,8,8,1,1
23678,47.0,2,999,0,1.4,93.918,-42.7,4.961,5228.1,999.0,0,0.0,0.0,0.0,2,3,0.0,9,7,1,1
23679,44.0,1,999,1,-1.8,92.893,-46.2,1.344,5099.1,999.0,2,0.0,0.0,0.0,2,8,0.0,4,5,1,2
23680,38.0,2,999,0,1.1,93.994,-36.4,4.856,5191.0,999.0,0,0.0,1.0,1.0,1,8,0.0,4,5,1,1
23681,31.0,1,999,0,-0.1,93.2,-42.0,4.191,5195.8,999.0,0,1.0,1.0,0.0,2,6,0.0,5,11,2,1
23682,42.0,2,999,0,1.4,93.918,-42.7,4.962,5228.1,999.0,0,0.0,0.0,0.0,2,7,0.0,1,7,2,1
23683,31.0,1,999,0,-1.1,94.767,-50.8,1.031,4963.6,999.0,0,1.0,1.0,0.0,3,5,0.0,2,11,1,1
23684,31.0,2,999,0,1.1,93.994,-36.4,4.858,5191.0,999.0,0,1.0,0.0,1.0,2,7,0.0,3,5,1,1
23685,31.0,3,999,0,1.4,93.444,-36.1,4.963,5228.1,999.0,0,1.0,0.0,0.0,2,7,0.0,6,8,1,1
23686,40.0,3,999,0,1.4,93.918,-42.7,4.962,5228.1,999.0,0,1.0,0.0,0.0,2,8,0.0,4,7,2,1
23687,34.0,1,999,1,-1.8,92.893,-46.2,1.313,5099.1,999.0,2,0.0,0.0,0.0,2,7,0.0,6,5,1,2
23688,36.0,1,999,0,1.4,94.465,-41.8,4.866,5228.1,999.0,0,1.0,0.0,1.0,2,6,0.0,5,6,1,1
23689,51.0,1,999,0,1.1,93.994,-36.4,4.857,5191.0,999.0,0,1.0,1.0,1.0,2,4,0.0,8,5,2,1
23690,37.0,1,999,0,1.4,93.444,-36.1,4.962,5228.1,999.0,0,0.0,1.0,0.0,2,7,0.0,6,8,1,1
23691,38.0,1,999,0,-2.9,92.963,-40.8,1.099,5076.2,999.0,0,0.0,0.0,0.0,1,7,0.0,6,6,1,1
23692,39.0,1,999,0,1.4,94.465,-41.8,4.866,5228.1,999.0,0,1.0,0.0,1.0,2,5,0.0,6,6,1,1
23693,52.0,3,999,0,1.1,93.994,-36.4,4.858,5191.0,999.0,0,1.0,1.0,1.0,3,8,0.0,3,5,2,1
23694,29.0,1,999,0,1.4,93.918,-42.7,4.963,5228.1,999.0,0,0.0,0.0,0.0,1,7,0.0,5,7,1,1
23695,31.0,1,999,0,1.1,93.994,-36.4,4.857,5191.0,999.0,0,1.0,0.0,1.0,2,8,0.0,6,5,2,1
23696,34.0,1,999,0,1.4,93.918,-42.7,4.963,5228.1,999.0,0,0.0,0.0,0.0,1,8,0.0,1,7,1,1
23697,31.0,3,999,0,1.4,94.465,-41.8,4.967,5228.1,999.0,0,0.0,0.0,1.0,2,6,0.0,5,6,1,1
23698,35.0,1,999,1,-0.1,93.2,-42.0,4.153,5195.8,999.0,6,1.0,0.0,0.0,2,6,0.0,1,11,1,2
23699,33.0,1,999,0,1.1,93.994,-36.4,4.86,5191.0,999.0,0,1.0,1.0,1.0,1,8,0.0,3,5,1,1
23700,34.0,1,999,0,1.1,93.994,-36.4,4.859,5191.0,999.0,0,0.0,1.0,1.0,2,8,0.0,5,5,1,1
23701,43.0,14,999,0,1.4,94.465,-41.8,4.959,5228.1,999.0,0,0.0,1.0,1.0,1,6,0.0,6,6,1,1
23702,40.0,5,999,1,-0.1,93.2,-42.0,4.021,5195.8,999.0,2,0.0,1.0,0.0,2,5,0.0,3,11,1,2
23703,45.0,1,999,0,1.1,93.994,-36.4,4.857,5191.0,999.0,0,1.0,0.0,1.0,2,8,0.0,5,5,1,1
23704,28.0,1,999,0,1.1,93.994,-36.4,4.855,5191.0,999.0,0,0.0,0.0,1.0,1,7,0.0,1,5,1,1
23705,33.0,2,999,1,-1.8,93.075,-47.1,1.479,5099.1,999.0,2,1.0,0.0,0.0,2,5,0.0,7,4,1,2
23706,39.0,18,999,0,1.4,93.918,-42.7,4.962,5228.1,999.0,0,1.0,1.0,0.0,1,8,0.0,6,7,2,1
23707,41.0,1,999,0,-1.8,93.075,-47.1,1.405,5099.1,999.0,0,0.0,0.0,0.0,3,5,0.0,6,4,1,1
23708,34.0,1,999,0,1.1,93.994,-36.4,4.857,5191.0,999.0,0,0.0,0.0,1.0,2,4,0.0,4,5,1,1
23709,55.0,1,999,0,1.1,93.994,-36.4,4.857,5191.0,999.0,0,0.0,0.0,1.0,2,8,0.0,5,5,1,1
23710,37.0,1,999,0,-0.1,93.2,-42.0,4.076,5195.8,999.0,0,1.0,0.0,0.0,3,8,0.0,4,11,1,1
23711,31.0,6,999,0,1.4,93.444,-36.1,4.963,5228.1,999.0,0,0.0,0.0,0.0,2,8,0.0,5,8,2,1
23712,31.0,1,999,0,1.4,93.444,-36.1,4.966,5228.1,999.0,0,1.0,0.0,0.0,2,7,0.0,6,8,1,1
23713,43.0,1,999,1,-0.1,93.2,-42.0,4.076,5195.8,999.0,1,1.0,0.0,0.0,2,4,0.0,4,11,1,2
23714,31.0,3,999,0,-1.8,92.893,-46.2,1.266,5099.1,999.0,0,1.0,0.0,0.0,2,8,0.0,4,5,1,1
23715,41.0,3,999,1,-1.8,92.893,-46.2,1.291,5099.1,999.0,0,0.0,1.0,0.0,2,3,0.0,4,5,1,2
23716,45.0,2,999,0,1.4,94.465,-41.8,4.864,5228.1,999.0,0,1.0,0.0,1.0,2,8,0.0,4,6,1,1
23717,59.0,2,999,0,1.1,93.994,-36.4,4.858,5191.0,999.0,0,0.0,0.0,1.0,2,8,0.0,2,5,2,1
23718,38.0,5,999,0,1.4,93.444,-36.1,4.965,5228.1,999.0,0,1.0,0.0,0.0,2,8,0.0,5,8,1,1
23719,40.0,2,999,0,1.4,93.918,-42.7,4.962,5228.1,999.0,0,0.0,0.0,0.0,3,5,0.0,6,7,1,1
23720,31.0,5,999,0,1.4,94.465,-41.8,4.967,5228.1,999.0,0,0.0,0.0,1.0,2,8,0.0,4,6,1,1
23721,43.0,2,8,2,-3.0,92.713,-33.0,0.717,5023.5,0.266666666667,0,0.0,1.0,0.0,2,5,0.0,6,12,2,2
23722,37.0,1,999,0,1.1,93.994,-36.4,4.857,5191.0,999.0,0,1.0,1.0,1.0,1,7,0.0,5,5,1,1
23723,31.0,2,999,0,1.4,94.465,-41.8,4.962,5228.1,999.0,0,0.0,0.0,1.0,2,2,0.0,4,6,1,1
23724,35.0,4,999,0,1.1,93.994,-36.4,4.857,5191.0,999.0,0,1.0,0.0,1.0,2,5,0.0,6,5,2,1
23725,30.0,3,999,0,1.4,93.444,-36.1,4.964,5228.1,999.0,0,0.0,0.0,0.0,1,7,0.0,6,8,1,1
23726,31.0,2,999,0,1.4,93.918,-42.7,4.96,5228.1,999.0,0,1.0,1.0,0.0,3,5,0.0,4,7,2,1
23727,45.0,1,999,0,1.1,93.994,-36.4,4.856,5191.0,999.0,0,1.0,0.0,1.0,2,5,0.0,9,5,1,1
23728,31.0,6,999,1,-1.8,92.893,-46.2,1.299,5099.1,999.0,2,0.0,0.0,0.0,2,7,0.0,5,5,2,2
23729,31.0,2,999,0,1.1,93.994,-36.4,4.857,5191.0,999.0,0,1.0,0.0,1.0,1,5,0.0,4,5,1,1
23730,28.0,1,999,0,1.1,93.994,-36.4,4.856,5191.0,999.0,0,1.0,1.0,1.0,1,4,0.0,4,5,1,1
23731,48.0,1,999,0,1.4,94.465,-41.8,4.967,5228.1,999.0,0,1.0,1.0,1.0,2,3,0.0,4,6,1,1
23732,47.0,9,999,0,-2.9,92.469,-33.6,0.908,5076.2,999.0,0,0.0,0.0,1.0,2,7,0.0,6,7,1,1
23733,54.0,3,999,0,1.4,93.444,-36.1,4.966,5228.1,999.0,0,1.0,0.0,0.0,2,4,0.0,4,8,1,1
23734,50.0,7,999,0,1.1,93.994,-36.4,4.857,5191.0,999.0,0,1.0,1.0,1.0,2,8,0.0,2,5,1,1
23735,33.0,2,999,1,-1.8,92.893,-46.2,1.327,5099.1,999.0,0,1.0,1.0,0.0,1,4,0.0,4,5,1,2
23736,31.0,1,999,0,1.4,93.918,-42.7,4.961,5228.1,999.0,0,1.0,0.0,0.0,2,7,0.0,6,7,1,1
23737,31.0,2,999,0,1.4,94.465,-41.8,4.961,5228.1,999.0,0,0.0,0.0,1.0,2,4,0.0,4,6,1,1
23738,31.0,3,999,0,-0.1,93.2,-42.0,4.12,5195.8,999.0,0,1.0,0.0,0.0,1,7,0.0,5,11,1,1
23739,36.0,1,999,1,-1.8,92.893,-46.2,1.291,5099.1,999.0,1,0.0,0.0,0.0,2,8,0.0,4,5,1,2
23740,31.0,2,999,0,1.4,93.444,-36.1,4.966,5228.1,999.0,0,1.0,1.0,0.0,3,6,0.0,5,8,1,1
23741,42.0,4,999,0,-1.8,92.893,-46.2,1.354,5099.1,999.0,0,1.0,0.0,1.0,1,5,0.0,2,5,2,1
23742,34.0,4,999,0,1.1,93.994,-36.4,4.858,5191.0,999.0,0,0.0,1.0,1.0,1,7,0.0,6,5,1,1
23743,39.0,1,999,0,1.1,93.994,-36.4,4.856,5191.0,999.0,0,0.0,0.0,1.0,1,3,0.0,5,5,1,1
23744,31.0,2,999,0,1.1,93.994,-36.4,4.855,5191.0,999.0,0,1.0,0.0,1.0,2,5,0.0,6,5,1,1
23745,31.0,5,999,0,1.4,93.918,-42.7,4.961,5228.1,999.0,0,0.0,1.0,0.0,1,8,0.0,6,7,1,1
23746,31.0,4,999,0,1.1,93.994,-36.4,4.857,5191.0,999.0,0,0.0,0.0,1.0,2,4,0.0,4,5,2,1
23747,32.0,2,999,0,1.1,93.994,-36.4,4.859,5191.0,999.0,0,1.0,0.0,1.0,1,5,0.0,5,5,1,1
23748,31.0,3,999,0,-0.1,93.2,-42.0,4.12,5195.8,999.0,0,1.0,0.0,0.0,2,6,0.0,7,11,1,1
23749,31.0,2,999,0,1.1,93.994,-36.4,4.858,5191.0,999.0,0,0.0,0.0,1.0,2,7,0.0,6,5,2,1
23750,31.0,3,999,0,1.4,94.465,-41.8,4.96,5228.1,999.0,0,1.0,0.0,1.0,3,6,0.0,5,6,2,1
23751,46.0,1,999,0,-1.1,94.199,-37.5,0.88,4963.6,999.0,0,1.0,0.0,0.0,2,7,0.0,9,9,1,1
23752,31.0,5,999,0,1.4,93.444,-36.1,4.966,5228.1,999.0,0,1.0,0.0,0.0,1,7,0.0,5,8,1,1
23753,31.0,5,999,0,1.4,94.465,-41.8,4.959,5228.1,999.0,0,0.0,0.0,1.0,2,7,0.0,3,6,1,1
23754,53.0,13,999,0,1.1,93.994,-36.4,4.856,5191.0,999.0,0,0.0,0.0,1.0,2,8,0.0,8,5,1,1
23755,48.0,3,999,0,1.4,93.444,-36.1,4.968,5228.1,999.0,0,0.0,0.0,0.0,2,2,0.0,4,8,1,1
23756,50.0,1,999,0,1.1,93.994,-36.4,4.859,5191.0,999.0,0,0.0,0.0,1.0,2,7,0.0,3,5,1,1
23757,46.0,3,999,0,1.4,94.465,-41.8,4.865,5228.1,999.0,0,1.0,0.0,1.0,2,2,0.0,8,6,2,1
23758,59.0,2,999,2,-1.1,94.601,-49.5,0.977,4963.6,999.0,2,1.0,0.0,0.0,2,7,0.0,9,10,2,2
23759,29.0,1,999,0,1.4,94.465,-41.8,4.961,5228.1,999.0,0,0.0,0.0,1.0,2,8,0.0,6,6,2,1
23760,31.0,2,999,0,1.4,94.465,-41.8,4.961,5228.1,999.0,0,1.0,0.0,1.0,1,2,0.0,9,6,1,1
23761,29.0,1,999,0,1.1,93.994,-36.4,4.857,5191.0,999.0,0,1.0,0.0,1.0,1,7,0.0,6,5,1,1
23762,54.0,1,999,0,1.1,93.994,-36.4,4.857,5191.0,999.0,0,1.0,1.0,1.0,2,3,0.0,3,5,1,1
23763,38.0,3,999,0,1.4,93.444,-36.1,4.965,5228.1,999.0,0,1.0,1.0,0.0,2,7,0.0,6,8,2,1
23764,31.0,1,999,0,-1.8,92.893,-46.2,1.244,5099.1,999.0,0,0.0,0.0,0.0,1,8,0.0,6,5,2,1
23765,25.0,3,999,0,-2.9,92.469,-33.6,1.048,5076.2,999.0,0,0.0,0.0,1.0,1,8,0.0,11,7,2,1
23766,48.0,3,999,0,-0.1,93.2,-42.0,4.076,5195.8,999.0,0,0.0,0.0,0.0,3,5,0.0,6,11,1,1
23767,31.0,1,6,1,-1.8,92.893,-46.2,1.266,5099.1,0.2,3,1.0,0.0,0.0,1,5,0.0,6,5,1,3
23768,39.0,1,12,1,-1.8,92.893,-46.2,1.344,5099.1,0.4,2,1.0,0.0,0.0,2,4,0.0,4,5,1,3
23769,31.0,1,999,0,-1.8,92.893,-46.2,1.291,5099.1,999.0,0,1.0,0.0,0.0,1,8,0.0,11,5,1,1
23770,38.0,4,999,0,-1.8,93.075,-47.1,1.405,5099.1,999.0,0,0.0,0.0,1.0,2,5,0.0,6,4,2,1
23771,37.0,10,999,0,1.4,94.465,-41.8,4.959,5228.1,999.0,0,1.0,0.0,1.0,2,8,0.0,6,6,1,1
23772,47.0,3,999,0,1.4,93.444,-36.1,4.964,5228.1,999.0,0,0.0,0.0,0.0,3,7,0.0,6,8,1,1
23773,38.0,1,999,0,-1.8,93.075,-47.1,1.392,5099.1,999.0,0,0.0,0.0,0.0,3,7,0.0,6,4,1,1
23774,31.0,1,999,0,1.4,94.465,-41.8,4.959,5228.1,999.0,0,0.0,0.0,1.0,2,2,0.0,5,6,1,1
23775,31.0,2,999,0,-2.9,92.201,-31.4,0.883,5076.2,999.0,0,1.0,0.0,0.0,2,7,0.0,6,8,1,1
23776,37.0,1,999,0,1.1,93.994,-36.4,4.857,5191.0,999.0,0,0.0,1.0,1.0,2,8,0.0,4,5,1,1
23777,32.0,2,999,0,1.1,93.994,-36.4,4.856,5191.0,999.0,0,0.0,1.0,1.0,2,5,0.0,9,5,1,1
23778,31.0,1,3,2,-3.4,92.649,-30.1,0.715,5017.5,0.1,0,1.0,0.0,0.0,2,7,0.0,3,11,1,3
23779,39.0,1,999,0,-1.8,92.893,-46.2,1.344,5099.1,999.0,0,0.0,0.0,0.0,2,3,0.0,4,5,1,1
23780,54.0,4,999,0,1.4,94.465,-41.8,4.865,5228.1,999.0,0,0.0,1.0,1.0,2,8,0.0,3,6,2,1
23781,32.0,1,999,0,1.4,93.918,-42.7,4.962,5228.1,999.0,0,0.0,0.0,0.0,2,5,0.0,9,7,1,1
23782,27.0,3,999,0,-1.8,92.893,-46.2,1.281,5099.1,999.0,0,1.0,0.0,1.0,1,8,0.0,4,5,1,1
23783,80.0,1,999,0,-3.4,92.431,-26.9,0.744,5017.5,999.0,0,0.0,0.0,0.0,3,2,0.0,8,10,1,1
23784,39.0,2,999,0,-1.8,92.893,-46.2,1.299,5099.1,999.0,0,0.0,0.0,0.0,1,4,0.0,4,5,2,1
23785,53.0,5,999,0,1.4,94.465,-41.8,4.959,5228.1,999.0,0,1.0,0.0,1.0,2,8,0.0,4,6,1,1
23786,58.0,4,999,0,1.4,94.465,-41.8,4.864,5228.1,999.0,0,1.0,0.0,1.0,2,2,0.0,8,6,1,1
23787,49.0,1,999,0,1.4,93.918,-42.7,4.957,5228.1,999.0,0,1.0,0.0,0.0,2,6,0.0,5,7,1,1
23788,43.0,2,999,0,1.4,93.918,-42.7,4.962,5228.1,999.0,0,1.0,1.0,0.0,1,5,0.0,6,7,1,1
23789,49.0,2,999,0,1.4,93.444,-36.1,4.962,5228.1,999.0,0,0.0,0.0,0.0,2,8,0.0,6,8,1,1
23790,40.0,1,999,1,-0.1,93.2,-42.0,4.021,5195.8,999.0,1,0.0,0.0,0.0,2,7,0.0,5,11,1,2
23791,47.0,2,999,0,1.4,93.444,-36.1,4.965,5228.1,999.0,0,1.0,1.0,0.0,2,7,0.0,6,8,1,1
23792,57.0,1,999,0,1.4,93.918,-42.7,4.96,5228.1,999.0,0,0.0,0.0,0.0,2,8,0.0,6,7,2,1
23793,31.0,1,999,0,-1.8,92.893,-46.2,1.344,5099.1,999.0,0,1.0,0.0,0.0,2,4,0.0,4,5,1,1
23794,32.0,1,999,0,1.4,94.465,-41.8,4.958,5228.1,999.0,0,1.0,0.0,1.0,1,4,0.0,4,6,1,1
23795,53.0,1,999,0,-0.1,93.2,-42.0,4.021,5195.8,999.0,0,1.0,0.0,0.0,2,7,0.0,1,11,1,1
23796,27.0,8,999,0,-1.8,92.893,-46.2,1.291,5099.1,999.0,0,1.0,1.0,0.0,2,8,0.0,9,5,1,1
23797,31.0,1,999,0,-1.8,92.893,-46.2,1.299,5099.1,999.0,0,0.0,0.0,0.0,2,8,0.0,4,5,2,1
23798,31.0,2,999,0,1.4,93.444,-36.1,4.964,5228.1,999.0,0,0.0,0.0,0.0,3,8,0.0,6,8,1,1
23799,31.0,3,999,0,1.4,93.918,-42.7,4.958,5228.1,999.0,0,0.0,0.0,0.0,4,6,0.0,1,7,1,1
23800,33.0,3,999,0,1.1,93.994,-36.4,4.857,5191.0,999.0,0,0.0,0.0,1.0,3,6,0.0,5,5,2,1
23801,33.0,1,999,0,-0.1,93.2,-42.0,4.076,5195.8,999.0,0,1.0,0.0,0.0,1,8,0.0,4,11,1,1
23802,32.0,2,999,0,-2.9,92.201,-31.4,0.884,5076.2,999.0,0,1.0,0.0,0.0,2,8,0.0,11,8,2,1
23803,56.0,1,999,0,1.4,93.918,-42.7,4.961,5228.1,999.0,0,0.0,0.0,0.0,2,8,0.0,6,7,1,1
23804,31.0,1,999,0,-2.9,92.963,-40.8,1.266,5076.2,999.0,0,0.0,0.0,0.0,1,7,0.0,11,6,2,1
23805,33.0,3,999,0,1.4,94.465,-41.8,4.865,5228.1,999.0,0,1.0,0.0,1.0,2,5,0.0,6,6,2,1
23806,34.0,1,999,1,-1.8,92.893,-46.2,1.327,5099.1,999.0,4,1.0,0.0,0.0,2,8,0.0,4,5,1,2
23807,50.0,1,999,0,1.4,94.465,-41.8,4.959,5228.1,999.0,0,1.0,1.0,1.0,2,8,0.0,4,6,1,1
23808,30.0,1,999,0,1.1,93.994,-36.4,4.855,5191.0,999.0,0,0.0,0.0,1.0,2,5,0.0,9,5,1,1
23809,38.0,1,999,0,1.1,93.994,-36.4,4.856,5191.0,999.0,0,0.0,0.0,1.0,1,3,0.0,6,5,1,1
23810,34.0,1,999,0,1.1,93.994,-36.4,4.864,5191.0,999.0,0,1.0,0.0,1.0,2,8,0.0,9,5,1,1
23811,43.0,3,999,0,1.4,93.918,-42.7,4.957,5228.1,999.0,0,0.0,0.0,0.0,2,4,0.0,4,7,1,1
23812,37.0,4,999,0,1.1,93.994,-36.4,4.857,5191.0,999.0,0,1.0,0.0,1.0,2,5,0.0,6,5,2,1
23813,46.0,1,999,0,1.4,93.444,-36.1,4.964,5228.1,999.0,0,1.0,0.0,0.0,2,8,0.0,9,8,1,1
23814,56.0,1,2,1,-1.8,93.075,-47.1,1.365,5099.1,0.0666666666667,1,0.0,0.0,0.0,2,8,0.0,7,4,1,3
23815,31.0,12,999,0,1.1,93.994,-36.4,4.857,5191.0,999.0,0,0.0,0.0,1.0,3,5,0.0,9,5,2,1
23816,49.0,1,999,0,1.4,93.918,-42.7,4.962,5228.1,999.0,0,1.0,1.0,0.0,2,8,0.0,6,7,2,1
23817,55.0,6,999,0,1.4,93.918,-42.7,4.962,5228.1,999.0,0,1.0,0.0,0.0,2,3,0.0,9,7,1,1
23818,37.0,3,999,0,-3.4,92.431,-26.9,0.754,5017.5,999.0,0,1.0,0.0,0.0,1,8,0.0,6,10,1,1
23819,54.0,12,999,0,1.4,94.465,-41.8,4.865,5228.1,999.0,0,1.0,0.0,1.0,2,5,0.0,6,6,1,1
23820,31.0,1,5,2,-1.8,93.075,-47.1,1.365,5099.1,0.166666666667,8,1.0,0.0,0.0,3,6,0.0,8,4,1,2
23821,31.0,7,999,0,1.4,93.444,-36.1,4.966,5228.1,999.0,0,0.0,0.0,0.0,2,8,0.0,1,8,1,1
23822,29.0,1,999,0,1.4,93.918,-42.7,4.963,5228.1,999.0,0,1.0,0.0,1.0,2,7,0.0,6,7,1,1
23823,29.0,1,999,0,1.4,93.444,-36.1,4.963,5228.1,999.0,0,1.0,0.0,0.0,1,7,0.0,6,8,1,1
23824,32.0,1,999,0,1.1,93.994,-36.4,4.86,5191.0,999.0,0,0.0,0.0,1.0,2,8,0.0,5,5,1,1
23825,31.0,2,999,0,1.4,93.444,-36.1,4.963,5228.1,999.0,0,1.0,0.0,0.0,2,8,0.0,6,8,1,1
23826,31.0,2,999,0,1.4,93.918,-42.7,4.962,5228.1,999.0,0,1.0,0.0,0.0,3,8,0.0,5,7,2,1
23827,31.0,1,999,0,1.4,93.918,-42.7,4.966,5228.1,999.0,0,0.0,0.0,1.0,1,5,0.0,6,7,1,1
23828,39.0,3,999,0,1.4,93.444,-36.1,4.965,5228.1,999.0,0,1.0,0.0,0.0,2,5,0.0,6,8,1,1
23829,37.0,1,999,0,-3.4,92.431,-26.9,0.74,5017.5,999.0,0,1.0,0.0,0.0,2,3,0.0,4,10,1,1
23830,32.0,1,999,0,-1.8,92.893,-46.2,1.244,5099.1,999.0,0,1.0,0.0,0.0,2,5,0.0,6,5,2,1
23831,58.0,1,999,0,1.4,94.465,-41.8,4.866,5228.1,999.0,0,0.0,0.0,1.0,2,5,0.0,8,6,1,1
23832,48.0,2,999,1,-2.9,92.201,-31.4,0.869,5076.2,999.0,1,1.0,0.0,0.0,1,7,0.0,6,8,1,2
23833,31.0,3,999,0,1.4,94.465,-41.8,4.959,5228.1,999.0,0,0.0,0.0,1.0,2,5,0.0,9,6,1,1
23834,43.0,3,999,0,1.1,93.994,-36.4,4.857,5191.0,999.0,0,0.0,0.0,1.0,2,5,0.0,3,5,1,1
23835,32.0,2,999,0,1.4,93.444,-36.1,4.968,5228.1,999.0,0,1.0,1.0,0.0,1,7,0.0,6,8,1,1
23836,36.0,1,999,0,1.1,93.994,-36.4,4.857,5191.0,999.0,0,1.0,1.0,1.0,1,8,0.0,9,5,1,1
23837,56.0,3,999,0,1.4,94.465,-41.8,4.961,5228.1,999.0,0,1.0,0.0,1.0,3,7,0.0,10,6,1,1
23838,31.0,1,999,0,1.4,94.465,-41.8,4.864,5228.1,999.0,0,1.0,0.0,1.0,2,7,0.0,1,6,1,1
23839,31.0,1,999,0,-3.4,92.379,-29.8,0.809,5017.5,999.0,0,0.0,0.0,0.0,2,8,0.0,8,9,1,1
23840,51.0,1,999,0,-2.9,92.963,-40.8,1.268,5076.2,999.0,0,0.0,0.0,0.0,1,7,0.0,5,6,1,1
23841,24.0,3,999,0,1.1,93.994,-36.4,4.856,5191.0,999.0,0,0.0,0.0,1.0,1,8,0.0,9,5,1,1
23842,31.0,4,999,0,1.4,93.444,-36.1,4.965,5228.1,999.0,0,1.0,0.0,0.0,2,7,0.0,3,8,2,1
23843,31.0,5,999,0,1.4,93.444,-36.1,4.964,5228.1,999.0,0,1.0,0.0,0.0,3,6,0.0,5,8,1,1
23844,36.0,2,999,0,-0.1,93.2,-42.0,4.076,5195.8,999.0,0,0.0,1.0,0.0,3,7,0.0,6,11,1,1
23845,34.0,1,999,0,1.4,93.444,-36.1,4.965,5228.1,999.0,0,0.0,0.0,0.0,2,8,0.0,7,8,1,1
23846,35.0,1,999,0,1.1,93.994,-36.4,4.859,5191.0,999.0,0,0.0,0.0,1.0,2,7,0.0,3,5,1,1
23847,47.0,4,999,0,1.1,93.994,-36.4,4.857,5191.0,999.0,0,0.0,0.0,1.0,2,6,0.0,5,5,1,1
23848,31.0,2,999,1,-1.8,92.893,-46.2,1.344,5099.1,999.0,3,1.0,0.0,0.0,3,4,0.0,4,5,1,2
23849,31.0,3,999,0,-1.8,92.893,-46.2,1.334,5099.1,999.0,0,0.0,0.0,0.0,2,8,0.0,4,5,1,1
23850,41.0,3,999,0,1.4,94.465,-41.8,4.865,5228.1,999.0,0,0.0,0.0,1.0,2,5,0.0,6,6,1,1
23851,31.0,1,999,0,1.1,93.994,-36.4,4.858,5191.0,999.0,0,1.0,0.0,1.0,1,5,0.0,9,5,2,1
23852,42.0,2,999,0,-1.8,92.893,-46.2,1.266,5099.1,999.0,0,1.0,0.0,0.0,2,8,0.0,5,5,1,1
23853,31.0,2,999,0,1.4,94.465,-41.8,4.961,5228.1,999.0,0,1.0,1.0,1.0,2,5,0.0,3,6,1,1
23854,31.0,3,999,1,-1.7,94.027,-38.3,0.894,4991.6,999.0,0,0.0,0.0,0.0,2,8,0.0,3,8,1,2
23855,40.0,2,999,0,1.4,93.444,-36.1,4.964,5228.1,999.0,0,1.0,0.0,0.0,2,8,0.0,5,8,1,1
23856,32.0,1,999,0,-1.8,93.075,-47.1,1.405,5099.1,999.0,0,0.0,0.0,0.0,3,4,0.0,5,4,2,1
23857,30.0,1,999,0,1.1,93.994,-36.4,4.858,5191.0,999.0,0,1.0,1.0,1.0,2,7,0.0,3,5,1,1
23858,34.0,2,999,0,-0.1,93.2,-42.0,4.076,5195.8,999.0,0,1.0,1.0,0.0,3,8,0.0,3,11,1,1
23859,31.0,1,999,0,-1.8,92.893,-46.2,1.244,5099.1,999.0,0,1.0,0.0,0.0,1,5,0.0,4,5,2,1
23860,73.0,1,999,0,-1.8,93.369,-34.8,0.652,5008.7,999.0,0,1.0,0.0,1.0,2,8,0.0,8,3,2,1
23861,44.0,3,999,0,-0.1,93.2,-42.0,4.191,5195.8,999.0,0,0.0,0.0,0.0,1,8,0.0,5,11,2,1
23862,31.0,4,999,0,1.4,93.444,-36.1,4.964,5228.1,999.0,0,0.0,0.0,0.0,3,5,0.0,5,8,1,1
23863,31.0,1,999,0,-0.1,93.2,-42.0,4.021,5195.8,999.0,0,1.0,1.0,0.0,1,8,0.0,6,11,1,1
23864,50.0,3,999,0,1.4,93.444,-36.1,4.97,5228.1,999.0,0,0.0,0.0,0.0,2,8,0.0,6,8,2,1
23865,35.0,2,999,0,-3.4,92.379,-29.8,0.803,5017.5,999.0,0,1.0,1.0,0.0,2,7,0.0,6,9,1,1
23866,36.0,1,999,0,1.1,93.994,-36.4,4.857,5191.0,999.0,0,0.0,1.0,1.0,1,5,0.0,4,5,2,1
23867,31.0,1,999,0,1.4,94.465,-41.8,4.864,5228.1,999.0,0,0.0,0.0,1.0,3,6,0.0,5,6,1,1
23868,48.0,2,999,0,1.1,93.994,-36.4,4.857,5191.0,999.0,0,1.0,1.0,1.0,1,5,0.0,5,5,1,1
23869,31.0,2,999,0,-1.8,93.075,-47.1,1.405,5099.1,999.0,0,1.0,0.0,0.0,1,8,0.0,4,4,2,1
23870,31.0,1,999,0,-0.1,93.2,-42.0,4.12,5195.8,999.0,0,1.0,1.0,0.0,2,4,0.0,4,11,1,1
23871,33.0,3,999,1,-1.8,92.893,-46.2,1.281,5099.1,999.0,2,1.0,1.0,0.0,2,7,0.0,3,5,1,2
23872,31.0,2,999,0,1.4,93.918,-42.7,4.962,5228.1,999.0,0,1.0,1.0,1.0,2,8,0.0,6,7,2,1
23873,31.0,1,999,0,-0.1,93.2,-42.0,4.021,5195.8,999.0,0,0.0,1.0,0.0,3,5,0.0,6,11,1,1
23874,70.0,2,999,0,-1.8,93.075,-47.1,1.41,5099.1,999.0,0,1.0,0.0,0.0,2,8,0.0,8,4,1,1
23875,29.0,14,999,0,1.1,93.994,-36.4,4.864,5191.0,999.0,0,0.0,0.0,1.0,1,4,0.0,4,5,1,1
23876,32.0,2,999,1,-0.1,93.2,-42.0,4.153,5195.8,999.0,2,1.0,0.0,0.0,3,8,0.0,9,11,1,2
23877,31.0,1,999,0,1.1,93.994,-36.4,4.86,5191.0,999.0,0,1.0,1.0,1.0,2,4,0.0,9,5,1,1
23878,54.0,1,999,0,1.4,93.918,-42.7,4.962,5228.1,999.0,0,0.0,1.0,0.0,2,6,0.0,5,7,1,1
23879,28.0,1,999,0,-1.8,92.893,-46.2,1.299,5099.1,999.0,0,1.0,0.0,0.0,1,6,0.0,7,5,2,1
23880,31.0,1,999,0,1.4,93.918,-42.7,4.962,5228.1,999.0,0,1.0,0.0,0.0,1,8,0.0,4,7,2,1
23881,31.0,1,999,0,-0.1,93.2,-42.0,4.076,5195.8,999.0,0,1.0,0.0,0.0,2,8,0.0,5,11,1,1
23882,30.0,1,999,0,-3.0,92.713,-33.0,0.706,5023.5,999.0,0,1.0,0.0,0.0,1,7,0.0,11,12,2,1
23883,31.0,2,999,0,-1.8,93.876,-40.0,0.682,5008.7,999.0,0,1.0,0.0,0.0,2,6,0.0,8,5,1,1
23884,37.0,3,999,0,1.1,93.994,-36.4,4.856,5191.0,999.0,0,1.0,1.0,1.0,2,8,0.0,4,5,1,1
23885,51.0,2,999,0,1.4,93.918,-42.7,4.962,5228.1,999.0,0,0.0,0.0,0.0,2,8,0.0,3,7,1,1
23886,39.0,1,999,0,1.4,93.444,-36.1,4.965,5228.1,999.0,0,1.0,0.0,0.0,2,7,0.0,5,8,2,1
23887,25.0,3,999,0,1.4,93.918,-42.7,4.963,5228.1,999.0,0,0.0,0.0,0.0,1,4,0.0,4,7,1,1
23888,33.0,1,999,1,-0.1,93.2,-42.0,4.12,5195.8,999.0,2,1.0,1.0,0.0,2,5,0.0,9,11,1,2
23889,35.0,1,999,1,-1.8,93.075,-47.1,1.41,5099.1,999.0,2,1.0,0.0,0.0,2,5,0.0,9,4,1,2
23890,39.0,9,999,0,1.4,94.465,-41.8,4.959,5228.1,999.0,0,0.0,0.0,1.0,3,4,0.0,10,6,1,1
23891,31.0,1,999,0,1.4,93.918,-42.7,4.961,5228.1,999.0,0,0.0,0.0,0.0,2,2,0.0,8,7,1,1
23892,33.0,2,999,0,1.1,93.994,-36.4,4.857,5191.0,999.0,0,1.0,0.0,1.0,3,8,0.0,5,5,2,1
23893,50.0,2,999,0,1.4,93.444,-36.1,4.968,5228.1,999.0,0,1.0,0.0,0.0,2,8,0.0,9,8,1,1
23894,59.0,1,999,0,1.4,93.444,-36.1,4.963,5228.1,999.0,0,1.0,0.0,0.0,2,2,0.0,4,8,1,1
23895,46.0,3,999,0,1.1,93.994,-36.4,4.857,5191.0,999.0,0,0.0,1.0,1.0,2,8,0.0,4,5,1,1
23896,38.0,2,999,0,1.4,94.465,-41.8,4.864,5228.1,999.0,0,0.0,0.0,1.0,3,8,0.0,9,6,1,1
23897,37.0,1,999,0,1.4,93.444,-36.1,4.965,5228.1,999.0,0,0.0,0.0,0.0,2,8,0.0,6,8,1,1
23898,54.0,1,999,0,1.4,93.918,-42.7,4.963,5228.1,999.0,0,0.0,1.0,0.0,2,5,0.0,4,7,1,1
23899,39.0,1,3,5,-1.7,94.055,-39.8,0.72,4991.6,0.1,15,1.0,0.0,0.0,2,7,0.0,5,6,2,3
23900,31.0,2,999,0,1.1,93.994,-36.4,4.855,5191.0,999.0,0,0.0,0.0,1.0,2,8,0.0,3,5,1,1
23901,29.0,3,999,0,1.4,94.465,-41.8,4.955,5228.1,999.0,0,1.0,0.0,1.0,1,3,0.0,4,6,1,1
23902,24.0,3,999,0,-1.8,93.075,-47.1,1.405,5099.1,999.0,0,1.0,0.0,0.0,1,7,0.0,6,4,2,1
23903,31.0,12,999,0,1.1,93.994,-36.4,4.857,5191.0,999.0,0,0.0,0.0,1.0,2,2,0.0,2,5,1,1
23904,31.0,2,999,0,1.1,93.994,-36.4,4.858,5191.0,999.0,0,0.0,0.0,1.0,1,5,0.0,6,5,1,1
23905,43.0,1,999,0,-1.8,92.893,-46.2,1.281,5099.1,999.0,0,1.0,0.0,0.0,2,5,0.0,6,5,1,1
23906,59.0,1,999,0,1.1,93.994,-36.4,4.857,5191.0,999.0,0,1.0,0.0,1.0,2,8,0.0,5,5,1,1
23907,33.0,1,999,1,-3.4,92.431,-26.9,0.739,5017.5,999.0,1,1.0,1.0,1.0,1,6,0.0,1,10,1,2
23908,47.0,1,999,0,1.1,93.994,-36.4,4.857,5191.0,999.0,0,0.0,0.0,1.0,2,8,0.0,6,5,1,1
23909,42.0,2,999,0,1.4,93.444,-36.1,4.967,5228.1,999.0,0,1.0,0.0,0.0,2,6,0.0,5,8,1,1
23910,37.0,1,999,0,1.1,93.994,-36.4,4.857,5191.0,999.0,0,0.0,0.0,1.0,2,7,0.0,6,5,2,1
23911,43.0,1,999,0,-1.7,94.215,-40.3,0.884,4991.6,999.0,0,1.0,0.0,0.0,2,6,0.0,5,7,1,1
23912,34.0,1,999,0,1.4,93.444,-36.1,4.968,5228.1,999.0,0,1.0,0.0,0.0,2,7,0.0,6,8,1,1
23913,51.0,2,999,0,-1.8,92.893,-46.2,1.291,5099.1,999.0,0,1.0,0.0,1.0,2,3,0.0,4,5,1,1
23914,47.0,1,999,0,1.1,93.994,-36.4,4.856,5191.0,999.0,0,1.0,0.0,1.0,2,8,0.0,8,5,1,1
23915,28.0,2,999,0,1.4,93.918,-42.7,4.962,5228.1,999.0,0,0.0,1.0,0.0,2,2,0.0,4,7,1,1
23916,31.0,1,999,0,1.1,93.994,-36.4,4.857,5191.0,999.0,0,0.0,0.0,1.0,2,8,0.0,5,5,1,1
23917,31.0,2,999,0,-0.1,93.2,-42.0,4.191,5195.8,999.0,0,1.0,0.0,0.0,2,7,0.0,6,11,2,1
23918,31.0,1,999,0,1.4,93.918,-42.7,4.962,5228.1,999.0,0,0.0,0.0,1.0,1,4,0.0,4,7,1,1
23919,40.0,4,999,0,-1.8,92.893,-46.2,1.299,5099.1,999.0,0,1.0,0.0,0.0,1,5,0.0,10,5,2,1
23920,39.0,3,999,0,-1.8,92.893,-46.2,1.291,5099.1,999.0,0,0.0,0.0,0.0,2,7,0.0,6,5,1,1
23921,52.0,3,999,1,-0.1,93.2,-42.0,4.021,5195.8,999.0,6,1.0,0.0,0.0,2,4,0.0,9,11,1,2
23922,41.0,1,999,0,-0.1,93.2,-42.0,4.021,5195.8,999.0,0,1.0,0.0,1.0,2,5,0.0,2,11,1,1
23923,41.0,9,999,0,1.4,93.918,-42.7,4.957,5228.1,999.0,0,1.0,0.0,0.0,1,8,0.0,6,7,1,1
23924,31.0,1,999,0,-1.8,92.893,-46.2,1.259,5099.1,999.0,0,0.0,1.0,0.0,1,6,0.0,5,5,1,1
23925,47.0,2,999,0,-1.8,93.075,-47.1,1.365,5099.1,999.0,0,0.0,0.0,0.0,2,5,0.0,4,4,1,1
23926,31.0,4,999,0,1.4,93.444,-36.1,4.965,5228.1,999.0,0,0.0,0.0,0.0,1,8,0.0,6,8,1,1
23927,29.0,1,999,0,1.4,93.444,-36.1,4.963,5228.1,999.0,0,1.0,0.0,0.0,1,7,0.0,5,8,1,1
23928,31.0,3,999,0,-2.9,92.201,-31.4,0.869,5076.2,999.0,0,0.0,0.0,0.0,2,7,0.0,6,8,1,1
23929,31.0,7,999,0,1.1,93.994,-36.4,4.855,5191.0,999.0,0,1.0,0.0,1.0,2,4,0.0,1,5,1,1
23930,43.0,3,999,0,-1.8,92.893,-46.2,1.291,5099.1,999.0,0,1.0,0.0,0.0,2,8,0.0,4,5,1,1
23931,48.0,1,999,0,-2.9,92.963,-40.8,1.26,5076.2,999.0,0,1.0,0.0,0.0,2,8,0.0,6,6,1,1
23932,28.0,5,999,0,-1.7,94.215,-40.3,0.876,4991.6,999.0,0,1.0,0.0,0.0,1,8,0.0,5,7,1,1
23933,41.0,2,999,0,1.1,93.994,-36.4,4.857,5191.0,999.0,0,1.0,0.0,1.0,2,5,0.0,9,5,2,1
23934,31.0,5,999,0,1.4,94.465,-41.8,4.959,5228.1,999.0,0,0.0,1.0,1.0,1,5,0.0,9,6,1,1
23935,31.0,2,999,1,-0.1,93.2,-42.0,4.021,5195.8,999.0,2,0.0,0.0,0.0,2,7,0.0,6,11,1,2
23936,31.0,6,999,0,1.4,93.918,-42.7,4.963,5228.1,999.0,0,0.0,0.0,0.0,2,5,0.0,6,7,1,1
23937,40.0,5,999,0,1.4,94.465,-41.8,4.967,5228.1,999.0,0,1.0,0.0,1.0,2,7,0.0,6,6,1,1
23938,33.0,1,999,0,-1.8,92.843,-50.0,1.602,5099.1,999.0,0,1.0,0.0,0.0,1,5,0.0,4,3,1,1
23939,35.0,1,999,0,-1.8,93.075,-47.1,1.466,5099.1,999.0,0,1.0,0.0,0.0,2,6,0.0,5,4,2,1
23940,37.0,2,999,1,-0.1,93.2,-42.0,4.153,5195.8,999.0,4,1.0,0.0,0.0,1,8,0.0,3,11,1,2
23941,57.0,2,999,0,1.4,93.918,-42.7,4.96,5228.1,999.0,0,1.0,0.0,0.0,2,7,0.0,6,7,2,1
23942,47.0,1,3,1,-3.4,92.379,-29.8,0.77,5017.5,0.1,2,1.0,0.0,0.0,3,8,0.0,6,9,1,3
23943,33.0,1,999,1,-1.8,93.075,-47.1,1.435,5099.1,999.0,4,1.0,0.0,0.0,2,5,0.0,9,4,1,2
23944,37.0,1,999,0,-1.8,93.075,-47.1,1.405,5099.1,999.0,0,0.0,0.0,0.0,2,7,0.0,3,4,2,1
23945,31.0,4,999,0,1.4,93.918,-42.7,4.96,5228.1,999.0,0,0.0,0.0,0.0,2,8,0.0,5,7,2,1
23946,34.0,1,999,0,1.1,93.994,-36.4,4.859,5191.0,999.0,0,1.0,0.0,1.0,2,7,0.0,6,5,1,1
23947,31.0,1,999,0,1.4,93.918,-42.7,4.957,5228.1,999.0,0,1.0,0.0,0.0,1,4,0.0,3,7,1,1
23948,31.0,1,999,0,-0.1,93.2,-42.0,4.12,5195.8,999.0,0,1.0,0.0,1.0,1,3,0.0,4,11,1,1
23949,46.0,3,999,0,1.1,93.994,-36.4,4.859,5191.0,999.0,0,0.0,0.0,1.0,3,5,0.0,9,5,1,1
23950,43.0,2,999,0,-0.1,93.2,-42.0,4.076,5195.8,999.0,0,1.0,0.0,0.0,2,8,0.0,6,11,1,1
23951,41.0,1,999,1,-1.8,93.075,-47.1,1.405,5099.1,999.0,0,0.0,1.0,0.0,2,4,0.0,4,4,1,2
23952,32.0,1,999,1,-1.8,93.075,-47.1,1.405,5099.1,999.0,1,1.0,1.0,0.0,1,8,0.0,5,4,2,2
23953,36.0,1,999,0,1.4,93.444,-36.1,4.963,5228.1,999.0,0,1.0,0.0,0.0,1,8,0.0,6,8,1,1
23954,27.0,1,999,1,-1.1,94.601,-49.5,1.043,4963.6,999.0,3,1.0,0.0,0.0,1,7,0.0,5,10,1,2
23955,43.0,4,999,0,1.4,93.444,-36.1,4.965,5228.1,999.0,0,0.0,0.0,0.0,2,6,0.0,5,8,2,1
23956,41.0,4,999,0,-1.8,93.075,-47.1,1.423,5099.1,999.0,0,0.0,0.0,0.0,3,7,0.0,6,4,1,1
23957,37.0,1,999,1,-3.4,92.431,-26.9,0.742,5017.5,999.0,1,1.0,0.0,0.0,2,7,0.0,5,10,1,2
23958,33.0,1,999,0,1.1,93.994,-36.4,4.858,5191.0,999.0,0,1.0,0.0,1.0,2,8,0.0,3,5,1,1
23959,41.0,4,999,0,1.4,93.444,-36.1,4.965,5228.1,999.0,0,1.0,0.0,0.0,2,7,0.0,5,8,2,1
23960,48.0,2,999,1,-1.8,92.893,-46.2,1.299,5099.1,999.0,3,0.0,0.0,0.0,3,8,0.0,6,5,2,2
23961,31.0,13,999,0,1.4,93.444,-36.1,4.965,5228.1,999.0,0,0.0,0.0,0.0,2,5,0.0,9,8,1,1
23962,40.0,3,999,0,1.1,93.994,-36.4,4.856,5191.0,999.0,0,0.0,0.0,1.0,2,4,0.0,7,5,1,1
23963,34.0,1,999,1,-1.8,92.893,-46.2,1.334,5099.1,999.0,2,1.0,0.0,0.0,1,8,0.0,6,5,1,2
23964,30.0,10,999,0,1.4,94.465,-41.8,4.864,5228.1,999.0,0,0.0,0.0,1.0,2,8,0.0,10,6,1,1
23965,31.0,1,999,0,1.4,93.918,-42.7,4.96,5228.1,999.0,0,1.0,0.0,0.0,2,4,0.0,4,7,2,1
23966,49.0,1,999,1,-1.8,92.893,-46.2,1.344,5099.1,999.0,2,0.0,0.0,0.0,2,8,0.0,4,5,1,2
23967,29.0,1,999,0,1.4,93.444,-36.1,4.964,5228.1,999.0,0,1.0,0.0,0.0,1,7,0.0,6,8,1,1
23968,56.0,1,999,0,-0.1,93.2,-42.0,4.153,5195.8,999.0,0,0.0,0.0,0.0,3,5,0.0,1,11,1,1
23969,56.0,4,999,0,1.4,94.465,-41.8,4.865,5228.1,999.0,0,0.0,0.0,1.0,3,7,0.0,3,6,2,1
23970,36.0,1,999,0,-0.1,93.2,-42.0,4.12,5195.8,999.0,0,1.0,0.0,0.0,2,8,0.0,3,11,1,1
23971,32.0,1,999,1,-1.8,92.893,-46.2,1.266,5099.1,999.0,2,1.0,1.0,0.0,2,5,0.0,3,5,1,2
23972,52.0,1,999,0,1.4,93.918,-42.7,4.962,5228.1,999.0,0,0.0,0.0,0.0,2,5,0.0,6,7,1,1
23973,31.0,7,999,0,1.4,93.444,-36.1,4.965,5228.1,999.0,0,0.0,0.0,0.0,3,7,0.0,3,8,2,1
23974,52.0,2,999,0,-2.9,92.963,-40.8,1.262,5076.2,999.0,0,1.0,0.0,1.0,2,8,0.0,12,6,1,1
23975,39.0,1,999,0,1.4,94.465,-41.8,4.967,5228.1,999.0,0,1.0,1.0,1.0,2,7,0.0,3,6,1,1
23976,34.0,1,999,0,-0.1,93.2,-42.0,4.153,5195.8,999.0,0,1.0,0.0,0.0,2,8,0.0,4,11,1,1
23977,33.0,1,999,0,1.4,93.444,-36.1,4.965,5228.1,999.0,0,0.0,0.0,0.0,1,8,0.0,5,8,1,1
23978,34.0,3,999,0,-1.8,92.893,-46.2,1.259,5099.1,999.0,0,1.0,1.0,0.0,1,7,0.0,6,5,1,1
23979,48.0,1,999,0,1.4,93.444,-36.1,4.968,5228.1,999.0,0,0.0,0.0,0.0,2,4,0.0,4,8,1,1
23980,31.0,1,999,0,1.1,93.994,-36.4,4.855,5191.0,999.0,0,1.0,1.0,1.0,1,5,0.0,9,5,1,1
23981,32.0,6,999,0,1.4,93.918,-42.7,4.968,5228.1,999.0,0,1.0,1.0,1.0,2,7,0.0,5,7,1,1
23982,47.0,2,999,0,1.1,93.994,-36.4,4.857,5191.0,999.0,0,1.0,0.0,1.0,2,8,0.0,9,5,1,1
23983,28.0,2,999,0,-1.8,93.075,-47.1,1.405,5099.1,999.0,0,0.0,0.0,1.0,1,8,0.0,6,4,1,1
23984,25.0,18,999,0,1.4,94.465,-41.8,4.961,5228.1,999.0,0,0.0,0.0,1.0,2,5,0.0,6,6,1,1
23985,45.0,1,999,1,-1.8,92.893,-46.2,1.259,5099.1,999.0,1,0.0,0.0,0.0,2,8,0.0,6,5,1,2
23986,31.0,2,999,0,-0.1,93.2,-42.0,4.021,5195.8,999.0,0,1.0,0.0,0.0,2,5,0.0,9,11,1,1
23987,31.0,2,999,0,-1.8,92.893,-46.2,1.266,5099.1,999.0,0,1.0,0.0,0.0,1,5,0.0,6,5,1,1
23988,42.0,1,999,0,1.4,94.465,-41.8,4.864,5228.1,999.0,0,0.0,0.0,1.0,2,8,0.0,9,6,1,1
23989,49.0,1,999,0,1.1,93.994,-36.4,4.857,5191.0,999.0,0,1.0,0.0,1.0,2,2,0.0,4,5,1,1
23990,25.0,1,999,0,1.1,93.994,-36.4,4.858,5191.0,999.0,0,1.0,0.0,1.0,2,4,0.0,4,5,1,1
23991,36.0,2,999,4,-1.8,93.369,-34.8,0.635,5008.7,999.0,12,1.0,0.0,0.0,1,8,0.0,6,3,2,2
23992,60.0,8,999,0,1.4,93.444,-36.1,4.964,5228.1,999.0,0,0.0,0.0,0.0,2,8,0.0,2,8,1,1
23993,31.0,5,999,0,1.4,94.465,-41.8,4.961,5228.1,999.0,0,0.0,0.0,1.0,2,7,0.0,2,6,2,1
23994,35.0,1,999,0,1.4,93.918,-42.7,4.968,5228.1,999.0,0,0.0,0.0,0.0,2,5,0.0,6,7,1,1
23995,53.0,2,999,0,-0.1,93.2,-42.0,4.12,5195.8,999.0,0,1.0,0.0,0.0,2,4,0.0,10,11,1,1
23996,53.0,2,999,0,1.1,93.994,-36.4,4.856,5191.0,999.0,0,0.0,0.0,1.0,2,2,0.0,4,5,1,1
23997,47.0,3,999,0,1.1,93.994,-36.4,4.864,5191.0,999.0,0,0.0,0.0,1.0,2,7,0.0,6,5,1,1
23998,55.0,2,999,0,1.4,94.465,-41.8,4.967,5228.1,999.0,0,1.0,1.0,1.0,2,8,0.0,10,6,1,1
23999,31.0,1,999,0,1.4,93.918,-42.7,4.963,5228.1,999.0,0,0.0,0.0,0.0,1,8,0.0,9,7,1,1
24000,29.0,2,999,0,1.4,93.444,-36.1,4.965,5228.1,999.0,0,1.0,0.0,0.0,1,7,0.0,4,8,1,1
24001,31.0,1,999,0,1.4,93.444,-36.1,4.97,5228.1,999.0,0,1.0,1.0,0.0,2,6,0.0,5,8,2,1
24002,50.0,1,999,0,-1.8,93.075,-47.1,1.405,5099.1,999.0,0,1.0,0.0,0.0,2,5,0.0,7,4,2,1
24003,30.0,6,999,0,-3.4,92.379,-29.8,0.797,5017.5,999.0,0,0.0,0.0,0.0,1,7,0.0,6,9,2,1
24004,36.0,2,999,0,1.1,93.994,-36.4,4.857,5191.0,999.0,0,1.0,1.0,1.0,2,7,0.0,6,5,1,1
24005,31.0,1,999,0,1.1,93.994,-36.4,4.857,5191.0,999.0,0,1.0,0.0,1.0,2,4,0.0,4,5,1,1
24006,31.0,2,999,0,-0.1,93.2,-42.0,4.191,5195.8,999.0,0,1.0,1.0,0.0,2,7,0.0,3,11,2,1
24007,33.0,1,999,0,-3.4,92.379,-29.8,0.819,5017.5,999.0,0,1.0,0.0,0.0,2,5,0.0,6,9,1,1
24008,44.0,2,999,0,-1.8,93.075,-47.1,1.405,5099.1,999.0,0,1.0,0.0,0.0,2,7,0.0,7,4,1,1
24009,45.0,1,999,0,1.1,93.994,-36.4,4.856,5191.0,999.0,0,0.0,0.0,1.0,2,4,0.0,4,5,1,1
24010,25.0,8,999,0,1.1,93.994,-36.4,4.86,5191.0,999.0,0,1.0,0.0,1.0,1,7,0.0,5,5,1,1
24011,31.0,2,999,0,-1.8,92.893,-46.2,1.291,5099.1,999.0,0,1.0,0.0,0.0,1,5,0.0,5,5,1,1
24012,32.0,3,999,0,1.4,94.465,-41.8,4.96,5228.1,999.0,0,0.0,0.0,1.0,2,5,0.0,9,6,2,1
24013,26.0,1,999,0,-2.9,92.469,-33.6,1.044,5076.2,999.0,0,1.0,0.0,0.0,1,8,0.0,10,7,1,1
24014,49.0,1,999,0,1.1,93.994,-36.4,4.855,5191.0,999.0,0,0.0,0.0,1.0,2,6,0.0,5,5,1,1
24015,26.0,1,7,1,-3.4,92.379,-29.8,0.809,5017.5,0.233333333333,1,1.0,0.0,1.0,1,7,0.0,6,9,1,3
24016,50.0,3,999,0,-1.8,92.893,-46.2,1.27,5099.1,999.0,0,1.0,1.0,0.0,3,7,0.0,6,5,1,1
24017,32.0,1,999,1,-1.8,92.893,-46.2,1.313,5099.1,999.0,1,0.0,0.0,0.0,2,8,0.0,4,5,1,2
24018,25.0,8,10,1,-1.8,92.893,-46.2,1.244,5099.1,0.333333333333,1,0.0,0.0,0.0,2,8,0.0,10,5,2,3
24019,29.0,5,999,0,1.4,93.444,-36.1,4.964,5228.1,999.0,0,1.0,1.0,0.0,1,7,0.0,6,8,1,1
24020,46.0,2,999,0,-1.8,92.893,-46.2,1.327,5099.1,999.0,0,1.0,0.0,0.0,2,7,0.0,3,5,1,1
24021,53.0,1,999,0,1.4,93.918,-42.7,4.962,5228.1,999.0,0,0.0,0.0,0.0,2,6,0.0,5,7,1,1
24022,30.0,1,999,0,1.1,93.994,-36.4,4.856,5191.0,999.0,0,0.0,0.0,1.0,1,5,0.0,9,5,1,1
24023,39.0,3,999,0,1.4,93.918,-42.7,4.963,5228.1,999.0,0,0.0,0.0,0.0,2,3,0.0,4,7,1,1
24024,37.0,2,12,2,-1.1,94.601,-49.5,1.029,4963.6,0.4,4,1.0,1.0,0.0,2,5,0.0,9,10,1,2
24025,56.0,1,999,0,1.1,93.994,-36.4,4.857,5191.0,999.0,0,0.0,0.0,1.0,3,2,0.0,2,5,2,1
24026,37.0,1,999,0,-1.8,92.893,-46.2,1.313,5099.1,999.0,0,1.0,0.0,0.0,2,8,0.0,4,5,1,1
24027,31.0,1,999,0,-0.1,93.2,-42.0,4.153,5195.8,999.0,0,1.0,1.0,0.0,2,7,0.0,6,11,1,1
24028,49.0,4,999,0,1.4,93.918,-42.7,4.957,5228.1,999.0,0,0.0,0.0,1.0,3,8,0.0,9,7,1,1
24029,34.0,1,999,0,1.1,93.994,-36.4,4.857,5191.0,999.0,0,0.0,0.0,1.0,1,8,0.0,7,5,1,1
24030,34.0,1,999,0,1.4,94.465,-41.8,4.866,5228.1,999.0,0,1.0,0.0,1.0,2,8,0.0,9,6,1,1
24031,40.0,1,999,0,1.4,93.444,-36.1,4.964,5228.1,999.0,0,0.0,0.0,0.0,1,6,0.0,5,8,1,1
24032,38.0,1,999,0,1.4,94.465,-41.8,4.962,5228.1,999.0,0,0.0,0.0,1.0,2,3,0.0,4,6,1,1
24033,41.0,1,999,0,1.4,94.465,-41.8,4.962,5228.1,999.0,0,1.0,0.0,1.0,1,6,0.0,5,6,1,1
24034,43.0,1,999,0,1.4,93.918,-42.7,4.968,5228.1,999.0,0,1.0,0.0,0.0,2,8,0.0,6,7,1,1
24035,49.0,6,999,0,-1.8,92.893,-46.2,1.299,5099.1,999.0,0,1.0,1.0,0.0,1,5,0.0,4,5,2,1
24036,35.0,1,999,0,1.4,93.444,-36.1,4.97,5228.1,999.0,0,0.0,1.0,0.0,1,8,0.0,5,8,2,1
24037,51.0,2,999,0,1.4,93.444,-36.1,4.966,5228.1,999.0,0,1.0,0.0,0.0,2,2,0.0,2,8,1,1
24038,31.0,1,999,1,-1.8,92.893,-46.2,1.25,5099.1,999.0,2,0.0,0.0,0.0,1,4,0.0,5,5,1,2
24039,43.0,1,999,0,-1.8,93.075,-47.1,1.405,5099.1,999.0,0,1.0,0.0,0.0,2,2,0.0,4,4,2,1
24040,43.0,5,999,1,-1.8,92.893,-46.2,1.25,5099.1,999.0,1,1.0,1.0,0.0,3,4,0.0,4,5,1,2
24041,31.0,3,999,0,-1.8,92.893,-46.2,1.291,5099.1,999.0,0,1.0,1.0,0.0,2,4,0.0,4,5,1,1
24042,54.0,1,999,0,-1.8,92.893,-46.2,1.27,5099.1,999.0,0,1.0,1.0,0.0,3,7,0.0,6,5,1,1
24043,31.0,6,999,0,1.1,93.994,-36.4,4.856,5191.0,999.0,0,1.0,0.0,1.0,2,8,0.0,5,5,1,1
24044,24.0,2,999,0,1.4,93.918,-42.7,4.96,5228.1,999.0,0,1.0,0.0,0.0,1,8,0.0,4,7,2,1
24045,29.0,2,999,0,1.4,93.444,-36.1,4.963,5228.1,999.0,0,0.0,0.0,0.0,1,7,0.0,6,8,1,1
24046,37.0,3,999,0,1.4,93.444,-36.1,4.964,5228.1,999.0,0,1.0,1.0,0.0,2,7,0.0,6,8,1,1
24047,44.0,2,999,0,-0.1,93.2,-42.0,4.191,5195.8,999.0,0,1.0,0.0,0.0,3,5,0.0,9,11,2,1
24048,34.0,1,999,0,1.1,93.994,-36.4,4.858,5191.0,999.0,0,0.0,0.0,1.0,2,5,0.0,9,5,1,1
24049,33.0,2,999,0,1.1,93.994,-36.4,4.856,5191.0,999.0,0,0.0,0.0,1.0,3,4,0.0,4,5,1,1
24050,54.0,2,999,0,1.1,93.994,-36.4,4.859,5191.0,999.0,0,0.0,0.0,1.0,3,2,0.0,2,5,1,1
24051,30.0,6,999,0,1.1,93.994,-36.4,4.86,5191.0,999.0,0,1.0,0.0,1.0,2,5,0.0,5,5,1,1
24052,40.0,3,999,0,1.4,93.918,-42.7,4.962,5228.1,999.0,0,1.0,1.0,0.0,3,8,0.0,6,7,1,1
24053,46.0,1,999,0,1.4,94.465,-41.8,4.866,5228.1,999.0,0,0.0,0.0,1.0,2,7,0.0,6,6,1,1
24054,31.0,2,999,0,1.4,93.444,-36.1,4.964,5228.1,999.0,0,1.0,0.0,0.0,2,8,0.0,9,8,1,1
24055,31.0,1,999,1,-1.8,92.893,-46.2,1.281,5099.1,999.0,2,0.0,0.0,0.0,1,8,0.0,4,5,1,2
24056,32.0,1,999,0,1.1,93.994,-36.4,4.856,5191.0,999.0,0,0.0,0.0,1.0,3,5,0.0,6,5,1,1
24057,37.0,3,999,0,1.1,93.994,-36.4,4.864,5191.0,999.0,0,0.0,0.0,1.0,2,8,0.0,4,5,1,1
24058,33.0,1,999,0,1.4,93.444,-36.1,4.968,5228.1,999.0,0,1.0,0.0,0.0,2,7,0.0,6,8,1,1
24059,29.0,4,999,0,-1.8,92.893,-46.2,1.266,5099.1,999.0,0,0.0,0.0,0.0,2,8,0.0,4,5,1,1
24060,54.0,2,999,1,-1.8,92.893,-46.2,1.299,5099.1,999.0,1,0.0,0.0,0.0,2,5,0.0,3,5,2,2
24061,31.0,1,999,0,1.4,93.444,-36.1,4.965,5228.1,999.0,0,0.0,0.0,0.0,1,7,0.0,6,8,2,1
24062,31.0,1,999,0,1.4,93.444,-36.1,4.964,5228.1,999.0,0,1.0,0.0,0.0,2,7,0.0,6,8,1,1
24063,31.0,2,999,0,1.4,93.444,-36.1,4.964,5228.1,999.0,0,0.0,0.0,0.0,3,6,0.0,5,8,1,1
24064,31.0,1,999,0,1.4,94.465,-41.8,4.959,5228.1,999.0,0,1.0,0.0,1.0,2,3,0.0,4,6,1,1
24065,38.0,2,999,0,1.1,93.994,-36.4,4.857,5191.0,999.0,0,1.0,1.0,1.0,2,7,0.0,6,5,1,1
24066,55.0,1,999,0,-0.1,93.2,-42.0,4.021,5195.8,999.0,0,0.0,0.0,1.0,2,2,0.0,2,11,1,1
24067,58.0,1,999,0,-2.9,92.963,-40.8,1.266,5076.2,999.0,0,1.0,0.0,0.0,2,7,0.0,6,6,2,1
24068,34.0,2,999,0,1.1,93.994,-36.4,4.857,5191.0,999.0,0,0.0,0.0,1.0,2,8,0.0,3,5,2,1
24069,31.0,2,999,0,-1.8,92.893,-46.2,1.327,5099.1,999.0,0,0.0,1.0,0.0,2,5,0.0,6,5,1,1
24070,36.0,2,999,0,1.4,94.465,-41.8,4.961,5228.1,999.0,0,1.0,0.0,1.0,2,4,0.0,4,6,1,1
24071,50.0,1,999,0,-0.1,93.2,-42.0,4.076,5195.8,999.0,0,0.0,0.0,0.0,3,8,0.0,6,11,1,1
24072,56.0,1,999,0,1.4,94.465,-41.8,4.865,5228.1,999.0,0,0.0,0.0,1.0,3,8,0.0,8,6,2,1
24073,35.0,1,3,1,-2.9,92.201,-31.4,0.851,5076.2,0.1,3,0.0,0.0,0.0,3,8,0.0,4,8,1,3
24074,41.0,5,999,0,1.4,93.918,-42.7,4.961,5228.1,999.0,0,1.0,0.0,0.0,3,7,0.0,7,7,1,1
24075,50.0,16,999,0,1.1,93.994,-36.4,4.86,5191.0,999.0,0,0.0,0.0,1.0,2,2,0.0,4,5,1,1
24076,56.0,5,999,0,1.4,94.465,-41.8,4.961,5228.1,999.0,0,1.0,0.0,1.0,3,2,0.0,2,6,1,1
24077,58.0,2,999,0,-0.1,93.2,-42.0,4.021,5195.8,999.0,0,0.0,0.0,1.0,2,7,0.0,6,11,1,1
24078,39.0,1,999,0,-1.8,92.893,-46.2,1.244,5099.1,999.0,0,0.0,0.0,0.0,3,7,0.0,1,5,2,1
24079,52.0,3,999,0,-0.1,93.2,-42.0,4.12,5195.8,999.0,0,1.0,0.0,0.0,2,7,0.0,3,11,1,1
24080,42.0,1,999,0,1.4,93.444,-36.1,4.963,5228.1,999.0,0,1.0,0.0,0.0,3,7,0.0,6,8,1,1
24081,25.0,2,6,3,-1.1,94.601,-49.5,1.032,4963.6,0.2,3,1.0,0.0,0.0,1,5,0.0,11,10,1,3
24082,58.0,1,999,0,-1.8,92.893,-46.2,1.244,5099.1,999.0,0,0.0,0.0,0.0,2,7,0.0,6,5,2,1
24083,42.0,1,999,0,1.4,93.918,-42.7,4.968,5228.1,999.0,0,0.0,0.0,1.0,2,4,0.0,3,7,1,1
24084,50.0,2,999,0,1.4,93.444,-36.1,4.964,5228.1,999.0,0,0.0,0.0,0.0,2,2,0.0,4,8,1,1
24085,31.0,2,999,0,-2.9,92.201,-31.4,0.821,5076.2,999.0,0,1.0,1.0,0.0,2,7,0.0,3,8,2,1
24086,38.0,2,999,0,1.4,93.918,-42.7,4.963,5228.1,999.0,0,1.0,0.0,0.0,1,8,0.0,5,7,1,1
24087,31.0,1,999,0,1.1,93.994,-36.4,4.857,5191.0,999.0,0,0.0,1.0,1.0,2,8,0.0,4,5,2,1
24088,31.0,5,999,0,1.1,93.994,-36.4,4.858,5191.0,999.0,0,0.0,0.0,1.0,2,8,0.0,6,5,1,1
24089,33.0,7,999,0,1.4,93.444,-36.1,4.964,5228.1,999.0,0,0.0,0.0,0.0,2,2,0.0,1,8,1,1
24090,36.0,5,999,0,1.4,93.444,-36.1,4.964,5228.1,999.0,0,0.0,0.0,0.0,1,8,0.0,5,8,1,1
24091,51.0,2,999,0,1.4,93.918,-42.7,4.968,5228.1,999.0,0,1.0,0.0,0.0,2,8,0.0,3,7,1,1
24092,48.0,1,999,0,-0.1,93.798,-40.4,4.936,5195.8,999.0,0,0.0,0.0,1.0,2,7,0.0,6,10,1,1
24093,31.0,3,999,0,1.4,93.918,-42.7,4.958,5228.1,999.0,0,1.0,0.0,0.0,3,3,0.0,4,7,1,1
24094,47.0,1,999,0,1.1,93.994,-36.4,4.856,5191.0,999.0,0,0.0,0.0,1.0,2,5,0.0,9,5,1,1
24095,31.0,1,2,5,-1.1,94.767,-50.8,1.048,4963.6,0.0666666666667,5,1.0,0.0,0.0,1,7,0.0,6,11,1,3
24096,39.0,4,999,0,1.4,93.918,-42.7,4.962,5228.1,999.0,0,0.0,0.0,0.0,2,8,0.0,6,7,1,1
24097,42.0,3,999,0,1.1,93.994,-36.4,4.857,5191.0,999.0,0,1.0,1.0,1.0,1,7,0.0,6,5,1,1
24098,49.0,1,999,0,1.1,93.994,-36.4,4.856,5191.0,999.0,0,1.0,0.0,1.0,2,5,0.0,9,5,1,1
24099,45.0,1,999,0,1.1,93.994,-36.4,4.857,5191.0,999.0,0,1.0,0.0,1.0,2,7,0.0,5,5,1,1
24100,35.0,1,999,0,1.4,94.465,-41.8,4.961,5228.1,999.0,0,0.0,0.0,1.0,2,6,0.0,5,6,1,1
24101,58.0,2,999,0,-2.9,92.201,-31.4,0.881,5076.2,999.0,0,0.0,0.0,1.0,2,7,0.0,6,8,1,1
24102,25.0,1,999,0,1.4,93.918,-42.7,4.958,5228.1,999.0,0,0.0,0.0,0.0,1,8,0.0,4,7,1,1
24103,35.0,2,999,0,1.4,94.465,-41.8,4.959,5228.1,999.0,0,0.0,0.0,1.0,1,3,0.0,4,6,1,1
24104,54.0,2,999,0,1.4,93.444,-36.1,4.963,5228.1,999.0,0,0.0,0.0,0.0,3,7,0.0,6,8,2,1
24105,46.0,1,999,0,1.4,93.444,-36.1,4.964,5228.1,999.0,0,1.0,0.0,0.0,2,3,0.0,4,8,1,1
24106,45.0,1,999,0,-1.8,92.893,-46.2,1.344,5099.1,999.0,0,0.0,0.0,0.0,2,3,0.0,4,5,1,1
24107,31.0,7,999,0,-0.1,93.2,-42.0,4.021,5195.8,999.0,0,0.0,0.0,0.0,2,5,0.0,6,11,1,1
24108,31.0,1,999,0,1.1,93.994,-36.4,4.856,5191.0,999.0,0,1.0,0.0,1.0,2,3,0.0,4,5,1,1
24109,56.0,5,999,1,-2.9,92.201,-31.4,0.884,5076.2,999.0,3,1.0,0.0,0.0,2,8,0.0,7,8,1,2
24110,31.0,1,999,0,-1.8,92.893,-46.2,1.299,5099.1,999.0,0,1.0,0.0,0.0,2,7,0.0,6,5,1,1
24111,38.0,2,999,0,1.4,93.444,-36.1,4.965,5228.1,999.0,0,0.0,0.0,0.0,2,7,0.0,6,8,1,1
24112,49.0,1,999,0,1.1,93.994,-36.4,4.857,5191.0,999.0,0,0.0,0.0,1.0,2,2,0.0,4,5,1,1
24113,55.0,1,999,0,1.4,93.918,-42.7,4.963,5228.1,999.0,0,1.0,0.0,0.0,2,2,0.0,8,7,1,1
24114,31.0,3,999,0,1.4,93.918,-42.7,4.962,5228.1,999.0,0,0.0,0.0,1.0,1,7,0.0,5,7,2,1
24115,37.0,1,999,0,-1.8,92.893,-46.2,1.313,5099.1,999.0,0,1.0,0.0,0.0,1,6,0.0,9,5,1,1
24116,57.0,1,999,0,-1.8,93.075,-47.1,1.405,5099.1,999.0,0,1.0,0.0,0.0,3,8,0.0,6,4,1,1
24117,40.0,1,999,0,1.1,93.994,-36.4,4.855,5191.0,999.0,0,0.0,1.0,1.0,1,5,0.0,6,5,1,1
24118,47.0,4,999,0,1.4,94.465,-41.8,4.865,5228.1,999.0,0,1.0,0.0,1.0,2,8,0.0,4,6,1,1
24119,49.0,20,999,0,1.4,94.465,-41.8,4.959,5228.1,999.0,0,1.0,0.0,1.0,3,5,0.0,6,6,1,1
24120,47.0,2,999,1,-1.8,93.075,-47.1,1.405,5099.1,999.0,3,0.0,0.0,0.0,2,5,0.0,5,4,1,2
24121,44.0,7,999,0,1.1,93.994,-36.4,4.858,5191.0,999.0,0,1.0,1.0,1.0,2,3,0.0,4,5,2,1
24122,36.0,2,999,0,-1.8,92.893,-46.2,1.354,5099.1,999.0,0,0.0,0.0,0.0,2,8,0.0,7,5,2,1
24123,53.0,3,999,0,1.4,94.465,-41.8,4.959,5228.1,999.0,0,0.0,0.0,1.0,2,8,0.0,12,6,1,1
24124,31.0,3,999,0,-2.9,92.963,-40.8,1.268,5076.2,999.0,0,1.0,0.0,0.0,2,8,0.0,5,6,1,1
24125,28.0,9,999,0,1.4,93.918,-42.7,4.968,5228.1,999.0,0,1.0,0.0,0.0,2,8,0.0,4,7,1,1
24126,28.0,3,999,0,-1.8,92.893,-46.2,1.281,5099.1,999.0,0,0.0,0.0,0.0,1,3,0.0,4,5,1,1
24127,31.0,3,999,1,-2.9,92.201,-31.4,0.883,5076.2,999.0,1,1.0,0.0,0.0,2,7,0.0,6,8,1,2
24128,31.0,4,999,0,-3.4,92.649,-30.1,0.714,5017.5,999.0,0,0.0,0.0,1.0,2,7,0.0,6,11,1,1
24129,71.0,1,999,2,-1.1,94.199,-37.5,0.886,4963.6,999.0,10,1.0,0.0,1.0,2,5,0.0,8,9,1,2
24130,30.0,3,999,0,1.4,93.918,-42.7,4.962,5228.1,999.0,0,1.0,0.0,0.0,2,5,0.0,9,7,1,1
24131,51.0,1,999,0,-0.1,93.2,-42.0,4.191,5195.8,999.0,0,1.0,0.0,0.0,2,7,0.0,7,11,2,1
24132,38.0,1,999,0,-0.1,93.2,-42.0,4.021,5195.8,999.0,0,1.0,0.0,0.0,2,3,0.0,4,11,1,1
24133,31.0,10,999,0,1.4,93.444,-36.1,4.962,5228.1,999.0,0,1.0,1.0,1.0,2,7,0.0,6,8,1,1
24134,36.0,2,999,0,1.1,93.994,-36.4,4.86,5191.0,999.0,0,1.0,0.0,1.0,2,8,0.0,5,5,1,1
24135,52.0,2,999,1,-1.8,92.893,-46.2,1.266,5099.1,999.0,0,0.0,0.0,0.0,2,8,0.0,6,5,1,2
24136,31.0,1,999,1,-1.8,92.893,-46.2,1.299,5099.1,999.0,3,0.0,0.0,0.0,3,4,0.0,5,5,2,2
24137,47.0,2,999,0,1.4,93.444,-36.1,4.965,5228.1,999.0,0,0.0,0.0,0.0,2,8,0.0,5,8,1,1
24138,29.0,2,999,0,1.4,94.465,-41.8,4.866,5228.1,999.0,0,1.0,0.0,1.0,1,8,0.0,9,6,1,1
24139,54.0,3,999,0,-1.1,94.601,-49.5,0.987,4963.6,999.0,0,0.0,0.0,0.0,2,7,0.0,1,10,1,1
24140,31.0,1,999,0,1.4,93.444,-36.1,4.964,5228.1,999.0,0,0.0,0.0,0.0,2,7,0.0,3,8,1,1
24141,31.0,4,999,0,1.4,93.918,-42.7,4.961,5228.1,999.0,0,1.0,1.0,0.0,1,8,0.0,4,7,1,1
24142,36.0,1,999,0,-0.1,93.2,-42.0,4.12,5195.8,999.0,0,1.0,0.0,0.0,2,8,0.0,4,11,1,1
24143,31.0,2,999,0,-1.8,93.075,-47.1,1.415,5099.1,999.0,0,1.0,1.0,0.0,1,5,0.0,9,4,1,1
24144,47.0,2,999,0,-0.1,93.2,-42.0,4.191,5195.8,999.0,0,1.0,0.0,0.0,3,8,0.0,3,11,2,1
24145,31.0,5,999,0,1.4,93.918,-42.7,4.962,5228.1,999.0,0,1.0,0.0,0.0,3,5,0.0,9,7,2,1
24146,31.0,1,999,1,-1.8,92.893,-46.2,1.334,5099.1,999.0,1,1.0,1.0,0.0,2,8,0.0,5,5,1,2
24147,31.0,1,999,0,-0.1,93.2,-42.0,4.076,5195.8,999.0,0,1.0,0.0,0.0,2,8,0.0,6,11,1,1
24148,46.0,5,999,0,1.4,93.444,-36.1,4.967,5228.1,999.0,0,1.0,1.0,0.0,1,8,0.0,6,8,1,1
24149,31.0,1,999,0,-0.1,93.2,-42.0,4.191,5195.8,999.0,0,0.0,1.0,0.0,2,5,0.0,4,11,2,1
24150,42.0,2,999,0,1.1,93.994,-36.4,4.86,5191.0,999.0,0,1.0,0.0,1.0,2,2,0.0,4,5,1,1
24151,70.0,1,999,0,-2.9,92.201,-31.4,0.883,5076.2,999.0,0,1.0,0.0,0.0,2,5,0.0,8,8,1,1
24152,32.0,1,999,0,1.4,93.444,-36.1,4.965,5228.1,999.0,0,0.0,0.0,0.0,2,7,0.0,6,8,2,1
24153,31.0,2,999,0,1.1,93.994,-36.4,4.856,5191.0,999.0,0,0.0,0.0,1.0,2,2,0.0,7,5,1,1
24154,31.0,1,999,0,-1.8,93.075,-47.1,1.405,5099.1,999.0,0,1.0,0.0,0.0,2,2,0.0,4,4,1,1
24155,31.0,3,999,0,1.1,93.994,-36.4,4.86,5191.0,999.0,0,1.0,1.0,1.0,2,8,0.0,9,5,1,1
24156,31.0,3,999,1,-0.1,93.2,-42.0,4.12,5195.8,999.0,5,0.0,0.0,0.0,1,8,0.0,6,11,1,2
24157,59.0,3,6,1,-3.0,92.713,-33.0,0.7,5023.5,0.2,1,1.0,0.0,0.0,2,8,0.0,3,12,1,3
24158,36.0,1,999,0,-1.8,93.075,-47.1,1.423,5099.1,999.0,0,0.0,0.0,0.0,2,4,0.0,4,4,1,1
24159,51.0,2,999,0,1.4,93.444,-36.1,4.963,5228.1,999.0,0,1.0,0.0,0.0,2,8,0.0,12,8,1,1
24160,51.0,1,999,0,1.4,93.444,-36.1,4.966,5228.1,999.0,0,0.0,0.0,0.0,3,5,0.0,6,8,1,1
24161,32.0,6,999,1,-0.1,93.2,-42.0,4.076,5195.8,999.0,4,1.0,1.0,0.0,3,4,0.0,4,11,1,2
24162,50.0,2,999,0,1.4,94.465,-41.8,4.959,5228.1,999.0,0,1.0,0.0,1.0,2,4,0.0,4,6,1,1
24163,35.0,3,999,0,-2.9,92.201,-31.4,0.869,5076.2,999.0,0,0.0,0.0,0.0,2,7,0.0,5,8,1,1
24164,56.0,2,999,0,1.1,93.994,-36.4,4.858,5191.0,999.0,0,1.0,1.0,1.0,2,8,0.0,4,5,1,1
24165,32.0,3,999,0,1.4,94.465,-41.8,4.961,5228.1,999.0,0,1.0,0.0,1.0,1,6,0.0,5,6,2,1
24166,31.0,1,999,0,1.4,93.444,-36.1,4.963,5228.1,999.0,0,1.0,0.0,0.0,2,2,0.0,4,8,1,1
24167,30.0,5,999,0,1.4,94.465,-41.8,4.865,5228.1,999.0,0,0.0,1.0,1.0,2,7,0.0,5,6,2,1
24168,31.0,7,999,0,1.4,94.465,-41.8,4.865,5228.1,999.0,0,0.0,0.0,1.0,2,8,0.0,4,6,2,1
24169,38.0,3,999,0,-1.8,92.893,-46.2,1.266,5099.1,999.0,0,0.0,0.0,0.0,2,2,0.0,4,5,1,1
24170,46.0,3,999,0,1.4,94.465,-41.8,4.958,5228.1,999.0,0,0.0,0.0,1.0,2,8,0.0,4,6,1,1
24171,34.0,3,999,0,1.4,93.444,-36.1,4.968,5228.1,999.0,0,1.0,0.0,0.0,1,7,0.0,6,8,1,1
24172,31.0,1,999,0,1.4,94.465,-41.8,4.959,5228.1,999.0,0,1.0,0.0,1.0,2,2,0.0,4,6,1,1
24173,47.0,4,999,0,1.4,94.465,-41.8,4.865,5228.1,999.0,0,0.0,0.0,1.0,2,8,0.0,6,6,2,1
24174,30.0,3,999,0,1.4,93.444,-36.1,4.965,5228.1,999.0,0,1.0,0.0,1.0,1,5,0.0,5,8,2,1
24175,36.0,3,999,0,-0.1,93.2,-42.0,4.076,5195.8,999.0,0,0.0,0.0,1.0,1,7,0.0,5,11,1,1
24176,31.0,3,999,0,-1.8,92.893,-46.2,1.299,5099.1,999.0,0,0.0,0.0,0.0,2,7,0.0,6,5,2,1
24177,35.0,4,999,0,1.1,93.994,-36.4,4.86,5191.0,999.0,0,1.0,1.0,1.0,2,2,0.0,10,5,1,1
24178,31.0,1,999,1,-1.8,92.893,-46.2,1.25,5099.1,999.0,3,1.0,0.0,0.0,2,8,0.0,6,5,1,2
24179,38.0,2,8,1,-3.4,92.431,-26.9,0.739,5017.5,0.266666666667,3,1.0,0.0,0.0,2,7,0.0,6,10,1,3
24180,35.0,1,999,0,1.4,93.918,-42.7,4.963,5228.1,999.0,0,0.0,0.0,1.0,2,5,0.0,6,7,1,1
24181,49.0,2,999,0,-1.8,92.893,-46.2,1.344,5099.1,999.0,0,0.0,0.0,0.0,2,6,0.0,4,5,1,1
24182,52.0,1,999,0,1.4,94.465,-41.8,4.959,5228.1,999.0,0,1.0,0.0,1.0,2,8,0.0,10,6,1,1
24183,42.0,2,999,0,-1.8,92.893,-46.2,1.313,5099.1,999.0,0,0.0,0.0,0.0,2,2,0.0,4,5,1,1
24184,41.0,1,999,0,1.1,93.994,-36.4,4.857,5191.0,999.0,0,1.0,0.0,1.0,3,3,0.0,4,5,1,1
24185,26.0,1,999,0,-1.8,93.075,-47.1,1.479,5099.1,999.0,0,1.0,0.0,0.0,1,8,0.0,6,4,1,1
24186,44.0,3,999,0,-1.8,92.893,-46.2,1.281,5099.1,999.0,0,0.0,1.0,1.0,3,6,0.0,6,5,1,1
24187,31.0,2,999,1,-1.8,92.893,-46.2,1.291,5099.1,999.0,1,1.0,0.0,0.0,2,8,0.0,6,5,1,2
24188,44.0,1,999,0,1.4,93.918,-42.7,4.96,5228.1,999.0,0,1.0,0.0,0.0,1,4,0.0,6,7,2,1
24189,25.0,2,6,3,-1.7,94.055,-39.8,0.761,4991.6,0.2,6,1.0,1.0,0.0,1,8,0.0,11,6,1,3
24190,37.0,4,999,0,1.4,93.918,-42.7,4.968,5228.1,999.0,0,1.0,0.0,0.0,3,4,0.0,4,7,1,1
24191,42.0,1,999,0,-0.1,93.2,-42.0,4.191,5195.8,999.0,0,1.0,0.0,0.0,2,8,0.0,6,11,2,1
24192,54.0,1,999,0,-1.8,93.075,-47.1,1.405,5099.1,999.0,0,1.0,0.0,0.0,2,7,0.0,3,4,1,1
24193,31.0,3,999,0,1.1,93.994,-36.4,4.856,5191.0,999.0,0,0.0,0.0,1.0,1,4,0.0,4,5,1,1
24194,42.0,1,4,1,-2.9,92.201,-31.4,0.884,5076.2,0.133333333333,3,1.0,0.0,0.0,2,7,0.0,6,8,1,3
24195,31.0,1,999,0,1.1,93.994,-36.4,4.857,5191.0,999.0,0,1.0,0.0,1.0,1,3,0.0,4,5,2,1
24196,51.0,5,999,0,1.4,93.444,-36.1,4.966,5228.1,999.0,0,0.0,0.0,0.0,2,8,0.0,2,8,1,1
24197,50.0,1,999,0,-2.9,92.963,-40.8,1.26,5076.2,999.0,0,1.0,0.0,0.0,1,4,0.0,6,6,1,1
24198,55.0,3,999,0,1.4,93.444,-36.1,4.963,5228.1,999.0,0,1.0,0.0,0.0,2,8,0.0,4,8,1,1
24199,31.0,1,999,0,-1.8,92.893,-46.2,1.334,5099.1,999.0,0,1.0,0.0,0.0,2,3,0.0,4,5,1,1
24200,35.0,2,999,0,1.1,93.994,-36.4,4.857,5191.0,999.0,0,0.0,1.0,1.0,2,5,0.0,6,5,2,1
24201,35.0,1,999,0,-0.1,93.2,-42.0,4.191,5195.8,999.0,0,1.0,0.0,0.0,2,7,0.0,3,11,1,1
24202,38.0,2,3,2,-1.7,94.055,-39.8,0.707,4991.6,0.1,6,0.0,1.0,0.0,2,3,0.0,4,6,1,3
24203,32.0,1,999,0,1.4,94.465,-41.8,4.959,5228.1,999.0,0,1.0,0.0,1.0,2,6,0.0,4,6,1,1
24204,28.0,5,999,0,-1.8,92.893,-46.2,1.25,5099.1,999.0,0,1.0,0.0,0.0,2,4,0.0,1,5,1,1
24205,31.0,1,999,0,1.4,93.918,-42.7,4.96,5228.1,999.0,0,1.0,0.0,0.0,2,8,0.0,3,7,2,1
24206,31.0,7,999,0,1.1,93.994,-36.4,4.859,5191.0,999.0,0,1.0,1.0,1.0,2,2,0.0,4,5,1,1
24207,58.0,1,999,0,1.1,93.994,-36.4,4.856,5191.0,999.0,0,1.0,1.0,1.0,2,6,0.0,8,5,1,1
24208,31.0,3,999,0,1.1,93.994,-36.4,4.857,5191.0,999.0,0,0.0,0.0,1.0,2,8,0.0,9,5,1,1
24209,34.0,2,999,0,-1.8,92.893,-46.2,1.281,5099.1,999.0,0,1.0,0.0,0.0,3,3,0.0,9,5,1,1
24210,54.0,1,999,0,1.4,94.465,-41.8,4.961,5228.1,999.0,0,0.0,0.0,1.0,2,5,0.0,6,6,1,1
24211,40.0,4,999,0,1.4,93.918,-42.7,4.962,5228.1,999.0,0,1.0,0.0,0.0,2,8,0.0,4,7,2,1
24212,31.0,1,999,0,-1.8,92.893,-46.2,1.327,5099.1,999.0,0,1.0,0.0,0.0,2,8,0.0,5,5,1,1
24213,30.0,1,999,0,-1.8,92.893,-46.2,1.281,5099.1,999.0,0,1.0,0.0,0.0,1,5,0.0,6,5,1,1
24214,31.0,2,999,1,-1.8,92.893,-46.2,1.281,5099.1,999.0,1,0.0,1.0,0.0,1,4,0.0,4,5,1,2
24215,31.0,13,999,0,1.4,93.918,-42.7,4.963,5228.1,999.0,0,1.0,0.0,0.0,2,8,0.0,6,7,1,1
24216,33.0,1,999,0,-0.1,93.2,-42.0,4.076,5195.8,999.0,0,0.0,0.0,0.0,1,7,0.0,6,11,1,1
24217,38.0,2,999,0,1.1,93.994,-36.4,4.856,5191.0,999.0,0,1.0,1.0,1.0,2,8,0.0,5,5,1,1
24218,31.0,2,999,0,1.4,94.465,-41.8,4.864,5228.1,999.0,0,1.0,0.0,1.0,2,6,0.0,5,6,1,1
24219,31.0,1,999,0,1.4,94.465,-41.8,4.962,5228.1,999.0,0,1.0,0.0,1.0,3,2,0.0,10,6,1,1
24220,59.0,1,999,0,1.4,94.465,-41.8,4.961,5228.1,999.0,0,0.0,0.0,1.0,2,8,0.0,8,6,1,1
24221,26.0,1,4,1,-2.9,92.201,-31.4,0.879,5076.2,0.133333333333,3,1.0,0.0,0.0,1,8,0.0,11,8,1,3
24222,35.0,1,999,0,1.4,93.444,-36.1,4.965,5228.1,999.0,0,1.0,1.0,0.0,1,6,0.0,5,8,1,1
24223,33.0,2,999,0,1.4,93.918,-42.7,4.963,5228.1,999.0,0,1.0,0.0,0.0,3,8,0.0,4,7,1,1
24224,65.0,1,999,0,-1.1,94.199,-37.5,0.879,4963.6,999.0,0,0.0,0.0,0.0,2,6,0.0,5,9,1,1
24225,31.0,1,999,0,-1.8,92.893,-46.2,1.244,5099.1,999.0,0,1.0,0.0,0.0,1,8,0.0,6,5,2,1
24226,57.0,2,999,1,-0.1,93.2,-42.0,4.191,5195.8,999.0,2,0.0,0.0,0.0,3,4,0.0,4,11,2,2
24227,34.0,3,999,2,-1.7,94.215,-40.3,0.896,4991.6,999.0,2,1.0,1.0,0.0,2,7,0.0,1,7,1,2
24228,46.0,14,999,0,1.4,93.444,-36.1,4.962,5228.1,999.0,0,1.0,0.0,0.0,2,8,0.0,5,8,1,1
24229,54.0,4,999,0,1.4,93.444,-36.1,4.966,5228.1,999.0,0,0.0,0.0,0.0,2,5,0.0,9,8,1,1
24230,31.0,5,999,0,1.4,93.918,-42.7,4.963,5228.1,999.0,0,0.0,0.0,1.0,1,8,0.0,6,7,1,1
24231,30.0,2,999,0,-2.9,92.963,-40.8,1.26,5076.2,999.0,0,1.0,0.0,0.0,1,7,0.0,6,6,1,1
24232,27.0,2,999,0,1.4,93.918,-42.7,4.961,5228.1,999.0,0,0.0,1.0,1.0,1,7,0.0,6,7,1,1
24233,31.0,2,999,1,-1.8,92.893,-46.2,1.344,5099.1,999.0,0,0.0,0.0,0.0,2,3,0.0,4,5,1,2
24234,50.0,3,999,0,1.4,93.444,-36.1,4.965,5228.1,999.0,0,0.0,0.0,0.0,2,8,0.0,2,8,1,1
24235,36.0,5,999,0,1.4,93.444,-36.1,4.963,5228.1,999.0,0,0.0,0.0,0.0,2,5,0.0,1,8,2,1
24236,57.0,5,999,0,1.4,93.444,-36.1,4.962,5228.1,999.0,0,0.0,0.0,0.0,3,7,0.0,8,8,1,1
24237,24.0,2,999,1,-1.1,94.601,-49.5,0.972,4963.6,999.0,0,1.0,0.0,0.0,1,5,0.0,6,10,1,2
24238,31.0,3,999,0,1.4,93.918,-42.7,4.96,5228.1,999.0,0,0.0,0.0,0.0,1,8,0.0,6,7,2,1
24239,48.0,1,999,1,-1.8,92.893,-46.2,1.334,5099.1,999.0,2,0.0,0.0,0.0,2,2,0.0,4,5,1,2
24240,41.0,1,999,0,1.4,94.465,-41.8,4.961,5228.1,999.0,0,1.0,0.0,1.0,2,8,0.0,4,6,1,1
24241,31.0,4,999,1,-0.1,93.2,-42.0,4.153,5195.8,999.0,2,1.0,1.0,0.0,1,7,0.0,5,11,1,2
24242,36.0,4,999,0,1.4,94.465,-41.8,4.967,5228.1,999.0,0,0.0,0.0,1.0,2,5,0.0,4,6,1,1
24243,31.0,7,999,0,1.1,93.994,-36.4,4.857,5191.0,999.0,0,1.0,0.0,1.0,2,5,0.0,2,5,1,1
24244,50.0,1,999,0,1.1,93.994,-36.4,4.857,5191.0,999.0,0,1.0,0.0,1.0,2,2,0.0,4,5,1,1
24245,28.0,4,999,0,1.4,93.918,-42.7,4.96,5228.1,999.0,0,1.0,0.0,0.0,2,4,0.0,5,7,2,1
24246,41.0,1,999,0,1.4,94.465,-41.8,4.958,5228.1,999.0,0,0.0,0.0,1.0,1,8,0.0,6,6,1,1
24247,54.0,1,999,0,1.4,93.444,-36.1,4.963,5228.1,999.0,0,1.0,1.0,0.0,2,6,0.0,2,8,1,1
24248,51.0,4,999,0,1.1,93.994,-36.4,4.859,5191.0,999.0,0,0.0,1.0,1.0,2,8,0.0,4,5,1,1
24249,44.0,1,999,0,1.4,93.918,-42.7,4.962,5228.1,999.0,0,0.0,0.0,0.0,2,8,0.0,6,7,1,1
24250,30.0,1,0,1,-1.8,93.075,-47.1,1.365,5099.1,0.0,0,1.0,0.0,0.0,1,7,0.0,6,4,1,3
24251,31.0,5,999,0,1.4,93.918,-42.7,4.96,5228.1,999.0,0,1.0,1.0,0.0,2,7,0.0,5,7,2,1
24252,45.0,1,999,0,1.4,93.444,-36.1,4.964,5228.1,999.0,0,1.0,0.0,0.0,2,3,0.0,4,8,1,1
24253,48.0,2,999,0,1.4,93.918,-42.7,4.957,5228.1,999.0,0,0.0,0.0,0.0,2,5,0.0,6,7,1,1
24254,46.0,1,999,0,1.4,93.444,-36.1,4.966,5228.1,999.0,0,0.0,0.0,0.0,2,8,0.0,9,8,1,1
24255,31.0,1,999,0,1.4,94.465,-41.8,4.866,5228.1,999.0,0,0.0,0.0,1.0,2,4,0.0,4,6,1,1
24256,31.0,5,999,0,1.1,93.994,-36.4,4.857,5191.0,999.0,0,0.0,0.0,1.0,2,8,0.0,4,5,2,1
24257,32.0,2,999,0,1.4,93.918,-42.7,4.962,5228.1,999.0,0,0.0,0.0,0.0,2,4,0.0,4,7,2,1
24258,31.0,1,999,1,-0.1,93.2,-42.0,4.021,5195.8,999.0,0,1.0,0.0,1.0,2,5,0.0,9,11,1,2
24259,57.0,2,999,0,1.4,94.465,-41.8,4.865,5228.1,999.0,0,1.0,0.0,1.0,2,2,0.0,2,6,2,1
24260,24.0,1,999,0,1.4,93.918,-42.7,4.962,5228.1,999.0,0,0.0,0.0,0.0,1,8,0.0,11,7,1,1
24261,39.0,4,999,0,-1.8,93.075,-47.1,1.405,5099.1,999.0,0,1.0,0.0,0.0,2,2,0.0,4,4,2,1
24262,46.0,2,999,0,1.4,93.918,-42.7,4.962,5228.1,999.0,0,0.0,0.0,0.0,3,7,0.0,5,7,1,1
24263,31.0,2,999,0,-1.8,92.893,-46.2,1.313,5099.1,999.0,0,1.0,0.0,0.0,2,4,0.0,4,5,1,1
24264,23.0,1,999,0,-2.9,92.201,-31.4,0.861,5076.2,999.0,0,0.0,0.0,0.0,1,5,0.0,11,8,2,1
24265,24.0,1,999,0,1.4,93.918,-42.7,4.962,5228.1,999.0,0,1.0,0.0,0.0,1,5,0.0,9,7,1,1
24266,52.0,1,999,0,1.4,93.444,-36.1,4.963,5228.1,999.0,0,0.0,1.0,0.0,2,4,0.0,4,8,1,1
24267,54.0,1,999,0,1.4,94.465,-41.8,4.961,5228.1,999.0,0,0.0,0.0,1.0,3,2,0.0,8,6,1,1
24268,31.0,2,999,0,1.4,94.465,-41.8,4.947,5228.1,999.0,0,0.0,0.0,1.0,2,4,0.0,4,6,2,1
24269,56.0,1,999,0,1.1,93.994,-36.4,4.859,5191.0,999.0,0,1.0,0.0,1.0,2,4,0.0,4,5,1,1
24270,67.0,22,999,0,-1.8,92.843,-50.0,1.703,5099.1,999.0,0,1.0,1.0,0.0,1,7,0.0,8,3,2,1
24271,31.0,6,999,0,-1.8,92.893,-46.2,1.291,5099.1,999.0,0,1.0,1.0,0.0,2,5,0.0,6,5,1,1
24272,25.0,2,999,0,1.1,93.994,-36.4,4.857,5191.0,999.0,0,1.0,0.0,1.0,2,8,0.0,9,5,1,1
24273,31.0,4,999,0,1.4,93.918,-42.7,4.962,5228.1,999.0,0,1.0,0.0,0.0,1,4,0.0,3,7,1,1
24274,31.0,2,999,0,1.1,93.994,-36.4,4.857,5191.0,999.0,0,1.0,0.0,1.0,1,5,0.0,3,5,2,1
24275,27.0,1,999,0,-1.8,92.893,-46.2,1.259,5099.1,999.0,0,1.0,0.0,0.0,1,8,0.0,6,5,1,1
24276,31.0,1,999,0,1.4,93.444,-36.1,4.97,5228.1,999.0,0,1.0,0.0,0.0,2,6,0.0,5,8,2,1
24277,34.0,3,999,0,1.4,93.444,-36.1,4.963,5228.1,999.0,0,0.0,0.0,0.0,1,7,0.0,6,8,2,1
24278,42.0,22,999,0,1.4,94.465,-41.8,4.959,5228.1,999.0,0,0.0,0.0,1.0,3,8,0.0,5,6,1,1
24279,27.0,1,999,0,1.4,93.918,-42.7,4.961,5228.1,999.0,0,0.0,0.0,1.0,1,7,0.0,10,7,1,1
24280,31.0,6,999,0,-0.1,93.2,-42.0,4.021,5195.8,999.0,0,1.0,0.0,0.0,1,5,0.0,9,11,1,1
24281,31.0,3,999,0,1.4,93.444,-36.1,4.965,5228.1,999.0,0,0.0,0.0,0.0,1,8,0.0,5,8,2,1
24282,53.0,5,999,0,-3.4,92.379,-29.8,0.819,5017.5,999.0,0,1.0,0.0,0.0,2,7,0.0,6,9,1,1
24283,41.0,3,999,2,-1.8,92.893,-46.2,1.313,5099.1,999.0,10,1.0,0.0,1.0,2,7,0.0,6,5,1,2
24284,31.0,2,999,2,-1.8,93.075,-47.1,1.405,5099.1,999.0,4,0.0,1.0,0.0,2,8,0.0,4,4,1,2
24285,43.0,1,999,0,1.4,93.444,-36.1,4.968,5228.1,999.0,0,1.0,0.0,0.0,2,7,0.0,6,8,1,1
24286,55.0,1,999,0,1.1,93.994,-36.4,4.856,5191.0,999.0,0,0.0,0.0,1.0,3,6,0.0,8,5,1,1
24287,27.0,1,999,0,-1.8,93.075,-47.1,1.392,5099.1,999.0,0,0.0,0.0,0.0,2,7,0.0,3,4,2,1
24288,31.0,1,999,1,-1.7,94.215,-40.3,0.835,4991.6,999.0,3,0.0,0.0,0.0,1,6,0.0,9,7,1,2
24289,29.0,2,999,0,-3.4,92.431,-26.9,0.735,5017.5,999.0,0,0.0,1.0,0.0,1,4,0.0,4,10,1,1
24290,31.0,2,999,1,-1.7,94.027,-38.3,0.899,4991.6,999.0,2,1.0,0.0,0.0,1,5,0.0,11,8,1,2
24291,41.0,1,999,0,1.4,93.918,-42.7,4.96,5228.1,999.0,0,1.0,0.0,1.0,3,5,0.0,5,7,2,1
24292,28.0,1,999,0,1.1,93.994,-36.4,4.856,5191.0,999.0,0,1.0,0.0,1.0,1,7,0.0,6,5,1,1
24293,74.0,1,999,0,-2.9,92.963,-40.8,1.26,5076.2,999.0,0,1.0,0.0,0.0,2,2,0.0,8,6,2,1
24294,56.0,1,999,0,1.1,93.994,-36.4,4.857,5191.0,999.0,0,1.0,1.0,1.0,2,2,0.0,8,5,1,1
24295,36.0,3,999,1,-1.8,92.893,-46.2,1.281,5099.1,999.0,3,0.0,0.0,0.0,3,8,0.0,4,5,1,2
24296,31.0,2,999,0,1.1,93.994,-36.4,4.857,5191.0,999.0,0,1.0,1.0,1.0,2,7,0.0,6,5,1,1
24297,31.0,3,999,0,1.4,93.918,-42.7,4.962,5228.1,999.0,0,1.0,0.0,0.0,2,4,0.0,9,7,2,1
24298,39.0,2,999,0,1.4,94.465,-41.8,4.865,5228.1,999.0,0,0.0,0.0,1.0,2,8,0.0,5,6,2,1
24299,36.0,2,999,1,-1.8,92.893,-46.2,1.264,5099.1,999.0,4,0.0,1.0,0.0,2,8,0.0,1,5,2,2
24300,31.0,2,999,0,1.4,93.918,-42.7,4.963,5228.1,999.0,0,0.0,0.0,0.0,1,5,0.0,6,7,1,1
24301,31.0,1,999,1,-1.7,94.215,-40.3,0.876,4991.6,999.0,1,0.0,0.0,0.0,2,6,0.0,5,7,1,2
24302,32.0,3,999,1,-1.8,92.893,-46.2,1.281,5099.1,999.0,5,0.0,0.0,1.0,2,8,0.0,4,5,1,2
24303,31.0,2,999,0,1.4,93.918,-42.7,4.966,5228.1,999.0,0,1.0,0.0,1.0,2,6,0.0,5,7,1,1
24304,26.0,3,999,0,1.4,93.918,-42.7,4.963,5228.1,999.0,0,0.0,1.0,0.0,1,8,0.0,6,7,1,1
24305,26.0,2,999,0,1.4,93.918,-42.7,4.963,5228.1,999.0,0,1.0,0.0,0.0,1,6,0.0,4,7,1,1
24306,50.0,4,999,0,1.4,93.918,-42.7,4.96,5228.1,999.0,0,1.0,1.0,0.0,2,8,0.0,4,7,2,1
24307,26.0,1,999,0,1.1,93.994,-36.4,4.857,5191.0,999.0,0,0.0,0.0,1.0,2,7,0.0,2,5,1,1
24308,54.0,12,999,0,1.1,93.994,-36.4,4.856,5191.0,999.0,0,0.0,0.0,1.0,2,8,0.0,5,5,1,1
24309,43.0,3,999,0,1.4,93.918,-42.7,4.957,5228.1,999.0,0,0.0,0.0,0.0,1,3,0.0,4,7,1,1
24310,42.0,2,999,0,1.4,93.918,-42.7,4.968,5228.1,999.0,0,1.0,0.0,0.0,2,8,0.0,4,7,1,1
24311,36.0,1,999,0,1.4,93.444,-36.1,4.968,5228.1,999.0,0,0.0,0.0,0.0,2,7,0.0,6,8,1,1
24312,31.0,1,999,0,1.1,93.994,-36.4,4.856,5191.0,999.0,0,0.0,0.0,1.0,2,5,0.0,4,5,1,1
24313,31.0,1,999,0,-1.8,92.893,-46.2,1.281,5099.1,999.0,0,0.0,0.0,0.0,3,3,0.0,4,5,1,1
24314,56.0,1,999,0,1.4,93.918,-42.7,4.96,5228.1,999.0,0,1.0,1.0,0.0,2,8,0.0,4,7,2,1
24315,65.0,1,999,2,-1.7,94.215,-40.3,0.899,4991.6,999.0,10,1.0,0.0,0.0,2,5,0.0,3,7,1,2
24316,31.0,2,999,1,-2.9,92.963,-40.8,1.268,5076.2,999.0,2,0.0,0.0,0.0,1,8,0.0,6,6,1,2
24317,31.0,3,999,0,1.4,93.918,-42.7,4.961,5228.1,999.0,0,0.0,1.0,0.0,3,2,0.0,8,7,1,1
24318,28.0,2,999,0,1.4,94.465,-41.8,4.955,5228.1,999.0,0,0.0,0.0,1.0,1,4,0.0,9,6,1,1
24319,35.0,3,999,1,-1.8,93.369,-34.8,0.635,5008.7,999.0,2,0.0,0.0,1.0,2,2,0.0,4,3,2,2
24320,31.0,1,999,0,1.4,93.444,-36.1,4.965,5228.1,999.0,0,1.0,0.0,0.0,2,8,0.0,4,8,1,1
24321,44.0,2,999,0,-2.9,92.201,-31.4,0.825,5076.2,999.0,0,1.0,0.0,0.0,2,8,0.0,3,8,1,1
24322,31.0,1,999,0,-2.9,92.201,-31.4,0.854,5076.2,999.0,0,0.0,0.0,0.0,1,7,0.0,10,8,1,1
24323,31.0,2,999,0,1.4,93.918,-42.7,4.962,5228.1,999.0,0,1.0,0.0,0.0,2,6,0.0,5,7,1,1
24324,38.0,1,999,0,1.1,93.994,-36.4,4.855,5191.0,999.0,0,0.0,0.0,1.0,2,4,0.0,3,5,1,1
24325,30.0,1,999,0,1.4,93.444,-36.1,4.963,5228.1,999.0,0,1.0,0.0,0.0,1,5,0.0,5,8,1,1
24326,33.0,1,999,0,-1.8,92.893,-46.2,1.313,5099.1,999.0,0,0.0,0.0,0.0,2,6,0.0,5,5,1,1
24327,52.0,1,999,0,1.4,93.918,-42.7,4.962,5228.1,999.0,0,0.0,0.0,0.0,2,8,0.0,9,7,1,1
24328,59.0,1,999,0,1.1,93.994,-36.4,4.857,5191.0,999.0,0,1.0,0.0,1.0,2,8,0.0,5,5,2,1
24329,50.0,2,999,0,1.4,93.444,-36.1,4.962,5228.1,999.0,0,1.0,0.0,0.0,2,7,0.0,3,8,1,1
24330,31.0,4,3,1,-1.8,92.893,-46.2,1.354,5099.1,0.1,0,0.0,0.0,0.0,2,7,0.0,3,5,2,3
24331,31.0,4,999,0,1.1,93.994,-36.4,4.859,5191.0,999.0,0,0.0,0.0,1.0,1,8,0.0,2,5,1,1
24332,27.0,1,999,0,1.1,93.994,-36.4,4.858,5191.0,999.0,0,1.0,1.0,1.0,1,8,0.0,6,5,1,1
24333,34.0,4,999,0,1.4,93.918,-42.7,4.961,5228.1,999.0,0,1.0,0.0,0.0,2,4,0.0,4,7,1,1
24334,36.0,1,999,0,-0.1,93.2,-42.0,4.12,5195.8,999.0,0,0.0,0.0,0.0,2,7,0.0,3,11,1,1
24335,40.0,1,999,0,1.4,94.465,-41.8,4.961,5228.1,999.0,0,0.0,0.0,1.0,2,6,0.0,6,6,1,1
24336,31.0,2,999,0,-1.8,92.893,-46.2,1.327,5099.1,999.0,0,1.0,0.0,0.0,1,8,0.0,11,5,1,1
24337,27.0,3,999,0,-3.4,92.431,-26.9,0.72,5017.5,999.0,0,1.0,1.0,1.0,1,7,0.0,6,10,1,1
24338,34.0,2,4,1,-0.1,93.2,-42.0,4.153,5195.8,0.133333333333,2,0.0,0.0,0.0,2,4,0.0,9,11,1,3
24339,58.0,1,999,0,1.4,94.465,-41.8,4.961,5228.1,999.0,0,1.0,0.0,1.0,3,8,0.0,1,6,1,1
24340,31.0,1,999,0,1.1,93.994,-36.4,4.864,5191.0,999.0,0,1.0,0.0,1.0,2,6,0.0,5,5,1,1
24341,31.0,2,999,1,-1.8,92.893,-46.2,1.281,5099.1,999.0,1,0.0,0.0,0.0,1,4,0.0,4,5,1,2
24342,31.0,1,999,0,1.4,93.918,-42.7,4.957,5228.1,999.0,0,0.0,1.0,0.0,2,8,0.0,6,7,1,1
24343,39.0,2,999,0,-0.1,93.2,-42.0,4.153,5195.8,999.0,0,0.0,1.0,0.0,2,7,0.0,5,11,1,1
24344,33.0,2,999,0,1.1,93.994,-36.4,4.857,5191.0,999.0,0,1.0,0.0,1.0,2,8,0.0,6,5,1,1
24345,48.0,1,999,0,-0.1,93.2,-42.0,4.12,5195.8,999.0,0,1.0,0.0,0.0,2,7,0.0,6,11,1,1
24346,42.0,1,999,0,1.4,93.444,-36.1,4.964,5228.1,999.0,0,1.0,0.0,0.0,1,8,0.0,5,8,1,1
24347,35.0,13,999,0,1.1,93.994,-36.4,4.858,5191.0,999.0,0,0.0,0.0,1.0,1,7,0.0,6,5,1,1
24348,31.0,2,999,0,1.4,93.444,-36.1,4.964,5228.1,999.0,0,0.0,0.0,0.0,2,7,0.0,6,8,1,1
24349,48.0,2,999,0,-1.8,93.075,-47.1,1.405,5099.1,999.0,0,1.0,0.0,0.0,3,8,0.0,9,4,2,1
24350,55.0,3,999,1,-1.8,92.893,-46.2,1.291,5099.1,999.0,2,0.0,0.0,0.0,3,4,0.0,4,5,1,2
24351,60.0,4,6,2,-1.7,94.215,-40.3,0.899,4991.6,0.2,14,1.0,1.0,0.0,2,6,0.0,8,7,1,3
24352,58.0,1,999,0,-1.8,92.893,-46.2,1.244,5099.1,999.0,0,0.0,0.0,0.0,2,7,0.0,3,5,2,1
24353,36.0,2,999,0,-1.8,92.893,-46.2,1.281,5099.1,999.0,0,1.0,0.0,0.0,1,7,0.0,6,5,1,1
24354,31.0,2,999,0,1.4,94.465,-41.8,4.865,5228.1,999.0,0,0.0,0.0,1.0,1,5,0.0,6,6,2,1
24355,31.0,3,999,0,-3.0,92.713,-33.0,0.7,5023.5,999.0,0,1.0,0.0,0.0,2,5,0.0,11,12,1,1
24356,30.0,2,999,1,-0.1,93.2,-42.0,4.021,5195.8,999.0,2,1.0,0.0,0.0,2,8,0.0,4,11,1,2
24357,31.0,1,999,0,1.4,93.444,-36.1,4.968,5228.1,999.0,0,1.0,1.0,0.0,1,5,0.0,6,8,1,1
24358,31.0,2,999,0,-3.4,92.431,-26.9,0.722,5017.5,999.0,0,1.0,0.0,0.0,2,4,0.0,4,10,1,1
24359,44.0,6,999,0,1.4,93.444,-36.1,4.964,5228.1,999.0,0,1.0,0.0,0.0,1,7,0.0,5,8,1,1
24360,29.0,2,999,1,-1.8,92.893,-46.2,1.281,5099.1,999.0,2,1.0,1.0,0.0,3,8,0.0,4,5,1,2
24361,37.0,1,999,0,1.4,93.444,-36.1,4.968,5228.1,999.0,0,1.0,0.0,0.0,2,7,0.0,6,8,1,1
24362,50.0,4,999,0,1.4,94.465,-41.8,4.96,5228.1,999.0,0,0.0,0.0,1.0,1,8,0.0,2,6,2,1
24363,48.0,1,999,0,1.1,93.994,-36.4,4.856,5191.0,999.0,0,0.0,0.0,1.0,2,5,0.0,4,5,1,1
24364,53.0,10,999,0,1.4,93.918,-42.7,4.957,5228.1,999.0,0,0.0,0.0,0.0,2,5,0.0,3,7,1,1
24365,31.0,1,999,0,1.4,93.918,-42.7,4.962,5228.1,999.0,0,0.0,1.0,0.0,2,8,0.0,3,7,2,1
24366,57.0,5,999,0,-1.8,93.075,-47.1,1.405,5099.1,999.0,0,1.0,0.0,0.0,2,2,0.0,1,4,2,1
24367,32.0,1,999,0,-1.8,93.075,-47.1,1.405,5099.1,999.0,0,1.0,0.0,0.0,2,8,0.0,5,4,2,1
24368,31.0,1,999,0,-1.7,94.027,-38.3,0.9,4991.6,999.0,0,1.0,0.0,0.0,2,7,0.0,5,8,1,1
24369,47.0,7,999,0,1.4,94.465,-41.8,4.959,5228.1,999.0,0,1.0,0.0,1.0,2,4,0.0,6,6,1,1
24370,32.0,1,999,0,-0.1,93.2,-42.0,4.021,5195.8,999.0,0,0.0,0.0,1.0,3,7,0.0,6,11,1,1
24371,31.0,2,999,0,1.4,93.918,-42.7,4.963,5228.1,999.0,0,1.0,0.0,0.0,2,7,0.0,8,7,1,1
24372,25.0,2,999,0,1.4,93.918,-42.7,4.957,5228.1,999.0,0,0.0,0.0,0.0,2,3,0.0,3,7,1,1
24373,55.0,6,999,0,1.4,94.465,-41.8,4.959,5228.1,999.0,0,0.0,0.0,1.0,3,4,0.0,10,6,1,1
24374,36.0,1,999,0,1.4,93.918,-42.7,4.966,5228.1,999.0,0,0.0,0.0,1.0,2,4,0.0,4,7,1,1
24375,39.0,8,999,0,1.4,93.918,-42.7,4.963,5228.1,999.0,0,1.0,0.0,1.0,2,6,0.0,1,7,1,1
24376,38.0,20,999,0,1.4,93.918,-42.7,4.961,5228.1,999.0,0,1.0,0.0,0.0,2,2,0.0,10,7,1,1
24377,31.0,2,999,1,-1.8,92.893,-46.2,1.244,5099.1,999.0,1,0.0,0.0,0.0,1,5,0.0,4,5,2,2
24378,31.0,5,999,0,1.4,93.444,-36.1,4.963,5228.1,999.0,0,1.0,0.0,0.0,2,7,0.0,6,8,1,1
24379,39.0,5,999,1,-1.8,92.893,-46.2,1.344,5099.1,999.0,3,1.0,0.0,0.0,1,6,0.0,6,5,1,2
24380,32.0,4,999,0,1.4,93.444,-36.1,4.966,5228.1,999.0,0,0.0,1.0,0.0,1,8,0.0,5,8,1,1
24381,31.0,3,999,0,-1.8,92.893,-46.2,1.344,5099.1,999.0,0,1.0,1.0,0.0,3,4,0.0,7,5,1,1
24382,32.0,1,999,0,1.1,93.994,-36.4,4.857,5191.0,999.0,0,1.0,0.0,1.0,2,2,0.0,4,5,1,1
24383,39.0,4,999,0,1.1,93.994,-36.4,4.856,5191.0,999.0,0,0.0,0.0,1.0,2,4,0.0,4,5,1,1
24384,31.0,2,999,0,1.1,93.994,-36.4,4.856,5191.0,999.0,0,1.0,0.0,1.0,1,4,0.0,6,5,1,1
24385,56.0,1,999,0,1.1,93.994,-36.4,4.864,5191.0,999.0,0,1.0,1.0,1.0,2,6,0.0,4,5,1,1
24386,48.0,1,999,0,1.4,93.444,-36.1,4.965,5228.1,999.0,0,1.0,1.0,0.0,2,7,0.0,5,8,2,1
24387,41.0,4,999,0,-1.8,92.893,-46.2,1.313,5099.1,999.0,0,1.0,1.0,0.0,2,7,0.0,5,5,1,1
24388,35.0,1,999,0,-0.1,93.2,-42.0,4.12,5195.8,999.0,0,1.0,0.0,0.0,2,7,0.0,6,11,1,1
24389,41.0,1,999,0,-2.9,92.963,-40.8,1.26,5076.2,999.0,0,1.0,0.0,0.0,1,7,0.0,6,6,2,1
24390,29.0,5,999,0,-0.1,93.2,-42.0,4.021,5195.8,999.0,0,0.0,0.0,0.0,1,6,0.0,5,11,1,1
24391,34.0,2,999,0,-1.7,94.027,-38.3,0.886,4991.6,999.0,0,1.0,0.0,0.0,2,4,0.0,4,8,1,1
24392,31.0,2,999,0,1.4,93.444,-36.1,4.968,5228.1,999.0,0,1.0,0.0,0.0,2,6,0.0,5,8,1,1
24393,42.0,4,999,0,1.1,93.994,-36.4,4.864,5191.0,999.0,0,0.0,0.0,1.0,3,2,0.0,4,5,1,1
24394,36.0,1,999,1,-1.8,92.893,-46.2,1.266,5099.1,999.0,0,0.0,0.0,0.0,2,7,0.0,6,5,1,2
24395,31.0,5,999,0,1.4,94.465,-41.8,4.967,5228.1,999.0,0,0.0,0.0,1.0,2,8,0.0,3,6,1,1
24396,31.0,2,999,0,1.1,93.994,-36.4,4.856,5191.0,999.0,0,0.0,0.0,1.0,1,5,0.0,9,5,1,1
24397,58.0,2,999,0,1.1,93.994,-36.4,4.856,5191.0,999.0,0,0.0,0.0,1.0,2,8,0.0,8,5,1,1
24398,40.0,2,999,0,-1.8,93.075,-47.1,1.466,5099.1,999.0,0,0.0,0.0,0.0,3,8,0.0,4,4,2,1
24399,38.0,1,999,0,1.4,93.444,-36.1,4.965,5228.1,999.0,0,1.0,0.0,0.0,2,7,0.0,5,8,1,1
24400,29.0,1,999,0,-1.8,93.075,-47.1,1.498,5099.1,999.0,0,1.0,0.0,0.0,2,8,0.0,6,4,1,1
24401,59.0,1,999,0,1.4,94.465,-41.8,4.967,5228.1,999.0,0,1.0,0.0,1.0,2,3,0.0,4,6,1,1
24402,38.0,1,999,1,-1.8,92.893,-46.2,1.344,5099.1,999.0,5,0.0,0.0,0.0,2,2,0.0,7,5,1,2
24403,44.0,1,999,0,1.4,93.918,-42.7,4.961,5228.1,999.0,0,1.0,0.0,1.0,2,5,0.0,5,7,1,1
24404,42.0,1,999,0,-1.8,92.893,-46.2,1.299,5099.1,999.0,0,1.0,0.0,0.0,2,7,0.0,3,5,2,1
24405,31.0,2,999,0,1.4,93.918,-42.7,4.963,5228.1,999.0,0,1.0,0.0,0.0,2,8,0.0,4,7,1,1
24406,24.0,4,999,0,1.1,93.994,-36.4,4.858,5191.0,999.0,0,0.0,0.0,1.0,1,6,0.0,5,5,2,1
24407,24.0,8,999,0,-1.8,92.893,-46.2,1.25,5099.1,999.0,0,0.0,1.0,0.0,1,8,0.0,5,5,1,1
24408,30.0,7,999,0,1.4,93.918,-42.7,4.963,5228.1,999.0,0,0.0,1.0,1.0,1,8,0.0,5,7,1,1
24409,39.0,2,999,0,1.4,93.444,-36.1,4.962,5228.1,999.0,0,1.0,0.0,0.0,2,7,0.0,6,8,1,1
24410,32.0,2,999,0,-3.4,92.649,-30.1,0.714,5017.5,999.0,0,0.0,0.0,0.0,2,8,0.0,1,11,1,1
24411,52.0,1,999,0,1.4,93.444,-36.1,4.966,5228.1,999.0,0,1.0,0.0,0.0,2,7,0.0,6,8,1,1
24412,31.0,1,999,0,1.1,93.994,-36.4,4.857,5191.0,999.0,0,0.0,0.0,1.0,3,8,0.0,3,5,2,1
24413,30.0,4,999,0,1.1,93.994,-36.4,4.857,5191.0,999.0,0,1.0,0.0,1.0,2,5,0.0,6,5,2,1
24414,31.0,1,3,1,-0.1,93.2,-42.0,4.12,5195.8,0.1,2,0.0,1.0,0.0,1,7,0.0,1,11,1,3
24415,31.0,6,999,0,1.4,93.444,-36.1,4.965,5228.1,999.0,0,1.0,0.0,0.0,2,6,0.0,9,8,1,1
24416,25.0,2,999,0,1.4,93.918,-42.7,4.966,5228.1,999.0,0,1.0,0.0,1.0,1,5,0.0,9,7,1,1
24417,28.0,2,999,0,-1.8,92.843,-50.0,1.531,5099.1,999.0,0,0.0,0.0,1.0,1,5,0.0,6,3,1,1
24418,48.0,2,999,0,1.1,93.994,-36.4,4.855,5191.0,999.0,0,1.0,0.0,1.0,2,3,0.0,4,5,1,1
24419,46.0,1,999,0,1.1,93.994,-36.4,4.855,5191.0,999.0,0,1.0,0.0,1.0,2,8,0.0,4,5,1,1
24420,56.0,1,999,1,-1.8,92.893,-46.2,1.25,5099.1,999.0,4,1.0,0.0,0.0,2,8,0.0,4,5,1,2
24421,35.0,1,999,0,1.4,93.444,-36.1,4.966,5228.1,999.0,0,1.0,0.0,0.0,2,8,0.0,9,8,1,1
24422,29.0,2,999,0,-0.1,93.2,-42.0,4.076,5195.8,999.0,0,1.0,1.0,0.0,1,7,0.0,5,11,1,1
24423,32.0,1,999,0,-0.1,93.2,-42.0,4.153,5195.8,999.0,0,1.0,0.0,0.0,2,7,0.0,6,11,1,1
24424,31.0,1,999,0,1.4,93.444,-36.1,4.965,5228.1,999.0,0,0.0,1.0,0.0,2,7,0.0,5,8,1,1
24425,46.0,1,999,1,-1.8,93.075,-47.1,1.41,5099.1,999.0,3,1.0,0.0,0.0,2,6,0.0,5,4,1,2
24426,31.0,1,999,0,-0.1,93.2,-42.0,4.021,5195.8,999.0,0,0.0,0.0,0.0,2,8,0.0,9,11,1,1
24427,31.0,5,999,0,1.1,93.994,-36.4,4.86,5191.0,999.0,0,0.0,0.0,1.0,1,8,0.0,4,5,1,1
24428,49.0,1,999,0,-1.8,93.876,-40.0,0.701,5008.7,999.0,0,0.0,0.0,1.0,1,7,0.0,5,5,2,1
24429,31.0,2,999,0,1.1,93.994,-36.4,4.857,5191.0,999.0,0,1.0,1.0,1.0,1,4,0.0,4,5,2,1
24430,31.0,7,999,0,1.4,94.465,-41.8,4.864,5228.1,999.0,0,1.0,0.0,1.0,2,8,0.0,9,6,1,1
24431,33.0,1,999,0,-1.1,94.767,-50.8,1.031,4963.6,999.0,0,1.0,0.0,1.0,2,6,0.0,11,11,1,1
24432,31.0,5,999,1,-1.8,92.893,-46.2,1.291,5099.1,999.0,5,0.0,0.0,0.0,2,5,0.0,4,5,1,2
24433,21.0,1,999,0,1.4,93.918,-42.7,4.957,5228.1,999.0,0,1.0,0.0,0.0,1,5,0.0,6,7,1,1
24434,35.0,2,999,0,-1.8,92.893,-46.2,1.299,5099.1,999.0,0,1.0,0.0,0.0,2,8,0.0,4,5,2,1
24435,31.0,3,999,0,1.4,93.918,-42.7,4.963,5228.1,999.0,0,0.0,0.0,0.0,2,7,0.0,3,7,1,1
24436,31.0,2,999,0,-1.8,92.893,-46.2,1.281,5099.1,999.0,0,0.0,0.0,0.0,1,8,0.0,6,5,1,1
24437,31.0,32,999,0,1.1,93.994,-36.4,4.857,5191.0,999.0,0,1.0,0.0,1.0,2,7,0.0,6,5,2,1
24438,52.0,3,999,0,1.1,93.994,-36.4,4.857,5191.0,999.0,0,0.0,0.0,1.0,3,5,0.0,9,5,1,1
24439,48.0,1,999,0,1.4,93.444,-36.1,4.963,5228.1,999.0,0,0.0,0.0,0.0,2,5,0.0,9,8,1,1
24440,31.0,1,999,1,-0.1,93.2,-42.0,4.021,5195.8,999.0,1,1.0,1.0,0.0,2,3,0.0,6,11,1,2
24441,40.0,1,999,0,1.4,93.918,-42.7,4.963,5228.1,999.0,0,1.0,0.0,0.0,2,8,0.0,4,7,1,1
24442,42.0,1,999,0,1.4,93.918,-42.7,4.962,5228.1,999.0,0,1.0,1.0,1.0,2,5,0.0,6,7,2,1
24443,43.0,3,999,0,1.1,93.994,-36.4,4.856,5191.0,999.0,0,0.0,0.0,1.0,2,6,0.0,3,5,1,1
24444,49.0,1,999,0,1.4,93.444,-36.1,4.97,5228.1,999.0,0,0.0,0.0,0.0,2,8,0.0,9,8,2,1
24445,31.0,1,999,0,1.4,93.444,-36.1,4.963,5228.1,999.0,0,1.0,0.0,0.0,2,2,0.0,4,8,1,1
24446,41.0,3,999,0,1.4,93.918,-42.7,4.963,5228.1,999.0,0,0.0,1.0,0.0,3,6,0.0,7,7,1,1
24447,31.0,2,999,0,1.1,93.994,-36.4,4.859,5191.0,999.0,0,0.0,1.0,1.0,1,7,0.0,10,5,1,1
24448,46.0,5,999,0,1.1,93.994,-36.4,4.857,5191.0,999.0,0,1.0,0.0,1.0,2,8,0.0,1,5,1,1
24449,34.0,13,999,0,-1.8,92.843,-50.0,1.629,5099.1,999.0,0,0.0,0.0,0.0,2,8,0.0,5,3,2,1
24450,28.0,4,999,0,-1.7,94.027,-38.3,0.898,4991.6,999.0,0,0.0,0.0,0.0,2,7,0.0,6,8,1,1
24451,38.0,6,999,0,1.1,93.994,-36.4,4.864,5191.0,999.0,0,0.0,0.0,1.0,2,5,0.0,9,5,1,1
24452,48.0,10,999,0,1.4,93.444,-36.1,4.963,5228.1,999.0,0,1.0,0.0,0.0,2,8,0.0,4,8,2,1
24453,54.0,2,999,0,-0.1,93.2,-42.0,4.021,5195.8,999.0,0,1.0,0.0,0.0,2,5,0.0,6,11,1,1
24454,52.0,2,999,0,1.1,93.994,-36.4,4.859,5191.0,999.0,0,1.0,0.0,1.0,2,4,0.0,4,5,1,1
24455,36.0,4,999,0,1.1,93.994,-36.4,4.857,5191.0,999.0,0,1.0,1.0,1.0,1,8,0.0,6,5,2,1
24456,26.0,2,999,0,1.1,93.994,-36.4,4.856,5191.0,999.0,0,1.0,0.0,1.0,1,8,0.0,6,5,1,1
24457,31.0,1,999,0,1.4,93.444,-36.1,4.967,5228.1,999.0,0,1.0,0.0,0.0,1,7,0.0,6,8,1,1
24458,42.0,1,999,0,1.1,93.994,-36.4,4.86,5191.0,999.0,0,1.0,0.0,1.0,3,2,0.0,4,5,1,1
24459,56.0,2,999,0,1.4,93.918,-42.7,4.962,5228.1,999.0,0,1.0,0.0,0.0,3,5,0.0,9,7,2,1
24460,60.0,2,999,0,-1.1,94.767,-50.8,1.046,4963.6,999.0,0,0.0,0.0,0.0,2,8,0.0,6,11,1,1
24461,29.0,1,999,0,1.4,93.918,-42.7,4.957,5228.1,999.0,0,0.0,0.0,0.0,1,7,0.0,9,7,1,1
24462,32.0,1,999,0,1.1,93.994,-36.4,4.855,5191.0,999.0,0,0.0,0.0,1.0,2,5,0.0,6,5,1,1
24463,31.0,1,999,0,1.1,93.994,-36.4,4.856,5191.0,999.0,0,1.0,0.0,1.0,2,3,0.0,4,5,1,1
24464,33.0,1,999,0,1.1,93.994,-36.4,4.856,5191.0,999.0,0,1.0,0.0,1.0,3,4,0.0,1,5,1,1
24465,27.0,6,999,0,1.4,93.918,-42.7,4.96,5228.1,999.0,0,0.0,0.0,0.0,1,5,0.0,6,7,2,1
24466,35.0,1,999,0,1.4,93.918,-42.7,4.961,5228.1,999.0,0,1.0,0.0,0.0,3,4,0.0,4,7,1,1
24467,50.0,2,999,0,1.4,93.444,-36.1,4.964,5228.1,999.0,0,0.0,0.0,0.0,2,2,0.0,4,8,1,1
24468,31.0,1,999,0,1.4,94.465,-41.8,4.962,5228.1,999.0,0,1.0,0.0,1.0,2,5,0.0,6,6,1,1
24469,30.0,2,999,0,1.4,93.444,-36.1,4.963,5228.1,999.0,0,0.0,0.0,0.0,2,8,0.0,5,8,2,1
24470,31.0,1,999,0,-1.8,92.893,-46.2,1.327,5099.1,999.0,0,0.0,0.0,0.0,2,4,0.0,4,5,1,1
24471,31.0,4,999,0,-1.8,93.075,-47.1,1.423,5099.1,999.0,0,1.0,0.0,0.0,2,4,0.0,4,4,1,1
24472,31.0,2,3,1,-3.4,92.649,-30.1,0.715,5017.5,0.1,1,1.0,0.0,0.0,3,2,0.0,8,11,1,3
24473,55.0,1,999,0,1.1,93.994,-36.4,4.864,5191.0,999.0,0,0.0,0.0,1.0,2,8,0.0,12,5,1,1
24474,31.0,1,999,0,-0.1,93.2,-42.0,4.021,5195.8,999.0,0,0.0,0.0,0.0,2,7,0.0,6,11,1,1
24475,40.0,1,999,0,-0.1,93.2,-42.0,4.021,5195.8,999.0,0,1.0,0.0,0.0,2,8,0.0,4,11,1,1
24476,31.0,2,999,0,1.1,93.994,-36.4,4.857,5191.0,999.0,0,0.0,0.0,1.0,2,6,0.0,7,5,1,1
24477,31.0,2,999,1,-3.4,92.649,-30.1,0.722,5017.5,999.0,2,0.0,0.0,0.0,1,5,0.0,6,11,2,2
24478,44.0,1,999,0,1.1,93.994,-36.4,4.856,5191.0,999.0,0,1.0,0.0,1.0,2,8,0.0,4,5,1,1
24479,31.0,27,999,0,1.4,93.918,-42.7,4.968,5228.1,999.0,0,1.0,0.0,0.0,1,7,0.0,6,7,1,1
24480,31.0,2,999,0,1.4,94.465,-41.8,4.96,5228.1,999.0,0,1.0,0.0,1.0,2,2,0.0,3,6,2,1
24481,58.0,2,999,0,1.4,94.465,-41.8,4.967,5228.1,999.0,0,0.0,0.0,1.0,2,4,0.0,8,6,1,1
24482,44.0,5,999,0,1.1,93.994,-36.4,4.864,5191.0,999.0,0,1.0,0.0,1.0,2,5,0.0,6,5,1,1
24483,31.0,3,999,0,-1.8,92.893,-46.2,1.25,5099.1,999.0,0,0.0,0.0,0.0,2,5,0.0,6,5,1,1
24484,27.0,5,999,2,-1.7,94.215,-40.3,0.846,4991.6,999.0,4,1.0,0.0,0.0,1,5,0.0,4,7,1,2
24485,41.0,5,999,1,-1.8,92.893,-46.2,1.25,5099.1,999.0,0,1.0,0.0,0.0,2,8,0.0,3,5,1,2
24486,31.0,3,999,0,1.4,93.444,-36.1,4.966,5228.1,999.0,0,0.0,0.0,0.0,2,7,0.0,6,8,1,1
24487,31.0,6,999,0,1.4,93.918,-42.7,4.962,5228.1,999.0,0,0.0,0.0,0.0,1,6,0.0,5,7,1,1
24488,31.0,5,999,0,1.1,93.994,-36.4,4.857,5191.0,999.0,0,0.0,0.0,1.0,2,8,0.0,3,5,2,1
24489,62.0,2,999,0,-1.8,92.843,-50.0,1.52,5099.1,999.0,0,0.0,0.0,1.0,2,8,0.0,6,3,1,1
24490,33.0,5,999,0,1.4,93.918,-42.7,4.962,5228.1,999.0,0,1.0,0.0,0.0,2,4,0.0,4,7,1,1
24491,32.0,1,999,1,-1.8,93.075,-47.1,1.405,5099.1,999.0,1,0.0,0.0,0.0,1,7,0.0,3,4,1,2
24492,43.0,2,999,0,1.4,93.918,-42.7,4.961,5228.1,999.0,0,1.0,0.0,0.0,3,8,0.0,10,7,1,1
24493,31.0,1,999,0,1.1,93.994,-36.4,4.856,5191.0,999.0,0,1.0,1.0,1.0,1,8,0.0,5,5,1,1
24494,31.0,1,999,0,1.1,93.994,-36.4,4.856,5191.0,999.0,0,1.0,0.0,1.0,1,4,0.0,4,5,1,1
24495,53.0,2,999,0,1.4,93.918,-42.7,4.961,5228.1,999.0,0,1.0,0.0,0.0,3,8,0.0,4,7,1,1
24496,40.0,1,999,0,-0.1,93.2,-42.0,4.12,5195.8,999.0,0,0.0,0.0,0.0,2,4,0.0,5,11,1,1
24497,43.0,7,999,0,1.4,93.444,-36.1,4.963,5228.1,999.0,0,1.0,0.0,0.0,2,7,0.0,3,8,1,1
24498,34.0,2,999,1,-0.1,93.2,-42.0,4.191,5195.8,999.0,1,0.0,0.0,1.0,1,5,0.0,9,11,1,2
24499,34.0,2,999,0,1.1,93.994,-36.4,4.855,5191.0,999.0,0,0.0,1.0,1.0,3,8,0.0,4,5,1,1
24500,52.0,1,999,0,1.1,93.994,-36.4,4.856,5191.0,999.0,0,0.0,1.0,1.0,2,2,0.0,5,5,1,1
24501,31.0,2,999,0,1.1,93.994,-36.4,4.857,5191.0,999.0,0,1.0,0.0,1.0,2,8,0.0,2,5,1,1
24502,46.0,6,999,0,1.1,93.994,-36.4,4.864,5191.0,999.0,0,1.0,0.0,1.0,2,4,0.0,4,5,1,1
24503,45.0,1,999,0,1.4,93.444,-36.1,4.967,5228.1,999.0,0,1.0,1.0,0.0,2,3,0.0,4,8,1,1
24504,34.0,1,999,1,-0.1,93.2,-42.0,4.12,5195.8,999.0,3,0.0,0.0,0.0,1,5,0.0,9,11,1,2
24505,25.0,1,999,1,-2.9,92.963,-40.8,1.266,5076.2,999.0,3,0.0,0.0,0.0,2,7,0.0,5,6,1,2
24506,47.0,6,999,0,1.1,93.994,-36.4,4.858,5191.0,999.0,0,1.0,1.0,1.0,2,8,0.0,9,5,2,1
24507,44.0,1,999,0,-1.7,94.215,-40.3,0.84,4991.6,999.0,0,0.0,0.0,1.0,3,2,0.0,4,7,1,1
24508,25.0,2,999,0,1.1,93.994,-36.4,4.86,5191.0,999.0,0,0.0,0.0,1.0,1,5,0.0,9,5,1,1
24509,32.0,2,999,0,1.4,93.918,-42.7,4.963,5228.1,999.0,0,1.0,0.0,0.0,1,8,0.0,5,7,1,1
24510,31.0,3,999,0,1.1,93.994,-36.4,4.857,5191.0,999.0,0,0.0,0.0,1.0,2,8,0.0,4,5,1,1
24511,43.0,1,999,0,-0.1,93.2,-42.0,4.343,5195.8,999.0,0,0.0,0.0,1.0,2,8,0.0,9,11,1,1
24512,25.0,4,999,0,1.4,93.918,-42.7,4.962,5228.1,999.0,0,1.0,0.0,1.0,1,8,0.0,4,7,1,1
24513,41.0,2,999,0,1.4,93.444,-36.1,4.966,5228.1,999.0,0,1.0,1.0,0.0,3,8,0.0,5,8,1,1
24514,31.0,1,999,0,1.4,93.918,-42.7,4.962,5228.1,999.0,0,1.0,0.0,0.0,3,8,0.0,9,7,1,1
24515,26.0,4,999,0,1.4,94.465,-41.8,4.959,5228.1,999.0,0,0.0,0.0,1.0,1,5,0.0,6,6,1,1
24516,53.0,1,999,0,1.1,93.994,-36.4,4.857,5191.0,999.0,0,1.0,0.0,1.0,2,2,0.0,4,5,2,1
24517,38.0,2,999,0,1.4,93.444,-36.1,4.968,5228.1,999.0,0,1.0,0.0,0.0,2,7,0.0,2,8,1,1
24518,35.0,2,999,0,-1.8,92.893,-46.2,1.266,5099.1,999.0,0,1.0,0.0,0.0,2,8,0.0,9,5,1,1
24519,40.0,3,999,0,1.4,93.918,-42.7,4.963,5228.1,999.0,0,0.0,0.0,0.0,3,5,0.0,6,7,1,1
24520,33.0,1,999,0,1.4,93.444,-36.1,4.963,5228.1,999.0,0,1.0,0.0,0.0,2,6,0.0,5,8,1,1
24521,30.0,5,999,0,1.4,93.444,-36.1,4.965,5228.1,999.0,0,0.0,0.0,0.0,3,7,0.0,5,8,2,1
24522,26.0,1,999,0,1.1,93.994,-36.4,4.858,5191.0,999.0,0,1.0,1.0,1.0,2,7,0.0,6,5,1,1
24523,25.0,2,999,0,-1.8,92.893,-46.2,1.266,5099.1,999.0,0,1.0,0.0,0.0,1,3,0.0,4,5,1,1
24524,56.0,1,999,1,-0.1,93.2,-42.0,4.12,5195.8,999.0,1,1.0,1.0,0.0,2,8,0.0,3,11,1,2
24525,56.0,2,999,0,-0.1,93.2,-42.0,4.12,5195.8,999.0,0,0.0,0.0,0.0,2,7,0.0,3,11,1,1
24526,42.0,1,999,0,-2.9,92.201,-31.4,0.879,5076.2,999.0,0,1.0,0.0,0.0,2,6,0.0,5,8,1,1
24527,31.0,1,999,0,-0.1,93.2,-42.0,4.076,5195.8,999.0,0,1.0,0.0,0.0,1,5,0.0,9,11,1,1
24528,43.0,3,999,0,1.1,93.994,-36.4,4.864,5191.0,999.0,0,0.0,0.0,1.0,2,8,0.0,6,5,1,1
24529,31.0,1,999,0,1.4,93.918,-42.7,4.963,5228.1,999.0,0,0.0,0.0,1.0,2,5,0.0,4,7,1,1
24530,46.0,2,999,0,-1.8,93.075,-47.1,1.405,5099.1,999.0,0,0.0,0.0,0.0,1,8,0.0,4,4,2,1
24531,31.0,1,999,1,-0.1,93.2,-42.0,4.191,5195.8,999.0,4,1.0,0.0,0.0,2,6,0.0,5,11,2,2
24532,31.0,4,999,0,-1.8,92.893,-46.2,1.291,5099.1,999.0,0,0.0,0.0,0.0,2,8,0.0,4,5,1,1
24533,48.0,1,999,0,-0.1,93.2,-42.0,4.191,5195.8,999.0,0,0.0,0.0,1.0,2,8,0.0,5,11,2,1
24534,32.0,4,999,1,-1.8,93.876,-40.0,0.684,5008.7,999.0,3,0.0,0.0,1.0,2,7,0.0,6,5,1,2
24535,55.0,2,999,0,1.4,93.444,-36.1,4.962,5228.1,999.0,0,0.0,1.0,0.0,2,5,0.0,5,8,1,1
24536,31.0,1,999,2,-1.7,94.215,-40.3,0.79,4991.6,999.0,2,1.0,0.0,0.0,2,8,0.0,6,7,1,2
24537,46.0,1,999,0,1.1,93.994,-36.4,4.856,5191.0,999.0,0,0.0,0.0,1.0,2,8,0.0,6,5,1,1
24538,46.0,5,999,2,-1.8,93.075,-47.1,1.445,5099.1,999.0,2,0.0,0.0,0.0,3,8,0.0,4,4,1,2
24539,38.0,2,999,0,-0.1,93.2,-42.0,4.12,5195.8,999.0,0,1.0,1.0,0.0,2,6,0.0,4,11,1,1
24540,46.0,1,999,0,1.4,93.444,-36.1,4.97,5228.1,999.0,0,0.0,0.0,0.0,2,8,0.0,4,8,2,1
24541,35.0,3,999,0,-1.8,92.893,-46.2,1.291,5099.1,999.0,0,1.0,1.0,0.0,1,5,0.0,4,5,1,1
24542,39.0,1,999,0,1.4,93.918,-42.7,4.963,5228.1,999.0,0,1.0,0.0,0.0,2,8,0.0,6,7,1,1
24543,31.0,1,999,0,-1.8,93.075,-47.1,1.365,5099.1,999.0,0,0.0,0.0,0.0,2,4,0.0,4,4,1,1
24544,33.0,1,999,1,-1.8,92.893,-46.2,1.244,5099.1,999.0,3,0.0,0.0,0.0,2,2,0.0,10,5,2,2
24545,31.0,2,999,0,1.4,94.465,-41.8,4.961,5228.1,999.0,0,1.0,0.0,1.0,2,5,0.0,6,6,1,1
24546,33.0,2,999,0,1.1,93.994,-36.4,4.857,5191.0,999.0,0,1.0,0.0,1.0,2,5,0.0,6,5,1,1
24547,31.0,1,999,0,1.4,93.444,-36.1,4.966,5228.1,999.0,0,1.0,1.0,0.0,1,8,0.0,6,8,1,1
24548,31.0,2,999,0,-1.8,92.893,-46.2,1.291,5099.1,999.0,0,1.0,0.0,0.0,1,8,0.0,11,5,1,1
24549,47.0,1,999,0,1.1,93.994,-36.4,4.857,5191.0,999.0,0,0.0,0.0,1.0,3,7,0.0,3,5,1,1
24550,85.0,1,999,0,-1.8,93.749,-34.6,0.642,5008.7,999.0,0,0.0,0.0,0.0,2,2,0.0,2,4,1,1
24551,33.0,1,999,0,-1.8,93.075,-47.1,1.365,5099.1,999.0,0,0.0,0.0,0.0,1,2,0.0,4,4,1,1
24552,47.0,1,999,0,-1.8,92.893,-46.2,1.344,5099.1,999.0,0,1.0,0.0,0.0,2,8,0.0,5,5,1,1
24553,27.0,1,999,0,1.4,93.918,-42.7,4.963,5228.1,999.0,0,0.0,0.0,0.0,1,4,0.0,11,7,1,1
24554,31.0,1,999,0,-1.8,93.075,-47.1,1.445,5099.1,999.0,0,1.0,1.0,0.0,1,7,0.0,6,4,1,1
24555,31.0,2,999,0,1.4,93.918,-42.7,4.957,5228.1,999.0,0,0.0,0.0,1.0,3,4,0.0,4,7,1,1
24556,54.0,2,999,0,1.4,93.444,-36.1,4.963,5228.1,999.0,0,1.0,1.0,0.0,2,8,0.0,4,8,1,1
24557,35.0,3,999,0,1.1,93.994,-36.4,4.857,5191.0,999.0,0,0.0,0.0,1.0,2,8,0.0,6,5,1,1
24558,33.0,4,999,0,1.4,94.465,-41.8,4.865,5228.1,999.0,0,1.0,0.0,1.0,1,4,0.0,4,6,2,1
24559,45.0,2,999,0,1.4,93.918,-42.7,4.962,5228.1,999.0,0,1.0,0.0,1.0,2,8,0.0,6,7,1,1
24560,31.0,4,999,0,-0.1,93.2,-42.0,4.12,5195.8,999.0,0,0.0,0.0,0.0,2,4,0.0,4,11,1,1
24561,44.0,1,999,0,1.4,93.444,-36.1,4.97,5228.1,999.0,0,0.0,0.0,0.0,2,6,0.0,9,8,1,1
24562,31.0,2,999,0,-1.8,92.893,-46.2,1.266,5099.1,999.0,0,0.0,0.0,0.0,3,7,0.0,8,5,1,1
24563,55.0,1,999,0,-1.8,93.075,-47.1,1.405,5099.1,999.0,0,0.0,0.0,0.0,2,2,0.0,6,4,1,1
24564,35.0,3,999,0,1.1,93.994,-36.4,4.864,5191.0,999.0,0,0.0,0.0,1.0,2,8,0.0,4,5,1,1
24565,21.0,1,7,2,-3.4,92.649,-30.1,0.715,5017.5,0.233333333333,6,0.0,0.0,0.0,1,8,0.0,11,11,1,2
24566,34.0,2,999,0,-1.8,92.893,-46.2,1.327,5099.1,999.0,0,0.0,0.0,0.0,1,5,0.0,9,5,1,1
24567,37.0,2,999,0,-1.8,92.893,-46.2,1.244,5099.1,999.0,0,1.0,0.0,0.0,2,4,0.0,4,5,2,1
24568,36.0,1,999,0,-3.4,92.379,-29.8,0.766,5017.5,999.0,0,0.0,0.0,0.0,2,8,0.0,6,9,1,1
24569,24.0,3,999,0,-1.8,92.893,-46.2,1.25,5099.1,999.0,0,1.0,0.0,0.0,1,5,0.0,4,5,1,1
24570,26.0,2,999,0,-2.9,92.963,-40.8,1.244,5076.2,999.0,0,1.0,0.0,0.0,1,7,0.0,1,6,1,1
24571,40.0,2,999,0,1.1,93.994,-36.4,4.858,5191.0,999.0,0,0.0,0.0,1.0,3,5,0.0,9,5,1,1
24572,31.0,2,999,0,-0.1,93.2,-42.0,4.153,5195.8,999.0,0,0.0,0.0,0.0,2,7,0.0,6,11,1,1
24573,52.0,1,999,0,-0.1,93.2,-42.0,4.153,5195.8,999.0,0,1.0,0.0,0.0,2,8,0.0,9,11,1,1
24574,33.0,1,999,0,-1.8,92.893,-46.2,1.327,5099.1,999.0,0,1.0,0.0,0.0,2,4,0.0,4,5,1,1
24575,31.0,3,999,0,-0.1,93.2,-42.0,4.12,5195.8,999.0,0,0.0,0.0,0.0,1,7,0.0,5,11,1,1
24576,68.0,2,11,1,-1.8,93.369,-34.8,0.635,5008.7,0.366666666667,2,1.0,0.0,0.0,3,8,0.0,8,3,1,3
24577,53.0,1,999,0,1.4,93.918,-42.7,4.962,5228.1,999.0,0,1.0,0.0,0.0,2,7,0.0,7,7,1,1
24578,31.0,2,999,0,1.1,93.994,-36.4,4.856,5191.0,999.0,0,1.0,1.0,1.0,2,4,0.0,4,5,1,1
24579,51.0,4,999,0,1.4,93.918,-42.7,4.962,5228.1,999.0,0,1.0,1.0,0.0,2,6,0.0,5,7,1,1
24580,31.0,5,999,0,1.4,93.918,-42.7,4.96,5228.1,999.0,0,1.0,0.0,1.0,2,4,0.0,6,7,2,1
24581,33.0,2,999,0,-1.8,92.893,-46.2,1.244,5099.1,999.0,0,0.0,0.0,0.0,2,6,0.0,5,5,2,1
24582,31.0,1,6,1,-1.7,94.215,-40.3,0.896,4991.6,0.2,2,1.0,0.0,0.0,2,8,0.0,3,7,1,3
24583,41.0,1,999,0,-0.1,93.2,-42.0,4.191,5195.8,999.0,0,1.0,0.0,0.0,2,8,0.0,3,11,2,1
24584,46.0,1,6,1,-3.0,92.713,-33.0,0.706,5023.5,0.2,1,1.0,0.0,0.0,1,8,0.0,12,12,2,3
24585,57.0,2,999,0,1.4,93.444,-36.1,4.967,5228.1,999.0,0,1.0,0.0,0.0,2,8,0.0,4,8,1,1
24586,58.0,1,999,0,-2.9,92.963,-40.8,1.26,5076.2,999.0,0,1.0,0.0,0.0,2,8,0.0,4,6,1,1
24587,29.0,1,999,1,-0.1,93.2,-42.0,4.076,5195.8,999.0,1,0.0,0.0,0.0,2,6,0.0,5,11,1,2
24588,37.0,2,999,0,-1.8,92.893,-46.2,1.25,5099.1,999.0,0,1.0,1.0,0.0,3,5,0.0,6,5,1,1
24589,34.0,4,999,0,1.1,93.994,-36.4,4.857,5191.0,999.0,0,1.0,0.0,1.0,1,5,0.0,6,5,1,1
24590,43.0,1,999,0,-1.8,92.893,-46.2,1.313,5099.1,999.0,0,0.0,0.0,0.0,2,4,0.0,4,5,1,1
24591,42.0,3,999,0,1.4,93.918,-42.7,4.963,5228.1,999.0,0,1.0,0.0,0.0,1,5,0.0,6,7,1,1
24592,29.0,1,999,1,-0.1,93.2,-42.0,4.12,5195.8,999.0,0,1.0,1.0,0.0,2,8,0.0,4,11,1,2
24593,41.0,2,999,0,1.4,93.444,-36.1,4.966,5228.1,999.0,0,0.0,1.0,0.0,2,8,0.0,5,8,1,1
24594,36.0,2,999,0,1.4,93.444,-36.1,4.965,5228.1,999.0,0,0.0,0.0,0.0,2,5,0.0,5,8,2,1
24595,45.0,1,999,0,1.4,93.444,-36.1,4.964,5228.1,999.0,0,1.0,0.0,0.0,2,5,0.0,9,8,1,1
24596,49.0,1,999,0,-0.1,93.2,-42.0,4.12,5195.8,999.0,0,0.0,0.0,0.0,3,4,0.0,4,11,1,1
24597,31.0,1,999,0,-1.8,92.893,-46.2,1.299,5099.1,999.0,0,1.0,0.0,0.0,2,3,0.0,4,5,2,1
24598,30.0,1,999,0,-3.4,92.431,-26.9,0.74,5017.5,999.0,0,0.0,0.0,1.0,1,8,0.0,1,10,1,1
24599,42.0,2,999,1,-0.1,93.2,-42.0,4.191,5195.8,999.0,0,0.0,0.0,0.0,2,5,0.0,6,11,2,2
24600,31.0,2,999,0,1.1,93.994,-36.4,4.856,5191.0,999.0,0,0.0,0.0,1.0,2,8,0.0,4,5,1,1
24601,31.0,1,999,0,1.4,93.444,-36.1,4.964,5228.1,999.0,0,0.0,0.0,0.0,1,8,0.0,6,8,1,1
24602,48.0,2,999,0,-1.8,93.075,-47.1,1.405,5099.1,999.0,0,0.0,0.0,0.0,2,8,0.0,4,4,1,1
24603,28.0,2,999,1,-1.8,92.893,-46.2,1.266,5099.1,999.0,2,1.0,1.0,0.0,1,8,0.0,5,5,1,2
24604,24.0,1,999,1,-1.8,93.075,-47.1,1.423,5099.1,999.0,2,1.0,0.0,1.0,1,5,0.0,9,4,1,2
24605,31.0,3,999,0,1.4,94.465,-41.8,4.959,5228.1,999.0,0,0.0,0.0,1.0,2,6,0.0,6,6,1,1
24606,42.0,3,999,0,1.4,93.444,-36.1,4.968,5228.1,999.0,0,1.0,0.0,0.0,2,6,0.0,5,8,1,1
24607,31.0,1,999,0,1.4,93.918,-42.7,4.957,5228.1,999.0,0,0.0,0.0,0.0,2,4,0.0,4,7,1,1
24608,46.0,3,999,0,1.4,93.444,-36.1,4.965,5228.1,999.0,0,1.0,0.0,0.0,2,5,0.0,9,8,1,1
24609,40.0,3,999,0,1.4,93.444,-36.1,4.965,5228.1,999.0,0,0.0,0.0,0.0,2,6,0.0,5,8,2,1
24610,46.0,1,999,0,1.1,93.994,-36.4,4.859,5191.0,999.0,0,1.0,1.0,1.0,3,8,0.0,3,5,1,1
24611,56.0,1,999,1,-1.8,93.876,-40.0,0.701,5008.7,999.0,3,0.0,0.0,0.0,2,8,0.0,10,5,2,2
24612,32.0,3,999,0,-1.8,92.843,-50.0,1.52,5099.1,999.0,0,1.0,1.0,0.0,2,7,0.0,6,3,2,1
24613,51.0,2,999,0,1.4,94.465,-41.8,4.962,5228.1,999.0,0,1.0,1.0,1.0,3,8,0.0,4,6,1,1
24614,31.0,5,999,0,1.4,93.918,-42.7,4.96,5228.1,999.0,0,0.0,0.0,0.0,2,2,0.0,2,7,2,1
24615,38.0,1,999,0,-1.8,93.075,-47.1,1.405,5099.1,999.0,0,1.0,0.0,0.0,1,5,0.0,5,4,1,1
24616,39.0,3,999,0,1.1,93.994,-36.4,4.856,5191.0,999.0,0,1.0,0.0,1.0,2,4,0.0,9,5,1,1
24617,43.0,3,999,0,1.1,93.994,-36.4,4.858,5191.0,999.0,0,1.0,1.0,1.0,2,5,0.0,4,5,1,1
24618,49.0,8,999,0,1.1,93.994,-36.4,4.859,5191.0,999.0,0,0.0,0.0,1.0,2,8,0.0,4,5,1,1
24619,48.0,2,999,0,1.4,93.918,-42.7,4.962,5228.1,999.0,0,1.0,1.0,1.0,1,8,0.0,6,7,1,1
24620,47.0,2,999,0,1.1,93.994,-36.4,4.856,5191.0,999.0,0,1.0,1.0,1.0,2,8,0.0,4,5,1,1
24621,31.0,2,999,0,-1.1,94.601,-49.5,0.987,4963.6,999.0,0,0.0,0.0,0.0,1,8,0.0,6,10,1,1
24622,36.0,2,999,0,1.1,93.994,-36.4,4.857,5191.0,999.0,0,0.0,0.0,1.0,2,6,0.0,5,5,1,1
24623,38.0,1,999,0,1.4,93.918,-42.7,4.963,5228.1,999.0,0,1.0,1.0,0.0,2,7,0.0,5,7,1,1
24624,58.0,2,999,0,1.1,93.994,-36.4,4.856,5191.0,999.0,0,0.0,1.0,1.0,2,2,0.0,6,5,1,1
24625,36.0,3,999,0,1.1,93.994,-36.4,4.857,5191.0,999.0,0,1.0,1.0,1.0,1,8,0.0,4,5,2,1
24626,31.0,5,999,0,1.4,93.444,-36.1,4.967,5228.1,999.0,0,0.0,0.0,0.0,2,8,0.0,5,8,1,1
24627,42.0,3,999,0,1.4,94.465,-41.8,4.967,5228.1,999.0,0,1.0,0.0,1.0,2,7,0.0,1,6,1,1
24628,38.0,1,999,0,1.4,94.465,-41.8,4.864,5228.1,999.0,0,0.0,0.0,1.0,2,6,0.0,5,6,1,1
24629,55.0,3,999,0,1.4,93.444,-36.1,4.965,5228.1,999.0,0,0.0,0.0,0.0,2,7,0.0,3,8,2,1
24630,47.0,6,999,0,1.4,93.918,-42.7,4.963,5228.1,999.0,0,1.0,0.0,0.0,2,4,0.0,1,7,1,1
24631,36.0,1,999,0,1.1,93.994,-36.4,4.855,5191.0,999.0,0,1.0,0.0,1.0,2,3,0.0,9,5,1,1
24632,32.0,11,999,0,1.4,94.465,-41.8,4.961,5228.1,999.0,0,0.0,0.0,1.0,1,5,0.0,10,6,1,1
24633,44.0,3,999,0,1.1,93.994,-36.4,4.857,5191.0,999.0,0,1.0,0.0,1.0,2,8,0.0,4,5,1,1
24634,30.0,3,999,0,1.4,93.444,-36.1,4.965,5228.1,999.0,0,1.0,0.0,0.0,2,7,0.0,3,8,2,1
24635,32.0,3,999,0,1.4,93.444,-36.1,4.965,5228.1,999.0,0,0.0,1.0,0.0,2,7,0.0,6,8,1,1
24636,27.0,2,999,0,1.1,93.994,-36.4,4.856,5191.0,999.0,0,1.0,1.0,1.0,1,7,0.0,6,5,1,1
24637,48.0,1,8,1,-3.0,92.713,-33.0,0.72,5023.5,0.266666666667,1,0.0,1.0,0.0,2,5,0.0,6,12,1,3
24638,31.0,1,999,2,-3.4,92.649,-30.1,0.719,5017.5,999.0,2,1.0,0.0,0.0,2,8,0.0,4,11,2,2
24639,56.0,2,999,0,1.1,93.994,-36.4,4.855,5191.0,999.0,0,1.0,0.0,1.0,2,2,0.0,4,5,1,1
24640,48.0,2,4,1,-2.9,92.963,-40.8,1.26,5076.2,0.133333333333,1,1.0,0.0,0.0,2,7,0.0,6,6,1,3
24641,60.0,2,999,0,-1.8,92.893,-46.2,1.354,5099.1,999.0,0,1.0,0.0,0.0,2,7,0.0,6,5,2,1
24642,25.0,1,999,0,1.1,93.994,-36.4,4.855,5191.0,999.0,0,0.0,0.0,1.0,2,8,0.0,4,5,1,1
24643,31.0,2,999,0,1.1,93.994,-36.4,4.856,5191.0,999.0,0,1.0,1.0,1.0,2,6,0.0,5,5,1,1
24644,44.0,8,999,0,1.4,94.465,-41.8,4.959,5228.1,999.0,0,0.0,0.0,1.0,2,4,0.0,10,6,1,1
24645,31.0,1,999,0,-1.8,93.075,-47.1,1.365,5099.1,999.0,0,0.0,0.0,0.0,3,6,0.0,8,4,1,1
24646,41.0,3,999,0,1.4,94.465,-41.8,4.96,5228.1,999.0,0,0.0,0.0,1.0,1,7,0.0,5,6,2,1
24647,38.0,4,999,0,1.1,93.994,-36.4,4.857,5191.0,999.0,0,0.0,0.0,1.0,2,5,0.0,6,5,1,1
24648,53.0,1,999,0,1.1,93.994,-36.4,4.859,5191.0,999.0,0,0.0,0.0,1.0,2,4,0.0,4,5,1,1
24649,31.0,3,999,0,-1.8,92.893,-46.2,1.299,5099.1,999.0,0,1.0,0.0,0.0,2,7,0.0,6,5,2,1
24650,31.0,15,999,0,1.4,94.465,-41.8,4.959,5228.1,999.0,0,1.0,1.0,1.0,1,4,0.0,6,6,1,1
24651,34.0,3,999,0,1.4,93.918,-42.7,4.961,5228.1,999.0,0,1.0,0.0,0.0,3,3,0.0,5,7,1,1
24652,33.0,1,999,0,-0.1,93.2,-42.0,4.153,5195.8,999.0,0,1.0,0.0,0.0,2,8,0.0,3,11,1,1
24653,35.0,2,999,0,1.4,93.918,-42.7,4.962,5228.1,999.0,0,0.0,0.0,0.0,2,8,0.0,6,7,2,1
24654,48.0,5,999,0,1.4,93.918,-42.7,4.963,5228.1,999.0,0,0.0,0.0,0.0,2,8,0.0,5,7,1,1
24655,31.0,1,999,0,1.1,93.994,-36.4,4.857,5191.0,999.0,0,0.0,0.0,1.0,2,5,0.0,6,5,2,1
24656,31.0,3,999,0,1.4,94.465,-41.8,4.959,5228.1,999.0,0,1.0,0.0,1.0,2,5,0.0,9,6,1,1
24657,42.0,1,999,0,1.1,93.994,-36.4,4.859,5191.0,999.0,0,1.0,0.0,1.0,2,7,0.0,3,5,1,1
24658,31.0,1,999,0,-0.1,93.2,-42.0,4.076,5195.8,999.0,0,0.0,0.0,0.0,2,7,0.0,6,11,1,1
24659,31.0,2,999,0,1.1,93.994,-36.4,4.864,5191.0,999.0,0,1.0,0.0,1.0,2,7,0.0,6,5,1,1
24660,35.0,2,999,0,-3.4,92.431,-26.9,0.74,5017.5,999.0,0,1.0,0.0,0.0,2,7,0.0,6,10,1,1
24661,31.0,2,999,0,-0.1,93.2,-42.0,4.021,5195.8,999.0,0,0.0,0.0,0.0,2,7,0.0,1,11,1,1
24662,30.0,2,999,0,1.4,93.918,-42.7,4.963,5228.1,999.0,0,1.0,0.0,0.0,1,8,0.0,9,7,1,1
24663,46.0,8,999,0,1.4,93.444,-36.1,4.964,5228.1,999.0,0,0.0,1.0,0.0,2,2,0.0,4,8,1,1
24664,31.0,4,999,0,1.4,93.444,-36.1,4.963,5228.1,999.0,0,1.0,0.0,0.0,3,8,0.0,5,8,2,1
24665,28.0,4,999,0,1.4,93.918,-42.7,4.962,5228.1,999.0,0,1.0,0.0,0.0,2,8,0.0,4,7,1,1
24666,42.0,3,999,0,1.1,93.994,-36.4,4.857,5191.0,999.0,0,1.0,0.0,1.0,3,5,0.0,6,5,1,1
24667,35.0,3,999,0,1.4,93.918,-42.7,4.96,5228.1,999.0,0,0.0,0.0,0.0,2,6,0.0,5,7,2,1
24668,55.0,1,999,0,1.1,93.994,-36.4,4.855,5191.0,999.0,0,1.0,0.0,1.0,2,8,0.0,9,5,1,1
24669,52.0,3,999,0,1.4,93.918,-42.7,4.968,5228.1,999.0,0,0.0,0.0,0.0,2,8,0.0,4,7,1,1
24670,36.0,1,999,0,1.4,93.444,-36.1,4.966,5228.1,999.0,0,1.0,1.0,0.0,2,8,0.0,5,8,1,1
24671,31.0,3,999,0,1.4,93.444,-36.1,4.965,5228.1,999.0,0,1.0,0.0,0.0,2,8,0.0,6,8,2,1
24672,31.0,2,999,1,-1.8,93.075,-47.1,1.405,5099.1,999.0,3,1.0,0.0,0.0,1,7,0.0,6,4,1,2
24673,41.0,6,999,0,1.4,94.465,-41.8,4.959,5228.1,999.0,0,1.0,0.0,1.0,2,4,0.0,4,6,1,1
24674,35.0,2,999,0,1.4,94.465,-41.8,4.959,5228.1,999.0,0,1.0,0.0,1.0,2,8,0.0,4,6,1,1
24675,55.0,2,999,0,-0.1,93.2,-42.0,4.021,5195.8,999.0,0,1.0,0.0,0.0,2,7,0.0,3,11,1,1
24676,41.0,2,999,0,1.1,93.994,-36.4,4.857,5191.0,999.0,0,1.0,0.0,1.0,1,8,0.0,6,5,2,1
24677,29.0,1,6,1,-1.8,92.893,-46.2,1.327,5099.1,0.2,1,0.0,0.0,0.0,2,5,0.0,6,5,1,3
24678,45.0,3,999,0,-0.1,93.2,-42.0,4.076,5195.8,999.0,0,1.0,0.0,0.0,2,6,0.0,3,11,1,1
24679,54.0,2,999,0,-1.8,93.075,-47.1,1.483,5099.1,999.0,0,1.0,0.0,1.0,2,8,0.0,4,4,1,1
24680,58.0,3,999,0,1.4,94.465,-41.8,4.967,5228.1,999.0,0,0.0,0.0,1.0,3,8,0.0,5,6,1,1
24681,31.0,1,999,0,1.4,93.444,-36.1,4.963,5228.1,999.0,0,1.0,0.0,0.0,2,7,0.0,6,8,1,1
24682,31.0,1,999,0,1.1,93.994,-36.4,4.856,5191.0,999.0,0,0.0,0.0,1.0,2,4,0.0,4,5,1,1
24683,36.0,4,999,0,1.4,93.918,-42.7,4.96,5228.1,999.0,0,1.0,0.0,0.0,1,4,0.0,4,7,2,1
24684,31.0,1,999,1,-0.1,93.2,-42.0,4.021,5195.8,999.0,2,1.0,0.0,0.0,2,8,0.0,6,11,1,2
24685,31.0,1,999,0,1.1,93.994,-36.4,4.857,5191.0,999.0,0,0.0,1.0,1.0,2,6,0.0,1,5,1,1
24686,21.0,4,999,1,-1.8,93.075,-47.1,1.405,5099.1,999.0,0,0.0,0.0,0.0,1,5,0.0,11,4,2,2
24687,45.0,4,999,0,-1.8,92.893,-46.2,1.25,5099.1,999.0,0,0.0,0.0,1.0,3,8,0.0,7,5,1,1
24688,24.0,5,999,0,1.4,93.918,-42.7,4.962,5228.1,999.0,0,1.0,0.0,0.0,1,8,0.0,5,7,1,1
24689,45.0,1,999,0,1.4,93.918,-42.7,4.962,5228.1,999.0,0,0.0,0.0,0.0,2,5,0.0,9,7,1,1
24690,51.0,1,999,0,-1.8,92.893,-46.2,1.344,5099.1,999.0,0,1.0,0.0,0.0,2,6,0.0,4,5,1,1
24691,50.0,2,999,0,1.4,94.465,-41.8,4.959,5228.1,999.0,0,1.0,0.0,1.0,2,3,0.0,5,6,1,1
24692,31.0,1,999,0,1.1,93.994,-36.4,4.857,5191.0,999.0,0,0.0,0.0,1.0,2,5,0.0,4,5,1,1
24693,31.0,3,999,0,-1.8,92.893,-46.2,1.266,5099.1,999.0,0,0.0,0.0,0.0,2,5,0.0,8,5,1,1
24694,29.0,2,13,1,-1.7,94.055,-39.8,0.723,4991.6,0.433333333333,1,1.0,0.0,0.0,2,5,0.0,6,6,1,3
24695,35.0,2,999,1,-1.8,92.893,-46.2,1.291,5099.1,999.0,0,0.0,0.0,0.0,1,8,0.0,6,5,1,2
24696,59.0,2,999,0,1.4,93.918,-42.7,4.959,5228.1,999.0,0,0.0,0.0,1.0,2,8,0.0,8,7,1,1
24697,54.0,1,999,0,1.1,93.994,-36.4,4.857,5191.0,999.0,0,1.0,0.0,1.0,2,2,0.0,3,5,2,1
24698,32.0,1,999,0,1.4,94.465,-41.8,4.962,5228.1,999.0,0,0.0,0.0,1.0,2,6,0.0,5,6,1,1
24699,41.0,1,999,0,1.4,94.465,-41.8,4.961,5228.1,999.0,0,1.0,1.0,1.0,2,7,0.0,6,6,1,1
24700,43.0,2,9,1,-1.8,93.369,-34.8,0.652,5008.7,0.3,3,1.0,0.0,0.0,2,7,0.0,1,3,2,3
24701,26.0,1,999,0,-1.7,94.215,-40.3,0.822,4991.6,999.0,0,1.0,0.0,1.0,1,5,0.0,10,7,1,1
24702,72.0,2,999,1,-2.9,92.201,-31.4,0.873,5076.2,999.0,4,1.0,1.0,0.0,3,2,0.0,8,8,1,2
24703,31.0,1,999,0,-0.1,93.2,-42.0,4.12,5195.8,999.0,0,0.0,0.0,1.0,1,5,0.0,4,11,1,1
24704,31.0,1,11,1,-1.8,92.893,-46.2,1.327,5099.1,0.366666666667,0,1.0,1.0,0.0,1,8,0.0,5,5,1,3
24705,29.0,1,999,0,1.1,93.994,-36.4,4.858,5191.0,999.0,0,1.0,0.0,1.0,1,7,0.0,5,5,2,1
24706,31.0,2,999,0,1.4,93.918,-42.7,4.961,5228.1,999.0,0,0.0,0.0,0.0,2,8,0.0,2,7,1,1
24707,31.0,1,999,0,1.4,94.465,-41.8,4.864,5228.1,999.0,0,0.0,0.0,1.0,3,8,0.0,6,6,1,1
24708,35.0,2,999,1,-1.8,92.893,-46.2,1.281,5099.1,999.0,1,0.0,0.0,0.0,2,6,0.0,5,5,1,2
24709,47.0,1,999,1,-1.8,93.075,-47.1,1.405,5099.1,999.0,2,0.0,1.0,0.0,2,5,0.0,3,4,1,2
24710,42.0,3,999,0,1.4,94.465,-41.8,4.959,5228.1,999.0,0,1.0,0.0,1.0,2,2,0.0,4,6,1,1
24711,30.0,3,999,0,1.4,93.444,-36.1,4.964,5228.1,999.0,0,1.0,0.0,0.0,1,7,0.0,6,8,1,1
24712,31.0,2,999,1,-1.8,92.893,-46.2,1.266,5099.1,999.0,1,0.0,0.0,0.0,1,8,0.0,4,5,1,2
24713,29.0,4,999,0,1.4,94.465,-41.8,4.967,5228.1,999.0,0,0.0,0.0,1.0,2,7,0.0,6,6,1,1
24714,49.0,1,999,1,-1.8,92.893,-46.2,1.313,5099.1,999.0,1,1.0,0.0,0.0,3,7,0.0,6,5,1,2
24715,31.0,6,999,0,1.4,94.465,-41.8,4.96,5228.1,999.0,0,0.0,0.0,1.0,2,4,0.0,4,6,2,1
24716,49.0,6,999,0,1.4,94.465,-41.8,4.959,5228.1,999.0,0,0.0,0.0,1.0,3,8,0.0,3,6,1,1
24717,31.0,1,999,0,1.4,93.918,-42.7,4.962,5228.1,999.0,0,0.0,0.0,0.0,3,8,0.0,9,7,1,1
24718,31.0,1,999,0,1.4,93.444,-36.1,4.963,5228.1,999.0,0,1.0,0.0,0.0,2,8,0.0,2,8,1,1
24719,33.0,1,999,0,1.1,93.994,-36.4,4.864,5191.0,999.0,0,0.0,0.0,1.0,2,8,0.0,6,5,1,1
24720,31.0,4,999,0,-1.8,92.893,-46.2,1.244,5099.1,999.0,0,1.0,1.0,0.0,2,8,0.0,6,5,2,1
24721,40.0,2,999,1,-1.8,93.075,-47.1,1.41,5099.1,999.0,1,1.0,0.0,0.0,1,5,0.0,9,4,1,2
24722,52.0,16,999,0,1.1,93.994,-36.4,4.856,5191.0,999.0,0,1.0,1.0,1.0,2,4,0.0,4,5,1,1
24723,48.0,2,999,0,-1.8,92.893,-46.2,1.266,5099.1,999.0,0,1.0,1.0,0.0,1,2,0.0,9,5,1,1
24724,52.0,8,999,0,1.4,94.465,-41.8,4.865,5228.1,999.0,0,1.0,0.0,1.0,3,8,0.0,5,6,2,1
24725,35.0,10,999,0,1.4,93.444,-36.1,4.962,5228.1,999.0,0,1.0,0.0,0.0,2,7,0.0,6,8,1,1
24726,22.0,1,999,0,1.1,93.994,-36.4,4.857,5191.0,999.0,0,0.0,0.0,1.0,1,8,0.0,9,5,1,1
24727,31.0,7,999,0,-1.8,92.893,-46.2,1.266,5099.1,999.0,0,0.0,1.0,0.0,2,8,0.0,4,5,1,1
24728,88.0,2,999,0,-1.8,92.843,-50.0,1.663,5099.1,999.0,0,0.0,0.0,0.0,3,8,0.0,8,3,1,1
24729,25.0,1,3,1,-3.4,92.379,-29.8,0.778,5017.5,0.1,2,0.0,0.0,0.0,1,5,0.0,6,9,1,3
24730,35.0,1,999,0,-1.8,92.893,-46.2,1.299,5099.1,999.0,0,0.0,0.0,0.0,1,8,0.0,6,5,2,1
24731,38.0,2,999,1,-1.8,93.075,-47.1,1.405,5099.1,999.0,1,1.0,1.0,0.0,3,8,0.0,10,4,1,2
24732,33.0,2,999,0,-1.8,92.893,-46.2,1.244,5099.1,999.0,0,1.0,0.0,0.0,2,6,0.0,5,5,2,1
24733,35.0,2,999,1,-1.8,93.075,-47.1,1.453,5099.1,999.0,2,0.0,0.0,0.0,2,5,0.0,6,4,1,2
24734,40.0,2,999,0,-1.8,93.075,-47.1,1.405,5099.1,999.0,0,0.0,0.0,0.0,1,5,0.0,9,4,2,1
24735,37.0,1,999,0,1.1,93.994,-36.4,4.859,5191.0,999.0,0,0.0,0.0,1.0,2,8,0.0,4,5,1,1
24736,25.0,4,999,0,1.4,93.918,-42.7,4.961,5228.1,999.0,0,1.0,0.0,0.0,2,8,0.0,4,7,1,1
24737,36.0,1,999,0,1.1,93.994,-36.4,4.856,5191.0,999.0,0,1.0,1.0,1.0,2,8,0.0,1,5,1,1
24738,31.0,1,999,0,1.1,93.994,-36.4,4.858,5191.0,999.0,0,0.0,0.0,1.0,2,4,0.0,4,5,2,1
24739,35.0,2,999,0,1.1,93.994,-36.4,4.857,5191.0,999.0,0,1.0,0.0,1.0,2,8,0.0,6,5,2,1
24740,41.0,2,999,1,-1.8,93.075,-47.1,1.405,5099.1,999.0,1,1.0,0.0,0.0,2,8,0.0,4,4,1,2
24741,28.0,2,999,0,-1.7,94.215,-40.3,0.846,4991.6,999.0,0,1.0,0.0,0.0,1,7,0.0,1,7,1,1
24742,36.0,2,999,0,1.1,93.994,-36.4,4.86,5191.0,999.0,0,0.0,0.0,1.0,3,7,0.0,6,5,1,1
24743,60.0,1,6,1,-1.1,94.199,-37.5,0.876,4963.6,0.2,3,0.0,0.0,0.0,2,8,0.0,8,9,1,3
24744,54.0,2,999,0,-2.9,92.469,-33.6,0.899,5076.2,999.0,0,1.0,1.0,0.0,2,7,0.0,10,7,1,1
24745,49.0,1,999,0,1.4,94.465,-41.8,4.959,5228.1,999.0,0,1.0,0.0,1.0,2,7,0.0,3,6,1,1
24746,24.0,2,999,0,1.4,93.918,-42.7,4.962,5228.1,999.0,0,1.0,0.0,0.0,1,8,0.0,11,7,1,1
24747,41.0,5,999,0,1.1,93.994,-36.4,4.855,5191.0,999.0,0,0.0,1.0,1.0,2,4,0.0,4,5,1,1
24748,43.0,1,999,0,-1.8,93.075,-47.1,1.405,5099.1,999.0,0,0.0,0.0,1.0,2,7,0.0,3,4,2,1
24749,37.0,2,999,0,1.1,93.994,-36.4,4.858,5191.0,999.0,0,1.0,1.0,1.0,2,7,0.0,5,5,1,1
24750,26.0,3,999,0,-1.8,92.893,-46.2,1.25,5099.1,999.0,0,0.0,0.0,0.0,1,7,0.0,1,5,1,1
24751,44.0,2,4,1,-2.9,92.201,-31.4,0.879,5076.2,0.133333333333,2,0.0,0.0,0.0,2,7,0.0,6,8,1,3
24752,31.0,5,999,0,1.1,93.994,-36.4,4.857,5191.0,999.0,0,0.0,0.0,1.0,2,7,0.0,1,5,1,1
24753,49.0,2,999,0,1.4,93.444,-36.1,4.964,5228.1,999.0,0,1.0,0.0,0.0,2,7,0.0,5,8,1,1
24754,30.0,1,999,0,-1.8,93.075,-47.1,1.365,5099.1,999.0,0,1.0,0.0,0.0,1,7,0.0,7,4,1,1
24755,31.0,1,999,1,-1.8,92.893,-46.2,1.281,5099.1,999.0,2,1.0,1.0,0.0,1,8,0.0,9,5,1,2
24756,31.0,1,999,0,1.4,93.918,-42.7,4.962,5228.1,999.0,0,0.0,0.0,0.0,2,8,0.0,9,7,2,1
24757,31.0,1,999,0,-2.9,92.201,-31.4,0.873,5076.2,999.0,0,1.0,0.0,0.0,1,4,0.0,4,8,1,1
24758,37.0,3,999,0,-1.8,92.893,-46.2,1.291,5099.1,999.0,0,1.0,0.0,0.0,1,8,0.0,5,5,1,1
24759,59.0,6,999,0,1.4,93.918,-42.7,4.962,5228.1,999.0,0,0.0,1.0,0.0,3,2,0.0,4,7,2,1
24760,31.0,2,999,0,1.4,93.918,-42.7,4.962,5228.1,999.0,0,1.0,0.0,0.0,2,8,0.0,3,7,1,1
24761,28.0,1,999,0,-1.8,93.075,-47.1,1.41,5099.1,999.0,0,0.0,0.0,0.0,2,8,0.0,5,4,1,1
24762,27.0,2,999,0,1.1,93.994,-36.4,4.86,5191.0,999.0,0,0.0,0.0,1.0,1,8,0.0,5,5,1,1
24763,34.0,1,999,0,1.1,93.994,-36.4,4.859,5191.0,999.0,0,0.0,0.0,1.0,2,2,0.0,4,5,1,1
24764,47.0,1,999,0,1.4,94.465,-41.8,4.959,5228.1,999.0,0,1.0,0.0,1.0,3,2,0.0,4,6,1,1
24765,32.0,1,999,0,-1.8,93.075,-47.1,1.405,5099.1,999.0,0,0.0,0.0,0.0,2,4,0.0,4,4,1,1
24766,29.0,1,999,0,-2.9,92.963,-40.8,1.262,5076.2,999.0,0,1.0,0.0,0.0,3,4,0.0,3,6,1,1
24767,31.0,1,999,1,-1.8,92.893,-46.2,1.281,5099.1,999.0,1,1.0,0.0,0.0,3,8,0.0,4,5,1,2
24768,37.0,3,999,0,1.4,93.918,-42.7,4.957,5228.1,999.0,0,1.0,0.0,0.0,2,2,0.0,4,7,1,1
24769,26.0,1,999,0,-1.8,92.893,-46.2,1.264,5099.1,999.0,0,0.0,1.0,0.0,1,7,0.0,11,5,2,1
24770,31.0,1,999,0,-3.4,92.379,-29.8,0.788,5017.5,999.0,0,0.0,0.0,0.0,2,8,0.0,5,9,1,1
24771,31.0,1,999,0,-2.9,92.201,-31.4,0.879,5076.2,999.0,0,1.0,0.0,0.0,2,7,0.0,6,8,1,1
24772,31.0,3,999,0,-1.8,92.893,-46.2,1.25,5099.1,999.0,0,0.0,0.0,0.0,1,5,0.0,6,5,1,1
24773,31.0,1,999,0,1.4,93.444,-36.1,4.966,5228.1,999.0,0,1.0,0.0,0.0,2,8,0.0,4,8,1,1
24774,33.0,2,999,0,1.4,93.444,-36.1,4.966,5228.1,999.0,0,0.0,0.0,0.0,2,6,0.0,5,8,1,1
24775,31.0,2,999,0,1.4,93.444,-36.1,4.965,5228.1,999.0,0,1.0,0.0,0.0,1,8,0.0,6,8,1,1
24776,28.0,1,999,0,-1.8,93.075,-47.1,1.435,5099.1,999.0,0,0.0,0.0,0.0,1,5,0.0,9,4,1,1
24777,31.0,2,999,0,1.4,93.444,-36.1,4.965,5228.1,999.0,0,1.0,0.0,0.0,1,8,0.0,6,8,1,1
24778,31.0,1,999,0,1.1,93.994,-36.4,4.855,5191.0,999.0,0,0.0,0.0,1.0,2,5,0.0,10,5,1,1
24779,36.0,5,999,0,-1.8,92.893,-46.2,1.344,5099.1,999.0,0,1.0,0.0,0.0,2,3,0.0,4,5,1,1
24780,26.0,1,999,0,1.4,93.918,-42.7,4.96,5228.1,999.0,0,1.0,0.0,0.0,1,4,0.0,4,7,2,1
24781,58.0,2,999,0,1.4,93.918,-42.7,4.963,5228.1,999.0,0,0.0,0.0,0.0,3,5,0.0,6,7,1,1
24782,31.0,2,999,0,-0.1,93.2,-42.0,4.12,5195.8,999.0,0,1.0,0.0,0.0,2,4,0.0,4,11,1,1
24783,37.0,3,999,0,1.1,93.994,-36.4,4.857,5191.0,999.0,0,1.0,0.0,1.0,2,7,0.0,6,5,2,1
24784,57.0,1,999,0,1.4,94.465,-41.8,4.961,5228.1,999.0,0,1.0,1.0,1.0,2,5,0.0,9,6,1,1
24785,30.0,1,999,0,1.4,93.918,-42.7,4.962,5228.1,999.0,0,1.0,0.0,0.0,1,6,0.0,5,7,1,1
24786,31.0,2,999,0,1.4,94.465,-41.8,4.959,5228.1,999.0,0,1.0,0.0,1.0,2,8,0.0,6,6,1,1
24787,31.0,4,999,0,-1.8,92.893,-46.2,1.327,5099.1,999.0,0,0.0,0.0,0.0,2,4,0.0,4,5,1,1
24788,31.0,2,999,0,1.4,93.444,-36.1,4.97,5228.1,999.0,0,0.0,1.0,0.0,2,7,0.0,6,8,2,1
24789,58.0,1,999,0,-3.4,92.431,-26.9,0.724,5017.5,999.0,0,1.0,0.0,1.0,3,4,0.0,10,10,1,1
24790,32.0,1,999,0,1.4,94.465,-41.8,4.962,5228.1,999.0,0,1.0,0.0,1.0,2,8,0.0,6,6,1,1
24791,48.0,3,999,0,1.4,93.444,-36.1,4.963,5228.1,999.0,0,1.0,1.0,0.0,2,8,0.0,9,8,1,1
24792,31.0,2,999,0,1.4,93.444,-36.1,4.965,5228.1,999.0,0,0.0,1.0,0.0,2,5,0.0,6,8,1,1
24793,31.0,7,999,0,1.4,93.444,-36.1,4.963,5228.1,999.0,0,0.0,0.0,0.0,2,8,0.0,9,8,1,1
24794,46.0,1,999,0,1.1,93.994,-36.4,4.855,5191.0,999.0,0,0.0,0.0,1.0,3,3,0.0,4,5,1,1
24795,41.0,1,999,0,-0.1,93.2,-42.0,4.153,5195.8,999.0,0,1.0,0.0,0.0,2,7,0.0,6,11,1,1
24796,35.0,3,0,2,-0.1,93.2,-42.0,4.12,5195.8,0.0,10,1.0,1.0,1.0,2,7,0.0,3,11,1,3
24797,31.0,2,999,1,-1.8,92.893,-46.2,1.313,5099.1,999.0,2,1.0,0.0,0.0,2,8,0.0,4,5,1,2
24798,31.0,2,999,2,-1.8,93.075,-47.1,1.41,5099.1,999.0,2,1.0,0.0,0.0,2,2,0.0,4,4,1,2
24799,31.0,4,999,0,1.1,93.994,-36.4,4.86,5191.0,999.0,0,0.0,0.0,1.0,2,4,0.0,12,5,1,1
24800,36.0,2,999,0,1.1,93.994,-36.4,4.858,5191.0,999.0,0,1.0,0.0,1.0,3,6,0.0,5,5,1,1
24801,31.0,2,999,0,1.4,94.465,-41.8,4.959,5228.1,999.0,0,1.0,0.0,1.0,3,2,0.0,8,6,1,1
24802,31.0,4,999,0,1.4,93.918,-42.7,4.962,5228.1,999.0,0,1.0,0.0,0.0,3,7,0.0,2,7,2,1
24803,31.0,2,999,0,1.4,94.465,-41.8,4.958,5228.1,999.0,0,1.0,0.0,1.0,2,4,0.0,4,6,1,1
24804,43.0,1,999,0,-1.8,92.893,-46.2,1.281,5099.1,999.0,0,1.0,1.0,0.0,2,2,0.0,4,5,1,1
24805,25.0,1,999,0,1.1,93.994,-36.4,4.86,5191.0,999.0,0,1.0,0.0,1.0,1,8,0.0,4,5,1,1
24806,31.0,2,999,0,1.4,93.918,-42.7,4.963,5228.1,999.0,0,1.0,1.0,0.0,1,5,0.0,2,7,1,1
24807,31.0,1,999,0,1.4,93.444,-36.1,4.964,5228.1,999.0,0,0.0,0.0,0.0,3,6,0.0,5,8,1,1
24808,31.0,1,999,0,-0.1,93.2,-42.0,4.12,5195.8,999.0,0,0.0,0.0,0.0,2,7,0.0,5,11,1,1
24809,46.0,1,999,0,1.4,94.465,-41.8,4.96,5228.1,999.0,0,1.0,0.0,1.0,2,2,0.0,3,6,2,1
24810,31.0,2,999,0,1.1,93.994,-36.4,4.857,5191.0,999.0,0,1.0,0.0,1.0,3,2,0.0,4,5,1,1
24811,36.0,2,999,0,1.4,93.918,-42.7,4.963,5228.1,999.0,0,1.0,0.0,0.0,2,5,0.0,6,7,1,1
24812,47.0,1,999,1,-0.1,93.2,-42.0,4.153,5195.8,999.0,4,1.0,0.0,0.0,2,5,0.0,10,11,1,2
24813,56.0,1,6,1,-3.4,92.431,-26.9,0.733,5017.5,0.2,1,1.0,1.0,0.0,2,6,0.0,8,10,1,3
24814,73.0,1,999,1,-1.8,92.843,-50.0,1.687,5099.1,999.0,2,1.0,0.0,0.0,2,7,0.0,8,3,1,2
24815,31.0,1,999,0,-3.4,92.379,-29.8,0.797,5017.5,999.0,0,0.0,0.0,1.0,2,7,0.0,8,9,2,1
24816,32.0,1,999,0,1.4,93.918,-42.7,4.962,5228.1,999.0,0,1.0,0.0,1.0,2,7,0.0,5,7,1,1
24817,35.0,1,999,0,1.1,93.994,-36.4,4.858,5191.0,999.0,0,1.0,1.0,1.0,2,8,0.0,6,5,2,1
24818,31.0,2,999,1,-1.8,93.075,-47.1,1.405,5099.1,999.0,1,0.0,0.0,0.0,2,3,0.0,5,4,2,2
24819,50.0,2,999,0,1.1,93.994,-36.4,4.856,5191.0,999.0,0,1.0,1.0,1.0,2,4,0.0,6,5,1,1
24820,53.0,1,999,0,1.4,94.465,-41.8,4.866,5228.1,999.0,0,0.0,0.0,1.0,2,8,0.0,5,6,1,1
24821,47.0,2,999,0,1.1,93.994,-36.4,4.856,5191.0,999.0,0,0.0,0.0,1.0,3,8,0.0,6,5,1,1
24822,24.0,1,999,0,-3.4,92.431,-26.9,0.73,5017.5,999.0,0,1.0,0.0,0.0,1,8,0.0,11,10,1,1
24823,33.0,1,999,0,-1.8,92.893,-46.2,1.266,5099.1,999.0,0,1.0,0.0,0.0,2,4,0.0,4,5,1,1
24824,30.0,3,999,0,-1.8,92.893,-46.2,1.244,5099.1,999.0,0,0.0,0.0,0.0,1,5,0.0,9,5,1,1
24825,36.0,1,999,0,-1.1,94.767,-50.8,1.046,4963.6,999.0,0,0.0,0.0,0.0,1,3,0.0,4,11,1,1
24826,38.0,1,999,0,-1.8,92.843,-50.0,1.757,5099.1,999.0,0,0.0,0.0,0.0,2,6,0.0,5,3,1,1
24827,31.0,1,999,0,1.1,93.994,-36.4,4.858,5191.0,999.0,0,1.0,1.0,1.0,2,8,0.0,5,5,2,1
24828,31.0,4,999,0,1.4,93.918,-42.7,4.96,5228.1,999.0,0,1.0,1.0,0.0,2,2,0.0,4,7,2,1
24829,42.0,2,999,0,1.4,93.918,-42.7,4.955,5228.1,999.0,0,0.0,1.0,1.0,2,8,0.0,3,7,1,1
24830,36.0,4,999,0,1.4,94.465,-41.8,4.962,5228.1,999.0,0,1.0,0.0,1.0,3,5,0.0,6,6,1,1
24831,34.0,4,999,0,1.4,94.465,-41.8,4.959,5228.1,999.0,0,1.0,0.0,1.0,2,7,0.0,3,6,1,1
24832,30.0,1,999,0,1.4,93.444,-36.1,4.964,5228.1,999.0,0,1.0,0.0,0.0,1,5,0.0,6,8,1,1
24833,44.0,2,999,0,-1.8,92.893,-46.2,1.313,5099.1,999.0,0,1.0,0.0,0.0,1,5,0.0,9,5,1,1
24834,37.0,2,999,0,-1.8,92.893,-46.2,1.25,5099.1,999.0,0,1.0,0.0,0.0,2,2,0.0,4,5,1,1
24835,57.0,1,999,0,1.4,93.918,-42.7,4.963,5228.1,999.0,0,1.0,1.0,0.0,3,6,0.0,5,7,1,1
24836,49.0,1,999,0,1.4,94.465,-41.8,4.864,5228.1,999.0,0,1.0,0.0,1.0,2,5,0.0,5,6,1,1
24837,31.0,1,999,0,1.1,93.994,-36.4,4.859,5191.0,999.0,0,1.0,0.0,1.0,1,8,0.0,1,5,1,1
24838,31.0,1,999,0,1.4,93.444,-36.1,4.963,5228.1,999.0,0,1.0,0.0,0.0,1,7,0.0,6,8,1,1
24839,41.0,1,999,0,1.1,93.994,-36.4,4.858,5191.0,999.0,0,0.0,0.0,1.0,2,2,0.0,4,5,1,1
24840,31.0,1,999,1,-1.8,92.893,-46.2,1.281,5099.1,999.0,0,1.0,0.0,0.0,1,2,0.0,4,5,1,2
24841,49.0,1,999,1,-1.8,92.893,-46.2,1.299,5099.1,999.0,0,0.0,1.0,0.0,2,4,0.0,4,5,1,2
24842,58.0,1,999,0,1.4,93.444,-36.1,4.964,5228.1,999.0,0,1.0,0.0,0.0,2,8,0.0,4,8,1,1
24843,34.0,1,999,0,-1.8,93.075,-47.1,1.406,5099.1,999.0,0,1.0,1.0,0.0,2,8,0.0,12,4,1,1
24844,31.0,2,999,0,1.4,93.918,-42.7,4.963,5228.1,999.0,0,0.0,0.0,0.0,2,8,0.0,2,7,1,1
24845,42.0,1,999,1,-1.8,92.893,-46.2,1.313,5099.1,999.0,2,1.0,0.0,0.0,1,8,0.0,6,5,1,2
24846,53.0,3,999,0,-1.8,92.893,-46.2,1.25,5099.1,999.0,0,1.0,0.0,0.0,3,4,0.0,4,5,1,1
24847,39.0,2,999,0,1.1,93.994,-36.4,4.856,5191.0,999.0,0,1.0,0.0,1.0,2,3,0.0,4,5,1,1
24848,51.0,2,999,0,1.4,94.465,-41.8,4.967,5228.1,999.0,0,0.0,0.0,1.0,2,8,0.0,5,6,1,1
24849,56.0,4,999,0,1.4,93.444,-36.1,4.966,5228.1,999.0,0,1.0,0.0,0.0,2,7,0.0,6,8,1,1
24850,32.0,1,999,0,1.1,93.994,-36.4,4.86,5191.0,999.0,0,0.0,0.0,1.0,1,7,0.0,6,5,1,1
24851,45.0,1,999,0,-1.8,92.893,-46.2,1.344,5099.1,999.0,0,0.0,1.0,0.0,2,8,0.0,4,5,1,1
24852,36.0,2,999,0,1.1,93.994,-36.4,4.859,5191.0,999.0,0,1.0,0.0,1.0,2,8,0.0,6,5,1,1
24853,40.0,12,999,0,1.1,93.994,-36.4,4.86,5191.0,999.0,0,0.0,0.0,1.0,2,6,0.0,5,5,1,1
24854,42.0,1,999,0,-1.8,93.075,-47.1,1.423,5099.1,999.0,0,0.0,0.0,0.0,1,8,0.0,6,4,1,1
24855,24.0,2,6,3,-1.7,94.215,-40.3,0.896,4991.6,0.2,12,0.0,0.0,0.0,1,6,0.0,11,7,1,3
24856,31.0,2,999,0,-0.1,93.2,-42.0,4.076,5195.8,999.0,0,1.0,0.0,0.0,2,7,0.0,10,11,1,1
24857,31.0,12,999,0,-1.8,92.893,-46.2,1.266,5099.1,999.0,0,1.0,0.0,0.0,2,5,0.0,9,5,1,1
24858,54.0,2,999,0,1.4,94.465,-41.8,4.961,5228.1,999.0,0,0.0,0.0,1.0,2,3,0.0,4,6,1,1
24859,33.0,1,999,0,1.4,93.918,-42.7,4.959,5228.1,999.0,0,1.0,1.0,1.0,2,7,0.0,5,7,1,1
24860,31.0,1,999,0,1.4,94.465,-41.8,4.962,5228.1,999.0,0,0.0,0.0,1.0,2,7,0.0,3,6,1,1
24861,33.0,1,999,0,-1.8,93.075,-47.1,1.41,5099.1,999.0,0,0.0,0.0,0.0,3,8,0.0,4,4,1,1
24862,36.0,1,999,0,1.4,93.918,-42.7,4.961,5228.1,999.0,0,0.0,0.0,0.0,1,8,0.0,6,7,1,1
24863,53.0,1,999,0,-0.1,93.2,-42.0,4.191,5195.8,999.0,0,0.0,0.0,0.0,3,7,0.0,7,11,2,1
24864,31.0,2,999,1,-2.9,92.201,-31.4,0.881,5076.2,999.0,1,1.0,0.0,0.0,2,8,0.0,10,8,1,2
24865,44.0,1,999,0,1.1,93.994,-36.4,4.856,5191.0,999.0,0,1.0,1.0,1.0,2,3,0.0,4,5,1,1
24866,33.0,1,999,0,-1.8,93.075,-47.1,1.415,5099.1,999.0,0,1.0,1.0,1.0,1,7,0.0,6,4,1,1
24867,62.0,2,999,2,-1.7,94.215,-40.3,0.827,4991.6,999.0,2,0.0,0.0,0.0,2,8,0.0,5,7,2,2
24868,32.0,10,999,0,1.4,93.444,-36.1,4.965,5228.1,999.0,0,1.0,1.0,0.0,3,8,0.0,5,8,1,1
24869,32.0,4,999,0,1.4,94.465,-41.8,4.961,5228.1,999.0,0,0.0,0.0,1.0,2,8,0.0,9,6,2,1
24870,31.0,3,999,0,-0.1,93.2,-42.0,4.076,5195.8,999.0,0,1.0,0.0,0.0,1,8,0.0,7,11,1,1
24871,62.0,1,999,0,-3.4,92.649,-30.1,0.719,5017.5,999.0,0,1.0,1.0,0.0,2,2,0.0,4,11,2,1
24872,31.0,1,999,0,-1.8,92.893,-46.2,1.291,5099.1,999.0,0,1.0,0.0,0.0,2,8,0.0,3,5,1,1
24873,54.0,3,999,0,-1.8,93.075,-47.1,1.405,5099.1,999.0,0,1.0,0.0,0.0,2,2,0.0,8,4,1,1
24874,45.0,1,999,0,-3.4,92.379,-29.8,0.803,5017.5,999.0,0,0.0,0.0,0.0,1,8,0.0,6,9,1,1
24875,27.0,4,999,0,1.4,93.918,-42.7,4.961,5228.1,999.0,0,1.0,1.0,0.0,1,3,0.0,4,7,1,1
24876,45.0,10,999,0,1.4,93.444,-36.1,4.965,5228.1,999.0,0,0.0,0.0,0.0,3,6,0.0,5,8,1,1
24877,34.0,5,999,0,1.1,93.994,-36.4,4.855,5191.0,999.0,0,1.0,0.0,1.0,3,3,0.0,3,5,1,1
24878,31.0,4,999,0,1.4,93.918,-42.7,4.96,5228.1,999.0,0,0.0,0.0,0.0,1,5,0.0,9,7,2,1
24879,37.0,6,999,0,-1.8,92.893,-46.2,1.266,5099.1,999.0,0,1.0,0.0,0.0,1,5,0.0,9,5,1,1
24880,44.0,4,999,0,1.4,93.444,-36.1,4.966,5228.1,999.0,0,1.0,0.0,0.0,2,4,0.0,3,8,1,1
24881,47.0,2,999,0,1.4,94.465,-41.8,4.958,5228.1,999.0,0,1.0,0.0,1.0,2,8,0.0,4,6,1,1
24882,37.0,3,999,0,1.4,93.918,-42.7,4.958,5228.1,999.0,0,0.0,1.0,0.0,1,2,0.0,4,7,1,1
24883,22.0,2,999,0,-2.9,92.963,-40.8,1.286,5076.2,999.0,0,1.0,1.0,0.0,1,7,0.0,6,6,1,1
24884,57.0,9,999,0,1.4,93.918,-42.7,4.96,5228.1,999.0,0,1.0,1.0,0.0,2,7,0.0,7,7,2,1
24885,32.0,1,999,0,-0.1,93.2,-42.0,4.153,5195.8,999.0,0,1.0,0.0,0.0,1,7,0.0,4,11,1,1
24886,31.0,2,999,0,1.4,93.444,-36.1,4.965,5228.1,999.0,0,0.0,0.0,0.0,2,8,0.0,6,8,2,1
24887,35.0,2,999,0,1.4,93.918,-42.7,4.962,5228.1,999.0,0,1.0,0.0,0.0,1,8,0.0,9,7,1,1
24888,31.0,2,999,1,-1.8,92.893,-46.2,1.266,5099.1,999.0,3,1.0,0.0,0.0,2,3,0.0,7,5,1,2
24889,31.0,1,999,0,1.1,93.994,-36.4,4.856,5191.0,999.0,0,0.0,0.0,1.0,2,8,0.0,4,5,1,1
24890,27.0,1,999,0,1.4,94.465,-41.8,4.864,5228.1,999.0,0,1.0,0.0,1.0,2,8,0.0,4,6,1,1
24891,51.0,1,999,0,1.4,93.444,-36.1,4.963,5228.1,999.0,0,1.0,0.0,0.0,2,7,0.0,6,8,1,1
24892,42.0,3,999,1,-0.1,93.2,-42.0,4.191,5195.8,999.0,2,1.0,1.0,0.0,3,8,0.0,4,11,2,2
24893,52.0,2,999,1,-1.8,92.893,-46.2,1.313,5099.1,999.0,0,0.0,0.0,0.0,3,3,0.0,8,5,1,2
24894,48.0,2,999,0,-1.8,93.075,-47.1,1.405,5099.1,999.0,0,1.0,0.0,0.0,2,8,0.0,9,4,1,1
24895,24.0,2,999,0,-1.8,92.893,-46.2,1.281,5099.1,999.0,0,1.0,0.0,0.0,1,5,0.0,6,5,1,1
24896,39.0,17,999,0,1.4,93.444,-36.1,4.962,5228.1,999.0,0,1.0,0.0,0.0,3,8,0.0,5,8,1,1
24897,46.0,1,999,1,-3.4,92.431,-26.9,0.728,5017.5,999.0,3,1.0,0.0,0.0,2,8,0.0,4,10,1,2
24898,32.0,2,999,0,1.1,93.994,-36.4,4.857,5191.0,999.0,0,1.0,0.0,1.0,2,3,0.0,4,5,1,1
24899,32.0,2,3,1,-2.9,92.963,-40.8,1.281,5076.2,0.1,2,0.0,0.0,0.0,1,7,0.0,3,6,2,3
24900,34.0,2,999,0,-1.8,92.893,-46.2,1.281,5099.1,999.0,0,1.0,0.0,0.0,2,4,0.0,4,5,1,1
24901,58.0,2,999,0,1.1,93.994,-36.4,4.855,5191.0,999.0,0,0.0,1.0,1.0,2,7,0.0,6,5,1,1
24902,31.0,1,999,0,1.1,93.994,-36.4,4.857,5191.0,999.0,0,0.0,0.0,1.0,1,4,0.0,9,5,1,1
24903,41.0,1,999,1,-1.8,92.893,-46.2,1.244,5099.1,999.0,2,1.0,1.0,0.0,2,4,0.0,4,5,2,2
24904,38.0,1,13,2,-1.8,93.369,-34.8,0.655,5008.7,0.433333333333,4,1.0,0.0,0.0,1,8,0.0,4,3,1,2
24905,31.0,2,999,0,-0.1,93.2,-42.0,4.021,5195.8,999.0,0,1.0,0.0,0.0,2,7,0.0,7,11,1,1
24906,31.0,1,999,0,1.1,93.994,-36.4,4.857,5191.0,999.0,0,1.0,1.0,1.0,2,5,0.0,9,5,2,1
24907,27.0,7,999,0,1.4,93.918,-42.7,4.961,5228.1,999.0,0,0.0,0.0,0.0,1,7,0.0,6,7,1,1
24908,33.0,1,999,0,-1.8,92.893,-46.2,1.344,5099.1,999.0,0,1.0,0.0,0.0,2,5,0.0,6,5,1,1
24909,33.0,2,999,0,-1.1,94.199,-37.5,0.878,4963.6,999.0,0,1.0,0.0,1.0,2,8,0.0,6,9,1,1
24910,39.0,2,999,0,1.4,94.465,-41.8,4.865,5228.1,999.0,0,0.0,0.0,1.0,1,7,0.0,6,6,2,1
24911,38.0,1,999,0,-1.7,94.055,-39.8,0.742,4991.6,999.0,0,1.0,1.0,0.0,1,7,0.0,5,6,1,1
24912,28.0,3,999,0,1.1,93.994,-36.4,4.857,5191.0,999.0,0,1.0,1.0,1.0,2,6,0.0,1,5,1,1
24913,29.0,1,999,0,1.4,94.465,-41.8,4.961,5228.1,999.0,0,0.0,0.0,1.0,1,8,0.0,6,6,1,1
24914,31.0,3,999,0,-1.8,92.893,-46.2,1.354,5099.1,999.0,0,0.0,0.0,0.0,2,8,0.0,7,5,2,1
24915,26.0,2,999,1,-1.8,92.893,-46.2,1.344,5099.1,999.0,3,0.0,0.0,0.0,1,8,0.0,11,5,1,2
24916,31.0,2,999,0,1.4,93.918,-42.7,4.963,5228.1,999.0,0,0.0,0.0,0.0,2,8,0.0,6,7,1,1
24917,31.0,1,999,0,1.4,94.465,-41.8,4.866,5228.1,999.0,0,0.0,1.0,1.0,2,7,0.0,3,6,1,1
24918,40.0,1,999,0,1.1,93.994,-36.4,4.857,5191.0,999.0,0,0.0,1.0,1.0,2,2,0.0,5,5,1,1
24919,31.0,3,999,0,1.4,93.918,-42.7,4.963,5228.1,999.0,0,0.0,0.0,0.0,2,6,0.0,4,7,1,1
24920,45.0,1,999,0,-1.8,92.893,-46.2,1.25,5099.1,999.0,0,1.0,0.0,1.0,2,4,0.0,7,5,1,1
24921,28.0,2,999,0,1.4,94.465,-41.8,4.865,5228.1,999.0,0,0.0,0.0,1.0,2,7,0.0,6,6,2,1
24922,33.0,6,999,0,-1.8,92.893,-46.2,1.344,5099.1,999.0,0,1.0,0.0,0.0,2,8,0.0,3,5,1,1
24923,31.0,2,999,0,1.4,94.465,-41.8,4.959,5228.1,999.0,0,1.0,0.0,1.0,1,7,0.0,6,6,1,1
24924,27.0,3,999,0,1.4,93.918,-42.7,4.961,5228.1,999.0,0,0.0,0.0,1.0,1,8,0.0,4,7,1,1
24925,45.0,2,999,0,1.4,94.465,-41.8,4.959,5228.1,999.0,0,0.0,0.0,1.0,2,8,0.0,7,6,1,1
24926,38.0,1,999,1,-2.9,92.201,-31.4,0.884,5076.2,999.0,4,0.0,0.0,0.0,2,6,0.0,5,8,2,2
24927,32.0,1,999,0,1.4,94.465,-41.8,4.96,5228.1,999.0,0,1.0,1.0,1.0,2,4,0.0,4,6,2,1
24928,31.0,2,999,0,-1.8,92.893,-46.2,1.344,5099.1,999.0,0,0.0,0.0,1.0,2,7,0.0,5,5,1,1
24929,36.0,1,999,1,-1.8,93.075,-47.1,1.405,5099.1,999.0,2,0.0,0.0,0.0,2,8,0.0,3,4,2,2
24930,40.0,2,999,0,1.1,93.994,-36.4,4.855,5191.0,999.0,0,1.0,0.0,1.0,3,8,0.0,6,5,1,1
24931,31.0,1,999,0,-1.8,92.893,-46.2,1.266,5099.1,999.0,0,1.0,0.0,0.0,2,8,0.0,6,5,1,1
24932,31.0,3,999,0,1.4,93.918,-42.7,4.961,5228.1,999.0,0,1.0,0.0,0.0,2,8,0.0,2,7,1,1
24933,31.0,1,999,2,-3.4,92.431,-26.9,0.735,5017.5,999.0,4,0.0,1.0,0.0,1,7,0.0,6,10,1,2
24934,31.0,3,999,0,1.4,93.918,-42.7,4.963,5228.1,999.0,0,0.0,1.0,1.0,1,8,0.0,5,7,1,1
24935,31.0,1,999,0,-1.8,92.893,-46.2,1.266,5099.1,999.0,0,0.0,1.0,0.0,1,5,0.0,5,5,1,1
24936,64.0,1,6,2,-3.0,92.713,-33.0,0.714,5023.5,0.2,4,0.0,0.0,0.0,2,8,0.0,2,12,1,3
24937,37.0,1,999,0,-0.1,93.2,-42.0,4.153,5195.8,999.0,0,1.0,0.0,0.0,3,8,0.0,1,11,1,1
24938,30.0,4,999,0,1.4,93.918,-42.7,4.961,5228.1,999.0,0,0.0,1.0,0.0,1,5,0.0,9,7,1,1
24939,52.0,4,999,0,1.4,93.918,-42.7,4.96,5228.1,999.0,0,0.0,0.0,0.0,3,7,0.0,3,7,1,1
24940,37.0,2,999,0,-1.8,92.893,-46.2,1.244,5099.1,999.0,0,1.0,1.0,0.0,3,7,0.0,6,5,2,1
24941,39.0,1,999,1,-1.8,92.893,-46.2,1.334,5099.1,999.0,1,0.0,0.0,0.0,1,7,0.0,6,5,1,2
24942,40.0,1,999,0,-1.1,94.601,-49.5,0.956,4963.6,999.0,0,1.0,0.0,1.0,2,6,0.0,5,10,1,1
24943,51.0,3,999,0,1.4,93.918,-42.7,4.962,5228.1,999.0,0,1.0,0.0,0.0,3,6,0.0,8,7,2,1
24944,60.0,1,999,0,1.4,93.444,-36.1,4.966,5228.1,999.0,0,1.0,1.0,0.0,2,7,0.0,6,8,1,1
24945,50.0,1,999,0,1.1,93.994,-36.4,4.856,5191.0,999.0,0,1.0,1.0,1.0,2,8,0.0,4,5,1,1
24946,32.0,1,999,0,1.4,93.918,-42.7,4.958,5228.1,999.0,0,0.0,0.0,0.0,1,7,0.0,3,7,1,1
24947,31.0,1,999,0,-1.8,93.075,-47.1,1.423,5099.1,999.0,0,1.0,0.0,0.0,1,8,0.0,9,4,1,1
24948,30.0,4,999,0,1.4,93.918,-42.7,4.961,5228.1,999.0,0,0.0,1.0,0.0,1,5,0.0,7,7,1,1
24949,44.0,1,999,0,1.4,94.465,-41.8,4.961,5228.1,999.0,0,0.0,0.0,1.0,1,2,0.0,4,6,2,1
24950,31.0,1,999,0,1.4,93.918,-42.7,4.959,5228.1,999.0,0,0.0,0.0,1.0,2,8,0.0,6,7,1,1
24951,33.0,2,999,1,-1.8,92.893,-46.2,1.281,5099.1,999.0,1,0.0,1.0,0.0,2,2,0.0,4,5,1,2
24952,46.0,3,999,0,1.1,93.994,-36.4,4.858,5191.0,999.0,0,0.0,0.0,1.0,3,8,0.0,6,5,2,1
24953,33.0,3,999,0,1.4,93.444,-36.1,4.963,5228.1,999.0,0,0.0,0.0,0.0,1,7,0.0,6,8,1,1
24954,30.0,1,999,0,1.1,93.994,-36.4,4.857,5191.0,999.0,0,0.0,1.0,1.0,1,8,0.0,9,5,1,1
24955,30.0,9,999,0,1.4,93.444,-36.1,4.963,5228.1,999.0,0,1.0,0.0,0.0,1,7,0.0,6,8,1,1
24956,39.0,2,999,0,1.1,93.994,-36.4,4.856,5191.0,999.0,0,0.0,0.0,1.0,2,5,0.0,9,5,1,1
24957,26.0,5,999,0,-1.1,94.767,-50.8,1.039,4963.6,999.0,0,1.0,0.0,0.0,1,8,0.0,3,11,2,1
24958,55.0,2,999,0,-0.1,93.2,-42.0,4.191,5195.8,999.0,0,1.0,0.0,0.0,1,8,0.0,5,11,2,1
24959,31.0,1,999,0,1.4,93.444,-36.1,4.97,5228.1,999.0,0,1.0,0.0,0.0,3,8,0.0,5,8,2,1
24960,30.0,1,999,0,-1.8,92.893,-46.2,1.313,5099.1,999.0,0,0.0,0.0,0.0,1,6,0.0,5,5,1,1
24961,31.0,1,999,0,1.4,93.918,-42.7,4.963,5228.1,999.0,0,1.0,0.0,0.0,2,6,0.0,6,7,1,1
24962,57.0,2,999,0,1.4,93.444,-36.1,4.965,5228.1,999.0,0,0.0,0.0,0.0,2,8,0.0,6,8,1,1
24963,32.0,1,999,0,1.4,93.444,-36.1,4.966,5228.1,999.0,0,1.0,0.0,0.0,1,7,0.0,6,8,1,1
24964,29.0,5,999,0,1.4,93.444,-36.1,4.965,5228.1,999.0,0,0.0,0.0,1.0,2,5,0.0,5,8,2,1
24965,54.0,1,999,0,1.4,94.465,-41.8,4.866,5228.1,999.0,0,0.0,0.0,1.0,3,7,0.0,6,6,1,1
24966,35.0,1,999,0,1.4,93.918,-42.7,4.963,5228.1,999.0,0,1.0,0.0,0.0,2,8,0.0,6,7,1,1
24967,24.0,7,999,1,-2.9,92.963,-40.8,1.244,5076.2,999.0,4,1.0,0.0,0.0,1,8,0.0,6,6,1,2
24968,31.0,1,999,0,1.4,93.918,-42.7,4.957,5228.1,999.0,0,1.0,0.0,0.0,2,4,0.0,4,7,1,1
24969,31.0,1,999,0,1.4,93.918,-42.7,4.958,5228.1,999.0,0,1.0,0.0,0.0,1,3,0.0,9,7,1,1
24970,33.0,2,999,0,-1.8,93.075,-47.1,1.405,5099.1,999.0,0,1.0,0.0,0.0,1,7,0.0,6,4,1,1
24971,27.0,1,999,0,1.1,93.994,-36.4,4.857,5191.0,999.0,0,1.0,0.0,1.0,1,7,0.0,11,5,1,1
24972,30.0,2,999,0,1.1,93.994,-36.4,4.864,5191.0,999.0,0,1.0,0.0,1.0,2,8,0.0,6,5,1,1
24973,53.0,1,999,1,-1.8,92.893,-46.2,1.25,5099.1,999.0,3,1.0,0.0,0.0,3,8,0.0,5,5,1,2
24974,37.0,1,999,0,1.4,93.444,-36.1,4.966,5228.1,999.0,0,0.0,0.0,0.0,1,7,0.0,6,8,1,1
24975,38.0,1,999,0,1.1,93.994,-36.4,4.857,5191.0,999.0,0,1.0,0.0,1.0,1,7,0.0,6,5,1,1
24976,28.0,1,999,0,-2.9,92.201,-31.4,0.879,5076.2,999.0,0,0.0,0.0,0.0,1,7,0.0,6,8,1,1
24977,33.0,2,999,0,-1.8,92.893,-46.2,1.281,5099.1,999.0,0,1.0,0.0,0.0,3,8,0.0,6,5,1,1
24978,36.0,1,999,0,-1.8,92.893,-46.2,1.313,5099.1,999.0,0,1.0,0.0,0.0,2,5,0.0,4,5,1,1
24979,33.0,10,999,0,1.4,93.444,-36.1,4.966,5228.1,999.0,0,1.0,0.0,0.0,2,8,0.0,5,8,1,1
24980,60.0,2,999,0,1.1,93.994,-36.4,4.855,5191.0,999.0,0,1.0,0.0,1.0,3,8,0.0,8,5,1,1
24981,31.0,1,999,0,1.4,93.918,-42.7,4.963,5228.1,999.0,0,1.0,0.0,0.0,2,2,0.0,4,7,1,1
24982,31.0,4,999,0,-1.8,93.075,-47.1,1.405,5099.1,999.0,0,0.0,0.0,0.0,1,7,0.0,6,4,2,1
24983,33.0,8,999,0,-1.8,92.893,-46.2,1.281,5099.1,999.0,0,1.0,0.0,0.0,1,7,0.0,6,5,1,1
24984,41.0,1,999,0,1.4,93.444,-36.1,4.963,5228.1,999.0,0,0.0,1.0,0.0,2,5,0.0,5,8,1,1
24985,31.0,2,999,0,1.1,93.994,-36.4,4.859,5191.0,999.0,0,0.0,0.0,1.0,1,7,0.0,6,5,1,1
24986,26.0,2,999,0,-1.8,92.893,-46.2,1.266,5099.1,999.0,0,1.0,0.0,0.0,1,7,0.0,6,5,1,1
24987,31.0,6,999,0,1.4,94.465,-41.8,4.864,5228.1,999.0,0,0.0,0.0,1.0,2,4,0.0,4,6,1,1
24988,41.0,4,999,0,-0.1,93.2,-42.0,4.021,5195.8,999.0,0,0.0,0.0,0.0,3,8,0.0,3,11,1,1
24989,56.0,3,999,0,1.1,93.994,-36.4,4.856,5191.0,999.0,0,0.0,0.0,1.0,3,2,0.0,8,5,1,1
24990,37.0,1,6,4,-1.1,94.767,-50.8,1.044,4963.6,0.2,8,1.0,0.0,0.0,1,6,0.0,5,11,1,3
24991,30.0,1,999,0,-1.8,93.075,-47.1,1.423,5099.1,999.0,0,1.0,0.0,0.0,2,8,0.0,6,4,1,1
24992,29.0,2,999,0,1.4,94.465,-41.8,4.962,5228.1,999.0,0,0.0,0.0,1.0,2,8,0.0,4,6,1,1
24993,36.0,8,999,0,1.4,94.465,-41.8,4.947,5228.1,999.0,0,1.0,0.0,1.0,1,8,0.0,4,6,1,1
24994,30.0,5,999,0,-1.8,93.876,-40.0,0.684,5008.7,999.0,0,1.0,0.0,0.0,1,5,0.0,6,5,1,1
24995,52.0,3,999,0,1.4,94.465,-41.8,4.962,5228.1,999.0,0,1.0,0.0,1.0,2,7,0.0,6,6,1,1
24996,29.0,1,999,0,-1.8,92.893,-46.2,1.25,5099.1,999.0,0,1.0,0.0,0.0,2,7,0.0,10,5,1,1
24997,31.0,1,999,0,1.4,93.918,-42.7,4.961,5228.1,999.0,0,0.0,0.0,0.0,2,4,0.0,5,7,1,1
24998,31.0,2,12,3,-1.1,94.601,-49.5,0.982,4963.6,0.4,9,0.0,0.0,0.0,2,7,0.0,5,10,1,2
24999,31.0,1,999,0,1.1,93.994,-36.4,4.86,5191.0,999.0,0,0.0,0.0,1.0,1,8,0.0,11,5,1,1
25000,50.0,1,999,0,1.4,93.918,-42.7,4.958,5228.1,999.0,0,0.0,0.0,0.0,2,8,0.0,4,7,1,1
25001,31.0,7,999,0,1.4,93.444,-36.1,4.966,5228.1,999.0,0,1.0,0.0,0.0,2,6,0.0,5,8,1,1
25002,27.0,4,999,0,1.4,93.918,-42.7,4.961,5228.1,999.0,0,1.0,1.0,0.0,1,8,0.0,4,7,1,1
25003,31.0,2,999,0,1.1,93.994,-36.4,4.856,5191.0,999.0,0,0.0,0.0,1.0,2,6,0.0,4,5,1,1
25004,31.0,1,999,0,1.1,93.994,-36.4,4.857,5191.0,999.0,0,0.0,0.0,1.0,1,7,0.0,6,5,1,1
25005,36.0,1,999,1,-1.8,92.893,-46.2,1.327,5099.1,999.0,5,1.0,0.0,0.0,1,5,0.0,5,5,1,2
25006,31.0,2,999,0,-2.9,92.201,-31.4,0.854,5076.2,999.0,0,1.0,0.0,0.0,1,7,0.0,5,8,1,1
25007,32.0,2,999,0,-3.4,92.431,-26.9,0.735,5017.5,999.0,0,1.0,0.0,0.0,1,7,0.0,6,10,1,1
25008,27.0,1,999,0,-1.8,92.893,-46.2,1.266,5099.1,999.0,0,1.0,0.0,0.0,2,6,0.0,6,5,1,1
25009,31.0,1,999,0,1.4,93.918,-42.7,4.957,5228.1,999.0,0,0.0,0.0,0.0,3,6,0.0,5,7,1,1
25010,36.0,1,999,0,-1.8,93.075,-47.1,1.405,5099.1,999.0,0,1.0,0.0,0.0,1,7,0.0,6,4,2,1
25011,31.0,1,999,0,1.4,93.918,-42.7,4.96,5228.1,999.0,0,0.0,0.0,0.0,1,8,0.0,11,7,2,1
25012,31.0,4,999,0,1.4,93.918,-42.7,4.962,5228.1,999.0,0,0.0,0.0,1.0,3,8,0.0,9,7,1,1
25013,31.0,1,999,0,-1.8,92.893,-46.2,1.281,5099.1,999.0,0,1.0,0.0,0.0,2,7,0.0,6,5,1,1
25014,31.0,1,999,0,1.4,93.918,-42.7,4.963,5228.1,999.0,0,1.0,0.0,0.0,2,4,0.0,4,7,1,1
25015,31.0,1,999,0,1.4,93.444,-36.1,4.968,5228.1,999.0,0,0.0,0.0,0.0,3,7,0.0,5,8,1,1
25016,37.0,1,999,2,-1.8,92.893,-46.2,1.299,5099.1,999.0,2,1.0,0.0,0.0,2,4,0.0,7,5,2,2
25017,31.0,1,999,0,1.4,94.465,-41.8,4.962,5228.1,999.0,0,0.0,0.0,1.0,2,6,0.0,1,6,1,1
25018,51.0,6,999,0,1.1,93.994,-36.4,4.857,5191.0,999.0,0,1.0,0.0,1.0,2,4,0.0,5,5,1,1
25019,31.0,1,999,0,1.4,93.918,-42.7,4.96,5228.1,999.0,0,0.0,1.0,0.0,3,8,0.0,3,7,2,1
25020,24.0,1,999,0,1.4,93.918,-42.7,4.963,5228.1,999.0,0,0.0,0.0,1.0,2,8,0.0,9,7,1,1
25021,38.0,1,999,0,-1.8,92.893,-46.2,1.344,5099.1,999.0,0,1.0,0.0,0.0,2,8,0.0,4,5,1,1
25022,31.0,1,999,0,-1.8,92.893,-46.2,1.299,5099.1,999.0,0,1.0,1.0,0.0,1,7,0.0,3,5,2,1
25023,31.0,2,999,0,1.4,93.444,-36.1,4.965,5228.1,999.0,0,0.0,0.0,0.0,2,8,0.0,6,8,1,1
25024,53.0,5,999,0,1.4,94.465,-41.8,4.967,5228.1,999.0,0,0.0,0.0,1.0,3,7,0.0,6,6,1,1
25025,42.0,2,15,2,-2.9,92.201,-31.4,0.879,5076.2,0.5,4,0.0,0.0,0.0,3,8,0.0,3,8,1,2
25026,40.0,1,999,0,-1.8,93.075,-47.1,1.415,5099.1,999.0,0,1.0,0.0,0.0,1,8,0.0,3,4,1,1
25027,32.0,3,999,0,-0.1,93.2,-42.0,4.153,5195.8,999.0,0,0.0,0.0,0.0,2,5,0.0,6,11,1,1
25028,33.0,4,999,0,1.4,93.918,-42.7,4.961,5228.1,999.0,0,0.0,0.0,0.0,2,4,0.0,2,7,1,1
25029,51.0,4,999,0,-2.9,92.201,-31.4,0.849,5076.2,999.0,0,1.0,1.0,0.0,2,5,0.0,3,8,1,1
25030,51.0,6,999,0,1.4,93.918,-42.7,4.962,5228.1,999.0,0,1.0,0.0,0.0,2,2,0.0,4,7,2,1
25031,31.0,5,999,0,1.4,93.918,-42.7,4.962,5228.1,999.0,0,0.0,0.0,1.0,2,7,0.0,6,7,2,1
25032,31.0,1,999,0,1.4,93.444,-36.1,4.97,5228.1,999.0,0,1.0,0.0,0.0,1,8,0.0,4,8,2,1
25033,46.0,2,999,0,1.1,93.994,-36.4,4.86,5191.0,999.0,0,1.0,1.0,1.0,2,2,0.0,4,5,1,1
25034,31.0,1,999,0,-1.8,92.843,-50.0,1.65,5099.1,999.0,0,0.0,0.0,0.0,3,8,0.0,8,3,1,1
25035,50.0,6,999,0,1.1,93.994,-36.4,4.86,5191.0,999.0,0,0.0,0.0,1.0,2,4,0.0,7,5,1,1
25036,36.0,2,999,1,-1.8,92.893,-46.2,1.327,5099.1,999.0,7,0.0,0.0,0.0,1,5,0.0,6,5,1,2
25037,39.0,5,999,0,-1.8,92.893,-46.2,1.354,5099.1,999.0,0,0.0,0.0,0.0,2,5,0.0,6,5,2,1
25038,63.0,1,6,2,-2.9,92.201,-31.4,0.884,5076.2,0.2,0,1.0,0.0,1.0,2,2,0.0,2,8,2,2
25039,31.0,7,999,0,1.4,94.465,-41.8,4.865,5228.1,999.0,0,1.0,0.0,1.0,3,8,0.0,6,6,1,1
25040,56.0,2,999,0,1.1,93.994,-36.4,4.856,5191.0,999.0,0,0.0,0.0,1.0,2,5,0.0,8,5,1,1
25041,32.0,2,999,0,1.1,93.994,-36.4,4.857,5191.0,999.0,0,0.0,0.0,1.0,2,4,0.0,4,5,2,1
25042,31.0,4,999,0,1.4,93.918,-42.7,4.963,5228.1,999.0,0,1.0,0.0,0.0,1,5,0.0,2,7,1,1
25043,32.0,1,999,0,-2.9,92.963,-40.8,1.26,5076.2,999.0,0,1.0,0.0,0.0,1,7,0.0,1,6,2,1
25044,39.0,2,999,0,-1.8,92.893,-46.2,1.299,5099.1,999.0,0,0.0,0.0,0.0,2,2,0.0,4,5,2,1
25045,31.0,11,999,0,1.1,93.994,-36.4,4.858,5191.0,999.0,0,0.0,0.0,1.0,2,2,0.0,4,5,2,1
25046,46.0,1,999,0,1.4,94.465,-41.8,4.864,5228.1,999.0,0,0.0,0.0,1.0,1,7,0.0,6,6,1,1
25047,50.0,1,999,0,-1.8,93.075,-47.1,1.405,5099.1,999.0,0,1.0,0.0,0.0,2,6,0.0,5,4,2,1
25048,31.0,2,999,0,-1.8,93.075,-47.1,1.41,5099.1,999.0,0,0.0,1.0,1.0,2,5,0.0,4,4,1,1
25049,33.0,1,999,1,-1.1,94.199,-37.5,0.876,4963.6,999.0,3,1.0,0.0,1.0,2,7,0.0,5,9,1,2
25050,45.0,2,999,1,-0.1,93.2,-42.0,4.191,5195.8,999.0,2,1.0,1.0,0.0,1,4,0.0,4,11,2,2
25051,27.0,5,999,1,-1.8,92.893,-46.2,1.266,5099.1,999.0,1,0.0,0.0,0.0,2,5,0.0,4,5,1,2
25052,49.0,3,999,1,-1.8,92.893,-46.2,1.291,5099.1,999.0,2,0.0,0.0,0.0,2,5,0.0,6,5,1,2
25053,42.0,1,999,0,1.4,94.465,-41.8,4.865,5228.1,999.0,0,1.0,0.0,1.0,2,3,0.0,4,6,2,1
25054,31.0,3,999,0,1.4,93.918,-42.7,4.963,5228.1,999.0,0,0.0,1.0,0.0,3,5,0.0,3,7,1,1
25055,31.0,1,999,0,-0.1,93.2,-42.0,4.076,5195.8,999.0,0,0.0,0.0,0.0,1,7,0.0,3,11,1,1
25056,31.0,3,999,0,1.4,93.444,-36.1,4.965,5228.1,999.0,0,1.0,0.0,0.0,1,6,0.0,5,8,1,1
25057,29.0,1,999,0,1.1,93.994,-36.4,4.86,5191.0,999.0,0,0.0,0.0,1.0,2,3,0.0,4,5,1,1
25058,31.0,2,999,0,1.4,93.918,-42.7,4.961,5228.1,999.0,0,0.0,0.0,0.0,2,4,0.0,4,7,1,1
25059,54.0,1,999,0,-3.0,92.713,-33.0,0.717,5023.5,999.0,0,0.0,0.0,0.0,2,5,0.0,4,12,2,1
25060,31.0,2,3,2,-1.1,94.199,-37.5,0.883,4963.6,0.1,0,0.0,0.0,0.0,1,8,0.0,6,9,1,3
25061,31.0,1,999,1,-2.9,92.201,-31.4,0.881,5076.2,999.0,5,1.0,0.0,0.0,2,4,0.0,9,8,1,2
25062,56.0,20,999,0,1.4,93.918,-42.7,4.968,5228.1,999.0,0,1.0,1.0,0.0,2,8,0.0,7,7,1,1
25063,27.0,2,999,0,1.1,93.994,-36.4,4.857,5191.0,999.0,0,1.0,0.0,1.0,3,8,0.0,6,5,1,1
25064,31.0,2,999,0,1.4,94.465,-41.8,4.866,5228.1,999.0,0,0.0,0.0,1.0,3,2,0.0,4,6,1,1
25065,31.0,2,999,0,1.1,93.994,-36.4,4.859,5191.0,999.0,0,0.0,0.0,1.0,2,4,0.0,9,5,1,1
25066,37.0,2,999,0,1.1,93.994,-36.4,4.859,5191.0,999.0,0,0.0,1.0,1.0,2,5,0.0,6,5,1,1
25067,39.0,10,999,1,-1.7,94.215,-40.3,0.827,4991.6,999.0,2,1.0,1.0,0.0,3,7,0.0,6,7,2,2
25068,31.0,4,999,0,1.4,94.465,-41.8,4.865,5228.1,999.0,0,0.0,0.0,1.0,2,8,0.0,4,6,2,1
25069,37.0,4,999,0,1.4,94.465,-41.8,4.961,5228.1,999.0,0,1.0,0.0,1.0,2,8,0.0,5,6,1,1
25070,60.0,1,999,0,1.4,93.918,-42.7,4.962,5228.1,999.0,0,0.0,0.0,0.0,2,3,0.0,8,7,1,1
25071,45.0,1,999,0,1.4,93.918,-42.7,4.962,5228.1,999.0,0,1.0,0.0,0.0,2,8,0.0,6,7,1,1
25072,29.0,1,999,0,1.1,93.994,-36.4,4.857,5191.0,999.0,0,1.0,0.0,1.0,1,5,0.0,4,5,1,1
25073,40.0,6,999,0,-0.1,93.2,-42.0,4.153,5195.8,999.0,0,0.0,0.0,0.0,2,2,0.0,4,11,1,1
25074,34.0,4,999,0,1.4,93.444,-36.1,4.963,5228.1,999.0,0,1.0,0.0,0.0,2,8,0.0,5,8,1,1
25075,41.0,1,999,0,-1.8,92.893,-46.2,1.281,5099.1,999.0,0,0.0,1.0,0.0,2,4,0.0,4,5,1,1
25076,42.0,1,999,0,1.4,94.465,-41.8,4.967,5228.1,999.0,0,0.0,0.0,1.0,1,2,0.0,2,6,1,1
25077,39.0,1,999,0,1.1,93.994,-36.4,4.855,5191.0,999.0,0,0.0,0.0,1.0,2,8,0.0,5,5,1,1
25078,58.0,1,999,0,-0.1,93.2,-42.0,4.12,5195.8,999.0,0,1.0,0.0,0.0,3,7,0.0,3,11,1,1
25079,37.0,2,999,1,-1.8,92.893,-46.2,1.299,5099.1,999.0,0,1.0,0.0,0.0,2,4,0.0,7,5,2,2
25080,41.0,6,999,0,1.1,93.994,-36.4,4.857,5191.0,999.0,0,0.0,0.0,1.0,2,7,0.0,3,5,1,1
25081,27.0,3,999,0,-1.8,92.893,-46.2,1.281,5099.1,999.0,0,1.0,0.0,0.0,2,8,0.0,4,5,1,1
25082,31.0,4,999,0,-1.8,92.893,-46.2,1.244,5099.1,999.0,0,0.0,0.0,0.0,2,7,0.0,6,5,2,1
25083,36.0,6,999,0,1.4,93.918,-42.7,4.962,5228.1,999.0,0,1.0,1.0,0.0,2,2,0.0,2,7,2,1
25084,39.0,1,999,0,1.4,94.465,-41.8,4.865,5228.1,999.0,0,0.0,0.0,1.0,2,8,0.0,6,6,2,1
25085,34.0,1,999,0,-0.1,93.798,-40.4,4.86,5195.8,999.0,0,0.0,0.0,1.0,1,8,0.0,6,10,1,1
25086,45.0,1,999,0,1.1,93.994,-36.4,4.86,5191.0,999.0,0,1.0,0.0,1.0,2,3,0.0,6,5,1,1
25087,47.0,1,999,1,-1.8,92.893,-46.2,1.334,5099.1,999.0,0,0.0,0.0,0.0,2,5,0.0,4,5,1,2
25088,30.0,2,999,0,-0.1,93.2,-42.0,4.021,5195.8,999.0,0,0.0,0.0,0.0,1,7,0.0,5,11,1,1
25089,31.0,2,999,0,-1.8,93.075,-47.1,1.405,5099.1,999.0,0,1.0,0.0,0.0,2,4,0.0,4,4,1,1
25090,27.0,1,999,0,-1.1,94.601,-49.5,0.982,4963.6,999.0,0,0.0,0.0,0.0,1,8,0.0,6,10,1,1
25091,31.0,1,999,1,-1.8,92.893,-46.2,1.27,5099.1,999.0,2,1.0,1.0,1.0,3,8,0.0,6,5,1,2
25092,31.0,2,999,0,-1.8,92.893,-46.2,1.327,5099.1,999.0,0,1.0,0.0,1.0,1,7,0.0,3,5,1,1
25093,31.0,3,999,0,-0.1,93.2,-42.0,4.021,5195.8,999.0,0,1.0,0.0,0.0,2,5,0.0,6,11,1,1
25094,31.0,1,999,0,1.1,93.994,-36.4,4.86,5191.0,999.0,0,0.0,1.0,1.0,2,5,0.0,9,5,1,1
25095,36.0,1,999,0,-0.1,93.2,-42.0,4.021,5195.8,999.0,0,1.0,0.0,0.0,2,8,0.0,6,11,1,1
25096,40.0,4,999,0,1.4,93.918,-42.7,4.968,5228.1,999.0,0,1.0,0.0,0.0,2,4,0.0,6,7,1,1
25097,34.0,2,999,0,1.4,93.918,-42.7,4.963,5228.1,999.0,0,1.0,1.0,1.0,2,7,0.0,6,7,1,1
25098,32.0,1,999,0,1.4,94.465,-41.8,4.959,5228.1,999.0,0,1.0,0.0,1.0,1,5,0.0,6,6,1,1
25099,27.0,1,999,0,1.4,93.918,-42.7,4.958,5228.1,999.0,0,1.0,0.0,0.0,1,8,0.0,6,7,1,1
25100,41.0,3,999,0,1.4,93.918,-42.7,4.96,5228.1,999.0,0,1.0,1.0,0.0,1,2,0.0,4,7,2,1
25101,41.0,1,999,0,1.1,93.994,-36.4,4.857,5191.0,999.0,0,0.0,0.0,1.0,2,4,0.0,4,5,2,1
25102,37.0,3,999,0,1.1,93.994,-36.4,4.857,5191.0,999.0,0,0.0,0.0,1.0,2,4,0.0,4,5,1,1
25103,30.0,3,999,0,-1.8,93.876,-40.0,0.682,5008.7,999.0,0,0.0,0.0,1.0,1,5,0.0,11,5,1,1
25104,31.0,2,999,0,-1.8,93.369,-34.8,0.646,5008.7,999.0,0,0.0,0.0,0.0,2,6,0.0,6,3,2,1
25105,36.0,2,999,0,1.1,93.994,-36.4,4.857,5191.0,999.0,0,1.0,0.0,1.0,2,4,0.0,5,5,1,1
25106,31.0,1,999,0,1.4,94.465,-41.8,4.967,5228.1,999.0,0,1.0,0.0,1.0,2,8,0.0,9,6,1,1
25107,28.0,1,999,0,1.1,93.994,-36.4,4.857,5191.0,999.0,0,1.0,0.0,1.0,1,8,0.0,9,5,1,1
25108,31.0,1,999,0,-0.1,93.2,-42.0,4.021,5195.8,999.0,0,0.0,0.0,0.0,2,3,0.0,3,11,1,1
25109,53.0,1,999,0,1.1,93.994,-36.4,4.856,5191.0,999.0,0,1.0,0.0,1.0,2,6,0.0,5,5,1,1
25110,30.0,2,999,0,1.4,93.918,-42.7,4.963,5228.1,999.0,0,1.0,0.0,0.0,1,5,0.0,9,7,1,1
25111,47.0,1,999,0,1.1,93.994,-36.4,4.86,5191.0,999.0,0,0.0,0.0,1.0,1,8,0.0,6,5,1,1
25112,33.0,1,999,0,1.1,93.994,-36.4,4.857,5191.0,999.0,0,0.0,0.0,1.0,1,8,0.0,1,5,1,1
25113,58.0,4,999,0,-2.9,92.201,-31.4,0.838,5076.2,999.0,0,0.0,0.0,0.0,2,5,0.0,8,8,1,1
25114,31.0,4,999,0,1.4,93.444,-36.1,4.965,5228.1,999.0,0,1.0,0.0,0.0,2,2,0.0,4,8,2,1
25115,31.0,1,999,0,1.1,93.994,-36.4,4.857,5191.0,999.0,0,0.0,0.0,1.0,2,4,0.0,6,5,1,1
25116,31.0,1,999,0,1.1,93.994,-36.4,4.856,5191.0,999.0,0,0.0,1.0,1.0,2,5,0.0,5,5,1,1
25117,31.0,5,999,0,-1.8,92.893,-46.2,1.25,5099.1,999.0,0,0.0,0.0,0.0,2,8,0.0,7,5,1,1
25118,72.0,1,3,1,-1.8,93.369,-34.8,0.653,5008.7,0.1,0,0.0,0.0,0.0,2,6,0.0,8,3,1,3
25119,29.0,2,999,0,1.4,93.444,-36.1,4.966,5228.1,999.0,0,0.0,0.0,0.0,1,7,0.0,6,8,1,1
25120,57.0,1,999,0,1.4,93.444,-36.1,4.964,5228.1,999.0,0,0.0,0.0,0.0,2,2,0.0,2,8,1,1
25121,58.0,1,999,0,-1.8,92.893,-46.2,1.313,5099.1,999.0,0,0.0,1.0,0.0,1,8,0.0,3,5,1,1
25122,46.0,4,999,0,-0.1,93.2,-42.0,4.021,5195.8,999.0,0,1.0,1.0,0.0,2,8,0.0,5,11,1,1
25123,31.0,2,999,1,-0.1,93.2,-42.0,4.153,5195.8,999.0,2,1.0,1.0,0.0,2,7,0.0,3,11,1,2
25124,29.0,1,999,1,-1.8,92.893,-46.2,1.266,5099.1,999.0,1,1.0,0.0,0.0,2,5,0.0,9,5,1,2
25125,48.0,2,999,0,1.1,93.994,-36.4,4.855,5191.0,999.0,0,1.0,0.0,1.0,2,7,0.0,3,5,1,1
25126,46.0,2,999,0,1.4,93.444,-36.1,4.965,5228.1,999.0,0,0.0,0.0,0.0,2,7,0.0,6,8,2,1
25127,21.0,2,999,0,-1.8,93.075,-47.1,1.365,5099.1,999.0,0,0.0,0.0,0.0,1,5,0.0,6,4,1,1
25128,43.0,2,999,0,1.1,93.994,-36.4,4.856,5191.0,999.0,0,0.0,0.0,1.0,2,8,0.0,5,5,1,1
25129,34.0,2,999,0,-1.8,92.893,-46.2,1.291,5099.1,999.0,0,1.0,1.0,0.0,3,8,0.0,6,5,1,1
25130,55.0,1,999,0,1.4,94.465,-41.8,4.961,5228.1,999.0,0,1.0,1.0,1.0,2,5,0.0,6,6,1,1
25131,32.0,1,999,0,-0.1,93.2,-42.0,4.12,5195.8,999.0,0,1.0,0.0,0.0,3,5,0.0,10,11,1,1
25132,31.0,2,999,0,-1.8,92.893,-46.2,1.281,5099.1,999.0,0,1.0,1.0,0.0,2,5,0.0,4,5,1,1
25133,34.0,3,999,0,-1.8,92.893,-46.2,1.334,5099.1,999.0,0,0.0,0.0,0.0,2,3,0.0,4,5,1,1
25134,31.0,1,999,0,1.4,93.918,-42.7,4.962,5228.1,999.0,0,0.0,0.0,0.0,2,8,0.0,4,7,1,1
25135,50.0,1,999,1,-2.9,92.963,-40.8,1.26,5076.2,999.0,3,1.0,1.0,0.0,1,8,0.0,6,6,1,2
25136,52.0,1,999,0,1.1,93.994,-36.4,4.857,5191.0,999.0,0,1.0,0.0,1.0,2,8,0.0,4,5,1,1
25137,31.0,2,999,0,1.4,93.444,-36.1,4.965,5228.1,999.0,0,1.0,0.0,0.0,2,7,0.0,6,8,1,1
25138,56.0,2,999,0,1.1,93.994,-36.4,4.859,5191.0,999.0,0,0.0,0.0,1.0,2,8,0.0,8,5,1,1
25139,30.0,1,999,0,1.4,94.465,-41.8,4.967,5228.1,999.0,0,1.0,0.0,1.0,2,8,0.0,9,6,1,1
25140,31.0,1,999,0,1.1,93.994,-36.4,4.856,5191.0,999.0,0,0.0,0.0,1.0,2,7,0.0,6,5,1,1
25141,47.0,2,999,0,-1.8,92.893,-46.2,1.281,5099.1,999.0,0,0.0,0.0,0.0,3,7,0.0,6,5,1,1
25142,33.0,1,999,0,1.4,93.444,-36.1,4.965,5228.1,999.0,0,1.0,0.0,0.0,2,5,0.0,5,8,2,1
25143,31.0,1,999,0,1.1,93.994,-36.4,4.857,5191.0,999.0,0,1.0,0.0,1.0,2,3,0.0,4,5,1,1
25144,50.0,2,999,0,-2.9,92.469,-33.6,0.914,5076.2,999.0,0,1.0,1.0,0.0,2,8,0.0,1,7,2,1
25145,54.0,2,999,0,1.1,93.994,-36.4,4.856,5191.0,999.0,0,1.0,0.0,1.0,3,2,0.0,8,5,1,1
25146,57.0,6,999,0,1.4,93.918,-42.7,4.968,5228.1,999.0,0,1.0,0.0,1.0,1,5,0.0,6,7,1,1
25147,36.0,1,999,0,1.4,93.918,-42.7,4.962,5228.1,999.0,0,0.0,0.0,1.0,3,4,0.0,5,7,1,1
25148,36.0,13,999,0,1.4,93.918,-42.7,4.968,5228.1,999.0,0,0.0,0.0,1.0,1,7,0.0,6,7,1,1
25149,42.0,3,999,0,1.4,93.918,-42.7,4.961,5228.1,999.0,0,1.0,0.0,0.0,3,3,0.0,1,7,1,1
25150,33.0,2,999,0,-0.1,93.2,-42.0,4.12,5195.8,999.0,0,1.0,0.0,0.0,2,5,0.0,9,11,1,1
25151,32.0,2,999,0,1.4,93.444,-36.1,4.968,5228.1,999.0,0,1.0,0.0,0.0,2,7,0.0,5,8,1,1
25152,28.0,1,999,0,1.4,93.918,-42.7,4.962,5228.1,999.0,0,1.0,0.0,0.0,1,5,0.0,9,7,1,1
25153,31.0,1,999,0,-1.8,92.893,-46.2,1.344,5099.1,999.0,0,0.0,1.0,0.0,1,7,0.0,5,5,1,1
25154,29.0,1,999,1,-1.8,92.893,-46.2,1.291,5099.1,999.0,1,1.0,0.0,0.0,2,8,0.0,6,5,1,2
25155,48.0,3,999,0,1.1,93.994,-36.4,4.859,5191.0,999.0,0,1.0,0.0,1.0,3,6,0.0,6,5,1,1
25156,58.0,23,999,0,1.4,93.918,-42.7,4.963,5228.1,999.0,0,1.0,0.0,0.0,2,2,0.0,8,7,1,1
25157,36.0,2,999,0,-0.1,93.2,-42.0,4.191,5195.8,999.0,0,0.0,0.0,0.0,1,8,0.0,5,11,2,1
25158,42.0,3,999,0,-0.1,93.2,-42.0,4.021,5195.8,999.0,0,0.0,0.0,0.0,2,7,0.0,6,11,1,1
25159,25.0,1,999,2,-1.8,92.893,-46.2,1.354,5099.1,999.0,2,0.0,0.0,0.0,2,7,0.0,5,5,2,2
25160,51.0,1,999,0,1.1,93.994,-36.4,4.857,5191.0,999.0,0,1.0,0.0,1.0,2,4,0.0,10,5,1,1
25161,31.0,1,999,0,-0.1,93.2,-42.0,4.153,5195.8,999.0,0,0.0,0.0,0.0,2,5,0.0,6,11,1,1
25162,46.0,7,999,1,-1.8,92.893,-46.2,1.244,5099.1,999.0,3,0.0,0.0,0.0,3,8,0.0,6,5,2,2
25163,31.0,1,999,0,-2.9,92.963,-40.8,1.26,5076.2,999.0,0,0.0,0.0,0.0,2,8,0.0,5,6,2,1
25164,39.0,8,999,0,1.4,93.444,-36.1,4.962,5228.1,999.0,0,1.0,1.0,0.0,1,7,0.0,6,8,1,1
25165,30.0,1,999,0,1.1,93.994,-36.4,4.856,5191.0,999.0,0,1.0,0.0,1.0,3,4,0.0,9,5,1,1
25166,36.0,1,999,0,-2.9,92.201,-31.4,0.884,5076.2,999.0,0,0.0,0.0,1.0,2,7,0.0,3,8,1,1
25167,31.0,3,999,0,1.1,93.994,-36.4,4.856,5191.0,999.0,0,0.0,0.0,1.0,1,4,0.0,4,5,1,1
25168,24.0,2,999,1,-1.8,93.749,-34.6,0.645,5008.7,999.0,5,0.0,0.0,0.0,1,8,0.0,4,4,2,2
25169,31.0,6,999,0,1.4,94.465,-41.8,4.866,5228.1,999.0,0,1.0,0.0,1.0,2,6,0.0,5,6,1,1
25170,43.0,1,999,0,1.4,94.465,-41.8,4.866,5228.1,999.0,0,0.0,0.0,1.0,2,8,0.0,4,6,1,1
25171,39.0,2,999,0,1.4,94.465,-41.8,4.96,5228.1,999.0,0,1.0,1.0,1.0,2,3,0.0,4,6,2,1
25172,53.0,2,999,0,1.4,93.918,-42.7,4.962,5228.1,999.0,0,1.0,1.0,0.0,2,8,0.0,8,7,1,1
25173,53.0,1,999,0,-1.8,92.893,-46.2,1.354,5099.1,999.0,0,1.0,0.0,1.0,2,6,0.0,5,5,2,1
25174,68.0,1,999,1,-3.4,92.379,-29.8,0.788,5017.5,999.0,3,0.0,0.0,1.0,2,2,0.0,8,9,1,2
25175,33.0,1,999,0,-1.8,93.075,-47.1,1.365,5099.1,999.0,0,1.0,0.0,0.0,2,5,0.0,9,4,1,1
25176,31.0,4,999,0,-1.8,92.893,-46.2,1.266,5099.1,999.0,0,1.0,0.0,0.0,1,8,0.0,5,5,1,1
25177,31.0,2,999,0,1.4,94.465,-41.8,4.866,5228.1,999.0,0,1.0,0.0,1.0,2,8,0.0,6,6,1,1
25178,56.0,1,999,0,1.4,93.444,-36.1,4.968,5228.1,999.0,0,1.0,0.0,0.0,2,5,0.0,6,8,1,1
25179,39.0,2,999,0,1.4,93.444,-36.1,4.968,5228.1,999.0,0,0.0,0.0,0.0,2,8,0.0,3,8,1,1
25180,47.0,1,999,0,1.1,93.994,-36.4,4.86,5191.0,999.0,0,1.0,0.0,1.0,2,8,0.0,4,5,1,1
25181,30.0,3,999,0,1.4,94.465,-41.8,4.865,5228.1,999.0,0,0.0,0.0,1.0,2,6,0.0,4,6,1,1
25182,27.0,2,999,0,1.4,93.918,-42.7,4.963,5228.1,999.0,0,1.0,0.0,0.0,2,5,0.0,2,7,1,1
25183,40.0,2,999,0,1.4,93.918,-42.7,4.963,5228.1,999.0,0,1.0,0.0,0.0,2,2,0.0,7,7,1,1
25184,33.0,1,999,0,1.1,93.994,-36.4,4.855,5191.0,999.0,0,0.0,0.0,1.0,1,8,0.0,6,5,1,1
25185,31.0,4,999,0,1.4,93.444,-36.1,4.962,5228.1,999.0,0,1.0,0.0,0.0,2,7,0.0,6,8,1,1
25186,31.0,5,999,0,1.4,94.465,-41.8,4.865,5228.1,999.0,0,1.0,0.0,1.0,2,6,0.0,5,6,1,1
25187,47.0,1,3,1,-2.9,92.963,-40.8,1.215,5076.2,0.1,0,1.0,0.0,0.0,1,6,0.0,2,6,2,3
25188,31.0,1,999,0,-1.8,92.893,-46.2,1.313,5099.1,999.0,0,1.0,0.0,0.0,2,8,0.0,4,5,1,1
25189,32.0,1,999,1,-1.8,93.075,-47.1,1.405,5099.1,999.0,3,0.0,0.0,0.0,2,4,0.0,4,4,1,2
25190,44.0,1,999,0,1.1,93.994,-36.4,4.859,5191.0,999.0,0,1.0,0.0,1.0,3,2,0.0,4,5,1,1
25191,42.0,1,999,0,-1.8,93.876,-40.0,0.701,5008.7,999.0,0,1.0,0.0,1.0,1,8,0.0,3,5,2,1
25192,58.0,1,999,0,1.4,93.918,-42.7,4.963,5228.1,999.0,0,0.0,0.0,0.0,2,8,0.0,7,7,1,1
25193,31.0,3,999,1,-1.8,92.893,-46.2,1.327,5099.1,999.0,1,1.0,0.0,0.0,1,8,0.0,9,5,1,2
25194,38.0,3,999,0,1.4,93.918,-42.7,4.956,5228.1,999.0,0,0.0,0.0,1.0,2,4,0.0,4,7,1,1
25195,31.0,1,999,0,1.4,94.465,-41.8,4.958,5228.1,999.0,0,1.0,1.0,1.0,2,6,0.0,5,6,1,1
25196,29.0,4,999,0,-1.8,92.893,-46.2,1.25,5099.1,999.0,0,0.0,0.0,0.0,1,5,0.0,6,5,1,1
25197,56.0,6,999,0,1.4,94.465,-41.8,4.864,5228.1,999.0,0,0.0,0.0,1.0,2,8,0.0,4,6,1,1
25198,48.0,11,999,0,1.4,93.918,-42.7,4.961,5228.1,999.0,0,1.0,0.0,1.0,2,8,0.0,5,7,1,1
25199,31.0,15,999,0,1.4,93.444,-36.1,4.962,5228.1,999.0,0,1.0,0.0,1.0,2,3,0.0,1,8,1,1
25200,33.0,1,999,0,-0.1,93.2,-42.0,4.153,5195.8,999.0,0,0.0,0.0,0.0,1,7,0.0,5,11,1,1
25201,36.0,3,999,0,-0.1,93.2,-42.0,4.076,5195.8,999.0,0,1.0,0.0,0.0,1,8,0.0,5,11,1,1
25202,41.0,2,999,1,-1.8,93.075,-47.1,1.405,5099.1,999.0,1,0.0,0.0,0.0,2,5,0.0,9,4,2,2
25203,31.0,1,999,0,1.1,93.994,-36.4,4.859,5191.0,999.0,0,1.0,0.0,1.0,3,5,0.0,6,5,1,1
25204,47.0,3,999,0,1.1,93.994,-36.4,4.858,5191.0,999.0,0,1.0,0.0,1.0,2,7,0.0,6,5,1,1
25205,44.0,2,999,0,1.1,93.994,-36.4,4.857,5191.0,999.0,0,1.0,1.0,1.0,2,6,0.0,4,5,1,1
25206,35.0,1,999,0,-0.1,93.2,-42.0,4.12,5195.8,999.0,0,0.0,0.0,0.0,1,6,0.0,5,11,1,1
25207,35.0,1,0,1,-1.8,92.893,-46.2,1.344,5099.1,0.0,2,1.0,0.0,0.0,2,3,0.0,4,5,1,3
25208,31.0,2,999,1,-3.4,92.649,-30.1,0.72,5017.5,999.0,1,0.0,0.0,0.0,2,4,0.0,5,11,1,2
25209,23.0,2,999,0,-1.8,92.893,-46.2,1.266,5099.1,999.0,0,1.0,0.0,0.0,1,4,0.0,1,5,1,1
25210,40.0,3,999,0,1.4,93.918,-42.7,4.963,5228.1,999.0,0,1.0,0.0,0.0,1,7,0.0,1,7,1,1
25211,34.0,1,999,0,1.1,93.994,-36.4,4.856,5191.0,999.0,0,1.0,0.0,1.0,2,6,0.0,5,5,1,1
25212,42.0,2,999,0,1.1,93.994,-36.4,4.864,5191.0,999.0,0,0.0,0.0,1.0,3,5,0.0,10,5,1,1
25213,32.0,2,3,1,-2.9,92.963,-40.8,1.281,5076.2,0.1,3,0.0,0.0,0.0,1,7,0.0,3,6,2,3
25214,30.0,1,999,0,1.1,93.994,-36.4,4.858,5191.0,999.0,0,0.0,0.0,1.0,2,8,0.0,6,5,1,1
25215,30.0,2,999,0,-1.8,92.893,-46.2,1.344,5099.1,999.0,0,0.0,0.0,0.0,1,5,0.0,9,5,1,1
25216,39.0,2,999,1,-1.8,92.893,-46.2,1.327,5099.1,999.0,1,0.0,0.0,0.0,2,5,0.0,4,5,1,2
25217,31.0,1,6,2,-1.1,94.601,-49.5,1.032,4963.6,0.2,2,1.0,0.0,0.0,1,8,0.0,6,10,2,3
25218,31.0,3,999,0,1.4,93.444,-36.1,4.965,5228.1,999.0,0,1.0,0.0,0.0,3,5,0.0,5,8,1,1
25219,58.0,4,999,0,1.1,93.994,-36.4,4.859,5191.0,999.0,0,0.0,0.0,1.0,2,4,0.0,8,5,1,1
25220,27.0,2,999,0,-1.8,92.893,-46.2,1.266,5099.1,999.0,0,0.0,0.0,0.0,1,7,0.0,1,5,1,1
25221,31.0,1,999,0,1.4,93.444,-36.1,4.968,5228.1,999.0,0,1.0,1.0,0.0,2,8,0.0,6,8,1,1
25222,31.0,2,999,0,1.1,93.994,-36.4,4.859,5191.0,999.0,0,1.0,0.0,1.0,2,4,0.0,4,5,1,1
25223,47.0,1,999,0,1.1,93.994,-36.4,4.857,5191.0,999.0,0,0.0,0.0,1.0,2,4,0.0,4,5,1,1
25224,31.0,1,999,0,-1.8,92.893,-46.2,1.299,5099.1,999.0,0,1.0,0.0,0.0,2,8,0.0,9,5,2,1
25225,31.0,1,999,0,1.1,93.994,-36.4,4.86,5191.0,999.0,0,0.0,0.0,1.0,1,4,0.0,4,5,1,1
25226,64.0,2,3,1,-2.9,92.201,-31.4,0.843,5076.2,0.1,4,1.0,0.0,0.0,2,4,0.0,8,8,1,3
25227,31.0,2,999,0,-3.4,92.379,-29.8,0.803,5017.5,999.0,0,0.0,0.0,0.0,1,5,0.0,11,9,1,1
25228,31.0,1,999,0,1.4,93.918,-42.7,4.962,5228.1,999.0,0,1.0,0.0,0.0,2,4,0.0,4,7,1,1
25229,30.0,1,999,0,1.4,93.918,-42.7,4.962,5228.1,999.0,0,0.0,1.0,0.0,1,8,0.0,10,7,1,1
25230,31.0,8,999,0,-1.8,92.893,-46.2,1.266,5099.1,999.0,0,0.0,0.0,0.0,1,7,0.0,5,5,1,1
25231,31.0,1,999,0,1.1,93.994,-36.4,4.86,5191.0,999.0,0,0.0,0.0,1.0,2,8,0.0,6,5,1,1
25232,31.0,1,999,0,-3.4,92.431,-26.9,0.742,5017.5,999.0,0,0.0,0.0,1.0,1,8,0.0,8,10,1,1
25233,36.0,2,999,0,-0.1,93.2,-42.0,4.12,5195.8,999.0,0,1.0,0.0,0.0,2,8,0.0,3,11,1,1
25234,35.0,2,999,0,1.4,94.465,-41.8,4.96,5228.1,999.0,0,0.0,0.0,1.0,1,7,0.0,6,6,2,1
25235,50.0,3,999,0,1.4,93.918,-42.7,4.96,5228.1,999.0,0,1.0,0.0,0.0,2,8,0.0,12,7,2,1
25236,41.0,1,999,0,1.1,93.994,-36.4,4.857,5191.0,999.0,0,1.0,0.0,1.0,2,8,0.0,4,5,2,1
25237,27.0,2,999,0,-1.8,92.893,-46.2,1.27,5099.1,999.0,0,1.0,0.0,0.0,1,7,0.0,6,5,1,1
25238,48.0,1,999,0,1.4,93.918,-42.7,4.962,5228.1,999.0,0,1.0,1.0,1.0,2,7,0.0,3,7,1,1
25239,29.0,1,999,1,-0.1,93.2,-42.0,4.153,5195.8,999.0,2,0.0,0.0,0.0,3,6,0.0,5,11,1,2
25240,25.0,2,10,2,-1.8,93.369,-34.8,0.654,5008.7,0.333333333333,6,0.0,0.0,0.0,1,4,0.0,4,3,1,3
25241,31.0,2,999,0,-1.8,92.893,-46.2,1.313,5099.1,999.0,0,1.0,1.0,0.0,1,5,0.0,3,5,1,1
25242,34.0,1,999,0,-2.9,92.963,-40.8,1.26,5076.2,999.0,0,1.0,0.0,0.0,2,6,0.0,5,6,1,1
25243,35.0,1,999,0,-1.8,92.893,-46.2,1.313,5099.1,999.0,0,0.0,0.0,0.0,1,7,0.0,6,5,1,1
25244,36.0,6,999,0,-3.0,92.713,-33.0,0.717,5023.5,999.0,0,1.0,0.0,1.0,1,5,0.0,6,12,2,1
25245,57.0,1,999,0,1.1,93.994,-36.4,4.859,5191.0,999.0,0,0.0,0.0,1.0,3,7,0.0,3,5,1,1
25246,29.0,1,3,3,-1.1,94.767,-50.8,1.05,4963.6,0.1,6,1.0,1.0,0.0,1,8,0.0,11,11,1,3
25247,60.0,1,999,0,1.1,93.994,-36.4,4.855,5191.0,999.0,0,1.0,0.0,1.0,2,7,0.0,8,5,1,1
25248,31.0,5,999,0,-1.8,92.893,-46.2,1.313,5099.1,999.0,0,1.0,0.0,0.0,2,8,0.0,6,5,1,1
25249,33.0,1,999,0,-0.1,93.2,-42.0,4.021,5195.8,999.0,0,0.0,0.0,0.0,1,7,0.0,5,11,1,1
25250,32.0,1,999,0,-0.1,93.2,-42.0,4.076,5195.8,999.0,0,1.0,0.0,1.0,3,7,0.0,4,11,1,1
25251,55.0,1,999,0,-1.8,92.893,-46.2,1.259,5099.1,999.0,0,0.0,0.0,0.0,2,8,0.0,6,5,1,1
25252,41.0,1,999,0,-2.9,92.963,-40.8,1.266,5076.2,999.0,0,0.0,0.0,0.0,2,7,0.0,6,6,2,1
25253,55.0,1,999,0,-2.9,92.963,-40.8,1.26,5076.2,999.0,0,1.0,0.0,0.0,2,7,0.0,12,6,1,1
25254,47.0,1,999,1,-1.8,92.893,-46.2,1.299,5099.1,999.0,0,1.0,0.0,0.0,2,8,0.0,4,5,2,2
25255,31.0,1,999,0,1.4,94.465,-41.8,4.961,5228.1,999.0,0,0.0,0.0,1.0,2,6,0.0,7,6,2,1
25256,33.0,2,999,0,1.1,93.994,-36.4,4.86,5191.0,999.0,0,0.0,0.0,1.0,1,2,0.0,4,5,1,1
25257,49.0,1,999,0,1.4,93.918,-42.7,4.959,5228.1,999.0,0,0.0,0.0,1.0,2,4,0.0,4,7,1,1
25258,40.0,1,999,0,-3.0,92.713,-33.0,0.72,5023.5,999.0,0,0.0,0.0,1.0,2,6,0.0,4,12,1,1
25259,50.0,1,999,0,-1.8,92.893,-46.2,1.344,5099.1,999.0,0,0.0,0.0,0.0,2,8,0.0,5,5,1,1
25260,35.0,2,999,0,1.4,93.918,-42.7,4.962,5228.1,999.0,0,1.0,0.0,0.0,2,5,0.0,4,7,2,1
25261,45.0,2,999,0,1.4,93.444,-36.1,4.965,5228.1,999.0,0,1.0,0.0,0.0,2,2,0.0,4,8,2,1
25262,34.0,2,999,0,1.4,94.465,-41.8,4.967,5228.1,999.0,0,0.0,0.0,1.0,1,6,0.0,5,6,1,1
25263,31.0,2,999,0,1.4,93.918,-42.7,4.962,5228.1,999.0,0,0.0,0.0,0.0,1,7,0.0,5,7,1,1
25264,39.0,1,999,0,1.1,93.994,-36.4,4.857,5191.0,999.0,0,0.0,0.0,1.0,3,8,0.0,7,5,2,1
25265,32.0,28,999,0,1.1,93.994,-36.4,4.858,5191.0,999.0,0,1.0,0.0,1.0,2,4,0.0,4,5,1,1
25266,57.0,2,999,0,1.4,93.918,-42.7,4.961,5228.1,999.0,0,1.0,0.0,0.0,2,4,0.0,4,7,1,1
25267,43.0,4,999,0,-1.8,93.075,-47.1,1.406,5099.1,999.0,0,0.0,0.0,0.0,2,7,0.0,6,4,1,1
25268,31.0,2,999,0,-0.1,93.2,-42.0,4.191,5195.8,999.0,0,1.0,0.0,0.0,2,8,0.0,4,11,2,1
25269,31.0,2,999,0,1.1,93.994,-36.4,4.864,5191.0,999.0,0,0.0,0.0,1.0,2,8,0.0,9,5,1,1
25270,31.0,1,999,0,-1.8,93.075,-47.1,1.365,5099.1,999.0,0,0.0,1.0,0.0,2,8,0.0,6,4,1,1
25271,31.0,5,999,0,1.1,93.994,-36.4,4.857,5191.0,999.0,0,0.0,0.0,1.0,1,6,0.0,4,5,1,1
25272,31.0,1,999,0,1.4,93.444,-36.1,4.966,5228.1,999.0,0,1.0,0.0,0.0,2,8,0.0,4,8,1,1
25273,25.0,3,999,0,1.1,93.994,-36.4,4.857,5191.0,999.0,0,1.0,0.0,1.0,2,5,0.0,5,5,1,1
25274,28.0,1,999,1,-1.8,92.893,-46.2,1.313,5099.1,999.0,1,0.0,0.0,0.0,1,8,0.0,11,5,1,2
25275,31.0,6,999,1,-0.1,93.2,-42.0,4.076,5195.8,999.0,3,0.0,0.0,1.0,4,4,0.0,10,11,1,2
25276,31.0,3,999,0,1.4,93.444,-36.1,4.964,5228.1,999.0,0,1.0,1.0,0.0,1,8,0.0,5,8,1,1
25277,35.0,2,999,0,1.4,93.918,-42.7,4.96,5228.1,999.0,0,1.0,0.0,0.0,1,7,0.0,6,7,2,1
25278,39.0,1,999,0,1.1,93.994,-36.4,4.859,5191.0,999.0,0,0.0,0.0,1.0,2,8,0.0,3,5,1,1
25279,31.0,1,999,0,1.4,93.444,-36.1,4.964,5228.1,999.0,0,0.0,0.0,0.0,2,7,0.0,5,8,1,1
25280,31.0,2,999,0,1.1,93.994,-36.4,4.857,5191.0,999.0,0,1.0,0.0,1.0,1,5,0.0,6,5,1,1
25281,31.0,1,999,1,-0.1,93.2,-42.0,4.12,5195.8,999.0,1,0.0,0.0,0.0,2,7,0.0,6,11,1,2
25282,31.0,1,999,0,1.4,93.444,-36.1,4.968,5228.1,999.0,0,0.0,1.0,0.0,2,6,0.0,5,8,1,1
25283,47.0,1,999,0,1.1,93.994,-36.4,4.858,5191.0,999.0,0,1.0,1.0,1.0,2,8,0.0,5,5,2,1
25284,31.0,2,999,0,-0.1,93.2,-42.0,4.076,5195.8,999.0,0,0.0,0.0,0.0,2,7,0.0,6,11,1,1
25285,38.0,3,999,1,-1.8,93.075,-47.1,1.405,5099.1,999.0,2,1.0,0.0,0.0,1,7,0.0,5,4,1,2
25286,48.0,1,999,0,1.1,93.994,-36.4,4.857,5191.0,999.0,0,1.0,0.0,1.0,2,6,0.0,9,5,1,1
25287,48.0,1,999,0,1.4,93.444,-36.1,4.963,5228.1,999.0,0,0.0,0.0,0.0,2,8,0.0,9,8,1,1
25288,31.0,1,999,0,-1.8,92.893,-46.2,1.334,5099.1,999.0,0,0.0,0.0,0.0,2,5,0.0,9,5,1,1
25289,42.0,2,999,0,1.1,93.994,-36.4,4.856,5191.0,999.0,0,0.0,0.0,1.0,2,3,0.0,6,5,1,1
25290,31.0,1,999,0,1.4,93.444,-36.1,4.964,5228.1,999.0,0,1.0,0.0,0.0,1,8,0.0,5,8,1,1
25291,54.0,1,999,0,1.1,93.994,-36.4,4.856,5191.0,999.0,0,0.0,0.0,1.0,2,2,0.0,4,5,1,1
25292,30.0,1,999,0,1.1,93.994,-36.4,4.857,5191.0,999.0,0,1.0,0.0,1.0,1,7,0.0,6,5,2,1
25293,32.0,1,999,0,-1.8,92.893,-46.2,1.313,5099.1,999.0,0,0.0,0.0,0.0,2,8,0.0,5,5,1,1
25294,42.0,5,10,1,-1.8,92.893,-46.2,1.344,5099.1,0.333333333333,3,0.0,0.0,0.0,2,4,0.0,4,5,1,3
25295,32.0,1,999,0,1.1,93.994,-36.4,4.857,5191.0,999.0,0,1.0,0.0,1.0,2,8,0.0,4,5,1,1
25296,59.0,8,999,0,1.4,93.918,-42.7,4.968,5228.1,999.0,0,0.0,0.0,1.0,2,5,0.0,5,7,1,1
25297,30.0,4,999,0,-1.8,93.075,-47.1,1.405,5099.1,999.0,0,1.0,0.0,0.0,1,8,0.0,11,4,1,1
25298,31.0,2,999,0,-2.9,92.201,-31.4,0.869,5076.2,999.0,0,1.0,0.0,0.0,2,7,0.0,5,8,1,1
25299,31.0,2,13,2,-1.7,94.215,-40.3,0.861,4991.6,0.433333333333,0,1.0,0.0,0.0,1,7,0.0,6,7,1,3
25300,38.0,4,999,0,1.1,93.994,-36.4,4.857,5191.0,999.0,0,1.0,0.0,1.0,1,7,0.0,6,5,1,1
25301,30.0,4,999,0,1.1,93.994,-36.4,4.86,5191.0,999.0,0,1.0,0.0,1.0,1,6,0.0,5,5,1,1
25302,36.0,2,999,0,1.4,93.918,-42.7,4.958,5228.1,999.0,0,1.0,0.0,0.0,2,8,0.0,4,7,1,1
25303,22.0,2,999,0,-1.1,94.601,-49.5,0.977,4963.6,999.0,0,0.0,1.0,1.0,1,8,0.0,10,10,2,1
25304,40.0,6,999,0,-0.1,93.2,-42.0,4.021,5195.8,999.0,0,0.0,0.0,0.0,1,5,0.0,11,11,1,1
25305,50.0,2,999,0,1.4,93.918,-42.7,4.962,5228.1,999.0,0,1.0,1.0,0.0,2,6,0.0,3,7,1,1
25306,31.0,1,999,0,-0.1,93.2,-42.0,4.076,5195.8,999.0,0,1.0,1.0,0.0,2,4,0.0,1,11,1,1
25307,31.0,2,999,1,-0.1,93.2,-42.0,4.153,5195.8,999.0,3,0.0,0.0,0.0,2,5,0.0,8,11,1,2
25308,31.0,2,999,0,-1.8,92.893,-46.2,1.244,5099.1,999.0,0,1.0,1.0,0.0,1,6,0.0,5,5,2,1
25309,49.0,1,999,0,-0.1,93.2,-42.0,4.076,5195.8,999.0,0,1.0,0.0,0.0,4,5,0.0,10,11,1,1
25310,51.0,1,999,0,1.4,93.444,-36.1,4.966,5228.1,999.0,0,1.0,0.0,0.0,2,2,0.0,4,8,1,1
25311,31.0,1,999,0,1.1,93.994,-36.4,4.856,5191.0,999.0,0,1.0,1.0,1.0,3,5,0.0,9,5,1,1
25312,48.0,1,999,0,1.1,93.994,-36.4,4.856,5191.0,999.0,0,0.0,0.0,1.0,2,8,0.0,12,5,1,1
25313,31.0,6,999,0,1.4,93.444,-36.1,4.963,5228.1,999.0,0,1.0,1.0,0.0,1,8,0.0,10,8,1,1
25314,48.0,1,999,0,1.4,93.444,-36.1,4.964,5228.1,999.0,0,1.0,0.0,0.0,3,6,0.0,5,8,1,1
25315,40.0,6,999,0,1.4,93.918,-42.7,4.968,5228.1,999.0,0,1.0,1.0,0.0,2,6,0.0,6,7,1,1
25316,71.0,2,9,3,-1.7,94.215,-40.3,0.899,4991.6,0.3,6,1.0,0.0,0.0,2,2,0.0,8,7,1,2
25317,29.0,4,999,0,1.4,93.444,-36.1,4.964,5228.1,999.0,0,1.0,0.0,0.0,2,7,0.0,6,8,1,1
25318,33.0,1,999,0,1.4,93.918,-42.7,4.962,5228.1,999.0,0,1.0,0.0,1.0,1,8,0.0,6,7,1,1
25319,29.0,2,999,0,1.4,93.444,-36.1,4.964,5228.1,999.0,0,0.0,0.0,0.0,1,8,0.0,6,8,1,1
25320,33.0,1,999,0,1.1,93.994,-36.4,4.856,5191.0,999.0,0,0.0,0.0,1.0,2,8,0.0,4,5,1,1
25321,33.0,3,999,0,1.1,93.994,-36.4,4.857,5191.0,999.0,0,1.0,0.0,1.0,2,7,0.0,6,5,2,1
25322,30.0,4,999,0,1.4,93.444,-36.1,4.964,5228.1,999.0,0,1.0,0.0,0.0,1,8,0.0,5,8,1,1
25323,31.0,2,999,0,1.4,93.918,-42.7,4.961,5228.1,999.0,0,0.0,0.0,0.0,2,7,0.0,6,7,1,1
25324,31.0,4,999,0,1.4,93.918,-42.7,4.957,5228.1,999.0,0,0.0,0.0,0.0,1,3,0.0,4,7,1,1
25325,56.0,2,999,0,-0.1,93.2,-42.0,4.153,5195.8,999.0,0,1.0,0.0,0.0,3,7,0.0,8,11,1,1
25326,30.0,6,999,0,-1.8,92.893,-46.2,1.281,5099.1,999.0,0,1.0,0.0,1.0,1,5,0.0,9,5,1,1
25327,56.0,2,999,0,1.1,93.994,-36.4,4.855,5191.0,999.0,0,0.0,0.0,1.0,2,7,0.0,6,5,1,1
25328,42.0,1,999,0,1.1,93.994,-36.4,4.859,5191.0,999.0,0,0.0,0.0,1.0,2,6,0.0,5,5,1,1
25329,30.0,2,999,0,1.1,93.994,-36.4,4.855,5191.0,999.0,0,1.0,0.0,1.0,3,5,0.0,9,5,1,1
25330,48.0,2,999,0,-1.1,94.199,-37.5,0.879,4963.6,999.0,0,0.0,0.0,0.0,2,3,0.0,9,9,2,1
25331,33.0,3,999,0,1.1,93.994,-36.4,4.858,5191.0,999.0,0,0.0,0.0,1.0,2,8,0.0,9,5,1,1
25332,31.0,3,999,0,1.1,93.994,-36.4,4.86,5191.0,999.0,0,1.0,0.0,1.0,1,5,0.0,9,5,1,1
25333,49.0,17,999,0,1.1,93.994,-36.4,4.864,5191.0,999.0,0,0.0,0.0,1.0,2,7,0.0,7,5,1,1
25334,51.0,3,999,0,1.4,93.918,-42.7,4.962,5228.1,999.0,0,0.0,0.0,0.0,2,7,0.0,2,7,2,1
25335,21.0,1,999,0,-1.7,94.215,-40.3,0.884,4991.6,999.0,0,0.0,0.0,1.0,1,4,0.0,11,7,1,1
25336,38.0,2,999,0,1.1,93.994,-36.4,4.857,5191.0,999.0,0,0.0,0.0,1.0,2,7,0.0,3,5,2,1
25337,31.0,2,999,0,1.4,93.444,-36.1,4.97,5228.1,999.0,0,0.0,0.0,0.0,2,7,0.0,3,8,2,1
25338,79.0,1,3,1,-3.4,92.649,-30.1,0.715,5017.5,0.1,2,1.0,0.0,0.0,2,8,0.0,8,11,1,3
25339,39.0,1,999,0,-1.8,92.893,-46.2,1.281,5099.1,999.0,0,1.0,0.0,0.0,2,4,0.0,4,5,1,1
25340,59.0,1,999,0,1.4,93.444,-36.1,4.964,5228.1,999.0,0,0.0,0.0,0.0,2,7,0.0,3,8,1,1
25341,50.0,2,999,0,1.1,93.994,-36.4,4.859,5191.0,999.0,0,0.0,0.0,1.0,2,8,0.0,5,5,1,1
25342,50.0,1,999,0,1.4,93.444,-36.1,4.968,5228.1,999.0,0,1.0,0.0,0.0,2,3,0.0,9,8,1,1
25343,31.0,2,999,0,-0.1,93.2,-42.0,4.076,5195.8,999.0,0,0.0,0.0,0.0,3,6,0.0,5,11,1,1
25344,32.0,2,999,0,1.4,93.918,-42.7,4.962,5228.1,999.0,0,0.0,0.0,0.0,1,7,0.0,6,7,1,1
25345,47.0,1,999,0,1.4,93.444,-36.1,4.963,5228.1,999.0,0,0.0,1.0,0.0,2,7,0.0,6,8,2,1
25346,39.0,2,999,0,1.1,93.994,-36.4,4.857,5191.0,999.0,0,0.0,0.0,1.0,2,5,0.0,9,5,1,1
25347,55.0,3,999,0,1.1,93.994,-36.4,4.857,5191.0,999.0,0,1.0,1.0,1.0,2,8,0.0,9,5,2,1
25348,31.0,3,999,0,1.4,93.444,-36.1,4.964,5228.1,999.0,0,0.0,0.0,0.0,2,8,0.0,8,8,1,1
25349,59.0,1,999,0,-2.9,92.201,-31.4,0.821,5076.2,999.0,0,1.0,0.0,1.0,2,7,0.0,1,8,1,1
25350,34.0,4,999,0,1.4,94.465,-41.8,4.96,5228.1,999.0,0,0.0,0.0,1.0,2,2,0.0,4,6,2,1
25351,43.0,2,999,0,1.4,93.918,-42.7,4.962,5228.1,999.0,0,1.0,0.0,0.0,3,4,0.0,4,7,1,1
25352,46.0,6,999,0,1.1,93.994,-36.4,4.857,5191.0,999.0,0,1.0,0.0,1.0,1,7,0.0,5,5,1,1
25353,35.0,1,999,1,-0.1,93.2,-42.0,4.153,5195.8,999.0,5,0.0,0.0,0.0,2,2,0.0,3,11,1,2
25354,43.0,1,999,0,1.4,93.444,-36.1,4.967,5228.1,999.0,0,1.0,0.0,0.0,2,7,0.0,6,8,1,1
25355,31.0,1,999,0,1.4,93.444,-36.1,4.968,5228.1,999.0,0,1.0,0.0,0.0,2,7,0.0,6,8,1,1
25356,48.0,3,999,0,-1.8,92.893,-46.2,1.244,5099.1,999.0,0,1.0,0.0,0.0,2,2,0.0,4,5,2,1
25357,51.0,2,999,0,1.1,93.994,-36.4,4.858,5191.0,999.0,0,1.0,0.0,1.0,2,3,0.0,4,5,2,1
25358,37.0,16,999,0,1.1,93.994,-36.4,4.857,5191.0,999.0,0,0.0,0.0,1.0,2,6,0.0,5,5,1,1
25359,49.0,1,999,0,1.1,93.994,-36.4,4.857,5191.0,999.0,0,0.0,0.0,1.0,2,2,0.0,2,5,1,1
25360,40.0,5,999,0,1.1,93.994,-36.4,4.859,5191.0,999.0,0,1.0,0.0,1.0,3,3,0.0,2,5,1,1
25361,46.0,3,999,0,1.4,94.465,-41.8,4.961,5228.1,999.0,0,1.0,0.0,1.0,3,3,0.0,4,6,1,1
25362,25.0,1,999,1,-2.9,92.201,-31.4,0.825,5076.2,999.0,3,1.0,0.0,0.0,1,8,0.0,11,8,1,2
25363,59.0,4,999,0,1.4,94.465,-41.8,4.864,5228.1,999.0,0,0.0,0.0,1.0,2,8,0.0,5,6,1,1
25364,33.0,2,999,0,1.4,93.918,-42.7,4.962,5228.1,999.0,0,0.0,0.0,0.0,2,5,0.0,4,7,2,1
25365,30.0,2,999,0,-0.1,93.2,-42.0,4.076,5195.8,999.0,0,1.0,0.0,1.0,2,4,0.0,4,11,1,1
25366,41.0,5,999,1,-0.1,93.2,-42.0,4.153,5195.8,999.0,1,1.0,0.0,0.0,1,7,0.0,6,11,1,2
25367,50.0,2,999,0,-3.4,92.379,-29.8,0.749,5017.5,999.0,0,1.0,1.0,0.0,2,8,0.0,5,9,1,1
25368,31.0,1,999,0,1.4,93.444,-36.1,4.963,5228.1,999.0,0,0.0,0.0,0.0,4,8,0.0,6,8,1,1
25369,40.0,4,999,0,1.4,94.465,-41.8,4.96,5228.1,999.0,0,1.0,0.0,1.0,2,3,0.0,4,6,1,1
25370,36.0,4,999,0,1.4,93.918,-42.7,4.961,5228.1,999.0,0,0.0,0.0,0.0,2,2,0.0,4,7,1,1
25371,34.0,2,999,0,1.4,93.918,-42.7,4.963,5228.1,999.0,0,0.0,1.0,0.0,2,4,0.0,4,7,1,1
25372,39.0,1,999,0,1.1,93.994,-36.4,4.855,5191.0,999.0,0,1.0,0.0,1.0,2,8,0.0,6,5,1,1
25373,60.0,1,999,0,1.1,93.994,-36.4,4.855,5191.0,999.0,0,0.0,0.0,1.0,2,7,0.0,3,5,1,1
25374,26.0,1,14,1,-1.7,94.027,-38.3,0.903,4991.6,0.466666666667,3,1.0,0.0,0.0,1,5,0.0,11,8,1,3
25375,45.0,4,999,0,1.1,93.994,-36.4,4.864,5191.0,999.0,0,0.0,0.0,1.0,2,8,0.0,5,5,1,1
25376,27.0,2,999,0,-1.8,92.893,-46.2,1.291,5099.1,999.0,0,0.0,0.0,0.0,1,5,0.0,11,5,1,1
25377,45.0,3,999,0,1.4,93.918,-42.7,4.962,5228.1,999.0,0,1.0,0.0,0.0,2,5,0.0,6,7,2,1
25378,37.0,2,999,1,-1.8,92.893,-46.2,1.313,5099.1,999.0,2,1.0,0.0,0.0,2,7,0.0,6,5,1,2
25379,32.0,2,999,0,-0.1,93.2,-42.0,4.12,5195.8,999.0,0,0.0,1.0,0.0,2,3,0.0,4,11,1,1
25380,54.0,2,999,1,-1.8,93.075,-47.1,1.41,5099.1,999.0,2,0.0,1.0,0.0,3,8,0.0,7,4,1,2
25381,49.0,14,999,0,1.4,94.465,-41.8,4.959,5228.1,999.0,0,1.0,0.0,1.0,2,6,0.0,5,6,1,1
25382,41.0,1,7,3,-1.1,94.199,-37.5,0.886,4963.6,0.233333333333,6,0.0,0.0,0.0,2,8,0.0,6,9,1,3
25383,46.0,3,999,0,1.4,93.918,-42.7,4.966,5228.1,999.0,0,0.0,0.0,1.0,2,5,0.0,6,7,1,1
25384,43.0,4,999,0,-1.8,92.893,-46.2,1.327,5099.1,999.0,0,1.0,0.0,0.0,1,4,0.0,4,5,1,1
25385,31.0,1,999,0,-1.8,93.075,-47.1,1.415,5099.1,999.0,0,1.0,0.0,0.0,1,5,0.0,6,4,1,1
25386,31.0,2,5,1,-1.8,93.075,-47.1,1.365,5099.1,0.166666666667,2,1.0,0.0,0.0,2,7,0.0,1,4,1,3
25387,39.0,2,999,0,-0.1,93.2,-42.0,4.153,5195.8,999.0,0,0.0,0.0,0.0,2,7,0.0,6,11,1,1
25388,31.0,4,999,0,1.4,93.444,-36.1,4.963,5228.1,999.0,0,1.0,1.0,0.0,2,7,0.0,5,8,1,1
25389,32.0,3,999,0,-3.4,92.379,-29.8,0.768,5017.5,999.0,0,0.0,0.0,0.0,2,8,0.0,5,9,1,1
25390,38.0,2,999,1,-1.8,93.075,-47.1,1.405,5099.1,999.0,1,1.0,0.0,0.0,1,5,0.0,6,4,1,2
25391,31.0,4,999,0,1.4,94.465,-41.8,4.865,5228.1,999.0,0,0.0,0.0,1.0,3,6,0.0,5,6,2,1
25392,34.0,1,999,0,-1.8,92.893,-46.2,1.327,5099.1,999.0,0,1.0,0.0,1.0,1,8,0.0,9,5,1,1
25393,27.0,1,999,0,1.4,94.465,-41.8,4.864,5228.1,999.0,0,1.0,0.0,1.0,1,7,0.0,3,6,1,1
25394,45.0,1,999,0,1.4,93.444,-36.1,4.964,5228.1,999.0,0,1.0,0.0,0.0,2,4,0.0,1,8,1,1
25395,48.0,1,999,0,1.1,93.994,-36.4,4.855,5191.0,999.0,0,0.0,1.0,1.0,2,8,0.0,4,5,1,1
25396,40.0,1,999,0,1.1,93.994,-36.4,4.856,5191.0,999.0,0,1.0,0.0,1.0,3,8,0.0,6,5,1,1
25397,31.0,1,999,0,-0.1,93.2,-42.0,4.076,5195.8,999.0,0,0.0,0.0,0.0,1,5,0.0,9,11,1,1
25398,31.0,2,999,0,-1.8,92.843,-50.0,1.811,5099.1,999.0,0,0.0,1.0,1.0,1,7,0.0,6,3,2,1
25399,31.0,2,999,0,-1.8,93.075,-47.1,1.483,5099.1,999.0,0,1.0,0.0,0.0,2,7,0.0,4,4,1,1
25400,41.0,5,999,0,1.1,93.994,-36.4,4.855,5191.0,999.0,0,1.0,0.0,1.0,2,8,0.0,4,5,1,1
25401,31.0,1,999,0,1.1,93.994,-36.4,4.858,5191.0,999.0,0,1.0,1.0,1.0,2,4,0.0,4,5,2,1
25402,33.0,1,999,0,1.4,93.918,-42.7,4.961,5228.1,999.0,0,1.0,0.0,0.0,2,8,0.0,4,7,1,1
25403,42.0,1,999,0,1.1,93.994,-36.4,4.857,5191.0,999.0,0,0.0,0.0,1.0,2,4,0.0,4,5,2,1
25404,48.0,1,999,0,1.1,93.994,-36.4,4.864,5191.0,999.0,0,0.0,0.0,1.0,2,3,0.0,4,5,1,1
25405,32.0,1,999,0,-1.8,92.893,-46.2,1.25,5099.1,999.0,0,0.0,0.0,0.0,1,7,0.0,5,5,1,1
25406,48.0,5,999,0,1.4,93.918,-42.7,4.961,5228.1,999.0,0,1.0,0.0,0.0,2,7,0.0,10,7,1,1
25407,32.0,6,999,1,-1.8,93.075,-47.1,1.405,5099.1,999.0,3,1.0,1.0,0.0,2,5,0.0,9,4,2,2
25408,31.0,3,999,0,1.4,93.444,-36.1,4.964,5228.1,999.0,0,1.0,1.0,0.0,1,8,0.0,5,8,1,1
25409,31.0,15,999,0,1.4,94.465,-41.8,4.96,5228.1,999.0,0,0.0,1.0,1.0,3,8,0.0,6,6,2,1
25410,46.0,1,999,0,1.4,93.918,-42.7,4.96,5228.1,999.0,0,1.0,0.0,0.0,1,3,0.0,4,7,2,1
25411,42.0,2,999,0,1.4,94.465,-41.8,4.864,5228.1,999.0,0,0.0,0.0,1.0,1,2,0.0,4,6,1,1
25412,51.0,3,999,0,-0.1,93.2,-42.0,4.076,5195.8,999.0,0,1.0,1.0,0.0,2,7,0.0,1,11,1,1
25413,49.0,2,999,0,1.1,93.994,-36.4,4.856,5191.0,999.0,0,0.0,0.0,1.0,2,4,0.0,4,5,1,1
25414,33.0,1,999,0,-1.8,93.075,-47.1,1.415,5099.1,999.0,0,0.0,0.0,0.0,2,7,0.0,6,4,1,1
25415,37.0,1,999,0,1.1,93.994,-36.4,4.855,5191.0,999.0,0,1.0,1.0,1.0,2,8,0.0,4,5,1,1
25416,66.0,2,999,1,-1.1,94.601,-49.5,0.972,4963.6,999.0,1,1.0,0.0,1.0,2,2,0.0,8,10,1,2
25417,31.0,2,999,0,1.4,93.918,-42.7,4.961,5228.1,999.0,0,1.0,0.0,0.0,1,8,0.0,11,7,1,1
25418,56.0,1,3,2,-1.1,94.601,-49.5,1.0,4963.6,0.1,6,0.0,0.0,0.0,3,6,0.0,5,10,2,3
25419,34.0,4,999,1,-1.8,92.893,-46.2,1.25,5099.1,999.0,2,0.0,0.0,0.0,1,7,0.0,6,5,1,2
25420,32.0,1,999,0,-1.8,92.893,-46.2,1.344,5099.1,999.0,0,0.0,0.0,0.0,2,8,0.0,5,5,1,1
25421,31.0,2,999,0,-1.1,94.199,-37.5,0.877,4963.6,999.0,0,1.0,1.0,0.0,2,7,0.0,3,9,1,1
25422,28.0,2,999,0,1.1,93.994,-36.4,4.856,5191.0,999.0,0,1.0,0.0,1.0,1,6,0.0,5,5,1,1
25423,34.0,1,999,1,-1.8,92.893,-46.2,1.299,5099.1,999.0,2,1.0,0.0,0.0,2,5,0.0,5,5,2,2
25424,53.0,11,999,0,1.4,93.918,-42.7,4.961,5228.1,999.0,0,0.0,1.0,0.0,2,8,0.0,5,7,1,1
25425,42.0,3,999,0,1.4,93.918,-42.7,4.96,5228.1,999.0,0,0.0,0.0,0.0,2,6,0.0,5,7,1,1
25426,49.0,3,999,0,1.4,93.918,-42.7,4.962,5228.1,999.0,0,0.0,0.0,0.0,3,8,0.0,4,7,2,1
25427,42.0,2,999,0,1.4,93.918,-42.7,4.962,5228.1,999.0,0,1.0,0.0,0.0,2,6,0.0,5,7,1,1
25428,44.0,1,999,0,1.4,93.918,-42.7,4.962,5228.1,999.0,0,1.0,1.0,0.0,3,5,0.0,9,7,2,1
25429,38.0,1,999,0,-1.8,92.843,-50.0,1.757,5099.1,999.0,0,0.0,1.0,0.0,2,6,0.0,5,3,1,1
25430,24.0,1,999,0,1.4,93.918,-42.7,4.963,5228.1,999.0,0,1.0,0.0,0.0,1,4,0.0,4,7,1,1
25431,31.0,1,999,0,1.4,93.444,-36.1,4.966,5228.1,999.0,0,1.0,0.0,0.0,2,4,0.0,4,8,1,1
25432,31.0,1,999,0,-0.1,93.2,-42.0,4.153,5195.8,999.0,0,1.0,1.0,0.0,2,7,0.0,5,11,1,1
25433,54.0,2,999,0,-1.8,93.075,-47.1,1.405,5099.1,999.0,0,1.0,0.0,0.0,2,6,0.0,5,4,2,1
25434,39.0,1,999,0,-1.8,92.893,-46.2,1.266,5099.1,999.0,0,1.0,0.0,0.0,2,4,0.0,4,5,1,1
25435,44.0,5,999,0,1.4,93.444,-36.1,4.963,5228.1,999.0,0,0.0,1.0,0.0,2,8,0.0,4,8,1,1
25436,47.0,1,999,0,1.1,93.994,-36.4,4.856,5191.0,999.0,0,0.0,0.0,1.0,2,7,0.0,6,5,1,1
25437,31.0,1,999,0,1.4,93.444,-36.1,4.965,5228.1,999.0,0,0.0,0.0,0.0,2,7,0.0,3,8,1,1
25438,36.0,4,999,0,1.1,93.994,-36.4,4.857,5191.0,999.0,0,1.0,0.0,1.0,2,5,0.0,9,5,2,1
25439,33.0,4,999,1,-0.1,93.2,-42.0,4.076,5195.8,999.0,1,1.0,1.0,0.0,1,7,0.0,6,11,1,2
25440,39.0,2,999,1,-1.8,92.893,-46.2,1.299,5099.1,999.0,1,1.0,0.0,0.0,2,4,0.0,4,5,2,2
25441,29.0,1,999,0,1.4,94.465,-41.8,4.961,5228.1,999.0,0,0.0,0.0,1.0,2,5,0.0,6,6,2,1
25442,31.0,1,999,0,-2.9,92.469,-33.6,1.072,5076.2,999.0,0,1.0,0.0,0.0,2,7,0.0,5,7,1,1
25443,34.0,5,999,0,1.4,94.465,-41.8,4.959,5228.1,999.0,0,1.0,1.0,1.0,1,8,0.0,4,6,1,1
25444,56.0,1,999,0,1.4,93.444,-36.1,4.963,5228.1,999.0,0,0.0,0.0,0.0,2,2,0.0,8,8,1,1
25445,30.0,1,999,0,1.4,93.444,-36.1,4.963,5228.1,999.0,0,1.0,0.0,0.0,1,7,0.0,5,8,2,1
25446,48.0,3,999,0,-1.8,92.893,-46.2,1.334,5099.1,999.0,0,1.0,0.0,0.0,1,6,0.0,7,5,1,1
25447,31.0,1,999,0,1.4,94.465,-41.8,4.962,5228.1,999.0,0,1.0,0.0,1.0,2,8,0.0,3,6,1,1
25448,28.0,1,999,0,1.4,93.918,-42.7,4.962,5228.1,999.0,0,1.0,0.0,0.0,2,7,0.0,5,7,1,1
25449,31.0,2,999,0,-0.1,93.2,-42.0,4.076,5195.8,999.0,0,1.0,0.0,0.0,1,5,0.0,6,11,1,1
25450,43.0,2,999,0,-3.0,92.713,-33.0,0.707,5023.5,999.0,0,1.0,0.0,0.0,2,4,0.0,4,12,1,1
25451,28.0,3,999,0,1.4,93.918,-42.7,4.962,5228.1,999.0,0,1.0,0.0,1.0,1,5,0.0,11,7,2,1
25452,39.0,1,999,0,1.1,93.994,-36.4,4.857,5191.0,999.0,0,0.0,0.0,1.0,2,3,0.0,3,5,1,1
25453,27.0,9,999,0,-1.8,92.893,-46.2,1.291,5099.1,999.0,0,1.0,0.0,0.0,1,8,0.0,2,5,1,1
25454,41.0,2,999,0,1.1,93.994,-36.4,4.86,5191.0,999.0,0,1.0,0.0,1.0,2,8,0.0,7,5,1,1
25455,32.0,2,999,0,-3.0,92.713,-33.0,0.715,5023.5,999.0,0,1.0,1.0,0.0,2,5,0.0,6,12,1,1
25456,34.0,2,6,2,-1.8,93.749,-34.6,0.663,5008.7,0.2,8,1.0,0.0,0.0,2,6,0.0,5,4,1,3
25457,31.0,2,999,0,1.4,93.918,-42.7,4.962,5228.1,999.0,0,0.0,0.0,0.0,2,5,0.0,9,7,1,1
25458,38.0,2,999,1,-1.8,92.893,-46.2,1.244,5099.1,999.0,1,0.0,0.0,0.0,1,8,0.0,5,5,2,2
25459,34.0,4,999,0,-1.8,93.075,-47.1,1.405,5099.1,999.0,0,1.0,0.0,0.0,2,4,0.0,6,4,2,1
25460,35.0,1,999,0,1.4,94.465,-41.8,4.962,5228.1,999.0,0,0.0,0.0,1.0,2,8,0.0,5,6,1,1
25461,54.0,5,999,0,1.4,94.465,-41.8,4.962,5228.1,999.0,0,0.0,0.0,1.0,2,2,0.0,2,6,1,1
25462,31.0,2,999,0,-1.8,93.075,-47.1,1.4,5099.1,999.0,0,0.0,1.0,0.0,2,2,0.0,12,4,1,1
25463,29.0,2,999,0,-1.8,92.893,-46.2,1.327,5099.1,999.0,0,1.0,0.0,0.0,2,6,0.0,9,5,1,1
25464,60.0,1,999,0,1.4,94.465,-41.8,4.959,5228.1,999.0,0,0.0,0.0,1.0,3,6,0.0,5,6,1,1
25465,39.0,1,999,2,-1.8,92.893,-46.2,1.291,5099.1,999.0,6,1.0,0.0,0.0,1,3,0.0,4,5,1,2
25466,31.0,1,999,0,-1.8,92.893,-46.2,1.291,5099.1,999.0,0,0.0,0.0,0.0,2,3,0.0,9,5,1,1
25467,40.0,1,999,0,1.4,94.465,-41.8,4.961,5228.1,999.0,0,0.0,0.0,1.0,2,6,0.0,5,6,2,1
25468,43.0,2,999,0,1.1,93.994,-36.4,4.864,5191.0,999.0,0,0.0,0.0,1.0,2,4,0.0,4,5,1,1
25469,35.0,1,999,0,-0.1,93.2,-42.0,4.12,5195.8,999.0,0,1.0,0.0,0.0,2,5,0.0,4,11,1,1
25470,33.0,1,999,0,-0.1,93.2,-42.0,4.076,5195.8,999.0,0,1.0,0.0,0.0,1,7,0.0,6,11,1,1
25471,31.0,1,999,0,-0.1,93.2,-42.0,4.191,5195.8,999.0,0,1.0,0.0,0.0,2,2,0.0,9,11,2,1
25472,47.0,5,999,0,1.4,94.465,-41.8,4.864,5228.1,999.0,0,0.0,0.0,1.0,2,2,0.0,4,6,1,1
25473,31.0,2,999,0,1.4,94.465,-41.8,4.967,5228.1,999.0,0,0.0,0.0,1.0,3,2,0.0,5,6,1,1
25474,42.0,1,999,1,-1.8,93.075,-47.1,1.405,5099.1,999.0,3,1.0,0.0,0.0,1,8,0.0,4,4,1,2
25475,56.0,3,999,0,1.4,93.444,-36.1,4.963,5228.1,999.0,0,0.0,1.0,0.0,2,4,0.0,6,8,1,1
25476,31.0,1,999,1,-1.8,93.075,-47.1,1.479,5099.1,999.0,1,1.0,0.0,0.0,3,8,0.0,1,4,1,2
25477,31.0,2,6,1,-1.1,94.199,-37.5,0.884,4963.6,0.2,1,0.0,0.0,0.0,2,7,0.0,8,9,1,3
25478,31.0,4,999,0,1.4,93.918,-42.7,4.962,5228.1,999.0,0,1.0,0.0,0.0,2,8,0.0,2,7,2,1
25479,56.0,1,999,0,-1.8,93.075,-47.1,1.365,5099.1,999.0,0,1.0,0.0,0.0,2,7,0.0,7,4,1,1
25480,31.0,1,999,0,1.4,93.918,-42.7,4.961,5228.1,999.0,0,1.0,0.0,0.0,3,8,0.0,4,7,1,1
25481,33.0,4,999,0,1.1,93.994,-36.4,4.859,5191.0,999.0,0,1.0,0.0,1.0,2,8,0.0,6,5,1,1
25482,47.0,12,999,0,1.1,93.994,-36.4,4.856,5191.0,999.0,0,1.0,0.0,1.0,2,2,0.0,4,5,1,1
25483,54.0,2,999,0,1.4,93.918,-42.7,4.962,5228.1,999.0,0,1.0,0.0,0.0,1,8,0.0,4,7,2,1
25484,39.0,5,999,0,1.4,93.918,-42.7,4.961,5228.1,999.0,0,1.0,0.0,0.0,2,3,0.0,4,7,1,1
25485,54.0,1,999,0,-0.1,93.2,-42.0,4.191,5195.8,999.0,0,0.0,0.0,0.0,2,6,0.0,5,11,2,1
25486,46.0,2,999,0,-0.1,93.2,-42.0,4.153,5195.8,999.0,0,1.0,0.0,0.0,2,5,0.0,6,11,1,1
25487,40.0,1,999,0,-0.1,93.2,-42.0,4.12,5195.8,999.0,0,1.0,0.0,0.0,2,8,0.0,6,11,1,1
25488,31.0,3,999,0,-1.8,93.075,-47.1,1.405,5099.1,999.0,0,1.0,0.0,0.0,1,8,0.0,11,4,1,1
25489,31.0,1,999,0,1.4,93.444,-36.1,4.966,5228.1,999.0,0,0.0,0.0,0.0,2,6,0.0,5,8,1,1
25490,57.0,2,999,0,-1.8,93.749,-34.6,0.644,5008.7,999.0,0,1.0,0.0,0.0,2,5,0.0,8,4,1,1
25491,68.0,2,999,0,-3.4,92.431,-26.9,0.728,5017.5,999.0,0,1.0,0.0,0.0,3,8,0.0,8,10,1,1
25492,37.0,1,999,0,-1.8,92.893,-46.2,1.313,5099.1,999.0,0,1.0,0.0,1.0,2,4,0.0,7,5,1,1
25493,34.0,1,999,0,1.4,93.444,-36.1,4.968,5228.1,999.0,0,0.0,0.0,0.0,1,7,0.0,11,8,1,1
25494,38.0,1,999,0,1.4,93.918,-42.7,4.957,5228.1,999.0,0,1.0,0.0,0.0,2,5,0.0,9,7,1,1
25495,33.0,1,999,0,1.4,94.465,-41.8,4.967,5228.1,999.0,0,1.0,1.0,1.0,2,3,0.0,4,6,1,1
25496,30.0,1,999,0,1.1,93.994,-36.4,4.855,5191.0,999.0,0,0.0,0.0,1.0,2,8,0.0,2,5,1,1
25497,46.0,1,999,0,1.4,93.444,-36.1,4.968,5228.1,999.0,0,0.0,0.0,0.0,1,6,0.0,5,8,1,1
25498,39.0,4,999,0,-1.8,92.893,-46.2,1.344,5099.1,999.0,0,0.0,0.0,0.0,1,2,0.0,4,5,1,1
25499,37.0,4,999,0,1.1,93.994,-36.4,4.859,5191.0,999.0,0,0.0,0.0,1.0,2,7,0.0,3,5,1,1
25500,52.0,1,999,0,1.1,93.994,-36.4,4.858,5191.0,999.0,0,0.0,0.0,1.0,1,7,0.0,1,5,1,1
25501,49.0,3,999,0,1.1,93.994,-36.4,4.857,5191.0,999.0,0,0.0,0.0,1.0,2,8,0.0,8,5,1,1
25502,52.0,2,999,0,1.4,94.465,-41.8,4.959,5228.1,999.0,0,1.0,1.0,1.0,2,7,0.0,9,6,1,1
25503,31.0,4,999,0,-0.1,93.2,-42.0,4.021,5195.8,999.0,0,0.0,1.0,1.0,2,7,0.0,3,11,1,1
25504,25.0,2,999,0,1.4,93.918,-42.7,4.962,5228.1,999.0,0,1.0,0.0,0.0,1,8,0.0,4,7,2,1
25505,34.0,1,999,0,1.1,93.994,-36.4,4.855,5191.0,999.0,0,1.0,0.0,1.0,2,4,0.0,4,5,1,1
25506,31.0,2,999,0,1.1,93.994,-36.4,4.857,5191.0,999.0,0,1.0,0.0,1.0,2,8,0.0,6,5,2,1
25507,32.0,1,999,0,-0.1,93.2,-42.0,4.191,5195.8,999.0,0,1.0,0.0,0.0,1,7,0.0,3,11,2,1
25508,43.0,1,999,0,1.4,93.918,-42.7,4.958,5228.1,999.0,0,1.0,0.0,0.0,1,7,0.0,5,7,1,1
25509,27.0,1,999,0,-1.8,92.893,-46.2,1.266,5099.1,999.0,0,0.0,0.0,0.0,1,6,0.0,5,5,1,1
25510,44.0,2,999,0,-0.1,93.2,-42.0,4.021,5195.8,999.0,0,1.0,0.0,1.0,2,6,0.0,1,11,1,1
25511,43.0,1,999,0,1.1,93.994,-36.4,4.856,5191.0,999.0,0,1.0,0.0,1.0,2,8,0.0,6,5,1,1
25512,40.0,2,999,0,1.4,94.465,-41.8,4.961,5228.1,999.0,0,0.0,0.0,1.0,2,7,0.0,6,6,1,1
25513,31.0,1,999,0,1.4,94.465,-41.8,4.959,5228.1,999.0,0,1.0,0.0,1.0,1,7,0.0,6,6,1,1
25514,45.0,2,6,2,-1.7,94.215,-40.3,0.884,4991.6,0.2,8,1.0,0.0,0.0,2,7,0.0,3,7,1,3
25515,40.0,1,999,0,-1.8,93.075,-47.1,1.365,5099.1,999.0,0,1.0,0.0,0.0,1,7,0.0,1,4,1,1
25516,51.0,1,999,0,1.4,93.444,-36.1,4.963,5228.1,999.0,0,1.0,0.0,0.0,2,7,0.0,3,8,1,1
25517,31.0,1,999,0,1.1,93.994,-36.4,4.857,5191.0,999.0,0,0.0,0.0,1.0,2,8,0.0,9,5,1,1
25518,36.0,1,999,0,1.4,94.465,-41.8,4.866,5228.1,999.0,0,0.0,0.0,1.0,2,5,0.0,4,6,1,1
25519,36.0,2,999,0,1.1,93.994,-36.4,4.857,5191.0,999.0,0,0.0,0.0,1.0,2,7,0.0,1,5,1,1
25520,48.0,3,999,0,1.4,93.444,-36.1,4.968,5228.1,999.0,0,0.0,1.0,0.0,2,2,0.0,4,8,1,1
25521,56.0,3,999,0,1.4,93.918,-42.7,4.962,5228.1,999.0,0,0.0,0.0,0.0,3,8,0.0,4,7,2,1
25522,48.0,1,999,0,-0.1,93.2,-42.0,4.021,5195.8,999.0,0,0.0,0.0,0.0,2,7,0.0,6,11,1,1
25523,29.0,2,999,0,1.4,93.444,-36.1,4.964,5228.1,999.0,0,1.0,0.0,0.0,1,8,0.0,5,8,1,1
25524,31.0,2,999,0,-1.8,92.893,-46.2,1.244,5099.1,999.0,0,1.0,0.0,0.0,2,4,0.0,4,5,2,1
25525,48.0,3,999,0,1.1,93.994,-36.4,4.859,5191.0,999.0,0,1.0,0.0,1.0,1,5,0.0,5,5,1,1
25526,31.0,1,999,0,1.4,93.918,-42.7,4.958,5228.1,999.0,0,1.0,0.0,0.0,2,4,0.0,4,7,1,1
25527,56.0,1,999,0,-1.8,93.075,-47.1,1.365,5099.1,999.0,0,1.0,0.0,0.0,2,7,0.0,7,4,1,1
25528,31.0,5,999,0,1.4,93.918,-42.7,4.962,5228.1,999.0,0,1.0,0.0,0.0,2,7,0.0,3,7,1,1
25529,41.0,2,999,0,1.4,93.918,-42.7,4.963,5228.1,999.0,0,0.0,0.0,0.0,3,6,0.0,1,7,1,1
25530,31.0,1,999,1,-1.8,92.893,-46.2,1.266,5099.1,999.0,4,0.0,0.0,0.0,1,4,0.0,4,5,1,2
25531,53.0,2,999,0,1.4,93.918,-42.7,4.963,5228.1,999.0,0,0.0,0.0,0.0,2,4,0.0,8,7,1,1
25532,69.0,2,999,0,-1.8,93.075,-47.1,1.423,5099.1,999.0,0,1.0,0.0,0.0,3,7,0.0,8,4,1,1
25533,31.0,4,999,0,1.1,93.994,-36.4,4.856,5191.0,999.0,0,0.0,1.0,1.0,2,8,0.0,9,5,1,1
25534,51.0,6,999,0,1.4,93.444,-36.1,4.965,5228.1,999.0,0,1.0,0.0,0.0,2,5,0.0,3,8,1,1
25535,37.0,4,999,0,-1.8,92.893,-46.2,1.281,5099.1,999.0,0,1.0,0.0,0.0,3,8,0.0,6,5,1,1
25536,31.0,2,999,0,1.4,93.444,-36.1,4.967,5228.1,999.0,0,1.0,1.0,0.0,1,7,0.0,5,8,1,1
25537,24.0,1,999,0,-1.8,93.075,-47.1,1.423,5099.1,999.0,0,0.0,0.0,0.0,1,5,0.0,9,4,1,1
25538,75.0,2,999,0,-2.9,92.469,-33.6,1.059,5076.2,999.0,0,1.0,1.0,0.0,2,2,0.0,8,7,1,1
25539,31.0,1,999,0,1.4,94.465,-41.8,4.961,5228.1,999.0,0,0.0,0.0,1.0,2,7,0.0,6,6,1,1
25540,44.0,2,999,0,-2.9,92.201,-31.4,0.884,5076.2,999.0,0,1.0,0.0,0.0,2,7,0.0,12,8,2,1
25541,56.0,1,999,0,1.1,93.994,-36.4,4.864,5191.0,999.0,0,0.0,0.0,1.0,2,8,0.0,5,5,1,1
25542,31.0,2,999,0,1.4,94.465,-41.8,4.865,5228.1,999.0,0,0.0,0.0,1.0,2,8,0.0,8,6,2,1
25543,31.0,2,999,0,1.1,93.994,-36.4,4.855,5191.0,999.0,0,1.0,0.0,1.0,2,5,0.0,6,5,1,1
25544,37.0,2,999,0,1.1,93.994,-36.4,4.86,5191.0,999.0,0,1.0,0.0,1.0,2,7,0.0,5,5,1,1
25545,29.0,2,999,0,1.4,93.918,-42.7,4.962,5228.1,999.0,0,0.0,0.0,0.0,1,8,0.0,5,7,1,1
25546,55.0,1,999,0,1.4,93.918,-42.7,4.962,5228.1,999.0,0,0.0,0.0,0.0,2,4,0.0,4,7,1,1
25547,43.0,3,999,0,1.4,93.918,-42.7,4.962,5228.1,999.0,0,0.0,0.0,0.0,2,2,0.0,2,7,2,1
25548,31.0,3,999,0,1.1,93.994,-36.4,4.857,5191.0,999.0,0,0.0,0.0,1.0,2,8,0.0,4,5,1,1
25549,30.0,2,999,0,1.4,93.918,-42.7,4.961,5228.1,999.0,0,0.0,1.0,0.0,1,5,0.0,6,7,1,1
25550,31.0,1,999,0,-0.1,93.2,-42.0,4.12,5195.8,999.0,0,1.0,0.0,1.0,2,5,0.0,5,11,1,1
25551,50.0,1,999,0,1.1,93.994,-36.4,4.857,5191.0,999.0,0,1.0,0.0,1.0,2,2,0.0,9,5,1,1
25552,37.0,2,999,1,-0.1,93.2,-42.0,4.12,5195.8,999.0,1,0.0,0.0,1.0,2,7,0.0,7,11,1,2
25553,30.0,3,999,0,1.4,94.465,-41.8,4.959,5228.1,999.0,0,0.0,0.0,1.0,1,8,0.0,4,6,1,1
25554,52.0,2,999,0,1.4,93.444,-36.1,4.965,5228.1,999.0,0,1.0,0.0,0.0,2,3,0.0,4,8,2,1
25555,53.0,19,999,0,1.4,93.918,-42.7,4.963,5228.1,999.0,0,1.0,0.0,0.0,2,8,0.0,4,7,1,1
25556,31.0,4,999,0,1.1,93.994,-36.4,4.858,5191.0,999.0,0,1.0,0.0,1.0,2,5,0.0,9,5,2,1
25557,25.0,2,999,0,1.4,93.918,-42.7,4.962,5228.1,999.0,0,1.0,1.0,0.0,1,4,0.0,4,7,1,1
25558,30.0,1,999,0,1.1,93.994,-36.4,4.857,5191.0,999.0,0,0.0,0.0,1.0,1,4,0.0,4,5,1,1
25559,31.0,2,999,1,-1.8,92.893,-46.2,1.344,5099.1,999.0,1,1.0,0.0,0.0,2,8,0.0,6,5,1,2
25560,28.0,1,999,0,1.4,93.918,-42.7,4.963,5228.1,999.0,0,1.0,0.0,0.0,1,8,0.0,9,7,1,1
25561,58.0,1,999,0,1.4,93.918,-42.7,4.961,5228.1,999.0,0,0.0,0.0,0.0,2,2,0.0,2,7,1,1
25562,35.0,2,999,0,1.1,93.994,-36.4,4.859,5191.0,999.0,0,1.0,0.0,1.0,2,7,0.0,5,5,1,1
25563,38.0,1,999,0,-1.8,92.893,-46.2,1.327,5099.1,999.0,0,1.0,0.0,0.0,2,4,0.0,4,5,1,1
25564,31.0,2,999,0,1.1,93.994,-36.4,4.856,5191.0,999.0,0,0.0,0.0,1.0,2,8,0.0,9,5,1,1
25565,54.0,5,999,0,1.4,93.918,-42.7,4.962,5228.1,999.0,0,1.0,1.0,0.0,2,2,0.0,4,7,1,1
25566,60.0,1,999,0,1.1,93.994,-36.4,4.86,5191.0,999.0,0,0.0,1.0,1.0,2,7,0.0,12,5,1,1
25567,29.0,1,999,0,-1.8,92.893,-46.2,1.334,5099.1,999.0,0,1.0,0.0,0.0,2,4,0.0,4,5,1,1
25568,41.0,1,999,0,-1.8,92.893,-46.2,1.25,5099.1,999.0,0,0.0,0.0,0.0,2,7,0.0,3,5,1,1
25569,19.0,4,999,0,-1.8,92.893,-46.2,1.344,5099.1,999.0,0,1.0,0.0,0.0,1,8,0.0,11,5,1,1
25570,31.0,1,999,0,1.4,93.444,-36.1,4.963,5228.1,999.0,0,1.0,1.0,0.0,2,7,0.0,6,8,1,1
25571,37.0,11,999,0,-1.8,92.893,-46.2,1.25,5099.1,999.0,0,0.0,0.0,0.0,1,8,0.0,6,5,1,1
25572,31.0,3,999,0,1.4,93.444,-36.1,4.966,5228.1,999.0,0,0.0,0.0,0.0,2,8,0.0,6,8,1,1
25573,25.0,1,999,0,1.4,93.918,-42.7,4.957,5228.1,999.0,0,1.0,0.0,0.0,2,8,0.0,9,7,1,1
25574,59.0,3,3,2,-1.1,94.767,-50.8,1.05,4963.6,0.1,4,0.0,0.0,0.0,3,5,0.0,6,11,1,3
25575,31.0,4,999,0,1.4,93.444,-36.1,4.963,5228.1,999.0,0,0.0,0.0,0.0,2,2,0.0,4,8,2,1
25576,38.0,2,999,0,1.1,93.994,-36.4,4.856,5191.0,999.0,0,0.0,0.0,1.0,2,2,0.0,4,5,1,1
25577,35.0,1,999,0,-0.1,93.2,-42.0,4.12,5195.8,999.0,0,1.0,0.0,0.0,2,7,0.0,5,11,1,1
25578,43.0,1,999,0,-0.1,93.798,-40.4,4.86,5195.8,999.0,0,0.0,0.0,1.0,2,4,0.0,4,10,1,1
25579,51.0,2,999,0,1.1,93.994,-36.4,4.857,5191.0,999.0,0,1.0,0.0,1.0,2,4,0.0,1,5,1,1
25580,34.0,5,999,0,1.4,93.918,-42.7,4.961,5228.1,999.0,0,0.0,1.0,0.0,1,8,0.0,5,7,1,1
25581,44.0,4,999,0,1.4,94.465,-41.8,4.961,5228.1,999.0,0,0.0,0.0,1.0,3,8,0.0,6,6,1,1
25582,29.0,9,999,0,1.1,93.994,-36.4,4.857,5191.0,999.0,0,0.0,1.0,1.0,1,7,0.0,6,5,1,1
25583,31.0,1,999,0,1.1,93.994,-36.4,4.864,5191.0,999.0,0,1.0,1.0,1.0,2,4,0.0,4,5,1,1
25584,27.0,1,999,1,-1.8,93.075,-47.1,1.405,5099.1,999.0,4,1.0,0.0,0.0,1,8,0.0,6,4,1,2
25585,53.0,1,999,0,-0.1,93.2,-42.0,4.191,5195.8,999.0,0,1.0,1.0,1.0,2,8,0.0,4,11,2,1
25586,53.0,2,999,0,1.4,93.444,-36.1,4.964,5228.1,999.0,0,0.0,0.0,0.0,2,2,0.0,6,8,1,1
25587,35.0,1,999,1,-1.8,92.893,-46.2,1.299,5099.1,999.0,3,1.0,0.0,0.0,2,6,0.0,5,5,1,2
25588,56.0,2,999,0,1.1,93.994,-36.4,4.864,5191.0,999.0,0,1.0,0.0,1.0,2,2,0.0,2,5,1,1
25589,35.0,3,999,0,-1.8,93.075,-47.1,1.405,5099.1,999.0,0,1.0,0.0,0.0,2,7,0.0,5,4,2,1
25590,55.0,2,999,1,-1.8,92.893,-46.2,1.327,5099.1,999.0,0,1.0,1.0,0.0,2,8,0.0,5,5,1,2
25591,35.0,1,999,0,1.4,93.444,-36.1,4.964,5228.1,999.0,0,1.0,1.0,0.0,1,8,0.0,5,8,1,1
25592,31.0,2,999,0,-0.1,93.2,-42.0,4.153,5195.8,999.0,0,1.0,0.0,0.0,2,8,0.0,4,11,1,1
25593,33.0,7,999,0,-1.8,92.893,-46.2,1.281,5099.1,999.0,0,0.0,0.0,0.0,1,7,0.0,6,5,1,1
25594,38.0,5,999,0,1.4,93.918,-42.7,4.962,5228.1,999.0,0,0.0,0.0,0.0,2,8,0.0,6,7,1,1
25595,29.0,6,999,0,1.4,93.444,-36.1,4.964,5228.1,999.0,0,0.0,0.0,0.0,1,7,0.0,5,8,1,1
25596,40.0,5,999,0,1.1,93.994,-36.4,4.86,5191.0,999.0,0,0.0,0.0,1.0,2,8,0.0,3,5,1,1
25597,32.0,4,999,1,-1.8,92.893,-46.2,1.264,5099.1,999.0,1,1.0,0.0,0.0,1,8,0.0,6,5,1,2
25598,31.0,1,999,0,-0.1,93.2,-42.0,4.076,5195.8,999.0,0,1.0,1.0,0.0,2,8,0.0,5,11,1,1
25599,31.0,2,999,0,1.4,93.444,-36.1,4.964,5228.1,999.0,0,0.0,0.0,0.0,2,6,0.0,5,8,1,1
25600,44.0,1,999,0,1.1,93.994,-36.4,4.857,5191.0,999.0,0,0.0,0.0,1.0,2,8,0.0,6,5,1,1
25601,54.0,1,999,0,1.4,93.918,-42.7,4.962,5228.1,999.0,0,1.0,0.0,0.0,3,2,0.0,8,7,1,1
25602,32.0,1,999,0,-1.8,92.893,-46.2,1.266,5099.1,999.0,0,1.0,0.0,0.0,1,5,0.0,4,5,1,1
25603,48.0,2,999,0,1.1,93.994,-36.4,4.858,5191.0,999.0,0,1.0,1.0,1.0,3,8,0.0,9,5,2,1
25604,37.0,1,999,0,-1.8,92.893,-46.2,1.313,5099.1,999.0,0,1.0,1.0,0.0,1,7,0.0,6,5,1,1
25605,46.0,6,999,0,1.4,94.465,-41.8,4.958,5228.1,999.0,0,0.0,1.0,1.0,2,7,0.0,5,6,1,1
25606,37.0,2,999,0,-1.8,92.893,-46.2,1.334,5099.1,999.0,0,1.0,1.0,0.0,2,3,0.0,2,5,1,1
25607,35.0,7,999,0,1.4,93.444,-36.1,4.965,5228.1,999.0,0,0.0,0.0,0.0,3,7,0.0,3,8,2,1
25608,32.0,1,999,0,-1.8,92.893,-46.2,1.299,5099.1,999.0,0,0.0,1.0,0.0,2,4,0.0,4,5,2,1
25609,48.0,4,999,0,1.4,93.444,-36.1,4.966,5228.1,999.0,0,0.0,0.0,0.0,2,8,0.0,5,8,1,1
25610,50.0,1,999,0,-2.9,92.201,-31.4,0.883,5076.2,999.0,0,1.0,0.0,0.0,2,8,0.0,4,8,1,1
25611,34.0,5,999,0,-1.8,92.893,-46.2,1.299,5099.1,999.0,0,1.0,0.0,0.0,2,4,0.0,4,5,2,1
25612,31.0,2,999,0,1.4,94.465,-41.8,4.959,5228.1,999.0,0,1.0,0.0,1.0,2,8,0.0,8,6,1,1
25613,56.0,1,999,1,-0.1,93.2,-42.0,4.076,5195.8,999.0,3,1.0,0.0,0.0,3,8,0.0,2,11,1,2
25614,31.0,7,999,0,1.4,93.444,-36.1,4.968,5228.1,999.0,0,0.0,0.0,0.0,3,8,0.0,6,8,1,1
25615,36.0,3,999,0,1.4,93.918,-42.7,4.96,5228.1,999.0,0,1.0,0.0,0.0,2,8,0.0,7,7,2,1
25616,32.0,2,999,0,-1.8,92.893,-46.2,1.244,5099.1,999.0,0,0.0,0.0,0.0,3,2,0.0,4,5,2,1
25617,31.0,3,999,0,-0.1,93.2,-42.0,4.191,5195.8,999.0,0,1.0,1.0,1.0,2,8,0.0,8,11,2,1
25618,58.0,1,999,0,1.4,94.465,-41.8,4.864,5228.1,999.0,0,1.0,0.0,1.0,3,8,0.0,4,6,1,1
25619,36.0,1,999,0,1.4,93.444,-36.1,4.963,5228.1,999.0,0,0.0,0.0,0.0,2,7,0.0,5,8,1,1
25620,31.0,1,999,0,1.4,93.918,-42.7,4.962,5228.1,999.0,0,0.0,0.0,0.0,1,6,0.0,6,7,1,1
25621,33.0,1,3,3,-1.1,94.601,-49.5,1.025,4963.6,0.1,9,1.0,0.0,0.0,1,7,0.0,6,10,1,3
25622,24.0,3,999,0,1.1,93.994,-36.4,4.857,5191.0,999.0,0,1.0,0.0,1.0,2,8,0.0,9,5,2,1
25623,31.0,4,999,0,-0.1,93.2,-42.0,4.076,5195.8,999.0,0,1.0,0.0,1.0,2,8,0.0,4,11,1,1
25624,31.0,3,999,0,1.1,93.994,-36.4,4.859,5191.0,999.0,0,0.0,0.0,1.0,2,8,0.0,5,5,1,1
25625,47.0,2,999,0,1.1,93.994,-36.4,4.857,5191.0,999.0,0,0.0,0.0,1.0,2,6,0.0,1,5,2,1
25626,51.0,1,999,0,-1.8,92.893,-46.2,1.266,5099.1,999.0,0,0.0,0.0,0.0,3,7,0.0,6,5,1,1
25627,33.0,1,999,0,1.4,94.465,-41.8,4.864,5228.1,999.0,0,1.0,0.0,1.0,2,7,0.0,6,6,1,1
25628,52.0,3,999,0,1.4,94.465,-41.8,4.955,5228.1,999.0,0,1.0,1.0,1.0,2,8,0.0,5,6,1,1
25629,42.0,2,999,0,1.4,93.444,-36.1,4.964,5228.1,999.0,0,0.0,0.0,0.0,1,7,0.0,6,8,1,1
25630,32.0,1,999,0,1.4,93.444,-36.1,4.965,5228.1,999.0,0,1.0,0.0,0.0,2,7,0.0,6,8,1,1
25631,31.0,3,999,0,1.4,93.444,-36.1,4.964,5228.1,999.0,0,1.0,0.0,0.0,3,5,0.0,5,8,1,1
25632,31.0,2,999,0,1.4,93.918,-42.7,4.962,5228.1,999.0,0,1.0,0.0,0.0,3,5,0.0,9,7,1,1
25633,31.0,1,999,0,-0.1,93.2,-42.0,4.12,5195.8,999.0,0,0.0,0.0,0.0,2,7,0.0,1,11,1,1
25634,35.0,1,12,1,-1.8,92.893,-46.2,1.313,5099.1,0.4,0,1.0,0.0,0.0,1,7,0.0,6,5,1,3
25635,31.0,4,999,0,1.1,93.994,-36.4,4.857,5191.0,999.0,0,1.0,0.0,1.0,2,2,0.0,4,5,2,1
25636,42.0,4,999,0,1.4,93.444,-36.1,4.963,5228.1,999.0,0,1.0,0.0,0.0,2,8,0.0,6,8,2,1
25637,39.0,1,999,0,1.4,93.918,-42.7,4.96,5228.1,999.0,0,0.0,1.0,0.0,2,4,0.0,4,7,2,1
25638,31.0,1,999,0,1.1,93.994,-36.4,4.856,5191.0,999.0,0,1.0,0.0,1.0,1,7,0.0,6,5,1,1
25639,31.0,1,999,0,1.4,94.465,-41.8,4.961,5228.1,999.0,0,0.0,0.0,1.0,2,5,0.0,9,6,1,1
25640,49.0,1,999,0,1.1,93.994,-36.4,4.86,5191.0,999.0,0,1.0,0.0,1.0,2,8,0.0,4,5,1,1
25641,34.0,1,999,1,-1.8,92.893,-46.2,1.291,5099.1,999.0,1,0.0,0.0,0.0,1,7,0.0,6,5,1,2
25642,48.0,1,999,0,-0.1,93.2,-42.0,4.12,5195.8,999.0,0,1.0,0.0,0.0,1,7,0.0,6,11,1,1
25643,33.0,1,999,0,1.4,93.444,-36.1,4.965,5228.1,999.0,0,1.0,0.0,0.0,1,5,0.0,5,8,2,1
25644,41.0,2,999,0,-1.8,93.075,-47.1,1.405,5099.1,999.0,0,1.0,0.0,0.0,2,8,0.0,4,4,2,1
25645,31.0,1,999,0,1.4,93.918,-42.7,4.968,5228.1,999.0,0,0.0,0.0,0.0,2,2,0.0,4,7,1,1
25646,53.0,4,999,0,-1.8,92.893,-46.2,1.344,5099.1,999.0,0,1.0,0.0,0.0,2,4,0.0,10,5,1,1
25647,40.0,2,999,0,1.1,93.994,-36.4,4.857,5191.0,999.0,0,0.0,1.0,1.0,2,8,0.0,5,5,1,1
25648,52.0,1,999,0,1.1,93.994,-36.4,4.857,5191.0,999.0,0,0.0,0.0,1.0,2,8,0.0,1,5,2,1
25649,31.0,4,999,0,1.4,93.918,-42.7,4.96,5228.1,999.0,0,0.0,1.0,0.0,2,2,0.0,4,7,2,1
25650,31.0,2,999,0,1.4,93.918,-42.7,4.958,5228.1,999.0,0,1.0,0.0,0.0,2,7,0.0,10,7,1,1
25651,44.0,1,999,0,1.1,93.994,-36.4,4.857,5191.0,999.0,0,0.0,0.0,1.0,2,6,0.0,4,5,1,1
25652,28.0,1,999,0,-1.8,92.893,-46.2,1.266,5099.1,999.0,0,1.0,0.0,0.0,2,4,0.0,4,5,1,1
25653,75.0,1,999,0,-3.4,92.431,-26.9,0.754,5017.5,999.0,0,1.0,0.0,0.0,3,2,0.0,8,10,1,1
25654,45.0,1,999,0,1.4,93.918,-42.7,4.962,5228.1,999.0,0,1.0,0.0,0.0,3,2,0.0,4,7,1,1
25655,52.0,3,999,0,1.4,93.444,-36.1,4.965,5228.1,999.0,0,1.0,1.0,0.0,2,8,0.0,5,8,1,1
25656,38.0,1,999,0,1.1,93.994,-36.4,4.86,5191.0,999.0,0,1.0,0.0,1.0,2,8,0.0,1,5,1,1
25657,49.0,1,999,0,-0.1,93.2,-42.0,4.12,5195.8,999.0,0,0.0,0.0,0.0,3,3,0.0,4,11,1,1
25658,57.0,4,999,0,1.1,93.994,-36.4,4.86,5191.0,999.0,0,1.0,0.0,1.0,1,5,0.0,8,5,1,1
25659,55.0,16,999,0,1.4,93.918,-42.7,4.961,5228.1,999.0,0,0.0,0.0,1.0,3,7,0.0,7,7,1,1
25660,37.0,1,999,0,-1.8,92.893,-46.2,1.266,5099.1,999.0,0,0.0,1.0,0.0,2,8,0.0,3,5,1,1
25661,39.0,1,999,1,-1.8,92.893,-46.2,1.291,5099.1,999.0,4,0.0,0.0,0.0,1,8,0.0,5,5,1,2
25662,31.0,2,4,2,-2.9,92.201,-31.4,0.881,5076.2,0.133333333333,4,0.0,1.0,0.0,2,7,0.0,7,8,1,3
25663,31.0,1,999,0,1.4,93.444,-36.1,4.964,5228.1,999.0,0,1.0,1.0,1.0,2,3,0.0,2,8,1,1
25664,31.0,2,999,0,1.4,93.918,-42.7,4.963,5228.1,999.0,0,0.0,0.0,1.0,1,5,0.0,6,7,1,1
25665,28.0,1,999,0,-1.8,92.843,-50.0,1.531,5099.1,999.0,0,1.0,0.0,0.0,1,5,0.0,6,3,1,1
25666,29.0,1,999,0,1.4,93.444,-36.1,4.966,5228.1,999.0,0,1.0,0.0,0.0,1,7,0.0,6,8,1,1
25667,46.0,2,999,0,-0.1,93.2,-42.0,4.153,5195.8,999.0,0,1.0,0.0,0.0,2,8,0.0,10,11,1,1
25668,33.0,1,999,0,1.1,93.994,-36.4,4.856,5191.0,999.0,0,0.0,0.0,1.0,2,7,0.0,6,5,1,1
25669,40.0,4,999,0,-1.7,94.215,-40.3,0.884,4991.6,999.0,0,1.0,0.0,0.0,2,7,0.0,3,7,1,1
25670,34.0,1,999,0,-1.8,92.893,-46.2,1.299,5099.1,999.0,0,0.0,0.0,0.0,4,8,0.0,6,5,2,1
25671,31.0,4,999,0,1.4,94.465,-41.8,4.96,5228.1,999.0,0,0.0,0.0,1.0,2,7,0.0,5,6,2,1
25672,31.0,2,999,0,-1.8,92.893,-46.2,1.25,5099.1,999.0,0,0.0,0.0,0.0,1,8,0.0,6,5,1,1
25673,44.0,1,999,1,-2.9,92.963,-40.8,1.266,5076.2,999.0,0,0.0,0.0,0.0,2,8,0.0,2,6,2,2
25674,30.0,1,999,0,1.4,93.444,-36.1,4.97,5228.1,999.0,0,1.0,0.0,0.0,2,7,0.0,12,8,2,1
25675,31.0,5,999,0,-1.8,92.893,-46.2,1.244,5099.1,999.0,0,0.0,0.0,0.0,1,8,0.0,5,5,2,1
25676,25.0,1,999,0,1.1,93.994,-36.4,4.86,5191.0,999.0,0,0.0,0.0,1.0,1,4,0.0,4,5,1,1
25677,32.0,1,999,1,-1.8,92.893,-46.2,1.327,5099.1,999.0,2,0.0,0.0,0.0,2,5,0.0,6,5,1,2
25678,56.0,3,999,0,-0.1,93.2,-42.0,4.021,5195.8,999.0,0,1.0,0.0,0.0,2,6,0.0,5,11,1,1
25679,28.0,1,999,0,-1.8,93.075,-47.1,1.365,5099.1,999.0,0,1.0,0.0,0.0,2,7,0.0,6,4,1,1
25680,31.0,1,999,0,1.4,93.918,-42.7,4.962,5228.1,999.0,0,1.0,0.0,0.0,2,2,0.0,2,7,1,1
25681,24.0,1,999,0,1.4,93.918,-42.7,4.957,5228.1,999.0,0,0.0,0.0,0.0,2,4,0.0,4,7,1,1
25682,27.0,2,999,0,1.1,93.994,-36.4,4.859,5191.0,999.0,0,0.0,0.0,1.0,1,8,0.0,6,5,1,1
25683,35.0,3,999,0,1.4,94.465,-41.8,4.865,5228.1,999.0,0,0.0,0.0,1.0,2,6,0.0,5,6,2,1
25684,56.0,2,999,0,1.1,93.994,-36.4,4.857,5191.0,999.0,0,1.0,0.0,1.0,2,5,0.0,6,5,2,1
25685,34.0,3,999,0,-1.1,94.199,-37.5,0.882,4963.6,999.0,0,0.0,1.0,0.0,2,8,0.0,6,9,2,1
25686,31.0,1,999,0,1.4,93.918,-42.7,4.963,5228.1,999.0,0,1.0,0.0,0.0,2,8,0.0,5,7,1,1
25687,55.0,2,999,0,1.4,93.918,-42.7,4.963,5228.1,999.0,0,0.0,0.0,0.0,2,7,0.0,8,7,1,1
25688,50.0,1,999,0,1.4,93.918,-42.7,4.963,5228.1,999.0,0,1.0,0.0,0.0,2,7,0.0,3,7,1,1
25689,41.0,1,999,0,-1.8,92.893,-46.2,1.327,5099.1,999.0,0,1.0,0.0,0.0,3,4,0.0,4,5,1,1
25690,41.0,3,999,0,1.4,93.918,-42.7,4.962,5228.1,999.0,0,1.0,0.0,1.0,2,4,0.0,6,7,1,1
25691,31.0,1,999,0,-0.1,93.2,-42.0,4.153,5195.8,999.0,0,1.0,0.0,0.0,1,8,0.0,10,11,1,1
25692,31.0,1,999,0,1.1,93.994,-36.4,4.86,5191.0,999.0,0,0.0,0.0,1.0,1,4,0.0,7,5,1,1
25693,34.0,2,999,0,-1.8,92.893,-46.2,1.313,5099.1,999.0,0,0.0,0.0,0.0,2,5,0.0,6,5,1,1
25694,31.0,2,999,0,1.1,93.994,-36.4,4.856,5191.0,999.0,0,0.0,0.0,1.0,1,8,0.0,10,5,1,1
25695,46.0,1,999,0,1.4,93.444,-36.1,4.964,5228.1,999.0,0,0.0,0.0,0.0,2,8,0.0,2,8,1,1
25696,31.0,2,999,1,-3.0,92.713,-33.0,0.709,5023.5,999.0,1,0.0,1.0,0.0,2,6,0.0,6,12,2,2
25697,32.0,2,999,0,1.1,93.994,-36.4,4.857,5191.0,999.0,0,0.0,0.0,1.0,2,8,0.0,1,5,1,1
25698,42.0,2,999,0,-1.8,92.893,-46.2,1.327,5099.1,999.0,0,0.0,0.0,0.0,1,5,0.0,9,5,1,1
25699,45.0,5,999,0,-1.8,92.893,-46.2,1.27,5099.1,999.0,0,1.0,0.0,0.0,2,6,0.0,5,5,1,1
25700,48.0,1,999,0,-1.8,92.893,-46.2,1.344,5099.1,999.0,0,1.0,1.0,0.0,1,8,0.0,4,5,1,1
25701,31.0,2,999,1,-3.4,92.431,-26.9,0.722,5017.5,999.0,2,1.0,0.0,0.0,2,5,0.0,6,10,1,2
25702,25.0,1,999,0,1.4,93.918,-42.7,4.963,5228.1,999.0,0,1.0,0.0,0.0,1,6,0.0,5,7,1,1
25703,31.0,4,999,0,1.4,93.444,-36.1,4.962,5228.1,999.0,0,0.0,0.0,0.0,2,8,0.0,6,8,1,1
25704,49.0,1,999,0,1.1,93.994,-36.4,4.858,5191.0,999.0,0,1.0,0.0,1.0,3,8,0.0,2,5,1,1
25705,31.0,1,999,0,1.1,93.994,-36.4,4.856,5191.0,999.0,0,0.0,1.0,1.0,2,8,0.0,8,5,1,1
25706,31.0,1,999,1,-3.4,92.379,-29.8,0.809,5017.5,999.0,6,1.0,0.0,0.0,2,6,0.0,8,9,1,2
25707,35.0,8,999,0,1.4,93.918,-42.7,4.962,5228.1,999.0,0,1.0,0.0,0.0,1,7,0.0,6,7,2,1
25708,29.0,1,13,3,-1.8,93.876,-40.0,0.701,5008.7,0.433333333333,0,0.0,0.0,0.0,1,5,0.0,5,5,2,2
25709,58.0,1,999,0,1.1,93.994,-36.4,4.856,5191.0,999.0,0,1.0,0.0,1.0,2,8,0.0,4,5,1,1
25710,32.0,6,999,0,-0.1,93.2,-42.0,4.076,5195.8,999.0,0,0.0,0.0,0.0,2,7,0.0,6,11,1,1
25711,54.0,1,999,0,1.4,94.465,-41.8,4.967,5228.1,999.0,0,1.0,1.0,1.0,2,4,0.0,4,6,1,1
25712,41.0,1,999,0,1.4,93.444,-36.1,4.966,5228.1,999.0,0,0.0,0.0,0.0,3,7,0.0,5,8,1,1
25713,31.0,1,999,0,-0.1,93.2,-42.0,4.191,5195.8,999.0,0,0.0,0.0,0.0,3,8,0.0,6,11,2,1
25714,56.0,2,999,0,1.1,93.994,-36.4,4.864,5191.0,999.0,0,1.0,0.0,1.0,2,5,0.0,6,5,1,1
25715,31.0,7,999,0,1.4,93.918,-42.7,4.961,5228.1,999.0,0,0.0,1.0,0.0,2,2,0.0,3,7,1,1
25716,20.0,2,3,3,-3.4,92.649,-30.1,0.715,5017.5,0.1,15,0.0,0.0,0.0,1,5,0.0,11,11,1,3
25717,31.0,1,999,0,1.1,93.994,-36.4,4.857,5191.0,999.0,0,0.0,0.0,1.0,1,8,0.0,4,5,1,1
25718,31.0,1,999,0,1.1,93.994,-36.4,4.859,5191.0,999.0,0,0.0,0.0,1.0,2,7,0.0,10,5,1,1
25719,31.0,3,999,0,1.4,94.465,-41.8,4.866,5228.1,999.0,0,1.0,0.0,1.0,2,8,0.0,1,6,1,1
25720,46.0,1,999,0,-1.8,92.893,-46.2,1.264,5099.1,999.0,0,0.0,0.0,0.0,1,7,0.0,6,5,2,1
25721,35.0,2,999,0,1.1,93.994,-36.4,4.858,5191.0,999.0,0,0.0,0.0,1.0,2,4,0.0,4,5,1,1
25722,27.0,2,999,0,-1.8,92.893,-46.2,1.299,5099.1,999.0,0,1.0,0.0,0.0,2,7,0.0,7,5,1,1
25723,33.0,2,999,0,1.1,93.994,-36.4,4.859,5191.0,999.0,0,1.0,0.0,1.0,2,5,0.0,6,5,1,1
25724,49.0,12,999,0,1.1,93.994,-36.4,4.858,5191.0,999.0,0,0.0,0.0,1.0,2,5,0.0,7,5,1,1
25725,55.0,1,999,0,1.1,93.994,-36.4,4.857,5191.0,999.0,0,1.0,0.0,1.0,2,5,0.0,9,5,1,1
25726,54.0,4,999,0,1.4,93.444,-36.1,4.963,5228.1,999.0,0,1.0,0.0,0.0,2,8,0.0,3,8,2,1
25727,31.0,2,999,0,1.4,93.444,-36.1,4.965,5228.1,999.0,0,1.0,0.0,0.0,2,5,0.0,5,8,2,1
25728,44.0,3,999,0,1.4,94.465,-41.8,4.962,5228.1,999.0,0,1.0,1.0,1.0,2,5,0.0,5,6,1,1
25729,39.0,1,999,0,-0.1,93.2,-42.0,4.191,5195.8,999.0,0,1.0,1.0,0.0,2,6,0.0,5,11,2,1
25730,49.0,3,999,0,-0.1,93.2,-42.0,4.191,5195.8,999.0,0,1.0,1.0,0.0,2,7,0.0,3,11,2,1
25731,32.0,7,999,0,1.4,93.918,-42.7,4.961,5228.1,999.0,0,1.0,0.0,0.0,2,8,0.0,6,7,1,1
25732,23.0,1,999,1,-1.8,92.893,-46.2,1.27,5099.1,999.0,2,1.0,0.0,0.0,1,5,0.0,11,5,1,2
25733,26.0,3,999,0,1.4,93.918,-42.7,4.961,5228.1,999.0,0,1.0,1.0,0.0,2,8,0.0,1,7,1,1
25734,31.0,1,999,0,-1.8,92.893,-46.2,1.281,5099.1,999.0,0,1.0,0.0,0.0,1,8,0.0,8,5,1,1
25735,35.0,12,999,0,1.4,93.444,-36.1,4.963,5228.1,999.0,0,0.0,0.0,0.0,1,7,0.0,6,8,2,1
25736,31.0,2,999,0,1.1,93.994,-36.4,4.859,5191.0,999.0,0,1.0,1.0,1.0,2,8,0.0,4,5,1,1
25737,31.0,2,999,0,1.1,93.994,-36.4,4.86,5191.0,999.0,0,0.0,0.0,1.0,2,4,0.0,4,5,1,1
25738,63.0,1,999,1,-3.0,92.713,-33.0,0.706,5023.5,999.0,3,0.0,0.0,0.0,2,6,0.0,8,12,2,2
25739,35.0,1,999,0,1.4,93.918,-42.7,4.961,5228.1,999.0,0,1.0,0.0,0.0,2,8,0.0,4,7,1,1
25740,31.0,1,999,2,-2.9,92.201,-31.4,0.825,5076.2,999.0,0,0.0,0.0,0.0,1,8,0.0,11,8,1,2
25741,31.0,1,999,0,-3.4,92.379,-29.8,0.773,5017.5,999.0,0,1.0,0.0,0.0,1,8,0.0,6,9,1,1
25742,39.0,2,999,0,-1.8,93.075,-47.1,1.405,5099.1,999.0,0,1.0,0.0,0.0,2,2,0.0,4,4,1,1
25743,25.0,2,999,0,1.1,93.994,-36.4,4.857,5191.0,999.0,0,1.0,0.0,1.0,2,4,0.0,4,5,1,1
25744,55.0,2,999,0,-1.8,92.893,-46.2,1.291,5099.1,999.0,0,1.0,0.0,0.0,2,5,0.0,6,5,1,1
25745,44.0,3,999,0,1.4,94.465,-41.8,4.866,5228.1,999.0,0,1.0,0.0,1.0,2,8,0.0,9,6,1,1
25746,21.0,2,999,0,-2.9,92.201,-31.4,0.883,5076.2,999.0,0,1.0,0.0,1.0,1,5,0.0,10,8,1,1
25747,33.0,3,999,0,1.4,93.918,-42.7,4.968,5228.1,999.0,0,1.0,0.0,0.0,2,3,0.0,4,7,1,1
25748,56.0,1,999,0,-0.1,93.2,-42.0,4.191,5195.8,999.0,0,0.0,0.0,0.0,2,7,0.0,3,11,1,1
25749,36.0,1,999,1,-0.1,93.2,-42.0,4.12,5195.8,999.0,3,0.0,0.0,0.0,1,7,0.0,6,11,1,2
25750,31.0,1,999,0,-1.8,92.893,-46.2,1.327,5099.1,999.0,0,0.0,1.0,0.0,2,7,0.0,3,5,1,1
25751,56.0,4,999,0,-0.1,93.2,-42.0,4.021,5195.8,999.0,0,1.0,1.0,0.0,1,5,0.0,9,11,1,1
25752,42.0,2,999,0,1.4,94.465,-41.8,4.959,5228.1,999.0,0,0.0,0.0,1.0,2,3,0.0,4,6,1,1
25753,31.0,3,999,0,1.4,93.918,-42.7,4.961,5228.1,999.0,0,1.0,0.0,0.0,2,4,0.0,6,7,1,1
25754,31.0,1,999,0,1.4,93.444,-36.1,4.965,5228.1,999.0,0,0.0,0.0,0.0,2,7,0.0,6,8,1,1
25755,28.0,1,999,0,-1.8,93.075,-47.1,1.405,5099.1,999.0,0,1.0,0.0,1.0,2,4,0.0,4,4,1,1
25756,37.0,4,999,0,1.4,94.465,-41.8,4.959,5228.1,999.0,0,0.0,0.0,1.0,2,5,0.0,9,6,1,1
25757,31.0,1,999,0,-1.8,92.893,-46.2,1.25,5099.1,999.0,0,1.0,0.0,0.0,2,5,0.0,9,5,1,1
25758,31.0,1,999,0,1.1,93.994,-36.4,4.855,5191.0,999.0,0,0.0,0.0,1.0,2,6,0.0,5,5,1,1
25759,32.0,1,999,0,1.4,93.444,-36.1,4.964,5228.1,999.0,0,0.0,0.0,0.0,1,8,0.0,6,8,1,1
25760,40.0,2,999,0,-1.8,93.075,-47.1,1.405,5099.1,999.0,0,0.0,0.0,0.0,2,4,0.0,4,4,2,1
25761,53.0,2,999,0,1.1,93.994,-36.4,4.858,5191.0,999.0,0,0.0,0.0,1.0,2,5,0.0,8,5,1,1
25762,48.0,1,999,0,1.4,93.444,-36.1,4.965,5228.1,999.0,0,1.0,0.0,0.0,2,7,0.0,5,8,1,1
25763,42.0,1,999,1,-2.9,92.469,-33.6,1.029,5076.2,999.0,2,0.0,0.0,0.0,2,7,0.0,5,7,1,2
25764,50.0,3,999,0,1.4,93.918,-42.7,4.968,5228.1,999.0,0,0.0,0.0,0.0,2,6,0.0,10,7,1,1
25765,31.0,1,999,0,1.4,93.444,-36.1,4.963,5228.1,999.0,0,1.0,1.0,0.0,3,7,0.0,6,8,1,1
25766,31.0,7,999,0,1.4,93.918,-42.7,4.961,5228.1,999.0,0,0.0,0.0,0.0,1,5,0.0,6,7,1,1
25767,30.0,13,999,0,1.4,93.444,-36.1,4.965,5228.1,999.0,0,1.0,0.0,0.0,1,7,0.0,5,8,2,1
25768,40.0,1,999,0,-1.8,92.893,-46.2,1.327,5099.1,999.0,0,1.0,0.0,0.0,2,7,0.0,3,5,1,1
25769,74.0,2,999,0,-1.7,94.215,-40.3,0.896,4991.6,999.0,0,1.0,1.0,0.0,3,2,0.0,8,7,1,1
25770,59.0,5,999,0,1.1,93.994,-36.4,4.859,5191.0,999.0,0,0.0,0.0,1.0,2,8,0.0,8,5,1,1
25771,35.0,1,999,0,1.1,93.994,-36.4,4.856,5191.0,999.0,0,0.0,1.0,1.0,3,4,0.0,4,5,1,1
25772,38.0,1,999,0,1.4,93.444,-36.1,4.964,5228.1,999.0,0,1.0,0.0,0.0,1,8,0.0,5,8,1,1
25773,74.0,1,999,1,-2.9,92.201,-31.4,0.883,5076.2,999.0,1,1.0,0.0,0.0,2,8,0.0,8,8,1,2
25774,37.0,3,999,0,1.4,93.444,-36.1,4.967,5228.1,999.0,0,0.0,0.0,0.0,2,7,0.0,6,8,1,1
25775,51.0,1,999,0,-0.1,93.2,-42.0,4.12,5195.8,999.0,0,1.0,0.0,0.0,3,7,0.0,7,11,1,1
25776,31.0,2,999,0,1.4,93.918,-42.7,4.963,5228.1,999.0,0,0.0,0.0,0.0,2,7,0.0,3,7,1,1
25777,40.0,1,999,0,1.1,93.994,-36.4,4.857,5191.0,999.0,0,1.0,0.0,1.0,2,8,0.0,4,5,1,1
25778,31.0,1,999,0,1.4,93.918,-42.7,4.968,5228.1,999.0,0,0.0,0.0,0.0,1,6,0.0,5,7,1,1
25779,31.0,1,999,0,1.4,93.918,-42.7,4.963,5228.1,999.0,0,1.0,0.0,0.0,2,5,0.0,6,7,1,1
25780,35.0,1,999,1,-1.8,92.893,-46.2,1.344,5099.1,999.0,5,1.0,0.0,0.0,1,5,0.0,4,5,1,2
25781,29.0,2,999,0,1.1,93.994,-36.4,4.855,5191.0,999.0,0,0.0,0.0,1.0,1,4,0.0,4,5,1,1
25782,57.0,1,999,0,1.4,93.918,-42.7,4.955,5228.1,999.0,0,1.0,1.0,1.0,2,6,0.0,1,7,1,1
25783,47.0,2,999,0,1.1,93.994,-36.4,4.858,5191.0,999.0,0,0.0,0.0,1.0,2,7,0.0,6,5,2,1
25784,25.0,5,999,0,1.4,93.918,-42.7,4.963,5228.1,999.0,0,1.0,0.0,0.0,2,4,0.0,4,7,1,1
25785,20.0,4,999,0,1.4,93.918,-42.7,4.961,5228.1,999.0,0,1.0,1.0,0.0,1,5,0.0,11,7,1,1
25786,36.0,2,999,0,1.4,94.465,-41.8,4.865,5228.1,999.0,0,0.0,0.0,1.0,2,8,0.0,2,6,2,1
25787,49.0,1,999,0,-2.9,92.963,-40.8,1.266,5076.2,999.0,0,1.0,0.0,0.0,2,7,0.0,3,6,1,1
25788,31.0,1,999,0,1.4,93.444,-36.1,4.966,5228.1,999.0,0,1.0,0.0,0.0,2,3,0.0,2,8,1,1
25789,29.0,5,999,0,1.4,93.918,-42.7,4.962,5228.1,999.0,0,0.0,0.0,1.0,2,7,0.0,7,7,1,1
25790,60.0,2,999,0,1.1,93.994,-36.4,4.857,5191.0,999.0,0,1.0,0.0,1.0,2,8,0.0,4,5,2,1
25791,31.0,1,6,1,-1.7,94.055,-39.8,0.704,4991.6,0.2,2,0.0,0.0,0.0,3,5,0.0,6,6,1,3
25792,45.0,1,999,0,-1.8,92.893,-46.2,1.25,5099.1,999.0,0,1.0,0.0,0.0,2,7,0.0,6,5,1,1
25793,36.0,1,999,0,-1.8,92.893,-46.2,1.334,5099.1,999.0,0,1.0,0.0,0.0,2,8,0.0,5,5,1,1
25794,31.0,1,3,1,-2.9,92.201,-31.4,0.829,5076.2,0.1,3,0.0,0.0,0.0,1,7,0.0,6,8,1,3
25795,31.0,2,999,0,-0.1,93.2,-42.0,4.076,5195.8,999.0,0,0.0,0.0,1.0,2,7,0.0,5,11,1,1
25796,31.0,2,999,0,1.4,94.465,-41.8,4.962,5228.1,999.0,0,1.0,0.0,1.0,1,8,0.0,6,6,1,1
25797,42.0,2,999,0,1.4,94.465,-41.8,4.866,5228.1,999.0,0,1.0,0.0,1.0,2,2,0.0,4,6,1,1
25798,29.0,2,999,0,1.4,93.918,-42.7,4.963,5228.1,999.0,0,1.0,0.0,0.0,1,8,0.0,9,7,1,1
25799,41.0,1,999,0,1.1,93.994,-36.4,4.856,5191.0,999.0,0,1.0,1.0,1.0,1,5,0.0,9,5,1,1
25800,31.0,3,999,0,-2.9,92.201,-31.4,0.834,5076.2,999.0,0,0.0,0.0,1.0,1,5,0.0,6,8,1,1
25801,35.0,2,12,2,-1.7,94.055,-39.8,0.723,4991.6,0.4,2,1.0,1.0,0.0,3,7,0.0,3,6,1,3
25802,31.0,1,999,0,1.4,94.465,-41.8,4.947,5228.1,999.0,0,0.0,0.0,1.0,1,6,0.0,5,6,1,1
25803,31.0,1,999,0,1.1,93.994,-36.4,4.86,5191.0,999.0,0,0.0,0.0,1.0,2,8,0.0,4,5,1,1
25804,31.0,1,999,0,-1.8,92.893,-46.2,1.299,5099.1,999.0,0,1.0,0.0,0.0,1,8,0.0,4,5,2,1
25805,44.0,1,999,0,1.1,93.994,-36.4,4.857,5191.0,999.0,0,1.0,0.0,1.0,2,6,0.0,6,5,2,1
25806,29.0,2,999,1,-0.1,93.2,-42.0,4.076,5195.8,999.0,1,1.0,0.0,0.0,1,7,0.0,6,11,1,2
25807,31.0,1,5,1,-3.4,92.649,-30.1,0.722,5017.5,0.166666666667,2,1.0,1.0,0.0,2,6,0.0,1,11,2,3
25808,31.0,1,999,0,-1.8,92.893,-46.2,1.299,5099.1,999.0,0,0.0,0.0,0.0,1,7,0.0,1,5,1,1
25809,32.0,2,999,1,-2.9,92.963,-40.8,1.286,5076.2,999.0,4,1.0,0.0,0.0,2,2,0.0,7,6,1,2
25810,31.0,1,999,0,-2.9,92.963,-40.8,1.262,5076.2,999.0,0,0.0,0.0,0.0,2,7,0.0,3,6,1,1
25811,34.0,3,999,1,-0.1,93.2,-42.0,4.076,5195.8,999.0,1,0.0,0.0,0.0,2,7,0.0,3,11,1,2
25812,41.0,13,999,0,1.4,93.444,-36.1,4.963,5228.1,999.0,0,1.0,0.0,0.0,2,8,0.0,6,8,1,1
25813,34.0,3,999,0,-0.1,93.2,-42.0,4.12,5195.8,999.0,0,0.0,1.0,0.0,1,8,0.0,7,11,1,1
25814,29.0,2,999,0,1.1,93.994,-36.4,4.856,5191.0,999.0,0,0.0,0.0,1.0,2,8,0.0,9,5,1,1
25815,48.0,1,999,0,1.4,93.918,-42.7,4.968,5228.1,999.0,0,0.0,0.0,0.0,2,6,0.0,5,7,1,1
25816,54.0,1,999,0,1.4,94.465,-41.8,4.958,5228.1,999.0,0,0.0,0.0,1.0,2,3,0.0,4,6,1,1
25817,31.0,1,999,0,1.1,93.994,-36.4,4.859,5191.0,999.0,0,0.0,0.0,1.0,3,2,0.0,2,5,1,1
25818,34.0,1,999,0,1.4,93.444,-36.1,4.966,5228.1,999.0,0,1.0,0.0,0.0,2,6,0.0,5,8,1,1
25819,34.0,2,999,0,-0.1,93.2,-42.0,4.12,5195.8,999.0,0,0.0,0.0,0.0,1,8,0.0,9,11,1,1
25820,52.0,5,999,0,1.4,93.444,-36.1,4.963,5228.1,999.0,0,0.0,0.0,0.0,3,8,0.0,6,8,1,1
25821,31.0,2,999,1,-0.1,93.2,-42.0,4.191,5195.8,999.0,3,1.0,0.0,0.0,1,7,0.0,1,11,2,2
25822,45.0,6,999,0,1.1,93.994,-36.4,4.857,5191.0,999.0,0,1.0,0.0,1.0,2,5,0.0,9,5,1,1
25823,37.0,1,999,0,-3.4,92.431,-26.9,0.74,5017.5,999.0,0,0.0,0.0,0.0,2,3,0.0,4,10,1,1
25824,36.0,4,999,0,-1.8,92.893,-46.2,1.281,5099.1,999.0,0,1.0,0.0,0.0,3,4,0.0,4,5,1,1
25825,36.0,1,999,0,-1.8,92.893,-46.2,1.266,5099.1,999.0,0,1.0,0.0,0.0,2,4,0.0,4,5,1,1
25826,31.0,1,999,1,-1.8,92.893,-46.2,1.327,5099.1,999.0,3,0.0,0.0,0.0,2,4,0.0,4,5,1,2
25827,39.0,6,999,0,-1.8,93.075,-47.1,1.445,5099.1,999.0,0,0.0,1.0,0.0,2,4,0.0,4,4,1,1
25828,40.0,1,999,0,1.4,93.918,-42.7,4.96,5228.1,999.0,0,1.0,0.0,0.0,1,4,0.0,6,7,2,1
25829,46.0,1,999,0,1.4,93.444,-36.1,4.963,5228.1,999.0,0,1.0,0.0,0.0,2,3,0.0,4,8,1,1
25830,32.0,1,999,0,1.4,93.918,-42.7,4.958,5228.1,999.0,0,0.0,0.0,0.0,1,7,0.0,6,7,1,1
25831,27.0,4,999,0,1.4,93.918,-42.7,4.957,5228.1,999.0,0,0.0,0.0,0.0,2,5,0.0,9,7,1,1
25832,31.0,2,999,0,1.1,93.994,-36.4,4.857,5191.0,999.0,0,1.0,1.0,1.0,1,5,0.0,6,5,1,1
25833,29.0,8,999,0,-1.8,92.893,-46.2,1.299,5099.1,999.0,0,1.0,0.0,0.0,1,8,0.0,9,5,2,1
25834,31.0,1,999,0,1.4,93.444,-36.1,4.968,5228.1,999.0,0,1.0,0.0,0.0,2,5,0.0,6,8,1,1
25835,58.0,1,999,0,1.4,94.465,-41.8,4.958,5228.1,999.0,0,0.0,0.0,1.0,1,8,0.0,6,6,1,1
25836,31.0,1,999,0,1.4,94.465,-41.8,4.865,5228.1,999.0,0,0.0,0.0,1.0,2,8,0.0,4,6,2,1
25837,37.0,1,999,0,-0.2,92.756,-45.9,3.563,5176.3,999.0,0,1.0,0.0,1.0,2,8,0.0,6,12,1,1
25838,40.0,1,999,0,-1.8,92.893,-46.2,1.327,5099.1,999.0,0,1.0,0.0,0.0,2,7,0.0,5,5,1,1
25839,33.0,2,999,0,-1.8,93.075,-47.1,1.405,5099.1,999.0,0,1.0,0.0,0.0,2,8,0.0,5,4,1,1
25840,27.0,6,999,1,-2.9,92.469,-33.6,0.908,5076.2,999.0,1,0.0,1.0,0.0,2,8,0.0,6,7,1,2
25841,44.0,2,999,0,1.4,93.444,-36.1,4.965,5228.1,999.0,0,0.0,0.0,0.0,3,6,0.0,5,8,1,1
25842,31.0,2,999,0,1.1,93.994,-36.4,4.859,5191.0,999.0,0,0.0,0.0,1.0,1,4,0.0,4,5,1,1
25843,31.0,1,999,0,-1.8,92.893,-46.2,1.327,5099.1,999.0,0,1.0,0.0,0.0,3,8,0.0,9,5,1,1
25844,32.0,3,999,0,1.4,93.918,-42.7,4.962,5228.1,999.0,0,0.0,0.0,0.0,3,8,0.0,6,7,1,1
25845,39.0,5,999,0,1.1,93.994,-36.4,4.858,5191.0,999.0,0,0.0,0.0,1.0,2,6,0.0,4,5,2,1
25846,31.0,16,999,0,1.4,93.918,-42.7,4.957,5228.1,999.0,0,1.0,1.0,0.0,2,7,0.0,8,7,1,1
25847,26.0,1,999,0,1.4,94.465,-41.8,4.961,5228.1,999.0,0,0.0,0.0,1.0,1,5,0.0,11,6,2,1
25848,32.0,1,999,0,-1.8,92.893,-46.2,1.327,5099.1,999.0,0,0.0,0.0,0.0,1,6,0.0,6,5,1,1
25849,48.0,1,999,0,1.1,93.994,-36.4,4.86,5191.0,999.0,0,1.0,0.0,1.0,2,6,0.0,6,5,1,1
25850,43.0,1,999,0,-2.9,92.201,-31.4,0.861,5076.2,999.0,0,0.0,0.0,1.0,2,7,0.0,3,8,1,1
25851,50.0,1,3,1,-2.9,92.963,-40.8,1.215,5076.2,0.1,1,0.0,0.0,0.0,2,7,0.0,6,6,2,3
25852,33.0,2,999,0,1.4,93.918,-42.7,4.962,5228.1,999.0,0,1.0,1.0,0.0,2,7,0.0,7,7,1,1
25853,44.0,1,999,0,1.4,93.444,-36.1,4.968,5228.1,999.0,0,1.0,0.0,0.0,2,7,0.0,6,8,1,1
25854,43.0,1,999,0,1.1,93.994,-36.4,4.857,5191.0,999.0,0,0.0,1.0,1.0,2,5,0.0,4,5,1,1
25855,27.0,2,999,0,1.1,93.994,-36.4,4.857,5191.0,999.0,0,0.0,0.0,1.0,1,7,0.0,6,5,1,1
25856,32.0,1,999,0,-0.1,93.2,-42.0,4.12,5195.8,999.0,0,0.0,0.0,0.0,1,5,0.0,9,11,1,1
25857,31.0,2,6,2,-3.4,92.431,-26.9,0.731,5017.5,0.2,4,1.0,0.0,0.0,1,5,0.0,6,10,2,2
25858,76.0,1,999,1,-3.4,92.379,-29.8,0.773,5017.5,999.0,3,1.0,0.0,0.0,2,7,0.0,8,9,1,2
25859,40.0,1,999,1,-1.8,93.075,-47.1,1.41,5099.1,999.0,0,1.0,0.0,0.0,2,3,0.0,3,4,1,2
25860,38.0,3,999,0,1.4,93.444,-36.1,4.968,5228.1,999.0,0,1.0,0.0,0.0,1,5,0.0,9,8,1,1
25861,45.0,1,4,2,-2.9,92.201,-31.4,0.879,5076.2,0.133333333333,2,0.0,0.0,0.0,2,7,0.0,6,8,1,3
25862,31.0,3,999,0,1.1,93.994,-36.4,4.859,5191.0,999.0,0,1.0,0.0,1.0,2,5,0.0,6,5,1,1
25863,38.0,1,999,0,-1.8,92.893,-46.2,1.266,5099.1,999.0,0,0.0,0.0,0.0,2,3,0.0,4,5,1,1
25864,48.0,3,999,0,1.4,94.465,-41.8,4.955,5228.1,999.0,0,1.0,1.0,1.0,2,5,0.0,4,6,1,1
25865,31.0,5,999,0,1.4,93.918,-42.7,4.961,5228.1,999.0,0,0.0,0.0,0.0,2,2,0.0,4,7,1,1
25866,33.0,1,6,2,-1.8,93.369,-34.8,0.646,5008.7,0.2,4,0.0,0.0,0.0,1,7,0.0,6,3,2,3
25867,31.0,7,999,0,1.1,93.994,-36.4,4.857,5191.0,999.0,0,0.0,0.0,1.0,1,5,0.0,9,5,1,1
25868,31.0,4,999,0,1.1,93.994,-36.4,4.857,5191.0,999.0,0,1.0,0.0,1.0,2,8,0.0,4,5,2,1
25869,31.0,3,999,0,1.4,93.918,-42.7,4.962,5228.1,999.0,0,1.0,0.0,0.0,2,7,0.0,1,7,2,1
25870,31.0,1,999,0,-1.8,92.893,-46.2,1.244,5099.1,999.0,0,0.0,0.0,0.0,2,5,0.0,5,5,2,1
25871,31.0,1,999,1,-0.1,93.2,-42.0,4.191,5195.8,999.0,1,0.0,0.0,0.0,2,8,0.0,6,11,1,2
25872,53.0,1,999,0,1.1,93.994,-36.4,4.855,5191.0,999.0,0,0.0,1.0,1.0,2,8,0.0,4,5,1,1
25873,32.0,1,999,0,1.4,93.444,-36.1,4.964,5228.1,999.0,0,1.0,0.0,0.0,1,7,0.0,6,8,1,1
25874,38.0,4,999,0,1.4,94.465,-41.8,4.865,5228.1,999.0,0,0.0,0.0,1.0,1,7,0.0,11,6,2,1
25875,44.0,3,999,0,1.1,93.994,-36.4,4.859,5191.0,999.0,0,1.0,0.0,1.0,2,3,0.0,4,5,1,1
25876,59.0,1,999,0,1.1,93.994,-36.4,4.857,5191.0,999.0,0,0.0,0.0,1.0,2,2,0.0,4,5,2,1
25877,40.0,1,999,0,1.1,93.994,-36.4,4.858,5191.0,999.0,0,0.0,0.0,1.0,2,4,0.0,4,5,1,1
25878,59.0,4,999,1,-1.7,94.055,-39.8,0.742,4991.6,999.0,2,0.0,0.0,0.0,2,6,0.0,5,6,1,2
25879,29.0,2,2,1,-1.8,93.075,-47.1,1.365,5099.1,0.0666666666667,3,0.0,0.0,0.0,1,6,0.0,5,4,1,3
25880,30.0,3,999,0,-1.8,92.893,-46.2,1.281,5099.1,999.0,0,1.0,1.0,1.0,2,4,0.0,4,5,1,1
25881,28.0,4,999,0,-1.8,92.893,-46.2,1.266,5099.1,999.0,0,0.0,1.0,0.0,2,5,0.0,6,5,1,1
25882,31.0,6,999,0,1.1,93.994,-36.4,4.856,5191.0,999.0,0,1.0,0.0,1.0,3,5,0.0,8,5,1,1
25883,35.0,1,999,0,1.4,94.465,-41.8,4.958,5228.1,999.0,0,1.0,0.0,1.0,1,8,0.0,2,6,1,1
25884,54.0,1,999,0,1.1,93.994,-36.4,4.857,5191.0,999.0,0,1.0,0.0,1.0,2,8,0.0,9,5,2,1
25885,36.0,10,999,0,1.4,94.465,-41.8,4.866,5228.1,999.0,0,1.0,0.0,1.0,1,4,0.0,4,6,1,1
25886,60.0,1,999,0,1.1,93.994,-36.4,4.856,5191.0,999.0,0,0.0,0.0,1.0,2,8,0.0,9,5,1,1
25887,30.0,3,999,0,1.4,93.444,-36.1,4.964,5228.1,999.0,0,0.0,1.0,0.0,1,6,0.0,5,8,1,1
25888,31.0,1,999,0,-0.1,93.2,-42.0,4.12,5195.8,999.0,0,1.0,0.0,0.0,2,6,0.0,5,11,1,1
25889,30.0,5,999,0,-0.1,93.2,-42.0,4.12,5195.8,999.0,0,0.0,0.0,0.0,2,8,0.0,3,11,1,1
25890,57.0,3,999,0,1.1,93.994,-36.4,4.857,5191.0,999.0,0,1.0,0.0,1.0,2,2,0.0,4,5,1,1
25891,34.0,1,3,4,-1.7,94.055,-39.8,0.715,4991.6,0.1,16,1.0,0.0,0.0,2,5,0.0,5,6,1,3
25892,45.0,1,999,0,-0.1,93.798,-40.4,4.86,5195.8,999.0,0,1.0,0.0,1.0,3,5,0.0,5,10,1,1
25893,39.0,1,999,0,1.4,93.918,-42.7,4.963,5228.1,999.0,0,0.0,0.0,0.0,2,8,0.0,1,7,1,1
25894,33.0,2,999,0,1.1,93.994,-36.4,4.855,5191.0,999.0,0,1.0,0.0,1.0,2,2,0.0,4,5,1,1
25895,31.0,9,999,0,-1.8,92.893,-46.2,1.281,5099.1,999.0,0,1.0,0.0,0.0,1,8,0.0,4,5,1,1
25896,27.0,3,999,0,-1.8,93.075,-47.1,1.384,5099.1,999.0,0,1.0,0.0,0.0,1,7,0.0,6,4,1,1
25897,31.0,1,999,0,1.4,93.444,-36.1,4.964,5228.1,999.0,0,0.0,0.0,0.0,1,7,0.0,6,8,1,1
25898,31.0,2,999,0,1.4,93.918,-42.7,4.957,5228.1,999.0,0,0.0,0.0,0.0,1,8,0.0,4,7,1,1
25899,42.0,2,999,0,-1.8,93.075,-47.1,1.405,5099.1,999.0,0,0.0,0.0,0.0,2,8,0.0,9,4,1,1
25900,34.0,2,999,1,-1.8,92.893,-46.2,1.266,5099.1,999.0,0,1.0,0.0,0.0,2,7,0.0,6,5,1,2
25901,36.0,1,999,0,-0.1,93.2,-42.0,4.191,5195.8,999.0,0,0.0,1.0,0.0,3,8,0.0,10,11,2,1
25902,33.0,1,999,0,-2.9,92.963,-40.8,1.26,5076.2,999.0,0,1.0,0.0,0.0,2,6,0.0,4,6,1,1
25903,31.0,1,999,1,-1.8,92.893,-46.2,1.291,5099.1,999.0,1,1.0,0.0,0.0,1,2,0.0,4,5,1,2
25904,37.0,2,999,0,1.4,93.918,-42.7,4.963,5228.1,999.0,0,0.0,0.0,0.0,2,3,0.0,4,7,1,1
25905,31.0,4,999,0,1.4,93.918,-42.7,4.961,5228.1,999.0,0,0.0,0.0,0.0,2,8,0.0,4,7,1,1
25906,38.0,2,999,0,1.4,94.465,-41.8,4.959,5228.1,999.0,0,0.0,0.0,1.0,2,2,0.0,4,6,1,1
25907,41.0,1,999,0,1.1,93.994,-36.4,4.86,5191.0,999.0,0,0.0,0.0,1.0,2,5,0.0,3,5,1,1
25908,49.0,1,999,0,1.1,93.994,-36.4,4.856,5191.0,999.0,0,1.0,0.0,1.0,2,4,0.0,4,5,1,1
25909,58.0,2,999,0,1.1,93.994,-36.4,4.856,5191.0,999.0,0,1.0,0.0,1.0,2,2,0.0,2,5,1,1
25910,59.0,6,999,0,1.1,93.994,-36.4,4.855,5191.0,999.0,0,0.0,0.0,1.0,2,7,0.0,8,5,1,1
25911,29.0,1,999,1,-1.8,93.876,-40.0,0.672,5008.7,999.0,1,1.0,0.0,0.0,1,8,0.0,6,5,1,2
25912,31.0,11,999,0,1.1,93.994,-36.4,4.858,5191.0,999.0,0,0.0,0.0,1.0,2,6,0.0,6,5,1,1
25913,28.0,3,3,2,-1.8,93.876,-40.0,0.695,5008.7,0.1,0,1.0,1.0,0.0,1,8,0.0,11,5,1,3
25914,29.0,2,999,0,1.4,93.918,-42.7,4.962,5228.1,999.0,0,1.0,0.0,0.0,2,4,0.0,4,7,2,1
25915,36.0,2,999,1,-1.8,92.893,-46.2,1.327,5099.1,999.0,4,0.0,0.0,0.0,2,5,0.0,9,5,1,2
25916,50.0,4,999,0,-0.1,93.2,-42.0,4.021,5195.8,999.0,0,1.0,0.0,0.0,2,7,0.0,5,11,1,1
25917,34.0,2,6,1,-2.9,92.201,-31.4,0.873,5076.2,0.2,1,0.0,1.0,0.0,2,7,0.0,2,8,1,3
25918,54.0,1,999,0,1.4,93.444,-36.1,4.965,5228.1,999.0,0,1.0,1.0,0.0,2,2,0.0,9,8,1,1
25919,44.0,2,999,0,1.4,93.444,-36.1,4.963,5228.1,999.0,0,1.0,0.0,0.0,3,7,0.0,6,8,2,1
25920,88.0,6,999,0,-1.8,92.843,-50.0,1.663,5099.1,999.0,0,1.0,0.0,0.0,3,2,0.0,8,3,1,1
25921,29.0,1,999,0,1.4,93.444,-36.1,4.963,5228.1,999.0,0,1.0,1.0,0.0,3,7,0.0,6,8,1,1
25922,38.0,1,999,0,1.4,94.465,-41.8,4.961,5228.1,999.0,0,1.0,1.0,1.0,2,5,0.0,6,6,1,1
25923,34.0,2,999,0,1.4,93.918,-42.7,4.962,5228.1,999.0,0,1.0,0.0,0.0,3,3,0.0,4,7,1,1
25924,31.0,1,999,0,1.4,93.918,-42.7,4.962,5228.1,999.0,0,1.0,0.0,0.0,1,8,0.0,1,7,1,1
25925,31.0,3,999,0,1.1,93.994,-36.4,4.857,5191.0,999.0,0,1.0,0.0,1.0,1,7,0.0,3,5,1,1
25926,43.0,3,999,0,1.4,93.444,-36.1,4.967,5228.1,999.0,0,0.0,0.0,0.0,2,6,0.0,5,8,1,1
25927,31.0,3,999,2,-3.4,92.431,-26.9,0.733,5017.5,999.0,8,1.0,0.0,0.0,2,7,0.0,3,10,1,2
25928,51.0,2,999,0,1.4,93.444,-36.1,4.962,5228.1,999.0,0,1.0,0.0,0.0,2,6,0.0,5,8,1,1
25929,31.0,6,999,0,1.4,93.918,-42.7,4.968,5228.1,999.0,0,1.0,0.0,0.0,1,8,0.0,9,7,1,1
25930,33.0,3,999,0,-1.8,92.893,-46.2,1.291,5099.1,999.0,0,1.0,0.0,1.0,2,4,0.0,4,5,1,1
25931,31.0,1,999,0,1.4,93.918,-42.7,4.968,5228.1,999.0,0,1.0,0.0,0.0,2,8,0.0,4,7,1,1
25932,31.0,1,999,0,1.4,93.918,-42.7,4.96,5228.1,999.0,0,0.0,0.0,0.0,2,5,0.0,6,7,2,1
25933,48.0,3,999,0,1.4,93.444,-36.1,4.968,5228.1,999.0,0,0.0,1.0,0.0,2,2,0.0,4,8,1,1
25934,51.0,2,999,0,1.4,94.465,-41.8,4.961,5228.1,999.0,0,0.0,0.0,1.0,3,8,0.0,7,6,2,1
25935,26.0,5,999,0,1.4,93.918,-42.7,4.963,5228.1,999.0,0,0.0,0.0,0.0,2,3,0.0,4,7,1,1
25936,49.0,3,999,0,1.4,94.465,-41.8,4.962,5228.1,999.0,0,1.0,0.0,1.0,2,5,0.0,6,6,1,1
25937,31.0,1,999,0,-1.8,93.075,-47.1,1.415,5099.1,999.0,0,1.0,0.0,0.0,3,4,0.0,1,4,1,1
25938,36.0,1,999,0,1.4,93.918,-42.7,4.963,5228.1,999.0,0,1.0,1.0,0.0,2,5,0.0,4,7,1,1
25939,32.0,1,999,0,1.1,93.994,-36.4,4.859,5191.0,999.0,0,0.0,0.0,1.0,1,7,0.0,6,5,1,1
25940,36.0,1,999,1,-1.8,92.893,-46.2,1.281,5099.1,999.0,3,1.0,0.0,0.0,2,3,0.0,4,5,1,2
25941,41.0,1,999,0,1.4,93.444,-36.1,4.968,5228.1,999.0,0,1.0,0.0,0.0,3,7,0.0,5,8,1,1
25942,31.0,3,999,0,-1.8,92.893,-46.2,1.344,5099.1,999.0,0,1.0,0.0,0.0,1,5,0.0,6,5,1,1
25943,31.0,1,999,0,1.4,93.444,-36.1,4.967,5228.1,999.0,0,1.0,0.0,0.0,2,7,0.0,6,8,1,1
25944,56.0,4,999,0,1.4,93.918,-42.7,4.962,5228.1,999.0,0,1.0,0.0,0.0,2,5,0.0,6,7,1,1
25945,45.0,5,999,0,1.4,93.918,-42.7,4.961,5228.1,999.0,0,1.0,0.0,0.0,1,2,0.0,4,7,1,1
25946,31.0,1,999,0,-1.7,94.215,-40.3,0.896,4991.6,999.0,0,1.0,0.0,1.0,3,5,0.0,8,7,1,1
25947,34.0,1,999,0,-0.1,93.2,-42.0,4.076,5195.8,999.0,0,1.0,0.0,1.0,2,7,0.0,3,11,1,1
25948,35.0,4,999,0,1.4,93.918,-42.7,4.961,5228.1,999.0,0,1.0,1.0,1.0,2,8,0.0,6,7,1,1
25949,33.0,1,999,0,-2.9,92.963,-40.8,1.26,5076.2,999.0,0,1.0,0.0,0.0,3,7,0.0,3,6,1,1
25950,33.0,2,999,0,1.4,93.918,-42.7,4.963,5228.1,999.0,0,1.0,1.0,0.0,1,8,0.0,4,7,1,1
25951,31.0,2,999,0,1.4,94.465,-41.8,4.866,5228.1,999.0,0,0.0,0.0,1.0,1,8,0.0,6,6,1,1
25952,42.0,3,999,0,1.4,94.465,-41.8,4.967,5228.1,999.0,0,1.0,0.0,1.0,1,7,0.0,6,6,1,1
25953,51.0,1,999,0,1.4,93.444,-36.1,4.967,5228.1,999.0,0,1.0,1.0,0.0,2,5,0.0,5,8,1,1
25954,31.0,1,999,0,1.4,93.444,-36.1,4.964,5228.1,999.0,0,1.0,0.0,0.0,2,8,0.0,5,8,1,1
25955,31.0,3,999,2,-2.9,92.201,-31.4,0.879,5076.2,999.0,4,1.0,0.0,0.0,4,4,0.0,8,8,1,2
25956,31.0,7,999,0,1.4,93.918,-42.7,4.958,5228.1,999.0,0,0.0,0.0,0.0,2,8,0.0,6,7,1,1
25957,31.0,2,999,0,-0.1,93.2,-42.0,4.076,5195.8,999.0,0,1.0,0.0,1.0,1,7,0.0,6,11,1,1
25958,31.0,1,999,0,-0.1,93.2,-42.0,4.076,5195.8,999.0,0,0.0,1.0,0.0,3,5,0.0,9,11,1,1
25959,37.0,1,999,0,-3.4,92.649,-30.1,0.722,5017.5,999.0,0,1.0,0.0,0.0,1,5,0.0,4,11,2,1
25960,41.0,1,999,0,-0.1,93.2,-42.0,4.076,5195.8,999.0,0,1.0,0.0,0.0,2,7,0.0,9,11,1,1
25961,64.0,4,999,2,-3.4,92.649,-30.1,0.714,5017.5,999.0,2,1.0,0.0,0.0,2,8,0.0,8,11,2,2
25962,24.0,1,999,0,-1.8,93.075,-47.1,1.365,5099.1,999.0,0,0.0,1.0,0.0,1,5,0.0,11,4,1,1
25963,31.0,3,999,0,1.4,93.918,-42.7,4.961,5228.1,999.0,0,1.0,0.0,0.0,2,4,0.0,4,7,1,1
25964,47.0,10,999,0,1.4,93.444,-36.1,4.965,5228.1,999.0,0,1.0,1.0,0.0,2,5,0.0,4,8,1,1
25965,31.0,4,999,0,1.4,93.444,-36.1,4.964,5228.1,999.0,0,1.0,0.0,0.0,2,4,0.0,9,8,1,1
25966,49.0,2,999,0,1.4,93.444,-36.1,4.965,5228.1,999.0,0,0.0,0.0,0.0,2,8,0.0,5,8,1,1
25967,31.0,4,999,0,1.4,94.465,-41.8,4.959,5228.1,999.0,0,1.0,0.0,1.0,3,2,0.0,4,6,1,1
25968,38.0,1,999,0,1.4,93.918,-42.7,4.966,5228.1,999.0,0,0.0,0.0,1.0,2,3,0.0,4,7,1,1
25969,35.0,2,999,0,1.4,93.444,-36.1,4.968,5228.1,999.0,0,0.0,0.0,0.0,1,7,0.0,5,8,1,1
25970,28.0,1,999,0,1.4,93.918,-42.7,4.96,5228.1,999.0,0,1.0,1.0,0.0,3,4,0.0,4,7,2,1
25971,31.0,1,999,0,-1.8,92.893,-46.2,1.266,5099.1,999.0,0,1.0,1.0,0.0,2,3,0.0,4,5,1,1
25972,71.0,3,999,0,-1.8,93.749,-34.6,0.645,5008.7,999.0,0,0.0,0.0,0.0,2,2,0.0,8,4,2,1
25973,31.0,1,999,0,1.4,93.444,-36.1,4.964,5228.1,999.0,0,0.0,0.0,0.0,1,5,0.0,6,8,1,1
25974,31.0,1,999,0,-1.8,92.893,-46.2,1.266,5099.1,999.0,0,0.0,0.0,0.0,1,4,0.0,5,5,1,1
25975,31.0,2,999,0,-0.1,93.2,-42.0,4.12,5195.8,999.0,0,1.0,1.0,0.0,1,7,0.0,6,11,1,1
25976,35.0,6,999,0,1.1,93.994,-36.4,4.86,5191.0,999.0,0,0.0,1.0,1.0,2,7,0.0,1,5,1,1
25977,50.0,22,999,0,1.4,94.465,-41.8,4.959,5228.1,999.0,0,1.0,0.0,1.0,3,8,0.0,4,6,1,1
25978,54.0,4,999,0,1.4,93.918,-42.7,4.968,5228.1,999.0,0,1.0,0.0,0.0,2,3,0.0,9,7,1,1
25979,31.0,3,999,0,1.1,93.994,-36.4,4.857,5191.0,999.0,0,1.0,0.0,1.0,3,8,0.0,4,5,1,1
25980,53.0,2,999,1,-1.8,92.893,-46.2,1.354,5099.1,999.0,1,1.0,0.0,0.0,2,8,0.0,3,5,2,2
25981,36.0,3,999,0,-0.1,93.2,-42.0,4.153,5195.8,999.0,0,1.0,1.0,1.0,2,8,0.0,6,11,1,1
25982,31.0,2,999,0,1.4,93.918,-42.7,4.968,5228.1,999.0,0,1.0,0.0,0.0,3,8,0.0,6,7,1,1
25983,30.0,2,999,0,1.1,93.994,-36.4,4.857,5191.0,999.0,0,0.0,0.0,1.0,2,5,0.0,9,5,2,1
25984,46.0,2,999,1,-1.8,93.075,-47.1,1.405,5099.1,999.0,1,1.0,1.0,0.0,1,8,0.0,4,4,1,2
25985,48.0,1,999,0,1.1,93.994,-36.4,4.857,5191.0,999.0,0,0.0,0.0,1.0,2,2,0.0,4,5,1,1
25986,46.0,2,999,0,1.1,93.994,-36.4,4.857,5191.0,999.0,0,1.0,0.0,1.0,3,6,0.0,5,5,2,1
25987,24.0,1,999,1,-1.8,92.893,-46.2,1.266,5099.1,999.0,1,0.0,1.0,0.0,1,4,0.0,4,5,1,2
25988,31.0,4,999,0,1.4,93.918,-42.7,4.963,5228.1,999.0,0,1.0,0.0,0.0,1,5,0.0,6,7,1,1
25989,37.0,2,999,0,1.4,93.444,-36.1,4.965,5228.1,999.0,0,1.0,1.0,0.0,2,7,0.0,6,8,2,1
25990,52.0,1,999,0,1.4,94.465,-41.8,4.866,5228.1,999.0,0,0.0,0.0,1.0,2,2,0.0,1,6,1,1
25991,57.0,1,999,0,1.4,93.918,-42.7,4.962,5228.1,999.0,0,1.0,1.0,0.0,2,2,0.0,8,7,1,1
25992,31.0,2,999,1,-1.8,93.075,-47.1,1.435,5099.1,999.0,0,1.0,0.0,0.0,3,8,0.0,4,4,1,2
25993,60.0,2,999,0,1.4,93.444,-36.1,4.965,5228.1,999.0,0,1.0,0.0,0.0,2,8,0.0,8,8,2,1
25994,31.0,1,999,0,-1.8,93.749,-34.6,0.646,5008.7,999.0,0,1.0,0.0,0.0,1,7,0.0,6,4,1,1
25995,42.0,1,999,0,-2.9,92.963,-40.8,1.26,5076.2,999.0,0,0.0,0.0,0.0,2,7,0.0,6,6,1,1
25996,34.0,1,2,1,-1.8,92.893,-46.2,1.264,5099.1,0.0666666666667,1,1.0,0.0,0.0,2,8,0.0,6,5,2,3
25997,45.0,1,999,0,-3.4,92.379,-29.8,0.797,5017.5,999.0,0,0.0,0.0,0.0,2,8,0.0,6,9,2,1
25998,31.0,10,999,0,1.4,93.444,-36.1,4.963,5228.1,999.0,0,1.0,0.0,0.0,3,8,0.0,5,8,1,1
25999,48.0,3,999,0,1.4,93.444,-36.1,4.963,5228.1,999.0,0,0.0,0.0,0.0,2,8,0.0,4,8,2,1
26000,44.0,1,999,0,1.1,93.994,-36.4,4.856,5191.0,999.0,0,0.0,0.0,1.0,2,7,0.0,6,5,1,1
26001,31.0,3,999,0,1.1,93.994,-36.4,4.859,5191.0,999.0,0,1.0,0.0,1.0,1,8,0.0,6,5,1,1
26002,32.0,1,999,0,1.4,93.918,-42.7,4.961,5228.1,999.0,0,1.0,0.0,0.0,2,8,0.0,6,7,1,1
26003,31.0,1,999,0,-0.1,93.2,-42.0,4.12,5195.8,999.0,0,0.0,0.0,0.0,2,8,0.0,6,11,1,1
26004,31.0,1,999,0,1.1,93.994,-36.4,4.856,5191.0,999.0,0,0.0,0.0,1.0,1,8,0.0,9,5,1,1
26005,31.0,2,999,0,-0.1,93.2,-42.0,4.12,5195.8,999.0,0,1.0,0.0,0.0,2,3,0.0,9,11,1,1
26006,37.0,3,999,0,1.4,94.465,-41.8,4.961,5228.1,999.0,0,0.0,0.0,1.0,1,8,0.0,5,6,1,1
26007,50.0,4,999,0,-0.1,93.2,-42.0,4.12,5195.8,999.0,0,1.0,1.0,0.0,2,7,0.0,6,11,1,1
26008,31.0,1,999,0,1.4,93.444,-36.1,4.966,5228.1,999.0,0,1.0,1.0,0.0,2,8,0.0,8,8,1,1
26009,27.0,1,999,0,1.1,93.994,-36.4,4.857,5191.0,999.0,0,1.0,0.0,1.0,1,7,0.0,6,5,1,1
26010,31.0,3,999,0,1.1,93.994,-36.4,4.857,5191.0,999.0,0,1.0,1.0,1.0,1,8,0.0,6,5,1,1
26011,36.0,1,999,1,-2.9,92.963,-40.8,1.266,5076.2,999.0,2,0.0,1.0,0.0,2,7,0.0,1,6,2,2
26012,46.0,8,999,0,1.4,93.918,-42.7,4.96,5228.1,999.0,0,1.0,0.0,0.0,3,6,0.0,10,7,2,1
26013,57.0,1,999,0,1.4,93.918,-42.7,4.962,5228.1,999.0,0,1.0,1.0,1.0,2,7,0.0,1,7,1,1
26014,28.0,2,999,0,1.4,93.918,-42.7,4.963,5228.1,999.0,0,0.0,0.0,0.0,2,6,0.0,6,7,1,1
26015,31.0,2,999,0,1.4,94.465,-41.8,4.961,5228.1,999.0,0,1.0,0.0,1.0,1,5,0.0,6,6,1,1
26016,25.0,3,4,1,-2.9,92.963,-40.8,1.286,5076.2,0.133333333333,2,1.0,1.0,0.0,1,7,0.0,6,6,1,3
26017,41.0,3,999,0,1.4,93.444,-36.1,4.964,5228.1,999.0,0,1.0,0.0,0.0,1,5,0.0,5,8,1,1
26018,29.0,2,999,0,-2.9,92.963,-40.8,1.286,5076.2,999.0,0,0.0,0.0,0.0,1,7,0.0,6,6,1,1
26019,51.0,3,999,0,1.4,93.918,-42.7,4.966,5228.1,999.0,0,1.0,0.0,1.0,2,8,0.0,9,7,1,1
26020,35.0,1,4,1,-3.4,92.431,-26.9,0.754,5017.5,0.133333333333,2,1.0,0.0,0.0,2,8,0.0,6,10,1,3
26021,29.0,7,999,0,1.4,93.918,-42.7,4.961,5228.1,999.0,0,1.0,0.0,0.0,2,8,0.0,1,7,1,1
26022,44.0,1,999,0,1.4,93.444,-36.1,4.963,5228.1,999.0,0,1.0,1.0,0.0,2,8,0.0,12,8,1,1
26023,31.0,3,999,0,1.1,93.994,-36.4,4.857,5191.0,999.0,0,1.0,1.0,1.0,2,6,0.0,4,5,2,1
26024,34.0,1,999,1,-1.8,92.893,-46.2,1.313,5099.1,999.0,2,0.0,0.0,0.0,2,8,0.0,4,5,1,2
26025,39.0,2,999,1,-1.8,92.893,-46.2,1.334,5099.1,999.0,2,1.0,0.0,0.0,2,4,0.0,10,5,1,2
26026,24.0,3,999,0,1.4,93.918,-42.7,4.962,5228.1,999.0,0,1.0,0.0,1.0,2,8,0.0,5,7,1,1
26027,31.0,3,999,0,1.1,93.994,-36.4,4.857,5191.0,999.0,0,0.0,0.0,1.0,4,3,0.0,1,5,1,1
26028,31.0,1,999,0,1.4,93.918,-42.7,4.958,5228.1,999.0,0,0.0,0.0,1.0,3,5,0.0,6,7,1,1
26029,46.0,2,999,0,1.1,93.994,-36.4,4.857,5191.0,999.0,0,0.0,0.0,1.0,2,6,0.0,5,5,2,1
26030,58.0,5,999,0,1.4,93.444,-36.1,4.965,5228.1,999.0,0,1.0,0.0,1.0,2,8,0.0,5,8,2,1
26031,25.0,2,999,0,1.4,93.918,-42.7,4.96,5228.1,999.0,0,1.0,0.0,0.0,1,6,0.0,5,7,1,1
26032,42.0,2,999,0,1.1,93.994,-36.4,4.857,5191.0,999.0,0,1.0,0.0,1.0,2,5,0.0,6,5,2,1
26033,49.0,2,999,0,1.1,93.994,-36.4,4.857,5191.0,999.0,0,1.0,0.0,1.0,2,8,0.0,5,5,1,1
26034,45.0,3,999,0,1.1,93.994,-36.4,4.859,5191.0,999.0,0,1.0,0.0,1.0,2,7,0.0,5,5,1,1
26035,30.0,1,999,0,1.4,93.918,-42.7,4.962,5228.1,999.0,0,1.0,1.0,0.0,1,8,0.0,5,7,1,1
26036,31.0,1,999,0,1.4,93.444,-36.1,4.963,5228.1,999.0,0,1.0,1.0,0.0,2,7,0.0,3,8,2,1
26037,75.0,2,999,1,-1.8,93.075,-47.1,1.405,5099.1,999.0,1,0.0,0.0,0.0,2,2,0.0,8,4,1,2
26038,30.0,1,999,0,1.4,94.465,-41.8,4.864,5228.1,999.0,0,0.0,0.0,1.0,1,5,0.0,9,6,1,1
26039,31.0,2,999,0,-1.8,93.075,-47.1,1.445,5099.1,999.0,0,1.0,0.0,0.0,1,7,0.0,6,4,1,1
26040,42.0,3,999,0,1.4,93.444,-36.1,4.966,5228.1,999.0,0,0.0,1.0,0.0,2,7,0.0,1,8,1,1
26041,35.0,3,999,0,-0.1,93.2,-42.0,4.12,5195.8,999.0,0,1.0,1.0,0.0,1,5,0.0,5,11,1,1
26042,34.0,1,999,0,1.4,93.444,-36.1,4.964,5228.1,999.0,0,0.0,0.0,0.0,2,7,0.0,6,8,1,1
26043,35.0,2,999,0,-0.1,93.2,-42.0,4.12,5195.8,999.0,0,1.0,1.0,0.0,2,7,0.0,5,11,1,1
26044,51.0,2,999,0,-1.8,92.893,-46.2,1.334,5099.1,999.0,0,1.0,0.0,1.0,2,4,0.0,4,5,1,1
26045,36.0,1,999,0,1.4,94.465,-41.8,4.961,5228.1,999.0,0,0.0,0.0,1.0,2,5,0.0,5,6,1,1
26046,46.0,3,999,0,1.4,93.918,-42.7,4.957,5228.1,999.0,0,1.0,0.0,1.0,1,7,0.0,6,7,1,1
26047,44.0,4,999,0,-0.1,93.2,-42.0,4.021,5195.8,999.0,0,1.0,0.0,0.0,2,8,0.0,7,11,1,1
26048,37.0,2,999,0,1.4,94.465,-41.8,4.961,5228.1,999.0,0,1.0,0.0,1.0,2,7,0.0,5,6,1,1
26049,52.0,3,999,0,-1.8,92.893,-46.2,1.354,5099.1,999.0,0,0.0,0.0,0.0,1,8,0.0,6,5,2,1
26050,31.0,2,999,0,1.4,93.444,-36.1,4.963,5228.1,999.0,0,1.0,0.0,0.0,3,7,0.0,5,8,1,1
26051,63.0,3,999,1,-3.4,92.379,-29.8,0.768,5017.5,999.0,1,0.0,0.0,1.0,2,6,0.0,8,9,1,2
26052,43.0,3,999,1,-1.8,92.893,-46.2,1.354,5099.1,999.0,2,1.0,0.0,0.0,2,3,0.0,7,5,1,2
26053,47.0,5,999,0,1.4,93.918,-42.7,4.962,5228.1,999.0,0,0.0,0.0,0.0,1,8,0.0,8,7,2,1
26054,43.0,2,999,1,-1.8,92.893,-46.2,1.291,5099.1,999.0,1,1.0,0.0,1.0,1,8,0.0,4,5,1,2
26055,41.0,5,999,0,1.4,93.918,-42.7,4.961,5228.1,999.0,0,1.0,0.0,0.0,3,5,0.0,9,7,1,1
26056,39.0,2,999,0,-3.4,92.431,-26.9,0.728,5017.5,999.0,0,0.0,0.0,1.0,2,6,0.0,6,10,1,1
26057,32.0,4,999,0,1.1,93.994,-36.4,4.855,5191.0,999.0,0,1.0,1.0,1.0,3,2,0.0,10,5,1,1
26058,34.0,1,999,0,-1.8,92.893,-46.2,1.313,5099.1,999.0,0,1.0,0.0,0.0,2,4,0.0,6,5,1,1
26059,45.0,5,999,0,1.4,94.465,-41.8,4.961,5228.1,999.0,0,1.0,0.0,1.0,2,7,0.0,6,6,2,1
26060,31.0,2,999,0,1.4,93.444,-36.1,4.965,5228.1,999.0,0,1.0,0.0,0.0,2,7,0.0,5,8,1,1
26061,31.0,1,999,0,1.4,94.465,-41.8,4.962,5228.1,999.0,0,1.0,0.0,1.0,2,8,0.0,5,6,1,1
26062,31.0,2,6,1,-1.7,94.215,-40.3,0.846,4991.6,0.2,3,0.0,0.0,0.0,2,7,0.0,6,7,1,3
26063,37.0,2,999,0,1.1,93.994,-36.4,4.857,5191.0,999.0,0,1.0,0.0,1.0,1,8,0.0,4,5,1,1
26064,28.0,8,999,0,1.1,93.994,-36.4,4.86,5191.0,999.0,0,0.0,0.0,1.0,1,8,0.0,11,5,1,1
26065,42.0,1,999,0,1.1,93.994,-36.4,4.857,5191.0,999.0,0,0.0,0.0,1.0,2,7,0.0,6,5,2,1
26066,38.0,2,999,1,-0.1,93.2,-42.0,4.12,5195.8,999.0,3,0.0,0.0,0.0,2,8,0.0,9,11,1,2
26067,31.0,1,999,0,-1.8,93.075,-47.1,1.405,5099.1,999.0,0,1.0,1.0,0.0,2,8,0.0,8,4,1,1
26068,45.0,3,999,0,1.4,93.918,-42.7,4.961,5228.1,999.0,0,0.0,0.0,0.0,2,8,0.0,4,7,1,1
26069,38.0,3,999,0,-1.8,93.075,-47.1,1.405,5099.1,999.0,0,1.0,0.0,0.0,2,5,0.0,9,4,2,1
26070,31.0,1,999,0,-1.8,92.893,-46.2,1.313,5099.1,999.0,0,0.0,0.0,0.0,2,5,0.0,9,5,1,1
26071,33.0,4,999,0,1.4,94.465,-41.8,4.961,5228.1,999.0,0,1.0,0.0,1.0,1,8,0.0,5,6,1,1
26072,32.0,8,999,0,1.4,93.918,-42.7,4.961,5228.1,999.0,0,0.0,0.0,1.0,1,5,0.0,4,7,1,1
26073,31.0,2,999,0,1.4,93.444,-36.1,4.965,5228.1,999.0,0,0.0,0.0,0.0,2,8,0.0,4,8,2,1
26074,28.0,1,999,0,-1.8,93.369,-34.8,0.643,5008.7,999.0,0,0.0,0.0,0.0,1,8,0.0,6,3,1,1
26075,37.0,1,999,0,-3.4,92.431,-26.9,0.73,5017.5,999.0,0,1.0,1.0,0.0,2,8,0.0,4,10,1,1
26076,48.0,2,999,0,1.1,93.994,-36.4,4.864,5191.0,999.0,0,0.0,0.0,1.0,2,8,0.0,4,5,1,1
26077,44.0,1,999,0,1.4,93.918,-42.7,4.96,5228.1,999.0,0,1.0,0.0,0.0,2,8,0.0,4,7,2,1
26078,48.0,1,999,0,-1.8,92.893,-46.2,1.281,5099.1,999.0,0,1.0,0.0,1.0,3,7,0.0,6,5,1,1
26079,31.0,2,999,0,1.4,93.444,-36.1,4.966,5228.1,999.0,0,1.0,0.0,0.0,2,8,0.0,6,8,1,1
26080,31.0,2,999,0,1.4,93.918,-42.7,4.962,5228.1,999.0,0,1.0,0.0,0.0,1,5,0.0,9,7,1,1
26081,31.0,1,999,0,-3.4,92.649,-30.1,0.716,5017.5,999.0,0,1.0,0.0,0.0,2,6,0.0,8,11,1,1
26082,39.0,2,999,0,-1.8,93.075,-47.1,1.405,5099.1,999.0,0,0.0,1.0,0.0,2,7,0.0,3,4,1,1
26083,34.0,1,999,0,-1.8,93.075,-47.1,1.405,5099.1,999.0,0,1.0,1.0,0.0,2,8,0.0,7,4,1,1
26084,34.0,4,999,0,-3.4,92.649,-30.1,0.715,5017.5,999.0,0,1.0,0.0,0.0,2,8,0.0,5,11,1,1
26085,55.0,1,999,0,1.4,93.918,-42.7,4.96,5228.1,999.0,0,0.0,0.0,0.0,2,7,0.0,6,7,2,1
26086,39.0,24,999,0,1.4,93.918,-42.7,4.957,5228.1,999.0,0,0.0,0.0,1.0,1,2,0.0,4,7,1,1
26087,32.0,2,999,1,-1.1,94.767,-50.8,1.048,4963.6,999.0,0,1.0,0.0,0.0,1,8,0.0,6,11,2,2
26088,31.0,3,999,0,1.1,93.994,-36.4,4.86,5191.0,999.0,0,1.0,0.0,1.0,2,3,0.0,9,5,1,1
26089,23.0,1,999,0,-1.8,93.075,-47.1,1.41,5099.1,999.0,0,1.0,0.0,1.0,1,2,0.0,4,4,1,1
26090,34.0,6,999,0,1.1,93.994,-36.4,4.857,5191.0,999.0,0,1.0,0.0,1.0,2,8,0.0,4,5,1,1
26091,77.0,1,3,4,-1.8,93.876,-40.0,0.682,5008.7,0.1,0,1.0,0.0,1.0,2,8,0.0,8,5,1,3
26092,31.0,2,999,0,1.1,93.994,-36.4,4.856,5191.0,999.0,0,1.0,0.0,1.0,2,2,0.0,2,5,1,1
26093,47.0,1,999,0,-0.1,93.2,-42.0,4.12,5195.8,999.0,0,0.0,0.0,0.0,2,8,0.0,3,11,1,1
26094,31.0,3,999,0,1.1,93.994,-36.4,4.857,5191.0,999.0,0,0.0,0.0,1.0,2,8,0.0,8,5,1,1
26095,52.0,3,1,3,-1.7,94.027,-38.3,0.899,4991.6,0.0333333333333,15,1.0,0.0,0.0,2,8,0.0,3,8,1,3
26096,39.0,2,999,0,1.1,93.994,-36.4,4.855,5191.0,999.0,0,0.0,0.0,1.0,3,8,0.0,5,5,1,1
26097,21.0,1,999,0,-2.9,92.963,-40.8,1.26,5076.2,999.0,0,0.0,0.0,0.0,1,5,0.0,11,6,1,1
26098,28.0,1,999,0,-1.8,93.075,-47.1,1.392,5099.1,999.0,0,0.0,0.0,0.0,1,5,0.0,10,4,2,1
26099,42.0,1,999,0,-1.8,93.075,-47.1,1.365,5099.1,999.0,0,1.0,0.0,0.0,2,5,0.0,9,4,1,1
26100,40.0,1,999,0,1.1,93.994,-36.4,4.855,5191.0,999.0,0,0.0,0.0,1.0,2,8,0.0,4,5,1,1
26101,31.0,2,999,0,-1.8,92.893,-46.2,1.25,5099.1,999.0,0,0.0,1.0,0.0,2,7,0.0,9,5,1,1
26102,30.0,1,999,0,-0.1,93.2,-42.0,4.12,5195.8,999.0,0,0.0,1.0,1.0,1,4,0.0,4,11,1,1
26103,29.0,3,999,0,-1.8,92.893,-46.2,1.266,5099.1,999.0,0,0.0,0.0,1.0,3,8,0.0,6,5,1,1
26104,31.0,20,999,0,1.4,93.918,-42.7,4.968,5228.1,999.0,0,0.0,0.0,0.0,1,5,0.0,6,7,1,1
26105,28.0,3,999,0,1.4,93.918,-42.7,4.962,5228.1,999.0,0,1.0,0.0,0.0,1,7,0.0,6,7,2,1
26106,29.0,1,999,0,1.4,93.918,-42.7,4.96,5228.1,999.0,0,0.0,0.0,0.0,2,3,0.0,4,7,2,1
26107,37.0,1,999,0,1.1,93.994,-36.4,4.859,5191.0,999.0,0,1.0,0.0,1.0,2,4,0.0,4,5,1,1
26108,48.0,7,999,1,-0.1,93.2,-42.0,4.021,5195.8,999.0,1,0.0,0.0,0.0,2,7,0.0,6,11,1,2
26109,31.0,2,999,0,1.4,93.918,-42.7,4.957,5228.1,999.0,0,0.0,1.0,0.0,1,7,0.0,9,7,1,1
26110,37.0,1,999,0,-1.8,92.843,-50.0,1.64,5099.1,999.0,0,1.0,0.0,0.0,1,7,0.0,10,3,1,1
26111,34.0,1,999,1,-1.8,92.893,-46.2,1.281,5099.1,999.0,1,0.0,1.0,1.0,2,8,0.0,4,5,1,2
26112,37.0,3,999,0,1.1,93.994,-36.4,4.857,5191.0,999.0,0,0.0,0.0,1.0,2,4,0.0,4,5,1,1
26113,44.0,1,999,0,-0.1,93.2,-42.0,4.12,5195.8,999.0,0,1.0,0.0,0.0,1,8,0.0,6,11,1,1
26114,40.0,2,999,0,1.4,94.465,-41.8,4.967,5228.1,999.0,0,0.0,1.0,1.0,2,2,0.0,4,6,1,1
26115,47.0,2,999,0,-0.1,93.2,-42.0,4.153,5195.8,999.0,0,0.0,0.0,0.0,2,7,0.0,3,11,1,1
26116,33.0,2,999,0,1.4,93.918,-42.7,4.96,5228.1,999.0,0,1.0,0.0,0.0,2,8,0.0,4,7,2,1
26117,24.0,1,999,0,1.4,93.918,-42.7,4.958,5228.1,999.0,0,1.0,0.0,0.0,1,8,0.0,6,7,1,1
26118,31.0,1,999,1,-1.8,92.893,-46.2,1.25,5099.1,999.0,2,1.0,0.0,0.0,1,7,0.0,6,5,1,2
26119,27.0,1,999,0,-1.7,94.027,-38.3,0.888,4991.6,999.0,0,0.0,0.0,1.0,1,5,0.0,6,8,1,1
26120,31.0,1,999,0,-1.8,92.893,-46.2,1.281,5099.1,999.0,0,1.0,0.0,1.0,2,4,0.0,9,5,1,1
26121,23.0,3,999,0,1.1,93.994,-36.4,4.859,5191.0,999.0,0,0.0,0.0,1.0,2,4,0.0,9,5,1,1
26122,25.0,2,999,0,1.4,93.918,-42.7,4.963,5228.1,999.0,0,1.0,0.0,0.0,1,4,0.0,4,7,1,1
26123,27.0,3,999,0,1.1,93.994,-36.4,4.857,5191.0,999.0,0,1.0,0.0,1.0,2,8,0.0,4,5,1,1
26124,48.0,6,999,0,1.4,93.444,-36.1,4.962,5228.1,999.0,0,0.0,0.0,0.0,2,7,0.0,5,8,1,1
26125,40.0,1,999,0,-1.8,93.075,-47.1,1.405,5099.1,999.0,0,1.0,0.0,0.0,1,6,0.0,5,4,2,1
26126,42.0,1,999,0,1.1,93.994,-36.4,4.858,5191.0,999.0,0,1.0,0.0,1.0,3,8,0.0,4,5,1,1
26127,51.0,9,999,0,1.4,93.444,-36.1,4.964,5228.1,999.0,0,1.0,0.0,0.0,2,7,0.0,6,8,1,1
26128,31.0,1,999,1,-1.8,92.893,-46.2,1.266,5099.1,999.0,2,0.0,0.0,0.0,2,8,0.0,4,5,1,2
26129,37.0,1,999,0,-1.8,92.893,-46.2,1.344,5099.1,999.0,0,0.0,0.0,0.0,2,8,0.0,4,5,1,1
26130,25.0,5,999,0,-1.8,92.893,-46.2,1.25,5099.1,999.0,0,1.0,0.0,0.0,1,3,0.0,4,5,1,1
26131,34.0,1,999,0,-1.8,92.893,-46.2,1.244,5099.1,999.0,0,1.0,0.0,0.0,2,8,0.0,4,5,2,1
26132,40.0,1,999,0,1.4,94.465,-41.8,4.961,5228.1,999.0,0,0.0,0.0,1.0,2,4,0.0,4,6,1,1
26133,72.0,1,999,0,-1.7,94.027,-38.3,0.905,4991.6,999.0,0,1.0,0.0,0.0,2,3,0.0,2,8,1,1
26134,31.0,4,999,0,1.1,93.994,-36.4,4.864,5191.0,999.0,0,1.0,0.0,1.0,2,2,0.0,4,5,1,1
26135,55.0,2,999,0,1.4,94.465,-41.8,4.96,5228.1,999.0,0,0.0,0.0,1.0,2,6,0.0,2,6,2,1
26136,31.0,1,999,0,1.4,93.918,-42.7,4.957,5228.1,999.0,0,0.0,0.0,0.0,1,8,0.0,6,7,1,1
26137,31.0,2,999,1,-2.9,92.963,-40.8,1.281,5076.2,999.0,4,1.0,0.0,0.0,1,7,0.0,11,6,2,2
26138,56.0,2,999,0,1.1,93.994,-36.4,4.857,5191.0,999.0,0,0.0,1.0,1.0,2,7,0.0,3,5,1,1
26139,30.0,5,999,0,1.1,93.994,-36.4,4.857,5191.0,999.0,0,0.0,1.0,1.0,2,4,0.0,4,5,1,1
26140,45.0,1,999,0,1.4,93.918,-42.7,4.959,5228.1,999.0,0,0.0,0.0,1.0,2,8,0.0,4,7,1,1
26141,44.0,3,999,0,1.4,93.918,-42.7,4.961,5228.1,999.0,0,0.0,0.0,0.0,2,5,0.0,12,7,1,1
26142,31.0,3,999,0,1.1,93.994,-36.4,4.859,5191.0,999.0,0,1.0,0.0,1.0,3,8,0.0,4,5,1,1
26143,31.0,1,999,0,1.4,93.918,-42.7,4.961,5228.1,999.0,0,1.0,0.0,0.0,3,2,0.0,4,7,1,1
26144,31.0,1,999,0,1.4,94.465,-41.8,4.866,5228.1,999.0,0,1.0,0.0,1.0,2,8,0.0,7,6,1,1
26145,32.0,2,999,2,-1.1,94.601,-49.5,0.972,4963.6,999.0,4,1.0,0.0,0.0,1,7,0.0,9,10,1,2
26146,43.0,2,999,0,-0.1,93.2,-42.0,4.153,5195.8,999.0,0,0.0,0.0,0.0,2,6,0.0,3,11,1,1
26147,31.0,3,999,0,-1.8,93.075,-47.1,1.405,5099.1,999.0,0,0.0,0.0,0.0,2,8,0.0,3,4,2,1
26148,31.0,2,999,0,1.4,93.918,-42.7,4.962,5228.1,999.0,0,1.0,0.0,0.0,3,7,0.0,6,7,1,1
26149,57.0,1,999,0,1.1,93.994,-36.4,4.857,5191.0,999.0,0,1.0,0.0,1.0,3,2,0.0,2,5,2,1
26150,44.0,2,999,0,-2.9,92.469,-33.6,1.044,5076.2,999.0,0,1.0,0.0,0.0,1,8,0.0,5,7,1,1
26151,56.0,3,999,0,1.1,93.994,-36.4,4.857,5191.0,999.0,0,1.0,1.0,1.0,2,8,0.0,6,5,2,1
26152,54.0,2,999,1,-3.4,92.379,-29.8,0.741,5017.5,999.0,2,0.0,0.0,0.0,2,2,0.0,4,9,1,2
26153,30.0,4,3,1,-1.8,92.893,-46.2,1.27,5099.1,0.1,1,1.0,0.0,0.0,1,5,0.0,11,5,1,3
26154,31.0,2,999,0,1.4,94.465,-41.8,4.864,5228.1,999.0,0,0.0,0.0,1.0,2,6,0.0,5,6,1,1
26155,29.0,3,999,0,-0.1,93.2,-42.0,4.12,5195.8,999.0,0,1.0,0.0,0.0,2,5,0.0,4,11,1,1
26156,29.0,2,999,0,1.4,93.444,-36.1,4.965,5228.1,999.0,0,1.0,0.0,0.0,2,7,0.0,5,8,2,1
26157,31.0,2,999,0,-1.8,92.893,-46.2,1.25,5099.1,999.0,0,0.0,1.0,0.0,2,2,0.0,4,5,1,1
26158,56.0,4,999,0,1.4,93.918,-42.7,4.962,5228.1,999.0,0,0.0,1.0,0.0,2,5,0.0,9,7,1,1
26159,33.0,1,999,0,-1.8,92.893,-46.2,1.327,5099.1,999.0,0,1.0,0.0,0.0,2,5,0.0,6,5,1,1
26160,45.0,6,999,0,1.4,94.465,-41.8,4.864,5228.1,999.0,0,0.0,0.0,1.0,1,5,0.0,6,6,1,1
26161,57.0,2,999,0,1.1,93.994,-36.4,4.857,5191.0,999.0,0,1.0,0.0,1.0,3,7,0.0,3,5,2,1
26162,38.0,1,999,2,-1.8,93.075,-47.1,1.405,5099.1,999.0,6,1.0,0.0,0.0,1,8,0.0,6,4,1,2
26163,55.0,7,999,0,1.1,93.994,-36.4,4.859,5191.0,999.0,0,1.0,0.0,1.0,2,2,0.0,5,5,1,1
26164,30.0,1,999,0,-0.1,93.2,-42.0,4.12,5195.8,999.0,0,0.0,0.0,0.0,2,8,0.0,9,11,1,1
26165,31.0,1,999,0,1.1,93.994,-36.4,4.857,5191.0,999.0,0,0.0,0.0,1.0,1,6,0.0,9,5,1,1
26166,27.0,6,999,0,1.4,94.465,-41.8,4.961,5228.1,999.0,0,1.0,1.0,1.0,2,8,0.0,6,6,1,1
26167,26.0,2,999,0,1.4,93.918,-42.7,4.962,5228.1,999.0,0,0.0,0.0,0.0,1,7,0.0,3,7,1,1
26168,32.0,3,999,0,-1.8,92.893,-46.2,1.25,5099.1,999.0,0,0.0,0.0,0.0,1,6,0.0,5,5,1,1
26169,44.0,12,999,0,1.4,93.918,-42.7,4.962,5228.1,999.0,0,0.0,0.0,0.0,2,8,0.0,4,7,2,1
26170,57.0,2,999,0,-0.1,93.2,-42.0,4.021,5195.8,999.0,0,0.0,1.0,0.0,2,4,0.0,4,11,1,1
26171,31.0,1,999,0,1.4,93.918,-42.7,4.963,5228.1,999.0,0,1.0,0.0,0.0,2,4,0.0,4,7,1,1
26172,31.0,2,999,0,1.1,93.994,-36.4,4.856,5191.0,999.0,0,0.0,0.0,1.0,2,8,0.0,6,5,1,1
26173,32.0,2,999,0,1.4,93.444,-36.1,4.964,5228.1,999.0,0,1.0,0.0,0.0,1,7,0.0,5,8,1,1
26174,31.0,1,999,0,-1.7,94.215,-40.3,0.822,4991.6,999.0,0,0.0,1.0,0.0,2,7,0.0,7,7,1,1
26175,34.0,2,999,0,1.1,93.994,-36.4,4.857,5191.0,999.0,0,0.0,1.0,1.0,2,7,0.0,6,5,2,1
26176,50.0,1,999,0,1.4,93.444,-36.1,4.965,5228.1,999.0,0,1.0,1.0,0.0,2,7,0.0,6,8,1,1
26177,42.0,1,999,0,1.4,94.465,-41.8,4.962,5228.1,999.0,0,1.0,0.0,1.0,3,8,0.0,6,6,1,1
26178,31.0,1,999,0,1.4,93.444,-36.1,4.965,5228.1,999.0,0,1.0,0.0,0.0,2,8,0.0,6,8,1,1
26179,26.0,2,999,0,1.1,93.994,-36.4,4.864,5191.0,999.0,0,1.0,0.0,1.0,1,5,0.0,9,5,1,1
26180,33.0,2,999,0,-1.8,93.075,-47.1,1.41,5099.1,999.0,0,1.0,0.0,0.0,1,8,0.0,9,4,1,1
26181,54.0,2,999,0,1.4,93.444,-36.1,4.964,5228.1,999.0,0,1.0,1.0,0.0,2,6,0.0,5,8,1,1
26182,31.0,1,999,0,1.4,94.465,-41.8,4.96,5228.1,999.0,0,0.0,1.0,1.0,2,8,0.0,4,6,2,1
26183,38.0,1,999,0,-0.1,93.2,-42.0,4.12,5195.8,999.0,0,1.0,1.0,0.0,3,4,0.0,7,11,1,1
26184,29.0,1,999,0,1.1,93.994,-36.4,4.859,5191.0,999.0,0,0.0,0.0,1.0,2,4,0.0,9,5,1,1
26185,32.0,3,999,0,-1.8,92.893,-46.2,1.25,5099.1,999.0,0,0.0,0.0,0.0,1,8,0.0,3,5,1,1
26186,33.0,1,999,0,1.4,93.918,-42.7,4.963,5228.1,999.0,0,1.0,0.0,0.0,2,6,0.0,5,7,1,1
26187,65.0,1,6,3,-1.7,94.027,-38.3,0.904,4991.6,0.2,6,1.0,0.0,0.0,2,6,0.0,8,8,1,3
26188,27.0,8,999,0,1.4,93.918,-42.7,4.957,5228.1,999.0,0,1.0,1.0,1.0,1,6,0.0,9,7,1,1
26189,39.0,2,999,0,1.4,93.918,-42.7,4.958,5228.1,999.0,0,0.0,1.0,0.0,2,8,0.0,6,7,1,1
26190,47.0,1,999,0,1.4,93.444,-36.1,4.965,5228.1,999.0,0,0.0,0.0,0.0,2,7,0.0,6,8,2,1
26191,40.0,3,999,0,-0.1,93.2,-42.0,4.021,5195.8,999.0,0,0.0,0.0,0.0,2,7,0.0,3,11,1,1
26192,28.0,2,999,0,1.4,93.918,-42.7,4.961,5228.1,999.0,0,0.0,0.0,0.0,1,5,0.0,5,7,1,1
26193,31.0,12,999,0,1.4,94.465,-41.8,4.959,5228.1,999.0,0,0.0,0.0,1.0,1,7,0.0,7,6,1,1
26194,31.0,1,999,0,1.1,93.994,-36.4,4.857,5191.0,999.0,0,1.0,0.0,1.0,3,8,0.0,4,5,2,1
26195,31.0,4,999,0,1.1,93.994,-36.4,4.859,5191.0,999.0,0,1.0,0.0,1.0,2,6,0.0,10,5,1,1
26196,31.0,2,999,0,-0.1,93.2,-42.0,4.153,5195.8,999.0,0,1.0,0.0,0.0,2,5,0.0,6,11,1,1
26197,41.0,20,999,0,1.4,93.918,-42.7,4.962,5228.1,999.0,0,1.0,1.0,0.0,1,8,0.0,7,7,1,1
26198,31.0,1,999,1,-1.8,92.893,-46.2,1.27,5099.1,999.0,4,0.0,0.0,0.0,2,2,0.0,4,5,1,2
26199,34.0,3,8,3,-1.8,93.876,-40.0,0.695,5008.7,0.266666666667,9,1.0,0.0,0.0,2,8,0.0,6,5,1,2
26200,31.0,1,999,0,1.4,94.465,-41.8,4.959,5228.1,999.0,0,1.0,0.0,1.0,1,8,0.0,6,6,1,1
26201,38.0,4,999,0,-1.8,92.893,-46.2,1.266,5099.1,999.0,0,1.0,0.0,0.0,1,6,0.0,5,5,1,1
26202,26.0,1,999,0,1.4,93.918,-42.7,4.957,5228.1,999.0,0,1.0,0.0,0.0,1,7,0.0,6,7,1,1
26203,31.0,1,2,1,-3.4,92.431,-26.9,0.742,5017.5,0.0666666666667,1,1.0,0.0,0.0,2,8,0.0,5,10,1,3
26204,31.0,6,999,0,1.4,93.444,-36.1,4.963,5228.1,999.0,0,1.0,0.0,0.0,1,8,0.0,6,8,1,1
26205,47.0,1,999,0,-1.8,93.369,-34.8,0.635,5008.7,999.0,0,1.0,0.0,1.0,2,6,0.0,1,3,1,1
26206,35.0,3,999,0,1.1,93.994,-36.4,4.858,5191.0,999.0,0,0.0,1.0,1.0,2,7,0.0,3,5,1,1
26207,35.0,2,999,0,-1.8,92.893,-46.2,1.313,5099.1,999.0,0,0.0,0.0,0.0,2,8,0.0,7,5,1,1
26208,64.0,1,999,0,-1.7,94.027,-38.3,0.899,4991.6,999.0,0,0.0,0.0,0.0,2,6,0.0,8,8,1,1
26209,31.0,7,999,0,1.1,93.994,-36.4,4.857,5191.0,999.0,0,0.0,0.0,1.0,2,2,0.0,4,5,1,1
26210,54.0,5,999,0,1.4,93.444,-36.1,4.966,5228.1,999.0,0,1.0,0.0,0.0,2,4,0.0,4,8,1,1
26211,46.0,3,999,0,1.4,93.444,-36.1,4.966,5228.1,999.0,0,1.0,0.0,0.0,2,8,0.0,6,8,1,1
26212,44.0,1,999,0,1.4,93.918,-42.7,4.962,5228.1,999.0,0,1.0,1.0,0.0,2,8,0.0,9,7,1,1
26213,31.0,1,999,0,1.4,93.444,-36.1,4.964,5228.1,999.0,0,1.0,0.0,0.0,1,6,0.0,5,8,1,1
26214,31.0,2,999,0,1.4,93.444,-36.1,4.965,5228.1,999.0,0,0.0,0.0,0.0,1,5,0.0,6,8,1,1
26215,48.0,2,999,0,1.1,93.994,-36.4,4.857,5191.0,999.0,0,1.0,0.0,1.0,1,5,0.0,6,5,1,1
26216,41.0,1,999,0,-0.1,93.2,-42.0,4.076,5195.8,999.0,0,0.0,0.0,0.0,2,2,0.0,4,11,1,1
26217,54.0,5,999,0,1.4,94.465,-41.8,4.864,5228.1,999.0,0,1.0,0.0,1.0,2,5,0.0,9,6,1,1
26218,31.0,2,3,2,-1.1,94.601,-49.5,0.993,4963.6,0.1,2,1.0,0.0,0.0,2,8,0.0,8,10,1,3
26219,33.0,7,999,0,1.4,93.918,-42.7,4.958,5228.1,999.0,0,0.0,0.0,0.0,2,7,0.0,3,7,1,1
26220,46.0,4,999,0,1.1,93.994,-36.4,4.857,5191.0,999.0,0,0.0,1.0,1.0,1,7,0.0,6,5,1,1
26221,52.0,4,999,0,1.4,93.444,-36.1,4.965,5228.1,999.0,0,1.0,1.0,0.0,2,8,0.0,2,8,1,1
26222,58.0,2,999,0,-0.1,93.2,-42.0,4.153,5195.8,999.0,0,0.0,0.0,0.0,2,2,0.0,2,11,1,1
26223,47.0,3,999,0,1.1,93.994,-36.4,4.857,5191.0,999.0,0,1.0,1.0,1.0,2,8,0.0,3,5,1,1
26224,33.0,1,999,0,-1.8,92.893,-46.2,1.244,5099.1,999.0,0,0.0,0.0,0.0,2,2,0.0,10,5,2,1
26225,27.0,4,999,1,-1.8,92.893,-46.2,1.25,5099.1,999.0,1,1.0,0.0,0.0,2,7,0.0,6,5,1,2
26226,31.0,1,999,0,1.1,93.994,-36.4,4.857,5191.0,999.0,0,0.0,0.0,1.0,1,7,0.0,6,5,2,1
26227,51.0,7,999,0,1.1,93.994,-36.4,4.855,5191.0,999.0,0,0.0,0.0,1.0,2,8,0.0,9,5,1,1
26228,46.0,1,999,0,-0.1,93.798,-40.4,4.912,5195.8,999.0,0,0.0,0.0,1.0,3,7,0.0,6,10,2,1
26229,46.0,2,999,0,1.1,93.994,-36.4,4.856,5191.0,999.0,0,1.0,1.0,1.0,2,4,0.0,3,5,1,1
26230,44.0,1,999,0,-0.1,93.2,-42.0,4.191,5195.8,999.0,0,1.0,0.0,1.0,2,8,0.0,6,11,2,1
26231,51.0,5,999,0,1.4,94.465,-41.8,4.959,5228.1,999.0,0,0.0,0.0,1.0,3,5,0.0,6,6,1,1
26232,55.0,4,999,0,1.4,94.465,-41.8,4.959,5228.1,999.0,0,1.0,1.0,1.0,2,2,0.0,4,6,1,1
26233,54.0,5,999,0,1.4,93.444,-36.1,4.965,5228.1,999.0,0,0.0,0.0,0.0,2,5,0.0,6,8,1,1
26234,31.0,1,999,0,-3.4,92.649,-30.1,0.716,5017.5,999.0,0,1.0,0.0,1.0,2,8,0.0,6,11,1,1
26235,31.0,1,999,0,-0.1,93.2,-42.0,4.12,5195.8,999.0,0,0.0,0.0,0.0,3,8,0.0,4,11,1,1
26236,48.0,7,999,0,1.4,93.444,-36.1,4.962,5228.1,999.0,0,0.0,0.0,0.0,2,7,0.0,5,8,1,1
26237,36.0,1,999,0,1.1,93.994,-36.4,4.859,5191.0,999.0,0,0.0,0.0,1.0,2,3,0.0,4,5,1,1
26238,44.0,2,999,0,-2.9,92.963,-40.8,1.252,5076.2,999.0,0,1.0,0.0,1.0,1,2,0.0,10,6,1,1
26239,47.0,1,999,0,1.1,93.994,-36.4,4.857,5191.0,999.0,0,0.0,0.0,1.0,2,2,0.0,4,5,1,1
26240,31.0,1,999,0,-0.1,93.2,-42.0,4.153,5195.8,999.0,0,1.0,0.0,0.0,1,8,0.0,6,11,1,1
26241,50.0,1,999,0,1.4,93.918,-42.7,4.962,5228.1,999.0,0,0.0,0.0,0.0,2,7,0.0,3,7,1,1
26242,31.0,2,999,0,1.1,93.994,-36.4,4.858,5191.0,999.0,0,1.0,1.0,1.0,2,8,0.0,4,5,2,1
26243,34.0,6,999,1,-1.8,92.893,-46.2,1.266,5099.1,999.0,3,1.0,0.0,0.0,3,8,0.0,4,5,1,2
26244,32.0,8,999,0,1.4,93.444,-36.1,4.962,5228.1,999.0,0,1.0,0.0,0.0,2,7,0.0,10,8,1,1
26245,37.0,3,999,0,-2.9,92.963,-40.8,1.266,5076.2,999.0,0,1.0,0.0,0.0,1,5,0.0,9,6,2,1
26246,30.0,2,999,0,1.4,93.444,-36.1,4.963,5228.1,999.0,0,0.0,0.0,0.0,2,7,0.0,6,8,2,1
26247,31.0,2,999,0,-1.8,93.075,-47.1,1.405,5099.1,999.0,0,0.0,0.0,0.0,2,8,0.0,4,4,1,1
26248,31.0,3,999,0,-1.7,94.055,-39.8,0.72,4991.6,999.0,0,1.0,0.0,0.0,2,7,0.0,6,6,1,1
26249,39.0,6,999,0,1.4,94.465,-41.8,4.961,5228.1,999.0,0,1.0,0.0,1.0,1,7,0.0,3,6,1,1
26250,39.0,1,999,0,1.4,93.918,-42.7,4.96,5228.1,999.0,0,0.0,0.0,0.0,2,2,0.0,4,7,2,1
26251,33.0,1,999,0,1.4,94.465,-41.8,4.864,5228.1,999.0,0,1.0,0.0,1.0,2,7,0.0,5,6,1,1
26252,43.0,4,999,1,-0.1,93.2,-42.0,4.076,5195.8,999.0,4,1.0,0.0,0.0,2,7,0.0,3,11,1,2
26253,29.0,1,999,0,-0.1,93.2,-42.0,4.12,5195.8,999.0,0,1.0,0.0,0.0,3,4,0.0,6,11,1,1
26254,35.0,1,999,0,-1.8,92.893,-46.2,1.327,5099.1,999.0,0,0.0,0.0,1.0,2,8,0.0,4,5,1,1
26255,53.0,1,999,0,1.1,93.994,-36.4,4.86,5191.0,999.0,0,0.0,0.0,1.0,3,8,0.0,7,5,1,1
26256,45.0,2,999,0,1.1,93.994,-36.4,4.856,5191.0,999.0,0,1.0,0.0,1.0,2,5,0.0,9,5,1,1
26257,38.0,3,999,0,1.1,93.994,-36.4,4.857,5191.0,999.0,0,0.0,0.0,1.0,2,8,0.0,9,5,1,1
26258,25.0,3,999,0,1.1,93.994,-36.4,4.858,5191.0,999.0,0,0.0,0.0,1.0,1,8,0.0,4,5,1,1
26259,45.0,2,999,0,1.1,93.994,-36.4,4.855,5191.0,999.0,0,0.0,0.0,1.0,2,5,0.0,10,5,1,1
26260,38.0,1,999,0,-0.1,93.2,-42.0,4.021,5195.8,999.0,0,1.0,1.0,0.0,1,8,0.0,4,11,1,1
26261,31.0,2,999,0,1.4,93.444,-36.1,4.964,5228.1,999.0,0,1.0,0.0,0.0,2,8,0.0,3,8,1,1
26262,49.0,3,999,0,1.4,93.918,-42.7,4.96,5228.1,999.0,0,0.0,0.0,0.0,3,4,0.0,10,7,2,1
26263,50.0,1,999,1,-1.8,92.893,-46.2,1.327,5099.1,999.0,2,1.0,0.0,0.0,2,6,0.0,4,5,1,2
26264,42.0,1,999,0,1.4,94.465,-41.8,4.962,5228.1,999.0,0,0.0,0.0,1.0,3,7,0.0,6,6,1,1
26265,42.0,2,999,0,1.1,93.994,-36.4,4.858,5191.0,999.0,0,0.0,0.0,1.0,3,4,0.0,4,5,1,1
26266,31.0,1,999,0,1.1,93.994,-36.4,4.859,5191.0,999.0,0,1.0,1.0,1.0,1,4,0.0,4,5,1,1
26267,59.0,2,999,0,1.1,93.994,-36.4,4.855,5191.0,999.0,0,0.0,0.0,1.0,2,7,0.0,6,5,1,1
26268,31.0,5,999,0,-1.8,93.075,-47.1,1.405,5099.1,999.0,0,1.0,0.0,0.0,1,6,0.0,5,4,1,1
26269,52.0,1,999,0,-0.1,93.2,-42.0,4.191,5195.8,999.0,0,0.0,0.0,0.0,3,7,0.0,3,11,2,1
26270,46.0,3,999,1,-1.8,93.075,-47.1,1.405,5099.1,999.0,4,0.0,0.0,0.0,1,7,0.0,7,4,2,2
26271,23.0,1,999,0,-1.8,93.369,-34.8,0.644,5008.7,999.0,0,0.0,0.0,0.0,1,5,0.0,11,3,1,1
26272,31.0,2,999,1,-0.1,93.2,-42.0,4.076,5195.8,999.0,3,1.0,0.0,0.0,2,8,0.0,6,11,1,2
26273,38.0,2,999,0,1.1,93.994,-36.4,4.857,5191.0,999.0,0,1.0,1.0,1.0,2,8,0.0,10,5,1,1
26274,28.0,2,999,0,1.1,93.994,-36.4,4.855,5191.0,999.0,0,1.0,0.0,1.0,1,4,0.0,9,5,1,1
26275,51.0,1,999,1,-1.8,92.893,-46.2,1.25,5099.1,999.0,0,1.0,0.0,0.0,2,6,0.0,5,5,1,2
26276,43.0,4,999,0,1.1,93.994,-36.4,4.859,5191.0,999.0,0,1.0,1.0,1.0,2,7,0.0,3,5,1,1
26277,88.0,4,999,0,-1.8,92.893,-46.2,1.27,5099.1,999.0,0,1.0,0.0,0.0,3,2,0.0,8,5,1,1
26278,45.0,2,999,0,1.1,93.994,-36.4,4.857,5191.0,999.0,0,1.0,0.0,1.0,2,4,0.0,6,5,1,1
26279,35.0,1,999,0,1.1,93.994,-36.4,4.857,5191.0,999.0,0,0.0,0.0,1.0,1,8,0.0,6,5,1,1
26280,31.0,1,999,0,1.4,93.918,-42.7,4.962,5228.1,999.0,0,1.0,0.0,0.0,1,8,0.0,6,7,1,1
26281,31.0,3,999,0,1.4,93.918,-42.7,4.966,5228.1,999.0,0,0.0,1.0,1.0,1,7,0.0,3,7,1,1
26282,49.0,1,999,0,1.1,93.994,-36.4,4.857,5191.0,999.0,0,1.0,0.0,1.0,3,5,0.0,6,5,1,1
26283,40.0,1,999,0,-0.1,93.2,-42.0,4.021,5195.8,999.0,0,0.0,0.0,0.0,2,7,0.0,3,11,1,1
26284,38.0,5,999,0,1.4,93.918,-42.7,4.963,5228.1,999.0,0,1.0,0.0,0.0,2,5,0.0,2,7,1,1
26285,31.0,3,999,0,-0.1,93.2,-42.0,4.12,5195.8,999.0,0,0.0,0.0,0.0,2,8,0.0,3,11,1,1
26286,50.0,6,999,0,1.4,93.444,-36.1,4.97,5228.1,999.0,0,0.0,0.0,0.0,2,8,0.0,6,8,2,1
26287,27.0,1,999,0,1.4,94.465,-41.8,4.864,5228.1,999.0,0,1.0,0.0,1.0,1,5,0.0,9,6,1,1
26288,32.0,1,999,0,-1.8,93.075,-47.1,1.405,5099.1,999.0,0,1.0,0.0,0.0,1,6,0.0,5,4,1,1
26289,24.0,3,999,0,1.4,93.918,-42.7,4.961,5228.1,999.0,0,0.0,0.0,0.0,1,8,0.0,4,7,1,1
26290,31.0,2,999,0,1.1,93.994,-36.4,4.855,5191.0,999.0,0,1.0,0.0,1.0,2,7,0.0,6,5,1,1
26291,30.0,3,999,0,-1.8,93.075,-47.1,1.483,5099.1,999.0,0,1.0,0.0,0.0,2,7,0.0,6,4,1,1
26292,41.0,5,999,0,1.4,93.918,-42.7,4.968,5228.1,999.0,0,1.0,0.0,0.0,1,7,0.0,6,7,1,1
26293,30.0,4,999,0,1.4,94.465,-41.8,4.961,5228.1,999.0,0,1.0,0.0,1.0,2,4,0.0,4,6,2,1
26294,40.0,1,999,0,-1.8,93.075,-47.1,1.453,5099.1,999.0,0,1.0,1.0,0.0,1,2,0.0,8,4,1,1
26295,40.0,2,999,0,1.4,93.444,-36.1,4.968,5228.1,999.0,0,0.0,0.0,0.0,2,7,0.0,6,8,1,1
26296,31.0,1,999,0,-2.9,92.201,-31.4,0.825,5076.2,999.0,0,0.0,0.0,0.0,2,8,0.0,6,8,1,1
26297,42.0,1,999,0,1.4,94.465,-41.8,4.961,5228.1,999.0,0,1.0,0.0,1.0,2,8,0.0,10,6,1,1
26298,31.0,1,999,0,1.4,94.465,-41.8,4.967,5228.1,999.0,0,0.0,1.0,1.0,2,5,0.0,6,6,1,1
26299,27.0,1,999,0,-1.8,93.075,-47.1,1.365,5099.1,999.0,0,1.0,0.0,0.0,1,8,0.0,11,4,1,1
26300,31.0,3,999,1,-1.8,92.893,-46.2,1.299,5099.1,999.0,2,0.0,0.0,1.0,2,2,0.0,7,5,2,2
26301,43.0,3,999,0,1.4,93.444,-36.1,4.968,5228.1,999.0,0,0.0,1.0,0.0,1,7,0.0,6,8,1,1
26302,36.0,4,999,0,1.4,93.444,-36.1,4.963,5228.1,999.0,0,0.0,0.0,0.0,2,8,0.0,6,8,2,1
26303,31.0,1,999,0,1.4,94.465,-41.8,4.96,5228.1,999.0,0,0.0,0.0,1.0,2,8,0.0,4,6,2,1
26304,29.0,2,999,1,-2.9,92.963,-40.8,1.26,5076.2,999.0,1,0.0,0.0,1.0,1,5,0.0,9,6,1,2
26305,45.0,1,999,1,-1.8,93.075,-47.1,1.41,5099.1,999.0,3,1.0,0.0,0.0,2,8,0.0,4,4,1,2
26306,31.0,1,999,0,1.1,93.994,-36.4,4.857,5191.0,999.0,0,1.0,0.0,1.0,2,2,0.0,4,5,1,1
26307,31.0,2,999,1,-1.8,93.075,-47.1,1.498,5099.1,999.0,0,1.0,1.0,0.0,3,7,0.0,7,4,1,2
26308,31.0,4,999,0,-1.8,93.369,-34.8,0.635,5008.7,999.0,0,1.0,1.0,0.0,2,7,0.0,3,3,1,1
26309,82.0,2,999,0,-1.8,93.369,-34.8,0.646,5008.7,999.0,0,1.0,0.0,1.0,2,6,0.0,8,3,2,1
26310,53.0,1,999,0,-0.1,93.2,-42.0,4.021,5195.8,999.0,0,1.0,1.0,0.0,2,8,0.0,3,11,1,1
26311,29.0,2,999,0,1.4,93.444,-36.1,4.964,5228.1,999.0,0,1.0,0.0,0.0,2,7,0.0,6,8,1,1
26312,40.0,7,999,0,1.1,93.994,-36.4,4.859,5191.0,999.0,0,0.0,0.0,1.0,2,8,0.0,4,5,1,1
26313,43.0,2,999,0,1.4,93.918,-42.7,4.962,5228.1,999.0,0,0.0,0.0,0.0,2,5,0.0,6,7,2,1
26314,28.0,1,999,0,-1.8,92.843,-50.0,1.799,5099.1,999.0,0,1.0,0.0,0.0,1,4,0.0,11,3,1,1
26315,30.0,1,999,0,1.4,94.465,-41.8,4.958,5228.1,999.0,0,0.0,0.0,1.0,1,7,0.0,6,6,1,1
26316,31.0,1,999,0,-2.9,92.201,-31.4,0.859,5076.2,999.0,0,1.0,0.0,0.0,3,2,0.0,4,8,1,1
26317,50.0,5,999,0,-3.4,92.649,-30.1,0.722,5017.5,999.0,0,0.0,0.0,1.0,2,5,0.0,6,11,2,1
26318,31.0,2,999,0,1.1,93.994,-36.4,4.859,5191.0,999.0,0,1.0,0.0,1.0,2,7,0.0,7,5,1,1
26319,33.0,1,999,0,-0.1,93.2,-42.0,4.245,5195.8,999.0,0,0.0,0.0,1.0,1,8,0.0,1,11,1,1
26320,44.0,1,999,0,1.4,94.465,-41.8,4.958,5228.1,999.0,0,1.0,0.0,1.0,2,7,0.0,6,6,1,1
26321,31.0,2,999,1,-0.1,93.2,-42.0,4.021,5195.8,999.0,4,1.0,0.0,0.0,2,6,0.0,5,11,1,2
26322,29.0,1,999,0,1.4,93.918,-42.7,4.968,5228.1,999.0,0,0.0,0.0,1.0,2,7,0.0,5,7,1,1
26323,44.0,3,999,0,1.4,93.444,-36.1,4.963,5228.1,999.0,0,1.0,0.0,0.0,2,2,0.0,4,8,1,1
26324,31.0,2,999,1,-1.8,92.893,-46.2,1.344,5099.1,999.0,4,1.0,0.0,0.0,2,5,0.0,6,5,1,2
26325,30.0,4,999,0,-1.8,93.075,-47.1,1.405,5099.1,999.0,0,1.0,0.0,0.0,1,8,0.0,4,4,2,1
26326,53.0,2,999,0,1.4,94.465,-41.8,4.961,5228.1,999.0,0,0.0,0.0,1.0,2,6,0.0,5,6,1,1
26327,23.0,2,999,0,1.1,93.994,-36.4,4.864,5191.0,999.0,0,1.0,0.0,1.0,2,8,0.0,6,5,1,1
26328,32.0,2,999,0,1.1,93.994,-36.4,4.858,5191.0,999.0,0,0.0,0.0,1.0,3,4,0.0,4,5,1,1
26329,48.0,17,999,0,1.4,93.918,-42.7,4.962,5228.1,999.0,0,1.0,1.0,1.0,2,2,0.0,8,7,2,1
26330,29.0,1,999,0,-1.8,92.893,-46.2,1.266,5099.1,999.0,0,1.0,0.0,0.0,1,5,0.0,9,5,1,1
26331,34.0,1,999,0,1.4,93.918,-42.7,4.962,5228.1,999.0,0,0.0,1.0,0.0,1,8,0.0,4,7,1,1
26332,48.0,1,999,0,-0.1,93.798,-40.4,5.0,5195.8,999.0,0,0.0,0.0,1.0,2,5,0.0,6,10,2,1
26333,33.0,3,999,0,1.4,93.444,-36.1,4.962,5228.1,999.0,0,0.0,0.0,0.0,2,6,0.0,5,8,1,1
26334,32.0,1,999,0,1.4,93.918,-42.7,4.968,5228.1,999.0,0,1.0,0.0,0.0,2,7,0.0,6,7,1,1
26335,31.0,1,999,0,1.4,94.465,-41.8,4.959,5228.1,999.0,0,1.0,0.0,1.0,1,8,0.0,5,6,1,1
26336,32.0,4,999,2,-2.9,92.963,-40.8,1.262,5076.2,999.0,4,1.0,1.0,0.0,2,7,0.0,6,6,1,2
26337,31.0,1,999,0,1.1,93.994,-36.4,4.859,5191.0,999.0,0,1.0,1.0,1.0,2,7,0.0,3,5,1,1
26338,31.0,1,999,0,-1.8,93.075,-47.1,1.405,5099.1,999.0,0,1.0,0.0,0.0,1,8,0.0,6,4,1,1
26339,45.0,5,999,0,1.1,93.994,-36.4,4.856,5191.0,999.0,0,1.0,0.0,1.0,2,5,0.0,6,5,1,1
26340,24.0,2,999,0,1.4,93.918,-42.7,4.958,5228.1,999.0,0,0.0,0.0,0.0,1,5,0.0,6,7,1,1
26341,33.0,1,999,1,-1.8,92.893,-46.2,1.313,5099.1,999.0,2,1.0,0.0,0.0,1,4,0.0,4,5,1,2
26342,31.0,1,999,0,-1.8,93.075,-47.1,1.466,5099.1,999.0,0,0.0,1.0,0.0,3,7,0.0,3,4,2,1
26343,31.0,2,999,0,1.1,93.994,-36.4,4.86,5191.0,999.0,0,1.0,0.0,1.0,2,5,0.0,9,5,1,1
26344,52.0,2,999,0,-2.9,92.963,-40.8,1.26,5076.2,999.0,0,1.0,1.0,0.0,2,7,0.0,6,6,1,1
26345,48.0,2,999,0,1.4,94.465,-41.8,4.959,5228.1,999.0,0,0.0,0.0,1.0,2,8,0.0,6,6,1,1
26346,31.0,1,999,0,1.4,93.918,-42.7,4.963,5228.1,999.0,0,1.0,0.0,0.0,1,7,0.0,5,7,1,1
26347,31.0,1,999,0,-1.8,92.893,-46.2,1.313,5099.1,999.0,0,1.0,0.0,0.0,1,8,0.0,3,5,1,1
26348,26.0,4,999,0,1.4,93.918,-42.7,4.96,5228.1,999.0,0,1.0,1.0,0.0,1,7,0.0,6,7,2,1
26349,33.0,2,999,0,-1.8,92.893,-46.2,1.291,5099.1,999.0,0,0.0,0.0,0.0,2,4,0.0,9,5,1,1
26350,40.0,2,999,0,1.4,93.918,-42.7,4.963,5228.1,999.0,0,0.0,0.0,0.0,2,2,0.0,2,7,1,1
26351,38.0,1,999,0,1.1,93.994,-36.4,4.86,5191.0,999.0,0,1.0,0.0,1.0,2,8,0.0,4,5,1,1
26352,44.0,1,999,0,-0.1,93.2,-42.0,4.076,5195.8,999.0,0,0.0,0.0,1.0,2,7,0.0,1,11,1,1
26353,34.0,4,999,1,-1.8,92.893,-46.2,1.27,5099.1,999.0,0,0.0,0.0,0.0,2,8,0.0,6,5,1,2
26354,39.0,1,999,0,1.4,93.918,-42.7,4.961,5228.1,999.0,0,0.0,0.0,0.0,2,6,0.0,5,7,1,1
26355,69.0,3,999,0,-2.9,92.201,-31.4,0.883,5076.2,999.0,0,1.0,0.0,0.0,2,8,0.0,4,8,1,1
26356,31.0,2,999,0,1.4,93.444,-36.1,4.966,5228.1,999.0,0,1.0,0.0,0.0,2,8,0.0,6,8,1,1
26357,27.0,2,999,0,1.1,93.994,-36.4,4.86,5191.0,999.0,0,0.0,0.0,1.0,2,2,0.0,4,5,1,1
26358,36.0,3,999,0,1.1,93.994,-36.4,4.857,5191.0,999.0,0,0.0,0.0,1.0,2,5,0.0,4,5,2,1
26359,44.0,2,999,0,1.1,93.994,-36.4,4.855,5191.0,999.0,0,1.0,0.0,1.0,2,5,0.0,6,5,1,1
26360,33.0,2,999,0,1.1,93.994,-36.4,4.855,5191.0,999.0,0,1.0,0.0,1.0,1,7,0.0,6,5,1,1
26361,36.0,3,999,0,1.4,93.918,-42.7,4.958,5228.1,999.0,0,1.0,0.0,1.0,2,8,0.0,4,7,1,1
26362,35.0,1,999,0,-1.8,92.893,-46.2,1.313,5099.1,999.0,0,0.0,0.0,0.0,2,8,0.0,4,5,1,1
26363,31.0,2,999,0,1.1,93.994,-36.4,4.857,5191.0,999.0,0,1.0,0.0,1.0,2,8,0.0,9,5,1,1
26364,42.0,8,999,0,1.4,93.918,-42.7,4.96,5228.1,999.0,0,0.0,0.0,1.0,3,4,0.0,4,7,1,1
26365,33.0,3,999,0,-1.8,92.893,-46.2,1.299,5099.1,999.0,0,1.0,1.0,0.0,2,4,0.0,9,5,2,1
26366,60.0,7,999,0,1.4,94.465,-41.8,4.864,5228.1,999.0,0,0.0,0.0,1.0,2,8,0.0,6,6,1,1
26367,43.0,2,999,0,1.4,93.918,-42.7,4.96,5228.1,999.0,0,0.0,0.0,0.0,2,5,0.0,6,7,2,1
26368,42.0,3,999,1,-0.1,93.2,-42.0,4.076,5195.8,999.0,1,1.0,1.0,0.0,2,5,0.0,3,11,1,2
26369,31.0,1,6,1,-1.8,93.876,-40.0,0.682,5008.7,0.2,1,0.0,0.0,1.0,2,6,0.0,10,5,1,3
26370,54.0,1,999,1,-1.8,92.893,-46.2,1.344,5099.1,999.0,4,1.0,0.0,0.0,3,7,0.0,9,5,1,2
26371,54.0,1,999,0,-0.1,93.2,-42.0,4.191,5195.8,999.0,0,1.0,0.0,0.0,2,7,0.0,3,11,2,1
26372,38.0,1,999,0,1.4,93.918,-42.7,4.961,5228.1,999.0,0,0.0,0.0,0.0,2,2,0.0,10,7,1,1
26373,31.0,15,999,0,1.4,94.465,-41.8,4.959,5228.1,999.0,0,0.0,0.0,1.0,1,7,0.0,6,6,1,1
26374,35.0,1,999,0,-1.8,92.893,-46.2,1.327,5099.1,999.0,0,1.0,0.0,0.0,2,4,0.0,4,5,1,1
26375,32.0,1,999,0,1.4,94.465,-41.8,4.864,5228.1,999.0,0,1.0,0.0,1.0,2,8,0.0,4,6,1,1
26376,35.0,2,999,1,-0.1,93.2,-42.0,4.153,5195.8,999.0,3,0.0,0.0,0.0,2,8,0.0,5,11,1,2
26377,50.0,1,999,0,1.1,93.994,-36.4,4.86,5191.0,999.0,0,1.0,1.0,1.0,3,2,0.0,9,5,1,1
26378,31.0,2,999,1,-1.8,92.893,-46.2,1.327,5099.1,999.0,3,1.0,0.0,0.0,2,8,0.0,3,5,1,2
26379,31.0,3,999,0,1.4,93.444,-36.1,4.965,5228.1,999.0,0,1.0,0.0,0.0,1,7,0.0,6,8,2,1
26380,39.0,1,999,0,-3.4,92.379,-29.8,0.755,5017.5,999.0,0,0.0,0.0,0.0,2,5,0.0,9,9,1,1
26381,55.0,1,999,0,-2.9,92.201,-31.4,0.854,5076.2,999.0,0,1.0,0.0,0.0,2,8,0.0,12,8,1,1
26382,31.0,1,999,0,-0.1,93.2,-42.0,4.191,5195.8,999.0,0,1.0,0.0,0.0,2,3,0.0,9,11,2,1
26383,46.0,2,999,1,-1.8,92.893,-46.2,1.344,5099.1,999.0,1,0.0,0.0,0.0,3,8,0.0,3,5,1,2
26384,39.0,4,999,0,1.1,93.994,-36.4,4.857,5191.0,999.0,0,0.0,1.0,1.0,2,2,0.0,2,5,1,1
26385,31.0,15,999,0,1.4,93.918,-42.7,4.968,5228.1,999.0,0,0.0,0.0,0.0,2,7,0.0,6,7,1,1
26386,30.0,1,999,0,1.4,93.444,-36.1,4.965,5228.1,999.0,0,0.0,1.0,0.0,1,7,0.0,6,8,2,1
26387,31.0,1,999,0,-3.4,92.431,-26.9,0.722,5017.5,999.0,0,0.0,0.0,0.0,4,8,0.0,7,10,1,1
26388,31.0,2,999,0,1.4,93.918,-42.7,4.962,5228.1,999.0,0,0.0,0.0,0.0,2,8,0.0,5,7,2,1
26389,31.0,2,999,0,1.4,93.918,-42.7,4.962,5228.1,999.0,0,0.0,0.0,0.0,1,8,0.0,6,7,1,1
26390,50.0,9,999,0,1.4,93.918,-42.7,4.962,5228.1,999.0,0,1.0,1.0,0.0,2,4,0.0,3,7,1,1
26391,40.0,6,999,0,1.4,94.465,-41.8,4.967,5228.1,999.0,0,1.0,1.0,1.0,2,7,0.0,6,6,1,1
26392,31.0,3,999,0,1.4,93.444,-36.1,4.964,5228.1,999.0,0,1.0,1.0,0.0,1,8,0.0,5,8,1,1
26393,25.0,3,999,0,1.4,93.918,-42.7,4.962,5228.1,999.0,0,1.0,0.0,0.0,1,7,0.0,5,7,1,1
26394,19.0,2,999,0,-1.8,93.075,-47.1,1.405,5099.1,999.0,0,0.0,1.0,0.0,1,2,0.0,11,4,1,1
26395,30.0,4,999,1,-1.8,92.893,-46.2,1.334,5099.1,999.0,5,1.0,0.0,1.0,3,8,0.0,6,5,1,2
26396,41.0,1,999,0,-3.0,92.713,-33.0,0.707,5023.5,999.0,0,0.0,0.0,0.0,2,7,0.0,6,12,1,1
26397,59.0,5,999,0,1.4,93.444,-36.1,4.965,5228.1,999.0,0,0.0,0.0,0.0,2,8,0.0,8,8,2,1
26398,38.0,1,999,0,1.4,94.465,-41.8,4.959,5228.1,999.0,0,1.0,1.0,1.0,2,4,0.0,9,6,1,1
26399,31.0,15,999,0,1.4,94.465,-41.8,4.959,5228.1,999.0,0,1.0,0.0,1.0,2,5,0.0,6,6,1,1
26400,31.0,2,999,0,1.1,93.994,-36.4,4.857,5191.0,999.0,0,0.0,0.0,1.0,2,2,0.0,3,5,1,1
26401,44.0,3,999,0,1.1,93.994,-36.4,4.857,5191.0,999.0,0,0.0,0.0,1.0,1,8,0.0,5,5,1,1
26402,24.0,1,999,0,1.1,93.994,-36.4,4.856,5191.0,999.0,0,0.0,0.0,1.0,1,5,0.0,9,5,1,1
26403,53.0,4,999,0,1.4,93.918,-42.7,4.961,5228.1,999.0,0,1.0,0.0,0.0,2,4,0.0,4,7,1,1
26404,45.0,1,999,0,1.1,93.994,-36.4,4.855,5191.0,999.0,0,1.0,1.0,1.0,2,4,0.0,9,5,1,1
26405,33.0,1,999,0,-1.7,94.215,-40.3,0.782,4991.6,999.0,0,0.0,0.0,1.0,2,7,0.0,4,7,1,1
26406,52.0,1,999,0,1.4,93.918,-42.7,4.962,5228.1,999.0,0,0.0,0.0,0.0,3,8,0.0,6,7,1,1
26407,33.0,1,999,0,-1.8,92.893,-46.2,1.334,5099.1,999.0,0,1.0,0.0,1.0,2,5,0.0,4,5,1,1
26408,31.0,1,9,2,-1.8,93.369,-34.8,0.643,5008.7,0.3,4,1.0,1.0,0.0,1,4,0.0,4,3,1,3
26409,31.0,3,999,1,-1.8,93.075,-47.1,1.405,5099.1,999.0,2,1.0,0.0,0.0,1,3,0.0,4,4,1,2
26410,31.0,2,999,0,1.4,93.918,-42.7,4.963,5228.1,999.0,0,0.0,0.0,1.0,1,7,0.0,6,7,1,1
26411,49.0,16,999,0,1.4,93.918,-42.7,4.968,5228.1,999.0,0,0.0,1.0,0.0,2,8,0.0,3,7,1,1
26412,35.0,14,999,0,1.4,94.465,-41.8,4.961,5228.1,999.0,0,0.0,0.0,1.0,2,5,0.0,4,6,1,1
26413,29.0,2,999,0,1.4,93.918,-42.7,4.962,5228.1,999.0,0,1.0,1.0,0.0,2,8,0.0,9,7,2,1
26414,52.0,1,999,0,1.4,93.918,-42.7,4.962,5228.1,999.0,0,0.0,0.0,0.0,3,7,0.0,6,7,1,1
26415,36.0,2,999,0,1.1,93.994,-36.4,4.857,5191.0,999.0,0,0.0,0.0,1.0,2,5,0.0,6,5,2,1
26416,31.0,5,999,0,-0.1,93.2,-42.0,4.076,5195.8,999.0,0,1.0,0.0,0.0,1,8,0.0,5,11,1,1
26417,31.0,8,999,0,1.4,94.465,-41.8,4.967,5228.1,999.0,0,0.0,1.0,1.0,2,2,0.0,4,6,1,1
26418,44.0,1,6,3,-1.7,94.055,-39.8,0.715,4991.6,0.2,9,1.0,0.0,1.0,2,8,0.0,5,6,1,2
26419,27.0,4,999,0,1.4,93.918,-42.7,4.961,5228.1,999.0,0,0.0,0.0,0.0,1,8,0.0,9,7,1,1
26420,31.0,1,999,0,1.4,94.465,-41.8,4.866,5228.1,999.0,0,0.0,0.0,1.0,2,8,0.0,4,6,1,1
26421,32.0,2,999,0,-1.8,92.843,-50.0,1.52,5099.1,999.0,0,1.0,0.0,0.0,1,8,0.0,6,3,2,1
26422,46.0,2,999,0,-3.0,92.713,-33.0,0.715,5023.5,999.0,0,1.0,1.0,0.0,1,7,0.0,6,12,1,1
26423,31.0,1,999,0,-0.1,93.2,-42.0,4.153,5195.8,999.0,0,0.0,1.0,0.0,3,7,0.0,6,11,1,1
26424,31.0,1,999,0,1.4,93.918,-42.7,4.958,5228.1,999.0,0,0.0,0.0,0.0,1,8,0.0,4,7,1,1
26425,58.0,4,999,0,-3.4,92.431,-26.9,0.722,5017.5,999.0,0,1.0,0.0,0.0,3,8,0.0,8,10,1,1
26426,53.0,3,999,0,1.4,93.444,-36.1,4.964,5228.1,999.0,0,0.0,1.0,0.0,2,8,0.0,6,8,1,1
26427,37.0,1,999,0,1.4,93.918,-42.7,4.957,5228.1,999.0,0,1.0,0.0,0.0,3,4,0.0,9,7,1,1
26428,49.0,3,999,0,-1.8,92.893,-46.2,1.281,5099.1,999.0,0,1.0,1.0,0.0,2,7,0.0,6,5,1,1
26429,56.0,1,999,0,1.4,93.444,-36.1,4.965,5228.1,999.0,0,0.0,0.0,0.0,2,5,0.0,9,8,1,1
26430,31.0,1,6,1,-3.0,92.713,-33.0,0.706,5023.5,0.2,7,1.0,0.0,0.0,2,8,0.0,10,12,2,3
26431,26.0,1,999,1,-1.8,93.369,-34.8,0.643,5008.7,999.0,2,0.0,0.0,0.0,2,8,0.0,6,3,1,2
26432,31.0,2,999,0,-1.8,92.893,-46.2,1.281,5099.1,999.0,0,1.0,0.0,0.0,2,7,0.0,3,5,1,1
26433,31.0,2,999,0,1.1,93.994,-36.4,4.864,5191.0,999.0,0,0.0,0.0,1.0,2,3,0.0,4,5,1,1
26434,33.0,1,999,0,1.4,93.918,-42.7,4.961,5228.1,999.0,0,1.0,0.0,0.0,1,8,0.0,9,7,1,1
26435,31.0,2,999,1,-1.8,92.893,-46.2,1.344,5099.1,999.0,3,1.0,0.0,0.0,2,4,0.0,5,5,1,2
26436,40.0,1,999,0,-0.1,93.2,-42.0,4.191,5195.8,999.0,0,0.0,0.0,1.0,2,7,0.0,6,11,2,1
26437,31.0,2,999,0,-1.8,93.075,-47.1,1.415,5099.1,999.0,0,1.0,0.0,0.0,1,7,0.0,10,4,1,1
26438,31.0,2,999,0,1.4,93.444,-36.1,4.965,5228.1,999.0,0,1.0,0.0,0.0,3,6,0.0,5,8,1,1
26439,28.0,3,999,0,1.4,93.918,-42.7,4.961,5228.1,999.0,0,1.0,1.0,0.0,2,5,0.0,6,7,1,1
26440,38.0,1,999,0,-0.1,93.2,-42.0,4.153,5195.8,999.0,0,1.0,0.0,1.0,2,6,0.0,5,11,1,1
26441,30.0,2,999,0,-1.8,92.893,-46.2,1.299,5099.1,999.0,0,1.0,0.0,0.0,1,8,0.0,5,5,2,1
26442,33.0,3,999,1,-0.1,93.2,-42.0,4.191,5195.8,999.0,1,1.0,0.0,1.0,2,4,0.0,4,11,2,2
26443,30.0,4,999,0,1.1,93.994,-36.4,4.857,5191.0,999.0,0,0.0,0.0,1.0,2,3,0.0,4,5,1,1
26444,45.0,1,999,0,1.4,93.444,-36.1,4.965,5228.1,999.0,0,1.0,0.0,0.0,2,8,0.0,12,8,1,1
26445,44.0,1,999,0,1.4,93.444,-36.1,4.968,5228.1,999.0,0,1.0,1.0,0.0,2,2,0.0,6,8,1,1
26446,33.0,3,999,0,1.1,93.994,-36.4,4.858,5191.0,999.0,0,1.0,0.0,1.0,2,4,0.0,10,5,1,1
26447,31.0,1,999,0,1.4,93.444,-36.1,4.964,5228.1,999.0,0,0.0,1.0,0.0,1,7,0.0,6,8,1,1
26448,33.0,1,999,0,1.4,94.465,-41.8,4.96,5228.1,999.0,0,0.0,0.0,1.0,2,8,0.0,4,6,2,1
26449,49.0,2,999,0,1.1,93.994,-36.4,4.857,5191.0,999.0,0,0.0,1.0,1.0,3,8,0.0,9,5,1,1
26450,32.0,1,999,0,1.1,93.994,-36.4,4.858,5191.0,999.0,0,0.0,0.0,1.0,2,5,0.0,6,5,2,1
26451,30.0,2,999,0,-3.4,92.649,-30.1,0.716,5017.5,999.0,0,1.0,0.0,0.0,1,7,0.0,6,11,1,1
26452,59.0,1,999,0,-2.9,92.201,-31.4,0.884,5076.2,999.0,0,1.0,0.0,0.0,2,8,0.0,6,8,1,1
26453,31.0,3,999,0,1.4,93.918,-42.7,4.962,5228.1,999.0,0,1.0,0.0,0.0,2,4,0.0,4,7,2,1
26454,35.0,1,999,0,1.4,94.465,-41.8,4.865,5228.1,999.0,0,0.0,0.0,1.0,2,4,0.0,4,6,2,1
26455,32.0,3,999,0,-3.4,92.379,-29.8,0.768,5017.5,999.0,0,0.0,0.0,1.0,2,7,0.0,5,9,1,1
26456,54.0,2,999,0,1.4,93.444,-36.1,4.968,5228.1,999.0,0,0.0,0.0,0.0,1,7,0.0,6,8,1,1
26457,39.0,3,999,0,1.4,93.918,-42.7,4.96,5228.1,999.0,0,1.0,0.0,1.0,2,8,0.0,9,7,2,1
26458,31.0,5,999,0,-1.8,92.893,-46.2,1.25,5099.1,999.0,0,0.0,1.0,0.0,2,4,0.0,4,5,1,1
26459,31.0,1,999,0,1.4,93.918,-42.7,4.962,5228.1,999.0,0,1.0,0.0,1.0,2,8,0.0,7,7,1,1
26460,31.0,1,999,0,1.1,93.994,-36.4,4.859,5191.0,999.0,0,1.0,0.0,1.0,2,4,0.0,4,5,1,1
26461,53.0,2,999,0,1.4,94.465,-41.8,4.959,5228.1,999.0,0,0.0,0.0,1.0,2,8,0.0,5,6,1,1
26462,42.0,2,999,1,-1.8,92.893,-46.2,1.334,5099.1,999.0,3,0.0,0.0,0.0,2,2,0.0,4,5,1,2
26463,31.0,2,999,0,1.4,93.444,-36.1,4.964,5228.1,999.0,0,0.0,0.0,0.0,2,4,0.0,1,8,1,1
26464,50.0,2,999,1,-0.1,93.2,-42.0,4.021,5195.8,999.0,4,1.0,1.0,0.0,2,7,0.0,6,11,1,2
26465,38.0,4,999,0,1.1,93.994,-36.4,4.857,5191.0,999.0,0,0.0,0.0,1.0,2,7,0.0,6,5,2,1
26466,55.0,7,999,0,1.1,93.994,-36.4,4.858,5191.0,999.0,0,1.0,1.0,1.0,3,7,0.0,7,5,2,1
26467,31.0,3,999,0,1.4,93.444,-36.1,4.965,5228.1,999.0,0,1.0,0.0,0.0,2,4,0.0,8,8,1,1
26468,31.0,1,999,0,1.4,94.465,-41.8,4.962,5228.1,999.0,0,0.0,0.0,1.0,3,8,0.0,4,6,1,1
26469,57.0,19,999,0,1.4,93.918,-42.7,4.962,5228.1,999.0,0,1.0,1.0,1.0,2,2,0.0,4,7,1,1
26470,31.0,4,999,0,-1.8,92.893,-46.2,1.25,5099.1,999.0,0,1.0,1.0,0.0,1,4,0.0,6,5,1,1
26471,31.0,1,999,0,1.4,93.444,-36.1,4.964,5228.1,999.0,0,0.0,0.0,0.0,2,6,0.0,5,8,1,1
26472,31.0,1,999,0,1.4,93.444,-36.1,4.964,5228.1,999.0,0,1.0,0.0,0.0,2,4,0.0,1,8,1,1
26473,44.0,5,999,0,1.4,94.465,-41.8,4.961,5228.1,999.0,0,0.0,0.0,1.0,2,8,0.0,4,6,2,1
26474,33.0,1,999,0,1.4,94.465,-41.8,4.961,5228.1,999.0,0,0.0,1.0,1.0,2,4,0.0,4,6,1,1
26475,25.0,2,999,0,-1.8,93.075,-47.1,1.453,5099.1,999.0,0,0.0,0.0,0.0,1,5,0.0,11,4,1,1
26476,43.0,4,999,0,1.1,93.994,-36.4,4.864,5191.0,999.0,0,1.0,0.0,1.0,2,8,0.0,3,5,1,1
26477,43.0,2,999,0,1.1,93.994,-36.4,4.858,5191.0,999.0,0,1.0,0.0,1.0,2,8,0.0,7,5,1,1
26478,38.0,3,999,0,1.1,93.994,-36.4,4.856,5191.0,999.0,0,0.0,0.0,1.0,2,5,0.0,6,5,1,1
26479,40.0,1,999,1,-1.8,93.075,-47.1,1.453,5099.1,999.0,3,0.0,0.0,0.0,2,6,0.0,1,4,1,2
26480,53.0,3,999,0,1.1,93.994,-36.4,4.857,5191.0,999.0,0,0.0,0.0,1.0,2,4,0.0,6,5,2,1
26481,31.0,4,999,0,-1.8,92.893,-46.2,1.334,5099.1,999.0,0,0.0,0.0,1.0,2,7,0.0,6,5,1,1
26482,31.0,1,6,2,-1.7,94.027,-38.3,0.899,4991.6,0.2,6,0.0,0.0,1.0,2,7,0.0,3,8,1,3
26483,56.0,1,999,1,-1.8,92.893,-46.2,1.313,5099.1,999.0,0,0.0,0.0,0.0,2,8,0.0,4,5,1,2
26484,31.0,3,999,0,-1.8,93.075,-47.1,1.365,5099.1,999.0,0,1.0,0.0,0.0,1,7,0.0,6,4,1,1
26485,33.0,1,999,0,-1.7,94.055,-39.8,0.754,4991.6,999.0,0,1.0,1.0,1.0,2,5,0.0,9,6,2,1
26486,55.0,1,999,0,1.1,93.994,-36.4,4.856,5191.0,999.0,0,1.0,1.0,1.0,2,4,0.0,5,5,1,1
26487,31.0,1,999,0,1.4,93.918,-42.7,4.961,5228.1,999.0,0,0.0,0.0,0.0,1,8,0.0,6,7,1,1
26488,35.0,9,999,0,1.4,94.465,-41.8,4.967,5228.1,999.0,0,0.0,1.0,1.0,1,7,0.0,6,6,1,1
26489,31.0,1,999,0,1.1,93.994,-36.4,4.86,5191.0,999.0,0,0.0,0.0,1.0,2,5,0.0,6,5,1,1
26490,31.0,2,999,1,-0.1,93.2,-42.0,4.191,5195.8,999.0,1,1.0,0.0,1.0,3,7,0.0,6,11,2,2
26491,44.0,2,999,0,1.1,93.994,-36.4,4.857,5191.0,999.0,0,1.0,0.0,1.0,2,5,0.0,6,5,2,1
26492,56.0,1,999,0,1.4,93.444,-36.1,4.968,5228.1,999.0,0,0.0,1.0,0.0,2,2,0.0,4,8,1,1
26493,31.0,1,999,0,-1.8,93.075,-47.1,1.435,5099.1,999.0,0,0.0,0.0,0.0,1,8,0.0,5,4,1,1
26494,31.0,1,999,0,-1.8,92.893,-46.2,1.291,5099.1,999.0,0,0.0,1.0,0.0,2,2,0.0,4,5,1,1
26495,41.0,1,999,0,-1.8,93.075,-47.1,1.392,5099.1,999.0,0,0.0,0.0,0.0,2,5,0.0,6,4,2,1
26496,31.0,1,999,0,-3.4,92.431,-26.9,0.735,5017.5,999.0,0,0.0,0.0,0.0,2,7,0.0,6,10,1,1
26497,37.0,1,999,0,-1.1,94.199,-37.5,0.886,4963.6,999.0,0,0.0,0.0,1.0,2,7,0.0,6,9,1,1
26498,42.0,1,999,0,1.4,93.444,-36.1,4.965,5228.1,999.0,0,1.0,1.0,0.0,3,8,0.0,6,8,2,1
26499,31.0,4,999,0,1.4,93.444,-36.1,4.964,5228.1,999.0,0,0.0,0.0,0.0,2,8,0.0,6,8,1,1
26500,41.0,1,999,0,1.1,93.994,-36.4,4.857,5191.0,999.0,0,1.0,0.0,1.0,2,8,0.0,1,5,1,1
26501,35.0,5,999,0,-1.8,92.893,-46.2,1.281,5099.1,999.0,0,1.0,0.0,0.0,2,7,0.0,7,5,1,1
26502,28.0,2,999,0,1.1,93.994,-36.4,4.857,5191.0,999.0,0,1.0,0.0,1.0,1,2,0.0,4,5,2,1
26503,36.0,2,999,0,1.4,94.465,-41.8,4.96,5228.1,999.0,0,1.0,0.0,1.0,1,7,0.0,6,6,1,1
26504,40.0,1,999,0,-0.1,93.2,-42.0,4.153,5195.8,999.0,0,1.0,0.0,0.0,2,8,0.0,9,11,1,1
26505,40.0,5,999,1,-0.1,93.2,-42.0,4.021,5195.8,999.0,2,0.0,0.0,0.0,2,7,0.0,3,11,1,2
26506,29.0,5,999,0,1.4,94.465,-41.8,4.959,5228.1,999.0,0,0.0,1.0,1.0,2,8,0.0,4,6,1,1
26507,39.0,1,999,0,1.1,93.994,-36.4,4.864,5191.0,999.0,0,1.0,0.0,1.0,2,6,0.0,5,5,1,1
26508,25.0,17,999,0,1.4,93.918,-42.7,4.968,5228.1,999.0,0,1.0,1.0,0.0,1,8,0.0,6,7,1,1
26509,36.0,10,999,0,1.4,94.465,-41.8,4.961,5228.1,999.0,0,0.0,0.0,1.0,1,7,0.0,6,6,1,1
26510,35.0,2,999,0,1.4,94.465,-41.8,4.962,5228.1,999.0,0,1.0,0.0,1.0,3,8,0.0,6,6,1,1
26511,34.0,5,999,0,1.4,93.918,-42.7,4.961,5228.1,999.0,0,0.0,1.0,0.0,3,8,0.0,3,7,1,1
26512,41.0,1,999,0,1.4,93.444,-36.1,4.968,5228.1,999.0,0,0.0,0.0,0.0,1,6,0.0,5,8,1,1
26513,46.0,2,999,0,1.1,93.994,-36.4,4.857,5191.0,999.0,0,0.0,0.0,1.0,2,8,0.0,6,5,1,1
26514,31.0,1,999,0,-1.8,93.075,-47.1,1.466,5099.1,999.0,0,1.0,0.0,0.0,2,8,0.0,10,4,2,1
26515,60.0,2,999,0,1.1,93.994,-36.4,4.864,5191.0,999.0,0,1.0,0.0,1.0,2,8,0.0,6,5,1,1
26516,40.0,1,999,0,1.4,93.444,-36.1,4.964,5228.1,999.0,0,1.0,0.0,0.0,2,7,0.0,1,8,1,1
26517,31.0,1,999,0,-1.1,94.767,-50.8,1.028,4963.6,999.0,0,0.0,0.0,0.0,2,6,0.0,4,11,1,1
26518,31.0,1,999,0,-1.8,92.893,-46.2,1.266,5099.1,999.0,0,1.0,0.0,0.0,2,4,0.0,4,5,1,1
26519,34.0,2,999,0,1.4,93.918,-42.7,4.959,5228.1,999.0,0,1.0,0.0,1.0,1,5,0.0,5,7,1,1
26520,29.0,8,999,0,1.4,93.918,-42.7,4.96,5228.1,999.0,0,0.0,1.0,1.0,1,7,0.0,6,7,2,1
26521,25.0,1,999,0,-1.7,94.027,-38.3,0.904,4991.6,999.0,0,0.0,0.0,0.0,1,8,0.0,6,8,1,1
26522,55.0,1,999,0,-1.8,93.075,-47.1,1.405,5099.1,999.0,0,0.0,1.0,0.0,2,2,0.0,6,4,1,1
26523,41.0,3,999,0,1.1,93.994,-36.4,4.856,5191.0,999.0,0,1.0,0.0,1.0,2,2,0.0,4,5,1,1
26524,29.0,2,4,1,-2.9,92.201,-31.4,0.879,5076.2,0.133333333333,4,1.0,0.0,0.0,2,8,0.0,9,8,1,3
26525,34.0,8,999,0,-1.8,92.893,-46.2,1.327,5099.1,999.0,0,1.0,1.0,0.0,2,6,0.0,9,5,1,1
26526,40.0,10,999,0,-0.1,93.2,-42.0,4.021,5195.8,999.0,0,1.0,1.0,0.0,1,7,0.0,6,11,1,1
26527,43.0,1,999,1,-0.1,93.2,-42.0,4.153,5195.8,999.0,3,1.0,0.0,0.0,1,2,0.0,4,11,1,2
26528,57.0,4,999,0,1.4,93.918,-42.7,4.963,5228.1,999.0,0,1.0,0.0,0.0,2,8,0.0,4,7,1,1
26529,44.0,2,999,0,1.4,94.465,-41.8,4.864,5228.1,999.0,0,0.0,0.0,1.0,3,2,0.0,4,6,1,1
26530,44.0,4,999,0,1.4,94.465,-41.8,4.959,5228.1,999.0,0,0.0,0.0,1.0,2,8,0.0,7,6,1,1
26531,32.0,2,999,0,1.4,93.918,-42.7,4.96,5228.1,999.0,0,0.0,0.0,0.0,2,5,0.0,6,7,2,1
26532,31.0,1,999,0,1.1,93.994,-36.4,4.857,5191.0,999.0,0,0.0,0.0,1.0,2,4,0.0,4,5,1,1
26533,57.0,1,999,0,-1.8,93.075,-47.1,1.405,5099.1,999.0,0,1.0,0.0,0.0,1,7,0.0,7,4,2,1
26534,33.0,1,999,0,1.4,93.444,-36.1,4.966,5228.1,999.0,0,0.0,0.0,0.0,2,7,0.0,6,8,1,1
26535,25.0,1,999,0,1.4,93.918,-42.7,4.962,5228.1,999.0,0,1.0,0.0,0.0,1,4,0.0,4,7,1,1
26536,46.0,5,999,0,-1.8,92.893,-46.2,1.244,5099.1,999.0,0,0.0,0.0,0.0,2,5,0.0,4,5,2,1
26537,40.0,2,3,1,-3.4,92.649,-30.1,0.714,5017.5,0.1,2,0.0,0.0,0.0,1,8,0.0,5,11,2,3
26538,32.0,2,999,0,-3.4,92.431,-26.9,0.739,5017.5,999.0,0,0.0,1.0,0.0,2,6,0.0,1,10,1,1
26539,28.0,2,999,0,-3.4,92.649,-30.1,0.714,5017.5,999.0,0,1.0,0.0,0.0,1,8,0.0,6,11,1,1
26540,31.0,1,999,0,-0.1,93.2,-42.0,4.076,5195.8,999.0,0,0.0,0.0,0.0,1,8,0.0,6,11,1,1
26541,25.0,2,999,0,1.4,93.918,-42.7,4.963,5228.1,999.0,0,0.0,0.0,0.0,1,3,0.0,4,7,1,1
26542,35.0,3,999,0,1.4,93.444,-36.1,4.963,5228.1,999.0,0,1.0,1.0,0.0,3,6,0.0,7,8,1,1
26543,33.0,1,999,0,1.4,94.465,-41.8,4.959,5228.1,999.0,0,1.0,1.0,1.0,2,5,0.0,3,6,1,1
26544,25.0,2,999,1,-1.8,92.893,-46.2,1.25,5099.1,999.0,1,0.0,0.0,0.0,1,4,0.0,4,5,1,2
26545,35.0,1,999,0,-0.1,93.2,-42.0,4.12,5195.8,999.0,0,0.0,0.0,0.0,2,7,0.0,6,11,1,1
26546,56.0,4,999,0,1.4,93.444,-36.1,4.964,5228.1,999.0,0,1.0,0.0,0.0,2,3,0.0,8,8,1,1
26547,47.0,2,999,0,-0.1,93.2,-42.0,4.153,5195.8,999.0,0,1.0,0.0,0.0,2,8,0.0,3,11,1,1
26548,31.0,2,999,0,1.1,93.994,-36.4,4.858,5191.0,999.0,0,1.0,0.0,1.0,2,3,0.0,4,5,1,1
26549,36.0,1,999,0,1.4,94.465,-41.8,4.958,5228.1,999.0,0,0.0,0.0,1.0,2,4,0.0,4,6,1,1
26550,31.0,3,999,0,-0.1,93.2,-42.0,4.12,5195.8,999.0,0,1.0,0.0,0.0,2,4,0.0,4,11,1,1
26551,53.0,2,999,0,1.1,93.994,-36.4,4.857,5191.0,999.0,0,1.0,0.0,1.0,2,4,0.0,8,5,1,1
26552,52.0,1,999,0,-1.8,92.893,-46.2,1.244,5099.1,999.0,0,1.0,0.0,1.0,3,4,0.0,6,5,2,1
26553,31.0,1,999,0,1.4,93.444,-36.1,4.968,5228.1,999.0,0,1.0,0.0,0.0,1,8,0.0,5,8,1,1
26554,59.0,13,999,0,1.4,93.918,-42.7,4.963,5228.1,999.0,0,1.0,0.0,0.0,3,4,0.0,5,7,1,1
26555,32.0,2,999,0,-1.8,92.843,-50.0,1.703,5099.1,999.0,0,1.0,0.0,0.0,1,7,0.0,3,3,2,1
26556,31.0,2,999,0,-1.8,92.893,-46.2,1.266,5099.1,999.0,0,0.0,0.0,0.0,1,7,0.0,5,5,1,1
26557,31.0,5,999,0,1.4,93.918,-42.7,4.961,5228.1,999.0,0,0.0,0.0,0.0,2,8,0.0,3,7,1,1
26558,31.0,1,999,0,1.4,93.444,-36.1,4.965,5228.1,999.0,0,0.0,0.0,0.0,1,7,0.0,6,8,1,1
26559,24.0,1,999,0,-2.9,92.201,-31.4,0.849,5076.2,999.0,0,1.0,0.0,0.0,1,5,0.0,11,8,1,1
26560,31.0,5,999,0,1.1,93.994,-36.4,4.864,5191.0,999.0,0,1.0,0.0,1.0,2,8,0.0,5,5,1,1
26561,54.0,2,999,0,1.4,93.444,-36.1,4.968,5228.1,999.0,0,1.0,0.0,0.0,2,7,0.0,6,8,1,1
26562,58.0,4,999,0,1.4,93.444,-36.1,4.963,5228.1,999.0,0,1.0,1.0,0.0,2,7,0.0,6,8,1,1
26563,40.0,1,999,1,-0.1,93.798,-40.4,4.968,5195.8,999.0,2,1.0,0.0,1.0,2,8,0.0,9,10,1,2
26564,36.0,1,999,0,-1.8,93.075,-47.1,1.405,5099.1,999.0,0,0.0,0.0,0.0,2,8,0.0,5,4,1,1
26565,36.0,2,999,1,-1.8,92.893,-46.2,1.313,5099.1,999.0,1,0.0,0.0,1.0,2,8,0.0,4,5,1,2
26566,24.0,5,999,0,1.4,93.918,-42.7,4.957,5228.1,999.0,0,1.0,0.0,0.0,1,4,0.0,4,7,1,1
26567,53.0,3,999,0,1.4,93.918,-42.7,4.963,5228.1,999.0,0,0.0,1.0,0.0,2,7,0.0,6,7,1,1
26568,36.0,3,999,0,-1.8,92.893,-46.2,1.327,5099.1,999.0,0,0.0,1.0,0.0,1,2,0.0,4,5,1,1
26569,40.0,1,999,0,-0.1,93.2,-42.0,4.021,5195.8,999.0,0,0.0,0.0,0.0,3,4,0.0,4,11,1,1
26570,36.0,1,999,0,1.4,93.918,-42.7,4.963,5228.1,999.0,0,1.0,0.0,0.0,2,4,0.0,4,7,1,1
26571,39.0,4,999,0,1.1,93.994,-36.4,4.858,5191.0,999.0,0,0.0,0.0,1.0,2,2,0.0,1,5,2,1
26572,36.0,1,999,0,1.4,94.465,-41.8,4.961,5228.1,999.0,0,0.0,0.0,1.0,1,4,0.0,4,6,1,1
26573,31.0,1,999,0,-1.8,93.075,-47.1,1.405,5099.1,999.0,0,1.0,0.0,0.0,1,8,0.0,2,4,1,1
26574,45.0,2,999,0,-1.8,93.075,-47.1,1.405,5099.1,999.0,0,1.0,0.0,0.0,2,4,0.0,4,4,2,1
26575,36.0,1,999,0,-0.1,93.2,-42.0,4.191,5195.8,999.0,0,1.0,0.0,1.0,2,8,0.0,7,11,2,1
26576,32.0,2,999,0,1.4,93.444,-36.1,4.964,5228.1,999.0,0,0.0,0.0,0.0,1,8,0.0,6,8,1,1
26577,39.0,1,999,0,1.1,93.994,-36.4,4.855,5191.0,999.0,0,0.0,0.0,1.0,2,8,0.0,6,5,1,1
26578,31.0,5,999,0,1.4,93.918,-42.7,4.962,5228.1,999.0,0,1.0,0.0,0.0,1,4,0.0,9,7,1,1
26579,40.0,4,999,0,1.4,94.465,-41.8,4.864,5228.1,999.0,0,0.0,0.0,1.0,2,4,0.0,4,6,1,1
26580,34.0,1,999,0,1.4,94.465,-41.8,4.958,5228.1,999.0,0,0.0,0.0,1.0,2,6,0.0,5,6,1,1
26581,31.0,2,999,0,1.1,93.994,-36.4,4.857,5191.0,999.0,0,1.0,0.0,1.0,2,5,0.0,4,5,1,1
26582,47.0,3,999,0,1.4,94.465,-41.8,4.961,5228.1,999.0,0,1.0,1.0,1.0,1,4,0.0,9,6,1,1
26583,31.0,4,999,0,1.4,94.465,-41.8,4.96,5228.1,999.0,0,0.0,0.0,1.0,3,5,0.0,10,6,2,1
26584,27.0,2,999,0,-1.8,92.893,-46.2,1.299,5099.1,999.0,0,1.0,0.0,0.0,1,7,0.0,6,5,2,1
26585,42.0,4,999,0,1.4,94.465,-41.8,4.958,5228.1,999.0,0,1.0,0.0,1.0,2,8,0.0,1,6,1,1
26586,37.0,2,999,0,1.4,94.465,-41.8,4.865,5228.1,999.0,0,0.0,0.0,1.0,2,4,0.0,4,6,2,1
26587,38.0,1,999,0,-0.1,93.2,-42.0,4.021,5195.8,999.0,0,0.0,0.0,0.0,3,4,0.0,6,11,1,1
26588,31.0,1,999,0,1.4,94.465,-41.8,4.961,5228.1,999.0,0,0.0,0.0,1.0,2,8,0.0,5,6,1,1
26589,56.0,1,999,0,1.4,93.444,-36.1,4.965,5228.1,999.0,0,0.0,0.0,0.0,2,7,0.0,5,8,2,1
26590,57.0,1,999,0,1.4,93.444,-36.1,4.966,5228.1,999.0,0,1.0,0.0,0.0,2,7,0.0,6,8,1,1
26591,31.0,11,999,1,-1.8,92.893,-46.2,1.266,5099.1,999.0,5,1.0,0.0,0.0,2,8,0.0,4,5,1,2
26592,46.0,2,999,0,1.4,94.465,-41.8,4.959,5228.1,999.0,0,0.0,0.0,1.0,1,5,0.0,4,6,1,1
26593,31.0,1,999,0,1.1,93.994,-36.4,4.855,5191.0,999.0,0,1.0,0.0,1.0,2,8,0.0,4,5,1,1
26594,31.0,1,999,0,-3.4,92.431,-26.9,0.743,5017.5,999.0,0,0.0,1.0,0.0,2,7,0.0,8,10,2,1
26595,31.0,1,999,0,1.1,93.994,-36.4,4.858,5191.0,999.0,0,1.0,1.0,1.0,1,7,0.0,5,5,2,1
26596,46.0,3,999,0,1.4,93.918,-42.7,4.961,5228.1,999.0,0,0.0,1.0,0.0,1,7,0.0,2,7,1,1
26597,29.0,1,999,0,-2.9,92.963,-40.8,1.26,5076.2,999.0,0,0.0,0.0,0.0,1,8,0.0,6,6,1,1
26598,31.0,1,999,1,-1.8,92.893,-46.2,1.291,5099.1,999.0,3,0.0,0.0,0.0,1,8,0.0,5,5,1,2
26599,31.0,6,999,0,-1.8,93.075,-47.1,1.445,5099.1,999.0,0,0.0,1.0,0.0,2,8,0.0,9,4,1,1
26600,31.0,1,999,0,1.4,93.918,-42.7,4.962,5228.1,999.0,0,0.0,0.0,0.0,2,2,0.0,1,7,1,1
26601,46.0,12,999,1,-1.8,93.075,-47.1,1.405,5099.1,999.0,2,1.0,1.0,0.0,1,7,0.0,7,4,2,2
26602,53.0,3,999,0,1.1,93.994,-36.4,4.859,5191.0,999.0,0,1.0,1.0,1.0,3,6,0.0,8,5,1,1
26603,35.0,2,999,0,-1.8,92.893,-46.2,1.313,5099.1,999.0,0,1.0,0.0,0.0,2,3,0.0,4,5,1,1
26604,34.0,2,999,0,-1.8,92.893,-46.2,1.313,5099.1,999.0,0,0.0,0.0,1.0,2,5,0.0,9,5,1,1
26605,31.0,3,999,0,-1.8,92.893,-46.2,1.281,5099.1,999.0,0,1.0,0.0,0.0,2,7,0.0,3,5,1,1
26606,32.0,5,999,0,-1.8,92.893,-46.2,1.25,5099.1,999.0,0,0.0,0.0,0.0,1,8,0.0,6,5,1,1
26607,33.0,2,999,0,1.1,93.994,-36.4,4.857,5191.0,999.0,0,1.0,0.0,1.0,3,7,0.0,6,5,1,1
26608,33.0,1,999,0,1.1,93.994,-36.4,4.857,5191.0,999.0,0,0.0,0.0,1.0,2,2,0.0,9,5,1,1
26609,31.0,1,999,0,-1.8,92.893,-46.2,1.291,5099.1,999.0,0,1.0,0.0,0.0,3,4,0.0,4,5,1,1
26610,46.0,1,999,0,1.4,93.918,-42.7,4.963,5228.1,999.0,0,1.0,0.0,0.0,1,4,0.0,4,7,1,1
26611,43.0,1,999,0,1.4,93.918,-42.7,4.962,5228.1,999.0,0,1.0,0.0,0.0,1,5,0.0,6,7,1,1
26612,50.0,2,999,0,-0.1,93.2,-42.0,4.153,5195.8,999.0,0,1.0,0.0,0.0,3,8,0.0,6,11,1,1
26613,25.0,2,999,0,-3.4,92.431,-26.9,0.733,5017.5,999.0,0,1.0,0.0,0.0,1,5,0.0,9,10,1,1
26614,29.0,5,999,0,-0.1,93.2,-42.0,4.021,5195.8,999.0,0,1.0,0.0,0.0,1,7,0.0,6,11,1,1
26615,31.0,2,999,0,-0.1,93.2,-42.0,4.12,5195.8,999.0,0,0.0,0.0,0.0,2,5,0.0,5,11,1,1
26616,31.0,1,999,0,-0.1,93.2,-42.0,4.076,5195.8,999.0,0,0.0,0.0,1.0,2,7,0.0,3,11,1,1
26617,31.0,1,999,0,-0.1,93.2,-42.0,4.021,5195.8,999.0,0,1.0,0.0,0.0,1,7,0.0,10,11,1,1
26618,36.0,1,999,0,1.1,93.994,-36.4,4.857,5191.0,999.0,0,0.0,0.0,1.0,2,7,0.0,5,5,1,1
26619,46.0,3,999,0,1.4,93.444,-36.1,4.963,5228.1,999.0,0,1.0,1.0,0.0,2,8,0.0,9,8,2,1
26620,31.0,13,999,0,1.4,93.444,-36.1,4.962,5228.1,999.0,0,0.0,0.0,0.0,2,8,0.0,6,8,1,1
26621,29.0,3,999,0,1.1,93.994,-36.4,4.857,5191.0,999.0,0,0.0,0.0,1.0,1,7,0.0,6,5,1,1
26622,56.0,6,999,0,1.4,93.918,-42.7,4.962,5228.1,999.0,0,0.0,0.0,0.0,2,8,0.0,4,7,2,1
26623,26.0,1,999,0,1.4,93.918,-42.7,4.96,5228.1,999.0,0,1.0,0.0,0.0,2,7,0.0,6,7,2,1
26624,56.0,1,999,0,-1.8,93.075,-47.1,1.365,5099.1,999.0,0,0.0,0.0,0.0,2,7,0.0,7,4,1,1
26625,31.0,2,999,0,-3.4,92.431,-26.9,0.739,5017.5,999.0,0,1.0,0.0,0.0,2,6,0.0,5,10,1,1
26626,42.0,6,999,0,1.1,93.994,-36.4,4.857,5191.0,999.0,0,1.0,1.0,1.0,2,8,0.0,9,5,1,1
26627,31.0,2,999,0,1.1,93.994,-36.4,4.857,5191.0,999.0,0,0.0,0.0,1.0,2,7,0.0,3,5,2,1
26628,42.0,2,999,0,1.4,93.444,-36.1,4.964,5228.1,999.0,0,1.0,0.0,0.0,2,2,0.0,1,8,1,1
26629,51.0,1,999,0,1.4,93.444,-36.1,4.966,5228.1,999.0,0,1.0,1.0,0.0,3,7,0.0,6,8,1,1
26630,38.0,6,999,0,1.1,93.994,-36.4,4.857,5191.0,999.0,0,1.0,0.0,1.0,2,7,0.0,3,5,2,1
26631,49.0,2,999,0,1.1,93.994,-36.4,4.859,5191.0,999.0,0,0.0,0.0,1.0,2,8,0.0,1,5,1,1
26632,45.0,2,999,0,1.1,93.994,-36.4,4.857,5191.0,999.0,0,0.0,0.0,1.0,2,4,0.0,5,5,1,1
26633,31.0,2,999,0,1.4,93.444,-36.1,4.964,5228.1,999.0,0,1.0,0.0,0.0,1,8,0.0,6,8,1,1
26634,50.0,1,999,0,-3.4,92.379,-29.8,0.803,5017.5,999.0,0,1.0,1.0,0.0,2,5,0.0,6,9,1,1
26635,54.0,1,999,0,1.4,93.444,-36.1,4.964,5228.1,999.0,0,0.0,0.0,0.0,2,6,0.0,5,8,1,1
26636,35.0,1,999,0,1.4,93.918,-42.7,4.959,5228.1,999.0,0,1.0,0.0,1.0,2,2,0.0,4,7,1,1
26637,33.0,2,999,1,-1.8,93.075,-47.1,1.405,5099.1,999.0,2,0.0,0.0,0.0,2,8,0.0,5,4,1,2
26638,48.0,1,999,0,-0.1,93.2,-42.0,4.153,5195.8,999.0,0,1.0,1.0,0.0,3,6,0.0,5,11,1,1
26639,35.0,2,999,0,-0.1,93.2,-42.0,4.153,5195.8,999.0,0,0.0,0.0,0.0,2,2,0.0,4,11,1,1
26640,46.0,2,999,0,-0.1,93.2,-42.0,4.153,5195.8,999.0,0,1.0,0.0,1.0,2,6,0.0,5,11,1,1
26641,31.0,4,999,0,-3.0,92.713,-33.0,0.71,5023.5,999.0,0,1.0,0.0,1.0,2,8,0.0,6,12,1,1
26642,39.0,1,999,0,1.1,93.994,-36.4,4.856,5191.0,999.0,0,1.0,0.0,1.0,2,5,0.0,9,5,1,1
26643,31.0,1,999,0,1.4,94.465,-41.8,4.961,5228.1,999.0,0,0.0,0.0,1.0,1,8,0.0,4,6,1,1
26644,32.0,1,999,0,-1.8,93.075,-47.1,1.365,5099.1,999.0,0,1.0,0.0,0.0,2,7,0.0,6,4,1,1
26645,30.0,1,999,0,-1.8,93.075,-47.1,1.405,5099.1,999.0,0,0.0,0.0,0.0,3,8,0.0,5,4,2,1
26646,31.0,1,999,0,1.4,93.444,-36.1,4.964,5228.1,999.0,0,0.0,0.0,0.0,2,8,0.0,4,8,1,1
26647,43.0,7,999,0,1.4,93.444,-36.1,4.967,5228.1,999.0,0,0.0,1.0,0.0,1,7,0.0,6,8,1,1
26648,28.0,4,999,0,1.1,93.994,-36.4,4.858,5191.0,999.0,0,1.0,1.0,1.0,1,4,0.0,6,5,2,1
26649,30.0,1,999,0,1.4,93.444,-36.1,4.965,5228.1,999.0,0,0.0,0.0,0.0,1,5,0.0,5,8,2,1
26650,30.0,1,999,0,1.4,93.444,-36.1,4.963,5228.1,999.0,0,1.0,0.0,0.0,1,8,0.0,5,8,1,1
26651,54.0,4,999,0,1.4,93.444,-36.1,4.97,5228.1,999.0,0,0.0,0.0,0.0,3,8,0.0,5,8,2,1
26652,41.0,2,999,0,-1.8,92.893,-46.2,1.299,5099.1,999.0,0,0.0,1.0,0.0,2,4,0.0,7,5,2,1
26653,54.0,5,999,0,1.4,93.444,-36.1,4.964,5228.1,999.0,0,0.0,0.0,0.0,2,8,0.0,4,8,1,1
26654,37.0,1,999,0,-1.8,93.075,-47.1,1.405,5099.1,999.0,0,1.0,0.0,0.0,2,7,0.0,3,4,2,1
26655,31.0,4,999,1,-0.1,93.2,-42.0,4.021,5195.8,999.0,4,1.0,0.0,0.0,2,7,0.0,5,11,1,2
26656,39.0,3,999,0,-1.8,92.893,-46.2,1.354,5099.1,999.0,0,0.0,0.0,0.0,1,4,0.0,4,5,1,1
26657,43.0,1,999,0,-1.8,92.893,-46.2,1.281,5099.1,999.0,0,1.0,0.0,0.0,3,4,0.0,6,5,1,1
26658,31.0,5,999,0,1.4,93.444,-36.1,4.963,5228.1,999.0,0,1.0,0.0,0.0,1,7,0.0,6,8,1,1
26659,31.0,4,999,0,1.1,93.994,-36.4,4.857,5191.0,999.0,0,0.0,0.0,1.0,1,6,0.0,6,5,1,1
26660,44.0,1,999,0,1.4,93.444,-36.1,4.963,5228.1,999.0,0,1.0,0.0,0.0,2,8,0.0,4,8,1,1
26661,31.0,1,999,0,1.4,93.918,-42.7,4.96,5228.1,999.0,0,0.0,0.0,0.0,2,8,0.0,4,7,2,1
26662,35.0,1,999,0,1.4,93.444,-36.1,4.964,5228.1,999.0,0,0.0,0.0,0.0,1,7,0.0,5,8,1,1
26663,33.0,2,999,0,1.4,94.465,-41.8,4.865,5228.1,999.0,0,1.0,1.0,1.0,1,7,0.0,6,6,2,1
26664,31.0,1,999,0,1.1,93.994,-36.4,4.857,5191.0,999.0,0,1.0,1.0,1.0,1,8,0.0,12,5,1,1
26665,39.0,1,999,0,1.4,94.465,-41.8,4.864,5228.1,999.0,0,0.0,0.0,1.0,2,8,0.0,4,6,1,1
26666,31.0,1,999,1,-2.9,92.201,-31.4,0.883,5076.2,999.0,2,1.0,0.0,0.0,2,8,0.0,6,8,1,2
26667,30.0,2,999,0,-1.8,92.893,-46.2,1.313,5099.1,999.0,0,0.0,1.0,0.0,1,8,0.0,6,5,1,1
26668,58.0,3,999,0,-0.1,93.2,-42.0,4.021,5195.8,999.0,0,0.0,0.0,0.0,2,8,0.0,3,11,1,1
26669,48.0,1,999,0,-1.8,92.893,-46.2,1.334,5099.1,999.0,0,0.0,0.0,0.0,2,3,0.0,7,5,1,1
26670,33.0,2,999,0,1.4,94.465,-41.8,4.962,5228.1,999.0,0,1.0,1.0,1.0,2,8,0.0,7,6,1,1
26671,48.0,1,999,0,1.4,93.444,-36.1,4.968,5228.1,999.0,0,1.0,0.0,0.0,2,8,0.0,4,8,1,1
26672,37.0,2,999,0,1.1,93.994,-36.4,4.857,5191.0,999.0,0,0.0,0.0,1.0,2,8,0.0,9,5,1,1
26673,38.0,3,999,0,1.4,94.465,-41.8,4.967,5228.1,999.0,0,1.0,1.0,1.0,1,6,0.0,5,6,1,1
26674,31.0,1,999,0,1.1,93.994,-36.4,4.856,5191.0,999.0,0,0.0,0.0,1.0,2,8,0.0,5,5,1,1
26675,53.0,1,999,0,1.4,93.918,-42.7,4.961,5228.1,999.0,0,0.0,0.0,0.0,1,6,0.0,5,7,1,1
26676,58.0,2,999,0,1.1,93.994,-36.4,4.857,5191.0,999.0,0,1.0,0.0,1.0,2,2,0.0,7,5,2,1
26677,31.0,1,999,0,1.4,93.918,-42.7,4.962,5228.1,999.0,0,1.0,0.0,0.0,3,6,0.0,5,7,1,1
26678,42.0,3,999,0,1.1,93.994,-36.4,4.864,5191.0,999.0,0,1.0,0.0,1.0,2,6,0.0,5,5,1,1
26679,36.0,2,999,0,1.1,93.994,-36.4,4.857,5191.0,999.0,0,0.0,0.0,1.0,2,5,0.0,9,5,2,1
26680,33.0,2,999,0,1.4,93.444,-36.1,4.966,5228.1,999.0,0,0.0,0.0,0.0,2,8,0.0,6,8,1,1
26681,41.0,2,999,0,1.1,93.994,-36.4,4.857,5191.0,999.0,0,0.0,0.0,1.0,2,3,0.0,12,5,2,1
26682,38.0,1,999,0,-1.8,93.075,-47.1,1.405,5099.1,999.0,0,1.0,1.0,0.0,1,7,0.0,6,4,2,1
26683,53.0,2,999,0,-1.8,93.075,-47.1,1.405,5099.1,999.0,0,1.0,0.0,0.0,2,7,0.0,3,4,1,1
26684,33.0,9,999,0,1.1,93.994,-36.4,4.857,5191.0,999.0,0,0.0,1.0,1.0,1,4,0.0,9,5,1,1
26685,31.0,2,999,0,1.4,93.918,-42.7,4.963,5228.1,999.0,0,0.0,0.0,0.0,3,4,0.0,4,7,1,1
26686,41.0,1,999,0,1.4,94.465,-41.8,4.96,5228.1,999.0,0,0.0,0.0,1.0,2,4,0.0,4,6,2,1
26687,34.0,2,3,1,-1.8,92.893,-46.2,1.27,5099.1,0.1,0,1.0,0.0,0.0,2,8,0.0,6,5,1,3
26688,39.0,2,999,0,1.4,93.918,-42.7,4.962,5228.1,999.0,0,1.0,0.0,0.0,2,8,0.0,9,7,2,1
26689,31.0,1,999,0,-1.8,93.075,-47.1,1.405,5099.1,999.0,0,0.0,0.0,0.0,3,6,0.0,5,4,2,1
26690,37.0,3,999,0,1.4,94.465,-41.8,4.96,5228.1,999.0,0,1.0,0.0,1.0,2,8,0.0,6,6,2,1
26691,39.0,2,999,0,1.4,93.444,-36.1,4.964,5228.1,999.0,0,0.0,0.0,0.0,2,8,0.0,2,8,1,1
26692,42.0,3,999,0,-1.8,93.075,-47.1,1.41,5099.1,999.0,0,0.0,1.0,0.0,2,2,0.0,4,4,1,1
26693,57.0,2,999,0,1.1,93.994,-36.4,4.857,5191.0,999.0,0,1.0,0.0,1.0,2,7,0.0,3,5,1,1
26694,35.0,1,999,0,1.4,94.465,-41.8,4.866,5228.1,999.0,0,0.0,1.0,1.0,2,8,0.0,4,6,1,1
26695,50.0,2,999,0,1.4,93.918,-42.7,4.963,5228.1,999.0,0,0.0,0.0,0.0,3,4,0.0,6,7,1,1
26696,55.0,2,999,0,1.4,93.918,-42.7,4.961,5228.1,999.0,0,1.0,0.0,0.0,2,2,0.0,4,7,1,1
26697,48.0,2,999,0,1.1,93.994,-36.4,4.858,5191.0,999.0,0,1.0,1.0,1.0,2,8,0.0,3,5,1,1
26698,45.0,2,999,1,-1.8,92.893,-46.2,1.291,5099.1,999.0,0,1.0,0.0,0.0,2,2,0.0,4,5,1,2
26699,31.0,1,999,0,1.4,93.444,-36.1,4.962,5228.1,999.0,0,1.0,0.0,0.0,3,7,0.0,6,8,1,1
26700,31.0,7,999,0,-2.9,92.963,-40.8,1.268,5076.2,999.0,0,0.0,1.0,0.0,1,7,0.0,3,6,1,1
26701,44.0,1,999,0,1.1,93.994,-36.4,4.856,5191.0,999.0,0,0.0,0.0,1.0,2,8,0.0,3,5,1,1
26702,36.0,6,999,0,1.1,93.994,-36.4,4.86,5191.0,999.0,0,1.0,1.0,1.0,2,5,0.0,4,5,1,1
26703,31.0,1,999,0,-3.4,92.431,-26.9,0.742,5017.5,999.0,0,1.0,1.0,0.0,2,8,0.0,8,10,1,1
26704,26.0,1,999,0,1.4,93.918,-42.7,4.962,5228.1,999.0,0,1.0,0.0,0.0,1,7,0.0,3,7,1,1
26705,48.0,1,999,0,1.1,93.994,-36.4,4.856,5191.0,999.0,0,1.0,0.0,1.0,2,4,0.0,7,5,1,1
26706,31.0,2,999,1,-1.8,92.893,-46.2,1.25,5099.1,999.0,1,0.0,0.0,0.0,2,8,0.0,4,5,1,2
26707,31.0,2,999,0,1.1,93.994,-36.4,4.864,5191.0,999.0,0,1.0,0.0,1.0,2,2,0.0,4,5,1,1
26708,47.0,2,999,0,-1.8,93.075,-47.1,1.405,5099.1,999.0,0,1.0,0.0,0.0,2,8,0.0,4,4,2,1
26709,40.0,1,999,1,-1.8,93.075,-47.1,1.498,5099.1,999.0,3,0.0,0.0,0.0,1,4,0.0,4,4,1,2
26710,31.0,2,999,0,-1.8,92.893,-46.2,1.264,5099.1,999.0,0,1.0,1.0,0.0,1,5,0.0,6,5,2,1
26711,25.0,3,999,0,-2.9,92.201,-31.4,0.838,5076.2,999.0,0,0.0,0.0,1.0,1,7,0.0,6,8,1,1
26712,48.0,1,999,0,1.1,93.994,-36.4,4.859,5191.0,999.0,0,1.0,1.0,1.0,2,7,0.0,6,5,1,1
26713,31.0,2,999,0,1.4,93.918,-42.7,4.962,5228.1,999.0,0,1.0,0.0,0.0,3,5,0.0,5,7,1,1
26714,27.0,3,999,0,-1.8,93.075,-47.1,1.41,5099.1,999.0,0,0.0,0.0,1.0,1,5,0.0,6,4,1,1
26715,43.0,3,999,0,-0.1,93.2,-42.0,4.076,5195.8,999.0,0,1.0,0.0,0.0,1,8,0.0,10,11,1,1
26716,50.0,1,999,0,1.4,93.444,-36.1,4.966,5228.1,999.0,0,1.0,0.0,0.0,2,2,0.0,4,8,1,1
26717,31.0,2,999,0,1.1,93.994,-36.4,4.86,5191.0,999.0,0,0.0,1.0,1.0,1,7,0.0,5,5,1,1
26718,37.0,6,999,0,1.1,93.994,-36.4,4.86,5191.0,999.0,0,0.0,0.0,1.0,3,8,0.0,6,5,1,1
26719,28.0,2,999,0,1.4,93.918,-42.7,4.963,5228.1,999.0,0,0.0,1.0,0.0,1,7,0.0,6,7,1,1
26720,41.0,1,999,0,-0.1,93.2,-42.0,4.191,5195.8,999.0,0,1.0,0.0,0.0,2,4,0.0,4,11,2,1
26721,31.0,1,999,0,1.4,93.918,-42.7,4.958,5228.1,999.0,0,1.0,0.0,0.0,1,4,0.0,4,7,1,1
26722,46.0,2,999,0,1.4,93.444,-36.1,4.963,5228.1,999.0,0,1.0,0.0,0.0,2,7,0.0,6,8,1,1
26723,35.0,1,999,0,-1.8,92.893,-46.2,1.327,5099.1,999.0,0,1.0,0.0,0.0,1,6,0.0,5,5,1,1
26724,36.0,1,999,0,-0.1,93.2,-42.0,4.12,5195.8,999.0,0,1.0,1.0,0.0,1,7,0.0,6,11,1,1
26725,43.0,4,999,0,1.1,93.994,-36.4,4.857,5191.0,999.0,0,0.0,0.0,1.0,1,7,0.0,10,5,2,1
26726,42.0,1,999,0,1.4,93.444,-36.1,4.963,5228.1,999.0,0,1.0,0.0,0.0,2,8,0.0,5,8,1,1
26727,37.0,2,999,0,1.4,93.444,-36.1,4.965,5228.1,999.0,0,1.0,1.0,1.0,2,5,0.0,5,8,2,1
26728,38.0,3,999,1,-1.8,93.075,-47.1,1.41,5099.1,999.0,3,1.0,1.0,0.0,3,8,0.0,5,4,1,2
26729,41.0,4,999,0,-0.1,93.2,-42.0,4.153,5195.8,999.0,0,1.0,0.0,0.0,2,5,0.0,6,11,1,1
26730,31.0,1,999,0,1.4,93.444,-36.1,4.968,5228.1,999.0,0,1.0,0.0,0.0,2,7,0.0,3,8,1,1
26731,58.0,10,999,0,1.1,93.994,-36.4,4.857,5191.0,999.0,0,0.0,0.0,1.0,2,7,0.0,3,5,2,1
26732,33.0,5,999,1,-3.4,92.431,-26.9,0.74,5017.5,999.0,2,0.0,0.0,0.0,1,7,0.0,6,10,1,2
26733,55.0,1,999,0,1.1,93.994,-36.4,4.859,5191.0,999.0,0,0.0,0.0,1.0,2,8,0.0,8,5,1,1
26734,32.0,4,999,0,1.1,93.994,-36.4,4.859,5191.0,999.0,0,0.0,0.0,1.0,1,5,0.0,9,5,1,1
26735,39.0,1,999,0,-0.1,93.2,-42.0,4.191,5195.8,999.0,0,0.0,0.0,0.0,2,4,0.0,4,11,2,1
26736,31.0,3,999,0,1.4,93.918,-42.7,4.961,5228.1,999.0,0,0.0,0.0,0.0,3,8,0.0,5,7,1,1
26737,32.0,4,999,0,-0.1,93.2,-42.0,4.076,5195.8,999.0,0,1.0,0.0,0.0,1,8,0.0,6,11,1,1
26738,33.0,1,999,0,1.4,93.918,-42.7,4.96,5228.1,999.0,0,0.0,0.0,0.0,2,8,0.0,4,7,2,1
26739,50.0,1,999,0,1.1,93.994,-36.4,4.857,5191.0,999.0,0,1.0,0.0,1.0,2,5,0.0,9,5,1,1
26740,47.0,1,999,0,1.4,93.444,-36.1,4.968,5228.1,999.0,0,0.0,0.0,0.0,2,2,0.0,4,8,1,1
26741,31.0,6,999,0,1.4,94.465,-41.8,4.864,5228.1,999.0,0,1.0,0.0,1.0,2,2,0.0,4,6,1,1
26742,44.0,1,999,0,1.4,93.918,-42.7,4.962,5228.1,999.0,0,0.0,0.0,0.0,3,7,0.0,5,7,1,1
26743,47.0,1,999,0,1.1,93.994,-36.4,4.86,5191.0,999.0,0,0.0,0.0,1.0,2,2,0.0,4,5,1,1
26744,49.0,1,999,0,1.1,93.994,-36.4,4.857,5191.0,999.0,0,0.0,0.0,1.0,3,8,0.0,3,5,1,1
26745,31.0,2,999,2,-1.8,92.893,-46.2,1.334,5099.1,999.0,6,1.0,0.0,0.0,1,5,0.0,4,5,1,2
26746,54.0,6,999,0,1.4,93.918,-42.7,4.962,5228.1,999.0,0,0.0,0.0,0.0,2,8,0.0,3,7,1,1
26747,35.0,3,999,0,-1.8,92.843,-50.0,1.799,5099.1,999.0,0,1.0,0.0,0.0,2,5,0.0,6,3,1,1
26748,31.0,1,999,0,1.4,93.918,-42.7,4.957,5228.1,999.0,0,1.0,0.0,0.0,2,2,0.0,9,7,1,1
26749,31.0,1,999,0,1.1,93.994,-36.4,4.857,5191.0,999.0,0,1.0,1.0,1.0,2,8,0.0,10,5,2,1
26750,33.0,3,999,0,1.4,93.918,-42.7,4.96,5228.1,999.0,0,0.0,1.0,0.0,1,3,0.0,4,7,2,1
26751,48.0,3,999,1,-1.8,93.075,-47.1,1.405,5099.1,999.0,2,1.0,0.0,0.0,3,5,0.0,9,4,2,2
26752,29.0,1,999,0,1.4,93.918,-42.7,4.963,5228.1,999.0,0,0.0,1.0,0.0,2,7,0.0,6,7,1,1
26753,46.0,4,999,0,1.1,93.994,-36.4,4.858,5191.0,999.0,0,0.0,0.0,1.0,2,8,0.0,3,5,2,1
26754,36.0,2,999,0,1.1,93.994,-36.4,4.86,5191.0,999.0,0,1.0,0.0,1.0,2,4,0.0,4,5,1,1
26755,31.0,1,999,0,1.4,93.918,-42.7,4.962,5228.1,999.0,0,1.0,0.0,0.0,2,8,0.0,9,7,1,1
26756,25.0,1,999,0,1.4,93.918,-42.7,4.962,5228.1,999.0,0,0.0,0.0,0.0,1,5,0.0,2,7,1,1
26757,43.0,3,999,0,1.4,93.444,-36.1,4.966,5228.1,999.0,0,0.0,0.0,0.0,2,7,0.0,6,8,1,1
26758,32.0,20,999,0,1.4,93.918,-42.7,4.963,5228.1,999.0,0,1.0,0.0,0.0,1,8,0.0,9,7,1,1
26759,31.0,1,999,0,-2.9,92.963,-40.8,1.262,5076.2,999.0,0,1.0,0.0,1.0,1,7,0.0,6,6,1,1
26760,31.0,3,999,0,-1.1,94.199,-37.5,0.883,4963.6,999.0,0,1.0,1.0,0.0,2,8,0.0,10,9,1,1
26761,50.0,1,999,0,1.4,94.465,-41.8,4.866,5228.1,999.0,0,1.0,0.0,1.0,2,2,0.0,4,6,1,1
26762,56.0,2,999,0,1.4,93.918,-42.7,4.962,5228.1,999.0,0,1.0,1.0,0.0,2,7,0.0,6,7,1,1
26763,60.0,3,999,0,1.1,93.994,-36.4,4.859,5191.0,999.0,0,1.0,0.0,1.0,2,4,0.0,8,5,1,1
26764,38.0,1,999,0,-1.8,92.893,-46.2,1.313,5099.1,999.0,0,1.0,0.0,0.0,1,8,0.0,6,5,1,1
26765,49.0,1,999,0,-0.1,93.2,-42.0,4.12,5195.8,999.0,0,1.0,0.0,0.0,2,8,0.0,3,11,1,1
26766,31.0,1,999,0,-0.1,93.2,-42.0,4.076,5195.8,999.0,0,1.0,0.0,0.0,1,5,0.0,3,11,1,1
26767,56.0,2,999,0,-1.8,93.749,-34.6,0.642,5008.7,999.0,0,0.0,0.0,0.0,2,5,0.0,5,4,2,1
26768,36.0,5,999,0,-1.8,92.893,-46.2,1.266,5099.1,999.0,0,0.0,0.0,0.0,2,8,0.0,4,5,1,1
26769,31.0,5,999,0,-0.1,93.2,-42.0,4.153,5195.8,999.0,0,1.0,0.0,0.0,2,6,0.0,6,11,1,1
26770,32.0,2,999,0,1.1,93.994,-36.4,4.857,5191.0,999.0,0,1.0,1.0,1.0,2,7,0.0,6,5,1,1
26771,31.0,3,999,0,-1.8,92.893,-46.2,1.344,5099.1,999.0,0,0.0,0.0,0.0,2,5,0.0,9,5,1,1
26772,24.0,3,999,0,1.1,93.994,-36.4,4.857,5191.0,999.0,0,1.0,1.0,1.0,1,8,0.0,4,5,1,1
26773,47.0,1,999,0,-1.8,93.075,-47.1,1.41,5099.1,999.0,0,0.0,0.0,0.0,1,5,0.0,6,4,1,1
26774,31.0,14,999,0,1.1,93.994,-36.4,4.857,5191.0,999.0,0,1.0,0.0,1.0,2,4,0.0,4,5,2,1
26775,31.0,2,999,0,1.4,94.465,-41.8,4.959,5228.1,999.0,0,0.0,0.0,1.0,1,4,0.0,4,6,1,1
26776,30.0,1,999,0,-1.1,94.601,-49.5,0.953,4963.6,999.0,0,0.0,1.0,1.0,1,4,0.0,1,10,2,1
26777,31.0,1,999,1,-0.1,93.2,-42.0,4.153,5195.8,999.0,2,1.0,0.0,0.0,2,8,0.0,6,11,1,2
26778,31.0,2,999,0,1.1,93.994,-36.4,4.864,5191.0,999.0,0,0.0,0.0,1.0,1,4,0.0,4,5,1,1
26779,38.0,1,999,0,1.1,93.994,-36.4,4.858,5191.0,999.0,0,0.0,0.0,1.0,2,6,0.0,4,5,1,1
26780,57.0,1,999,0,-0.1,93.2,-42.0,4.153,5195.8,999.0,0,1.0,1.0,0.0,2,6,0.0,8,11,1,1
26781,32.0,5,999,0,-1.8,93.075,-47.1,1.405,5099.1,999.0,0,0.0,0.0,0.0,2,5,0.0,6,4,2,1
26782,34.0,2,999,1,-1.8,92.893,-46.2,1.344,5099.1,999.0,3,1.0,0.0,0.0,2,6,0.0,5,5,1,2
26783,54.0,2,999,0,1.4,93.444,-36.1,4.964,5228.1,999.0,0,1.0,0.0,0.0,2,2,0.0,4,8,1,1
26784,31.0,2,999,0,1.1,93.994,-36.4,4.86,5191.0,999.0,0,0.0,0.0,1.0,2,4,0.0,4,5,1,1
26785,31.0,10,999,0,1.4,93.918,-42.7,4.962,5228.1,999.0,0,0.0,0.0,0.0,3,8,0.0,6,7,2,1
26786,30.0,2,999,0,-0.1,93.2,-42.0,4.021,5195.8,999.0,0,0.0,0.0,1.0,1,8,0.0,1,11,1,1
26787,49.0,1,999,0,-1.8,92.893,-46.2,1.327,5099.1,999.0,0,1.0,0.0,0.0,2,4,0.0,4,5,1,1
26788,31.0,3,999,0,1.1,93.994,-36.4,4.858,5191.0,999.0,0,0.0,0.0,1.0,2,4,0.0,4,5,2,1
26789,31.0,1,999,0,1.4,93.918,-42.7,4.968,5228.1,999.0,0,0.0,0.0,0.0,2,5,0.0,6,7,1,1
26790,30.0,3,999,0,1.4,93.444,-36.1,4.964,5228.1,999.0,0,1.0,0.0,0.0,1,6,0.0,5,8,1,1
26791,31.0,12,999,0,1.1,93.994,-36.4,4.856,5191.0,999.0,0,0.0,0.0,1.0,1,8,0.0,10,5,1,1
26792,23.0,1,999,1,-1.8,92.893,-46.2,1.281,5099.1,999.0,4,1.0,0.0,0.0,2,8,0.0,4,5,1,2
26793,38.0,8,999,0,1.4,93.918,-42.7,4.961,5228.1,999.0,0,0.0,0.0,0.0,1,8,0.0,1,7,1,1
26794,25.0,1,999,0,-1.8,92.893,-46.2,1.327,5099.1,999.0,0,0.0,0.0,0.0,1,5,0.0,9,5,1,1
26795,43.0,1,999,0,-1.8,92.893,-46.2,1.327,5099.1,999.0,0,1.0,0.0,0.0,2,8,0.0,4,5,1,1
26796,50.0,2,999,0,1.4,93.918,-42.7,4.96,5228.1,999.0,0,1.0,0.0,0.0,2,5,0.0,6,7,1,1
26797,41.0,1,999,0,-1.7,94.027,-38.3,0.904,4991.6,999.0,0,1.0,0.0,0.0,2,7,0.0,7,8,1,1
26798,55.0,4,999,0,1.4,94.465,-41.8,4.962,5228.1,999.0,0,0.0,0.0,1.0,1,2,0.0,3,6,1,1
26799,45.0,4,999,1,-1.8,92.893,-46.2,1.334,5099.1,999.0,2,1.0,0.0,0.0,2,7,0.0,7,5,1,2
26800,37.0,1,999,0,1.4,93.444,-36.1,4.963,5228.1,999.0,0,0.0,0.0,1.0,2,7,0.0,6,8,1,1
26801,31.0,1,999,0,1.1,93.994,-36.4,4.858,5191.0,999.0,0,0.0,0.0,1.0,2,7,0.0,5,5,1,1
26802,31.0,6,999,0,-1.8,92.893,-46.2,1.244,5099.1,999.0,0,1.0,0.0,1.0,3,5,0.0,6,5,2,1
26803,40.0,1,999,0,-1.8,92.893,-46.2,1.313,5099.1,999.0,0,1.0,0.0,0.0,2,3,0.0,4,5,1,1
26804,39.0,1,999,0,1.4,93.918,-42.7,4.962,5228.1,999.0,0,1.0,0.0,0.0,3,8,0.0,6,7,1,1
26805,37.0,3,999,0,1.1,93.994,-36.4,4.857,5191.0,999.0,0,0.0,0.0,1.0,1,8,0.0,4,5,1,1
26806,31.0,12,999,0,1.1,93.994,-36.4,4.856,5191.0,999.0,0,0.0,1.0,1.0,2,7,0.0,3,5,1,1
26807,30.0,5,999,0,1.4,93.918,-42.7,4.968,5228.1,999.0,0,1.0,0.0,0.0,1,5,0.0,9,7,1,1
26808,52.0,3,999,0,1.1,93.994,-36.4,4.857,5191.0,999.0,0,0.0,1.0,1.0,3,7,0.0,3,5,1,1
26809,31.0,1,999,0,1.4,94.465,-41.8,4.864,5228.1,999.0,0,0.0,0.0,1.0,1,4,0.0,4,6,1,1
26810,44.0,1,999,0,-0.1,93.2,-42.0,4.076,5195.8,999.0,0,1.0,0.0,0.0,2,8,0.0,6,11,1,1
26811,31.0,2,999,0,-1.8,92.893,-46.2,1.281,5099.1,999.0,0,0.0,0.0,0.0,2,7,0.0,6,5,1,1
26812,31.0,2,999,0,1.1,93.994,-36.4,4.856,5191.0,999.0,0,0.0,0.0,1.0,2,5,0.0,9,5,1,1
26813,31.0,1,999,0,1.4,93.918,-42.7,4.959,5228.1,999.0,0,1.0,0.0,1.0,1,8,0.0,6,7,1,1
26814,51.0,1,999,0,1.4,93.918,-42.7,4.962,5228.1,999.0,0,0.0,1.0,0.0,2,7,0.0,3,7,1,1
26815,35.0,2,999,0,1.1,93.994,-36.4,4.857,5191.0,999.0,0,1.0,1.0,1.0,2,4,0.0,3,5,1,1
26816,31.0,5,999,0,-3.4,92.431,-26.9,0.733,5017.5,999.0,0,0.0,0.0,0.0,2,7,0.0,10,10,1,1
26817,43.0,1,999,1,-1.8,92.893,-46.2,1.291,5099.1,999.0,0,1.0,1.0,0.0,2,8,0.0,4,5,1,2
26818,31.0,2,999,0,1.4,93.444,-36.1,4.963,5228.1,999.0,0,0.0,0.0,0.0,2,8,0.0,6,8,2,1
26819,85.0,3,999,0,-1.8,93.075,-47.1,1.405,5099.1,999.0,0,1.0,0.0,0.0,2,2,0.0,8,4,1,1
26820,35.0,1,999,0,-0.1,93.2,-42.0,4.191,5195.8,999.0,0,1.0,0.0,0.0,3,5,0.0,6,11,2,1
26821,31.0,4,999,0,-0.1,93.2,-42.0,4.076,5195.8,999.0,0,1.0,0.0,0.0,2,6,0.0,5,11,1,1
26822,36.0,1,999,0,1.4,93.918,-42.7,4.966,5228.1,999.0,0,0.0,0.0,1.0,2,8,0.0,8,7,1,1
26823,40.0,9,999,0,1.4,93.918,-42.7,4.962,5228.1,999.0,0,0.0,0.0,0.0,2,8,0.0,1,7,2,1
26824,32.0,3,999,0,-1.8,92.893,-46.2,1.266,5099.1,999.0,0,1.0,0.0,0.0,1,7,0.0,9,5,1,1
26825,29.0,1,999,0,-0.1,93.2,-42.0,4.12,5195.8,999.0,0,0.0,0.0,0.0,1,4,0.0,4,11,1,1
26826,37.0,1,999,0,-1.8,92.893,-46.2,1.281,5099.1,999.0,0,0.0,0.0,0.0,3,6,0.0,5,5,1,1
26827,30.0,2,999,0,1.4,93.918,-42.7,4.961,5228.1,999.0,0,0.0,1.0,0.0,1,7,0.0,6,7,1,1
26828,54.0,1,999,0,-1.8,92.893,-46.2,1.264,5099.1,999.0,0,0.0,0.0,0.0,1,7,0.0,6,5,2,1
26829,31.0,1,999,0,1.1,93.994,-36.4,4.857,5191.0,999.0,0,0.0,0.0,1.0,3,8,0.0,4,5,1,1
26830,31.0,2,999,0,1.4,93.918,-42.7,4.961,5228.1,999.0,0,1.0,0.0,0.0,1,8,0.0,3,7,1,1
26831,31.0,1,9,2,-1.1,94.601,-49.5,1.032,4963.6,0.3,2,1.0,0.0,0.0,2,8,0.0,5,10,2,3
26832,36.0,2,999,0,1.4,93.918,-42.7,4.959,5228.1,999.0,0,0.0,0.0,1.0,2,7,0.0,7,7,1,1
26833,30.0,2,999,0,1.4,93.444,-36.1,4.962,5228.1,999.0,0,0.0,0.0,0.0,2,7,0.0,5,8,1,1
26834,51.0,1,999,0,1.4,93.444,-36.1,4.963,5228.1,999.0,0,1.0,0.0,0.0,2,7,0.0,6,8,1,1
26835,31.0,3,999,0,1.1,93.994,-36.4,4.857,5191.0,999.0,0,0.0,0.0,1.0,2,2,0.0,4,5,1,1
26836,39.0,3,999,0,-1.8,92.893,-46.2,1.266,5099.1,999.0,0,1.0,0.0,0.0,2,4,0.0,4,5,1,1
26837,41.0,1,999,0,-0.1,93.2,-42.0,4.191,5195.8,999.0,0,1.0,0.0,0.0,3,7,0.0,6,11,2,1
26838,39.0,2,999,0,1.4,93.918,-42.7,4.96,5228.1,999.0,0,0.0,0.0,0.0,2,5,0.0,1,7,1,1
26839,31.0,1,999,0,-1.8,93.075,-47.1,1.405,5099.1,999.0,0,1.0,0.0,0.0,2,5,0.0,9,4,1,1
26840,39.0,1,999,0,-1.8,92.893,-46.2,1.327,5099.1,999.0,0,1.0,0.0,0.0,2,7,0.0,3,5,1,1
26841,29.0,2,999,1,-0.1,93.2,-42.0,4.076,5195.8,999.0,0,1.0,0.0,0.0,1,8,0.0,6,11,1,2
26842,37.0,1,999,0,-2.9,92.963,-40.8,1.26,5076.2,999.0,0,0.0,0.0,0.0,2,6,0.0,5,6,2,1
26843,35.0,2,999,0,-3.4,92.379,-29.8,0.803,5017.5,999.0,0,1.0,0.0,0.0,3,5,0.0,9,9,1,1
26844,86.0,2,999,0,-3.0,92.713,-33.0,0.715,5023.5,999.0,0,0.0,0.0,1.0,2,6,0.0,8,12,1,1
26845,39.0,4,999,0,1.1,93.994,-36.4,4.86,5191.0,999.0,0,1.0,1.0,1.0,2,2,0.0,4,5,1,1
26846,31.0,21,999,0,1.4,94.465,-41.8,4.959,5228.1,999.0,0,1.0,1.0,1.0,1,6,0.0,5,6,1,1
26847,31.0,1,999,0,1.4,93.918,-42.7,4.962,5228.1,999.0,0,1.0,0.0,0.0,1,6,0.0,4,7,1,1
26848,31.0,1,999,0,1.4,93.444,-36.1,4.965,5228.1,999.0,0,1.0,0.0,0.0,1,7,0.0,6,8,1,1
26849,44.0,1,999,1,-1.8,92.893,-46.2,1.266,5099.1,999.0,4,0.0,0.0,1.0,2,8,0.0,9,5,1,2
26850,31.0,3,999,0,1.4,94.465,-41.8,4.96,5228.1,999.0,0,0.0,0.0,1.0,2,7,0.0,3,6,2,1
26851,30.0,1,999,0,-0.1,93.2,-42.0,4.076,5195.8,999.0,0,1.0,0.0,0.0,1,5,0.0,4,11,1,1
26852,18.0,2,999,0,-3.0,92.713,-33.0,0.712,5023.5,999.0,0,0.0,0.0,0.0,1,4,0.0,11,12,1,1
26853,49.0,1,999,0,-0.1,93.2,-42.0,4.153,5195.8,999.0,0,1.0,0.0,0.0,2,8,0.0,6,11,1,1
26854,42.0,1,999,0,-0.1,93.2,-42.0,4.12,5195.8,999.0,0,1.0,0.0,0.0,1,7,0.0,7,11,1,1
26855,30.0,1,999,0,-1.8,93.075,-47.1,1.365,5099.1,999.0,0,0.0,0.0,0.0,1,8,0.0,6,4,1,1
26856,53.0,7,999,0,1.4,93.918,-42.7,4.962,5228.1,999.0,0,1.0,0.0,0.0,2,5,0.0,8,7,1,1
26857,35.0,1,999,0,1.1,93.994,-36.4,4.859,5191.0,999.0,0,1.0,0.0,1.0,2,7,0.0,6,5,1,1
26858,42.0,2,999,0,1.1,93.994,-36.4,4.857,5191.0,999.0,0,0.0,0.0,1.0,2,8,0.0,9,5,1,1
26859,31.0,1,999,0,-1.8,93.075,-47.1,1.365,5099.1,999.0,0,0.0,0.0,0.0,2,7,0.0,6,4,1,1
26860,31.0,1,999,0,-1.8,92.893,-46.2,1.291,5099.1,999.0,0,1.0,0.0,0.0,2,7,0.0,6,5,1,1
26861,30.0,2,999,0,-3.4,92.431,-26.9,0.742,5017.5,999.0,0,1.0,0.0,0.0,2,7,0.0,3,10,1,1
26862,44.0,1,999,1,-0.1,93.2,-42.0,4.191,5195.8,999.0,5,0.0,0.0,0.0,1,4,0.0,8,11,2,2
26863,38.0,3,999,0,1.4,94.465,-41.8,4.959,5228.1,999.0,0,1.0,1.0,1.0,2,4,0.0,9,6,1,1
26864,37.0,1,999,0,1.4,93.444,-36.1,4.964,5228.1,999.0,0,1.0,0.0,0.0,2,6,0.0,5,8,1,1
26865,33.0,2,999,0,1.4,94.465,-41.8,4.967,5228.1,999.0,0,1.0,1.0,1.0,2,8,0.0,6,6,1,1
26866,31.0,2,999,0,-0.1,93.2,-42.0,4.021,5195.8,999.0,0,1.0,0.0,1.0,1,8,0.0,6,11,1,1
26867,39.0,1,999,1,-0.1,93.2,-42.0,4.191,5195.8,999.0,1,1.0,0.0,0.0,2,6,0.0,10,11,2,2
26868,44.0,1,999,0,1.4,93.918,-42.7,4.96,5228.1,999.0,0,0.0,0.0,0.0,1,8,0.0,3,7,2,1
26869,29.0,1,6,1,-1.8,93.075,-47.1,1.405,5099.1,0.2,2,0.0,1.0,0.0,1,5,0.0,6,4,1,3
26870,33.0,1,999,0,1.4,93.444,-36.1,4.963,5228.1,999.0,0,1.0,0.0,0.0,2,8,0.0,5,8,1,1
26871,32.0,5,999,0,1.4,94.465,-41.8,4.864,5228.1,999.0,0,0.0,0.0,1.0,2,2,0.0,4,6,1,1
26872,31.0,6,999,1,-1.8,92.893,-46.2,1.313,5099.1,999.0,1,0.0,1.0,0.0,2,6,0.0,5,5,1,2
26873,30.0,3,999,0,1.4,93.918,-42.7,4.957,5228.1,999.0,0,1.0,1.0,0.0,1,8,0.0,6,7,1,1
26874,31.0,4,999,0,1.4,93.444,-36.1,4.963,5228.1,999.0,0,0.0,0.0,0.0,3,7,0.0,6,8,1,1
26875,56.0,8,999,0,1.4,94.465,-41.8,4.959,5228.1,999.0,0,1.0,0.0,1.0,2,2,0.0,4,6,1,1
26876,45.0,1,999,0,1.4,94.465,-41.8,4.865,5228.1,999.0,0,1.0,0.0,1.0,2,8,0.0,6,6,2,1
26877,49.0,5,999,0,1.1,93.994,-36.4,4.864,5191.0,999.0,0,1.0,1.0,1.0,1,8,0.0,1,5,1,1
26878,22.0,1,3,1,-1.7,94.055,-39.8,0.704,4991.6,0.1,3,0.0,0.0,0.0,1,8,0.0,6,6,1,3
26879,56.0,2,999,0,1.1,93.994,-36.4,4.857,5191.0,999.0,0,0.0,0.0,1.0,3,8,0.0,6,5,2,1
26880,31.0,4,999,0,1.4,93.444,-36.1,4.964,5228.1,999.0,0,1.0,0.0,0.0,2,8,0.0,8,8,1,1
26881,25.0,4,999,0,1.1,93.994,-36.4,4.864,5191.0,999.0,0,0.0,0.0,1.0,2,3,0.0,4,5,1,1
26882,40.0,1,999,0,1.1,93.994,-36.4,4.856,5191.0,999.0,0,0.0,0.0,1.0,2,2,0.0,4,5,1,1
26883,33.0,1,999,0,-1.8,92.893,-46.2,1.327,5099.1,999.0,0,1.0,0.0,0.0,1,7,0.0,6,5,1,1
26884,38.0,2,999,0,1.4,93.444,-36.1,4.968,5228.1,999.0,0,0.0,0.0,0.0,1,5,0.0,4,8,1,1
26885,46.0,1,999,0,1.4,93.444,-36.1,4.964,5228.1,999.0,0,0.0,0.0,0.0,2,8,0.0,9,8,1,1
26886,31.0,3,999,0,1.4,93.444,-36.1,4.964,5228.1,999.0,0,1.0,0.0,0.0,2,3,0.0,4,8,1,1
26887,37.0,1,999,0,1.1,93.994,-36.4,4.864,5191.0,999.0,0,1.0,1.0,1.0,2,6,0.0,5,5,1,1
26888,43.0,1,999,0,1.1,93.994,-36.4,4.856,5191.0,999.0,0,0.0,0.0,1.0,2,4,0.0,9,5,1,1
26889,51.0,1,999,1,-2.9,92.963,-40.8,1.26,5076.2,999.0,0,1.0,0.0,0.0,2,8,0.0,10,6,1,2
26890,31.0,4,999,0,1.4,93.444,-36.1,4.964,5228.1,999.0,0,1.0,0.0,0.0,1,6,0.0,5,8,1,1
26891,52.0,2,999,0,1.1,93.994,-36.4,4.864,5191.0,999.0,0,1.0,0.0,1.0,2,7,0.0,1,5,1,1
26892,43.0,2,999,0,1.1,93.994,-36.4,4.858,5191.0,999.0,0,1.0,0.0,1.0,2,5,0.0,6,5,1,1
26893,31.0,2,999,0,1.4,94.465,-41.8,4.865,5228.1,999.0,0,1.0,1.0,1.0,1,7,0.0,11,6,2,1
26894,29.0,1,999,0,1.4,93.918,-42.7,4.957,5228.1,999.0,0,0.0,0.0,0.0,2,8,0.0,6,7,1,1
26895,52.0,3,999,0,1.1,93.994,-36.4,4.857,5191.0,999.0,0,1.0,0.0,1.0,2,6,0.0,5,5,1,1
26896,49.0,5,999,0,1.4,94.465,-41.8,4.959,5228.1,999.0,0,0.0,0.0,1.0,3,2,0.0,4,6,1,1
26897,31.0,2,999,0,1.4,93.918,-42.7,4.958,5228.1,999.0,0,1.0,0.0,1.0,2,2,0.0,7,7,1,1
26898,46.0,1,999,1,-1.8,92.893,-46.2,1.264,5099.1,999.0,5,0.0,0.0,0.0,1,7,0.0,6,5,2,2
26899,59.0,1,999,0,1.4,93.444,-36.1,4.965,5228.1,999.0,0,0.0,1.0,0.0,2,7,0.0,8,8,1,1
26900,33.0,1,999,0,-1.8,93.075,-47.1,1.405,5099.1,999.0,0,1.0,0.0,0.0,2,5,0.0,5,4,2,1
26901,28.0,1,999,1,-1.8,92.893,-46.2,1.266,5099.1,999.0,2,1.0,0.0,0.0,1,4,0.0,4,5,1,2
26902,31.0,3,999,0,-1.8,93.075,-47.1,1.479,5099.1,999.0,0,1.0,0.0,0.0,2,8,0.0,4,4,1,1
26903,50.0,1,999,1,-0.1,93.2,-42.0,4.076,5195.8,999.0,1,1.0,0.0,0.0,2,6,0.0,5,11,1,2
26904,35.0,2,999,0,1.4,94.465,-41.8,4.96,5228.1,999.0,0,0.0,0.0,1.0,2,8,0.0,7,6,2,1
26905,47.0,2,999,0,1.4,93.444,-36.1,4.963,5228.1,999.0,0,0.0,0.0,0.0,2,7,0.0,6,8,1,1
26906,31.0,2,999,0,-3.4,92.649,-30.1,0.722,5017.5,999.0,0,0.0,0.0,0.0,1,4,0.0,11,11,2,1
26907,81.0,1,999,0,-1.8,92.893,-46.2,1.259,5099.1,999.0,0,1.0,1.0,0.0,3,8,0.0,8,5,1,1
26908,31.0,2,999,0,-1.8,93.075,-47.1,1.405,5099.1,999.0,0,1.0,0.0,1.0,1,7,0.0,5,4,1,1
26909,54.0,3,999,0,1.4,93.918,-42.7,4.962,5228.1,999.0,0,1.0,0.0,0.0,2,5,0.0,6,7,1,1
26910,58.0,1,999,1,-1.8,92.893,-46.2,1.281,5099.1,999.0,1,1.0,1.0,0.0,2,2,0.0,3,5,1,2
26911,49.0,2,999,0,1.4,93.918,-42.7,4.963,5228.1,999.0,0,0.0,1.0,0.0,3,8,0.0,1,7,1,1
26912,57.0,4,999,0,1.4,93.918,-42.7,4.961,5228.1,999.0,0,0.0,0.0,0.0,2,8,0.0,12,7,1,1
26913,50.0,2,999,0,-1.8,92.893,-46.2,1.299,5099.1,999.0,0,1.0,0.0,0.0,2,8,0.0,4,5,2,1
26914,31.0,1,999,1,-1.8,93.075,-47.1,1.479,5099.1,999.0,0,0.0,0.0,0.0,2,8,0.0,9,4,1,2
26915,36.0,2,999,1,-1.8,92.893,-46.2,1.244,5099.1,999.0,3,1.0,0.0,0.0,1,8,0.0,9,5,2,2
26916,35.0,10,999,0,1.4,93.918,-42.7,4.957,5228.1,999.0,0,1.0,0.0,0.0,1,7,0.0,5,7,1,1
26917,31.0,1,999,0,1.4,93.444,-36.1,4.964,5228.1,999.0,0,0.0,0.0,0.0,2,3,0.0,4,8,1,1
26918,33.0,2,999,0,1.4,93.918,-42.7,4.961,5228.1,999.0,0,0.0,1.0,0.0,2,8,0.0,6,7,1,1
26919,29.0,1,999,0,1.4,94.465,-41.8,4.958,5228.1,999.0,0,0.0,0.0,1.0,2,6,0.0,9,6,1,1
26920,31.0,2,999,0,1.1,93.994,-36.4,4.858,5191.0,999.0,0,0.0,0.0,1.0,2,4,0.0,4,5,1,1
26921,45.0,3,999,0,-1.8,93.075,-47.1,1.405,5099.1,999.0,0,0.0,1.0,0.0,2,4,0.0,4,4,1,1
26922,31.0,4,999,0,1.1,93.994,-36.4,4.857,5191.0,999.0,0,0.0,0.0,1.0,2,4,0.0,1,5,1,1
26923,34.0,1,999,0,-1.8,92.893,-46.2,1.244,5099.1,999.0,0,1.0,1.0,0.0,2,6,0.0,6,5,2,1
26924,38.0,1,999,1,-1.8,93.369,-34.8,0.655,5008.7,999.0,1,0.0,0.0,0.0,1,8,0.0,4,3,1,2
26925,31.0,1,999,0,1.1,93.994,-36.4,4.864,5191.0,999.0,0,1.0,1.0,1.0,2,2,0.0,4,5,1,1
26926,30.0,1,999,0,1.4,94.465,-41.8,4.865,5228.1,999.0,0,1.0,1.0,1.0,2,5,0.0,2,6,2,1
26927,42.0,3,999,0,1.4,93.918,-42.7,4.957,5228.1,999.0,0,1.0,0.0,0.0,1,7,0.0,6,7,1,1
26928,53.0,1,999,0,-1.8,92.893,-46.2,1.354,5099.1,999.0,0,1.0,0.0,0.0,3,7,0.0,6,5,2,1
26929,56.0,1,999,0,-1.8,92.893,-46.2,1.25,5099.1,999.0,0,0.0,0.0,0.0,2,5,0.0,9,5,1,1
26930,23.0,2,999,0,-1.8,92.893,-46.2,1.266,5099.1,999.0,0,1.0,0.0,0.0,1,8,0.0,6,5,1,1
26931,39.0,2,999,0,1.4,93.918,-42.7,4.96,5228.1,999.0,0,1.0,0.0,0.0,1,8,0.0,6,7,2,1
26932,31.0,1,999,0,1.4,93.918,-42.7,4.963,5228.1,999.0,0,1.0,1.0,0.0,1,2,0.0,4,7,1,1
26933,36.0,1,999,0,1.1,93.994,-36.4,4.859,5191.0,999.0,0,0.0,0.0,1.0,2,8,0.0,2,5,1,1
26934,61.0,1,999,0,-2.9,92.963,-40.8,1.26,5076.2,999.0,0,1.0,0.0,0.0,2,8,0.0,6,6,1,1
26935,39.0,1,999,0,1.4,93.918,-42.7,4.963,5228.1,999.0,0,0.0,0.0,0.0,2,7,0.0,4,7,1,1
26936,26.0,4,999,0,1.4,93.918,-42.7,4.96,5228.1,999.0,0,0.0,0.0,0.0,2,5,0.0,6,7,2,1
26937,39.0,1,999,0,-1.8,93.075,-47.1,1.405,5099.1,999.0,0,0.0,0.0,0.0,2,8,0.0,4,4,1,1
26938,58.0,5,999,0,1.4,93.444,-36.1,4.963,5228.1,999.0,0,1.0,0.0,0.0,2,8,0.0,6,8,1,1
26939,31.0,2,999,0,-0.1,93.2,-42.0,4.12,5195.8,999.0,0,1.0,0.0,0.0,2,8,0.0,4,11,1,1
26940,24.0,2,999,0,-1.8,92.893,-46.2,1.281,5099.1,999.0,0,1.0,0.0,0.0,1,4,0.0,4,5,1,1
26941,35.0,2,999,1,-0.1,93.2,-42.0,4.12,5195.8,999.0,2,0.0,0.0,0.0,1,5,0.0,4,11,1,2
26942,35.0,1,999,0,1.4,94.465,-41.8,4.96,5228.1,999.0,0,0.0,0.0,1.0,2,8,0.0,6,6,1,1
26943,39.0,1,999,0,1.4,93.444,-36.1,4.965,5228.1,999.0,0,1.0,0.0,1.0,2,7,0.0,3,8,1,1
26944,31.0,16,999,0,1.4,93.918,-42.7,4.96,5228.1,999.0,0,1.0,0.0,0.0,2,8,0.0,4,7,2,1
26945,31.0,3,999,0,1.4,93.444,-36.1,4.964,5228.1,999.0,0,1.0,1.0,0.0,2,8,0.0,3,8,1,1
26946,31.0,2,999,0,-1.8,92.893,-46.2,1.244,5099.1,999.0,0,0.0,0.0,0.0,1,8,0.0,5,5,2,1
26947,31.0,1,3,2,-2.9,92.963,-40.8,1.262,5076.2,0.1,2,1.0,1.0,0.0,1,4,0.0,4,6,1,3
26948,32.0,1,999,0,-0.1,93.2,-42.0,4.406,5195.8,999.0,0,0.0,0.0,1.0,1,7,0.0,6,11,2,1
26949,30.0,3,999,0,1.4,93.444,-36.1,4.964,5228.1,999.0,0,1.0,1.0,0.0,1,8,0.0,5,8,1,1
26950,53.0,2,999,1,-1.7,94.027,-38.3,0.898,4991.6,999.0,6,1.0,0.0,1.0,2,4,0.0,9,8,2,2
26951,35.0,1,999,0,1.4,93.444,-36.1,4.968,5228.1,999.0,0,0.0,0.0,0.0,1,7,0.0,5,8,1,1
26952,32.0,9,999,0,-1.8,92.893,-46.2,1.344,5099.1,999.0,0,1.0,0.0,0.0,2,6,0.0,5,5,1,1
26953,47.0,3,999,0,1.4,93.444,-36.1,4.966,5228.1,999.0,0,1.0,0.0,0.0,2,6,0.0,5,8,1,1
26954,49.0,1,999,0,-2.9,92.201,-31.4,0.883,5076.2,999.0,0,1.0,1.0,0.0,3,7,0.0,3,8,1,1
26955,32.0,3,999,0,1.4,93.444,-36.1,4.966,5228.1,999.0,0,1.0,0.0,0.0,1,7,0.0,5,8,1,1
26956,31.0,2,999,0,1.4,93.918,-42.7,4.968,5228.1,999.0,0,1.0,0.0,0.0,1,8,0.0,5,7,1,1
26957,59.0,4,999,0,1.1,93.994,-36.4,4.858,5191.0,999.0,0,0.0,0.0,1.0,1,6,0.0,6,5,1,1
26958,31.0,2,999,0,1.4,94.465,-41.8,4.864,5228.1,999.0,0,1.0,0.0,1.0,2,2,0.0,4,6,1,1
26959,31.0,2,999,0,1.4,93.918,-42.7,4.957,5228.1,999.0,0,0.0,0.0,0.0,1,5,0.0,4,7,1,1
26960,43.0,1,999,0,-0.1,93.2,-42.0,4.12,5195.8,999.0,0,1.0,0.0,0.0,2,4,0.0,4,11,1,1
26961,35.0,7,999,0,1.1,93.994,-36.4,4.864,5191.0,999.0,0,1.0,0.0,1.0,1,8,0.0,4,5,1,1
26962,52.0,2,999,0,-2.9,92.963,-40.8,1.268,5076.2,999.0,0,0.0,0.0,1.0,2,7,0.0,3,6,1,1
26963,31.0,1,999,0,-0.1,93.2,-42.0,4.076,5195.8,999.0,0,1.0,1.0,0.0,1,7,0.0,3,11,1,1
26964,31.0,1,999,0,1.4,94.465,-41.8,4.866,5228.1,999.0,0,0.0,0.0,1.0,1,8,0.0,9,6,1,1
26965,25.0,2,999,0,1.4,93.918,-42.7,4.962,5228.1,999.0,0,0.0,1.0,0.0,1,5,0.0,5,7,1,1
26966,31.0,1,999,0,-1.8,93.369,-34.8,0.635,5008.7,999.0,0,0.0,0.0,0.0,1,7,0.0,6,3,1,1
26967,40.0,2,999,0,-1.8,92.893,-46.2,1.27,5099.1,999.0,0,1.0,0.0,0.0,2,8,0.0,4,5,1,1
26968,33.0,2,999,0,-2.9,92.963,-40.8,1.268,5076.2,999.0,0,0.0,0.0,0.0,1,8,0.0,6,6,1,1
26969,31.0,2,999,0,1.1,93.994,-36.4,4.86,5191.0,999.0,0,0.0,0.0,1.0,2,6,0.0,5,5,1,1
26970,54.0,2,999,0,1.1,93.994,-36.4,4.858,5191.0,999.0,0,0.0,0.0,1.0,2,4,0.0,4,5,1,1
26971,28.0,1,999,0,1.4,93.918,-42.7,4.962,5228.1,999.0,0,0.0,0.0,0.0,2,5,0.0,9,7,1,1
26972,56.0,5,999,0,-0.1,93.2,-42.0,4.021,5195.8,999.0,0,0.0,0.0,0.0,2,6,0.0,5,11,1,1
26973,33.0,4,999,0,-1.8,92.893,-46.2,1.25,5099.1,999.0,0,0.0,0.0,0.0,2,3,0.0,4,5,1,1
26974,32.0,3,999,0,1.4,93.444,-36.1,4.965,5228.1,999.0,0,1.0,0.0,0.0,2,7,0.0,3,8,1,1
26975,32.0,3,999,0,1.4,94.465,-41.8,4.967,5228.1,999.0,0,1.0,0.0,1.0,2,7,0.0,2,6,1,1
26976,31.0,1,999,0,1.4,93.444,-36.1,4.964,5228.1,999.0,0,0.0,0.0,0.0,2,7,0.0,5,8,1,1
26977,42.0,3,999,0,1.4,93.444,-36.1,4.965,5228.1,999.0,0,0.0,0.0,0.0,2,8,0.0,5,8,2,1
26978,32.0,1,999,0,1.4,93.444,-36.1,4.963,5228.1,999.0,0,1.0,0.0,0.0,2,7,0.0,6,8,1,1
26979,33.0,1,999,0,1.4,93.444,-36.1,4.966,5228.1,999.0,0,0.0,0.0,0.0,2,4,0.0,1,8,1,1
26980,52.0,2,999,0,-1.8,93.075,-47.1,1.405,5099.1,999.0,0,1.0,0.0,0.0,2,7,0.0,6,4,2,1
26981,29.0,2,999,0,1.1,93.994,-36.4,4.858,5191.0,999.0,0,1.0,0.0,1.0,1,4,0.0,6,5,1,1
26982,46.0,1,999,0,1.4,93.918,-42.7,4.957,5228.1,999.0,0,0.0,0.0,0.0,2,2,0.0,4,7,1,1
26983,41.0,2,999,0,1.4,93.444,-36.1,4.97,5228.1,999.0,0,1.0,1.0,0.0,2,8,0.0,5,8,2,1
26984,50.0,2,999,1,-2.9,92.201,-31.4,0.859,5076.2,999.0,3,0.0,0.0,0.0,2,7,0.0,6,8,1,2
26985,48.0,4,999,0,1.4,93.918,-42.7,4.961,5228.1,999.0,0,0.0,0.0,0.0,1,7,0.0,6,7,1,1
26986,51.0,3,999,0,1.4,93.918,-42.7,4.961,5228.1,999.0,0,1.0,0.0,0.0,2,4,0.0,4,7,1,1
26987,55.0,8,999,2,-1.8,92.893,-46.2,1.25,5099.1,999.0,4,1.0,0.0,0.0,2,8,0.0,2,5,1,2
26988,31.0,1,999,0,1.1,93.994,-36.4,4.86,5191.0,999.0,0,1.0,0.0,1.0,2,3,0.0,6,5,1,1
26989,31.0,3,999,0,1.1,93.994,-36.4,4.864,5191.0,999.0,0,1.0,0.0,1.0,1,8,0.0,6,5,1,1
26990,31.0,1,999,1,-0.1,93.2,-42.0,4.12,5195.8,999.0,1,1.0,1.0,0.0,1,4,0.0,5,11,1,2
26991,32.0,13,999,0,1.4,93.918,-42.7,4.963,5228.1,999.0,0,0.0,0.0,0.0,3,8,0.0,4,7,1,1
26992,54.0,2,999,1,-1.8,92.893,-46.2,1.334,5099.1,999.0,2,1.0,1.0,0.0,3,8,0.0,3,5,1,2
26993,32.0,1,999,0,1.1,93.994,-36.4,4.857,5191.0,999.0,0,0.0,0.0,1.0,1,6,0.0,5,5,2,1
26994,43.0,2,999,0,1.1,93.994,-36.4,4.857,5191.0,999.0,0,0.0,0.0,1.0,2,4,0.0,5,5,2,1
26995,31.0,1,999,0,1.1,93.994,-36.4,4.858,5191.0,999.0,0,1.0,0.0,1.0,2,3,0.0,4,5,1,1
26996,27.0,1,999,0,-1.8,93.749,-34.6,0.635,5008.7,999.0,0,0.0,0.0,0.0,1,8,0.0,11,4,1,1
26997,31.0,5,999,0,1.4,93.918,-42.7,4.962,5228.1,999.0,0,1.0,0.0,0.0,2,8,0.0,4,7,1,1
26998,31.0,2,999,0,-2.9,92.201,-31.4,0.854,5076.2,999.0,0,0.0,0.0,0.0,1,4,0.0,11,8,1,1
26999,39.0,1,999,0,1.4,94.465,-41.8,4.959,5228.1,999.0,0,0.0,0.0,1.0,2,5,0.0,7,6,1,1
27000,33.0,1,999,0,1.4,93.444,-36.1,4.966,5228.1,999.0,0,0.0,0.0,0.0,2,8,0.0,5,8,1,1
27001,25.0,1,999,0,1.1,93.994,-36.4,4.864,5191.0,999.0,0,0.0,0.0,1.0,2,7,0.0,6,5,1,1
27002,50.0,8,999,0,1.4,93.918,-42.7,4.961,5228.1,999.0,0,1.0,0.0,1.0,2,2,0.0,4,7,1,1
27003,45.0,2,999,0,1.1,93.994,-36.4,4.859,5191.0,999.0,0,0.0,0.0,1.0,2,7,0.0,3,5,1,1
27004,31.0,1,999,0,-1.8,92.893,-46.2,1.291,5099.1,999.0,0,0.0,0.0,0.0,2,2,0.0,4,5,1,1
27005,30.0,3,999,0,1.1,93.994,-36.4,4.855,5191.0,999.0,0,0.0,0.0,1.0,2,3,0.0,4,5,1,1
27006,35.0,2,999,0,1.1,93.994,-36.4,4.855,5191.0,999.0,0,1.0,1.0,1.0,2,6,0.0,6,5,1,1
27007,35.0,1,999,0,-1.8,92.893,-46.2,1.259,5099.1,999.0,0,0.0,0.0,0.0,3,6,0.0,5,5,1,1
27008,34.0,1,999,0,1.1,93.994,-36.4,4.856,5191.0,999.0,0,0.0,0.0,1.0,2,8,0.0,5,5,1,1
27009,31.0,1,999,0,1.4,93.444,-36.1,4.964,5228.1,999.0,0,1.0,0.0,0.0,1,7,0.0,6,8,1,1
27010,43.0,7,999,0,1.4,93.918,-42.7,4.961,5228.1,999.0,0,1.0,1.0,0.0,3,8,0.0,9,7,1,1
27011,28.0,1,999,0,-1.8,93.075,-47.1,1.392,5099.1,999.0,0,0.0,0.0,0.0,1,4,0.0,4,4,2,1
27012,53.0,1,999,0,-1.8,92.893,-46.2,1.313,5099.1,999.0,0,1.0,0.0,0.0,2,5,0.0,6,5,1,1
27013,40.0,1,999,1,-2.9,92.963,-40.8,1.215,5076.2,999.0,3,0.0,0.0,1.0,2,8,0.0,4,6,2,2
27014,34.0,3,999,0,-1.8,92.893,-46.2,1.291,5099.1,999.0,0,1.0,0.0,0.0,1,7,0.0,1,5,1,1
27015,28.0,1,999,0,-2.9,92.201,-31.4,0.879,5076.2,999.0,0,0.0,0.0,0.0,1,7,0.0,6,8,1,1
27016,32.0,3,999,0,1.1,93.994,-36.4,4.86,5191.0,999.0,0,1.0,0.0,1.0,2,3,0.0,4,5,1,1
27017,48.0,2,999,0,1.4,93.918,-42.7,4.96,5228.1,999.0,0,0.0,0.0,1.0,3,8,0.0,6,7,2,1
27018,48.0,1,999,0,1.4,93.918,-42.7,4.963,5228.1,999.0,0,1.0,1.0,0.0,3,8,0.0,5,7,1,1
27019,31.0,1,999,1,-0.1,93.2,-42.0,4.12,5195.8,999.0,5,0.0,0.0,0.0,2,8,0.0,9,11,1,2
27020,28.0,2,999,0,1.4,94.465,-41.8,4.961,5228.1,999.0,0,1.0,0.0,1.0,1,4,0.0,4,6,2,1
27021,46.0,2,999,0,1.1,93.994,-36.4,4.859,5191.0,999.0,0,0.0,0.0,1.0,2,4,0.0,4,5,1,1
27022,42.0,2,999,0,-1.8,92.893,-46.2,1.291,5099.1,999.0,0,1.0,0.0,1.0,2,8,0.0,4,5,1,1
27023,39.0,1,999,0,-1.8,92.893,-46.2,1.334,5099.1,999.0,0,0.0,0.0,0.0,3,4,0.0,4,5,1,1
27024,32.0,1,999,0,1.4,93.444,-36.1,4.963,5228.1,999.0,0,0.0,0.0,0.0,1,7,0.0,3,8,1,1
27025,31.0,5,999,0,1.4,93.444,-36.1,4.965,5228.1,999.0,0,0.0,0.0,0.0,2,8,0.0,5,8,1,1
27026,52.0,9,999,0,1.4,93.444,-36.1,4.962,5228.1,999.0,0,1.0,0.0,0.0,2,6,0.0,5,8,1,1
27027,41.0,1,999,0,1.1,93.994,-36.4,4.857,5191.0,999.0,0,0.0,1.0,1.0,1,5,0.0,6,5,2,1
27028,49.0,1,999,1,-1.8,92.893,-46.2,1.344,5099.1,999.0,2,1.0,0.0,0.0,2,5,0.0,6,5,1,2
27029,49.0,1,999,0,1.4,93.444,-36.1,4.967,5228.1,999.0,0,1.0,0.0,0.0,2,2,0.0,2,8,1,1
27030,31.0,4,999,0,1.1,93.994,-36.4,4.855,5191.0,999.0,0,0.0,1.0,1.0,2,7,0.0,1,5,1,1
27031,30.0,17,999,0,1.4,93.444,-36.1,4.962,5228.1,999.0,0,0.0,0.0,0.0,2,7,0.0,6,8,1,1
27032,32.0,1,999,0,1.1,93.994,-36.4,4.855,5191.0,999.0,0,0.0,0.0,1.0,2,8,0.0,6,5,1,1
27033,31.0,6,999,0,1.1,93.994,-36.4,4.86,5191.0,999.0,0,1.0,0.0,1.0,2,5,0.0,9,5,1,1
27034,31.0,1,999,0,1.4,94.465,-41.8,4.866,5228.1,999.0,0,1.0,0.0,1.0,1,3,0.0,4,6,1,1
27035,31.0,2,999,0,-1.8,93.075,-47.1,1.466,5099.1,999.0,0,1.0,0.0,0.0,3,5,0.0,8,4,2,1
27036,49.0,1,999,0,1.1,93.994,-36.4,4.857,5191.0,999.0,0,1.0,0.0,1.0,2,8,0.0,6,5,2,1
27037,34.0,3,999,0,-1.8,93.075,-47.1,1.405,5099.1,999.0,0,1.0,0.0,0.0,2,8,0.0,4,4,2,1
27038,38.0,1,999,0,1.4,93.444,-36.1,4.966,5228.1,999.0,0,1.0,1.0,0.0,2,8,0.0,5,8,1,1
27039,41.0,2,999,0,1.4,93.918,-42.7,4.962,5228.1,999.0,0,1.0,0.0,0.0,2,4,0.0,6,7,1,1
27040,31.0,4,999,0,1.4,93.918,-42.7,4.961,5228.1,999.0,0,1.0,0.0,0.0,2,3,0.0,4,7,1,1
27041,31.0,2,1,1,-1.8,93.876,-40.0,0.699,5008.7,0.0333333333333,2,1.0,1.0,1.0,1,5,0.0,11,5,1,3
27042,31.0,5,999,0,-2.9,92.963,-40.8,1.268,5076.2,999.0,0,1.0,0.0,0.0,2,8,0.0,3,6,1,1
27043,31.0,2,999,0,1.4,93.918,-42.7,4.96,5228.1,999.0,0,1.0,0.0,0.0,2,8,0.0,5,7,2,1
27044,31.0,5,999,0,1.1,93.994,-36.4,4.856,5191.0,999.0,0,0.0,0.0,1.0,1,4,0.0,4,5,1,1
27045,30.0,1,999,0,1.4,94.465,-41.8,4.866,5228.1,999.0,0,0.0,0.0,1.0,2,7,0.0,5,6,1,1
27046,36.0,2,999,1,-1.8,93.075,-47.1,1.405,5099.1,999.0,0,0.0,0.0,0.0,1,6,0.0,4,4,2,2
27047,44.0,3,999,0,1.4,93.918,-42.7,4.962,5228.1,999.0,0,1.0,0.0,0.0,1,3,0.0,4,7,2,1
27048,51.0,2,999,0,1.1,93.994,-36.4,4.86,5191.0,999.0,0,1.0,0.0,1.0,3,2,0.0,4,5,1,1
27049,37.0,1,999,0,-1.1,94.199,-37.5,0.879,4963.6,999.0,0,0.0,1.0,0.0,2,7,0.0,6,9,1,1
27050,31.0,7,999,0,-1.8,92.893,-46.2,1.259,5099.1,999.0,0,0.0,0.0,0.0,2,7,0.0,5,5,1,1
27051,31.0,1,999,1,-1.8,92.893,-46.2,1.291,5099.1,999.0,1,1.0,0.0,0.0,1,8,0.0,4,5,1,2
27052,28.0,3,999,0,-2.9,92.201,-31.4,0.825,5076.2,999.0,0,1.0,0.0,1.0,1,8,0.0,11,8,1,1
27053,42.0,3,999,0,1.4,93.918,-42.7,4.963,5228.1,999.0,0,1.0,0.0,0.0,2,4,0.0,4,7,1,1
27054,36.0,4,999,0,1.1,93.994,-36.4,4.857,5191.0,999.0,0,0.0,0.0,1.0,2,4,0.0,4,5,1,1
27055,31.0,2,999,0,-0.1,93.2,-42.0,4.153,5195.8,999.0,0,0.0,0.0,0.0,3,6,0.0,3,11,1,1
27056,30.0,2,999,0,1.4,94.465,-41.8,4.865,5228.1,999.0,0,0.0,0.0,1.0,2,8,0.0,9,6,2,1
27057,31.0,3,999,0,1.4,93.444,-36.1,4.964,5228.1,999.0,0,1.0,1.0,1.0,2,8,0.0,5,8,1,1
27058,41.0,6,999,0,1.1,93.994,-36.4,4.859,5191.0,999.0,0,1.0,0.0,1.0,2,8,0.0,4,5,1,1
27059,31.0,1,999,0,1.4,93.444,-36.1,4.967,5228.1,999.0,0,1.0,1.0,0.0,1,8,0.0,6,8,1,1
27060,32.0,3,999,0,-1.8,93.075,-47.1,1.479,5099.1,999.0,0,1.0,1.0,1.0,2,4,0.0,4,4,1,1
27061,30.0,2,999,0,1.1,93.994,-36.4,4.857,5191.0,999.0,0,0.0,0.0,1.0,2,2,0.0,4,5,1,1
27062,31.0,3,999,0,1.4,93.918,-42.7,4.963,5228.1,999.0,0,0.0,0.0,0.0,2,8,0.0,3,7,1,1
27063,55.0,1,999,1,-0.1,93.2,-42.0,4.021,5195.8,999.0,1,0.0,0.0,0.0,2,8,0.0,5,11,1,2
27064,32.0,2,999,0,1.4,93.444,-36.1,4.965,5228.1,999.0,0,1.0,0.0,0.0,2,6,0.0,5,8,1,1
27065,47.0,1,999,0,-0.1,93.2,-42.0,4.153,5195.8,999.0,0,0.0,0.0,0.0,2,8,0.0,10,11,1,1
27066,31.0,2,999,0,-3.4,92.649,-30.1,0.715,5017.5,999.0,0,0.0,0.0,1.0,2,8,0.0,3,11,1,1
27067,52.0,1,999,1,-0.1,93.2,-42.0,4.12,5195.8,999.0,2,0.0,0.0,0.0,2,7,0.0,8,11,1,2
27068,31.0,1,999,0,1.4,93.918,-42.7,4.962,5228.1,999.0,0,0.0,0.0,0.0,2,4,0.0,4,7,1,1
27069,55.0,3,999,0,1.4,93.918,-42.7,4.962,5228.1,999.0,0,1.0,0.0,0.0,3,8,0.0,4,7,2,1
27070,35.0,3,999,0,1.4,93.918,-42.7,4.962,5228.1,999.0,0,1.0,1.0,1.0,2,8,0.0,4,7,2,1
27071,53.0,1,999,0,-1.8,92.893,-46.2,1.266,5099.1,999.0,0,1.0,0.0,0.0,2,6,0.0,5,5,1,1
27072,36.0,3,999,0,1.4,94.465,-41.8,4.967,5228.1,999.0,0,0.0,1.0,1.0,2,5,0.0,4,6,1,1
27073,31.0,2,999,0,1.4,93.444,-36.1,4.965,5228.1,999.0,0,0.0,0.0,0.0,2,8,0.0,5,8,1,1
27074,36.0,1,999,0,1.1,93.994,-36.4,4.857,5191.0,999.0,0,0.0,0.0,1.0,2,5,0.0,9,5,2,1
27075,45.0,3,999,0,1.4,93.918,-42.7,4.962,5228.1,999.0,0,1.0,0.0,0.0,2,4,0.0,3,7,2,1
27076,33.0,5,999,0,-1.8,93.075,-47.1,1.405,5099.1,999.0,0,1.0,0.0,1.0,1,5,0.0,6,4,2,1
27077,31.0,1,999,0,-0.1,93.2,-42.0,4.076,5195.8,999.0,0,1.0,0.0,0.0,2,5,0.0,6,11,1,1
27078,31.0,2,999,0,1.4,93.444,-36.1,4.967,5228.1,999.0,0,1.0,0.0,0.0,1,6,0.0,5,8,1,1
27079,38.0,4,999,0,1.1,93.994,-36.4,4.858,5191.0,999.0,0,0.0,0.0,1.0,2,8,0.0,6,5,1,1
27080,48.0,5,999,0,-1.8,93.075,-47.1,1.405,5099.1,999.0,0,1.0,0.0,0.0,1,8,0.0,9,4,2,1
27081,31.0,1,999,0,-1.8,92.893,-46.2,1.344,5099.1,999.0,0,1.0,0.0,0.0,1,8,0.0,3,5,1,1
27082,34.0,1,999,0,-2.9,92.201,-31.4,0.884,5076.2,999.0,0,0.0,0.0,0.0,1,6,0.0,5,8,1,1
27083,31.0,3,999,0,1.4,93.918,-42.7,4.962,5228.1,999.0,0,1.0,0.0,0.0,2,3,0.0,10,7,1,1
27084,28.0,2,999,0,1.4,93.918,-42.7,4.962,5228.1,999.0,0,1.0,0.0,0.0,2,6,0.0,5,7,1,1
27085,37.0,8,999,0,1.4,94.465,-41.8,4.958,5228.1,999.0,0,1.0,0.0,1.0,1,7,0.0,6,6,1,1
27086,36.0,3,999,0,-3.4,92.431,-26.9,0.739,5017.5,999.0,0,1.0,0.0,0.0,2,2,0.0,3,10,2,1
27087,38.0,2,999,0,1.1,93.994,-36.4,4.855,5191.0,999.0,0,0.0,0.0,1.0,2,8,0.0,5,5,1,1
27088,38.0,3,999,0,-2.9,92.963,-40.8,1.26,5076.2,999.0,0,1.0,0.0,0.0,1,7,0.0,6,6,2,1
27089,29.0,1,999,0,1.4,93.918,-42.7,4.957,5228.1,999.0,0,1.0,0.0,0.0,1,7,0.0,6,7,1,1
27090,40.0,1,999,0,1.1,93.994,-36.4,4.856,5191.0,999.0,0,0.0,0.0,1.0,2,5,0.0,6,5,1,1
27091,51.0,1,999,0,1.4,93.918,-42.7,4.962,5228.1,999.0,0,0.0,0.0,1.0,3,8,0.0,5,7,1,1
27092,21.0,2,999,0,-1.8,93.075,-47.1,1.435,5099.1,999.0,0,1.0,1.0,0.0,1,5,0.0,9,4,1,1
27093,50.0,1,999,0,1.4,94.465,-41.8,4.962,5228.1,999.0,0,1.0,0.0,1.0,2,7,0.0,3,6,1,1
27094,31.0,1,3,5,-1.8,93.876,-40.0,0.677,5008.7,0.1,20,1.0,1.0,0.0,2,7,0.0,6,5,1,3
27095,30.0,1,999,0,-1.8,92.893,-46.2,1.266,5099.1,999.0,0,1.0,0.0,0.0,2,8,0.0,5,5,1,1
27096,29.0,2,3,3,-1.1,94.199,-37.5,0.88,4963.6,0.1,6,0.0,0.0,0.0,1,7,0.0,6,9,1,3
27097,59.0,1,999,0,1.4,93.444,-36.1,4.964,5228.1,999.0,0,0.0,0.0,0.0,2,4,0.0,4,8,1,1
27098,31.0,2,999,0,1.4,93.918,-42.7,4.96,5228.1,999.0,0,1.0,0.0,0.0,1,7,0.0,5,7,1,1
27099,31.0,2,999,0,1.4,94.465,-41.8,4.866,5228.1,999.0,0,1.0,0.0,1.0,1,4,0.0,4,6,1,1
27100,30.0,1,999,0,1.1,93.994,-36.4,4.857,5191.0,999.0,0,1.0,0.0,1.0,2,8,0.0,9,5,1,1
27101,55.0,13,999,0,1.4,93.444,-36.1,4.963,5228.1,999.0,0,0.0,0.0,0.0,2,2,0.0,4,8,1,1
27102,41.0,3,999,1,-1.8,93.075,-47.1,1.405,5099.1,999.0,1,1.0,1.0,0.0,2,6,0.0,6,4,2,2
27103,59.0,3,999,2,-1.7,94.215,-40.3,0.827,4991.6,999.0,4,0.0,1.0,0.0,3,2,0.0,8,7,2,2
27104,49.0,1,999,0,1.1,93.994,-36.4,4.858,5191.0,999.0,0,1.0,0.0,1.0,2,2,0.0,4,5,1,1
27105,45.0,1,999,0,-2.9,92.201,-31.4,0.883,5076.2,999.0,0,0.0,0.0,0.0,1,7,0.0,5,8,1,1
27106,31.0,2,999,0,1.4,93.918,-42.7,4.962,5228.1,999.0,0,0.0,0.0,0.0,1,5,0.0,6,7,1,1
27107,31.0,2,999,0,1.4,94.465,-41.8,4.961,5228.1,999.0,0,0.0,0.0,1.0,2,7,0.0,3,6,1,1
27108,39.0,1,999,0,1.4,93.918,-42.7,4.963,5228.1,999.0,0,1.0,0.0,0.0,2,8,0.0,4,7,1,1
27109,31.0,4,999,0,1.1,93.994,-36.4,4.857,5191.0,999.0,0,0.0,0.0,1.0,2,8,0.0,4,5,1,1
27110,35.0,1,999,0,1.4,93.918,-42.7,4.96,5228.1,999.0,0,1.0,0.0,1.0,1,8,0.0,4,7,2,1
27111,52.0,1,999,0,1.4,94.465,-41.8,4.961,5228.1,999.0,0,1.0,1.0,1.0,3,5,0.0,9,6,1,1
27112,36.0,1,999,0,-1.8,92.893,-46.2,1.327,5099.1,999.0,0,1.0,1.0,0.0,1,8,0.0,6,5,1,1
27113,29.0,1,3,1,-2.9,92.963,-40.8,1.26,5076.2,0.1,1,1.0,0.0,0.0,1,5,0.0,6,6,2,3
27114,30.0,2,999,0,1.4,93.918,-42.7,4.962,5228.1,999.0,0,1.0,0.0,1.0,3,5,0.0,6,7,1,1
27115,36.0,6,999,0,1.4,93.918,-42.7,4.96,5228.1,999.0,0,0.0,0.0,0.0,2,7,0.0,6,7,2,1
27116,41.0,1,999,0,1.1,93.994,-36.4,4.856,5191.0,999.0,0,1.0,0.0,1.0,2,8,0.0,3,5,1,1
27117,30.0,2,999,0,-1.8,93.075,-47.1,1.405,5099.1,999.0,0,1.0,0.0,0.0,1,6,0.0,5,4,1,1
27118,31.0,2,999,0,1.1,93.994,-36.4,4.858,5191.0,999.0,0,0.0,0.0,1.0,2,5,0.0,6,5,2,1
27119,31.0,1,999,0,1.4,94.465,-41.8,4.959,5228.1,999.0,0,1.0,0.0,1.0,2,7,0.0,3,6,1,1
27120,55.0,1,999,0,1.1,93.994,-36.4,4.857,5191.0,999.0,0,0.0,0.0,1.0,2,8,0.0,6,5,1,1
27121,45.0,2,999,0,1.4,94.465,-41.8,4.967,5228.1,999.0,0,1.0,0.0,1.0,1,4,0.0,6,6,1,1
27122,31.0,2,999,0,-3.4,92.431,-26.9,0.72,5017.5,999.0,0,0.0,0.0,0.0,1,7,0.0,6,10,1,1
27123,32.0,3,999,0,-1.8,92.893,-46.2,1.281,5099.1,999.0,0,1.0,0.0,0.0,2,8,0.0,4,5,1,1
27124,31.0,1,999,0,1.4,93.918,-42.7,4.958,5228.1,999.0,0,1.0,0.0,1.0,2,4,0.0,4,7,1,1
27125,58.0,1,999,0,1.1,93.994,-36.4,4.857,5191.0,999.0,0,1.0,0.0,1.0,3,7,0.0,6,5,1,1
27126,31.0,1,999,0,1.4,93.444,-36.1,4.963,5228.1,999.0,0,1.0,0.0,0.0,1,7,0.0,6,8,1,1
27127,52.0,4,999,0,1.1,93.994,-36.4,4.856,5191.0,999.0,0,1.0,0.0,1.0,3,6,0.0,2,5,1,1
27128,28.0,1,999,0,1.1,93.994,-36.4,4.859,5191.0,999.0,0,0.0,0.0,1.0,2,8,0.0,7,5,1,1
27129,31.0,5,999,0,1.1,93.994,-36.4,4.857,5191.0,999.0,0,0.0,0.0,1.0,2,8,0.0,5,5,1,1
27130,53.0,1,999,0,-1.8,92.893,-46.2,1.25,5099.1,999.0,0,0.0,0.0,0.0,2,5,0.0,6,5,1,1
27131,31.0,1,999,1,-3.0,92.713,-33.0,0.712,5023.5,999.0,2,0.0,0.0,0.0,2,8,0.0,8,12,1,2
27132,31.0,2,999,0,1.1,93.994,-36.4,4.856,5191.0,999.0,0,0.0,0.0,1.0,2,4,0.0,4,5,1,1
27133,33.0,1,999,0,-1.8,92.893,-46.2,1.313,5099.1,999.0,0,1.0,0.0,0.0,2,5,0.0,9,5,1,1
27134,34.0,1,999,0,1.1,93.994,-36.4,4.86,5191.0,999.0,0,1.0,1.0,1.0,2,5,0.0,6,5,1,1
27135,34.0,2,999,0,1.4,93.918,-42.7,4.962,5228.1,999.0,0,0.0,0.0,0.0,1,5,0.0,4,7,1,1
27136,31.0,4,999,0,1.1,93.994,-36.4,4.857,5191.0,999.0,0,0.0,0.0,1.0,2,8,0.0,4,5,1,1
27137,31.0,2,999,0,-0.1,93.2,-42.0,4.153,5195.8,999.0,0,1.0,0.0,0.0,2,7,0.0,6,11,1,1
27138,31.0,3,999,0,1.4,93.918,-42.7,4.962,5228.1,999.0,0,1.0,1.0,0.0,1,4,0.0,4,7,2,1
27139,31.0,1,999,0,-2.9,92.201,-31.4,0.851,5076.2,999.0,0,0.0,1.0,0.0,2,7,0.0,1,8,1,1
27140,41.0,1,999,0,1.4,93.444,-36.1,4.963,5228.1,999.0,0,1.0,1.0,0.0,2,8,0.0,5,8,1,1
27141,37.0,5,999,0,1.4,93.918,-42.7,4.961,5228.1,999.0,0,1.0,0.0,0.0,3,5,0.0,4,7,1,1
27142,29.0,2,999,0,1.4,93.918,-42.7,4.957,5228.1,999.0,0,0.0,0.0,0.0,1,5,0.0,9,7,1,1
27143,31.0,1,999,0,1.1,93.994,-36.4,4.858,5191.0,999.0,0,0.0,0.0,1.0,3,6,0.0,6,5,2,1
27144,33.0,7,999,0,1.1,93.994,-36.4,4.864,5191.0,999.0,0,1.0,0.0,1.0,2,5,0.0,6,5,1,1
27145,36.0,6,999,0,1.4,93.918,-42.7,4.963,5228.1,999.0,0,0.0,0.0,0.0,2,5,0.0,6,7,1,1
27146,41.0,1,999,0,1.4,93.444,-36.1,4.963,5228.1,999.0,0,1.0,0.0,0.0,2,7,0.0,2,8,1,1
27147,59.0,5,999,0,1.1,93.994,-36.4,4.859,5191.0,999.0,0,0.0,0.0,1.0,3,2,0.0,4,5,1,1
27148,31.0,6,999,0,1.4,93.444,-36.1,4.963,5228.1,999.0,0,1.0,0.0,0.0,2,2,0.0,2,8,1,1
27149,59.0,2,999,0,1.1,93.994,-36.4,4.858,5191.0,999.0,0,0.0,0.0,1.0,2,8,0.0,8,5,1,1
27150,44.0,1,999,0,1.1,93.994,-36.4,4.864,5191.0,999.0,0,1.0,0.0,1.0,2,5,0.0,4,5,1,1
27151,50.0,1,999,1,-0.1,93.2,-42.0,4.191,5195.8,999.0,0,0.0,0.0,0.0,2,5,0.0,5,11,2,2
27152,38.0,5,999,1,-1.8,92.893,-46.2,1.25,5099.1,999.0,3,0.0,0.0,0.0,3,8,0.0,4,5,1,2
27153,46.0,4,999,0,-1.8,92.893,-46.2,1.264,5099.1,999.0,0,1.0,0.0,1.0,2,7,0.0,6,5,2,1
27154,31.0,1,999,0,-1.8,92.893,-46.2,1.334,5099.1,999.0,0,1.0,0.0,0.0,1,4,0.0,4,5,1,1
27155,40.0,2,999,0,1.4,94.465,-41.8,4.961,5228.1,999.0,0,0.0,0.0,1.0,1,8,0.0,6,6,1,1
27156,31.0,1,999,0,-0.1,93.2,-42.0,4.076,5195.8,999.0,0,1.0,0.0,0.0,3,8,0.0,9,11,1,1
27157,49.0,3,999,0,1.4,93.444,-36.1,4.963,5228.1,999.0,0,1.0,0.0,0.0,2,2,0.0,4,8,1,1
27158,31.0,1,6,3,-1.7,94.215,-40.3,0.835,4991.6,0.2,9,1.0,0.0,0.0,1,8,0.0,10,7,1,3
27159,31.0,4,999,0,1.1,93.994,-36.4,4.857,5191.0,999.0,0,1.0,0.0,1.0,2,5,0.0,7,5,1,1
27160,31.0,1,999,0,1.1,93.994,-36.4,4.864,5191.0,999.0,0,0.0,0.0,1.0,3,8,0.0,9,5,1,1
27161,43.0,1,999,0,-1.8,93.075,-47.1,1.405,5099.1,999.0,0,1.0,1.0,0.0,2,7,0.0,3,4,1,1
27162,51.0,1,999,0,1.1,93.994,-36.4,4.855,5191.0,999.0,0,1.0,0.0,1.0,2,8,0.0,9,5,1,1
27163,31.0,2,999,0,1.4,93.444,-36.1,4.965,5228.1,999.0,0,1.0,1.0,0.0,2,8,0.0,9,8,2,1
27164,31.0,1,1,6,-1.1,94.767,-50.8,1.031,4963.6,0.0333333333333,18,1.0,0.0,0.0,2,7,0.0,8,11,1,3
27165,51.0,1,999,0,-3.4,92.379,-29.8,0.819,5017.5,999.0,0,1.0,0.0,0.0,2,8,0.0,4,9,1,1
27166,31.0,1,999,0,-1.8,92.893,-46.2,1.344,5099.1,999.0,0,0.0,0.0,0.0,2,4,0.0,4,5,1,1
27167,40.0,1,999,0,1.4,93.918,-42.7,4.96,5228.1,999.0,0,0.0,0.0,0.0,1,7,0.0,6,7,2,1
27168,34.0,5,999,0,1.1,93.994,-36.4,4.856,5191.0,999.0,0,0.0,0.0,1.0,2,5,0.0,9,5,1,1
27169,30.0,2,999,0,1.4,93.918,-42.7,4.961,5228.1,999.0,0,1.0,0.0,0.0,1,2,0.0,4,7,1,1
27170,33.0,3,999,0,-1.8,92.893,-46.2,1.25,5099.1,999.0,0,1.0,0.0,0.0,3,5,0.0,9,5,1,1
27171,40.0,1,999,0,-1.8,93.075,-47.1,1.453,5099.1,999.0,0,0.0,1.0,0.0,2,4,0.0,4,4,1,1
27172,41.0,1,999,0,1.1,93.994,-36.4,4.855,5191.0,999.0,0,1.0,0.0,1.0,2,8,0.0,4,5,1,1
27173,35.0,3,999,0,-1.8,92.893,-46.2,1.281,5099.1,999.0,0,0.0,0.0,1.0,2,8,0.0,4,5,1,1
27174,28.0,1,999,0,1.1,93.994,-36.4,4.857,5191.0,999.0,0,0.0,0.0,1.0,1,7,0.0,6,5,2,1
27175,42.0,1,7,3,-1.8,93.369,-34.8,0.652,5008.7,0.233333333333,3,1.0,1.0,0.0,2,3,0.0,4,3,1,2
27176,30.0,1,999,0,1.4,93.444,-36.1,4.963,5228.1,999.0,0,0.0,0.0,0.0,2,5,0.0,5,8,1,1
27177,21.0,2,999,0,-1.8,92.893,-46.2,1.244,5099.1,999.0,0,1.0,0.0,0.0,1,4,0.0,4,5,2,1
27178,31.0,1,999,0,1.1,93.994,-36.4,4.858,5191.0,999.0,0,1.0,1.0,1.0,2,2,0.0,4,5,2,1
27179,33.0,3,999,0,1.4,93.444,-36.1,4.963,5228.1,999.0,0,1.0,0.0,0.0,1,7,0.0,5,8,1,1
27180,37.0,3,999,0,-0.1,93.2,-42.0,4.153,5195.8,999.0,0,1.0,0.0,0.0,2,8,0.0,5,11,1,1
27181,58.0,1,999,0,-1.8,92.893,-46.2,1.264,5099.1,999.0,0,1.0,0.0,0.0,2,8,0.0,2,5,2,1
27182,33.0,2,999,1,-1.8,92.893,-46.2,1.299,5099.1,999.0,4,0.0,0.0,0.0,1,4,0.0,4,5,1,2
27183,31.0,1,999,0,1.1,93.994,-36.4,4.856,5191.0,999.0,0,0.0,0.0,1.0,1,7,0.0,5,5,1,1
27184,31.0,2,999,0,-1.8,93.075,-47.1,1.415,5099.1,999.0,0,1.0,0.0,0.0,1,6,0.0,5,4,1,1
27185,31.0,1,999,0,1.1,93.994,-36.4,4.855,5191.0,999.0,0,0.0,0.0,1.0,3,2,0.0,2,5,1,1
27186,38.0,1,999,1,-0.1,93.2,-42.0,4.12,5195.8,999.0,1,1.0,0.0,0.0,2,8,0.0,4,11,1,2
27187,31.0,2,999,0,1.1,93.994,-36.4,4.857,5191.0,999.0,0,0.0,0.0,1.0,2,2,0.0,8,5,1,1
27188,45.0,2,999,0,1.1,93.994,-36.4,4.857,5191.0,999.0,0,0.0,0.0,1.0,2,8,0.0,2,5,1,1
27189,28.0,3,999,0,1.4,93.918,-42.7,4.961,5228.1,999.0,0,1.0,1.0,0.0,2,8,0.0,6,7,1,1
27190,31.0,3,999,0,1.1,93.994,-36.4,4.855,5191.0,999.0,0,0.0,0.0,1.0,2,6,0.0,5,5,1,1
27191,32.0,4,999,0,-0.1,93.2,-42.0,4.12,5195.8,999.0,0,0.0,0.0,0.0,2,5,0.0,9,11,1,1
27192,31.0,3,999,0,-1.8,92.893,-46.2,1.291,5099.1,999.0,0,1.0,0.0,0.0,3,2,0.0,4,5,1,1
27193,31.0,1,999,0,1.4,93.918,-42.7,4.958,5228.1,999.0,0,1.0,0.0,0.0,2,5,0.0,8,7,1,1
27194,31.0,1,999,0,1.4,93.444,-36.1,4.966,5228.1,999.0,0,1.0,0.0,0.0,3,7,0.0,6,8,1,1
27195,31.0,1,999,0,1.4,93.918,-42.7,4.961,5228.1,999.0,0,0.0,0.0,0.0,3,6,0.0,9,7,1,1
27196,31.0,3,999,0,-0.1,93.2,-42.0,4.076,5195.8,999.0,0,0.0,0.0,0.0,2,4,0.0,4,11,1,1
27197,37.0,2,999,0,-1.8,92.893,-46.2,1.334,5099.1,999.0,0,0.0,0.0,0.0,1,5,0.0,6,5,1,1
27198,48.0,5,999,0,1.4,93.444,-36.1,4.963,5228.1,999.0,0,0.0,0.0,0.0,2,5,0.0,9,8,2,1
27199,27.0,1,999,0,1.1,93.994,-36.4,4.857,5191.0,999.0,0,1.0,0.0,1.0,2,8,0.0,4,5,1,1
27200,31.0,1,999,0,1.4,93.444,-36.1,4.967,5228.1,999.0,0,1.0,0.0,0.0,2,8,0.0,4,8,1,1
27201,53.0,2,999,0,1.1,93.994,-36.4,4.857,5191.0,999.0,0,1.0,1.0,1.0,2,6,0.0,5,5,1,1
27202,31.0,1,999,0,-0.1,93.2,-42.0,4.076,5195.8,999.0,0,1.0,0.0,0.0,1,7,0.0,6,11,1,1
27203,34.0,2,999,0,1.4,93.444,-36.1,4.965,5228.1,999.0,0,1.0,1.0,0.0,1,7,0.0,6,8,2,1
27204,31.0,2,999,0,-0.1,93.2,-42.0,4.021,5195.8,999.0,0,1.0,0.0,1.0,2,5,0.0,6,11,1,1
27205,31.0,4,999,0,-1.8,93.075,-47.1,1.423,5099.1,999.0,0,0.0,1.0,0.0,1,6,0.0,5,4,1,1
27206,31.0,3,999,0,1.4,93.444,-36.1,4.964,5228.1,999.0,0,1.0,0.0,0.0,1,5,0.0,5,8,1,1
27207,45.0,1,999,0,-0.1,93.2,-42.0,4.191,5195.8,999.0,0,1.0,0.0,0.0,2,5,0.0,6,11,1,1
27208,23.0,5,999,0,-1.8,92.893,-46.2,1.25,5099.1,999.0,0,1.0,0.0,0.0,2,5,0.0,4,5,1,1
27209,31.0,3,999,0,1.4,93.918,-42.7,4.958,5228.1,999.0,0,0.0,0.0,0.0,1,8,0.0,4,7,1,1
27210,31.0,7,999,0,1.4,93.918,-42.7,4.962,5228.1,999.0,0,1.0,0.0,1.0,1,7,0.0,10,7,2,1
27211,33.0,2,999,0,1.4,93.444,-36.1,4.964,5228.1,999.0,0,0.0,1.0,0.0,2,6,0.0,5,8,1,1
27212,40.0,6,999,0,1.4,93.918,-42.7,4.968,5228.1,999.0,0,1.0,1.0,0.0,2,8,0.0,12,7,1,1
27213,47.0,3,999,0,1.1,93.994,-36.4,4.857,5191.0,999.0,0,0.0,0.0,1.0,3,8,0.0,5,5,2,1
27214,31.0,7,999,0,1.4,94.465,-41.8,4.961,5228.1,999.0,0,0.0,0.0,1.0,2,8,0.0,1,6,1,1
27215,46.0,3,999,0,1.1,93.994,-36.4,4.856,5191.0,999.0,0,0.0,0.0,1.0,3,2,0.0,4,5,1,1
27216,40.0,4,999,0,1.1,93.994,-36.4,4.858,5191.0,999.0,0,0.0,1.0,1.0,1,8,0.0,6,5,2,1
27217,32.0,2,999,0,1.4,93.918,-42.7,4.963,5228.1,999.0,0,1.0,0.0,0.0,2,8,0.0,5,7,1,1
27218,31.0,1,999,0,1.4,93.444,-36.1,4.967,5228.1,999.0,0,1.0,0.0,0.0,1,6,0.0,5,8,1,1
27219,34.0,5,999,0,1.4,94.465,-41.8,4.947,5228.1,999.0,0,1.0,0.0,1.0,1,8,0.0,6,6,1,1
27220,51.0,2,999,0,-1.8,92.893,-46.2,1.334,5099.1,999.0,0,0.0,1.0,0.0,2,4,0.0,4,5,1,1
27221,31.0,5,999,4,-1.8,93.749,-34.6,0.645,5008.7,999.0,12,1.0,0.0,0.0,2,5,0.0,6,4,2,2
27222,43.0,2,999,0,-1.8,92.893,-46.2,1.281,5099.1,999.0,0,1.0,0.0,1.0,2,8,0.0,4,5,1,1
27223,31.0,2,999,0,1.1,93.994,-36.4,4.857,5191.0,999.0,0,0.0,0.0,1.0,1,7,0.0,6,5,2,1
27224,32.0,1,999,1,-1.8,92.893,-46.2,1.313,5099.1,999.0,0,1.0,0.0,0.0,2,4,0.0,4,5,1,2
27225,31.0,1,999,0,1.1,93.994,-36.4,4.858,5191.0,999.0,0,0.0,0.0,1.0,2,7,0.0,5,5,1,1
27226,28.0,1,999,1,-1.8,92.893,-46.2,1.281,5099.1,999.0,1,0.0,0.0,0.0,1,8,0.0,4,5,1,2
27227,24.0,1,3,2,-2.9,92.963,-40.8,1.262,5076.2,0.1,6,1.0,0.0,0.0,1,7,0.0,12,6,1,3
27228,55.0,4,999,0,1.1,93.994,-36.4,4.86,5191.0,999.0,0,0.0,0.0,1.0,2,8,0.0,10,5,1,1
27229,59.0,1,999,0,1.4,93.918,-42.7,4.96,5228.1,999.0,0,0.0,0.0,0.0,3,7,0.0,5,7,2,1
27230,36.0,1,999,0,-1.8,92.843,-50.0,1.531,5099.1,999.0,0,1.0,0.0,0.0,2,7,0.0,1,3,1,1
27231,35.0,1,999,0,-0.1,93.798,-40.4,5.0,5195.8,999.0,0,1.0,0.0,1.0,2,7,0.0,3,10,1,1
27232,37.0,6,999,0,1.1,93.994,-36.4,4.857,5191.0,999.0,0,1.0,0.0,1.0,1,5,0.0,6,5,2,1
27233,30.0,2,999,0,-0.1,93.2,-42.0,4.076,5195.8,999.0,0,1.0,1.0,0.0,2,5,0.0,4,11,1,1
27234,27.0,2,999,0,1.4,93.918,-42.7,4.962,5228.1,999.0,0,0.0,0.0,0.0,1,8,0.0,9,7,1,1
27235,26.0,1,999,0,-1.8,92.893,-46.2,1.27,5099.1,999.0,0,0.0,0.0,0.0,1,8,0.0,11,5,1,1
27236,55.0,2,999,0,1.1,93.994,-36.4,4.858,5191.0,999.0,0,1.0,0.0,1.0,2,4,0.0,5,5,1,1
27237,43.0,1,999,0,1.1,93.994,-36.4,4.857,5191.0,999.0,0,1.0,0.0,1.0,2,8,0.0,5,5,2,1
27238,31.0,1,999,0,-0.1,93.2,-42.0,4.076,5195.8,999.0,0,1.0,0.0,0.0,1,7,0.0,6,11,1,1
27239,36.0,1,999,0,1.4,93.444,-36.1,4.964,5228.1,999.0,0,1.0,0.0,0.0,2,6,0.0,5,8,1,1
27240,31.0,1,999,0,1.4,94.465,-41.8,4.958,5228.1,999.0,0,1.0,0.0,1.0,2,8,0.0,5,6,1,1
27241,43.0,2,999,0,1.1,93.994,-36.4,4.855,5191.0,999.0,0,0.0,0.0,1.0,2,2,0.0,4,5,1,1
27242,31.0,2,999,1,-1.8,93.075,-47.1,1.41,5099.1,999.0,3,0.0,0.0,0.0,2,2,0.0,4,4,1,2
27243,36.0,3,999,0,-0.1,93.2,-42.0,4.076,5195.8,999.0,0,1.0,0.0,0.0,2,7,0.0,3,11,1,1
27244,47.0,3,999,0,1.1,93.994,-36.4,4.864,5191.0,999.0,0,0.0,1.0,1.0,2,2,0.0,3,5,1,1
27245,47.0,1,999,0,1.1,93.994,-36.4,4.857,5191.0,999.0,0,1.0,0.0,1.0,2,8,0.0,9,5,2,1
27246,24.0,1,999,0,-3.4,92.379,-29.8,0.788,5017.5,999.0,0,1.0,1.0,0.0,1,4,0.0,11,9,1,1
27247,36.0,1,0,1,-1.8,93.075,-47.1,1.365,5099.1,0.0,0,1.0,0.0,0.0,2,7,0.0,6,4,1,3
27248,43.0,3,999,0,1.4,94.465,-41.8,4.865,5228.1,999.0,0,1.0,0.0,1.0,1,6,0.0,5,6,2,1
27249,31.0,1,999,0,1.4,94.465,-41.8,4.961,5228.1,999.0,0,0.0,0.0,1.0,2,4,0.0,4,6,1,1
27250,31.0,3,999,0,1.4,94.465,-41.8,4.864,5228.1,999.0,0,1.0,0.0,1.0,1,5,0.0,4,6,1,1
27251,38.0,1,999,0,1.4,93.918,-42.7,4.957,5228.1,999.0,0,0.0,0.0,0.0,2,4,0.0,4,7,1,1
27252,45.0,5,999,0,1.4,93.918,-42.7,4.961,5228.1,999.0,0,0.0,0.0,0.0,2,2,0.0,4,7,1,1
27253,54.0,2,999,0,-2.9,92.201,-31.4,0.854,5076.2,999.0,0,0.0,0.0,0.0,2,4,0.0,5,8,1,1
27254,37.0,3,999,0,1.4,93.444,-36.1,4.964,5228.1,999.0,0,1.0,0.0,0.0,1,7,0.0,5,8,1,1
27255,31.0,2,999,0,1.4,94.465,-41.8,4.865,5228.1,999.0,0,1.0,0.0,1.0,1,5,0.0,6,6,2,1
27256,31.0,1,999,0,1.4,94.465,-41.8,4.96,5228.1,999.0,0,0.0,0.0,1.0,1,8,0.0,9,6,2,1
27257,32.0,2,999,0,1.1,93.994,-36.4,4.855,5191.0,999.0,0,1.0,1.0,1.0,1,8,0.0,6,5,1,1
27258,31.0,3,999,0,1.4,93.444,-36.1,4.964,5228.1,999.0,0,1.0,0.0,0.0,2,7,0.0,1,8,1,1
27259,32.0,1,999,0,1.4,93.918,-42.7,4.968,5228.1,999.0,0,1.0,0.0,0.0,1,6,0.0,5,7,1,1
27260,44.0,1,999,0,1.4,93.918,-42.7,4.957,5228.1,999.0,0,0.0,0.0,0.0,2,2,0.0,9,7,1,1
27261,31.0,1,999,1,-1.7,94.215,-40.3,0.876,4991.6,999.0,2,0.0,1.0,0.0,2,2,0.0,2,7,1,2
27262,42.0,1,999,1,-1.8,92.893,-46.2,1.25,5099.1,999.0,1,1.0,0.0,0.0,2,8,0.0,9,5,1,2
27263,27.0,1,999,2,-1.7,94.055,-39.8,0.761,4991.6,999.0,2,0.0,0.0,0.0,1,8,0.0,10,6,1,2
27264,30.0,2,999,0,-2.9,92.201,-31.4,0.873,5076.2,999.0,0,1.0,0.0,0.0,1,5,0.0,9,8,1,1
27265,36.0,1,999,0,-1.8,92.893,-46.2,1.327,5099.1,999.0,0,1.0,0.0,0.0,2,8,0.0,4,5,1,1
27266,31.0,4,999,0,1.4,93.444,-36.1,4.962,5228.1,999.0,0,1.0,1.0,0.0,2,8,0.0,9,8,1,1
27267,30.0,3,999,1,-1.8,93.075,-47.1,1.405,5099.1,999.0,2,1.0,0.0,0.0,1,5,0.0,6,4,2,2
27268,57.0,2,999,0,1.1,93.994,-36.4,4.857,5191.0,999.0,0,1.0,0.0,1.0,2,8,0.0,12,5,2,1
27269,48.0,2,999,0,1.1,93.994,-36.4,4.857,5191.0,999.0,0,1.0,0.0,1.0,3,8,0.0,6,5,2,1
27270,31.0,1,999,0,1.4,93.918,-42.7,4.961,5228.1,999.0,0,0.0,0.0,0.0,2,5,0.0,9,7,1,1
27271,32.0,1,999,0,-0.1,93.2,-42.0,4.076,5195.8,999.0,0,1.0,0.0,1.0,2,6,0.0,5,11,1,1
27272,33.0,3,999,0,1.1,93.994,-36.4,4.856,5191.0,999.0,0,1.0,1.0,1.0,2,4,0.0,4,5,1,1
27273,31.0,6,999,0,1.4,93.444,-36.1,4.967,5228.1,999.0,0,1.0,1.0,0.0,2,5,0.0,5,8,1,1
27274,36.0,4,999,0,1.4,93.918,-42.7,4.963,5228.1,999.0,0,0.0,1.0,0.0,2,8,0.0,3,7,1,1
27275,32.0,1,999,0,1.4,94.465,-41.8,4.961,5228.1,999.0,0,0.0,0.0,1.0,1,8,0.0,1,6,1,1
27276,31.0,1,999,0,1.1,93.994,-36.4,4.855,5191.0,999.0,0,0.0,1.0,1.0,2,4,0.0,4,5,1,1
27277,35.0,1,999,0,-1.7,94.055,-39.8,0.72,4991.6,999.0,0,0.0,0.0,0.0,1,7,0.0,5,6,2,1
27278,57.0,4,999,0,-2.9,92.201,-31.4,0.883,5076.2,999.0,0,1.0,0.0,0.0,2,7,0.0,3,8,1,1
27279,35.0,2,999,0,1.1,93.994,-36.4,4.856,5191.0,999.0,0,1.0,0.0,1.0,3,5,0.0,6,5,1,1
27280,32.0,1,999,0,-1.8,92.893,-46.2,1.334,5099.1,999.0,0,1.0,1.0,0.0,2,8,0.0,4,5,1,1
27281,43.0,30,999,0,1.4,93.918,-42.7,4.96,5228.1,999.0,0,0.0,0.0,0.0,2,2,0.0,7,7,2,1
27282,40.0,2,999,0,-0.1,93.2,-42.0,4.153,5195.8,999.0,0,1.0,0.0,0.0,1,8,0.0,4,11,1,1
27283,35.0,1,999,2,-1.7,94.215,-40.3,0.802,4991.6,999.0,8,1.0,0.0,0.0,1,7,0.0,7,7,1,2
27284,56.0,4,999,0,1.4,93.918,-42.7,4.962,5228.1,999.0,0,1.0,0.0,1.0,3,6,0.0,5,7,1,1
27285,39.0,3,999,0,1.1,93.994,-36.4,4.856,5191.0,999.0,0,0.0,0.0,1.0,2,2,0.0,4,5,1,1
27286,23.0,3,999,0,-1.8,92.893,-46.2,1.281,5099.1,999.0,0,1.0,0.0,0.0,2,5,0.0,9,5,1,1
27287,31.0,3,999,0,-0.1,93.2,-42.0,4.076,5195.8,999.0,0,1.0,0.0,0.0,2,8,0.0,7,11,1,1
27288,42.0,3,999,0,1.4,94.465,-41.8,4.961,5228.1,999.0,0,1.0,0.0,1.0,2,4,0.0,4,6,2,1
27289,50.0,2,999,0,1.1,93.994,-36.4,4.856,5191.0,999.0,0,1.0,0.0,1.0,2,8,0.0,9,5,1,1
27290,35.0,3,999,0,1.1,93.994,-36.4,4.857,5191.0,999.0,0,1.0,0.0,1.0,1,8,0.0,5,5,1,1
27291,38.0,3,999,0,1.4,93.918,-42.7,4.963,5228.1,999.0,0,1.0,0.0,0.0,2,8,0.0,6,7,1,1
27292,37.0,8,999,1,-1.8,92.893,-46.2,1.313,5099.1,999.0,0,0.0,0.0,0.0,3,8,0.0,6,5,1,2
27293,54.0,2,999,0,1.1,93.994,-36.4,4.857,5191.0,999.0,0,0.0,0.0,1.0,2,4,0.0,8,5,1,1
27294,45.0,1,999,0,1.4,93.444,-36.1,4.968,5228.1,999.0,0,1.0,0.0,0.0,2,6,0.0,5,8,1,1
27295,46.0,1,999,0,1.4,93.918,-42.7,4.958,5228.1,999.0,0,1.0,0.0,0.0,1,7,0.0,6,7,1,1
27296,56.0,1,999,1,-0.1,93.2,-42.0,4.076,5195.8,999.0,0,1.0,0.0,0.0,2,4,0.0,4,11,1,2
27297,31.0,2,999,0,-1.8,93.075,-47.1,1.405,5099.1,999.0,0,1.0,1.0,0.0,1,5,0.0,6,4,1,1
27298,31.0,1,999,0,1.4,93.444,-36.1,4.968,5228.1,999.0,0,1.0,0.0,0.0,2,8,0.0,9,8,1,1
27299,31.0,1,999,0,1.4,93.918,-42.7,4.962,5228.1,999.0,0,0.0,1.0,0.0,2,8,0.0,5,7,1,1
27300,40.0,1,999,0,1.1,93.994,-36.4,4.857,5191.0,999.0,0,0.0,1.0,1.0,1,4,0.0,4,5,1,1
27301,31.0,2,3,3,-1.7,94.055,-39.8,0.702,4991.6,0.1,3,1.0,0.0,0.0,1,8,0.0,9,6,1,3
27302,48.0,6,999,0,1.4,93.918,-42.7,4.963,5228.1,999.0,0,0.0,0.0,0.0,2,8,0.0,9,7,1,1
27303,31.0,1,999,0,-1.8,92.893,-46.2,1.327,5099.1,999.0,0,0.0,0.0,0.0,2,2,0.0,4,5,1,1
27304,25.0,3,999,0,1.4,93.918,-42.7,4.962,5228.1,999.0,0,0.0,0.0,0.0,1,5,0.0,4,7,2,1
27305,58.0,1,2,1,-1.8,93.075,-47.1,1.365,5099.1,0.0666666666667,2,0.0,0.0,0.0,3,7,0.0,8,4,1,3
27306,35.0,1,999,0,1.4,94.465,-41.8,4.866,5228.1,999.0,0,1.0,0.0,1.0,3,5,0.0,9,6,1,1
27307,31.0,2,999,1,-1.8,92.893,-46.2,1.291,5099.1,999.0,2,1.0,1.0,0.0,1,8,0.0,5,5,1,2
27308,31.0,3,999,0,-2.9,92.201,-31.4,0.859,5076.2,999.0,0,0.0,0.0,1.0,1,7,0.0,6,8,1,1
27309,31.0,1,999,0,1.1,93.994,-36.4,4.858,5191.0,999.0,0,1.0,0.0,1.0,2,4,0.0,4,5,1,1
27310,37.0,8,999,0,1.1,93.994,-36.4,4.864,5191.0,999.0,0,0.0,0.0,1.0,2,8,0.0,1,5,1,1
27311,41.0,5,999,0,1.1,93.994,-36.4,4.858,5191.0,999.0,0,0.0,0.0,1.0,2,2,0.0,4,5,2,1
27312,31.0,1,999,0,-0.1,93.2,-42.0,4.12,5195.8,999.0,0,1.0,0.0,0.0,2,7,0.0,1,11,1,1
27313,55.0,3,999,0,1.4,93.444,-36.1,4.964,5228.1,999.0,0,1.0,1.0,0.0,2,8,0.0,6,8,1,1
27314,34.0,2,999,0,1.1,93.994,-36.4,4.864,5191.0,999.0,0,0.0,0.0,1.0,2,7,0.0,6,5,1,1
27315,48.0,2,999,0,1.4,93.444,-36.1,4.964,5228.1,999.0,0,0.0,0.0,0.0,2,5,0.0,9,8,1,1
27316,20.0,11,999,0,1.4,93.918,-42.7,4.957,5228.1,999.0,0,1.0,0.0,0.0,1,7,0.0,11,7,1,1
27317,35.0,1,999,0,-1.8,93.075,-47.1,1.405,5099.1,999.0,0,1.0,1.0,0.0,3,5,0.0,9,4,1,1
27318,31.0,4,999,0,1.4,93.444,-36.1,4.964,5228.1,999.0,0,1.0,0.0,0.0,3,7,0.0,6,8,1,1
27319,70.0,4,999,0,-1.1,94.199,-37.5,0.886,4963.6,999.0,0,1.0,0.0,1.0,3,8,0.0,8,9,1,1
27320,30.0,2,999,0,1.4,94.465,-41.8,4.865,5228.1,999.0,0,0.0,0.0,1.0,2,5,0.0,9,6,2,1
27321,42.0,1,999,0,1.4,94.465,-41.8,4.961,5228.1,999.0,0,0.0,0.0,1.0,2,5,0.0,5,6,1,1
27322,31.0,3,11,2,-2.9,92.963,-40.8,1.252,5076.2,0.366666666667,6,1.0,0.0,0.0,2,8,0.0,5,6,1,2
27323,41.0,1,999,0,1.4,93.918,-42.7,4.96,5228.1,999.0,0,0.0,0.0,0.0,1,7,0.0,4,7,2,1
27324,36.0,7,999,0,-1.8,93.749,-34.6,0.659,5008.7,999.0,0,1.0,0.0,0.0,2,8,0.0,10,4,1,1
27325,31.0,1,999,0,1.4,94.465,-41.8,4.962,5228.1,999.0,0,1.0,0.0,1.0,1,5,0.0,9,6,1,1
27326,48.0,18,999,0,1.1,93.994,-36.4,4.859,5191.0,999.0,0,0.0,0.0,1.0,2,8,0.0,9,5,1,1
27327,53.0,3,999,1,-0.1,93.2,-42.0,4.021,5195.8,999.0,3,0.0,0.0,0.0,2,8,0.0,4,11,1,2
27328,31.0,3,999,0,1.1,93.994,-36.4,4.858,5191.0,999.0,0,1.0,1.0,1.0,1,8,0.0,6,5,1,1
27329,37.0,2,999,0,-1.8,93.075,-47.1,1.405,5099.1,999.0,0,1.0,1.0,0.0,2,5,0.0,9,4,1,1
27330,36.0,1,999,0,1.4,93.918,-42.7,4.963,5228.1,999.0,0,1.0,1.0,0.0,3,7,0.0,6,7,1,1
27331,49.0,1,999,0,-1.8,92.893,-46.2,1.25,5099.1,999.0,0,0.0,0.0,0.0,3,4,0.0,7,5,1,1
27332,31.0,1,999,1,-3.4,92.649,-30.1,0.714,5017.5,999.0,1,0.0,0.0,0.0,3,2,0.0,4,11,1,2
27333,32.0,1,999,1,-1.1,94.767,-50.8,1.03,4963.6,999.0,5,0.0,0.0,1.0,2,8,0.0,6,11,1,2
27334,31.0,1,999,0,1.4,93.918,-42.7,4.962,5228.1,999.0,0,0.0,0.0,0.0,1,8,0.0,6,7,1,1
27335,36.0,1,999,0,1.4,93.918,-42.7,4.96,5228.1,999.0,0,0.0,0.0,0.0,1,7,0.0,1,7,2,1
27336,31.0,1,999,0,-1.8,93.075,-47.1,1.453,5099.1,999.0,0,0.0,0.0,0.0,3,5,0.0,6,4,1,1
27337,50.0,1,999,0,-0.1,93.2,-42.0,4.076,5195.8,999.0,0,0.0,0.0,0.0,2,6,0.0,4,11,1,1
27338,37.0,1,999,0,1.4,93.444,-36.1,4.968,5228.1,999.0,0,1.0,0.0,0.0,2,7,0.0,6,8,1,1
27339,31.0,1,999,0,1.4,93.444,-36.1,4.963,5228.1,999.0,0,0.0,0.0,0.0,2,5,0.0,5,8,1,1
27340,29.0,1,999,0,-1.8,92.893,-46.2,1.244,5099.1,999.0,0,1.0,0.0,0.0,2,8,0.0,6,5,2,1
27341,47.0,3,999,0,-0.1,93.2,-42.0,4.021,5195.8,999.0,0,1.0,0.0,0.0,2,7,0.0,6,11,1,1
27342,31.0,1,999,1,-1.8,92.893,-46.2,1.299,5099.1,999.0,3,1.0,1.0,0.0,1,7,0.0,6,5,2,2
27343,36.0,4,999,0,1.4,93.918,-42.7,4.963,5228.1,999.0,0,0.0,0.0,0.0,2,5,0.0,9,7,1,1
27344,28.0,1,999,0,1.4,93.918,-42.7,4.963,5228.1,999.0,0,0.0,0.0,0.0,1,2,0.0,4,7,1,1
27345,31.0,5,999,0,1.1,93.994,-36.4,4.857,5191.0,999.0,0,1.0,0.0,1.0,2,5,0.0,6,5,1,1
27346,31.0,1,999,0,1.4,93.918,-42.7,4.957,5228.1,999.0,0,1.0,0.0,0.0,1,7,0.0,6,7,1,1
27347,36.0,1,999,0,1.1,93.994,-36.4,4.855,5191.0,999.0,0,1.0,0.0,1.0,3,8,0.0,10,5,1,1
27348,34.0,1,999,1,-1.8,92.893,-46.2,1.25,5099.1,999.0,1,1.0,0.0,0.0,2,5,0.0,2,5,1,2
27349,31.0,4,999,0,1.4,93.918,-42.7,4.968,5228.1,999.0,0,1.0,1.0,0.0,2,5,0.0,9,7,1,1
27350,41.0,1,999,0,-3.4,92.431,-26.9,0.739,5017.5,999.0,0,0.0,0.0,0.0,2,4,0.0,4,10,2,1
27351,23.0,3,6,2,-1.1,94.199,-37.5,0.879,4963.6,0.2,2,1.0,1.0,0.0,1,8,0.0,11,9,1,3
27352,68.0,1,999,0,-3.4,92.379,-29.8,0.741,5017.5,999.0,0,1.0,0.0,0.0,1,7,0.0,8,9,1,1
27353,45.0,2,999,0,-0.1,93.2,-42.0,4.021,5195.8,999.0,0,1.0,1.0,0.0,2,6,0.0,5,11,1,1
27354,42.0,4,999,0,1.4,93.918,-42.7,4.959,5228.1,999.0,0,0.0,0.0,1.0,2,4,0.0,4,7,1,1
27355,49.0,4,999,0,1.1,93.994,-36.4,4.86,5191.0,999.0,0,0.0,0.0,1.0,1,8,0.0,4,5,1,1
27356,46.0,1,999,0,1.4,94.465,-41.8,4.961,5228.1,999.0,0,0.0,0.0,1.0,2,8,0.0,7,6,1,1
27357,37.0,3,999,0,1.4,94.465,-41.8,4.96,5228.1,999.0,0,0.0,0.0,1.0,1,8,0.0,5,6,2,1
27358,31.0,4,999,0,1.1,93.994,-36.4,4.86,5191.0,999.0,0,0.0,0.0,1.0,2,5,0.0,9,5,1,1
27359,31.0,3,999,0,-1.8,93.075,-47.1,1.405,5099.1,999.0,0,0.0,0.0,0.0,3,4,0.0,4,4,1,1
27360,21.0,3,999,0,1.4,93.918,-42.7,4.961,5228.1,999.0,0,1.0,0.0,0.0,1,8,0.0,9,7,1,1
27361,56.0,2,999,0,1.4,93.918,-42.7,4.962,5228.1,999.0,0,0.0,0.0,0.0,1,4,0.0,12,7,2,1
27362,43.0,1,999,0,1.1,93.994,-36.4,4.857,5191.0,999.0,0,1.0,0.0,1.0,2,7,0.0,10,5,1,1
27363,51.0,8,999,0,1.4,94.465,-41.8,4.865,5228.1,999.0,0,1.0,0.0,1.0,2,5,0.0,9,6,2,1
27364,33.0,1,999,0,-0.1,93.2,-42.0,4.153,5195.8,999.0,0,0.0,0.0,0.0,2,4,0.0,4,11,1,1
27365,36.0,5,999,0,1.4,93.918,-42.7,4.96,5228.1,999.0,0,1.0,0.0,0.0,2,8,0.0,4,7,2,1
27366,50.0,2,999,0,1.1,93.994,-36.4,4.864,5191.0,999.0,0,1.0,0.0,1.0,2,6,0.0,5,5,1,1
27367,49.0,4,999,1,-1.8,92.893,-46.2,1.291,5099.1,999.0,4,1.0,0.0,0.0,3,8,0.0,6,5,1,2
27368,42.0,2,999,0,1.1,93.994,-36.4,4.856,5191.0,999.0,0,0.0,0.0,1.0,2,2,0.0,4,5,1,1
27369,53.0,5,999,0,-1.8,92.893,-46.2,1.354,5099.1,999.0,0,0.0,0.0,1.0,2,8,0.0,6,5,1,1
27370,25.0,1,999,0,1.1,93.994,-36.4,4.856,5191.0,999.0,0,0.0,0.0,1.0,1,8,0.0,6,5,1,1
27371,27.0,1,11,1,-1.8,92.893,-46.2,1.291,5099.1,0.366666666667,0,1.0,0.0,0.0,2,4,0.0,4,5,1,3
27372,45.0,3,999,0,1.4,94.465,-41.8,4.959,5228.1,999.0,0,0.0,0.0,1.0,2,8,0.0,4,6,1,1
27373,31.0,1,999,0,-1.8,92.893,-46.2,1.344,5099.1,999.0,0,1.0,0.0,0.0,2,8,0.0,4,5,1,1
27374,60.0,10,999,0,1.4,93.444,-36.1,4.962,5228.1,999.0,0,0.0,0.0,0.0,2,5,0.0,8,8,1,1
27375,49.0,3,999,0,1.4,93.444,-36.1,4.963,5228.1,999.0,0,1.0,0.0,0.0,1,8,0.0,9,8,1,1
27376,41.0,2,999,0,-1.8,92.893,-46.2,1.27,5099.1,999.0,0,1.0,1.0,0.0,2,8,0.0,5,5,1,1
27377,30.0,10,999,0,1.4,94.465,-41.8,4.959,5228.1,999.0,0,1.0,0.0,1.0,2,8,0.0,9,6,1,1
27378,33.0,1,999,0,-1.8,92.893,-46.2,1.291,5099.1,999.0,0,1.0,1.0,0.0,1,2,0.0,4,5,1,1
27379,44.0,1,999,0,1.4,93.444,-36.1,4.965,5228.1,999.0,0,1.0,0.0,0.0,3,7,0.0,6,8,2,1
27380,31.0,1,999,0,-1.8,92.893,-46.2,1.313,5099.1,999.0,0,0.0,0.0,1.0,1,8,0.0,6,5,1,1
27381,37.0,1,999,0,1.4,93.444,-36.1,4.966,5228.1,999.0,0,0.0,0.0,0.0,2,5,0.0,5,8,1,1
27382,36.0,3,999,0,1.4,93.918,-42.7,4.958,5228.1,999.0,0,1.0,0.0,0.0,3,7,0.0,6,7,1,1
27383,54.0,1,999,0,-2.9,92.201,-31.4,0.883,5076.2,999.0,0,1.0,0.0,0.0,1,7,0.0,6,8,1,1
27384,60.0,1,999,1,-1.8,92.893,-46.2,1.327,5099.1,999.0,0,1.0,1.0,0.0,1,7,0.0,6,5,1,2
27385,68.0,3,999,0,-3.4,92.379,-29.8,0.739,5017.5,999.0,0,1.0,0.0,1.0,1,8,0.0,8,9,2,1
27386,41.0,5,999,0,1.4,93.918,-42.7,4.963,5228.1,999.0,0,0.0,0.0,1.0,2,7,0.0,3,7,1,1
27387,51.0,4,999,0,-0.1,93.2,-42.0,4.021,5195.8,999.0,0,1.0,0.0,0.0,2,8,0.0,5,11,1,1
27388,41.0,2,999,0,-0.1,93.2,-42.0,4.076,5195.8,999.0,0,1.0,0.0,0.0,1,4,0.0,9,11,1,1
27389,31.0,1,999,0,1.4,93.918,-42.7,4.962,5228.1,999.0,0,1.0,0.0,0.0,2,7,0.0,1,7,1,1
27390,53.0,1,999,0,1.4,93.444,-36.1,4.97,5228.1,999.0,0,1.0,0.0,0.0,2,2,0.0,4,8,2,1
27391,29.0,7,999,0,1.1,93.994,-36.4,4.857,5191.0,999.0,0,1.0,0.0,1.0,2,4,0.0,1,5,1,1
27392,43.0,6,999,0,1.1,93.994,-36.4,4.856,5191.0,999.0,0,1.0,0.0,1.0,2,5,0.0,6,5,1,1
27393,29.0,1,999,0,1.4,93.444,-36.1,4.966,5228.1,999.0,0,1.0,0.0,0.0,1,7,0.0,6,8,1,1
27394,33.0,6,999,0,1.4,93.918,-42.7,4.963,5228.1,999.0,0,1.0,0.0,0.0,2,6,0.0,5,7,1,1
27395,38.0,2,999,1,-0.1,93.2,-42.0,4.12,5195.8,999.0,1,0.0,0.0,0.0,2,8,0.0,5,11,1,2
27396,32.0,5,999,0,1.4,93.918,-42.7,4.963,5228.1,999.0,0,0.0,0.0,1.0,1,5,0.0,5,7,1,1
27397,53.0,5,999,0,-1.8,92.893,-46.2,1.334,5099.1,999.0,0,0.0,1.0,0.0,2,8,0.0,4,5,1,1
27398,32.0,6,999,0,1.4,93.444,-36.1,4.962,5228.1,999.0,0,1.0,0.0,0.0,1,7,0.0,6,8,1,1
27399,42.0,1,999,1,-0.1,93.2,-42.0,4.021,5195.8,999.0,0,1.0,0.0,0.0,2,7,0.0,7,11,1,2
27400,31.0,1,3,1,-1.8,92.893,-46.2,1.259,5099.1,0.1,1,0.0,0.0,0.0,2,5,0.0,5,5,1,3
27401,28.0,2,999,0,-1.8,93.075,-47.1,1.4,5099.1,999.0,0,1.0,0.0,0.0,1,8,0.0,4,4,1,1
27402,24.0,1,999,0,-1.8,93.075,-47.1,1.365,5099.1,999.0,0,1.0,0.0,0.0,1,6,0.0,11,4,1,1
27403,33.0,9,999,0,1.1,93.994,-36.4,4.858,5191.0,999.0,0,1.0,0.0,1.0,2,7,0.0,3,5,2,1
27404,31.0,1,999,0,-1.8,92.893,-46.2,1.244,5099.1,999.0,0,1.0,0.0,0.0,1,5,0.0,6,5,1,1
27405,31.0,1,999,0,1.1,93.994,-36.4,4.859,5191.0,999.0,0,1.0,0.0,1.0,1,6,0.0,5,5,1,1
27406,35.0,3,999,0,1.1,93.994,-36.4,4.857,5191.0,999.0,0,0.0,0.0,1.0,2,3,0.0,4,5,1,1
27407,31.0,1,999,0,-3.0,92.713,-33.0,0.72,5023.5,999.0,0,1.0,0.0,0.0,2,8,0.0,8,12,1,1
27408,37.0,1,999,1,-1.8,93.369,-34.8,0.637,5008.7,999.0,2,1.0,0.0,0.0,2,8,0.0,4,3,1,2
27409,29.0,1,999,0,1.4,93.444,-36.1,4.967,5228.1,999.0,0,1.0,1.0,0.0,1,7,0.0,5,8,1,1
27410,40.0,1,999,0,-0.1,93.2,-42.0,4.12,5195.8,999.0,0,1.0,0.0,0.0,2,5,0.0,5,11,1,1
27411,59.0,1,999,0,1.1,93.994,-36.4,4.857,5191.0,999.0,0,1.0,1.0,1.0,2,2,0.0,3,5,1,1
27412,33.0,2,999,0,-1.8,93.075,-47.1,1.405,5099.1,999.0,0,1.0,0.0,0.0,1,5,0.0,9,4,1,1
27413,49.0,1,6,1,-1.8,93.749,-34.6,0.642,5008.7,0.2,4,0.0,0.0,0.0,2,5,0.0,6,4,2,3
27414,45.0,5,999,0,1.4,93.444,-36.1,4.967,5228.1,999.0,0,1.0,0.0,0.0,2,2,0.0,4,8,1,1
27415,31.0,3,999,0,-1.8,92.893,-46.2,1.244,5099.1,999.0,0,1.0,1.0,0.0,1,7,0.0,6,5,2,1
27416,31.0,6,999,0,-1.8,92.893,-46.2,1.354,5099.1,999.0,0,0.0,0.0,1.0,1,7,0.0,6,5,2,1
27417,31.0,4,999,0,-0.1,93.2,-42.0,4.076,5195.8,999.0,0,1.0,1.0,0.0,2,7,0.0,3,11,1,1
27418,29.0,1,999,0,-1.8,92.893,-46.2,1.25,5099.1,999.0,0,0.0,0.0,0.0,3,5,0.0,4,5,1,1
27419,40.0,1,999,0,1.4,94.465,-41.8,4.961,5228.1,999.0,0,0.0,0.0,1.0,3,4,0.0,4,6,1,1
27420,31.0,3,999,1,-1.8,92.893,-46.2,1.266,5099.1,999.0,0,1.0,0.0,0.0,1,5,0.0,6,5,1,2
27421,29.0,10,999,0,-1.8,92.893,-46.2,1.266,5099.1,999.0,0,0.0,0.0,0.0,2,8,0.0,9,5,1,1
27422,47.0,6,999,0,1.1,93.994,-36.4,4.856,5191.0,999.0,0,0.0,0.0,1.0,2,7,0.0,2,5,1,1
27423,31.0,6,999,0,1.1,93.994,-36.4,4.857,5191.0,999.0,0,0.0,0.0,1.0,2,4,0.0,5,5,2,1
27424,48.0,1,999,0,1.1,93.994,-36.4,4.856,5191.0,999.0,0,0.0,0.0,1.0,2,5,0.0,9,5,1,1
27425,29.0,1,999,0,-1.7,94.215,-40.3,0.835,4991.6,999.0,0,1.0,0.0,1.0,1,3,0.0,4,7,1,1
27426,27.0,2,999,0,1.4,93.918,-42.7,4.962,5228.1,999.0,0,0.0,1.0,0.0,1,8,0.0,6,7,1,1
27427,47.0,3,999,0,1.4,93.444,-36.1,4.966,5228.1,999.0,0,0.0,0.0,0.0,2,5,0.0,6,8,1,1
27428,25.0,1,999,0,1.1,93.994,-36.4,4.857,5191.0,999.0,0,1.0,0.0,1.0,2,4,0.0,4,5,1,1
27429,21.0,1,999,0,1.4,93.918,-42.7,4.962,5228.1,999.0,0,1.0,1.0,0.0,1,8,0.0,4,7,1,1
27430,45.0,5,999,0,1.1,93.994,-36.4,4.857,5191.0,999.0,0,1.0,0.0,1.0,3,8,0.0,9,5,1,1
27431,55.0,8,999,0,1.4,93.918,-42.7,4.962,5228.1,999.0,0,1.0,0.0,0.0,2,8,0.0,8,7,1,1
27432,28.0,1,999,0,1.1,93.994,-36.4,4.86,5191.0,999.0,0,0.0,0.0,1.0,2,4,0.0,7,5,1,1
27433,29.0,2,999,0,-1.8,93.075,-47.1,1.405,5099.1,999.0,0,1.0,0.0,0.0,1,4,0.0,5,4,2,1
27434,26.0,1,999,0,-2.9,92.963,-40.8,1.26,5076.2,999.0,0,0.0,0.0,0.0,2,5,0.0,6,6,2,1
27435,34.0,1,999,0,1.4,94.465,-41.8,4.864,5228.1,999.0,0,0.0,0.0,1.0,1,7,0.0,6,6,1,1
27436,35.0,2,999,0,1.4,94.465,-41.8,4.864,5228.1,999.0,0,0.0,0.0,1.0,1,5,0.0,6,6,1,1
27437,31.0,1,999,0,1.4,93.918,-42.7,4.957,5228.1,999.0,0,0.0,0.0,0.0,1,8,0.0,5,7,1,1
27438,31.0,2,999,1,-3.4,92.431,-26.9,0.74,5017.5,999.0,2,0.0,0.0,0.0,2,8,0.0,6,10,1,2
27439,32.0,4,999,0,1.4,94.465,-41.8,4.958,5228.1,999.0,0,0.0,0.0,1.0,1,7,0.0,6,6,1,1
27440,34.0,1,999,0,-0.1,93.2,-42.0,4.076,5195.8,999.0,0,0.0,0.0,0.0,2,8,0.0,5,11,1,1
27441,37.0,4,999,0,1.4,94.465,-41.8,4.961,5228.1,999.0,0,0.0,0.0,1.0,2,8,0.0,3,6,1,1
27442,30.0,1,999,0,1.4,93.444,-36.1,4.963,5228.1,999.0,0,1.0,0.0,0.0,2,7,0.0,6,8,1,1
27443,38.0,2,999,0,1.4,94.465,-41.8,4.962,5228.1,999.0,0,0.0,0.0,1.0,2,8,0.0,4,6,1,1
27444,46.0,2,999,0,-0.1,93.2,-42.0,4.021,5195.8,999.0,0,1.0,0.0,1.0,2,6,0.0,1,11,1,1
27445,41.0,2,999,0,1.1,93.994,-36.4,4.857,5191.0,999.0,0,0.0,0.0,1.0,2,5,0.0,6,5,1,1
27446,39.0,1,999,0,1.4,93.444,-36.1,4.964,5228.1,999.0,0,1.0,1.0,0.0,2,8,0.0,2,8,1,1
27447,19.0,2,3,2,-3.4,92.649,-30.1,0.714,5017.5,0.1,6,0.0,0.0,0.0,1,8,0.0,11,11,2,3
27448,43.0,2,999,0,-1.8,92.893,-46.2,1.291,5099.1,999.0,0,1.0,1.0,0.0,2,2,0.0,4,5,1,1
27449,45.0,1,999,0,1.4,93.444,-36.1,4.964,5228.1,999.0,0,1.0,0.0,0.0,2,5,0.0,3,8,1,1
27450,35.0,1,999,0,1.1,93.994,-36.4,4.857,5191.0,999.0,0,0.0,0.0,1.0,2,8,0.0,4,5,1,1
27451,33.0,1,999,0,-1.8,92.893,-46.2,1.313,5099.1,999.0,0,0.0,1.0,0.0,1,5,0.0,6,5,1,1
27452,45.0,4,999,0,1.4,94.465,-41.8,4.961,5228.1,999.0,0,0.0,0.0,1.0,2,8,0.0,4,6,1,1
27453,32.0,1,999,0,-0.1,93.2,-42.0,4.153,5195.8,999.0,0,1.0,1.0,0.0,2,8,0.0,9,11,1,1
27454,51.0,5,999,0,-0.1,93.2,-42.0,4.153,5195.8,999.0,0,0.0,1.0,0.0,2,4,0.0,6,11,1,1
27455,68.0,1,999,0,-1.1,94.601,-49.5,1.0,4963.6,999.0,0,1.0,0.0,0.0,3,5,0.0,8,10,2,1
27456,31.0,1,999,0,1.1,93.994,-36.4,4.857,5191.0,999.0,0,1.0,1.0,1.0,2,7,0.0,6,5,1,1
27457,36.0,3,999,0,-1.8,93.075,-47.1,1.405,5099.1,999.0,0,1.0,1.0,0.0,2,4,0.0,5,4,2,1
27458,33.0,1,999,0,-1.7,94.215,-40.3,0.822,4991.6,999.0,0,0.0,1.0,1.0,1,6,0.0,4,7,1,1
27459,41.0,1,999,0,1.4,93.918,-42.7,4.963,5228.1,999.0,0,0.0,0.0,0.0,3,8,0.0,4,7,1,1
27460,33.0,1,999,0,1.4,93.444,-36.1,4.963,5228.1,999.0,0,0.0,1.0,0.0,1,8,0.0,5,8,1,1
27461,46.0,2,999,0,1.1,93.994,-36.4,4.857,5191.0,999.0,0,1.0,0.0,1.0,3,7,0.0,6,5,1,1
27462,31.0,1,999,0,1.1,93.994,-36.4,4.855,5191.0,999.0,0,0.0,0.0,1.0,2,6,0.0,5,5,1,1
27463,53.0,2,999,1,-0.1,93.2,-42.0,4.076,5195.8,999.0,3,0.0,1.0,0.0,1,8,0.0,1,11,1,2
27464,56.0,4,999,0,1.4,94.465,-41.8,4.959,5228.1,999.0,0,0.0,0.0,1.0,3,8,0.0,8,6,1,1
27465,43.0,1,999,0,-0.1,93.2,-42.0,4.153,5195.8,999.0,0,0.0,0.0,0.0,2,8,0.0,3,11,1,1
27466,31.0,2,999,0,-0.1,93.2,-42.0,4.021,5195.8,999.0,0,1.0,0.0,0.0,1,7,0.0,6,11,1,1
27467,36.0,11,999,0,1.4,94.465,-41.8,4.864,5228.1,999.0,0,1.0,0.0,1.0,2,7,0.0,6,6,1,1
27468,31.0,1,999,1,-1.8,93.075,-47.1,1.365,5099.1,999.0,2,1.0,0.0,0.0,2,8,0.0,5,4,1,2
27469,31.0,1,999,1,-1.8,92.893,-46.2,1.327,5099.1,999.0,3,1.0,0.0,0.0,2,5,0.0,6,5,1,2
27470,23.0,1,999,0,1.4,94.465,-41.8,4.962,5228.1,999.0,0,0.0,0.0,1.0,2,6,0.0,4,6,1,1
27471,34.0,3,999,0,-1.8,93.075,-47.1,1.405,5099.1,999.0,0,0.0,0.0,0.0,2,8,0.0,4,4,2,1
27472,31.0,1,999,0,1.4,93.444,-36.1,4.967,5228.1,999.0,0,1.0,0.0,0.0,2,8,0.0,4,8,1,1
27473,24.0,6,6,1,-1.7,94.055,-39.8,0.727,4991.6,0.2,0,0.0,0.0,0.0,1,8,0.0,11,6,1,3
27474,45.0,4,999,0,1.4,94.465,-41.8,4.865,5228.1,999.0,0,0.0,0.0,1.0,3,7,0.0,3,6,2,1
27475,31.0,3,999,0,1.4,94.465,-41.8,4.959,5228.1,999.0,0,1.0,0.0,1.0,1,7,0.0,7,6,1,1
27476,40.0,1,999,0,1.1,93.994,-36.4,4.856,5191.0,999.0,0,1.0,0.0,1.0,2,8,0.0,4,5,1,1
27477,33.0,2,999,0,-2.9,92.201,-31.4,0.854,5076.2,999.0,0,0.0,0.0,0.0,2,8,0.0,6,8,1,1
27478,47.0,2,999,6,-1.7,94.027,-38.3,0.904,4991.6,999.0,24,1.0,0.0,0.0,2,7,0.0,3,8,2,2
27479,77.0,1,999,0,-1.7,94.027,-38.3,0.898,4991.6,999.0,0,0.0,0.0,0.0,3,8,0.0,8,8,2,1
27480,41.0,2,999,0,-1.8,92.893,-46.2,1.313,5099.1,999.0,0,1.0,0.0,0.0,2,8,0.0,6,5,1,1
27481,48.0,5,999,0,1.4,93.918,-42.7,4.962,5228.1,999.0,0,1.0,0.0,0.0,1,5,0.0,6,7,1,1
27482,31.0,8,999,0,1.4,93.444,-36.1,4.964,5228.1,999.0,0,1.0,0.0,0.0,3,6,0.0,5,8,1,1
27483,35.0,2,999,0,1.4,94.465,-41.8,4.864,5228.1,999.0,0,0.0,0.0,1.0,2,5,0.0,4,6,1,1
27484,39.0,1,999,0,-1.8,92.893,-46.2,1.25,5099.1,999.0,0,1.0,0.0,0.0,2,8,0.0,6,5,1,1
27485,35.0,2,999,0,-1.8,92.893,-46.2,1.281,5099.1,999.0,0,1.0,0.0,0.0,2,6,0.0,4,5,1,1
27486,42.0,2,999,0,-1.8,92.893,-46.2,1.266,5099.1,999.0,0,1.0,1.0,0.0,2,6,0.0,5,5,1,1
27487,43.0,2,999,0,1.4,94.465,-41.8,4.864,5228.1,999.0,0,1.0,0.0,1.0,2,8,0.0,7,6,1,1
27488,31.0,1,999,0,-1.7,94.215,-40.3,0.889,4991.6,999.0,0,0.0,0.0,1.0,1,8,0.0,4,7,2,1
27489,54.0,1,999,0,-1.8,93.075,-47.1,1.405,5099.1,999.0,0,1.0,0.0,0.0,2,2,0.0,8,4,1,1
27490,31.0,3,999,0,1.4,94.465,-41.8,4.864,5228.1,999.0,0,1.0,0.0,1.0,2,8,0.0,4,6,1,1
27491,31.0,2,999,0,-1.8,92.893,-46.2,1.25,5099.1,999.0,0,0.0,0.0,0.0,1,6,0.0,5,5,1,1
27492,40.0,4,999,0,-1.8,93.075,-47.1,1.405,5099.1,999.0,0,1.0,1.0,0.0,2,4,0.0,1,4,2,1
27493,31.0,1,999,0,-1.8,93.075,-47.1,1.415,5099.1,999.0,0,1.0,1.0,0.0,2,3,0.0,3,4,1,1
27494,54.0,2,999,0,1.4,94.465,-41.8,4.864,5228.1,999.0,0,1.0,0.0,1.0,2,7,0.0,7,6,1,1
27495,43.0,1,999,0,-2.9,92.963,-40.8,1.262,5076.2,999.0,0,1.0,0.0,0.0,3,7,0.0,6,6,1,1
27496,32.0,7,999,0,1.4,93.918,-42.7,4.968,5228.1,999.0,0,1.0,0.0,0.0,2,7,0.0,5,7,1,1
27497,31.0,1,999,0,-0.1,93.2,-42.0,4.076,5195.8,999.0,0,1.0,0.0,0.0,1,7,0.0,6,11,1,1
27498,31.0,3,999,0,-1.8,92.893,-46.2,1.291,5099.1,999.0,0,0.0,0.0,0.0,1,8,0.0,6,5,1,1
27499,24.0,2,999,0,1.1,93.994,-36.4,4.857,5191.0,999.0,0,1.0,0.0,1.0,2,5,0.0,9,5,1,1
27500,45.0,1,999,0,1.1,93.994,-36.4,4.857,5191.0,999.0,0,0.0,0.0,1.0,2,7,0.0,6,5,1,1
27501,28.0,2,999,0,1.1,93.994,-36.4,4.86,5191.0,999.0,0,1.0,0.0,1.0,2,5,0.0,5,5,1,1
27502,31.0,2,999,0,-1.1,94.767,-50.8,1.039,4963.6,999.0,0,1.0,0.0,0.0,2,6,0.0,5,11,1,1
27503,36.0,1,999,0,-2.9,92.963,-40.8,1.099,5076.2,999.0,0,0.0,0.0,0.0,1,2,0.0,7,6,1,1
27504,43.0,4,999,0,1.4,93.918,-42.7,4.963,5228.1,999.0,0,1.0,0.0,1.0,2,7,0.0,6,7,1,1
27505,38.0,2,999,0,-2.9,92.201,-31.4,0.873,5076.2,999.0,0,1.0,0.0,0.0,2,7,0.0,3,8,1,1
27506,31.0,1,999,0,-1.7,94.027,-38.3,0.904,4991.6,999.0,0,1.0,0.0,0.0,1,6,0.0,5,8,1,1
27507,30.0,10,999,0,1.4,93.918,-42.7,4.963,5228.1,999.0,0,0.0,0.0,0.0,3,3,0.0,6,7,1,1
27508,53.0,1,999,0,1.1,93.994,-36.4,4.856,5191.0,999.0,0,1.0,0.0,1.0,2,5,0.0,6,5,1,1
27509,50.0,2,999,0,1.4,93.918,-42.7,4.958,5228.1,999.0,0,1.0,0.0,0.0,2,8,0.0,4,7,1,1
27510,29.0,1,999,0,-2.9,92.963,-40.8,1.26,5076.2,999.0,0,0.0,0.0,0.0,1,8,0.0,5,6,2,1
27511,45.0,3,999,0,1.4,93.444,-36.1,4.963,5228.1,999.0,0,1.0,1.0,0.0,2,8,0.0,5,8,1,1
27512,36.0,1,999,0,1.1,93.994,-36.4,4.856,5191.0,999.0,0,1.0,0.0,1.0,1,8,0.0,9,5,1,1
27513,31.0,1,999,1,-1.1,94.199,-37.5,0.884,4963.6,999.0,2,1.0,0.0,0.0,3,7,0.0,3,9,1,2
27514,31.0,1,999,0,1.4,93.918,-42.7,4.963,5228.1,999.0,0,1.0,0.0,0.0,2,8,0.0,5,7,1,1
27515,31.0,13,999,0,1.4,93.918,-42.7,4.961,5228.1,999.0,0,0.0,1.0,0.0,2,8,0.0,4,7,1,1
27516,31.0,5,999,0,1.1,93.994,-36.4,4.858,5191.0,999.0,0,0.0,0.0,1.0,2,4,0.0,9,5,2,1
27517,46.0,2,999,0,1.4,94.465,-41.8,4.864,5228.1,999.0,0,1.0,0.0,1.0,2,8,0.0,3,6,1,1
27518,46.0,2,999,0,-0.1,93.2,-42.0,4.12,5195.8,999.0,0,1.0,0.0,0.0,2,2,0.0,4,11,1,1
27519,34.0,3,999,0,1.4,93.444,-36.1,4.963,5228.1,999.0,0,1.0,0.0,0.0,1,7,0.0,6,8,2,1
27520,50.0,11,999,0,-0.1,93.2,-42.0,4.021,5195.8,999.0,0,1.0,0.0,0.0,3,7,0.0,3,11,1,1
27521,34.0,1,999,0,1.1,93.994,-36.4,4.864,5191.0,999.0,0,0.0,0.0,1.0,1,8,0.0,6,5,1,1
27522,31.0,2,999,0,1.1,93.994,-36.4,4.857,5191.0,999.0,0,1.0,0.0,1.0,2,8,0.0,5,5,1,1
27523,36.0,3,999,0,1.1,93.994,-36.4,4.855,5191.0,999.0,0,1.0,0.0,1.0,2,5,0.0,6,5,1,1
27524,31.0,6,999,0,-1.8,93.075,-47.1,1.405,5099.1,999.0,0,1.0,0.0,0.0,2,4,0.0,4,4,2,1
27525,31.0,5,999,0,1.4,94.465,-41.8,4.864,5228.1,999.0,0,1.0,0.0,1.0,2,5,0.0,9,6,1,1
27526,31.0,1,999,0,-1.7,94.027,-38.3,0.905,4991.6,999.0,0,1.0,0.0,1.0,1,6,0.0,7,8,1,1
27527,32.0,2,999,0,1.4,93.444,-36.1,4.963,5228.1,999.0,0,0.0,0.0,0.0,2,8,0.0,6,8,1,1
27528,45.0,1,999,0,1.4,94.465,-41.8,4.866,5228.1,999.0,0,0.0,0.0,1.0,2,8,0.0,4,6,1,1
27529,31.0,7,999,0,1.1,93.994,-36.4,4.857,5191.0,999.0,0,1.0,0.0,1.0,1,6,0.0,5,5,2,1
27530,74.0,1,999,0,-2.9,92.201,-31.4,0.883,5076.2,999.0,0,0.0,0.0,0.0,2,5,0.0,8,8,1,1
27531,31.0,6,999,0,-2.9,92.469,-33.6,0.908,5076.2,999.0,0,0.0,1.0,1.0,1,5,0.0,6,7,1,1
27532,31.0,3,999,0,-1.8,93.075,-47.1,1.405,5099.1,999.0,0,1.0,0.0,0.0,1,5,0.0,11,4,1,1
27533,31.0,2,999,0,1.4,93.444,-36.1,4.964,5228.1,999.0,0,0.0,0.0,0.0,3,7,0.0,6,8,1,1
27534,28.0,4,999,0,-2.9,92.963,-40.8,1.244,5076.2,999.0,0,0.0,0.0,0.0,1,8,0.0,11,6,1,1
27535,25.0,3,999,0,1.4,94.465,-41.8,4.866,5228.1,999.0,0,1.0,0.0,1.0,1,8,0.0,9,6,1,1
27536,35.0,8,999,0,1.4,93.918,-42.7,4.963,5228.1,999.0,0,0.0,0.0,0.0,2,6,0.0,5,7,1,1
27537,36.0,2,999,0,-0.1,93.2,-42.0,4.021,5195.8,999.0,0,1.0,0.0,0.0,1,5,0.0,6,11,1,1
27538,39.0,1,999,0,-0.1,93.2,-42.0,4.12,5195.8,999.0,0,0.0,0.0,0.0,2,7,0.0,6,11,1,1
27539,58.0,1,999,0,1.4,94.465,-41.8,4.961,5228.1,999.0,0,0.0,0.0,1.0,2,2,0.0,7,6,1,1
27540,33.0,1,999,0,-2.9,92.469,-33.6,1.059,5076.2,999.0,0,0.0,0.0,0.0,1,7,0.0,6,7,1,1
27541,31.0,1,999,0,1.4,93.444,-36.1,4.964,5228.1,999.0,0,1.0,1.0,0.0,1,7,0.0,5,8,1,1
27542,31.0,2,999,0,-1.8,92.893,-46.2,1.25,5099.1,999.0,0,1.0,0.0,0.0,1,7,0.0,6,5,1,1
27543,31.0,3,999,0,1.4,93.444,-36.1,4.963,5228.1,999.0,0,0.0,0.0,0.0,2,5,0.0,9,8,1,1
27544,31.0,2,999,0,1.4,93.444,-36.1,4.967,5228.1,999.0,0,0.0,0.0,0.0,2,7,0.0,6,8,1,1
27545,38.0,1,999,0,1.4,94.465,-41.8,4.967,5228.1,999.0,0,1.0,1.0,1.0,2,4,0.0,4,6,1,1
27546,21.0,2,4,1,-2.9,92.201,-31.4,0.884,5076.2,0.133333333333,1,1.0,0.0,0.0,1,7,0.0,6,8,2,3
27547,36.0,1,999,1,-0.1,93.2,-42.0,4.153,5195.8,999.0,0,1.0,0.0,0.0,3,4,0.0,2,11,1,2
27548,30.0,17,999,0,1.4,93.444,-36.1,4.962,5228.1,999.0,0,1.0,0.0,0.0,1,7,0.0,5,8,1,1
27549,41.0,1,999,0,-1.8,93.075,-47.1,1.405,5099.1,999.0,0,1.0,1.0,0.0,2,8,0.0,6,4,2,1
27550,72.0,1,999,1,-3.4,92.649,-30.1,0.715,5017.5,999.0,3,1.0,0.0,0.0,2,2,0.0,8,11,1,2
27551,31.0,7,999,0,1.4,93.918,-42.7,4.968,5228.1,999.0,0,1.0,0.0,0.0,2,6,0.0,7,7,1,1
27552,29.0,2,999,0,1.4,93.444,-36.1,4.964,5228.1,999.0,0,0.0,0.0,0.0,1,8,0.0,6,8,1,1
27553,42.0,2,999,0,1.4,93.444,-36.1,4.964,5228.1,999.0,0,0.0,0.0,0.0,2,8,0.0,7,8,1,1
27554,31.0,1,999,0,-1.8,93.075,-47.1,1.365,5099.1,999.0,0,1.0,0.0,0.0,2,5,0.0,11,4,1,1
27555,41.0,3,999,0,1.1,93.994,-36.4,4.864,5191.0,999.0,0,0.0,0.0,1.0,1,6,0.0,5,5,1,1
27556,31.0,1,999,0,-3.4,92.431,-26.9,0.742,5017.5,999.0,0,0.0,0.0,0.0,2,8,0.0,6,10,1,1
27557,31.0,4,999,0,1.1,93.994,-36.4,4.857,5191.0,999.0,0,1.0,0.0,1.0,2,7,0.0,3,5,1,1
27558,31.0,5,999,0,-1.8,92.893,-46.2,1.25,5099.1,999.0,0,0.0,1.0,1.0,1,5,0.0,6,5,1,1
27559,31.0,1,999,0,1.4,94.465,-41.8,4.961,5228.1,999.0,0,1.0,1.0,1.0,3,5,0.0,6,6,1,1
27560,31.0,2,999,0,-0.1,93.2,-42.0,4.191,5195.8,999.0,0,1.0,0.0,0.0,3,5,0.0,9,11,2,1
27561,31.0,1,999,0,1.4,93.444,-36.1,4.966,5228.1,999.0,0,1.0,1.0,0.0,2,5,0.0,9,8,1,1
27562,35.0,6,999,0,1.1,93.994,-36.4,4.858,5191.0,999.0,0,0.0,0.0,1.0,2,7,0.0,5,5,1,1
27563,33.0,1,999,1,-2.9,92.201,-31.4,0.869,5076.2,999.0,1,0.0,0.0,0.0,1,4,0.0,4,8,1,2
27564,31.0,1,9,2,-1.1,94.601,-49.5,0.959,4963.6,0.3,0,1.0,1.0,0.0,2,6,0.0,5,10,1,2
27565,81.0,2,999,0,-3.4,92.431,-26.9,0.724,5017.5,999.0,0,1.0,0.0,0.0,2,2,0.0,2,10,1,1
27566,36.0,3,999,0,1.1,93.994,-36.4,4.858,5191.0,999.0,0,0.0,0.0,1.0,1,8,0.0,9,5,1,1
27567,52.0,2,999,0,1.1,93.994,-36.4,4.857,5191.0,999.0,0,1.0,0.0,1.0,2,4,0.0,4,5,1,1
27568,19.0,1,3,1,-2.9,92.201,-31.4,0.884,5076.2,0.1,1,0.0,0.0,0.0,1,4,0.0,11,8,2,3
27569,51.0,3,999,0,1.4,93.918,-42.7,4.962,5228.1,999.0,0,1.0,0.0,0.0,2,8,0.0,2,7,2,1
27570,60.0,2,999,0,1.4,94.465,-41.8,4.865,5228.1,999.0,0,0.0,0.0,1.0,2,7,0.0,3,6,2,1
27571,49.0,1,999,0,1.4,94.465,-41.8,4.961,5228.1,999.0,0,0.0,0.0,1.0,2,5,0.0,9,6,1,1
27572,54.0,1,999,0,1.4,93.444,-36.1,4.966,5228.1,999.0,0,1.0,0.0,0.0,2,5,0.0,6,8,1,1
27573,31.0,1,999,1,-1.8,93.369,-34.8,0.65,5008.7,999.0,2,1.0,0.0,0.0,3,7,0.0,6,3,1,2
27574,42.0,3,999,0,1.4,94.465,-41.8,4.864,5228.1,999.0,0,0.0,0.0,1.0,2,4,0.0,4,6,1,1
27575,48.0,3,999,0,-0.1,93.2,-42.0,4.021,5195.8,999.0,0,1.0,1.0,0.0,2,8,0.0,6,11,1,1
27576,37.0,2,999,0,1.4,93.918,-42.7,4.958,5228.1,999.0,0,0.0,0.0,0.0,2,2,0.0,4,7,1,1
27577,53.0,1,999,0,1.4,93.918,-42.7,4.962,5228.1,999.0,0,0.0,0.0,0.0,2,3,0.0,10,7,2,1
27578,44.0,2,999,0,1.4,94.465,-41.8,4.947,5228.1,999.0,0,1.0,0.0,1.0,2,3,0.0,4,6,1,1
27579,31.0,3,999,0,1.1,93.994,-36.4,4.856,5191.0,999.0,0,1.0,0.0,1.0,2,7,0.0,5,5,1,1
27580,50.0,2,999,0,1.4,93.918,-42.7,4.961,5228.1,999.0,0,1.0,0.0,0.0,1,7,0.0,5,7,1,1
27581,33.0,1,999,0,1.4,94.465,-41.8,4.866,5228.1,999.0,0,1.0,0.0,1.0,2,7,0.0,1,6,1,1
27582,45.0,2,5,3,-1.1,94.767,-50.8,1.05,4963.6,0.166666666667,9,1.0,1.0,0.0,2,5,0.0,4,11,2,3
27583,35.0,5,999,0,1.4,93.918,-42.7,4.968,5228.1,999.0,0,0.0,0.0,1.0,2,7,0.0,1,7,1,1
27584,31.0,1,999,0,1.4,93.918,-42.7,4.961,5228.1,999.0,0,1.0,0.0,0.0,2,5,0.0,9,7,1,1
27585,51.0,1,999,0,1.1,93.994,-36.4,4.856,5191.0,999.0,0,0.0,0.0,1.0,2,8,0.0,3,5,1,1
27586,31.0,2,999,0,1.1,93.994,-36.4,4.857,5191.0,999.0,0,1.0,0.0,1.0,2,5,0.0,4,5,1,1
27587,37.0,1,999,0,1.4,93.444,-36.1,4.964,5228.1,999.0,0,1.0,0.0,0.0,2,7,0.0,1,8,1,1
27588,31.0,2,999,0,1.1,93.994,-36.4,4.856,5191.0,999.0,0,1.0,0.0,1.0,2,4,0.0,4,5,1,1
27589,31.0,5,999,0,1.1,93.994,-36.4,4.857,5191.0,999.0,0,1.0,0.0,1.0,2,8,0.0,4,5,1,1
27590,43.0,2,999,0,1.4,94.465,-41.8,4.866,5228.1,999.0,0,0.0,0.0,1.0,2,6,0.0,5,6,1,1
27591,29.0,1,999,0,-0.1,93.2,-42.0,4.076,5195.8,999.0,0,0.0,0.0,0.0,2,4,0.0,6,11,1,1
27592,36.0,2,999,0,-0.1,93.2,-42.0,4.076,5195.8,999.0,0,1.0,0.0,0.0,2,8,0.0,5,11,1,1
27593,26.0,2,6,1,-1.8,92.893,-46.2,1.291,5099.1,0.2,3,1.0,0.0,0.0,2,8,0.0,4,5,1,3
27594,41.0,2,999,0,1.1,93.994,-36.4,4.858,5191.0,999.0,0,1.0,0.0,1.0,2,8,0.0,5,5,1,1
27595,34.0,1,999,0,1.4,93.444,-36.1,4.965,5228.1,999.0,0,1.0,0.0,0.0,2,7,0.0,6,8,1,1
27596,31.0,7,999,0,1.4,93.918,-42.7,4.961,5228.1,999.0,0,1.0,0.0,0.0,2,5,0.0,4,7,1,1
27597,31.0,1,999,0,1.4,94.465,-41.8,4.864,5228.1,999.0,0,1.0,0.0,1.0,1,5,0.0,9,6,1,1
27598,44.0,2,999,0,-3.4,92.431,-26.9,0.742,5017.5,999.0,0,0.0,0.0,0.0,1,8,0.0,4,10,1,1
27599,31.0,2,999,0,-1.8,92.893,-46.2,1.244,5099.1,999.0,0,1.0,0.0,0.0,2,4,0.0,4,5,2,1
27600,31.0,2,999,0,1.1,93.994,-36.4,4.858,5191.0,999.0,0,1.0,0.0,1.0,2,8,0.0,5,5,1,1
27601,30.0,1,999,0,-0.1,93.2,-42.0,4.021,5195.8,999.0,0,0.0,0.0,0.0,2,7,0.0,6,11,1,1
27602,53.0,2,999,0,-1.8,92.893,-46.2,1.354,5099.1,999.0,0,1.0,0.0,0.0,2,5,0.0,6,5,2,1
27603,31.0,2,999,1,-1.8,92.893,-46.2,1.266,5099.1,999.0,2,0.0,1.0,0.0,2,2,0.0,4,5,1,2
27604,31.0,3,999,0,-1.8,93.075,-47.1,1.405,5099.1,999.0,0,1.0,0.0,0.0,2,8,0.0,4,4,1,1
27605,31.0,1,999,0,1.4,93.918,-42.7,4.963,5228.1,999.0,0,0.0,0.0,0.0,2,4,0.0,1,7,1,1
27606,30.0,2,999,0,-0.1,93.2,-42.0,4.076,5195.8,999.0,0,0.0,0.0,0.0,1,8,0.0,9,11,1,1
27607,40.0,2,999,0,1.4,94.465,-41.8,4.959,5228.1,999.0,0,0.0,0.0,1.0,2,8,0.0,5,6,1,1
27608,43.0,2,999,1,-1.8,93.075,-47.1,1.405,5099.1,999.0,5,1.0,0.0,0.0,2,8,0.0,3,4,2,2
27609,31.0,1,999,0,-0.1,93.2,-42.0,4.076,5195.8,999.0,0,0.0,0.0,0.0,1,8,0.0,9,11,1,1
27610,42.0,3,999,0,-1.7,94.027,-38.3,0.898,4991.6,999.0,0,0.0,0.0,0.0,1,7,0.0,6,8,2,1
27611,31.0,1,999,0,-3.4,92.431,-26.9,0.752,5017.5,999.0,0,1.0,1.0,0.0,1,2,0.0,10,10,1,1
27612,43.0,1,999,0,1.1,93.994,-36.4,4.857,5191.0,999.0,0,1.0,0.0,1.0,2,6,0.0,3,5,1,1
27613,31.0,2,999,0,-3.4,92.431,-26.9,0.742,5017.5,999.0,0,0.0,0.0,0.0,2,2,0.0,8,10,1,1
27614,31.0,3,999,0,1.4,93.444,-36.1,4.963,5228.1,999.0,0,1.0,0.0,0.0,1,6,0.0,5,8,1,1
27615,28.0,1,999,0,1.4,93.918,-42.7,4.968,5228.1,999.0,0,0.0,0.0,1.0,2,6,0.0,5,7,1,1
27616,45.0,1,999,0,1.4,94.465,-41.8,4.967,5228.1,999.0,0,1.0,1.0,1.0,2,2,0.0,10,6,1,1
27617,51.0,4,999,0,1.1,93.994,-36.4,4.857,5191.0,999.0,0,1.0,0.0,1.0,2,4,0.0,4,5,1,1
27618,30.0,9,999,0,1.4,93.918,-42.7,4.961,5228.1,999.0,0,1.0,0.0,1.0,3,7,0.0,6,7,1,1
27619,31.0,1,999,0,-1.8,93.075,-47.1,1.405,5099.1,999.0,0,0.0,0.0,0.0,2,6,0.0,5,4,1,1
27620,31.0,1,999,0,-1.8,92.893,-46.2,1.344,5099.1,999.0,0,0.0,0.0,0.0,2,4,0.0,4,5,1,1
27621,42.0,2,999,0,1.4,93.918,-42.7,4.958,5228.1,999.0,0,1.0,0.0,0.0,2,8,0.0,7,7,1,1
27622,67.0,1,999,0,-3.4,92.649,-30.1,0.714,5017.5,999.0,0,1.0,0.0,0.0,2,2,0.0,8,11,1,1
27623,45.0,1,999,0,1.4,93.918,-42.7,4.962,5228.1,999.0,0,1.0,0.0,0.0,2,8,0.0,6,7,2,1
27624,31.0,1,999,0,1.4,93.444,-36.1,4.963,5228.1,999.0,0,0.0,0.0,1.0,2,8,0.0,3,8,1,1
27625,39.0,1,999,0,-0.1,93.2,-42.0,4.153,5195.8,999.0,0,0.0,0.0,0.0,2,4,0.0,9,11,1,1
27626,34.0,2,999,0,-1.1,94.199,-37.5,0.876,4963.6,999.0,0,0.0,1.0,0.0,2,8,0.0,6,9,1,1
27627,33.0,1,999,0,1.4,93.444,-36.1,4.963,5228.1,999.0,0,0.0,0.0,0.0,1,7,0.0,5,8,1,1
27628,31.0,3,999,0,1.4,94.465,-41.8,4.959,5228.1,999.0,0,1.0,0.0,1.0,2,8,0.0,5,6,1,1
27629,31.0,3,999,1,-1.8,92.893,-46.2,1.299,5099.1,999.0,2,1.0,0.0,0.0,2,8,0.0,5,5,2,2
27630,36.0,2,999,1,-3.4,92.431,-26.9,0.722,5017.5,999.0,3,0.0,0.0,0.0,2,7,0.0,6,10,1,2
27631,31.0,1,999,0,-0.1,93.2,-42.0,4.191,5195.8,999.0,0,1.0,1.0,0.0,1,8,0.0,5,11,1,1
27632,45.0,1,999,0,1.4,93.918,-42.7,4.968,5228.1,999.0,0,0.0,0.0,0.0,2,7,0.0,6,7,1,1
27633,40.0,6,999,0,-1.8,92.893,-46.2,1.27,5099.1,999.0,0,1.0,0.0,0.0,2,8,0.0,4,5,1,1
27634,45.0,3,999,0,1.4,94.465,-41.8,4.959,5228.1,999.0,0,1.0,0.0,1.0,2,4,0.0,4,6,1,1
27635,54.0,5,999,0,-1.8,93.876,-40.0,0.685,5008.7,999.0,0,0.0,0.0,1.0,2,8,0.0,6,5,2,1
27636,31.0,3,999,0,1.1,93.994,-36.4,4.864,5191.0,999.0,0,0.0,1.0,1.0,2,3,0.0,10,5,1,1
27637,48.0,1,999,1,-2.9,92.963,-40.8,1.215,5076.2,999.0,3,1.0,0.0,0.0,2,7,0.0,6,6,1,2
27638,52.0,2,999,0,1.4,93.444,-36.1,4.965,5228.1,999.0,0,1.0,1.0,0.0,2,5,0.0,9,8,2,1
27639,38.0,1,999,0,1.1,93.994,-36.4,4.857,5191.0,999.0,0,1.0,0.0,1.0,1,4,0.0,4,5,1,1
27640,38.0,2,999,0,1.1,93.994,-36.4,4.859,5191.0,999.0,0,0.0,0.0,1.0,2,7,0.0,3,5,1,1
27641,31.0,1,999,1,-1.8,92.893,-46.2,1.313,5099.1,999.0,2,1.0,0.0,0.0,1,5,0.0,6,5,1,2
27642,38.0,1,999,0,1.1,93.994,-36.4,4.857,5191.0,999.0,0,0.0,0.0,1.0,1,2,0.0,4,5,1,1
27643,46.0,2,999,0,-1.8,92.893,-46.2,1.334,5099.1,999.0,0,0.0,1.0,0.0,2,4,0.0,9,5,1,1
27644,29.0,3,999,0,1.1,93.994,-36.4,4.857,5191.0,999.0,0,1.0,1.0,1.0,1,7,0.0,3,5,2,1
27645,37.0,6,999,0,-1.8,92.893,-46.2,1.25,5099.1,999.0,0,0.0,1.0,0.0,1,6,0.0,5,5,1,1
27646,35.0,2,999,0,-0.1,93.2,-42.0,4.12,5195.8,999.0,0,1.0,0.0,0.0,2,7,0.0,6,11,1,1
27647,52.0,1,999,1,-3.0,92.713,-33.0,0.71,5023.5,999.0,2,0.0,0.0,0.0,2,5,0.0,5,12,1,2
27648,31.0,1,999,0,1.1,93.994,-36.4,4.855,5191.0,999.0,0,0.0,0.0,1.0,2,5,0.0,6,5,1,1
27649,37.0,1,999,0,1.4,93.918,-42.7,4.962,5228.1,999.0,0,1.0,0.0,0.0,1,7,0.0,3,7,1,1
27650,34.0,1,999,0,1.1,93.994,-36.4,4.857,5191.0,999.0,0,0.0,0.0,1.0,2,5,0.0,9,5,1,1
27651,44.0,1,999,0,1.1,93.994,-36.4,4.857,5191.0,999.0,0,1.0,0.0,1.0,1,4,0.0,4,5,2,1
27652,30.0,3,999,0,1.4,93.444,-36.1,4.964,5228.1,999.0,0,0.0,0.0,1.0,2,7,0.0,6,8,1,1
27653,46.0,1,999,0,-0.1,93.2,-42.0,4.12,5195.8,999.0,0,1.0,0.0,0.0,3,8,0.0,6,11,1,1
27654,45.0,1,999,0,1.1,93.994,-36.4,4.86,5191.0,999.0,0,0.0,0.0,1.0,2,4,0.0,4,5,1,1
27655,40.0,2,999,0,1.1,93.994,-36.4,4.855,5191.0,999.0,0,0.0,0.0,1.0,1,3,0.0,4,5,1,1
27656,26.0,2,999,0,-2.9,92.201,-31.4,0.869,5076.2,999.0,0,0.0,0.0,0.0,1,5,0.0,11,8,1,1
27657,31.0,1,999,0,-0.1,93.2,-42.0,4.191,5195.8,999.0,0,1.0,0.0,0.0,3,5,0.0,9,11,2,1
27658,39.0,2,999,0,1.1,93.994,-36.4,4.856,5191.0,999.0,0,1.0,0.0,1.0,2,8,0.0,4,5,1,1
27659,31.0,1,999,1,-3.4,92.431,-26.9,0.722,5017.5,999.0,7,0.0,0.0,0.0,1,7,0.0,6,10,1,2
27660,31.0,1,999,0,1.1,93.994,-36.4,4.857,5191.0,999.0,0,1.0,0.0,1.0,2,8,0.0,4,5,1,1
27661,31.0,2,999,0,-2.9,92.963,-40.8,1.266,5076.2,999.0,0,1.0,0.0,0.0,2,8,0.0,6,6,2,1
27662,35.0,1,999,0,1.4,93.918,-42.7,4.961,5228.1,999.0,0,1.0,1.0,0.0,1,5,0.0,9,7,1,1
27663,31.0,9,999,0,-0.1,93.2,-42.0,4.12,5195.8,999.0,0,1.0,0.0,0.0,3,4,0.0,6,11,1,1
27664,59.0,1,999,0,1.4,94.465,-41.8,4.961,5228.1,999.0,0,1.0,0.0,1.0,2,8,0.0,8,6,1,1
27665,32.0,3,999,0,-1.8,92.893,-46.2,1.291,5099.1,999.0,0,1.0,0.0,0.0,1,7,0.0,6,5,1,1
27666,31.0,2,999,0,1.4,94.465,-41.8,4.864,5228.1,999.0,0,0.0,1.0,1.0,1,6,0.0,5,6,1,1
27667,43.0,6,999,0,1.1,93.994,-36.4,4.857,5191.0,999.0,0,0.0,0.0,1.0,2,5,0.0,6,5,1,1
27668,31.0,2,999,0,1.1,93.994,-36.4,4.859,5191.0,999.0,0,1.0,0.0,1.0,1,5,0.0,6,5,1,1
27669,60.0,2,5,2,-2.9,92.469,-33.6,1.072,5076.2,0.166666666667,6,1.0,0.0,0.0,2,2,0.0,2,7,1,3
27670,31.0,4,999,0,-1.8,92.893,-46.2,1.266,5099.1,999.0,0,0.0,0.0,1.0,2,4,0.0,4,5,1,1
27671,56.0,3,999,0,1.4,93.444,-36.1,4.968,5228.1,999.0,0,1.0,0.0,0.0,2,8,0.0,8,8,1,1
27672,29.0,3,999,0,-1.8,92.893,-46.2,1.281,5099.1,999.0,0,1.0,0.0,0.0,1,4,0.0,6,5,1,1
27673,25.0,6,999,0,1.1,93.994,-36.4,4.857,5191.0,999.0,0,1.0,1.0,1.0,2,5,0.0,4,5,1,1
27674,60.0,7,999,0,1.4,93.918,-42.7,4.962,5228.1,999.0,0,0.0,0.0,0.0,3,8,0.0,8,7,2,1
27675,23.0,6,999,0,-2.9,92.469,-33.6,0.908,5076.2,999.0,0,0.0,0.0,0.0,1,4,0.0,11,7,1,1
27676,33.0,4,999,0,1.4,93.444,-36.1,4.966,5228.1,999.0,0,1.0,0.0,0.0,1,7,0.0,6,8,1,1
27677,33.0,3,999,1,-1.8,93.075,-47.1,1.41,5099.1,999.0,1,0.0,1.0,0.0,2,6,0.0,5,4,1,2
27678,28.0,3,6,2,-1.7,94.055,-39.8,0.729,4991.6,0.2,4,1.0,0.0,0.0,1,8,0.0,3,6,1,3
27679,44.0,2,999,0,-0.1,93.2,-42.0,4.021,5195.8,999.0,0,1.0,0.0,0.0,2,7,0.0,6,11,1,1
27680,31.0,1,999,0,-1.1,94.199,-37.5,0.879,4963.6,999.0,0,0.0,0.0,0.0,1,8,0.0,5,9,1,1
27681,52.0,2,999,0,-0.1,93.2,-42.0,4.076,5195.8,999.0,0,0.0,0.0,0.0,2,4,0.0,4,11,1,1
27682,57.0,3,999,0,-1.8,92.893,-46.2,1.313,5099.1,999.0,0,0.0,0.0,0.0,3,8,0.0,9,5,1,1
27683,38.0,2,999,0,1.4,93.918,-42.7,4.966,5228.1,999.0,0,1.0,0.0,1.0,2,8,0.0,4,7,1,1
27684,29.0,1,999,0,-1.8,92.893,-46.2,1.327,5099.1,999.0,0,1.0,0.0,0.0,2,4,0.0,4,5,1,1
27685,31.0,1,999,0,-0.1,93.2,-42.0,4.076,5195.8,999.0,0,0.0,1.0,0.0,2,5,0.0,9,11,1,1
27686,29.0,2,999,0,1.1,93.994,-36.4,4.859,5191.0,999.0,0,0.0,0.0,1.0,1,8,0.0,4,5,1,1
27687,31.0,3,999,0,1.4,93.918,-42.7,4.958,5228.1,999.0,0,0.0,0.0,0.0,2,7,0.0,6,7,1,1
27688,31.0,2,999,0,1.1,93.994,-36.4,4.856,5191.0,999.0,0,1.0,0.0,1.0,1,7,0.0,6,5,1,1
27689,57.0,2,999,0,-0.1,93.2,-42.0,4.153,5195.8,999.0,0,0.0,0.0,0.0,2,6,0.0,4,11,1,1
27690,50.0,2,999,0,-0.1,93.2,-42.0,4.153,5195.8,999.0,0,1.0,0.0,1.0,2,2,0.0,2,11,1,1
27691,40.0,7,999,0,-1.8,92.893,-46.2,1.299,5099.1,999.0,0,0.0,0.0,0.0,2,2,0.0,4,5,2,1
27692,53.0,2,999,0,1.4,93.918,-42.7,4.963,5228.1,999.0,0,1.0,0.0,0.0,2,4,0.0,8,7,1,1
27693,31.0,1,999,0,1.4,93.444,-36.1,4.962,5228.1,999.0,0,1.0,1.0,0.0,1,7,0.0,10,8,1,1
27694,43.0,4,999,0,1.1,93.994,-36.4,4.856,5191.0,999.0,0,1.0,1.0,1.0,2,2,0.0,2,5,1,1
27695,31.0,3,999,0,1.4,94.465,-41.8,4.958,5228.1,999.0,0,0.0,0.0,1.0,1,8,0.0,11,6,1,1
27696,58.0,4,999,1,-0.1,93.2,-42.0,4.021,5195.8,999.0,2,1.0,1.0,0.0,2,8,0.0,8,11,1,2
27697,41.0,1,999,0,1.4,94.465,-41.8,4.958,5228.1,999.0,0,1.0,0.0,1.0,2,8,0.0,9,6,1,1
27698,44.0,1,999,0,-1.8,92.893,-46.2,1.334,5099.1,999.0,0,1.0,0.0,0.0,1,5,0.0,6,5,1,1
27699,27.0,2,999,0,-1.7,94.055,-39.8,0.761,4991.6,999.0,0,0.0,0.0,0.0,1,5,0.0,6,6,1,1
27700,31.0,2,999,0,1.4,93.444,-36.1,4.97,5228.1,999.0,0,0.0,0.0,0.0,2,8,0.0,12,8,2,1
27701,29.0,14,999,0,1.4,93.918,-42.7,4.968,5228.1,999.0,0,0.0,0.0,0.0,1,7,0.0,6,7,1,1
27702,38.0,2,999,0,1.1,93.994,-36.4,4.86,5191.0,999.0,0,1.0,0.0,1.0,2,7,0.0,5,5,1,1
27703,35.0,3,999,0,-1.8,92.893,-46.2,1.334,5099.1,999.0,0,1.0,0.0,0.0,2,6,0.0,5,5,1,1
27704,31.0,1,999,0,-0.1,93.2,-42.0,4.223,5195.8,999.0,0,1.0,0.0,1.0,1,6,0.0,5,11,1,1
27705,30.0,2,999,0,-1.8,93.075,-47.1,1.498,5099.1,999.0,0,1.0,0.0,0.0,1,5,0.0,9,4,1,1
27706,36.0,3,999,0,-1.8,92.893,-46.2,1.327,5099.1,999.0,0,0.0,0.0,0.0,2,8,0.0,4,5,1,1
27707,34.0,1,999,0,-2.9,92.963,-40.8,1.26,5076.2,999.0,0,1.0,1.0,1.0,2,8,0.0,3,6,1,1
27708,45.0,6,999,1,-1.8,92.893,-46.2,1.244,5099.1,999.0,1,1.0,0.0,0.0,1,5,0.0,4,5,2,2
27709,31.0,4,999,0,1.4,94.465,-41.8,4.959,5228.1,999.0,0,1.0,0.0,1.0,3,5,0.0,6,6,1,1
27710,37.0,1,999,0,-1.8,93.876,-40.0,0.672,5008.7,999.0,0,1.0,0.0,0.0,2,7,0.0,2,5,1,1
27711,56.0,1,999,1,-1.8,93.369,-34.8,0.634,5008.7,999.0,3,1.0,0.0,0.0,1,7,0.0,6,3,1,2
27712,31.0,2,999,1,-3.4,92.649,-30.1,0.714,5017.5,999.0,4,1.0,1.0,0.0,2,6,0.0,10,11,1,2
27713,49.0,14,999,0,1.4,93.918,-42.7,4.968,5228.1,999.0,0,1.0,0.0,0.0,2,8,0.0,5,7,1,1
27714,42.0,1,999,0,1.1,93.994,-36.4,4.857,5191.0,999.0,0,1.0,0.0,1.0,2,2,0.0,2,5,2,1
27715,48.0,1,999,1,-0.1,93.2,-42.0,4.021,5195.8,999.0,0,0.0,1.0,0.0,2,2,0.0,4,11,1,2
27716,49.0,2,999,0,1.4,93.918,-42.7,4.962,5228.1,999.0,0,0.0,0.0,0.0,3,5,0.0,6,7,1,1
27717,45.0,1,999,0,1.4,94.465,-41.8,4.866,5228.1,999.0,0,1.0,0.0,1.0,2,3,0.0,4,6,1,1
27718,46.0,6,999,0,-0.1,93.2,-42.0,4.12,5195.8,999.0,0,1.0,1.0,0.0,2,8,0.0,4,11,1,1
27719,31.0,6,999,0,1.4,94.465,-41.8,4.967,5228.1,999.0,0,1.0,0.0,1.0,2,4,0.0,4,6,1,1
27720,31.0,7,999,0,1.4,94.465,-41.8,4.865,5228.1,999.0,0,0.0,1.0,1.0,2,8,0.0,3,6,1,1
27721,57.0,1,999,0,-2.9,92.201,-31.4,0.873,5076.2,999.0,0,1.0,0.0,0.0,1,8,0.0,6,8,1,1
27722,51.0,3,999,0,1.4,94.465,-41.8,4.864,5228.1,999.0,0,0.0,1.0,1.0,2,6,0.0,5,6,1,1
27723,25.0,2,999,0,1.1,93.994,-36.4,4.855,5191.0,999.0,0,0.0,0.0,1.0,2,6,0.0,4,5,1,1
27724,31.0,1,20,4,-1.1,94.601,-49.5,0.972,4963.6,0.666666666667,12,1.0,0.0,0.0,1,8,0.0,11,10,1,2
27725,31.0,4,999,0,1.4,93.918,-42.7,4.962,5228.1,999.0,0,1.0,0.0,1.0,1,5,0.0,6,7,2,1
27726,56.0,5,999,0,1.4,93.444,-36.1,4.963,5228.1,999.0,0,1.0,0.0,0.0,2,4,0.0,1,8,1,1
27727,42.0,2,999,0,1.1,93.994,-36.4,4.856,5191.0,999.0,0,0.0,0.0,1.0,2,5,0.0,9,5,1,1
27728,44.0,1,999,0,1.4,93.444,-36.1,4.964,5228.1,999.0,0,1.0,0.0,0.0,2,2,0.0,4,8,1,1
27729,66.0,3,999,3,-2.9,92.201,-31.4,0.854,5076.2,999.0,3,1.0,1.0,1.0,2,2,0.0,8,8,1,2
27730,31.0,1,999,0,1.4,93.918,-42.7,4.962,5228.1,999.0,0,0.0,0.0,0.0,1,8,0.0,5,7,1,1
27731,28.0,2,999,0,1.1,93.994,-36.4,4.857,5191.0,999.0,0,0.0,0.0,1.0,1,7,0.0,6,5,1,1
27732,65.0,2,999,0,-3.4,92.649,-30.1,0.716,5017.5,999.0,0,0.0,1.0,0.0,2,2,0.0,8,11,1,1
27733,31.0,3,999,0,1.1,93.994,-36.4,4.859,5191.0,999.0,0,0.0,0.0,1.0,2,7,0.0,6,5,1,1
27734,31.0,3,999,0,1.4,93.444,-36.1,4.97,5228.1,999.0,0,0.0,0.0,0.0,2,8,0.0,4,8,1,1
27735,55.0,2,999,0,1.4,94.465,-41.8,4.959,5228.1,999.0,0,0.0,0.0,1.0,2,4,0.0,4,6,1,1
27736,32.0,2,999,0,-1.8,92.893,-46.2,1.327,5099.1,999.0,0,0.0,1.0,0.0,1,6,0.0,5,5,1,1
27737,30.0,4,999,0,-0.1,93.2,-42.0,4.076,5195.8,999.0,0,1.0,0.0,0.0,2,8,0.0,10,11,1,1
27738,55.0,1,999,0,1.4,93.918,-42.7,4.962,5228.1,999.0,0,1.0,1.0,0.0,2,3,0.0,4,7,1,1
27739,38.0,1,999,1,-2.9,92.963,-40.8,1.26,5076.2,999.0,4,1.0,0.0,0.0,3,5,0.0,6,6,1,2
27740,39.0,1,999,0,-1.8,92.893,-46.2,1.313,5099.1,999.0,0,1.0,1.0,0.0,2,3,0.0,4,5,1,1
27741,31.0,1,999,0,1.4,94.465,-41.8,4.864,5228.1,999.0,0,1.0,0.0,1.0,3,2,0.0,10,6,1,1
27742,50.0,2,999,0,1.4,93.918,-42.7,4.962,5228.1,999.0,0,1.0,1.0,0.0,3,4,0.0,6,7,2,1
27743,49.0,1,999,0,1.1,93.994,-36.4,4.857,5191.0,999.0,0,1.0,1.0,1.0,2,8,0.0,4,5,1,1
27744,50.0,2,999,0,1.4,93.918,-42.7,4.961,5228.1,999.0,0,0.0,0.0,0.0,2,7,0.0,7,7,1,1
27745,31.0,1,999,0,1.4,94.465,-41.8,4.959,5228.1,999.0,0,1.0,1.0,1.0,3,7,0.0,5,6,1,1
27746,36.0,3,999,1,-0.1,93.2,-42.0,4.076,5195.8,999.0,2,1.0,0.0,0.0,2,8,0.0,9,11,1,2
27747,43.0,4,999,0,-1.8,93.075,-47.1,1.405,5099.1,999.0,0,1.0,0.0,0.0,2,3,0.0,4,4,1,1
27748,28.0,1,999,0,1.1,93.994,-36.4,4.856,5191.0,999.0,0,0.0,0.0,1.0,2,3,0.0,4,5,1,1
27749,50.0,1,999,1,-0.1,93.2,-42.0,4.076,5195.8,999.0,2,0.0,0.0,0.0,2,7,0.0,3,11,1,2
27750,31.0,2,999,1,-1.8,92.893,-46.2,1.281,5099.1,999.0,2,0.0,1.0,0.0,2,2,0.0,4,5,1,2
27751,43.0,1,999,0,-0.1,93.2,-42.0,4.076,5195.8,999.0,0,0.0,0.0,0.0,2,7,0.0,3,11,1,1
27752,32.0,1,999,0,1.1,93.994,-36.4,4.858,5191.0,999.0,0,0.0,0.0,1.0,2,8,0.0,4,5,1,1
27753,31.0,1,999,0,1.1,93.994,-36.4,4.857,5191.0,999.0,0,1.0,0.0,1.0,2,3,0.0,4,5,1,1
27754,31.0,1,999,0,-2.9,92.963,-40.8,1.262,5076.2,999.0,0,1.0,0.0,0.0,2,7,0.0,6,6,1,1
27755,31.0,2,999,1,-0.1,93.2,-42.0,4.153,5195.8,999.0,1,1.0,0.0,0.0,2,2,0.0,7,11,1,2
27756,53.0,4,999,0,-1.8,92.893,-46.2,1.291,5099.1,999.0,0,1.0,0.0,0.0,2,8,0.0,1,5,1,1
27757,58.0,3,999,1,-1.8,92.893,-46.2,1.25,5099.1,999.0,1,0.0,0.0,0.0,3,8,0.0,6,5,1,2
27758,31.0,11,999,0,1.1,93.994,-36.4,4.857,5191.0,999.0,0,0.0,0.0,1.0,1,5,0.0,4,5,1,1
27759,27.0,1,999,0,1.1,93.994,-36.4,4.86,5191.0,999.0,0,0.0,0.0,1.0,1,8,0.0,4,5,1,1
27760,39.0,1,999,0,1.4,93.444,-36.1,4.963,5228.1,999.0,0,0.0,0.0,0.0,2,2,0.0,2,8,1,1
27761,31.0,9,999,0,1.4,93.918,-42.7,4.961,5228.1,999.0,0,1.0,0.0,0.0,2,8,0.0,3,7,1,1
27762,31.0,4,999,0,1.4,93.444,-36.1,4.964,5228.1,999.0,0,0.0,0.0,0.0,2,4,0.0,4,8,1,1
27763,36.0,1,999,0,1.1,93.994,-36.4,4.857,5191.0,999.0,0,0.0,0.0,1.0,2,5,0.0,9,5,1,1
27764,42.0,2,999,0,1.4,94.465,-41.8,4.959,5228.1,999.0,0,0.0,0.0,1.0,2,5,0.0,9,6,1,1
27765,55.0,1,999,0,1.4,93.918,-42.7,4.962,5228.1,999.0,0,0.0,0.0,0.0,3,5,0.0,6,7,1,1
27766,31.0,2,999,0,1.4,93.918,-42.7,4.96,5228.1,999.0,0,0.0,0.0,0.0,2,3,0.0,4,7,2,1
27767,33.0,1,999,0,-1.8,92.893,-46.2,1.313,5099.1,999.0,0,0.0,0.0,0.0,2,8,0.0,4,5,1,1
27768,43.0,2,999,0,1.4,94.465,-41.8,4.958,5228.1,999.0,0,0.0,0.0,1.0,2,6,0.0,5,6,1,1
27769,31.0,9,999,0,-1.8,92.893,-46.2,1.266,5099.1,999.0,0,1.0,0.0,0.0,2,3,0.0,4,5,1,1
27770,31.0,2,999,0,1.4,93.918,-42.7,4.962,5228.1,999.0,0,1.0,0.0,0.0,2,2,0.0,4,7,1,1
27771,34.0,1,999,0,1.1,93.994,-36.4,4.86,5191.0,999.0,0,0.0,0.0,1.0,1,5,0.0,6,5,1,1
27772,55.0,6,999,0,1.4,93.918,-42.7,4.962,5228.1,999.0,0,1.0,0.0,0.0,2,4,0.0,5,7,2,1
27773,40.0,3,999,0,1.4,93.918,-42.7,4.963,5228.1,999.0,0,0.0,0.0,0.0,2,6,0.0,6,7,1,1
27774,52.0,2,999,0,1.4,93.444,-36.1,4.966,5228.1,999.0,0,1.0,0.0,0.0,2,2,0.0,4,8,1,1
27775,37.0,3,999,0,1.4,94.465,-41.8,4.958,5228.1,999.0,0,1.0,0.0,1.0,2,5,0.0,9,6,1,1
27776,32.0,2,999,0,1.4,93.918,-42.7,4.963,5228.1,999.0,0,1.0,0.0,0.0,3,6,0.0,4,7,1,1
27777,35.0,2,999,0,1.4,93.444,-36.1,4.966,5228.1,999.0,0,0.0,1.0,0.0,2,7,0.0,5,8,1,1
27778,27.0,2,999,0,1.4,93.918,-42.7,4.962,5228.1,999.0,0,1.0,0.0,0.0,1,8,0.0,9,7,1,1
27779,31.0,4,999,0,1.4,93.444,-36.1,4.965,5228.1,999.0,0,0.0,0.0,0.0,2,7,0.0,3,8,2,1
27780,49.0,19,999,0,1.4,93.918,-42.7,4.962,5228.1,999.0,0,1.0,0.0,0.0,2,4,0.0,4,7,1,1
27781,31.0,2,999,0,1.4,93.918,-42.7,4.96,5228.1,999.0,0,0.0,0.0,0.0,2,2,0.0,3,7,2,1
27782,38.0,5,999,0,-0.1,93.2,-42.0,4.12,5195.8,999.0,0,0.0,0.0,1.0,3,5,0.0,5,11,1,1
27783,31.0,1,999,0,-1.8,92.893,-46.2,1.334,5099.1,999.0,0,0.0,0.0,0.0,2,4,0.0,4,5,1,1
27784,31.0,1,999,0,1.4,93.444,-36.1,4.964,5228.1,999.0,0,1.0,0.0,0.0,2,7,0.0,3,8,1,1
27785,31.0,3,999,0,-1.8,92.893,-46.2,1.299,5099.1,999.0,0,0.0,0.0,0.0,1,3,0.0,4,5,2,1
27786,59.0,1,999,0,1.4,93.444,-36.1,4.963,5228.1,999.0,0,1.0,0.0,1.0,2,8,0.0,8,8,1,1
27787,39.0,1,999,1,-1.8,92.893,-46.2,1.299,5099.1,999.0,1,0.0,0.0,0.0,2,6,0.0,4,5,2,2
27788,51.0,2,999,0,1.4,93.444,-36.1,4.967,5228.1,999.0,0,0.0,0.0,0.0,2,5,0.0,6,8,1,1
27789,57.0,1,6,2,-3.0,92.713,-33.0,0.715,5023.5,0.2,8,0.0,0.0,0.0,1,5,0.0,6,12,2,3
27790,47.0,2,999,1,-1.8,92.893,-46.2,1.266,5099.1,999.0,2,1.0,0.0,0.0,2,3,0.0,9,5,1,2
27791,31.0,3,999,0,-1.8,93.075,-47.1,1.405,5099.1,999.0,0,0.0,0.0,0.0,1,5,0.0,6,4,1,1
27792,46.0,2,999,0,1.4,93.918,-42.7,4.962,5228.1,999.0,0,0.0,1.0,0.0,2,7,0.0,3,7,1,1
27793,47.0,2,999,0,1.1,93.994,-36.4,4.856,5191.0,999.0,0,1.0,0.0,1.0,2,2,0.0,3,5,1,1
27794,52.0,3,999,0,1.4,93.444,-36.1,4.966,5228.1,999.0,0,0.0,0.0,0.0,2,8,0.0,4,8,1,1
27795,31.0,3,999,0,1.1,93.994,-36.4,4.856,5191.0,999.0,0,0.0,0.0,1.0,1,5,0.0,6,5,1,1
27796,42.0,2,999,0,-0.1,93.2,-42.0,4.153,5195.8,999.0,0,1.0,0.0,1.0,2,7,0.0,6,11,1,1
27797,31.0,14,999,0,1.4,93.918,-42.7,4.968,5228.1,999.0,0,1.0,0.0,1.0,2,5,0.0,6,7,1,1
27798,31.0,1,999,1,-1.1,94.767,-50.8,1.041,4963.6,999.0,2,1.0,0.0,0.0,2,8,0.0,5,11,1,2
27799,31.0,3,13,1,-1.7,94.215,-40.3,0.889,4991.6,0.433333333333,4,1.0,0.0,0.0,1,6,0.0,5,7,2,3
27800,31.0,3,999,0,1.4,93.444,-36.1,4.965,5228.1,999.0,0,1.0,0.0,0.0,2,7,0.0,6,8,2,1
27801,28.0,1,6,1,-3.4,92.431,-26.9,0.742,5017.5,0.2,2,1.0,1.0,0.0,1,5,0.0,5,10,1,3
27802,51.0,2,999,0,1.1,93.994,-36.4,4.855,5191.0,999.0,0,1.0,0.0,1.0,2,8,0.0,9,5,1,1
27803,33.0,1,999,0,1.1,93.994,-36.4,4.859,5191.0,999.0,0,0.0,1.0,1.0,2,4,0.0,4,5,1,1
27804,54.0,3,999,0,1.1,93.994,-36.4,4.858,5191.0,999.0,0,1.0,0.0,1.0,2,8,0.0,5,5,1,1
27805,31.0,1,999,0,-1.8,92.893,-46.2,1.244,5099.1,999.0,0,1.0,0.0,1.0,3,7,0.0,7,5,2,1
27806,29.0,1,999,1,-1.8,92.893,-46.2,1.281,5099.1,999.0,2,0.0,0.0,0.0,1,5,0.0,6,5,1,2
27807,43.0,2,999,1,-1.8,93.075,-47.1,1.435,5099.1,999.0,0,1.0,0.0,0.0,3,5,0.0,6,4,1,2
27808,30.0,6,999,0,1.1,93.994,-36.4,4.864,5191.0,999.0,0,1.0,0.0,1.0,2,7,0.0,5,5,1,1
27809,26.0,1,999,0,-1.8,93.075,-47.1,1.405,5099.1,999.0,0,0.0,0.0,0.0,1,5,0.0,6,4,2,1
27810,47.0,1,999,0,1.4,93.918,-42.7,4.961,5228.1,999.0,0,1.0,1.0,1.0,1,8,0.0,5,7,1,1
27811,26.0,1,999,0,-1.8,92.893,-46.2,1.266,5099.1,999.0,0,1.0,0.0,0.0,2,4,0.0,4,5,1,1
27812,42.0,4,999,0,1.4,93.918,-42.7,4.962,5228.1,999.0,0,1.0,1.0,0.0,1,2,0.0,4,7,1,1
27813,38.0,6,999,0,-1.8,92.893,-46.2,1.291,5099.1,999.0,0,1.0,0.0,0.0,2,5,0.0,5,5,1,1
27814,30.0,2,999,0,1.4,93.444,-36.1,4.968,5228.1,999.0,0,1.0,0.0,0.0,2,7,0.0,5,8,1,1
27815,36.0,3,999,1,-1.8,92.893,-46.2,1.313,5099.1,999.0,1,0.0,0.0,0.0,1,8,0.0,6,5,1,2
27816,31.0,4,999,0,1.4,93.918,-42.7,4.963,5228.1,999.0,0,1.0,0.0,0.0,1,8,0.0,6,7,1,1
27817,54.0,1,999,1,-1.8,93.075,-47.1,1.405,5099.1,999.0,0,0.0,0.0,0.0,2,8,0.0,9,4,1,2
27818,29.0,1,999,0,1.4,93.444,-36.1,4.965,5228.1,999.0,0,1.0,0.0,0.0,4,5,0.0,5,8,1,1
27819,31.0,1,6,1,-2.9,92.201,-31.4,0.883,5076.2,0.2,3,1.0,0.0,0.0,1,8,0.0,6,8,1,3
27820,31.0,1,999,0,-1.8,92.893,-46.2,1.264,5099.1,999.0,0,1.0,1.0,0.0,2,8,0.0,6,5,2,1
27821,36.0,1,999,1,-0.1,93.2,-42.0,4.191,5195.8,999.0,2,1.0,1.0,0.0,3,8,0.0,10,11,2,2
27822,45.0,4,999,0,1.1,93.994,-36.4,4.857,5191.0,999.0,0,1.0,1.0,1.0,2,4,0.0,3,5,2,1
27823,29.0,6,3,3,-1.7,94.055,-39.8,0.723,4991.6,0.1,9,1.0,1.0,0.0,2,5,0.0,6,6,1,3
27824,26.0,1,999,0,-1.8,93.876,-40.0,0.699,5008.7,999.0,0,0.0,0.0,1.0,2,2,0.0,10,5,1,1
27825,31.0,2,999,0,-1.8,93.075,-47.1,1.445,5099.1,999.0,0,1.0,0.0,1.0,1,4,0.0,5,4,1,1
27826,46.0,1,999,0,1.4,93.918,-42.7,4.961,5228.1,999.0,0,1.0,0.0,0.0,3,2,0.0,2,7,1,1
27827,34.0,2,999,0,1.4,93.918,-42.7,4.966,5228.1,999.0,0,1.0,0.0,1.0,2,8,0.0,4,7,1,1
27828,31.0,2,999,0,-1.8,93.075,-47.1,1.41,5099.1,999.0,0,0.0,0.0,0.0,1,7,0.0,3,4,1,1
27829,31.0,2,999,0,1.1,93.994,-36.4,4.86,5191.0,999.0,0,1.0,0.0,1.0,2,4,0.0,6,5,1,1
27830,33.0,1,999,0,-1.8,93.075,-47.1,1.405,5099.1,999.0,0,0.0,0.0,0.0,1,5,0.0,5,4,1,1
27831,49.0,2,999,0,1.4,93.918,-42.7,4.957,5228.1,999.0,0,1.0,0.0,0.0,2,5,0.0,9,7,1,1
27832,27.0,2,999,0,1.4,93.918,-42.7,4.963,5228.1,999.0,0,1.0,1.0,0.0,1,5,0.0,9,7,1,1
27833,31.0,4,999,0,-1.8,92.893,-46.2,1.266,5099.1,999.0,0,1.0,1.0,0.0,2,8,0.0,6,5,1,1
27834,31.0,1,999,0,1.4,93.918,-42.7,4.961,5228.1,999.0,0,0.0,0.0,0.0,3,7,0.0,2,7,1,1
27835,53.0,1,999,0,-0.1,93.2,-42.0,4.191,5195.8,999.0,0,0.0,0.0,0.0,2,8,0.0,2,11,2,1
27836,51.0,1,999,0,-0.1,93.2,-42.0,4.021,5195.8,999.0,0,1.0,0.0,0.0,2,7,0.0,6,11,1,1
27837,41.0,4,999,0,1.4,94.465,-41.8,4.959,5228.1,999.0,0,1.0,0.0,1.0,2,3,0.0,4,6,1,1
27838,43.0,1,999,0,-0.1,93.2,-42.0,4.12,5195.8,999.0,0,0.0,0.0,0.0,3,7,0.0,6,11,1,1
27839,53.0,3,999,0,1.4,93.918,-42.7,4.962,5228.1,999.0,0,1.0,0.0,0.0,3,5,0.0,8,7,1,1
27840,31.0,2,999,0,1.4,93.444,-36.1,4.967,5228.1,999.0,0,0.0,0.0,0.0,2,5,0.0,5,8,1,1
27841,31.0,3,999,0,-1.8,93.876,-40.0,0.682,5008.7,999.0,0,0.0,0.0,0.0,2,8,0.0,3,5,1,1
27842,53.0,1,999,0,1.4,93.918,-42.7,4.961,5228.1,999.0,0,0.0,1.0,0.0,3,2,0.0,4,7,1,1
27843,36.0,1,999,2,-1.1,94.199,-37.5,0.881,4963.6,999.0,2,1.0,0.0,0.0,2,7,0.0,6,9,1,2
27844,31.0,4,999,0,1.4,94.465,-41.8,4.959,5228.1,999.0,0,0.0,0.0,1.0,2,6,0.0,6,6,1,1
27845,46.0,1,6,1,-1.8,92.893,-46.2,1.291,5099.1,0.2,1,0.0,0.0,0.0,2,5,0.0,7,5,1,3
27846,39.0,3,999,0,-1.8,93.075,-47.1,1.365,5099.1,999.0,0,0.0,0.0,0.0,2,6,0.0,3,4,1,1
27847,62.0,1,999,1,-3.4,92.649,-30.1,0.719,5017.5,999.0,2,0.0,0.0,0.0,2,2,0.0,4,11,2,2
27848,31.0,1,999,0,1.4,93.918,-42.7,4.958,5228.1,999.0,0,0.0,0.0,0.0,2,8,0.0,4,7,1,1
27849,27.0,1,999,0,-1.8,92.893,-46.2,1.27,5099.1,999.0,0,0.0,0.0,0.0,1,8,0.0,5,5,1,1
27850,31.0,7,999,0,-1.8,92.893,-46.2,1.25,5099.1,999.0,0,1.0,1.0,0.0,2,8,0.0,4,5,1,1
27851,31.0,1,999,0,1.4,93.444,-36.1,4.968,5228.1,999.0,0,0.0,1.0,0.0,2,7,0.0,5,8,1,1
27852,50.0,2,999,0,1.4,93.918,-42.7,4.958,5228.1,999.0,0,0.0,0.0,0.0,2,8,0.0,4,7,1,1
27853,35.0,1,6,2,-1.7,94.055,-39.8,0.713,4991.6,0.2,2,1.0,0.0,0.0,1,6,0.0,5,6,1,3
27854,31.0,1,999,0,1.4,94.465,-41.8,4.865,5228.1,999.0,0,1.0,0.0,1.0,2,4,0.0,4,6,2,1
27855,34.0,8,999,0,1.4,93.918,-42.7,4.957,5228.1,999.0,0,1.0,1.0,0.0,2,5,0.0,6,7,1,1
27856,48.0,2,999,0,-1.8,93.075,-47.1,1.365,5099.1,999.0,0,0.0,0.0,0.0,2,7,0.0,7,4,1,1
27857,42.0,1,999,0,1.4,93.918,-42.7,4.962,5228.1,999.0,0,0.0,0.0,0.0,2,8,0.0,3,7,1,1
27858,56.0,5,999,0,1.4,93.444,-36.1,4.965,5228.1,999.0,0,1.0,0.0,0.0,2,8,0.0,9,8,1,1
27859,34.0,1,999,0,1.4,94.465,-41.8,4.961,5228.1,999.0,0,0.0,1.0,1.0,2,3,0.0,4,6,1,1
27860,38.0,2,999,0,1.4,94.465,-41.8,4.961,5228.1,999.0,0,1.0,0.0,1.0,2,8,0.0,6,6,1,1
27861,31.0,1,999,0,1.4,93.444,-36.1,4.967,5228.1,999.0,0,0.0,0.0,0.0,1,7,0.0,5,8,1,1
27862,46.0,5,999,1,-1.8,92.893,-46.2,1.244,5099.1,999.0,0,1.0,0.0,0.0,1,7,0.0,6,5,2,2
27863,31.0,2,999,0,-1.8,92.893,-46.2,1.266,5099.1,999.0,0,0.0,0.0,0.0,1,7,0.0,7,5,1,1
27864,41.0,7,999,0,1.4,94.465,-41.8,4.962,5228.1,999.0,0,1.0,0.0,1.0,2,4,0.0,1,6,1,1
27865,54.0,1,999,0,1.1,93.994,-36.4,4.857,5191.0,999.0,0,0.0,0.0,1.0,2,2,0.0,8,5,1,1
27866,44.0,2,999,0,1.4,94.465,-41.8,4.958,5228.1,999.0,0,1.0,0.0,1.0,2,4,0.0,9,6,1,1
27867,42.0,2,4,1,-2.9,92.201,-31.4,0.879,5076.2,0.133333333333,3,1.0,0.0,0.0,3,8,0.0,3,8,1,3
27868,31.0,4,999,0,-1.8,93.075,-47.1,1.405,5099.1,999.0,0,1.0,0.0,0.0,2,8,0.0,4,4,1,1
27869,46.0,4,999,0,1.4,93.918,-42.7,4.962,5228.1,999.0,0,1.0,0.0,1.0,3,7,0.0,6,7,2,1
27870,31.0,1,999,0,1.1,93.994,-36.4,4.857,5191.0,999.0,0,0.0,1.0,1.0,1,8,0.0,5,5,1,1
27871,31.0,3,999,0,1.4,93.444,-36.1,4.968,5228.1,999.0,0,1.0,0.0,0.0,2,8,0.0,8,8,1,1
27872,35.0,1,999,0,-1.8,92.893,-46.2,1.344,5099.1,999.0,0,1.0,0.0,0.0,2,8,0.0,4,5,1,1
27873,31.0,1,999,0,1.4,93.444,-36.1,4.966,5228.1,999.0,0,1.0,0.0,0.0,2,7,0.0,5,8,1,1
27874,31.0,1,999,0,-1.8,92.893,-46.2,1.299,5099.1,999.0,0,1.0,0.0,0.0,2,4,0.0,4,5,2,1
27875,47.0,3,999,0,1.4,93.444,-36.1,4.963,5228.1,999.0,0,1.0,0.0,0.0,2,5,0.0,9,8,1,1
27876,35.0,1,999,0,1.4,93.444,-36.1,4.963,5228.1,999.0,0,0.0,0.0,0.0,2,7,0.0,6,8,1,1
27877,31.0,1,999,0,1.4,93.918,-42.7,4.962,5228.1,999.0,0,1.0,0.0,0.0,1,5,0.0,9,7,1,1
27878,29.0,1,999,0,1.4,93.444,-36.1,4.963,5228.1,999.0,0,1.0,0.0,0.0,1,7,0.0,6,8,1,1
27879,36.0,4,999,0,1.4,93.918,-42.7,4.968,5228.1,999.0,0,0.0,0.0,0.0,1,8,0.0,5,7,1,1
27880,31.0,4,999,0,1.4,93.444,-36.1,4.965,5228.1,999.0,0,0.0,0.0,0.0,2,8,0.0,12,8,2,1
27881,44.0,1,999,0,1.4,93.444,-36.1,4.963,5228.1,999.0,0,0.0,0.0,0.0,2,8,0.0,4,8,1,1
27882,41.0,5,999,0,-0.1,93.2,-42.0,4.021,5195.8,999.0,0,0.0,0.0,0.0,2,8,0.0,9,11,1,1
27883,41.0,2,999,0,1.4,94.465,-41.8,4.865,5228.1,999.0,0,0.0,0.0,1.0,2,2,0.0,4,6,2,1
27884,31.0,1,999,0,1.4,93.444,-36.1,4.968,5228.1,999.0,0,0.0,1.0,0.0,1,8,0.0,6,8,1,1
27885,55.0,1,999,1,-1.8,92.893,-46.2,1.299,5099.1,999.0,3,1.0,1.0,0.0,3,2,0.0,4,5,2,2
27886,39.0,1,999,0,-1.8,93.075,-47.1,1.483,5099.1,999.0,0,1.0,0.0,0.0,1,4,0.0,4,4,1,1
27887,38.0,2,999,0,-1.8,93.075,-47.1,1.405,5099.1,999.0,0,0.0,1.0,0.0,2,2,0.0,5,4,1,1
27888,50.0,1,999,0,1.4,93.444,-36.1,4.967,5228.1,999.0,0,0.0,0.0,0.0,3,8,0.0,6,8,1,1
27889,42.0,2,999,1,-0.1,93.2,-42.0,4.153,5195.8,999.0,2,0.0,0.0,0.0,2,3,0.0,5,11,1,2
27890,43.0,1,999,0,-1.8,93.075,-47.1,1.405,5099.1,999.0,0,0.0,1.0,0.0,2,3,0.0,4,4,1,1
27891,56.0,2,999,0,-1.8,92.843,-50.0,1.629,5099.1,999.0,0,1.0,1.0,0.0,2,7,0.0,8,3,2,1
27892,31.0,21,999,0,1.4,94.465,-41.8,4.959,5228.1,999.0,0,0.0,0.0,1.0,4,8,0.0,9,6,1,1
27893,31.0,1,999,0,-1.8,92.893,-46.2,1.291,5099.1,999.0,0,1.0,0.0,0.0,2,5,0.0,7,5,1,1
27894,31.0,2,999,0,1.4,94.465,-41.8,4.961,5228.1,999.0,0,1.0,0.0,1.0,2,6,0.0,5,6,1,1
27895,31.0,1,999,0,1.4,94.465,-41.8,4.961,5228.1,999.0,0,1.0,0.0,1.0,2,6,0.0,10,6,1,1
27896,30.0,3,999,0,1.4,93.444,-36.1,4.965,5228.1,999.0,0,0.0,1.0,0.0,2,7,0.0,5,8,2,1
27897,29.0,1,999,0,-1.8,92.893,-46.2,1.327,5099.1,999.0,0,0.0,0.0,0.0,2,3,0.0,4,5,1,1
27898,31.0,3,999,0,1.1,93.994,-36.4,4.857,5191.0,999.0,0,1.0,1.0,1.0,1,5,0.0,9,5,1,1
27899,34.0,1,999,0,-0.1,93.2,-42.0,4.021,5195.8,999.0,0,1.0,1.0,0.0,2,7,0.0,6,11,1,1
27900,31.0,11,999,0,1.4,93.444,-36.1,4.962,5228.1,999.0,0,0.0,0.0,0.0,2,7,0.0,6,8,1,1
27901,56.0,1,999,0,-1.8,93.075,-47.1,1.466,5099.1,999.0,0,1.0,0.0,1.0,2,3,0.0,8,4,2,1
27902,47.0,1,999,0,-1.8,92.893,-46.2,1.344,5099.1,999.0,0,0.0,0.0,0.0,3,2,0.0,4,5,1,1
27903,51.0,3,999,0,1.4,93.918,-42.7,4.962,5228.1,999.0,0,0.0,0.0,0.0,2,4,0.0,5,7,2,1
27904,31.0,1,999,0,-1.8,92.893,-46.2,1.266,5099.1,999.0,0,1.0,0.0,0.0,2,4,0.0,4,5,1,1
27905,41.0,1,999,0,1.4,93.444,-36.1,4.964,5228.1,999.0,0,1.0,0.0,0.0,3,6,0.0,5,8,1,1
27906,27.0,3,999,0,1.4,93.918,-42.7,4.957,5228.1,999.0,0,1.0,0.0,0.0,1,5,0.0,9,7,1,1
27907,41.0,6,999,0,1.1,93.994,-36.4,4.855,5191.0,999.0,0,0.0,0.0,1.0,2,5,0.0,5,5,1,1
27908,34.0,1,999,0,-1.8,92.893,-46.2,1.313,5099.1,999.0,0,0.0,1.0,0.0,2,4,0.0,4,5,1,1
27909,37.0,1,999,0,1.4,93.918,-42.7,4.962,5228.1,999.0,0,0.0,0.0,0.0,1,4,0.0,4,7,1,1
27910,39.0,1,999,0,-0.1,93.2,-42.0,4.021,5195.8,999.0,0,1.0,0.0,0.0,1,5,0.0,1,11,1,1
27911,47.0,3,999,0,1.4,93.918,-42.7,4.962,5228.1,999.0,0,0.0,0.0,1.0,3,5,0.0,5,7,1,1
27912,32.0,1,999,0,1.1,93.994,-36.4,4.856,5191.0,999.0,0,0.0,0.0,1.0,3,8,0.0,7,5,1,1
27913,41.0,3,999,0,1.1,93.994,-36.4,4.857,5191.0,999.0,0,1.0,0.0,1.0,2,8,0.0,7,5,1,1
27914,43.0,3,999,0,-1.8,92.893,-46.2,1.244,5099.1,999.0,0,1.0,0.0,0.0,2,2,0.0,4,5,2,1
27915,35.0,5,999,0,1.4,93.444,-36.1,4.964,5228.1,999.0,0,0.0,0.0,0.0,2,8,0.0,6,8,1,1
27916,24.0,7,999,0,1.4,93.918,-42.7,4.958,5228.1,999.0,0,1.0,0.0,1.0,1,3,0.0,5,7,1,1
27917,31.0,1,999,0,1.4,93.918,-42.7,4.959,5228.1,999.0,0,0.0,0.0,1.0,2,5,0.0,6,7,1,1
27918,58.0,12,999,0,1.1,93.994,-36.4,4.858,5191.0,999.0,0,1.0,0.0,1.0,2,5,0.0,4,5,1,1
27919,31.0,6,999,0,1.4,94.465,-41.8,4.959,5228.1,999.0,0,1.0,0.0,1.0,3,8,0.0,6,6,1,1
27920,54.0,1,999,0,1.4,93.918,-42.7,4.962,5228.1,999.0,0,1.0,0.0,0.0,2,8,0.0,8,7,1,1
27921,50.0,2,999,1,-0.1,93.2,-42.0,4.021,5195.8,999.0,1,0.0,0.0,0.0,2,7,0.0,5,11,1,2
27922,31.0,6,999,0,1.4,94.465,-41.8,4.959,5228.1,999.0,0,1.0,0.0,1.0,3,4,0.0,4,6,1,1
27923,20.0,1,999,3,-3.4,92.649,-30.1,0.715,5017.5,999.0,6,0.0,0.0,0.0,1,8,0.0,11,11,1,2
27924,35.0,3,999,0,-1.8,93.075,-47.1,1.405,5099.1,999.0,0,0.0,1.0,0.0,2,8,0.0,4,4,1,1
27925,31.0,1,999,0,-1.8,92.893,-46.2,1.313,5099.1,999.0,0,1.0,0.0,0.0,2,5,0.0,9,5,1,1
27926,31.0,3,999,0,-0.1,93.2,-42.0,4.076,5195.8,999.0,0,1.0,0.0,0.0,1,6,0.0,5,11,1,1
27927,31.0,2,999,0,-0.1,93.2,-42.0,4.076,5195.8,999.0,0,0.0,0.0,0.0,1,7,0.0,5,11,1,1
27928,35.0,1,999,1,-1.8,93.075,-47.1,1.405,5099.1,999.0,2,0.0,0.0,0.0,2,5,0.0,9,4,1,2
27929,38.0,1,999,0,-1.8,93.075,-47.1,1.453,5099.1,999.0,0,0.0,0.0,0.0,2,8,0.0,4,4,1,1
27930,48.0,1,999,1,-0.1,93.2,-42.0,4.153,5195.8,999.0,1,1.0,1.0,0.0,2,7,0.0,6,11,1,2
27931,35.0,2,999,0,1.4,93.918,-42.7,4.958,5228.1,999.0,0,0.0,0.0,0.0,2,7,0.0,1,7,1,1
27932,27.0,1,999,0,-1.8,93.075,-47.1,1.365,5099.1,999.0,0,0.0,0.0,0.0,1,7,0.0,6,4,1,1
27933,31.0,2,999,0,1.4,93.918,-42.7,4.963,5228.1,999.0,0,0.0,0.0,0.0,2,8,0.0,4,7,1,1
27934,31.0,1,999,0,1.4,93.444,-36.1,4.964,5228.1,999.0,0,1.0,0.0,0.0,1,7,0.0,6,8,1,1
27935,31.0,1,999,1,-1.8,92.893,-46.2,1.334,5099.1,999.0,2,1.0,0.0,0.0,2,5,0.0,6,5,1,2
27936,48.0,1,999,0,1.4,94.465,-41.8,4.961,5228.1,999.0,0,0.0,0.0,1.0,2,2,0.0,4,6,2,1
27937,60.0,3,6,1,-1.8,93.876,-40.0,0.699,5008.7,0.2,3,0.0,0.0,0.0,2,8,0.0,8,5,1,3
27938,31.0,7,999,0,1.4,93.444,-36.1,4.962,5228.1,999.0,0,1.0,1.0,0.0,1,7,0.0,6,8,1,1
27939,21.0,1,999,0,-2.9,92.963,-40.8,1.26,5076.2,999.0,0,0.0,0.0,0.0,1,5,0.0,6,6,2,1
27940,38.0,1,999,0,1.1,93.994,-36.4,4.86,5191.0,999.0,0,1.0,0.0,1.0,2,7,0.0,6,5,1,1
27941,31.0,3,999,0,1.4,93.918,-42.7,4.962,5228.1,999.0,0,1.0,0.0,0.0,1,8,0.0,11,7,2,1
27942,37.0,2,999,0,1.4,93.918,-42.7,4.968,5228.1,999.0,0,1.0,0.0,0.0,3,5,0.0,7,7,1,1
27943,31.0,1,999,0,1.4,93.918,-42.7,4.961,5228.1,999.0,0,1.0,0.0,0.0,2,8,0.0,4,7,1,1
27944,49.0,3,999,0,1.4,93.444,-36.1,4.963,5228.1,999.0,0,1.0,0.0,0.0,1,6,0.0,9,8,1,1
27945,30.0,3,999,0,-1.8,93.075,-47.1,1.483,5099.1,999.0,0,0.0,0.0,0.0,2,7,0.0,6,4,1,1
27946,34.0,2,999,0,1.4,93.444,-36.1,4.967,5228.1,999.0,0,0.0,0.0,0.0,2,7,0.0,6,8,1,1
27947,31.0,1,999,0,1.1,93.994,-36.4,4.858,5191.0,999.0,0,1.0,0.0,1.0,2,7,0.0,9,5,1,1
27948,31.0,1,999,0,1.1,93.994,-36.4,4.859,5191.0,999.0,0,1.0,0.0,1.0,2,5,0.0,5,5,1,1
27949,35.0,2,18,2,-1.1,94.199,-37.5,0.886,4963.6,0.6,4,1.0,0.0,0.0,2,7,0.0,6,9,1,2
27950,28.0,1,999,0,1.1,93.994,-36.4,4.856,5191.0,999.0,0,0.0,0.0,1.0,1,4,0.0,12,5,1,1
27951,31.0,1,6,3,-1.7,94.215,-40.3,0.899,4991.6,0.2,12,1.0,0.0,0.0,2,7,0.0,6,7,1,3
27952,58.0,1,999,1,-3.0,92.713,-33.0,0.72,5023.5,999.0,2,1.0,0.0,0.0,2,4,0.0,12,12,1,2
27953,31.0,1,4,2,-2.9,92.201,-31.4,0.881,5076.2,0.133333333333,2,1.0,0.0,0.0,1,7,0.0,9,8,1,3
27954,27.0,5,999,0,1.1,93.994,-36.4,4.859,5191.0,999.0,0,1.0,1.0,1.0,1,5,0.0,9,5,1,1
27955,29.0,3,999,0,1.1,93.994,-36.4,4.858,5191.0,999.0,0,1.0,0.0,1.0,2,4,0.0,9,5,2,1
27956,31.0,1,999,0,1.4,93.444,-36.1,4.964,5228.1,999.0,0,1.0,0.0,0.0,1,6,0.0,6,8,1,1
27957,31.0,6,999,1,-0.1,93.2,-42.0,4.021,5195.8,999.0,3,1.0,1.0,0.0,2,3,0.0,3,11,1,2
27958,31.0,1,999,0,1.4,94.465,-41.8,4.959,5228.1,999.0,0,1.0,1.0,1.0,2,5,0.0,1,6,1,1
27959,32.0,1,999,0,1.1,93.994,-36.4,4.86,5191.0,999.0,0,0.0,0.0,1.0,2,4,0.0,9,5,1,1
27960,47.0,1,999,0,1.4,93.444,-36.1,4.963,5228.1,999.0,0,1.0,1.0,0.0,2,6,0.0,10,8,1,1
27961,29.0,1,999,0,-1.8,92.893,-46.2,1.266,5099.1,999.0,0,0.0,0.0,0.0,1,5,0.0,9,5,1,1
27962,31.0,4,999,0,1.4,93.918,-42.7,4.96,5228.1,999.0,0,0.0,0.0,0.0,2,7,0.0,3,7,1,1
27963,31.0,2,999,0,1.1,93.994,-36.4,4.857,5191.0,999.0,0,0.0,0.0,1.0,2,8,0.0,6,5,1,1
27964,31.0,1,12,1,-1.8,92.893,-46.2,1.334,5099.1,0.4,5,0.0,0.0,0.0,2,8,0.0,4,5,1,3
27965,57.0,3,999,0,1.1,93.994,-36.4,4.858,5191.0,999.0,0,1.0,0.0,1.0,3,5,0.0,9,5,1,1
27966,48.0,2,999,0,1.4,94.465,-41.8,4.961,5228.1,999.0,0,0.0,0.0,1.0,2,5,0.0,9,6,1,1
27967,41.0,1,999,0,1.4,93.444,-36.1,4.968,5228.1,999.0,0,0.0,0.0,0.0,3,7,0.0,5,8,1,1
27968,29.0,4,999,0,-0.1,93.2,-42.0,4.076,5195.8,999.0,0,1.0,1.0,0.0,2,5,0.0,9,11,1,1
27969,30.0,9,999,0,-1.7,94.215,-40.3,0.84,4991.6,999.0,0,1.0,0.0,1.0,1,6,0.0,11,7,1,1
27970,31.0,1,999,0,-1.8,93.075,-47.1,1.405,5099.1,999.0,0,1.0,0.0,0.0,1,6,0.0,10,4,1,1
27971,31.0,2,999,0,-1.8,93.075,-47.1,1.41,5099.1,999.0,0,0.0,0.0,0.0,3,2,0.0,4,4,1,1
27972,31.0,7,999,0,-0.1,93.2,-42.0,4.12,5195.8,999.0,0,1.0,1.0,0.0,2,7,0.0,6,11,1,1
27973,31.0,3,4,1,-2.9,92.201,-31.4,0.873,5076.2,0.133333333333,2,0.0,0.0,0.0,2,7,0.0,2,8,1,3
27974,36.0,2,999,0,1.4,93.444,-36.1,4.963,5228.1,999.0,0,0.0,0.0,0.0,2,7,0.0,3,8,1,1
27975,44.0,3,999,0,-1.8,92.893,-46.2,1.313,5099.1,999.0,0,0.0,0.0,0.0,2,2,0.0,4,5,1,1
27976,34.0,2,999,1,-0.1,93.2,-42.0,4.12,5195.8,999.0,2,1.0,1.0,0.0,2,8,0.0,4,11,1,2
27977,29.0,1,999,0,1.1,93.994,-36.4,4.855,5191.0,999.0,0,1.0,0.0,1.0,1,7,0.0,3,5,1,1
27978,59.0,1,999,0,1.4,93.918,-42.7,4.963,5228.1,999.0,0,0.0,0.0,0.0,2,7,0.0,3,7,1,1
27979,41.0,3,999,0,1.4,94.465,-41.8,4.961,5228.1,999.0,0,0.0,0.0,1.0,1,5,0.0,9,6,2,1
27980,53.0,1,999,1,-0.1,93.2,-42.0,4.076,5195.8,999.0,4,0.0,0.0,0.0,2,5,0.0,3,11,1,2
27981,38.0,2,999,0,-1.8,93.369,-34.8,0.653,5008.7,999.0,0,1.0,0.0,0.0,1,5,0.0,5,3,1,1
27982,36.0,7,999,0,1.4,93.918,-42.7,4.968,5228.1,999.0,0,0.0,0.0,1.0,1,6,0.0,5,7,1,1
27983,48.0,2,999,0,1.4,93.918,-42.7,4.961,5228.1,999.0,0,1.0,0.0,0.0,3,2,0.0,2,7,1,1
27984,39.0,2,999,0,1.1,93.994,-36.4,4.857,5191.0,999.0,0,1.0,0.0,1.0,2,5,0.0,4,5,2,1
27985,39.0,1,999,1,-1.8,93.075,-47.1,1.41,5099.1,999.0,2,0.0,0.0,0.0,1,7,0.0,3,4,1,2
27986,39.0,1,7,2,-3.4,92.431,-26.9,0.739,5017.5,0.233333333333,2,1.0,0.0,0.0,2,7,0.0,5,10,1,2
27987,31.0,5,999,1,-0.1,93.2,-42.0,4.12,5195.8,999.0,3,1.0,0.0,0.0,2,4,0.0,5,11,1,2
27988,51.0,1,999,0,1.4,94.465,-41.8,4.865,5228.1,999.0,0,0.0,1.0,1.0,2,5,0.0,9,6,2,1
27989,38.0,9,999,0,1.4,94.465,-41.8,4.959,5228.1,999.0,0,0.0,1.0,1.0,1,7,0.0,6,6,1,1
27990,36.0,1,999,0,1.1,93.994,-36.4,4.855,5191.0,999.0,0,0.0,0.0,1.0,2,3,0.0,4,5,1,1
27991,35.0,7,999,0,1.1,93.994,-36.4,4.86,5191.0,999.0,0,1.0,1.0,1.0,1,5,0.0,9,5,1,1
27992,31.0,2,999,1,-1.8,92.843,-50.0,1.56,5099.1,999.0,0,1.0,1.0,0.0,3,8,0.0,6,3,2,2
27993,56.0,1,999,0,-3.4,92.649,-30.1,0.72,5017.5,999.0,0,1.0,1.0,0.0,2,8,0.0,3,11,1,1
27994,53.0,1,999,0,-1.8,93.075,-47.1,1.405,5099.1,999.0,0,1.0,0.0,0.0,2,3,0.0,6,4,1,1
27995,59.0,1,999,0,-1.8,92.893,-46.2,1.291,5099.1,999.0,0,1.0,0.0,0.0,3,3,0.0,2,5,1,1
27996,32.0,1,999,1,-1.8,92.893,-46.2,1.327,5099.1,999.0,2,0.0,0.0,0.0,1,8,0.0,6,5,1,2
27997,31.0,1,999,1,-1.8,93.075,-47.1,1.405,5099.1,999.0,3,1.0,0.0,0.0,2,5,0.0,6,4,1,2
27998,31.0,1,999,0,1.4,93.918,-42.7,4.961,5228.1,999.0,0,0.0,1.0,0.0,3,8,0.0,5,7,1,1
27999,28.0,3,999,0,1.4,94.465,-41.8,4.959,5228.1,999.0,0,0.0,0.0,1.0,1,7,0.0,6,6,1,1
28000,31.0,1,999,0,-2.9,92.963,-40.8,1.266,5076.2,999.0,0,1.0,0.0,1.0,2,7,0.0,3,6,2,1
28001,32.0,10,999,0,-1.8,92.893,-46.2,1.291,5099.1,999.0,0,1.0,0.0,0.0,3,6,0.0,5,5,1,1
28002,60.0,3,999,0,1.4,94.465,-41.8,4.962,5228.1,999.0,0,1.0,0.0,1.0,2,5,0.0,8,6,1,1
28003,31.0,2,999,0,-2.9,92.201,-31.4,0.825,5076.2,999.0,0,1.0,0.0,0.0,1,8,0.0,6,8,1,1
28004,32.0,2,999,0,-2.9,92.469,-33.6,1.072,5076.2,999.0,0,0.0,0.0,0.0,1,7,0.0,1,7,1,1
28005,39.0,1,999,0,-1.8,92.893,-46.2,1.266,5099.1,999.0,0,0.0,1.0,0.0,2,5,0.0,6,5,1,1
28006,25.0,1,6,1,-2.9,92.201,-31.4,0.861,5076.2,0.2,3,1.0,0.0,0.0,1,7,0.0,6,8,1,3
28007,39.0,1,999,0,-0.1,93.2,-42.0,4.153,5195.8,999.0,0,0.0,0.0,1.0,1,8,0.0,3,11,1,1
28008,31.0,2,999,0,1.4,93.444,-36.1,4.964,5228.1,999.0,0,0.0,0.0,0.0,2,8,0.0,4,8,1,1
28009,30.0,1,999,0,1.4,93.444,-36.1,4.964,5228.1,999.0,0,1.0,0.0,0.0,1,7,0.0,5,8,1,1
28010,45.0,3,999,0,1.1,93.994,-36.4,4.86,5191.0,999.0,0,0.0,0.0,1.0,2,4,0.0,4,5,1,1
28011,31.0,3,999,0,1.4,93.444,-36.1,4.964,5228.1,999.0,0,0.0,1.0,0.0,2,8,0.0,10,8,1,1
28012,49.0,4,999,0,1.4,94.465,-41.8,4.961,5228.1,999.0,0,1.0,1.0,1.0,2,4,0.0,4,6,1,1
28013,33.0,1,999,0,1.4,93.918,-42.7,4.963,5228.1,999.0,0,1.0,0.0,0.0,2,4,0.0,1,7,1,1
28014,53.0,2,999,1,-1.8,93.075,-47.1,1.41,5099.1,999.0,3,1.0,0.0,0.0,2,5,0.0,3,4,1,2
28015,38.0,2,999,0,1.4,93.444,-36.1,4.965,5228.1,999.0,0,0.0,0.0,0.0,3,5,0.0,5,8,2,1
28016,43.0,1,999,0,1.4,93.918,-42.7,4.96,5228.1,999.0,0,0.0,1.0,0.0,2,5,0.0,6,7,1,1
28017,31.0,1,999,1,-1.8,92.893,-46.2,1.313,5099.1,999.0,1,1.0,0.0,0.0,2,2,0.0,4,5,1,2
28018,31.0,3,999,0,1.1,93.994,-36.4,4.86,5191.0,999.0,0,1.0,1.0,1.0,2,4,0.0,4,5,1,1
28019,31.0,2,999,0,1.4,93.444,-36.1,4.963,5228.1,999.0,0,1.0,0.0,0.0,2,7,0.0,10,8,1,1
28020,31.0,2,999,0,1.1,93.994,-36.4,4.864,5191.0,999.0,0,1.0,1.0,1.0,2,7,0.0,7,5,1,1
28021,35.0,3,999,0,-0.1,93.2,-42.0,4.021,5195.8,999.0,0,0.0,0.0,0.0,2,8,0.0,1,11,1,1
28022,24.0,5,999,3,-1.1,94.199,-37.5,0.878,4963.6,999.0,6,1.0,0.0,0.0,1,8,0.0,5,9,1,2
28023,21.0,2,999,0,-1.8,92.893,-46.2,1.354,5099.1,999.0,0,1.0,1.0,0.0,1,8,0.0,11,5,2,1
28024,31.0,2,999,0,1.1,93.994,-36.4,4.857,5191.0,999.0,0,0.0,1.0,1.0,2,5,0.0,6,5,1,1
28025,30.0,2,999,0,1.1,93.994,-36.4,4.858,5191.0,999.0,0,0.0,1.0,1.0,1,4,0.0,4,5,2,1
28026,58.0,6,999,0,1.4,93.918,-42.7,4.962,5228.1,999.0,0,1.0,0.0,0.0,2,8,0.0,2,7,2,1
28027,54.0,1,999,1,-1.8,92.893,-46.2,1.266,5099.1,999.0,0,1.0,0.0,0.0,3,6,0.0,6,5,1,2
28028,35.0,1,999,0,1.4,94.465,-41.8,4.864,5228.1,999.0,0,0.0,1.0,1.0,2,4,0.0,1,6,1,1
28029,31.0,1,999,3,-1.1,94.601,-49.5,0.942,4963.6,999.0,9,1.0,0.0,0.0,1,8,0.0,6,10,1,2
28030,31.0,3,999,0,1.1,93.994,-36.4,4.859,5191.0,999.0,0,0.0,0.0,1.0,2,5,0.0,7,5,1,1
28031,34.0,2,999,0,1.4,94.465,-41.8,4.955,5228.1,999.0,0,0.0,0.0,1.0,1,7,0.0,6,6,1,1
28032,35.0,12,999,0,1.4,93.918,-42.7,4.968,5228.1,999.0,0,1.0,1.0,0.0,2,6,0.0,5,7,1,1
28033,30.0,2,999,0,1.4,93.444,-36.1,4.962,5228.1,999.0,0,0.0,0.0,0.0,1,8,0.0,6,8,1,1
28034,31.0,2,999,2,-3.4,92.649,-30.1,0.715,5017.5,999.0,2,0.0,0.0,0.0,1,5,0.0,6,11,1,2
28035,40.0,2,999,0,1.1,93.994,-36.4,4.858,5191.0,999.0,0,1.0,0.0,1.0,2,4,0.0,4,5,1,1
28036,52.0,3,999,0,1.4,94.465,-41.8,4.96,5228.1,999.0,0,0.0,0.0,1.0,2,2,0.0,4,6,2,1
28037,31.0,6,999,1,-1.8,92.893,-46.2,1.291,5099.1,999.0,2,1.0,0.0,0.0,1,5,0.0,9,5,1,2
28038,34.0,2,999,0,-0.1,93.2,-42.0,4.191,5195.8,999.0,0,1.0,0.0,0.0,1,7,0.0,7,11,2,1
28039,31.0,4,999,0,1.4,93.444,-36.1,4.963,5228.1,999.0,0,0.0,0.0,0.0,2,7,0.0,6,8,2,1
28040,33.0,5,999,0,-1.8,93.075,-47.1,1.405,5099.1,999.0,0,0.0,0.0,0.0,1,8,0.0,9,4,2,1
28041,40.0,1,999,0,1.4,93.444,-36.1,4.964,5228.1,999.0,0,0.0,0.0,0.0,1,5,0.0,5,8,1,1
28042,31.0,2,999,0,1.4,93.444,-36.1,4.965,5228.1,999.0,0,1.0,1.0,0.0,2,7,0.0,5,8,1,1
28043,24.0,2,999,1,-1.8,93.369,-34.8,0.655,5008.7,999.0,0,1.0,0.0,0.0,1,8,0.0,6,3,1,2
28044,31.0,3,999,0,1.1,93.994,-36.4,4.856,5191.0,999.0,0,1.0,0.0,1.0,2,3,0.0,4,5,1,1
28045,31.0,1,999,0,1.1,93.994,-36.4,4.856,5191.0,999.0,0,1.0,1.0,1.0,1,4,0.0,4,5,1,1
28046,38.0,2,999,0,1.1,93.994,-36.4,4.857,5191.0,999.0,0,1.0,0.0,1.0,2,6,0.0,5,5,1,1
28047,31.0,2,999,0,1.4,93.444,-36.1,4.967,5228.1,999.0,0,0.0,0.0,0.0,1,8,0.0,5,8,1,1
28048,30.0,2,999,0,1.1,93.994,-36.4,4.857,5191.0,999.0,0,1.0,0.0,1.0,3,4,0.0,4,5,1,1
28049,31.0,5,999,0,1.4,93.918,-42.7,4.962,5228.1,999.0,0,0.0,0.0,1.0,1,7,0.0,6,7,1,1
28050,36.0,1,999,0,1.1,93.994,-36.4,4.857,5191.0,999.0,0,1.0,0.0,1.0,1,8,0.0,4,5,1,1
28051,31.0,5,999,0,1.4,93.918,-42.7,4.96,5228.1,999.0,0,1.0,0.0,0.0,1,5,0.0,10,7,2,1
28052,39.0,3,999,0,1.4,94.465,-41.8,4.967,5228.1,999.0,0,0.0,0.0,1.0,2,8,0.0,5,6,1,1
28053,24.0,11,999,0,-1.8,92.893,-46.2,1.25,5099.1,999.0,0,1.0,0.0,0.0,1,4,0.0,5,5,1,1
28054,31.0,2,999,0,-0.1,93.2,-42.0,4.153,5195.8,999.0,0,0.0,0.0,0.0,1,6,0.0,5,11,1,1
28055,43.0,2,999,0,1.4,94.465,-41.8,4.865,5228.1,999.0,0,1.0,0.0,1.0,3,8,0.0,4,6,2,1
28056,49.0,27,999,0,1.1,93.994,-36.4,4.857,5191.0,999.0,0,1.0,0.0,1.0,2,4,0.0,4,5,1,1
28057,31.0,2,999,0,1.4,93.918,-42.7,4.961,5228.1,999.0,0,1.0,0.0,0.0,1,5,0.0,6,7,1,1
28058,29.0,3,999,0,-1.8,92.893,-46.2,1.266,5099.1,999.0,0,0.0,0.0,0.0,2,8,0.0,4,5,1,1
28059,31.0,1,999,0,1.1,93.994,-36.4,4.858,5191.0,999.0,0,0.0,1.0,1.0,2,7,0.0,1,5,1,1
28060,38.0,2,6,1,-1.8,93.749,-34.6,0.645,5008.7,0.2,6,1.0,0.0,0.0,3,7,0.0,3,4,2,3
28061,38.0,2,999,0,1.4,93.918,-42.7,4.957,5228.1,999.0,0,0.0,0.0,0.0,2,4,0.0,7,7,1,1
28062,37.0,3,999,0,1.1,93.994,-36.4,4.857,5191.0,999.0,0,0.0,0.0,1.0,2,8,0.0,4,5,1,1
28063,23.0,1,999,0,1.1,93.994,-36.4,4.857,5191.0,999.0,0,1.0,0.0,1.0,2,4,0.0,9,5,1,1
28064,51.0,10,999,0,1.1,93.994,-36.4,4.857,5191.0,999.0,0,0.0,0.0,1.0,3,7,0.0,3,5,1,1
28065,46.0,1,999,0,-1.8,93.075,-47.1,1.365,5099.1,999.0,0,1.0,0.0,0.0,2,5,0.0,6,4,1,1
28066,31.0,2,999,0,-1.8,92.893,-46.2,1.299,5099.1,999.0,0,0.0,0.0,1.0,2,2,0.0,4,5,2,1
28067,31.0,1,999,0,-1.8,93.075,-47.1,1.415,5099.1,999.0,0,0.0,0.0,0.0,1,6,0.0,5,4,1,1
28068,36.0,1,999,0,1.1,93.994,-36.4,4.856,5191.0,999.0,0,1.0,0.0,1.0,2,2,0.0,2,5,1,1
28069,31.0,1,999,0,1.4,93.444,-36.1,4.964,5228.1,999.0,0,0.0,0.0,0.0,2,7,0.0,6,8,1,1
28070,31.0,2,999,1,-1.8,92.893,-46.2,1.313,5099.1,999.0,3,1.0,0.0,0.0,2,7,0.0,4,5,1,2
28071,42.0,1,999,0,-1.8,92.843,-50.0,1.799,5099.1,999.0,0,1.0,1.0,0.0,2,8,0.0,7,3,1,1
28072,31.0,4,999,0,-1.7,94.215,-40.3,0.861,4991.6,999.0,0,0.0,1.0,0.0,2,8,0.0,6,7,1,1
28073,37.0,6,999,0,1.4,93.918,-42.7,4.961,5228.1,999.0,0,0.0,0.0,0.0,1,5,0.0,6,7,1,1
28074,73.0,1,999,0,-1.1,94.767,-50.8,1.028,4963.6,999.0,0,1.0,0.0,0.0,2,6,0.0,8,11,1,1
28075,31.0,1,999,0,1.4,93.444,-36.1,4.966,5228.1,999.0,0,0.0,0.0,0.0,2,3,0.0,4,8,1,1
28076,39.0,15,999,0,1.4,93.918,-42.7,4.96,5228.1,999.0,0,1.0,0.0,0.0,2,7,0.0,6,7,2,1
28077,53.0,4,999,0,1.1,93.994,-36.4,4.857,5191.0,999.0,0,0.0,1.0,1.0,1,5,0.0,9,5,1,1
28078,36.0,1,999,1,-1.8,92.893,-46.2,1.244,5099.1,999.0,4,1.0,0.0,0.0,2,4,0.0,4,5,2,2
28079,52.0,1,6,1,-1.8,93.749,-34.6,0.654,5008.7,0.2,1,1.0,0.0,1.0,2,8,0.0,6,4,1,3
28080,31.0,1,999,0,-1.8,92.893,-46.2,1.344,5099.1,999.0,0,1.0,0.0,0.0,1,8,0.0,6,5,1,1
28081,41.0,2,999,1,-1.8,92.893,-46.2,1.299,5099.1,999.0,0,1.0,1.0,0.0,1,5,0.0,9,5,2,2
28082,59.0,8,999,0,1.4,94.465,-41.8,4.864,5228.1,999.0,0,1.0,0.0,1.0,2,6,0.0,8,6,1,1
28083,50.0,2,999,1,-0.1,93.2,-42.0,4.076,5195.8,999.0,3,1.0,1.0,0.0,1,7,0.0,6,11,1,2
28084,42.0,1,999,0,1.4,93.918,-42.7,4.961,5228.1,999.0,0,0.0,0.0,1.0,2,4,0.0,6,7,1,1
28085,33.0,1,999,0,-1.8,92.893,-46.2,1.281,5099.1,999.0,0,1.0,0.0,1.0,3,8,0.0,6,5,1,1
28086,43.0,1,999,0,1.4,93.918,-42.7,4.955,5228.1,999.0,0,1.0,1.0,1.0,1,8,0.0,5,7,1,1
28087,41.0,1,999,0,1.4,93.918,-42.7,4.963,5228.1,999.0,0,0.0,0.0,0.0,3,5,0.0,9,7,1,1
28088,33.0,7,999,0,1.4,93.918,-42.7,4.968,5228.1,999.0,0,0.0,1.0,0.0,3,5,0.0,9,7,1,1
28089,39.0,2,999,0,1.4,93.918,-42.7,4.956,5228.1,999.0,0,1.0,0.0,1.0,2,8,0.0,4,7,1,1
28090,39.0,3,999,0,1.1,93.994,-36.4,4.864,5191.0,999.0,0,0.0,1.0,1.0,2,8,0.0,4,5,1,1
28091,52.0,3,999,0,1.1,93.994,-36.4,4.857,5191.0,999.0,0,0.0,0.0,1.0,2,8,0.0,10,5,2,1
28092,43.0,1,6,1,-1.8,92.893,-46.2,1.344,5099.1,0.2,2,0.0,0.0,0.0,2,4,0.0,4,5,1,3
28093,31.0,1,999,1,-1.8,93.075,-47.1,1.405,5099.1,999.0,1,1.0,0.0,0.0,2,7,0.0,7,4,2,2
28094,27.0,3,999,0,-1.8,93.369,-34.8,0.652,5008.7,999.0,0,1.0,0.0,0.0,1,7,0.0,9,3,2,1
28095,26.0,2,999,0,1.4,93.918,-42.7,4.96,5228.1,999.0,0,1.0,1.0,0.0,1,4,0.0,4,7,2,1
28096,36.0,1,999,0,-0.1,93.2,-42.0,4.191,5195.8,999.0,0,1.0,0.0,0.0,3,7,0.0,7,11,2,1
28097,31.0,4,999,1,-1.8,92.893,-46.2,1.344,5099.1,999.0,1,1.0,0.0,0.0,1,8,0.0,9,5,1,2
28098,31.0,2,3,1,-1.8,92.893,-46.2,1.354,5099.1,0.1,1,1.0,0.0,0.0,1,4,0.0,4,5,2,3
28099,57.0,19,999,0,1.4,93.918,-42.7,4.961,5228.1,999.0,0,1.0,0.0,0.0,1,8,0.0,8,7,1,1
28100,47.0,1,999,0,-1.8,92.893,-46.2,1.244,5099.1,999.0,0,0.0,0.0,0.0,2,5,0.0,9,5,2,1
28101,40.0,1,999,0,1.4,94.465,-41.8,4.865,5228.1,999.0,0,1.0,0.0,1.0,2,7,0.0,7,6,2,1
28102,42.0,2,999,0,1.1,93.994,-36.4,4.857,5191.0,999.0,0,0.0,0.0,1.0,2,8,0.0,3,5,1,1
28103,31.0,3,999,0,-0.1,93.2,-42.0,4.191,5195.8,999.0,0,1.0,1.0,0.0,2,5,0.0,9,11,2,1
28104,41.0,2,999,0,-1.8,93.075,-47.1,1.423,5099.1,999.0,0,1.0,1.0,0.0,2,3,0.0,4,4,1,1
28105,63.0,2,999,0,-3.4,92.431,-26.9,0.752,5017.5,999.0,0,1.0,0.0,0.0,2,8,0.0,8,10,1,1
28106,43.0,1,999,1,-1.8,92.893,-46.2,1.291,5099.1,999.0,3,1.0,0.0,0.0,1,8,0.0,6,5,1,2
28107,31.0,6,999,0,-1.8,92.893,-46.2,1.281,5099.1,999.0,0,1.0,0.0,1.0,2,5,0.0,9,5,1,1
28108,56.0,1,999,0,1.1,93.994,-36.4,4.857,5191.0,999.0,0,1.0,0.0,1.0,3,7,0.0,10,5,1,1
28109,27.0,3,999,0,1.1,93.994,-36.4,4.864,5191.0,999.0,0,0.0,0.0,1.0,1,7,0.0,11,5,1,1
28110,54.0,3,999,0,1.4,93.444,-36.1,4.964,5228.1,999.0,0,1.0,0.0,0.0,2,8,0.0,2,8,1,1
28111,31.0,3,999,0,-1.8,92.893,-46.2,1.25,5099.1,999.0,0,0.0,0.0,0.0,2,5,0.0,6,5,1,1
28112,31.0,2,999,0,1.4,93.444,-36.1,4.967,5228.1,999.0,0,1.0,0.0,0.0,1,8,0.0,5,8,1,1
28113,31.0,5,999,0,1.4,93.918,-42.7,4.961,5228.1,999.0,0,0.0,1.0,0.0,1,8,0.0,9,7,1,1
28114,30.0,1,999,0,-2.9,92.963,-40.8,1.26,5076.2,999.0,0,1.0,0.0,0.0,1,7,0.0,6,6,1,1
28115,57.0,2,6,2,-1.1,94.199,-37.5,0.883,4963.6,0.2,2,0.0,0.0,0.0,2,7,0.0,3,9,1,3
28116,31.0,1,999,0,1.1,93.994,-36.4,4.858,5191.0,999.0,0,0.0,0.0,1.0,3,7,0.0,6,5,2,1
28117,60.0,1,999,0,1.4,93.918,-42.7,4.963,5228.1,999.0,0,1.0,0.0,0.0,2,7,0.0,3,7,1,1
28118,32.0,1,999,0,-1.8,93.075,-47.1,1.41,5099.1,999.0,0,1.0,0.0,0.0,1,7,0.0,6,4,1,1
28119,33.0,2,999,0,1.4,93.444,-36.1,4.963,5228.1,999.0,0,0.0,0.0,0.0,1,8,0.0,5,8,2,1
28120,28.0,3,999,0,1.4,93.918,-42.7,4.961,5228.1,999.0,0,0.0,0.0,1.0,1,7,0.0,5,7,1,1
28121,47.0,1,999,0,1.4,94.465,-41.8,4.959,5228.1,999.0,0,1.0,1.0,1.0,2,8,0.0,5,6,1,1
28122,31.0,1,999,2,-3.4,92.649,-30.1,0.715,5017.5,999.0,0,1.0,0.0,0.0,2,7,0.0,3,11,1,2
28123,34.0,1,999,0,1.1,93.994,-36.4,4.857,5191.0,999.0,0,1.0,0.0,1.0,2,8,0.0,3,5,2,1
28124,50.0,2,6,2,-3.4,92.431,-26.9,0.731,5017.5,0.2,2,0.0,0.0,0.0,2,4,0.0,3,10,2,2
28125,24.0,1,999,0,-1.8,93.075,-47.1,1.423,5099.1,999.0,0,1.0,0.0,0.0,1,5,0.0,9,4,1,1
28126,36.0,1,999,0,1.4,94.465,-41.8,4.864,5228.1,999.0,0,1.0,0.0,1.0,1,5,0.0,6,6,1,1
28127,31.0,6,999,1,-1.8,93.075,-47.1,1.405,5099.1,999.0,3,1.0,1.0,0.0,2,2,0.0,4,4,2,2
28128,34.0,2,999,0,1.4,94.465,-41.8,4.967,5228.1,999.0,0,1.0,0.0,1.0,2,7,0.0,6,6,1,1
28129,49.0,2,999,0,1.4,93.444,-36.1,4.965,5228.1,999.0,0,1.0,0.0,0.0,2,7,0.0,6,8,1,1
28130,31.0,1,999,0,1.1,93.994,-36.4,4.857,5191.0,999.0,0,0.0,0.0,1.0,3,8,0.0,4,5,1,1
28131,44.0,1,999,0,-1.8,92.893,-46.2,1.334,5099.1,999.0,0,1.0,1.0,0.0,2,8,0.0,4,5,1,1
28132,31.0,3,999,0,-1.8,92.893,-46.2,1.313,5099.1,999.0,0,0.0,0.0,0.0,2,3,0.0,4,5,1,1
28133,33.0,1,999,0,1.4,93.444,-36.1,4.963,5228.1,999.0,0,1.0,0.0,0.0,1,7,0.0,5,8,1,1
28134,31.0,1,999,0,-0.1,93.2,-42.0,4.191,5195.8,999.0,0,1.0,1.0,0.0,2,8,0.0,7,11,2,1
28135,35.0,1,999,0,1.4,93.444,-36.1,4.964,5228.1,999.0,0,1.0,1.0,0.0,1,6,0.0,5,8,1,1
28136,52.0,1,999,0,1.1,93.994,-36.4,4.857,5191.0,999.0,0,0.0,0.0,1.0,3,8,0.0,6,5,2,1
28137,51.0,2,999,0,1.4,93.444,-36.1,4.964,5228.1,999.0,0,1.0,1.0,0.0,2,2,0.0,4,8,1,1
28138,29.0,2,999,0,1.4,93.918,-42.7,4.963,5228.1,999.0,0,1.0,0.0,0.0,2,4,0.0,9,7,1,1
28139,39.0,7,999,0,1.1,93.994,-36.4,4.859,5191.0,999.0,0,0.0,0.0,1.0,2,2,0.0,4,5,1,1
28140,33.0,5,999,0,1.1,93.994,-36.4,4.855,5191.0,999.0,0,0.0,0.0,1.0,1,8,0.0,4,5,1,1
28141,31.0,1,999,0,1.4,93.918,-42.7,4.962,5228.1,999.0,0,0.0,1.0,0.0,1,5,0.0,6,7,1,1
28142,31.0,2,999,0,1.1,93.994,-36.4,4.859,5191.0,999.0,0,0.0,1.0,1.0,1,7,0.0,1,5,1,1
28143,46.0,1,999,0,-0.1,93.2,-42.0,4.406,5195.8,999.0,0,0.0,0.0,1.0,2,6,0.0,5,11,2,1
28144,32.0,1,999,0,1.4,93.918,-42.7,4.958,5228.1,999.0,0,1.0,0.0,0.0,2,8,0.0,6,7,1,1
28145,49.0,1,999,0,1.4,93.918,-42.7,4.962,5228.1,999.0,0,0.0,0.0,0.0,2,4,0.0,4,7,1,1
28146,31.0,5,999,0,1.4,93.444,-36.1,4.964,5228.1,999.0,0,1.0,0.0,0.0,3,6,0.0,5,8,1,1
28147,35.0,2,999,0,1.4,93.918,-42.7,4.96,5228.1,999.0,0,0.0,0.0,0.0,2,8,0.0,9,7,2,1
28148,33.0,3,999,0,-1.8,93.075,-47.1,1.405,5099.1,999.0,0,0.0,0.0,0.0,1,8,0.0,5,4,2,1
28149,61.0,2,999,1,-1.8,93.876,-40.0,0.682,5008.7,999.0,0,0.0,0.0,0.0,2,8,0.0,3,5,1,2
28150,58.0,2,999,0,-2.9,92.201,-31.4,0.883,5076.2,999.0,0,0.0,0.0,0.0,2,8,0.0,5,8,1,1
28151,43.0,1,999,0,1.4,93.918,-42.7,4.957,5228.1,999.0,0,0.0,0.0,0.0,2,8,0.0,4,7,1,1
28152,44.0,2,999,1,-0.1,93.2,-42.0,4.12,5195.8,999.0,1,0.0,0.0,0.0,1,5,0.0,9,11,1,2
28153,31.0,7,999,0,-1.8,92.893,-46.2,1.327,5099.1,999.0,0,0.0,0.0,0.0,4,8,0.0,4,5,1,1
28154,47.0,24,999,0,1.4,93.918,-42.7,4.962,5228.1,999.0,0,0.0,0.0,0.0,3,5,0.0,5,7,1,1
28155,33.0,2,999,0,-1.8,93.075,-47.1,1.498,5099.1,999.0,0,1.0,0.0,0.0,2,3,0.0,4,4,1,1
28156,50.0,6,999,0,1.4,94.465,-41.8,4.961,5228.1,999.0,0,0.0,0.0,1.0,3,8,0.0,4,6,1,1
28157,56.0,2,999,0,1.4,93.918,-42.7,4.961,5228.1,999.0,0,0.0,0.0,0.0,2,8,0.0,3,7,1,1
28158,49.0,1,999,0,1.4,94.465,-41.8,4.959,5228.1,999.0,0,0.0,0.0,1.0,2,4,0.0,4,6,1,1
28159,31.0,1,999,0,1.4,94.465,-41.8,4.959,5228.1,999.0,0,1.0,1.0,1.0,1,7,0.0,6,6,1,1
28160,30.0,1,999,0,1.4,93.444,-36.1,4.965,5228.1,999.0,0,0.0,1.0,0.0,1,7,0.0,6,8,2,1
28161,31.0,1,999,0,1.4,93.918,-42.7,4.961,5228.1,999.0,0,1.0,0.0,0.0,1,7,0.0,6,7,1,1
28162,31.0,3,999,0,1.4,93.918,-42.7,4.963,5228.1,999.0,0,1.0,0.0,0.0,2,2,0.0,4,7,1,1
28163,46.0,3,999,0,-1.8,92.893,-46.2,1.244,5099.1,999.0,0,1.0,1.0,0.0,2,5,0.0,6,5,2,1
28164,48.0,2,999,0,1.4,93.918,-42.7,4.963,5228.1,999.0,0,0.0,0.0,0.0,3,6,0.0,5,7,1,1
28165,44.0,1,999,0,1.1,93.994,-36.4,4.858,5191.0,999.0,0,0.0,0.0,1.0,3,4,0.0,4,5,2,1
28166,51.0,3,999,0,-2.9,92.963,-40.8,1.215,5076.2,999.0,0,0.0,0.0,1.0,2,8,0.0,6,6,2,1
28167,28.0,2,999,0,-1.8,92.843,-50.0,1.531,5099.1,999.0,0,0.0,1.0,0.0,1,5,0.0,6,3,1,1
28168,33.0,3,999,0,-2.9,92.201,-31.4,0.873,5076.2,999.0,0,1.0,0.0,0.0,1,7,0.0,6,8,1,1
28169,31.0,3,999,0,-0.1,93.2,-42.0,4.12,5195.8,999.0,0,0.0,0.0,0.0,1,6,0.0,10,11,1,1
28170,34.0,3,999,0,1.4,93.918,-42.7,4.962,5228.1,999.0,0,1.0,0.0,1.0,3,7,0.0,1,7,2,1
28171,31.0,1,999,0,1.1,93.994,-36.4,4.857,5191.0,999.0,0,0.0,0.0,1.0,3,5,0.0,9,5,2,1
28172,37.0,3,999,0,1.4,93.918,-42.7,4.962,5228.1,999.0,0,1.0,0.0,0.0,1,4,0.0,7,7,1,1
28173,26.0,1,999,0,-1.8,93.075,-47.1,1.466,5099.1,999.0,0,1.0,0.0,1.0,2,8,0.0,6,4,2,1
28174,38.0,5,999,0,1.4,94.465,-41.8,4.955,5228.1,999.0,0,0.0,0.0,1.0,2,8,0.0,4,6,1,1
28175,46.0,1,999,0,1.4,93.918,-42.7,4.963,5228.1,999.0,0,1.0,1.0,0.0,2,7,0.0,6,7,1,1
28176,34.0,2,999,0,1.4,93.444,-36.1,4.966,5228.1,999.0,0,0.0,0.0,0.0,1,7,0.0,5,8,1,1
28177,49.0,3,999,0,-1.8,93.075,-47.1,1.365,5099.1,999.0,0,1.0,0.0,0.0,3,7,0.0,6,4,1,1
28178,41.0,1,999,0,-1.8,92.893,-46.2,1.334,5099.1,999.0,0,0.0,0.0,0.0,1,4,0.0,4,5,1,1
28179,31.0,13,999,0,1.4,93.918,-42.7,4.961,5228.1,999.0,0,1.0,0.0,0.0,1,8,0.0,4,7,1,1
28180,28.0,1,999,0,1.1,93.994,-36.4,4.858,5191.0,999.0,0,0.0,0.0,1.0,2,8,0.0,4,5,1,1
28181,69.0,2,999,0,-2.9,92.963,-40.8,1.26,5076.2,999.0,0,0.0,0.0,0.0,2,5,0.0,7,6,1,1
28182,34.0,1,999,1,-0.1,93.2,-42.0,4.12,5195.8,999.0,0,1.0,0.0,0.0,2,2,0.0,10,11,1,2
28183,31.0,4,999,0,1.1,93.994,-36.4,4.858,5191.0,999.0,0,1.0,0.0,1.0,2,3,0.0,3,5,2,1
28184,38.0,3,999,0,1.4,93.918,-42.7,4.962,5228.1,999.0,0,0.0,0.0,0.0,1,8,0.0,4,7,1,1
28185,50.0,3,999,0,1.4,94.465,-41.8,4.947,5228.1,999.0,0,0.0,0.0,1.0,2,8,0.0,6,6,1,1
28186,44.0,8,999,0,1.4,93.444,-36.1,4.963,5228.1,999.0,0,0.0,0.0,0.0,2,5,0.0,6,8,1,1
28187,53.0,2,999,0,1.1,93.994,-36.4,4.86,5191.0,999.0,0,0.0,0.0,1.0,2,2,0.0,1,5,1,1
28188,38.0,2,999,0,1.1,93.994,-36.4,4.855,5191.0,999.0,0,0.0,0.0,1.0,1,6,0.0,5,5,1,1
28189,29.0,1,999,0,-1.8,93.369,-34.8,0.639,5008.7,999.0,0,1.0,0.0,0.0,1,7,0.0,6,3,2,1
28190,36.0,1,999,0,-1.8,92.893,-46.2,1.327,5099.1,999.0,0,1.0,0.0,0.0,1,8,0.0,5,5,1,1
28191,48.0,4,999,0,-1.7,94.027,-38.3,0.898,4991.6,999.0,0,0.0,0.0,0.0,3,8,0.0,1,8,1,1
28192,31.0,2,999,0,-1.8,93.075,-47.1,1.405,5099.1,999.0,0,1.0,0.0,0.0,2,5,0.0,9,4,2,1
28193,57.0,2,999,1,-3.4,92.379,-29.8,0.773,5017.5,999.0,2,1.0,0.0,0.0,2,2,0.0,3,9,1,2
28194,38.0,1,999,1,-1.8,93.075,-47.1,1.405,5099.1,999.0,4,0.0,0.0,0.0,3,8,0.0,3,4,2,2
28195,36.0,3,999,0,1.4,93.918,-42.7,4.968,5228.1,999.0,0,1.0,1.0,0.0,1,6,0.0,5,7,1,1
28196,37.0,3,999,0,1.4,93.444,-36.1,4.965,5228.1,999.0,0,1.0,1.0,0.0,3,6,0.0,5,8,1,1
28197,46.0,3,999,0,1.4,93.918,-42.7,4.96,5228.1,999.0,0,0.0,0.0,0.0,2,4,0.0,4,7,1,1
28198,48.0,3,999,0,1.1,93.994,-36.4,4.855,5191.0,999.0,0,0.0,0.0,1.0,2,8,0.0,6,5,1,1
28199,41.0,2,999,0,1.4,94.465,-41.8,4.866,5228.1,999.0,0,0.0,0.0,1.0,1,2,0.0,4,6,1,1
28200,37.0,1,999,0,1.4,93.444,-36.1,4.966,5228.1,999.0,0,0.0,0.0,0.0,2,5,0.0,6,8,1,1
28201,57.0,2,999,0,-0.1,93.2,-42.0,4.076,5195.8,999.0,0,1.0,0.0,0.0,3,8,0.0,6,11,1,1
28202,31.0,41,999,0,1.4,94.465,-41.8,4.962,5228.1,999.0,0,1.0,0.0,1.0,2,2,0.0,4,6,1,1
28203,29.0,1,999,0,-2.9,92.469,-33.6,1.044,5076.2,999.0,0,1.0,0.0,0.0,1,7,0.0,10,7,1,1
28204,39.0,6,999,0,1.1,93.994,-36.4,4.86,5191.0,999.0,0,0.0,0.0,1.0,1,2,0.0,4,5,1,1
28205,25.0,1,999,0,1.1,93.994,-36.4,4.856,5191.0,999.0,0,0.0,0.0,1.0,2,4,0.0,4,5,1,1
28206,35.0,3,999,0,-1.8,92.893,-46.2,1.313,5099.1,999.0,0,0.0,1.0,0.0,2,6,0.0,3,5,1,1
28207,44.0,3,999,0,1.4,93.444,-36.1,4.966,5228.1,999.0,0,1.0,0.0,0.0,2,5,0.0,9,8,1,1
28208,47.0,4,999,0,1.4,93.444,-36.1,4.964,5228.1,999.0,0,0.0,0.0,0.0,2,7,0.0,6,8,1,1
28209,31.0,1,999,0,1.4,93.444,-36.1,4.964,5228.1,999.0,0,0.0,0.0,0.0,2,7,0.0,6,8,1,1
28210,31.0,2,999,0,1.1,93.994,-36.4,4.857,5191.0,999.0,0,0.0,0.0,1.0,2,8,0.0,6,5,1,1
28211,41.0,8,999,1,-1.8,92.893,-46.2,1.299,5099.1,999.0,0,1.0,0.0,0.0,2,3,0.0,4,5,2,2
28212,32.0,2,999,0,1.1,93.994,-36.4,4.855,5191.0,999.0,0,1.0,1.0,1.0,2,6,0.0,5,5,1,1
28213,47.0,2,999,0,1.4,94.465,-41.8,4.96,5228.1,999.0,0,0.0,0.0,1.0,1,6,0.0,5,6,2,1
28214,26.0,1,999,0,1.4,93.918,-42.7,4.963,5228.1,999.0,0,1.0,1.0,1.0,1,8,0.0,2,7,1,1
28215,43.0,2,999,0,1.4,94.465,-41.8,4.959,5228.1,999.0,0,0.0,0.0,1.0,2,4,0.0,5,6,1,1
28216,39.0,1,999,0,1.4,94.465,-41.8,4.865,5228.1,999.0,0,1.0,1.0,1.0,2,5,0.0,7,6,2,1
28217,30.0,8,999,0,1.4,93.918,-42.7,4.968,5228.1,999.0,0,0.0,0.0,0.0,1,7,0.0,5,7,1,1
28218,44.0,1,999,1,-1.8,92.893,-46.2,1.281,5099.1,999.0,2,1.0,0.0,0.0,2,2,0.0,2,5,1,2
28219,25.0,1,999,0,1.1,93.994,-36.4,4.859,5191.0,999.0,0,1.0,0.0,1.0,1,8,0.0,4,5,1,1
28220,23.0,2,999,0,1.4,93.918,-42.7,4.958,5228.1,999.0,0,1.0,1.0,0.0,1,7,0.0,3,7,1,1
28221,31.0,1,999,1,-2.9,92.201,-31.4,0.881,5076.2,999.0,2,0.0,0.0,0.0,2,8,0.0,2,8,1,2
28222,40.0,1,999,0,1.1,93.994,-36.4,4.859,5191.0,999.0,0,1.0,0.0,1.0,2,6,0.0,5,5,1,1
28223,49.0,2,999,0,1.1,93.994,-36.4,4.857,5191.0,999.0,0,0.0,0.0,1.0,2,8,0.0,6,5,1,1
28224,70.0,2,999,0,-3.4,92.431,-26.9,0.737,5017.5,999.0,0,1.0,0.0,0.0,2,2,0.0,8,10,1,1
28225,88.0,1,999,0,-1.8,92.843,-50.0,1.663,5099.1,999.0,0,0.0,0.0,0.0,3,8,0.0,8,3,1,1
28226,42.0,2,999,0,-3.0,92.713,-33.0,0.721,5023.5,999.0,0,1.0,0.0,0.0,2,4,0.0,4,12,1,1
28227,53.0,1,999,0,1.4,93.444,-36.1,4.963,5228.1,999.0,0,0.0,0.0,0.0,2,7,0.0,6,8,1,1
28228,57.0,1,999,0,1.4,93.444,-36.1,4.968,5228.1,999.0,0,1.0,0.0,0.0,2,8,0.0,8,8,1,1
28229,45.0,7,999,0,1.1,93.994,-36.4,4.86,5191.0,999.0,0,0.0,0.0,1.0,3,6,0.0,5,5,1,1
28230,29.0,2,999,0,-1.8,93.075,-47.1,1.41,5099.1,999.0,0,1.0,0.0,0.0,1,4,0.0,9,4,1,1
28231,41.0,2,999,0,1.1,93.994,-36.4,4.859,5191.0,999.0,0,0.0,0.0,1.0,2,8,0.0,4,5,1,1
28232,50.0,1,999,0,1.4,93.444,-36.1,4.964,5228.1,999.0,0,1.0,0.0,0.0,1,7,0.0,5,8,1,1
28233,34.0,2,999,2,-3.4,92.649,-30.1,0.716,5017.5,999.0,8,1.0,0.0,0.0,2,4,0.0,5,11,1,2
28234,34.0,1,999,0,-1.8,92.893,-46.2,1.291,5099.1,999.0,0,1.0,1.0,0.0,1,4,0.0,4,5,1,1
28235,48.0,2,999,0,-2.9,92.201,-31.4,0.879,5076.2,999.0,0,0.0,0.0,0.0,2,5,0.0,6,8,1,1
28236,47.0,1,999,0,1.1,93.994,-36.4,4.857,5191.0,999.0,0,0.0,0.0,1.0,2,6,0.0,5,5,2,1
28237,46.0,1,999,0,1.4,93.444,-36.1,4.964,5228.1,999.0,0,0.0,0.0,0.0,2,2,0.0,4,8,1,1
28238,31.0,5,999,0,1.4,93.918,-42.7,4.962,5228.1,999.0,0,1.0,0.0,0.0,2,3,0.0,4,7,1,1
28239,38.0,7,999,0,1.1,93.994,-36.4,4.855,5191.0,999.0,0,0.0,0.0,1.0,2,8,0.0,4,5,1,1
28240,33.0,13,999,0,1.4,93.444,-36.1,4.964,5228.1,999.0,0,1.0,0.0,0.0,1,7,0.0,6,8,1,1
28241,31.0,2,999,1,-0.1,93.2,-42.0,4.153,5195.8,999.0,2,1.0,0.0,0.0,3,8,0.0,6,11,1,2
28242,31.0,2,999,0,1.4,93.918,-42.7,4.963,5228.1,999.0,0,1.0,0.0,0.0,1,8,0.0,4,7,1,1
28243,39.0,3,999,0,1.1,93.994,-36.4,4.86,5191.0,999.0,0,0.0,0.0,1.0,2,8,0.0,7,5,1,1
28244,30.0,12,999,0,-1.8,92.893,-46.2,1.281,5099.1,999.0,0,1.0,0.0,0.0,1,5,0.0,5,5,1,1
28245,34.0,2,999,0,1.4,94.465,-41.8,4.967,5228.1,999.0,0,0.0,0.0,1.0,2,7,0.0,5,6,1,1
28246,46.0,6,999,0,1.4,94.465,-41.8,4.864,5228.1,999.0,0,0.0,0.0,1.0,2,5,0.0,6,6,1,1
28247,31.0,1,999,0,1.4,94.465,-41.8,4.961,5228.1,999.0,0,1.0,0.0,1.0,2,8,0.0,5,6,1,1
28248,46.0,1,999,0,-0.1,93.2,-42.0,4.191,5195.8,999.0,0,0.0,0.0,0.0,2,5,0.0,6,11,2,1
28249,31.0,1,999,0,1.4,93.918,-42.7,4.962,5228.1,999.0,0,1.0,0.0,0.0,2,8,0.0,4,7,1,1
28250,41.0,1,999,0,1.1,93.994,-36.4,4.857,5191.0,999.0,0,0.0,0.0,1.0,3,4,0.0,4,5,1,1
28251,29.0,7,999,0,-1.8,92.893,-46.2,1.25,5099.1,999.0,0,1.0,1.0,1.0,2,3,0.0,4,5,1,1
28252,34.0,3,999,0,1.4,93.918,-42.7,4.963,5228.1,999.0,0,0.0,0.0,0.0,2,6,0.0,5,7,1,1
28253,34.0,5,999,0,1.4,94.465,-41.8,4.864,5228.1,999.0,0,0.0,0.0,1.0,2,2,0.0,4,6,1,1
28254,25.0,1,999,0,1.4,93.918,-42.7,4.963,5228.1,999.0,0,1.0,0.0,0.0,1,6,0.0,5,7,1,1
28255,32.0,4,999,0,1.4,93.444,-36.1,4.964,5228.1,999.0,0,0.0,0.0,0.0,1,8,0.0,6,8,1,1
28256,31.0,1,999,0,1.1,93.994,-36.4,4.86,5191.0,999.0,0,0.0,0.0,1.0,2,3,0.0,4,5,1,1
28257,55.0,2,999,0,-1.8,93.075,-47.1,1.405,5099.1,999.0,0,0.0,0.0,0.0,2,7,0.0,3,4,1,1
28258,29.0,2,3,1,-3.4,92.379,-29.8,0.77,5017.5,0.1,1,1.0,0.0,0.0,1,5,0.0,6,9,1,3
28259,31.0,1,999,0,-1.8,92.893,-46.2,1.266,5099.1,999.0,0,1.0,0.0,0.0,1,7,0.0,3,5,1,1
28260,31.0,1,999,0,-0.1,93.2,-42.0,4.191,5195.8,999.0,0,0.0,0.0,0.0,3,5,0.0,10,11,2,1
28261,31.0,1,999,0,-0.1,93.2,-42.0,4.191,5195.8,999.0,0,1.0,0.0,0.0,1,7,0.0,1,11,2,1
28262,47.0,1,999,0,1.1,93.994,-36.4,4.856,5191.0,999.0,0,1.0,0.0,1.0,2,8,0.0,4,5,1,1
28263,42.0,2,999,0,1.4,93.444,-36.1,4.965,5228.1,999.0,0,1.0,0.0,0.0,2,6,0.0,5,8,2,1
28264,34.0,1,999,0,-0.1,93.2,-42.0,4.12,5195.8,999.0,0,1.0,0.0,0.0,2,8,0.0,5,11,1,1
28265,66.0,1,999,0,-1.8,93.075,-47.1,1.365,5099.1,999.0,0,0.0,0.0,1.0,1,8,0.0,10,4,1,1
28266,55.0,3,999,0,1.4,93.918,-42.7,4.961,5228.1,999.0,0,1.0,1.0,0.0,2,5,0.0,8,7,1,1
28267,31.0,3,999,0,1.4,93.444,-36.1,4.964,5228.1,999.0,0,1.0,0.0,1.0,2,2,0.0,4,8,1,1
28268,35.0,1,999,0,-0.1,93.2,-42.0,4.153,5195.8,999.0,0,1.0,0.0,0.0,2,5,0.0,6,11,1,1
28269,41.0,2,999,1,-0.1,93.2,-42.0,4.12,5195.8,999.0,0,0.0,0.0,0.0,3,8,0.0,2,11,1,2
28270,31.0,3,999,0,1.4,93.918,-42.7,4.96,5228.1,999.0,0,0.0,0.0,0.0,2,5,0.0,5,7,2,1
28271,52.0,1,999,1,-3.4,92.379,-29.8,0.797,5017.5,999.0,1,1.0,1.0,0.0,2,6,0.0,5,9,2,2
28272,31.0,4,999,0,1.4,93.444,-36.1,4.963,5228.1,999.0,0,1.0,0.0,0.0,1,7,0.0,6,8,1,1
28273,37.0,1,999,1,-3.4,92.649,-30.1,0.714,5017.5,999.0,2,1.0,0.0,0.0,2,8,0.0,7,11,1,2
28274,74.0,1,999,1,-2.9,92.201,-31.4,0.873,5076.2,999.0,0,0.0,0.0,0.0,2,2,0.0,8,8,1,2
28275,33.0,1,999,0,1.4,93.444,-36.1,4.963,5228.1,999.0,0,0.0,0.0,0.0,2,8,0.0,6,8,1,1
28276,28.0,2,999,0,1.1,93.994,-36.4,4.855,5191.0,999.0,0,1.0,0.0,1.0,2,3,0.0,4,5,1,1
28277,38.0,3,999,0,-1.8,92.893,-46.2,1.281,5099.1,999.0,0,1.0,1.0,0.0,2,4,0.0,1,5,1,1
28278,23.0,2,999,0,1.4,93.918,-42.7,4.962,5228.1,999.0,0,1.0,0.0,0.0,2,4,0.0,6,7,2,1
28279,31.0,3,999,0,1.1,93.994,-36.4,4.864,5191.0,999.0,0,1.0,0.0,1.0,1,8,0.0,4,5,1,1
28280,31.0,1,999,0,1.4,93.918,-42.7,4.958,5228.1,999.0,0,0.0,0.0,0.0,2,8,0.0,4,7,1,1
28281,51.0,1,999,0,1.4,93.444,-36.1,4.964,5228.1,999.0,0,0.0,0.0,0.0,2,2,0.0,4,8,1,1
28282,33.0,3,999,0,-1.8,92.893,-46.2,1.281,5099.1,999.0,0,0.0,1.0,0.0,2,4,0.0,4,5,1,1
28283,31.0,3,999,0,1.4,93.918,-42.7,4.963,5228.1,999.0,0,1.0,0.0,0.0,2,8,0.0,4,7,1,1
28284,37.0,3,999,0,-1.8,93.075,-47.1,1.41,5099.1,999.0,0,0.0,0.0,0.0,2,7,0.0,6,4,1,1
28285,49.0,12,999,0,1.4,93.918,-42.7,4.968,5228.1,999.0,0,1.0,0.0,1.0,2,6,0.0,5,7,1,1
28286,58.0,3,999,0,1.4,93.444,-36.1,4.965,5228.1,999.0,0,1.0,0.0,0.0,2,3,0.0,4,8,1,1
28287,37.0,2,999,0,1.4,93.918,-42.7,4.961,5228.1,999.0,0,1.0,0.0,0.0,1,7,0.0,6,7,1,1
28288,37.0,6,999,0,1.1,93.994,-36.4,4.857,5191.0,999.0,0,1.0,0.0,1.0,2,6,0.0,4,5,1,1
28289,39.0,4,999,0,1.1,93.994,-36.4,4.857,5191.0,999.0,0,1.0,0.0,1.0,2,8,0.0,6,5,1,1
28290,31.0,1,999,0,1.4,94.465,-41.8,4.865,5228.1,999.0,0,0.0,0.0,1.0,1,8,0.0,5,6,2,1
28291,31.0,2,999,0,1.4,93.444,-36.1,4.964,5228.1,999.0,0,0.0,0.0,0.0,2,4,0.0,4,8,1,1
28292,31.0,2,999,0,1.4,93.918,-42.7,4.962,5228.1,999.0,0,1.0,0.0,0.0,2,4,0.0,4,7,2,1
28293,55.0,1,999,0,1.4,94.465,-41.8,4.962,5228.1,999.0,0,0.0,0.0,1.0,2,8,0.0,4,6,1,1
28294,49.0,1,999,0,1.4,93.444,-36.1,4.965,5228.1,999.0,0,1.0,1.0,0.0,2,5,0.0,9,8,1,1
28295,44.0,3,999,0,-0.1,93.2,-42.0,4.12,5195.8,999.0,0,0.0,0.0,0.0,2,3,0.0,4,11,1,1
28296,27.0,3,999,0,-1.8,93.075,-47.1,1.365,5099.1,999.0,0,1.0,1.0,1.0,1,6,0.0,6,4,1,1
28297,43.0,2,999,0,1.1,93.994,-36.4,4.857,5191.0,999.0,0,0.0,0.0,1.0,1,2,0.0,4,5,1,1
28298,43.0,3,999,0,1.4,93.444,-36.1,4.966,5228.1,999.0,0,1.0,0.0,0.0,2,8,0.0,6,8,1,1
28299,38.0,3,999,0,1.1,93.994,-36.4,4.857,5191.0,999.0,0,1.0,0.0,1.0,3,5,0.0,12,5,1,1
28300,54.0,2,999,0,1.4,94.465,-41.8,4.959,5228.1,999.0,0,0.0,0.0,1.0,3,8,0.0,4,6,1,1
28301,32.0,1,999,0,1.1,93.994,-36.4,4.856,5191.0,999.0,0,1.0,0.0,1.0,1,7,0.0,7,5,1,1
28302,39.0,2,999,0,1.1,93.994,-36.4,4.856,5191.0,999.0,0,1.0,1.0,1.0,1,5,0.0,9,5,1,1
28303,28.0,2,999,0,-1.8,92.893,-46.2,1.327,5099.1,999.0,0,0.0,0.0,0.0,1,5,0.0,6,5,1,1
28304,35.0,2,999,1,-1.8,92.893,-46.2,1.334,5099.1,999.0,2,1.0,0.0,0.0,3,4,0.0,4,5,1,2
28305,31.0,2,999,0,-1.8,92.893,-46.2,1.313,5099.1,999.0,0,0.0,0.0,0.0,2,4,0.0,4,5,1,1
28306,36.0,1,999,0,1.4,94.465,-41.8,4.961,5228.1,999.0,0,1.0,1.0,1.0,2,8,0.0,5,6,2,1
28307,36.0,5,999,0,1.4,93.444,-36.1,4.962,5228.1,999.0,0,1.0,0.0,0.0,2,7,0.0,6,8,1,1
28308,60.0,1,999,1,-1.8,92.893,-46.2,1.25,5099.1,999.0,4,1.0,0.0,0.0,3,8,0.0,6,5,1,2
28309,21.0,1,999,0,-2.9,92.963,-40.8,1.26,5076.2,999.0,0,1.0,1.0,0.0,1,8,0.0,9,6,1,1
28310,31.0,3,999,0,1.1,93.994,-36.4,4.86,5191.0,999.0,0,0.0,0.0,1.0,2,2,0.0,2,5,1,1
28311,22.0,3,999,0,-1.8,93.075,-47.1,1.405,5099.1,999.0,0,1.0,0.0,0.0,1,5,0.0,11,4,1,1
28312,42.0,2,999,0,1.4,93.444,-36.1,4.963,5228.1,999.0,0,1.0,1.0,0.0,2,6,0.0,5,8,2,1
28313,56.0,3,999,0,1.1,93.994,-36.4,4.857,5191.0,999.0,0,1.0,0.0,1.0,2,8,0.0,8,5,2,1
28314,42.0,1,999,0,-0.1,93.2,-42.0,4.12,5195.8,999.0,0,1.0,0.0,0.0,3,8,0.0,10,11,1,1
28315,31.0,3,999,0,-1.8,93.075,-47.1,1.466,5099.1,999.0,0,0.0,1.0,0.0,3,6,0.0,6,4,2,1
28316,36.0,2,999,0,1.1,93.994,-36.4,4.857,5191.0,999.0,0,0.0,0.0,1.0,2,3,0.0,4,5,1,1
28317,47.0,9,999,0,1.4,94.465,-41.8,4.864,5228.1,999.0,0,1.0,0.0,1.0,2,7,0.0,6,6,1,1
28318,34.0,4,999,0,-0.1,93.2,-42.0,4.076,5195.8,999.0,0,1.0,1.0,0.0,2,7,0.0,5,11,1,1
28319,31.0,1,999,0,1.4,94.465,-41.8,4.961,5228.1,999.0,0,0.0,0.0,1.0,2,4,0.0,4,6,1,1
28320,31.0,1,999,0,-1.8,92.893,-46.2,1.281,5099.1,999.0,0,0.0,0.0,0.0,3,8,0.0,4,5,1,1
28321,30.0,1,999,0,1.4,93.444,-36.1,4.968,5228.1,999.0,0,1.0,1.0,0.0,1,7,0.0,11,8,1,1
28322,28.0,3,999,0,-1.8,92.893,-46.2,1.334,5099.1,999.0,0,0.0,0.0,0.0,1,8,0.0,4,5,1,1
28323,37.0,1,999,0,1.4,93.444,-36.1,4.965,5228.1,999.0,0,1.0,1.0,0.0,3,8,0.0,5,8,1,1
28324,31.0,2,999,0,1.4,93.444,-36.1,4.962,5228.1,999.0,0,0.0,0.0,0.0,2,7,0.0,6,8,1,1
28325,31.0,1,999,0,1.4,93.918,-42.7,4.963,5228.1,999.0,0,1.0,0.0,0.0,2,5,0.0,6,7,1,1
28326,28.0,2,999,0,-2.9,92.201,-31.4,0.873,5076.2,999.0,0,0.0,1.0,0.0,1,8,0.0,10,8,1,1
28327,23.0,2,999,0,1.4,94.465,-41.8,4.962,5228.1,999.0,0,1.0,0.0,1.0,1,4,0.0,4,6,1,1
28328,31.0,5,999,0,1.1,93.994,-36.4,4.856,5191.0,999.0,0,1.0,0.0,1.0,2,5,0.0,6,5,1,1
28329,49.0,2,999,0,1.4,93.918,-42.7,4.962,5228.1,999.0,0,1.0,0.0,0.0,2,6,0.0,5,7,2,1
28330,34.0,2,999,0,-1.8,93.075,-47.1,1.445,5099.1,999.0,0,0.0,0.0,0.0,2,5,0.0,9,4,1,1
28331,30.0,5,999,0,1.4,93.918,-42.7,4.96,5228.1,999.0,0,0.0,1.0,0.0,2,8,0.0,3,7,2,1
28332,31.0,3,999,0,1.4,94.465,-41.8,4.864,5228.1,999.0,0,1.0,0.0,1.0,2,8,0.0,3,6,1,1
28333,59.0,2,999,0,1.1,93.994,-36.4,4.857,5191.0,999.0,0,0.0,0.0,1.0,3,7,0.0,5,5,1,1
28334,57.0,2,999,0,1.1,93.994,-36.4,4.856,5191.0,999.0,0,0.0,0.0,1.0,3,8,0.0,8,5,1,1
28335,49.0,3,999,0,-1.8,92.893,-46.2,1.25,5099.1,999.0,0,0.0,0.0,0.0,2,5,0.0,1,5,1,1
28336,31.0,4,999,0,-1.8,92.893,-46.2,1.354,5099.1,999.0,0,1.0,0.0,0.0,2,6,0.0,8,5,2,1
28337,38.0,5,999,0,1.4,94.465,-41.8,4.959,5228.1,999.0,0,0.0,0.0,1.0,1,7,0.0,4,6,1,1
28338,31.0,2,999,0,-0.1,93.2,-42.0,4.021,5195.8,999.0,0,0.0,0.0,0.0,3,7,0.0,6,11,1,1
28339,39.0,2,999,0,1.1,93.994,-36.4,4.855,5191.0,999.0,0,0.0,0.0,1.0,2,3,0.0,6,5,1,1
28340,50.0,3,999,0,1.1,93.994,-36.4,4.857,5191.0,999.0,0,0.0,0.0,1.0,3,6,0.0,3,5,2,1
28341,24.0,1,999,0,1.4,93.918,-42.7,4.958,5228.1,999.0,0,1.0,1.0,0.0,1,8,0.0,6,7,1,1
28342,31.0,1,999,0,-0.1,93.2,-42.0,4.7,5195.8,999.0,0,0.0,0.0,1.0,2,7,0.0,7,11,1,1
28343,53.0,1,999,0,-1.7,94.215,-40.3,0.84,4991.6,999.0,0,1.0,0.0,0.0,1,4,0.0,4,7,1,1
28344,40.0,1,999,0,-1.7,94.027,-38.3,0.898,4991.6,999.0,0,0.0,0.0,0.0,3,7,0.0,3,8,1,1
28345,47.0,2,999,0,1.4,93.444,-36.1,4.966,5228.1,999.0,0,1.0,0.0,0.0,2,4,0.0,1,8,1,1
28346,35.0,8,999,0,1.4,94.465,-41.8,4.958,5228.1,999.0,0,0.0,0.0,1.0,3,8,0.0,6,6,1,1
28347,36.0,24,999,0,1.4,93.918,-42.7,4.968,5228.1,999.0,0,1.0,0.0,0.0,1,8,0.0,4,7,1,1
28348,42.0,3,999,0,-1.8,92.893,-46.2,1.334,5099.1,999.0,0,1.0,0.0,0.0,2,3,0.0,4,5,1,1
28349,31.0,1,999,0,1.1,93.994,-36.4,4.857,5191.0,999.0,0,1.0,0.0,1.0,3,5,0.0,2,5,2,1
28350,31.0,2,999,0,1.1,93.994,-36.4,4.858,5191.0,999.0,0,1.0,0.0,1.0,2,3,0.0,4,5,2,1
28351,37.0,1,999,0,-1.8,92.893,-46.2,1.334,5099.1,999.0,0,1.0,1.0,0.0,1,6,0.0,4,5,1,1
28352,31.0,12,999,0,-2.9,92.201,-31.4,0.821,5076.2,999.0,0,1.0,1.0,0.0,1,8,0.0,6,8,2,1
28353,31.0,2,999,1,-1.8,93.075,-47.1,1.405,5099.1,999.0,3,1.0,0.0,0.0,2,4,0.0,5,4,2,2
28354,52.0,6,999,0,1.4,93.918,-42.7,4.958,5228.1,999.0,0,0.0,0.0,0.0,3,2,0.0,4,7,1,1
28355,31.0,3,999,0,-1.7,94.027,-38.3,0.905,4991.6,999.0,0,1.0,1.0,1.0,2,2,0.0,8,8,1,1
28356,31.0,1,999,0,-3.4,92.431,-26.9,0.722,5017.5,999.0,0,0.0,0.0,0.0,2,8,0.0,6,10,1,1
28357,45.0,1,999,0,1.1,93.994,-36.4,4.857,5191.0,999.0,0,0.0,0.0,1.0,2,3,0.0,4,5,1,1
28358,45.0,6,999,0,1.1,93.994,-36.4,4.857,5191.0,999.0,0,0.0,0.0,1.0,2,3,0.0,4,5,1,1
28359,31.0,5,999,0,1.4,93.918,-42.7,4.962,5228.1,999.0,0,0.0,0.0,0.0,1,6,0.0,5,7,1,1
28360,41.0,1,999,0,-1.8,92.893,-46.2,1.291,5099.1,999.0,0,0.0,0.0,0.0,2,2,0.0,2,5,1,1
28361,30.0,2,999,0,1.4,93.918,-42.7,4.96,5228.1,999.0,0,0.0,0.0,0.0,1,8,0.0,4,7,2,1
28362,31.0,3,999,0,-1.7,94.055,-39.8,0.742,4991.6,999.0,0,1.0,0.0,0.0,1,5,0.0,10,6,1,1
28363,37.0,1,999,0,1.4,94.465,-41.8,4.866,5228.1,999.0,0,0.0,0.0,1.0,2,7,0.0,5,6,1,1
28364,31.0,1,999,0,-1.8,93.075,-47.1,1.405,5099.1,999.0,0,0.0,0.0,0.0,2,5,0.0,4,4,2,1
28365,31.0,3,999,0,1.4,93.918,-42.7,4.962,5228.1,999.0,0,1.0,0.0,1.0,2,3,0.0,8,7,1,1
28366,48.0,1,999,0,1.4,93.918,-42.7,4.961,5228.1,999.0,0,1.0,0.0,0.0,1,8,0.0,5,7,1,1
28367,58.0,1,999,0,-0.1,93.2,-42.0,4.191,5195.8,999.0,0,1.0,0.0,0.0,2,5,0.0,8,11,2,1
28368,25.0,2,999,0,1.4,94.465,-41.8,4.865,5228.1,999.0,0,1.0,0.0,1.0,3,8,0.0,5,6,2,1
28369,28.0,3,999,0,1.1,93.994,-36.4,4.859,5191.0,999.0,0,1.0,1.0,1.0,2,8,0.0,9,5,1,1
28370,27.0,2,999,0,1.4,93.918,-42.7,4.962,5228.1,999.0,0,0.0,0.0,0.0,1,8,0.0,5,7,2,1
28371,29.0,7,999,0,-1.8,92.893,-46.2,1.244,5099.1,999.0,0,0.0,0.0,0.0,1,7,0.0,5,5,2,1
28372,27.0,3,3,1,-1.1,94.199,-37.5,0.879,4963.6,0.1,2,0.0,0.0,0.0,1,8,0.0,6,9,1,3
28373,52.0,2,999,0,1.1,93.994,-36.4,4.857,5191.0,999.0,0,0.0,0.0,1.0,3,7,0.0,6,5,1,1
28374,27.0,3,999,0,1.4,93.918,-42.7,4.966,5228.1,999.0,0,0.0,0.0,1.0,2,8,0.0,9,7,1,1
28375,31.0,2,999,0,1.4,93.444,-36.1,4.967,5228.1,999.0,0,1.0,0.0,0.0,1,8,0.0,6,8,1,1
28376,45.0,1,999,0,-0.1,93.2,-42.0,4.191,5195.8,999.0,0,0.0,0.0,0.0,3,8,0.0,1,11,2,1
28377,37.0,1,999,1,-1.8,92.893,-46.2,1.291,5099.1,999.0,1,1.0,1.0,0.0,2,7,0.0,6,5,1,2
28378,35.0,1,999,0,1.1,93.994,-36.4,4.86,5191.0,999.0,0,0.0,0.0,1.0,2,7,0.0,5,5,1,1
28379,31.0,2,999,0,1.1,93.994,-36.4,4.857,5191.0,999.0,0,1.0,0.0,1.0,2,5,0.0,6,5,1,1
28380,36.0,2,999,0,-0.1,93.2,-42.0,4.191,5195.8,999.0,0,1.0,0.0,0.0,2,5,0.0,9,11,2,1
28381,30.0,1,999,0,1.4,93.918,-42.7,4.961,5228.1,999.0,0,1.0,1.0,0.0,1,5,0.0,6,7,1,1
28382,52.0,3,999,0,1.4,93.444,-36.1,4.963,5228.1,999.0,0,1.0,0.0,0.0,2,8,0.0,6,8,1,1
28383,51.0,1,999,0,-0.1,93.2,-42.0,4.021,5195.8,999.0,0,1.0,0.0,0.0,2,4,0.0,4,11,1,1
28384,32.0,2,999,0,1.1,93.994,-36.4,4.855,5191.0,999.0,0,0.0,0.0,1.0,1,8,0.0,6,5,1,1
28385,33.0,1,999,0,1.1,93.994,-36.4,4.857,5191.0,999.0,0,1.0,1.0,1.0,2,4,0.0,10,5,1,1
28386,32.0,1,999,1,-1.8,93.075,-47.1,1.405,5099.1,999.0,0,1.0,1.0,0.0,2,5,0.0,6,4,1,2
28387,29.0,1,999,0,-1.8,93.075,-47.1,1.405,5099.1,999.0,0,1.0,1.0,1.0,1,4,0.0,5,4,1,1
28388,35.0,1,999,0,-2.9,92.201,-31.4,0.869,5076.2,999.0,0,0.0,0.0,0.0,2,7,0.0,6,8,1,1
28389,50.0,3,999,0,1.4,94.465,-41.8,4.96,5228.1,999.0,0,0.0,0.0,1.0,1,5,0.0,9,6,2,1
28390,24.0,1,999,0,-1.8,93.075,-47.1,1.445,5099.1,999.0,0,1.0,0.0,0.0,1,5,0.0,11,4,1,1
28391,31.0,1,999,0,1.1,93.994,-36.4,4.864,5191.0,999.0,0,0.0,0.0,1.0,2,5,0.0,9,5,1,1
28392,32.0,1,999,0,1.1,93.994,-36.4,4.858,5191.0,999.0,0,1.0,0.0,1.0,2,8,0.0,4,5,1,1
28393,30.0,2,11,2,-1.8,93.369,-34.8,0.639,5008.7,0.366666666667,0,0.0,0.0,0.0,4,8,0.0,5,3,2,3
28394,35.0,4,999,0,1.4,93.918,-42.7,4.961,5228.1,999.0,0,0.0,0.0,0.0,3,6,0.0,5,7,1,1
28395,40.0,1,999,1,-1.8,93.075,-47.1,1.445,5099.1,999.0,1,1.0,1.0,1.0,2,4,0.0,2,4,1,2
28396,33.0,2,999,0,1.4,93.918,-42.7,4.963,5228.1,999.0,0,0.0,0.0,1.0,1,8,0.0,6,7,1,1
28397,31.0,1,999,0,1.4,94.465,-41.8,4.866,5228.1,999.0,0,0.0,0.0,1.0,2,4,0.0,4,6,1,1
28398,37.0,2,999,0,1.4,93.918,-42.7,4.96,5228.1,999.0,0,0.0,0.0,0.0,1,8,0.0,4,7,2,1
28399,52.0,1,999,0,1.4,93.444,-36.1,4.968,5228.1,999.0,0,1.0,0.0,0.0,3,5,0.0,5,8,1,1
28400,32.0,1,999,0,1.1,93.994,-36.4,4.857,5191.0,999.0,0,0.0,0.0,1.0,2,8,0.0,2,5,1,1
28401,32.0,5,999,0,1.1,93.994,-36.4,4.857,5191.0,999.0,0,0.0,0.0,1.0,2,4,0.0,4,5,2,1
28402,29.0,2,999,0,1.4,93.918,-42.7,4.962,5228.1,999.0,0,1.0,0.0,0.0,1,5,0.0,6,7,1,1
28403,25.0,3,999,0,-1.8,92.893,-46.2,1.25,5099.1,999.0,0,0.0,0.0,0.0,1,5,0.0,4,5,1,1
28404,40.0,2,999,0,1.4,94.465,-41.8,4.866,5228.1,999.0,0,1.0,0.0,1.0,2,4,0.0,5,6,1,1
28405,23.0,5,999,1,-1.7,94.215,-40.3,0.846,4991.6,999.0,3,1.0,0.0,0.0,1,8,0.0,4,7,1,2
28406,52.0,2,999,0,1.4,94.465,-41.8,4.866,5228.1,999.0,0,0.0,0.0,1.0,2,5,0.0,8,6,1,1
28407,35.0,4,999,0,1.4,93.918,-42.7,4.961,5228.1,999.0,0,1.0,0.0,0.0,2,7,0.0,6,7,1,1
28408,28.0,1,999,0,1.1,93.994,-36.4,4.858,5191.0,999.0,0,1.0,0.0,1.0,3,5,0.0,4,5,2,1
28409,34.0,1,999,0,-1.8,92.893,-46.2,1.244,5099.1,999.0,0,0.0,0.0,0.0,2,5,0.0,6,5,2,1
28410,31.0,1,999,0,-0.1,93.2,-42.0,4.12,5195.8,999.0,0,1.0,0.0,0.0,2,6,0.0,6,11,1,1
28411,25.0,1,999,0,-1.1,94.601,-49.5,1.016,4963.6,999.0,0,1.0,0.0,1.0,2,5,0.0,11,10,1,1
28412,34.0,3,999,0,-2.9,92.469,-33.6,1.072,5076.2,999.0,0,1.0,0.0,1.0,2,8,0.0,6,7,1,1
28413,54.0,1,999,0,-1.8,92.843,-50.0,1.56,5099.1,999.0,0,1.0,0.0,0.0,2,7,0.0,6,3,1,1
28414,31.0,7,999,0,-1.8,93.075,-47.1,1.445,5099.1,999.0,0,1.0,0.0,0.0,1,4,0.0,5,4,1,1
28415,31.0,1,999,0,1.4,93.444,-36.1,4.965,5228.1,999.0,0,0.0,0.0,0.0,1,6,0.0,5,8,2,1
28416,31.0,1,999,0,-1.8,92.893,-46.2,1.334,5099.1,999.0,0,0.0,0.0,0.0,2,8,0.0,4,5,1,1
28417,38.0,3,999,0,1.4,94.465,-41.8,4.96,5228.1,999.0,0,0.0,0.0,1.0,2,6,0.0,4,6,2,1
28418,41.0,1,999,1,-1.8,93.075,-47.1,1.405,5099.1,999.0,1,0.0,0.0,0.0,2,3,0.0,4,4,1,2
28419,29.0,2,999,0,1.4,94.465,-41.8,4.865,5228.1,999.0,0,1.0,0.0,1.0,2,2,0.0,4,6,2,1
28420,31.0,4,999,0,1.4,93.444,-36.1,4.964,5228.1,999.0,0,0.0,0.0,0.0,2,7,0.0,6,8,1,1
28421,42.0,1,4,1,-0.1,93.2,-42.0,4.191,5195.8,0.133333333333,0,1.0,0.0,0.0,2,6,0.0,5,11,2,3
28422,30.0,1,999,1,-1.8,92.893,-46.2,1.334,5099.1,999.0,3,0.0,0.0,0.0,3,5,0.0,4,5,1,2
28423,46.0,7,999,0,-1.8,92.893,-46.2,1.25,5099.1,999.0,0,0.0,0.0,0.0,3,2,0.0,9,5,1,1
28424,39.0,7,999,0,-1.8,92.893,-46.2,1.291,5099.1,999.0,0,0.0,0.0,0.0,2,7,0.0,6,5,1,1
28425,56.0,3,999,0,1.1,93.994,-36.4,4.86,5191.0,999.0,0,1.0,0.0,1.0,2,2,0.0,4,5,1,1
28426,31.0,2,999,0,1.1,93.994,-36.4,4.858,5191.0,999.0,0,1.0,0.0,1.0,2,8,0.0,5,5,1,1
28427,31.0,1,999,0,-1.8,92.893,-46.2,1.291,5099.1,999.0,0,0.0,0.0,0.0,2,4,0.0,4,5,1,1
28428,28.0,3,999,0,1.4,93.918,-42.7,4.957,5228.1,999.0,0,0.0,0.0,0.0,1,7,0.0,3,7,1,1
28429,50.0,3,999,0,-3.0,92.713,-33.0,0.717,5023.5,999.0,0,0.0,0.0,0.0,2,5,0.0,5,12,2,1
28430,44.0,2,999,0,1.4,93.444,-36.1,4.97,5228.1,999.0,0,1.0,0.0,0.0,2,4,0.0,4,8,2,1
28431,31.0,3,999,1,-0.1,93.2,-42.0,4.153,5195.8,999.0,1,0.0,0.0,0.0,2,6,0.0,5,11,1,2
28432,31.0,1,999,0,1.4,93.918,-42.7,4.955,5228.1,999.0,0,1.0,0.0,1.0,1,6,0.0,5,7,1,1
28433,44.0,1,999,1,-1.8,92.893,-46.2,1.266,5099.1,999.0,3,1.0,1.0,0.0,2,4,0.0,6,5,1,2
28434,45.0,2,999,0,-1.8,92.893,-46.2,1.327,5099.1,999.0,0,1.0,1.0,0.0,3,7,0.0,5,5,1,1
28435,34.0,1,999,0,1.4,93.444,-36.1,4.965,5228.1,999.0,0,1.0,0.0,0.0,1,8,0.0,6,8,2,1
28436,56.0,3,999,0,1.4,93.918,-42.7,4.962,5228.1,999.0,0,1.0,1.0,0.0,2,8,0.0,5,7,1,1
28437,47.0,3,999,0,-1.8,93.075,-47.1,1.41,5099.1,999.0,0,1.0,0.0,0.0,2,4,0.0,9,4,1,1
28438,52.0,3,999,1,-2.9,92.963,-40.8,1.262,5076.2,999.0,2,1.0,0.0,0.0,3,2,0.0,9,6,1,2
28439,30.0,2,999,0,-1.8,92.893,-46.2,1.244,5099.1,999.0,0,1.0,0.0,0.0,2,7,0.0,9,5,2,1
28440,50.0,1,999,0,-0.1,93.2,-42.0,4.076,5195.8,999.0,0,1.0,0.0,0.0,3,8,0.0,8,11,1,1
28441,54.0,1,999,0,-1.8,93.075,-47.1,1.365,5099.1,999.0,0,1.0,0.0,0.0,2,8,0.0,2,4,1,1
28442,49.0,2,999,0,1.1,93.994,-36.4,4.857,5191.0,999.0,0,0.0,0.0,1.0,1,5,0.0,6,5,2,1
28443,31.0,2,999,0,1.4,93.444,-36.1,4.963,5228.1,999.0,0,1.0,1.0,0.0,2,7,0.0,7,8,1,1
28444,35.0,1,999,0,1.1,93.994,-36.4,4.859,5191.0,999.0,0,1.0,0.0,1.0,2,6,0.0,5,5,1,1
28445,36.0,1,999,0,1.4,93.918,-42.7,4.963,5228.1,999.0,0,0.0,0.0,0.0,2,5,0.0,4,7,1,1
28446,51.0,1,999,0,1.4,93.918,-42.7,4.963,5228.1,999.0,0,1.0,1.0,0.0,3,8,0.0,2,7,1,1
28447,26.0,7,999,0,1.1,93.994,-36.4,4.856,5191.0,999.0,0,0.0,0.0,1.0,1,5,0.0,6,5,1,1
28448,31.0,1,999,0,1.1,93.994,-36.4,4.857,5191.0,999.0,0,1.0,0.0,1.0,1,8,0.0,6,5,2,1
28449,50.0,1,999,0,1.4,94.465,-41.8,4.866,5228.1,999.0,0,0.0,0.0,1.0,2,6,0.0,5,6,1,1
28450,50.0,4,999,0,1.1,93.994,-36.4,4.858,5191.0,999.0,0,1.0,1.0,1.0,2,8,0.0,3,5,2,1
28451,35.0,4,999,0,1.4,93.918,-42.7,4.961,5228.1,999.0,0,1.0,0.0,0.0,2,5,0.0,9,7,1,1
28452,58.0,2,999,0,-0.1,93.2,-42.0,4.076,5195.8,999.0,0,0.0,0.0,0.0,3,7,0.0,6,11,1,1
28453,31.0,1,999,0,-2.9,92.201,-31.4,0.861,5076.2,999.0,0,0.0,0.0,1.0,2,5,0.0,8,8,2,1
28454,58.0,1,999,0,1.4,94.465,-41.8,4.961,5228.1,999.0,0,0.0,0.0,1.0,3,6,0.0,1,6,1,1
28455,31.0,10,999,0,1.4,93.444,-36.1,4.964,5228.1,999.0,0,0.0,0.0,0.0,1,6,0.0,5,8,1,1
28456,54.0,1,999,0,-0.1,93.2,-42.0,4.021,5195.8,999.0,0,0.0,0.0,0.0,3,7,0.0,8,11,1,1
28457,53.0,2,999,0,1.1,93.994,-36.4,4.857,5191.0,999.0,0,1.0,0.0,1.0,2,7,0.0,6,5,2,1
28458,45.0,2,999,0,1.4,93.918,-42.7,4.961,5228.1,999.0,0,0.0,0.0,0.0,2,8,0.0,6,7,1,1
28459,70.0,2,999,1,-3.4,92.431,-26.9,0.743,5017.5,999.0,3,1.0,0.0,0.0,2,7,0.0,8,10,2,2
28460,41.0,2,999,0,1.1,93.994,-36.4,4.857,5191.0,999.0,0,1.0,0.0,1.0,3,3,0.0,4,5,1,1
28461,31.0,4,999,0,-1.8,93.369,-34.8,0.651,5008.7,999.0,0,0.0,0.0,0.0,2,7,0.0,5,3,1,1
28462,40.0,3,999,0,1.1,93.994,-36.4,4.857,5191.0,999.0,0,0.0,0.0,1.0,2,3,0.0,9,5,2,1
28463,47.0,1,999,0,1.1,93.994,-36.4,4.857,5191.0,999.0,0,0.0,0.0,1.0,2,2,0.0,3,5,1,1
28464,40.0,1,999,0,1.1,93.994,-36.4,4.86,5191.0,999.0,0,1.0,0.0,1.0,2,4,0.0,5,5,1,1
28465,28.0,2,999,0,1.4,93.918,-42.7,4.968,5228.1,999.0,0,1.0,0.0,0.0,1,7,0.0,5,7,1,1
28466,31.0,1,999,0,1.1,93.994,-36.4,4.856,5191.0,999.0,0,0.0,0.0,1.0,3,8,0.0,6,5,1,1
28467,30.0,2,999,0,1.4,93.918,-42.7,4.963,5228.1,999.0,0,0.0,0.0,0.0,2,7,0.0,3,7,1,1
28468,37.0,1,999,0,-1.8,93.075,-47.1,1.405,5099.1,999.0,0,0.0,0.0,0.0,1,7,0.0,5,4,1,1
28469,43.0,1,999,1,-1.8,93.075,-47.1,1.41,5099.1,999.0,3,0.0,0.0,0.0,2,5,0.0,9,4,1,2
28470,33.0,3,999,0,-1.7,94.027,-38.3,0.898,4991.6,999.0,0,0.0,1.0,0.0,1,7,0.0,6,8,2,1
28471,23.0,3,999,0,-2.9,92.469,-33.6,1.048,5076.2,999.0,0,0.0,0.0,0.0,1,8,0.0,11,7,2,1
28472,36.0,1,999,0,1.1,93.994,-36.4,4.858,5191.0,999.0,0,1.0,0.0,1.0,1,2,0.0,10,5,1,1
28473,48.0,1,999,0,-0.1,93.2,-42.0,4.191,5195.8,999.0,0,1.0,0.0,0.0,3,5,0.0,9,11,2,1
28474,27.0,1,999,0,1.4,93.918,-42.7,4.958,5228.1,999.0,0,0.0,0.0,0.0,1,8,0.0,4,7,1,1
28475,31.0,3,999,0,-1.8,92.893,-46.2,1.327,5099.1,999.0,0,1.0,0.0,0.0,1,8,0.0,9,5,1,1
28476,31.0,1,999,0,-1.8,92.893,-46.2,1.266,5099.1,999.0,0,0.0,0.0,0.0,2,2,0.0,4,5,1,1
28477,31.0,3,999,0,1.4,93.444,-36.1,4.963,5228.1,999.0,0,0.0,0.0,0.0,1,8,0.0,5,8,2,1
28478,25.0,3,999,0,-1.8,92.893,-46.2,1.266,5099.1,999.0,0,1.0,0.0,0.0,1,5,0.0,6,5,1,1
28479,46.0,2,999,0,1.1,93.994,-36.4,4.86,5191.0,999.0,0,0.0,0.0,1.0,2,8,0.0,4,5,1,1
28480,31.0,1,999,0,1.1,93.994,-36.4,4.856,5191.0,999.0,0,1.0,1.0,1.0,2,7,0.0,6,5,1,1
28481,43.0,3,999,0,1.4,93.918,-42.7,4.959,5228.1,999.0,0,1.0,0.0,1.0,2,7,0.0,5,7,1,1
28482,48.0,1,999,0,1.1,93.994,-36.4,4.859,5191.0,999.0,0,0.0,0.0,1.0,2,4,0.0,8,5,1,1
28483,40.0,3,999,0,1.1,93.994,-36.4,4.857,5191.0,999.0,0,0.0,0.0,1.0,2,7,0.0,1,5,2,1
28484,31.0,1,999,0,1.1,93.994,-36.4,4.857,5191.0,999.0,0,1.0,0.0,1.0,2,2,0.0,4,5,1,1
28485,60.0,1,999,0,1.1,93.994,-36.4,4.86,5191.0,999.0,0,1.0,0.0,1.0,1,8,0.0,6,5,1,1
28486,31.0,2,999,0,1.4,94.465,-41.8,4.961,5228.1,999.0,0,1.0,1.0,1.0,3,2,0.0,8,6,1,1
28487,57.0,1,999,0,1.4,93.918,-42.7,4.962,5228.1,999.0,0,0.0,1.0,0.0,2,2,0.0,4,7,1,1
28488,55.0,1,999,0,-0.1,93.2,-42.0,4.021,5195.8,999.0,0,0.0,0.0,0.0,2,8,0.0,6,11,1,1
28489,39.0,5,999,0,1.4,94.465,-41.8,4.865,5228.1,999.0,0,1.0,0.0,1.0,2,5,0.0,6,6,2,1
28490,35.0,1,999,0,-1.8,92.893,-46.2,1.344,5099.1,999.0,0,1.0,0.0,0.0,2,5,0.0,9,5,1,1
28491,25.0,10,999,0,1.1,93.994,-36.4,4.858,5191.0,999.0,0,0.0,0.0,1.0,1,5,0.0,9,5,2,1
28492,39.0,7,999,0,-0.1,93.2,-42.0,4.076,5195.8,999.0,0,0.0,0.0,0.0,2,6,0.0,9,11,1,1
28493,33.0,1,999,2,-1.8,93.075,-47.1,1.405,5099.1,999.0,6,1.0,0.0,0.0,1,5,0.0,6,4,1,2
28494,27.0,3,999,0,1.4,93.918,-42.7,4.96,5228.1,999.0,0,0.0,0.0,0.0,1,8,0.0,5,7,2,1
28495,64.0,3,999,1,-2.9,92.201,-31.4,0.849,5076.2,999.0,0,1.0,0.0,0.0,2,8,0.0,8,8,1,2
28496,34.0,1,999,0,-1.8,92.893,-46.2,1.281,5099.1,999.0,0,0.0,0.0,0.0,2,8,0.0,6,5,1,1
28497,55.0,1,999,0,1.4,93.444,-36.1,4.968,5228.1,999.0,0,1.0,1.0,0.0,2,8,0.0,6,8,1,1
28498,30.0,1,999,0,-0.1,93.2,-42.0,4.076,5195.8,999.0,0,1.0,1.0,0.0,2,4,0.0,6,11,1,1
28499,57.0,2,999,0,-1.8,93.075,-47.1,1.405,5099.1,999.0,0,0.0,0.0,0.0,2,7,0.0,5,4,2,1
28500,59.0,1,999,0,-1.8,93.369,-34.8,0.635,5008.7,999.0,0,1.0,0.0,0.0,3,7,0.0,6,3,1,1
28501,31.0,10,999,0,1.1,93.994,-36.4,4.858,5191.0,999.0,0,1.0,0.0,1.0,2,2,0.0,10,5,1,1
28502,31.0,1,999,0,1.4,93.918,-42.7,4.961,5228.1,999.0,0,0.0,0.0,0.0,2,7,0.0,6,7,1,1
28503,40.0,1,999,0,1.1,93.994,-36.4,4.857,5191.0,999.0,0,1.0,0.0,1.0,1,5,0.0,9,5,1,1
28504,33.0,5,999,0,1.1,93.994,-36.4,4.864,5191.0,999.0,0,0.0,0.0,1.0,2,3,0.0,1,5,1,1
28505,35.0,1,999,0,1.4,93.444,-36.1,4.964,5228.1,999.0,0,1.0,1.0,0.0,1,8,0.0,5,8,1,1
28506,31.0,1,999,0,1.1,93.994,-36.4,4.857,5191.0,999.0,0,1.0,1.0,1.0,2,6,0.0,6,5,1,1
28507,31.0,3,999,1,-3.0,92.713,-33.0,0.715,5023.5,999.0,3,1.0,0.0,1.0,2,8,0.0,3,12,1,2
28508,31.0,2,13,1,-1.7,94.215,-40.3,0.87,4991.6,0.433333333333,2,1.0,0.0,0.0,2,6,0.0,5,7,2,3
28509,39.0,1,999,0,-0.1,93.798,-40.4,4.921,5195.8,999.0,0,0.0,0.0,1.0,2,6,0.0,5,10,1,1
28510,42.0,3,999,0,-1.8,92.893,-46.2,1.25,5099.1,999.0,0,0.0,0.0,0.0,2,8,0.0,1,5,1,1
28511,31.0,1,999,0,-1.8,92.893,-46.2,1.244,5099.1,999.0,0,1.0,0.0,0.0,1,7,0.0,11,5,1,1
28512,46.0,1,999,0,-0.1,93.2,-42.0,4.286,5195.8,999.0,0,1.0,0.0,1.0,2,6,0.0,4,11,1,1
28513,38.0,2,999,0,-0.1,93.2,-42.0,4.153,5195.8,999.0,0,1.0,0.0,1.0,2,6,0.0,4,11,1,1
28514,27.0,1,999,1,-1.8,92.893,-46.2,1.299,5099.1,999.0,3,1.0,1.0,0.0,2,8,0.0,9,5,2,2
28515,46.0,2,999,0,1.1,93.994,-36.4,4.857,5191.0,999.0,0,0.0,0.0,1.0,2,7,0.0,3,5,1,1
28516,26.0,1,9,2,-3.4,92.649,-30.1,0.719,5017.5,0.3,6,0.0,1.0,0.0,1,8,0.0,5,11,1,2
28517,30.0,1,999,0,1.4,93.444,-36.1,4.964,5228.1,999.0,0,0.0,0.0,0.0,1,7,0.0,6,8,1,1
28518,30.0,5,999,0,1.4,93.444,-36.1,4.962,5228.1,999.0,0,1.0,1.0,0.0,2,8,0.0,5,8,1,1
28519,31.0,4,6,1,-1.1,94.601,-49.5,1.029,4963.6,0.2,6,0.0,0.0,0.0,1,6,0.0,10,10,1,3
28520,40.0,3,999,0,1.1,93.994,-36.4,4.858,5191.0,999.0,0,1.0,0.0,1.0,1,5,0.0,6,5,1,1
28521,31.0,2,999,0,1.1,93.994,-36.4,4.856,5191.0,999.0,0,1.0,0.0,1.0,2,2,0.0,4,5,1,1
28522,24.0,6,999,0,-1.8,92.893,-46.2,1.27,5099.1,999.0,0,0.0,0.0,0.0,1,8,0.0,3,5,1,1
28523,31.0,2,999,0,-1.8,93.075,-47.1,1.405,5099.1,999.0,0,0.0,0.0,0.0,2,8,0.0,8,4,1,1
28524,40.0,2,999,0,1.1,93.994,-36.4,4.857,5191.0,999.0,0,0.0,0.0,1.0,2,8,0.0,7,5,1,1
28525,39.0,3,999,0,1.1,93.994,-36.4,4.857,5191.0,999.0,0,1.0,0.0,1.0,2,8,0.0,2,5,2,1
28526,30.0,1,999,0,1.1,93.994,-36.4,4.855,5191.0,999.0,0,1.0,0.0,1.0,2,8,0.0,4,5,1,1
28527,27.0,1,999,0,1.4,94.465,-41.8,4.961,5228.1,999.0,0,0.0,0.0,1.0,1,6,0.0,5,6,1,1
28528,33.0,2,999,0,1.1,93.994,-36.4,4.864,5191.0,999.0,0,0.0,0.0,1.0,2,8,0.0,5,5,1,1
28529,31.0,1,999,0,1.4,94.465,-41.8,4.961,5228.1,999.0,0,1.0,0.0,1.0,1,7,0.0,9,6,1,1
28530,34.0,1,999,0,1.1,93.994,-36.4,4.857,5191.0,999.0,0,0.0,0.0,1.0,1,8,0.0,4,5,1,1
28531,34.0,1,999,1,-1.8,93.075,-47.1,1.405,5099.1,999.0,1,0.0,0.0,0.0,2,7,0.0,5,4,1,2
28532,28.0,2,999,0,1.4,93.918,-42.7,4.963,5228.1,999.0,0,0.0,0.0,0.0,2,7,0.0,6,7,1,1
28533,31.0,4,999,0,1.1,93.994,-36.4,4.859,5191.0,999.0,0,0.0,0.0,1.0,3,4,0.0,5,5,1,1
28534,32.0,1,10,1,-2.9,92.963,-40.8,1.26,5076.2,0.333333333333,2,1.0,0.0,0.0,2,5,0.0,6,6,1,3
28535,57.0,2,999,0,1.4,93.918,-42.7,4.957,5228.1,999.0,0,0.0,0.0,0.0,2,4,0.0,6,7,1,1
28536,31.0,1,999,0,1.4,94.465,-41.8,4.961,5228.1,999.0,0,1.0,0.0,1.0,2,3,0.0,9,6,2,1
28537,31.0,1,999,0,-1.8,92.893,-46.2,1.291,5099.1,999.0,0,0.0,0.0,0.0,3,5,0.0,6,5,1,1
28538,31.0,2,999,0,1.4,94.465,-41.8,4.866,5228.1,999.0,0,1.0,0.0,1.0,3,7,0.0,6,6,1,1
28539,45.0,1,999,0,1.1,93.994,-36.4,4.855,5191.0,999.0,0,0.0,0.0,1.0,2,7,0.0,6,5,1,1
28540,44.0,2,999,0,1.4,93.444,-36.1,4.965,5228.1,999.0,0,0.0,0.0,0.0,2,3,0.0,4,8,2,1
28541,31.0,1,999,0,1.4,94.465,-41.8,4.866,5228.1,999.0,0,0.0,0.0,1.0,2,8,0.0,5,6,1,1
28542,34.0,2,999,0,-1.8,92.893,-46.2,1.334,5099.1,999.0,0,0.0,0.0,0.0,2,8,0.0,6,5,1,1
28543,34.0,25,999,0,1.4,93.918,-42.7,4.968,5228.1,999.0,0,1.0,0.0,1.0,2,8,0.0,4,7,1,1
28544,31.0,11,999,0,1.4,93.444,-36.1,4.963,5228.1,999.0,0,0.0,0.0,0.0,2,7,0.0,3,8,2,1
28545,42.0,2,999,0,1.1,93.994,-36.4,4.857,5191.0,999.0,0,1.0,0.0,1.0,3,7,0.0,3,5,2,1
28546,35.0,1,999,0,-1.8,92.893,-46.2,1.327,5099.1,999.0,0,0.0,0.0,0.0,2,6,0.0,9,5,1,1
28547,29.0,7,999,0,-1.8,92.893,-46.2,1.266,5099.1,999.0,0,0.0,0.0,0.0,1,8,0.0,6,5,1,1
28548,57.0,1,999,0,1.1,93.994,-36.4,4.857,5191.0,999.0,0,0.0,0.0,1.0,2,8,0.0,4,5,1,1
28549,31.0,1,999,0,-1.8,93.075,-47.1,1.365,5099.1,999.0,0,0.0,0.0,0.0,2,8,0.0,12,4,1,1
28550,31.0,1,999,0,-1.8,92.893,-46.2,1.344,5099.1,999.0,0,0.0,0.0,0.0,2,5,0.0,4,5,1,1
28551,35.0,2,999,0,1.4,94.465,-41.8,4.961,5228.1,999.0,0,1.0,0.0,1.0,2,4,0.0,4,6,1,1
28552,31.0,11,999,0,1.4,93.918,-42.7,4.961,5228.1,999.0,0,0.0,0.0,1.0,1,5,0.0,4,7,1,1
28553,49.0,1,999,0,-1.8,92.893,-46.2,1.291,5099.1,999.0,0,1.0,0.0,0.0,2,8,0.0,8,5,1,1
28554,31.0,7,999,0,1.4,94.465,-41.8,4.864,5228.1,999.0,0,0.0,0.0,1.0,2,3,0.0,12,6,1,1
28555,43.0,1,999,0,-1.8,93.075,-47.1,1.453,5099.1,999.0,0,0.0,0.0,0.0,1,5,0.0,6,4,1,1
28556,46.0,3,999,0,-1.8,93.075,-47.1,1.405,5099.1,999.0,0,1.0,0.0,0.0,2,8,0.0,7,4,2,1
28557,48.0,4,999,0,1.4,93.444,-36.1,4.963,5228.1,999.0,0,1.0,0.0,0.0,2,5,0.0,5,8,2,1
28558,67.0,1,999,0,-3.4,92.649,-30.1,0.714,5017.5,999.0,0,0.0,0.0,1.0,2,2,0.0,8,11,2,1
28559,33.0,4,3,4,-1.8,93.876,-40.0,0.684,5008.7,0.1,20,1.0,0.0,0.0,2,8,0.0,5,5,1,3
28560,46.0,9,999,0,1.1,93.994,-36.4,4.857,5191.0,999.0,0,0.0,0.0,1.0,3,3,0.0,4,5,1,1
28561,34.0,1,999,0,-1.8,92.893,-46.2,1.281,5099.1,999.0,0,0.0,0.0,0.0,1,5,0.0,2,5,1,1
28562,51.0,2,999,0,1.1,93.994,-36.4,4.857,5191.0,999.0,0,1.0,0.0,1.0,2,7,0.0,5,5,1,1
28563,31.0,3,999,0,1.1,93.994,-36.4,4.86,5191.0,999.0,0,1.0,0.0,1.0,2,2,0.0,4,5,1,1
28564,34.0,2,999,0,-1.1,94.199,-37.5,0.886,4963.6,999.0,0,1.0,0.0,0.0,2,7,0.0,6,9,1,1
28565,60.0,1,999,0,1.4,93.918,-42.7,4.962,5228.1,999.0,0,0.0,0.0,0.0,2,5,0.0,6,7,1,1
28566,41.0,2,999,0,-0.1,93.2,-42.0,4.021,5195.8,999.0,0,1.0,1.0,0.0,1,7,0.0,6,11,1,1
28567,57.0,1,999,0,1.4,93.444,-36.1,4.964,5228.1,999.0,0,1.0,0.0,0.0,2,8,0.0,2,8,1,1
28568,31.0,2,999,0,1.1,93.994,-36.4,4.864,5191.0,999.0,0,1.0,0.0,1.0,2,2,0.0,4,5,1,1
28569,33.0,4,999,0,-1.8,92.893,-46.2,1.25,5099.1,999.0,0,1.0,0.0,0.0,2,4,0.0,4,5,1,1
28570,31.0,1,999,0,-1.8,93.075,-47.1,1.405,5099.1,999.0,0,0.0,0.0,0.0,2,6,0.0,5,4,1,1
28571,31.0,2,999,3,-1.8,93.749,-34.6,0.644,5008.7,999.0,12,1.0,1.0,0.0,2,8,0.0,6,4,1,2
28572,43.0,1,999,0,1.4,94.465,-41.8,4.866,5228.1,999.0,0,1.0,0.0,1.0,2,8,0.0,10,6,1,1
28573,34.0,1,999,0,1.4,93.918,-42.7,4.961,5228.1,999.0,0,0.0,0.0,0.0,2,7,0.0,2,7,1,1
28574,33.0,2,999,0,-1.8,92.893,-46.2,1.334,5099.1,999.0,0,0.0,0.0,0.0,2,4,0.0,4,5,1,1
28575,31.0,1,999,0,-3.4,92.431,-26.9,0.724,5017.5,999.0,0,0.0,0.0,1.0,1,7,0.0,12,10,1,1
28576,41.0,7,999,0,1.4,94.465,-41.8,4.959,5228.1,999.0,0,0.0,0.0,1.0,2,5,0.0,6,6,1,1
28577,31.0,1,999,0,-1.8,92.893,-46.2,1.327,5099.1,999.0,0,0.0,0.0,0.0,3,8,0.0,5,5,1,1
28578,85.0,3,999,0,-1.8,93.075,-47.1,1.384,5099.1,999.0,0,0.0,0.0,0.0,2,2,0.0,8,4,1,1
28579,48.0,1,999,0,-3.4,92.379,-29.8,0.797,5017.5,999.0,0,1.0,0.0,0.0,2,8,0.0,5,9,2,1
28580,40.0,2,999,0,1.4,93.918,-42.7,4.968,5228.1,999.0,0,0.0,0.0,0.0,2,5,0.0,6,7,1,1
28581,31.0,2,999,0,1.4,94.465,-41.8,4.866,5228.1,999.0,0,0.0,1.0,1.0,1,8,0.0,3,6,1,1
28582,44.0,2,999,0,1.4,93.918,-42.7,4.96,5228.1,999.0,0,0.0,0.0,0.0,1,8,0.0,6,7,2,1
28583,57.0,5,999,0,1.4,94.465,-41.8,4.865,5228.1,999.0,0,1.0,0.0,1.0,2,2,0.0,4,6,2,1
28584,36.0,1,999,0,-1.8,92.893,-46.2,1.313,5099.1,999.0,0,1.0,0.0,1.0,2,7,0.0,7,5,1,1
28585,25.0,2,4,1,-3.0,92.713,-33.0,0.718,5023.5,0.133333333333,1,0.0,0.0,0.0,1,7,0.0,6,12,1,3
28586,48.0,2,999,0,-3.0,92.713,-33.0,0.717,5023.5,999.0,0,0.0,0.0,0.0,2,7,0.0,6,12,2,1
28587,53.0,2,999,0,1.4,93.444,-36.1,4.965,5228.1,999.0,0,1.0,0.0,0.0,3,8,0.0,6,8,2,1
28588,31.0,1,999,0,1.4,93.918,-42.7,4.96,5228.1,999.0,0,1.0,0.0,0.0,2,4,0.0,9,7,2,1
28589,50.0,2,999,0,1.4,93.918,-42.7,4.966,5228.1,999.0,0,1.0,0.0,1.0,2,6,0.0,7,7,1,1
28590,27.0,1,999,0,-1.8,92.893,-46.2,1.266,5099.1,999.0,0,0.0,0.0,0.0,2,4,0.0,4,5,1,1
28591,31.0,1,999,0,1.4,93.918,-42.7,4.963,5228.1,999.0,0,1.0,0.0,0.0,3,4,0.0,4,7,1,1
28592,26.0,2,999,2,-1.8,92.893,-46.2,1.299,5099.1,999.0,4,0.0,0.0,0.0,1,8,0.0,9,5,2,2
28593,51.0,4,999,0,1.1,93.994,-36.4,4.86,5191.0,999.0,0,1.0,0.0,1.0,3,2,0.0,9,5,1,1
28594,60.0,1,999,1,-1.1,94.601,-49.5,1.037,4963.6,999.0,2,0.0,0.0,0.0,2,5,0.0,6,10,1,2
28595,28.0,1,999,0,1.4,93.918,-42.7,4.961,5228.1,999.0,0,0.0,0.0,0.0,1,5,0.0,4,7,1,1
28596,56.0,1,999,0,-3.4,92.649,-30.1,0.714,5017.5,999.0,0,1.0,0.0,0.0,2,7,0.0,3,11,2,1
28597,49.0,1,999,0,1.1,93.994,-36.4,4.855,5191.0,999.0,0,0.0,0.0,1.0,2,2,0.0,2,5,1,1
28598,31.0,3,999,0,1.4,93.918,-42.7,4.962,5228.1,999.0,0,1.0,0.0,0.0,2,8,0.0,4,7,1,1
28599,41.0,1,999,0,1.4,93.444,-36.1,4.964,5228.1,999.0,0,0.0,0.0,0.0,2,8,0.0,2,8,1,1
28600,40.0,1,999,0,1.1,93.994,-36.4,4.857,5191.0,999.0,0,0.0,0.0,1.0,2,6,0.0,8,5,1,1
28601,44.0,1,999,0,1.1,93.994,-36.4,4.856,5191.0,999.0,0,1.0,0.0,1.0,3,2,0.0,4,5,1,1
28602,46.0,2,999,0,1.4,93.918,-42.7,4.963,5228.1,999.0,0,0.0,1.0,0.0,2,8,0.0,6,7,1,1
28603,32.0,1,999,0,-1.8,92.843,-50.0,1.687,5099.1,999.0,0,1.0,0.0,0.0,1,7,0.0,3,3,1,1
28604,60.0,3,3,5,-1.8,93.876,-40.0,0.683,5008.7,0.1,25,1.0,0.0,0.0,2,8,0.0,3,5,1,3
28605,31.0,26,999,0,1.4,94.465,-41.8,4.864,5228.1,999.0,0,0.0,0.0,1.0,2,8,0.0,6,6,1,1
28606,26.0,5,999,0,1.4,93.918,-42.7,4.963,5228.1,999.0,0,1.0,0.0,0.0,1,8,0.0,6,7,1,1
28607,50.0,1,999,0,1.4,94.465,-41.8,4.959,5228.1,999.0,0,1.0,1.0,1.0,2,5,0.0,5,6,1,1
28608,44.0,1,999,0,1.4,93.444,-36.1,4.964,5228.1,999.0,0,1.0,0.0,0.0,3,6,0.0,5,8,1,1
28609,36.0,6,999,0,1.1,93.994,-36.4,4.864,5191.0,999.0,0,1.0,0.0,1.0,2,4,0.0,4,5,1,1
28610,54.0,2,999,0,1.1,93.994,-36.4,4.856,5191.0,999.0,0,1.0,0.0,1.0,3,2,0.0,8,5,1,1
28611,30.0,1,999,0,1.1,93.994,-36.4,4.859,5191.0,999.0,0,0.0,0.0,1.0,2,6,0.0,5,5,1,1
28612,41.0,2,999,0,-1.8,93.369,-34.8,0.653,5008.7,999.0,0,1.0,0.0,0.0,3,7,0.0,6,3,1,1
28613,31.0,1,999,1,-3.4,92.649,-30.1,0.719,5017.5,999.0,2,1.0,1.0,0.0,2,2,0.0,4,11,2,2
28614,31.0,1,999,0,-1.8,93.075,-47.1,1.41,5099.1,999.0,0,1.0,0.0,0.0,2,4,0.0,4,4,1,1
28615,51.0,2,999,2,-1.1,94.199,-37.5,0.882,4963.6,999.0,0,1.0,0.0,0.0,2,6,0.0,5,9,2,2
28616,31.0,2,999,0,1.4,93.918,-42.7,4.963,5228.1,999.0,0,0.0,0.0,0.0,2,5,0.0,4,7,1,1
28617,31.0,2,999,0,-0.1,93.2,-42.0,4.076,5195.8,999.0,0,1.0,0.0,0.0,1,8,0.0,5,11,1,1
28618,31.0,2,999,0,1.4,94.465,-41.8,4.865,5228.1,999.0,0,0.0,0.0,1.0,2,4,0.0,4,6,2,1
28619,48.0,1,999,0,1.4,93.444,-36.1,4.963,5228.1,999.0,0,0.0,0.0,0.0,2,8,0.0,9,8,1,1
28620,18.0,2,6,1,-1.7,94.027,-38.3,0.9,4991.6,0.2,3,1.0,0.0,0.0,1,8,0.0,11,8,1,3
28621,37.0,1,999,0,-0.1,93.2,-42.0,4.153,5195.8,999.0,0,1.0,0.0,0.0,1,7,0.0,6,11,1,1
28622,66.0,5,999,0,-1.1,94.199,-37.5,0.881,4963.6,999.0,0,0.0,0.0,0.0,2,8,0.0,8,9,1,1
28623,39.0,1,999,0,-1.8,92.893,-46.2,1.313,5099.1,999.0,0,0.0,0.0,0.0,2,3,0.0,4,5,1,1
28624,37.0,1,999,1,-1.8,92.893,-46.2,1.25,5099.1,999.0,1,1.0,0.0,0.0,2,3,0.0,9,5,1,2
28625,31.0,2,999,0,1.4,94.465,-41.8,4.864,5228.1,999.0,0,1.0,0.0,1.0,1,5,0.0,4,6,1,1
28626,31.0,1,999,0,-1.8,92.893,-46.2,1.244,5099.1,999.0,0,0.0,0.0,0.0,1,4,0.0,4,5,1,1
28627,31.0,1,999,0,-1.8,92.893,-46.2,1.266,5099.1,999.0,0,1.0,1.0,0.0,2,3,0.0,4,5,1,1
28628,54.0,1,999,1,-1.8,92.893,-46.2,1.334,5099.1,999.0,1,1.0,1.0,1.0,3,7,0.0,3,5,1,2
28629,30.0,1,999,0,1.4,93.444,-36.1,4.968,5228.1,999.0,0,0.0,0.0,0.0,1,7,0.0,5,8,1,1
28630,45.0,4,999,0,1.4,93.918,-42.7,4.961,5228.1,999.0,0,1.0,0.0,1.0,2,8,0.0,9,7,1,1
28631,29.0,3,999,0,-0.1,93.2,-42.0,4.076,5195.8,999.0,0,1.0,0.0,1.0,2,8,0.0,4,11,1,1
28632,27.0,2,999,0,1.4,93.918,-42.7,4.962,5228.1,999.0,0,0.0,0.0,0.0,1,6,0.0,5,7,2,1
28633,22.0,1,999,2,-1.1,94.199,-37.5,0.878,4963.6,999.0,2,1.0,0.0,0.0,1,6,0.0,9,9,1,2
28634,37.0,3,999,0,1.4,94.465,-41.8,4.866,5228.1,999.0,0,1.0,0.0,1.0,2,4,0.0,6,6,1,1
28635,32.0,1,999,0,1.4,93.918,-42.7,4.963,5228.1,999.0,0,1.0,0.0,0.0,2,6,0.0,5,7,1,1
28636,34.0,2,999,0,-0.1,93.2,-42.0,4.021,5195.8,999.0,0,1.0,0.0,0.0,2,7,0.0,6,11,1,1
28637,24.0,5,999,0,1.4,93.918,-42.7,4.963,5228.1,999.0,0,0.0,0.0,0.0,1,5,0.0,9,7,1,1
28638,33.0,2,999,0,1.1,93.994,-36.4,4.859,5191.0,999.0,0,1.0,0.0,1.0,2,7,0.0,6,5,1,1
28639,31.0,2,999,0,1.4,94.465,-41.8,4.866,5228.1,999.0,0,0.0,0.0,1.0,1,8,0.0,6,6,1,1
28640,33.0,2,999,0,1.4,94.465,-41.8,4.962,5228.1,999.0,0,0.0,0.0,1.0,2,8,0.0,1,6,1,1
28641,40.0,5,999,0,1.4,93.918,-42.7,4.961,5228.1,999.0,0,0.0,1.0,0.0,3,5,0.0,6,7,1,1
28642,31.0,1,999,0,-0.1,93.2,-42.0,4.153,5195.8,999.0,0,1.0,0.0,0.0,2,8,0.0,8,11,1,1
28643,25.0,7,999,0,1.1,93.994,-36.4,4.856,5191.0,999.0,0,1.0,0.0,1.0,2,8,0.0,9,5,1,1
28644,45.0,1,999,0,1.1,93.994,-36.4,4.856,5191.0,999.0,0,1.0,1.0,1.0,2,4,0.0,4,5,1,1
28645,31.0,1,999,0,-0.1,93.798,-40.4,4.968,5195.8,999.0,0,1.0,0.0,1.0,2,8,0.0,4,10,1,1
28646,31.0,2,999,0,1.1,93.994,-36.4,4.864,5191.0,999.0,0,0.0,0.0,1.0,2,6,0.0,5,5,1,1
28647,52.0,2,999,0,1.4,93.918,-42.7,4.962,5228.1,999.0,0,1.0,0.0,0.0,2,4,0.0,7,7,2,1
28648,50.0,1,999,1,-0.1,93.2,-42.0,4.12,5195.8,999.0,1,1.0,0.0,0.0,2,2,0.0,4,11,1,2
28649,37.0,2,999,0,-1.8,92.893,-46.2,1.334,5099.1,999.0,0,1.0,0.0,0.0,2,4,0.0,4,5,1,1
28650,31.0,4,999,0,-1.8,92.843,-50.0,1.56,5099.1,999.0,0,0.0,0.0,0.0,3,8,0.0,6,3,2,1
28651,49.0,13,999,0,1.4,94.465,-41.8,4.959,5228.1,999.0,0,0.0,0.0,1.0,2,8,0.0,3,6,1,1
28652,31.0,1,999,0,1.4,93.918,-42.7,4.963,5228.1,999.0,0,0.0,0.0,0.0,1,2,0.0,11,7,1,1
28653,31.0,2,999,0,1.1,93.994,-36.4,4.855,5191.0,999.0,0,0.0,0.0,1.0,2,8,0.0,9,5,1,1
28654,61.0,1,999,0,-1.1,94.767,-50.8,1.05,4963.6,999.0,0,0.0,0.0,0.0,2,7,0.0,8,11,2,1
28655,77.0,1,3,1,-3.4,92.649,-30.1,0.714,5017.5,0.1,4,1.0,0.0,0.0,2,8,0.0,8,11,1,3
28656,29.0,3,999,0,-1.8,92.893,-46.2,1.266,5099.1,999.0,0,1.0,0.0,1.0,1,2,0.0,4,5,1,1
28657,31.0,5,999,0,1.1,93.994,-36.4,4.856,5191.0,999.0,0,0.0,0.0,1.0,2,7,0.0,6,5,1,1
28658,39.0,3,9,1,-1.8,93.075,-47.1,1.415,5099.1,0.3,2,0.0,0.0,0.0,1,6,0.0,5,4,1,3
28659,31.0,1,999,0,-1.7,94.215,-40.3,0.881,4991.6,999.0,0,0.0,0.0,0.0,3,8,0.0,2,7,1,1
28660,31.0,4,999,0,-1.8,92.893,-46.2,1.354,5099.1,999.0,0,0.0,0.0,1.0,2,8,0.0,6,5,2,1
28661,26.0,1,999,0,1.1,93.994,-36.4,4.859,5191.0,999.0,0,0.0,0.0,1.0,1,4,0.0,10,5,1,1
28662,33.0,2,999,0,1.1,93.994,-36.4,4.86,5191.0,999.0,0,1.0,0.0,1.0,1,7,0.0,1,5,1,1
28663,37.0,4,6,1,-3.4,92.649,-30.1,0.715,5017.5,0.2,3,0.0,1.0,0.0,2,5,0.0,9,11,1,3
28664,27.0,3,999,0,1.4,93.918,-42.7,4.962,5228.1,999.0,0,1.0,0.0,0.0,2,6,0.0,5,7,2,1
28665,36.0,3,999,0,-1.8,92.893,-46.2,1.25,5099.1,999.0,0,1.0,1.0,1.0,2,7,0.0,3,5,1,1
28666,37.0,7,999,1,-1.8,93.075,-47.1,1.405,5099.1,999.0,1,1.0,0.0,0.0,2,4,0.0,6,4,2,2
28667,31.0,1,999,0,1.4,93.918,-42.7,4.962,5228.1,999.0,0,0.0,0.0,0.0,3,7,0.0,5,7,1,1
28668,43.0,3,999,0,1.1,93.994,-36.4,4.855,5191.0,999.0,0,1.0,0.0,1.0,2,8,0.0,6,5,1,1
28669,31.0,1,999,0,-0.1,93.2,-42.0,4.076,5195.8,999.0,0,0.0,0.0,0.0,1,5,0.0,7,11,1,1
28670,41.0,3,999,0,1.4,93.444,-36.1,4.964,5228.1,999.0,0,0.0,1.0,0.0,2,4,0.0,1,8,1,1
28671,31.0,3,999,0,1.1,93.994,-36.4,4.859,5191.0,999.0,0,1.0,0.0,1.0,2,2,0.0,4,5,1,1
28672,37.0,1,999,1,-1.8,92.893,-46.2,1.313,5099.1,999.0,4,0.0,0.0,0.0,1,6,0.0,9,5,1,2
28673,56.0,4,999,0,1.4,94.465,-41.8,4.962,5228.1,999.0,0,0.0,0.0,1.0,2,7,0.0,3,6,1,1
28674,36.0,1,999,0,-1.7,94.055,-39.8,0.748,4991.6,999.0,0,1.0,0.0,1.0,2,6,0.0,10,6,1,1
28675,59.0,2,999,0,1.1,93.994,-36.4,4.857,5191.0,999.0,0,0.0,1.0,1.0,3,4,0.0,8,5,1,1
28676,29.0,2,999,1,-0.1,93.2,-42.0,4.12,5195.8,999.0,2,0.0,0.0,0.0,2,3,0.0,9,11,1,2
28677,54.0,1,999,0,1.1,93.994,-36.4,4.856,5191.0,999.0,0,1.0,0.0,1.0,2,4,0.0,4,5,1,1
28678,31.0,2,999,0,1.1,93.994,-36.4,4.856,5191.0,999.0,0,0.0,0.0,1.0,2,5,0.0,6,5,1,1
28679,24.0,2,999,0,1.1,93.994,-36.4,4.855,5191.0,999.0,0,1.0,0.0,1.0,1,5,0.0,11,5,1,1
28680,55.0,2,999,1,-1.8,93.075,-47.1,1.423,5099.1,999.0,2,1.0,0.0,0.0,1,5,0.0,6,4,1,2
28681,38.0,3,999,0,1.4,93.918,-42.7,4.968,5228.1,999.0,0,1.0,0.0,0.0,2,3,0.0,6,7,1,1
28682,39.0,1,999,0,-1.8,92.893,-46.2,1.344,5099.1,999.0,0,1.0,1.0,0.0,2,3,0.0,4,5,1,1
28683,24.0,1,999,0,1.4,93.918,-42.7,4.963,5228.1,999.0,0,0.0,0.0,0.0,1,4,0.0,9,7,1,1
28684,29.0,2,999,1,-1.8,93.369,-34.8,0.652,5008.7,999.0,1,1.0,0.0,0.0,1,8,0.0,3,3,2,2
28685,32.0,2,999,0,1.4,93.444,-36.1,4.965,5228.1,999.0,0,0.0,0.0,0.0,2,8,0.0,6,8,2,1
28686,31.0,4,16,2,-3.4,92.379,-29.8,0.819,5017.5,0.533333333333,4,0.0,0.0,0.0,2,3,0.0,7,9,1,2
28687,40.0,4,999,0,-1.8,92.893,-46.2,1.313,5099.1,999.0,0,1.0,0.0,0.0,2,3,0.0,4,5,1,1
28688,31.0,5,999,0,-1.8,92.893,-46.2,1.281,5099.1,999.0,0,1.0,0.0,0.0,2,8,0.0,4,5,1,1
28689,31.0,1,999,2,-1.8,92.893,-46.2,1.334,5099.1,999.0,0,0.0,1.0,0.0,2,8,0.0,4,5,1,2
28690,31.0,1,999,0,-1.8,92.893,-46.2,1.299,5099.1,999.0,0,0.0,0.0,1.0,1,5,0.0,5,5,1,1
28691,31.0,2,999,0,1.4,93.444,-36.1,4.963,5228.1,999.0,0,1.0,1.0,0.0,1,6,0.0,5,8,1,1
28692,43.0,1,999,0,1.1,93.994,-36.4,4.857,5191.0,999.0,0,0.0,0.0,1.0,2,5,0.0,9,5,1,1
28693,25.0,1,999,0,-1.8,92.893,-46.2,1.299,5099.1,999.0,0,0.0,0.0,0.0,2,8,0.0,6,5,2,1
28694,33.0,1,999,0,-1.8,93.876,-40.0,0.682,5008.7,999.0,0,0.0,0.0,1.0,2,8,0.0,4,5,1,1
28695,31.0,1,999,1,-1.8,93.075,-47.1,1.405,5099.1,999.0,3,1.0,0.0,0.0,2,4,0.0,4,4,1,2
28696,31.0,2,999,1,-0.1,93.2,-42.0,4.076,5195.8,999.0,1,1.0,1.0,0.0,1,5,0.0,6,11,1,2
28697,43.0,2,999,0,-0.1,93.2,-42.0,4.191,5195.8,999.0,0,0.0,0.0,0.0,2,7,0.0,6,11,2,1
28698,37.0,3,999,0,1.4,93.918,-42.7,4.955,5228.1,999.0,0,0.0,0.0,1.0,3,5,0.0,9,7,1,1
28699,41.0,11,999,0,1.4,93.918,-42.7,4.962,5228.1,999.0,0,0.0,1.0,1.0,2,8,0.0,9,7,2,1
28700,50.0,3,999,0,1.4,93.444,-36.1,4.963,5228.1,999.0,0,1.0,0.0,0.0,2,8,0.0,6,8,1,1
28701,60.0,7,999,0,1.4,93.918,-42.7,4.961,5228.1,999.0,0,1.0,0.0,0.0,2,1,0.0,2,7,1,1
28702,52.0,1,999,0,1.4,93.444,-36.1,4.964,5228.1,999.0,0,1.0,1.0,0.0,2,5,0.0,6,8,1,1
28703,44.0,2,999,0,-0.1,93.2,-42.0,4.021,5195.8,999.0,0,0.0,0.0,0.0,2,8,0.0,7,11,1,1
28704,30.0,2,999,0,1.4,93.918,-42.7,4.959,5228.1,999.0,0,0.0,0.0,1.0,1,8,0.0,6,7,1,1
28705,38.0,2,999,1,-1.8,93.075,-47.1,1.41,5099.1,999.0,1,1.0,0.0,0.0,2,8,0.0,6,4,1,2
28706,31.0,1,999,0,-2.9,92.469,-33.6,1.044,5076.2,999.0,0,1.0,0.0,0.0,1,8,0.0,11,7,1,1
28707,32.0,5,999,0,-3.4,92.379,-29.8,0.781,5017.5,999.0,0,0.0,0.0,1.0,2,8,0.0,11,9,1,1
28708,31.0,1,999,0,1.1,93.994,-36.4,4.86,5191.0,999.0,0,1.0,1.0,1.0,2,5,0.0,6,5,1,1
28709,31.0,1,999,0,-1.7,94.215,-40.3,0.876,4991.6,999.0,0,1.0,0.0,1.0,2,5,0.0,4,7,1,1
28710,41.0,3,999,0,1.1,93.994,-36.4,4.859,5191.0,999.0,0,1.0,0.0,1.0,2,5,0.0,4,5,1,1
28711,53.0,1,999,0,1.1,93.994,-36.4,4.856,5191.0,999.0,0,1.0,0.0,1.0,1,6,0.0,8,5,1,1
28712,33.0,11,999,0,-1.8,92.893,-46.2,1.25,5099.1,999.0,0,0.0,0.0,0.0,1,5,0.0,6,5,1,1
28713,51.0,2,999,0,-2.9,92.469,-33.6,0.979,5076.2,999.0,0,1.0,0.0,1.0,3,7,0.0,3,7,1,1
28714,31.0,2,999,0,1.4,93.918,-42.7,4.963,5228.1,999.0,0,0.0,0.0,0.0,2,3,0.0,4,7,1,1
28715,48.0,2,999,1,-0.1,93.2,-42.0,4.12,5195.8,999.0,3,1.0,0.0,0.0,2,7,0.0,6,11,1,2
28716,30.0,1,999,0,1.4,93.918,-42.7,4.963,5228.1,999.0,0,1.0,0.0,0.0,1,4,0.0,4,7,1,1
28717,38.0,5,999,0,1.1,93.994,-36.4,4.857,5191.0,999.0,0,0.0,0.0,1.0,2,5,0.0,4,5,1,1
28718,29.0,2,999,0,1.1,93.994,-36.4,4.859,5191.0,999.0,0,0.0,0.0,1.0,2,8,0.0,7,5,1,1
28719,30.0,16,999,0,1.4,93.918,-42.7,4.963,5228.1,999.0,0,0.0,1.0,1.0,2,4,0.0,4,7,1,1
28720,44.0,7,999,0,1.4,93.444,-36.1,4.963,5228.1,999.0,0,1.0,0.0,0.0,2,8,0.0,9,8,2,1
28721,31.0,2,999,0,1.4,93.444,-36.1,4.964,5228.1,999.0,0,0.0,0.0,0.0,2,7,0.0,3,8,1,1
28722,33.0,2,999,1,-1.8,92.893,-46.2,1.281,5099.1,999.0,4,1.0,0.0,0.0,1,8,0.0,6,5,1,2
28723,31.0,4,999,0,1.1,93.994,-36.4,4.859,5191.0,999.0,0,0.0,0.0,1.0,1,5,0.0,11,5,1,1
28724,30.0,1,999,0,-1.8,92.893,-46.2,1.344,5099.1,999.0,0,0.0,0.0,0.0,1,5,0.0,6,5,1,1
28725,33.0,1,999,0,-1.8,92.893,-46.2,1.313,5099.1,999.0,0,1.0,0.0,0.0,2,5,0.0,4,5,1,1
28726,30.0,7,999,0,1.4,93.444,-36.1,4.964,5228.1,999.0,0,0.0,0.0,1.0,2,6,0.0,5,8,1,1
28727,54.0,5,999,0,1.1,93.994,-36.4,4.859,5191.0,999.0,0,0.0,0.0,1.0,3,5,0.0,9,5,1,1
28728,36.0,1,999,0,1.4,93.918,-42.7,4.963,5228.1,999.0,0,0.0,1.0,0.0,2,8,0.0,4,7,1,1
28729,20.0,1,999,0,-2.9,92.201,-31.4,0.884,5076.2,999.0,0,0.0,1.0,0.0,1,8,0.0,11,8,1,1
28730,34.0,2,999,0,-0.1,93.2,-42.0,4.076,5195.8,999.0,0,1.0,0.0,0.0,2,7,0.0,7,11,1,1
28731,70.0,2,7,2,-1.8,93.369,-34.8,0.639,5008.7,0.233333333333,4,0.0,0.0,1.0,2,8,0.0,8,3,2,3
28732,44.0,2,999,0,1.1,93.994,-36.4,4.859,5191.0,999.0,0,1.0,0.0,1.0,1,8,0.0,6,5,1,1
28733,29.0,3,999,0,1.1,93.994,-36.4,4.858,5191.0,999.0,0,1.0,0.0,1.0,1,5,0.0,2,5,1,1
28734,58.0,3,999,0,1.4,93.444,-36.1,4.968,5228.1,999.0,0,1.0,0.0,0.0,2,6,0.0,10,8,1,1
28735,46.0,2,999,1,-1.8,92.893,-46.2,1.291,5099.1,999.0,5,0.0,0.0,0.0,2,4,0.0,6,5,1,2
28736,27.0,1,999,0,1.4,93.918,-42.7,4.962,5228.1,999.0,0,0.0,0.0,0.0,1,7,0.0,6,7,1,1
28737,25.0,4,999,0,1.4,93.918,-42.7,4.961,5228.1,999.0,0,1.0,0.0,1.0,1,5,0.0,4,7,1,1
28738,49.0,1,999,0,1.4,93.918,-42.7,4.959,5228.1,999.0,0,1.0,0.0,1.0,2,4,0.0,4,7,1,1
28739,49.0,2,999,0,1.4,94.465,-41.8,4.967,5228.1,999.0,0,1.0,0.0,1.0,2,6,0.0,5,6,1,1
28740,31.0,3,999,0,-0.1,93.2,-42.0,4.076,5195.8,999.0,0,1.0,0.0,0.0,1,3,0.0,4,11,1,1
28741,48.0,1,999,0,-1.1,94.199,-37.5,0.881,4963.6,999.0,0,0.0,0.0,1.0,2,8,0.0,9,9,1,1
28742,34.0,3,999,0,1.4,93.918,-42.7,4.962,5228.1,999.0,0,0.0,1.0,0.0,1,8,0.0,4,7,2,1
28743,31.0,1,999,0,1.4,93.444,-36.1,4.968,5228.1,999.0,0,1.0,0.0,0.0,2,6,0.0,5,8,1,1
28744,38.0,2,999,0,1.4,93.918,-42.7,4.96,5228.1,999.0,0,1.0,0.0,0.0,2,8,0.0,2,7,2,1
28745,57.0,4,999,0,-1.8,92.893,-46.2,1.291,5099.1,999.0,0,1.0,0.0,0.0,2,8,0.0,4,5,1,1
28746,40.0,1,999,0,1.4,93.444,-36.1,4.965,5228.1,999.0,0,1.0,0.0,0.0,3,7,0.0,6,8,2,1
28747,58.0,2,999,0,1.4,93.918,-42.7,4.962,5228.1,999.0,0,1.0,0.0,0.0,2,6,0.0,8,7,1,1
28748,31.0,1,999,1,-1.8,92.893,-46.2,1.281,5099.1,999.0,0,0.0,1.0,0.0,1,4,0.0,6,5,1,2
28749,33.0,3,999,0,1.1,93.994,-36.4,4.857,5191.0,999.0,0,0.0,1.0,1.0,2,8,0.0,5,5,1,1
28750,40.0,1,999,0,-1.8,93.075,-47.1,1.405,5099.1,999.0,0,0.0,0.0,0.0,1,8,0.0,4,4,1,1
28751,31.0,2,999,0,-1.8,92.893,-46.2,1.244,5099.1,999.0,0,1.0,0.0,0.0,2,8,0.0,4,5,2,1
28752,50.0,4,999,0,1.4,94.465,-41.8,4.959,5228.1,999.0,0,1.0,0.0,1.0,3,2,0.0,9,6,1,1
28753,36.0,1,999,0,1.4,94.465,-41.8,4.962,5228.1,999.0,0,1.0,0.0,1.0,1,5,0.0,4,6,1,1
28754,37.0,1,999,0,-1.8,92.893,-46.2,1.291,5099.1,999.0,0,0.0,1.0,0.0,1,7,0.0,5,5,1,1
28755,33.0,1,999,0,-1.8,93.075,-47.1,1.435,5099.1,999.0,0,0.0,0.0,0.0,1,7,0.0,5,4,1,1
28756,31.0,1,999,0,-2.9,92.963,-40.8,1.26,5076.2,999.0,0,1.0,0.0,0.0,2,7,0.0,6,6,1,1
28757,32.0,3,999,0,1.4,93.918,-42.7,4.963,5228.1,999.0,0,0.0,0.0,0.0,1,7,0.0,3,7,1,1
28758,40.0,3,999,0,1.4,94.465,-41.8,4.865,5228.1,999.0,0,1.0,0.0,1.0,1,5,0.0,6,6,2,1
28759,40.0,3,999,0,1.4,94.465,-41.8,4.96,5228.1,999.0,0,0.0,0.0,1.0,2,4,0.0,4,6,2,1
28760,55.0,5,999,0,1.4,93.918,-42.7,4.961,5228.1,999.0,0,1.0,0.0,0.0,2,8,0.0,6,7,1,1
28761,32.0,1,999,1,-0.1,93.2,-42.0,4.021,5195.8,999.0,1,1.0,0.0,0.0,1,8,0.0,5,11,1,2
28762,55.0,2,999,0,-3.4,92.431,-26.9,0.739,5017.5,999.0,0,1.0,0.0,1.0,2,8,0.0,7,10,2,1
28763,38.0,4,999,0,-1.8,92.893,-46.2,1.244,5099.1,999.0,0,0.0,0.0,0.0,1,7,0.0,6,5,2,1
28764,27.0,1,999,0,-1.8,93.369,-34.8,0.636,5008.7,999.0,0,0.0,0.0,0.0,1,7,0.0,1,3,1,1
28765,30.0,5,999,0,1.4,93.444,-36.1,4.962,5228.1,999.0,0,1.0,0.0,0.0,2,5,0.0,5,8,1,1
28766,32.0,2,999,0,-1.8,92.893,-46.2,1.299,5099.1,999.0,0,1.0,1.0,0.0,2,8,0.0,4,5,2,1
28767,31.0,1,999,0,-1.8,92.893,-46.2,1.334,5099.1,999.0,0,0.0,0.0,0.0,1,7,0.0,6,5,1,1
28768,40.0,1,999,0,-0.1,93.2,-42.0,4.076,5195.8,999.0,0,0.0,0.0,0.0,1,8,0.0,9,11,1,1
28769,29.0,2,9,2,-3.4,92.649,-30.1,0.714,5017.5,0.3,4,0.0,0.0,0.0,1,7,0.0,6,11,1,2
28770,38.0,5,999,0,1.4,93.444,-36.1,4.963,5228.1,999.0,0,1.0,1.0,0.0,2,7,0.0,5,8,1,1
28771,47.0,1,999,0,1.4,93.444,-36.1,4.966,5228.1,999.0,0,1.0,0.0,0.0,2,8,0.0,5,8,1,1
28772,49.0,1,999,0,1.1,93.994,-36.4,4.856,5191.0,999.0,0,1.0,0.0,1.0,1,7,0.0,5,5,1,1
28773,44.0,14,999,0,1.4,93.444,-36.1,4.964,5228.1,999.0,0,0.0,1.0,0.0,3,7,0.0,6,8,1,1
28774,51.0,1,999,0,1.4,93.444,-36.1,4.966,5228.1,999.0,0,0.0,0.0,0.0,2,2,0.0,4,8,1,1
28775,59.0,3,999,0,1.4,93.918,-42.7,4.962,5228.1,999.0,0,0.0,1.0,0.0,3,5,0.0,6,7,2,1
28776,33.0,4,999,0,1.4,93.444,-36.1,4.965,5228.1,999.0,0,0.0,0.0,0.0,2,8,0.0,3,8,1,1
28777,31.0,5,999,0,1.4,93.918,-42.7,4.962,5228.1,999.0,0,0.0,1.0,0.0,1,5,0.0,9,7,1,1
28778,36.0,1,999,0,1.1,93.994,-36.4,4.855,5191.0,999.0,0,0.0,1.0,1.0,2,6,0.0,5,5,1,1
28779,58.0,1,999,0,1.1,93.994,-36.4,4.864,5191.0,999.0,0,0.0,0.0,1.0,2,2,0.0,9,5,1,1
28780,33.0,1,999,0,1.1,93.994,-36.4,4.856,5191.0,999.0,0,1.0,0.0,1.0,2,7,0.0,9,5,1,1
28781,58.0,1,999,0,-1.8,92.893,-46.2,1.264,5099.1,999.0,0,0.0,0.0,0.0,2,8,0.0,2,5,2,1
28782,29.0,1,999,0,-1.8,92.893,-46.2,1.291,5099.1,999.0,0,0.0,1.0,0.0,2,8,0.0,4,5,1,1
28783,31.0,1,999,1,-1.8,92.893,-46.2,1.344,5099.1,999.0,3,0.0,1.0,0.0,2,4,0.0,4,5,1,2
28784,41.0,3,999,0,-0.1,93.2,-42.0,4.021,5195.8,999.0,0,0.0,0.0,0.0,2,7,0.0,6,11,1,1
28785,31.0,1,999,1,-0.1,93.2,-42.0,4.12,5195.8,999.0,0,1.0,0.0,0.0,2,7,0.0,6,11,1,2
28786,31.0,1,999,0,-2.9,92.201,-31.4,0.849,5076.2,999.0,0,1.0,1.0,0.0,2,2,0.0,8,8,1,1
28787,31.0,2,999,0,1.1,93.994,-36.4,4.86,5191.0,999.0,0,0.0,1.0,1.0,2,5,0.0,6,5,1,1
28788,36.0,3,999,0,1.4,93.444,-36.1,4.963,5228.1,999.0,0,1.0,0.0,0.0,2,7,0.0,6,8,1,1
28789,50.0,5,999,0,1.4,94.465,-41.8,4.864,5228.1,999.0,0,0.0,1.0,1.0,2,8,0.0,4,6,1,1
28790,31.0,2,999,0,1.1,93.994,-36.4,4.857,5191.0,999.0,0,1.0,0.0,1.0,2,2,0.0,4,5,2,1
28791,24.0,1,999,2,-1.1,94.199,-37.5,0.886,4963.6,999.0,4,1.0,0.0,0.0,1,8,0.0,11,9,1,2
28792,31.0,9,999,0,1.4,93.918,-42.7,4.957,5228.1,999.0,0,0.0,0.0,0.0,3,2,0.0,9,7,1,1
28793,58.0,1,999,0,1.1,93.994,-36.4,4.855,5191.0,999.0,0,1.0,0.0,1.0,2,8,0.0,3,5,1,1
28794,31.0,1,999,0,1.4,94.465,-41.8,4.961,5228.1,999.0,0,1.0,0.0,1.0,1,4,0.0,11,6,1,1
28795,35.0,2,999,1,-1.8,92.893,-46.2,1.291,5099.1,999.0,2,1.0,0.0,0.0,1,8,0.0,6,5,1,2
28796,32.0,2,999,0,1.1,93.994,-36.4,4.856,5191.0,999.0,0,0.0,0.0,1.0,1,5,0.0,6,5,1,1
28797,43.0,7,999,0,1.1,93.994,-36.4,4.857,5191.0,999.0,0,1.0,0.0,1.0,1,4,0.0,4,5,1,1
28798,31.0,2,999,0,-0.1,93.2,-42.0,4.12,5195.8,999.0,0,0.0,0.0,0.0,1,7,0.0,6,11,1,1
28799,32.0,1,999,0,1.4,93.918,-42.7,4.961,5228.1,999.0,0,0.0,0.0,0.0,2,5,0.0,9,7,1,1
28800,31.0,6,999,0,1.4,93.444,-36.1,4.965,5228.1,999.0,0,0.0,0.0,0.0,2,2,0.0,2,8,1,1
28801,42.0,1,999,0,1.4,93.444,-36.1,4.968,5228.1,999.0,0,1.0,0.0,0.0,2,5,0.0,5,8,1,1
28802,31.0,1,999,0,-1.8,92.893,-46.2,1.334,5099.1,999.0,0,0.0,0.0,0.0,1,5,0.0,5,5,1,1
28803,54.0,1,999,0,1.4,93.444,-36.1,4.963,5228.1,999.0,0,0.0,0.0,0.0,2,6,0.0,5,8,1,1
28804,38.0,3,999,0,1.4,94.465,-41.8,4.959,5228.1,999.0,0,1.0,1.0,1.0,2,2,0.0,4,6,1,1
28805,52.0,1,999,0,-0.1,93.2,-42.0,4.191,5195.8,999.0,0,1.0,0.0,0.0,2,8,0.0,6,11,2,1
28806,32.0,1,999,1,-0.1,93.2,-42.0,4.191,5195.8,999.0,1,1.0,0.0,0.0,1,5,0.0,6,11,2,2
28807,48.0,1,999,1,-1.8,93.075,-47.1,1.423,5099.1,999.0,3,1.0,0.0,0.0,1,4,0.0,4,4,1,2
28808,32.0,1,999,0,1.4,93.918,-42.7,4.957,5228.1,999.0,0,0.0,0.0,0.0,2,8,0.0,5,7,1,1
28809,31.0,1,999,0,1.4,93.918,-42.7,4.962,5228.1,999.0,0,1.0,0.0,0.0,1,6,0.0,5,7,1,1
28810,55.0,1,999,0,-1.8,93.075,-47.1,1.466,5099.1,999.0,0,0.0,0.0,0.0,2,2,0.0,2,4,2,1
28811,42.0,1,999,0,1.1,93.994,-36.4,4.857,5191.0,999.0,0,1.0,0.0,1.0,2,6,0.0,9,5,1,1
28812,31.0,2,999,0,-1.8,92.893,-46.2,1.313,5099.1,999.0,0,0.0,0.0,0.0,1,5,0.0,9,5,1,1
28813,47.0,1,999,0,1.4,94.465,-41.8,4.959,5228.1,999.0,0,1.0,0.0,1.0,2,7,0.0,3,6,1,1
28814,37.0,1,999,0,1.4,93.918,-42.7,4.968,5228.1,999.0,0,0.0,1.0,0.0,1,6,0.0,2,7,1,1
28815,35.0,3,999,0,1.1,93.994,-36.4,4.86,5191.0,999.0,0,0.0,0.0,1.0,2,8,0.0,4,5,1,1
28816,38.0,2,999,0,-1.8,92.893,-46.2,1.281,5099.1,999.0,0,0.0,1.0,0.0,2,8,0.0,1,5,1,1
28817,56.0,3,999,0,1.4,93.444,-36.1,4.963,5228.1,999.0,0,1.0,0.0,0.0,2,2,0.0,4,8,1,1
28818,56.0,2,999,0,-0.1,93.2,-42.0,4.021,5195.8,999.0,0,1.0,0.0,0.0,2,2,0.0,8,11,1,1
28819,30.0,2,999,0,1.4,94.465,-41.8,4.958,5228.1,999.0,0,1.0,0.0,1.0,1,4,0.0,4,6,2,1
28820,41.0,2,999,0,-1.8,92.893,-46.2,1.281,5099.1,999.0,0,0.0,0.0,0.0,2,5,0.0,2,5,1,1
28821,31.0,1,999,0,1.1,93.994,-36.4,4.855,5191.0,999.0,0,1.0,1.0,1.0,2,5,0.0,6,5,1,1
28822,57.0,17,999,0,1.4,93.444,-36.1,4.962,5228.1,999.0,0,1.0,0.0,0.0,2,7,0.0,3,8,1,1
28823,33.0,2,999,0,-0.1,93.2,-42.0,4.12,5195.8,999.0,0,0.0,0.0,0.0,2,7,0.0,3,11,1,1
28824,56.0,5,999,0,1.4,94.465,-41.8,4.961,5228.1,999.0,0,1.0,1.0,1.0,2,3,0.0,8,6,2,1
28825,39.0,1,999,0,1.4,94.465,-41.8,4.864,5228.1,999.0,0,0.0,0.0,1.0,2,7,0.0,1,6,1,1
28826,47.0,1,999,1,-0.1,93.2,-42.0,4.12,5195.8,999.0,2,1.0,0.0,0.0,2,8,0.0,4,11,1,2
28827,30.0,1,999,0,-1.8,92.893,-46.2,1.244,5099.1,999.0,0,1.0,0.0,0.0,1,7,0.0,5,5,2,1
28828,35.0,4,999,0,1.4,94.465,-41.8,4.967,5228.1,999.0,0,1.0,0.0,1.0,2,7,0.0,6,6,1,1
28829,38.0,2,999,0,1.1,93.994,-36.4,4.858,5191.0,999.0,0,0.0,0.0,1.0,2,6,0.0,5,5,1,1
28830,47.0,1,999,0,1.4,93.444,-36.1,4.968,5228.1,999.0,0,1.0,0.0,0.0,2,6,0.0,5,8,1,1
28831,32.0,5,999,0,1.4,93.918,-42.7,4.961,5228.1,999.0,0,0.0,0.0,0.0,3,7,0.0,3,7,1,1
28832,41.0,2,999,0,-1.8,93.075,-47.1,1.405,5099.1,999.0,0,1.0,0.0,0.0,2,2,0.0,4,4,1,1
28833,27.0,1,3,2,-1.1,94.601,-49.5,0.982,4963.6,0.1,8,1.0,1.0,0.0,1,8,0.0,6,10,1,3
28834,34.0,1,999,0,1.4,94.465,-41.8,4.961,5228.1,999.0,0,1.0,1.0,1.0,2,6,0.0,4,6,2,1
28835,31.0,7,999,1,-1.8,92.893,-46.2,1.291,5099.1,999.0,0,0.0,0.0,0.0,1,8,0.0,2,5,1,2
28836,31.0,1,999,0,1.4,93.444,-36.1,4.964,5228.1,999.0,0,1.0,0.0,0.0,2,6,0.0,5,8,1,1
28837,41.0,1,999,0,-1.8,92.893,-46.2,1.327,5099.1,999.0,0,1.0,0.0,0.0,2,2,0.0,4,5,1,1
28838,31.0,1,999,1,-1.8,92.893,-46.2,1.266,5099.1,999.0,2,0.0,0.0,0.0,1,5,0.0,11,5,1,2
28839,36.0,2,999,0,1.4,93.918,-42.7,4.962,5228.1,999.0,0,1.0,0.0,0.0,2,7,0.0,6,7,1,1
28840,55.0,1,999,0,1.4,93.918,-42.7,4.963,5228.1,999.0,0,1.0,0.0,0.0,2,7,0.0,10,7,1,1
28841,26.0,1,999,0,1.4,94.465,-41.8,4.961,5228.1,999.0,0,0.0,0.0,1.0,2,3,0.0,5,6,2,1
28842,33.0,1,999,0,-1.8,92.893,-46.2,1.266,5099.1,999.0,0,1.0,0.0,0.0,1,5,0.0,6,5,1,1
28843,31.0,1,999,0,1.4,93.444,-36.1,4.964,5228.1,999.0,0,1.0,0.0,0.0,2,7,0.0,5,8,1,1
28844,32.0,2,999,1,-1.8,92.893,-46.2,1.291,5099.1,999.0,0,1.0,0.0,0.0,1,8,0.0,5,5,1,2
28845,59.0,16,999,0,1.4,94.465,-41.8,4.865,5228.1,999.0,0,1.0,0.0,1.0,2,3,0.0,3,6,2,1
28846,70.0,1,999,2,-3.0,92.713,-33.0,0.715,5023.5,999.0,2,1.0,0.0,0.0,2,2,0.0,8,12,1,2
28847,36.0,4,999,0,1.4,93.918,-42.7,4.963,5228.1,999.0,0,0.0,0.0,0.0,2,8,0.0,7,7,1,1
28848,49.0,1,999,0,-1.8,92.893,-46.2,1.259,5099.1,999.0,0,1.0,0.0,0.0,2,8,0.0,6,5,1,1
28849,57.0,4,999,0,1.4,93.444,-36.1,4.965,5228.1,999.0,0,1.0,1.0,0.0,1,6,0.0,5,8,1,1
28850,37.0,3,999,0,1.1,93.994,-36.4,4.855,5191.0,999.0,0,1.0,0.0,1.0,1,8,0.0,5,5,1,1
28851,40.0,3,999,0,1.1,93.994,-36.4,4.857,5191.0,999.0,0,0.0,0.0,1.0,2,8,0.0,6,5,2,1
28852,28.0,2,999,0,-2.9,92.963,-40.8,1.266,5076.2,999.0,0,0.0,0.0,0.0,1,8,0.0,1,6,2,1
28853,48.0,4,999,0,1.1,93.994,-36.4,4.86,5191.0,999.0,0,0.0,0.0,1.0,2,8,0.0,5,5,1,1
28854,35.0,2,999,0,-1.8,92.893,-46.2,1.334,5099.1,999.0,0,0.0,0.0,0.0,1,8,0.0,6,5,1,1
28855,39.0,2,999,0,-3.4,92.379,-29.8,0.819,5017.5,999.0,0,1.0,0.0,0.0,2,8,0.0,7,9,1,1
28856,42.0,1,999,0,-0.1,93.2,-42.0,4.191,5195.8,999.0,0,1.0,1.0,0.0,2,7,0.0,3,11,1,1
28857,31.0,1,999,0,1.1,93.994,-36.4,4.859,5191.0,999.0,0,1.0,0.0,1.0,2,3,0.0,6,5,1,1
28858,56.0,1,999,0,1.1,93.994,-36.4,4.857,5191.0,999.0,0,0.0,0.0,1.0,2,2,0.0,4,5,2,1
28859,37.0,1,999,0,1.4,93.444,-36.1,4.963,5228.1,999.0,0,0.0,0.0,0.0,2,7,0.0,3,8,1,1
28860,33.0,1,6,1,-1.1,94.601,-49.5,1.032,4963.6,0.2,1,1.0,0.0,0.0,1,5,0.0,9,10,2,3
28861,50.0,1,999,0,1.4,93.918,-42.7,4.961,5228.1,999.0,0,1.0,0.0,0.0,2,8,0.0,12,7,1,1
28862,37.0,3,999,0,1.1,93.994,-36.4,4.856,5191.0,999.0,0,1.0,0.0,1.0,2,8,0.0,4,5,1,1
28863,59.0,2,999,0,1.4,93.918,-42.7,4.96,5228.1,999.0,0,0.0,0.0,1.0,2,7,0.0,8,7,2,1
28864,35.0,5,999,0,1.4,93.918,-42.7,4.96,5228.1,999.0,0,0.0,0.0,0.0,1,7,0.0,6,7,2,1
28865,37.0,5,999,0,1.4,93.918,-42.7,4.963,5228.1,999.0,0,0.0,1.0,0.0,1,8,0.0,6,7,1,1
28866,43.0,4,999,0,-0.1,93.2,-42.0,4.153,5195.8,999.0,0,1.0,0.0,0.0,2,8,0.0,3,11,1,1
28867,31.0,1,999,0,1.4,93.444,-36.1,4.964,5228.1,999.0,0,1.0,0.0,0.0,1,7,0.0,5,8,1,1
28868,30.0,1,999,0,1.1,93.994,-36.4,4.855,5191.0,999.0,0,1.0,0.0,1.0,2,4,0.0,4,5,1,1
28869,48.0,1,999,0,-1.8,92.893,-46.2,1.25,5099.1,999.0,0,1.0,0.0,0.0,2,8,0.0,4,5,1,1
28870,35.0,2,999,0,-0.1,93.2,-42.0,4.076,5195.8,999.0,0,1.0,0.0,0.0,1,7,0.0,6,11,1,1
28871,34.0,5,999,1,-1.8,93.075,-47.1,1.405,5099.1,999.0,3,0.0,1.0,0.0,2,8,0.0,4,4,2,2
28872,30.0,2,999,0,-1.8,92.893,-46.2,1.299,5099.1,999.0,0,1.0,0.0,0.0,2,2,0.0,4,5,2,1
28873,31.0,1,999,0,1.4,93.444,-36.1,4.966,5228.1,999.0,0,1.0,0.0,0.0,1,8,0.0,5,8,1,1
28874,30.0,12,999,0,1.4,93.444,-36.1,4.963,5228.1,999.0,0,1.0,0.0,0.0,1,7,0.0,6,8,2,1
28875,31.0,2,999,0,1.1,93.994,-36.4,4.856,5191.0,999.0,0,0.0,0.0,1.0,2,5,0.0,9,5,1,1
28876,30.0,1,999,0,1.4,93.444,-36.1,4.964,5228.1,999.0,0,0.0,0.0,0.0,2,8,0.0,3,8,1,1
28877,34.0,2,999,0,1.4,94.465,-41.8,4.961,5228.1,999.0,0,1.0,0.0,1.0,1,5,0.0,3,6,2,1
28878,31.0,1,999,0,1.4,93.918,-42.7,4.955,5228.1,999.0,0,0.0,0.0,1.0,1,8,0.0,10,7,1,1
28879,31.0,2,999,0,1.4,94.465,-41.8,4.967,5228.1,999.0,0,0.0,0.0,1.0,1,5,0.0,4,6,1,1
28880,54.0,2,13,2,-1.7,94.215,-40.3,0.876,4991.6,0.433333333333,6,1.0,0.0,0.0,2,8,0.0,12,7,1,3
28881,48.0,1,999,0,1.1,93.994,-36.4,4.855,5191.0,999.0,0,1.0,0.0,1.0,2,6,0.0,4,5,1,1
28882,31.0,2,999,0,1.4,94.465,-41.8,4.961,5228.1,999.0,0,1.0,0.0,1.0,1,7,0.0,5,6,1,1
28883,31.0,6,999,0,1.4,93.918,-42.7,4.957,5228.1,999.0,0,0.0,0.0,0.0,2,5,0.0,6,7,1,1
28884,45.0,1,999,0,1.1,93.994,-36.4,4.856,5191.0,999.0,0,0.0,0.0,1.0,2,4,0.0,9,5,1,1
28885,31.0,2,999,0,1.4,93.444,-36.1,4.965,5228.1,999.0,0,1.0,0.0,0.0,2,5,0.0,5,8,2,1
28886,30.0,6,999,0,1.4,93.444,-36.1,4.964,5228.1,999.0,0,0.0,0.0,0.0,1,6,0.0,5,8,1,1
28887,30.0,10,999,0,-0.1,93.2,-42.0,4.021,5195.8,999.0,0,1.0,1.0,1.0,1,8,0.0,6,11,1,1
28888,31.0,1,999,0,1.4,94.465,-41.8,4.961,5228.1,999.0,0,0.0,0.0,1.0,2,2,0.0,4,6,2,1
28889,24.0,1,999,0,1.1,93.994,-36.4,4.855,5191.0,999.0,0,0.0,1.0,1.0,1,5,0.0,9,5,1,1
28890,37.0,1,999,0,-0.1,93.2,-42.0,4.153,5195.8,999.0,0,0.0,0.0,0.0,2,8,0.0,7,11,1,1
28891,39.0,1,999,0,-1.8,93.075,-47.1,1.405,5099.1,999.0,0,0.0,0.0,0.0,1,5,0.0,6,4,1,1
28892,56.0,4,999,0,1.1,93.994,-36.4,4.857,5191.0,999.0,0,0.0,0.0,1.0,2,7,0.0,6,5,1,1
28893,31.0,1,999,0,1.4,94.465,-41.8,4.961,5228.1,999.0,0,0.0,0.0,1.0,2,8,0.0,4,6,2,1
28894,22.0,1,999,2,-1.7,94.055,-39.8,0.739,4991.6,999.0,8,1.0,0.0,1.0,1,5,0.0,11,6,1,2
28895,31.0,2,999,0,1.4,93.918,-42.7,4.957,5228.1,999.0,0,1.0,0.0,0.0,3,7,0.0,7,7,1,1
28896,50.0,1,999,0,1.4,94.465,-41.8,4.961,5228.1,999.0,0,0.0,0.0,1.0,1,7,0.0,3,6,1,1
28897,31.0,1,999,0,-1.8,92.893,-46.2,1.299,5099.1,999.0,0,1.0,0.0,0.0,1,7,0.0,5,5,2,1
28898,41.0,1,999,1,-1.8,92.893,-46.2,1.313,5099.1,999.0,3,1.0,0.0,0.0,3,4,0.0,4,5,1,2
28899,31.0,1,999,0,1.4,93.918,-42.7,4.957,5228.1,999.0,0,0.0,0.0,0.0,3,4,0.0,9,7,1,1
28900,31.0,1,999,0,1.1,93.994,-36.4,4.857,5191.0,999.0,0,1.0,0.0,1.0,2,2,0.0,6,5,2,1
28901,23.0,1,999,0,-1.8,92.893,-46.2,1.266,5099.1,999.0,0,0.0,1.0,0.0,1,5,0.0,5,5,1,1
28902,31.0,4,999,0,-1.8,92.893,-46.2,1.25,5099.1,999.0,0,1.0,0.0,0.0,2,5,0.0,6,5,1,1
28903,44.0,1,999,0,1.1,93.994,-36.4,4.857,5191.0,999.0,0,1.0,0.0,1.0,2,7,0.0,6,5,2,1
28904,59.0,1,999,0,-1.8,93.075,-47.1,1.405,5099.1,999.0,0,1.0,0.0,0.0,2,6,0.0,1,4,2,1
28905,38.0,3,999,0,1.4,93.444,-36.1,4.962,5228.1,999.0,0,0.0,0.0,0.0,2,7,0.0,6,8,1,1
28906,47.0,2,999,0,1.1,93.994,-36.4,4.855,5191.0,999.0,0,0.0,0.0,1.0,3,2,0.0,3,5,1,1
28907,48.0,1,999,0,1.4,93.444,-36.1,4.968,5228.1,999.0,0,0.0,1.0,0.0,2,8,0.0,4,8,1,1
28908,32.0,2,999,0,-1.8,92.893,-46.2,1.344,5099.1,999.0,0,0.0,0.0,0.0,1,6,0.0,5,5,1,1
28909,49.0,1,999,0,-1.8,92.893,-46.2,1.313,5099.1,999.0,0,1.0,0.0,0.0,2,2,0.0,4,5,1,1
28910,34.0,1,3,2,-1.8,93.369,-34.8,0.652,5008.7,0.1,8,1.0,1.0,0.0,1,7,0.0,6,3,1,3
28911,48.0,3,999,0,1.4,93.444,-36.1,4.965,5228.1,999.0,0,0.0,0.0,0.0,2,5,0.0,5,8,1,1
28912,48.0,1,999,1,-0.1,93.2,-42.0,4.021,5195.8,999.0,1,0.0,1.0,0.0,2,8,0.0,3,11,1,2
28913,56.0,1,999,0,1.4,93.918,-42.7,4.962,5228.1,999.0,0,1.0,0.0,1.0,2,2,0.0,4,7,1,1
28914,31.0,1,999,0,1.4,93.918,-42.7,4.962,5228.1,999.0,0,0.0,0.0,1.0,2,4,0.0,4,7,1,1
28915,31.0,4,999,0,1.4,93.444,-36.1,4.964,5228.1,999.0,0,0.0,0.0,0.0,2,6,0.0,5,8,1,1
28916,66.0,1,7,1,-3.4,92.649,-30.1,0.714,5017.5,0.233333333333,1,1.0,0.0,0.0,2,2,0.0,8,11,2,3
28917,29.0,4,999,0,-1.8,92.893,-46.2,1.313,5099.1,999.0,0,0.0,0.0,0.0,2,4,0.0,4,5,1,1
28918,32.0,4,999,0,1.4,93.444,-36.1,4.964,5228.1,999.0,0,1.0,0.0,0.0,2,6,0.0,5,8,1,1
28919,34.0,5,999,0,-1.8,93.075,-47.1,1.405,5099.1,999.0,0,1.0,0.0,1.0,2,3,0.0,4,4,2,1
28920,31.0,1,999,0,1.4,94.465,-41.8,4.961,5228.1,999.0,0,1.0,1.0,1.0,2,7,0.0,1,6,2,1
28921,55.0,2,999,0,-0.1,93.2,-42.0,4.12,5195.8,999.0,0,1.0,0.0,0.0,2,8,0.0,3,11,1,1
28922,56.0,3,999,1,-1.8,92.893,-46.2,1.354,5099.1,999.0,2,1.0,1.0,1.0,2,5,0.0,2,5,2,2
28923,21.0,1,999,0,1.4,93.918,-42.7,4.963,5228.1,999.0,0,0.0,0.0,0.0,2,4,0.0,4,7,1,1
28924,41.0,1,999,0,1.4,93.918,-42.7,4.966,5228.1,999.0,0,0.0,1.0,1.0,1,8,0.0,9,7,1,1
28925,31.0,3,999,0,-1.8,92.843,-50.0,1.726,5099.1,999.0,0,0.0,0.0,0.0,1,6,0.0,5,3,1,1
28926,46.0,3,999,0,1.4,93.918,-42.7,4.968,5228.1,999.0,0,0.0,0.0,0.0,3,6,0.0,5,7,1,1
28927,35.0,2,999,0,-1.8,92.893,-46.2,1.266,5099.1,999.0,0,0.0,1.0,0.0,2,6,0.0,7,5,1,1
28928,38.0,3,999,0,1.4,93.918,-42.7,4.962,5228.1,999.0,0,0.0,0.0,0.0,1,8,0.0,11,7,2,1
28929,31.0,1,999,0,1.4,93.918,-42.7,4.958,5228.1,999.0,0,1.0,1.0,0.0,1,5,0.0,9,7,1,1
28930,39.0,1,3,2,-1.8,93.876,-40.0,0.668,5008.7,0.1,8,1.0,0.0,0.0,2,5,0.0,6,5,1,3
28931,31.0,2,999,0,-1.8,92.893,-46.2,1.266,5099.1,999.0,0,1.0,0.0,0.0,1,5,0.0,11,5,1,1
28932,25.0,4,999,0,1.4,93.918,-42.7,4.963,5228.1,999.0,0,1.0,0.0,0.0,1,8,0.0,6,7,1,1
28933,36.0,7,999,0,1.4,93.444,-36.1,4.963,5228.1,999.0,0,1.0,1.0,0.0,1,5,0.0,5,8,1,1
28934,41.0,1,6,1,-2.9,92.201,-31.4,0.861,5076.2,0.2,3,1.0,0.0,0.0,1,5,0.0,6,8,1,3
28935,31.0,1,999,0,1.1,93.994,-36.4,4.857,5191.0,999.0,0,1.0,0.0,1.0,3,8,0.0,3,5,2,1
28936,34.0,3,999,0,1.4,93.444,-36.1,4.965,5228.1,999.0,0,1.0,0.0,0.0,1,7,0.0,6,8,1,1
28937,31.0,1,999,0,-0.1,93.2,-42.0,4.223,5195.8,999.0,0,0.0,0.0,1.0,2,7,0.0,3,11,1,1
28938,41.0,2,999,0,1.1,93.994,-36.4,4.859,5191.0,999.0,0,0.0,0.0,1.0,2,5,0.0,6,5,1,1
28939,54.0,2,999,0,1.1,93.994,-36.4,4.857,5191.0,999.0,0,0.0,0.0,1.0,3,8,0.0,3,5,2,1
28940,25.0,1,999,0,1.1,93.994,-36.4,4.858,5191.0,999.0,0,0.0,0.0,1.0,1,7,0.0,1,5,2,1
28941,28.0,6,999,0,1.1,93.994,-36.4,4.856,5191.0,999.0,0,0.0,0.0,1.0,2,5,0.0,6,5,1,1
28942,31.0,1,3,1,-1.7,94.055,-39.8,0.754,4991.6,0.1,1,0.0,1.0,0.0,2,2,0.0,4,6,2,3
28943,43.0,1,999,0,1.1,93.994,-36.4,4.856,5191.0,999.0,0,0.0,0.0,1.0,1,6,0.0,5,5,1,1
28944,52.0,5,999,0,1.1,93.994,-36.4,4.857,5191.0,999.0,0,0.0,0.0,1.0,2,7,0.0,3,5,2,1
28945,39.0,2,999,0,1.4,94.465,-41.8,4.961,5228.1,999.0,0,1.0,0.0,1.0,2,7,0.0,6,6,2,1
28946,31.0,1,999,0,-2.9,92.469,-33.6,1.029,5076.2,999.0,0,1.0,0.0,0.0,2,8,0.0,4,7,1,1
28947,31.0,2,999,0,-2.9,92.963,-40.8,1.262,5076.2,999.0,0,1.0,1.0,0.0,2,5,0.0,6,6,1,1
28948,31.0,3,999,0,-0.1,93.2,-42.0,4.153,5195.8,999.0,0,1.0,0.0,0.0,2,8,0.0,3,11,1,1
28949,31.0,2,999,0,1.4,93.918,-42.7,4.958,5228.1,999.0,0,0.0,0.0,0.0,1,4,0.0,4,7,1,1
28950,32.0,3,999,0,1.4,93.918,-42.7,4.961,5228.1,999.0,0,1.0,0.0,0.0,1,7,0.0,7,7,1,1
28951,27.0,3,999,0,1.4,94.465,-41.8,4.959,5228.1,999.0,0,1.0,0.0,1.0,2,5,0.0,9,6,1,1
28952,29.0,7,999,0,-1.8,92.893,-46.2,1.266,5099.1,999.0,0,0.0,0.0,1.0,1,6,0.0,5,5,1,1
28953,34.0,1,999,0,1.4,93.444,-36.1,4.965,5228.1,999.0,0,1.0,1.0,0.0,2,8,0.0,7,8,1,1
28954,26.0,1,999,0,-1.8,92.843,-50.0,1.538,5099.1,999.0,0,0.0,0.0,0.0,1,5,0.0,11,3,1,1
28955,33.0,1,999,0,1.1,93.994,-36.4,4.858,5191.0,999.0,0,0.0,0.0,1.0,1,8,0.0,6,5,1,1
28956,31.0,4,999,0,1.1,93.994,-36.4,4.859,5191.0,999.0,0,1.0,0.0,1.0,2,8,0.0,6,5,1,1
28957,30.0,1,999,0,1.4,94.465,-41.8,4.955,5228.1,999.0,0,1.0,1.0,1.0,2,8,0.0,6,6,1,1
28958,44.0,1,999,0,-1.7,94.055,-39.8,0.72,4991.6,999.0,0,0.0,0.0,1.0,1,5,0.0,9,6,2,1
28959,31.0,2,999,0,-1.8,93.075,-47.1,1.479,5099.1,999.0,0,0.0,0.0,0.0,2,5,0.0,7,4,1,1
28960,31.0,1,999,1,-0.1,93.2,-42.0,4.153,5195.8,999.0,6,0.0,0.0,0.0,2,2,0.0,4,11,1,2
28961,60.0,1,999,0,1.1,93.994,-36.4,4.857,5191.0,999.0,0,1.0,0.0,1.0,1,8,0.0,12,5,1,1
28962,43.0,1,999,0,-1.8,92.893,-46.2,1.327,5099.1,999.0,0,1.0,0.0,0.0,2,8,0.0,9,5,1,1
28963,37.0,2,999,0,-1.8,92.893,-46.2,1.299,5099.1,999.0,0,0.0,0.0,1.0,2,5,0.0,6,5,2,1
28964,52.0,1,999,0,1.4,93.918,-42.7,4.962,5228.1,999.0,0,1.0,0.0,0.0,2,8,0.0,4,7,1,1
28965,31.0,12,999,0,-1.8,92.893,-46.2,1.291,5099.1,999.0,0,1.0,0.0,1.0,2,5,0.0,9,5,1,1
28966,45.0,5,999,0,1.1,93.994,-36.4,4.856,5191.0,999.0,0,1.0,0.0,1.0,2,6,0.0,5,5,1,1
28967,46.0,1,999,0,-1.8,92.893,-46.2,1.299,5099.1,999.0,0,1.0,0.0,0.0,2,8,0.0,4,5,2,1
28968,25.0,1,999,1,-1.1,94.601,-49.5,0.977,4963.6,999.0,4,0.0,0.0,0.0,1,5,0.0,9,10,2,2
28969,26.0,2,999,0,-1.8,92.843,-50.0,1.602,5099.1,999.0,0,0.0,0.0,0.0,1,5,0.0,11,3,1,1
28970,36.0,2,999,0,-0.1,93.2,-42.0,4.076,5195.8,999.0,0,1.0,0.0,0.0,2,5,0.0,4,11,1,1
28971,31.0,1,999,0,-1.8,92.893,-46.2,1.291,5099.1,999.0,0,0.0,1.0,0.0,2,8,0.0,9,5,1,1
28972,42.0,1,999,0,-3.4,92.431,-26.9,0.731,5017.5,999.0,0,1.0,1.0,0.0,2,7,0.0,3,10,2,1
28973,31.0,1,999,0,-1.8,93.075,-47.1,1.453,5099.1,999.0,0,1.0,1.0,0.0,2,4,0.0,4,4,1,1
28974,31.0,2,999,0,1.1,93.994,-36.4,4.855,5191.0,999.0,0,0.0,0.0,1.0,2,3,0.0,4,5,1,1
28975,39.0,1,999,1,-1.8,92.893,-46.2,1.281,5099.1,999.0,2,0.0,0.0,1.0,3,8,0.0,6,5,1,2
28976,32.0,1,999,0,1.4,93.444,-36.1,4.965,5228.1,999.0,0,0.0,0.0,0.0,1,7,0.0,6,8,1,1
28977,43.0,2,999,0,1.4,93.444,-36.1,4.964,5228.1,999.0,0,0.0,0.0,0.0,2,8,0.0,5,8,1,1
28978,44.0,2,999,0,1.1,93.994,-36.4,4.857,5191.0,999.0,0,0.0,0.0,1.0,2,5,0.0,6,5,1,1
28979,31.0,2,999,0,1.4,93.918,-42.7,4.963,5228.1,999.0,0,0.0,0.0,1.0,2,4,0.0,9,7,1,1
28980,28.0,3,999,0,1.4,94.465,-41.8,4.961,5228.1,999.0,0,1.0,0.0,1.0,2,3,0.0,4,6,2,1
28981,29.0,12,999,0,1.1,93.994,-36.4,4.864,5191.0,999.0,0,0.0,0.0,1.0,2,5,0.0,2,5,1,1
28982,28.0,2,999,0,1.4,93.918,-42.7,4.968,5228.1,999.0,0,0.0,0.0,0.0,2,2,0.0,4,7,1,1
28983,52.0,1,999,0,-1.7,94.055,-39.8,0.707,4991.6,999.0,0,1.0,0.0,1.0,2,7,0.0,1,6,1,1
28984,23.0,5,999,0,-1.8,92.893,-46.2,1.244,5099.1,999.0,0,0.0,0.0,0.0,1,8,0.0,6,5,2,1
28985,31.0,1,999,0,1.4,93.444,-36.1,4.964,5228.1,999.0,0,1.0,1.0,0.0,2,7,0.0,6,8,1,1
28986,31.0,1,999,0,1.4,94.465,-41.8,4.866,5228.1,999.0,0,1.0,0.0,1.0,2,4,0.0,4,6,1,1
28987,41.0,2,999,0,-0.1,93.2,-42.0,4.076,5195.8,999.0,0,0.0,0.0,0.0,2,4,0.0,3,11,1,1
28988,35.0,2,999,0,1.4,93.444,-36.1,4.963,5228.1,999.0,0,1.0,0.0,0.0,2,7,0.0,6,8,1,1
28989,31.0,4,999,0,1.4,93.918,-42.7,4.96,5228.1,999.0,0,1.0,1.0,0.0,1,5,0.0,6,7,2,1
28990,26.0,3,999,0,-1.8,92.893,-46.2,1.25,5099.1,999.0,0,1.0,1.0,0.0,1,7,0.0,5,5,1,1
28991,38.0,5,999,0,1.1,93.994,-36.4,4.857,5191.0,999.0,0,0.0,0.0,1.0,1,7,0.0,6,5,1,1
28992,31.0,1,999,0,-0.1,93.2,-42.0,4.076,5195.8,999.0,0,0.0,0.0,0.0,2,5,0.0,9,11,1,1
28993,30.0,1,999,0,-2.9,92.963,-40.8,1.26,5076.2,999.0,0,1.0,0.0,0.0,2,8,0.0,6,6,1,1
28994,32.0,3,999,0,-1.8,92.893,-46.2,1.266,5099.1,999.0,0,1.0,0.0,0.0,3,8,0.0,7,5,1,1
28995,36.0,7,999,0,1.1,93.994,-36.4,4.857,5191.0,999.0,0,0.0,0.0,1.0,2,8,0.0,4,5,2,1
28996,31.0,1,999,0,1.4,93.918,-42.7,4.958,5228.1,999.0,0,1.0,0.0,0.0,2,4,0.0,4,7,1,1
28997,48.0,23,999,0,1.1,93.994,-36.4,4.859,5191.0,999.0,0,1.0,0.0,1.0,2,7,0.0,3,5,1,1
28998,31.0,7,999,0,1.4,93.918,-42.7,4.962,5228.1,999.0,0,1.0,1.0,0.0,3,8,0.0,9,7,1,1
28999,31.0,1,999,0,-1.8,92.843,-50.0,1.757,5099.1,999.0,0,1.0,0.0,0.0,2,6,0.0,5,3,1,1
29000,24.0,1,999,1,-1.8,92.893,-46.2,1.266,5099.1,999.0,2,0.0,0.0,0.0,1,5,0.0,9,5,1,2
29001,34.0,4,999,0,1.4,93.918,-42.7,4.961,5228.1,999.0,0,1.0,0.0,0.0,2,3,0.0,4,7,1,1
29002,49.0,2,999,0,-1.8,92.893,-46.2,1.281,5099.1,999.0,0,0.0,0.0,0.0,2,8,0.0,7,5,1,1
29003,29.0,2,999,0,-1.8,92.893,-46.2,1.281,5099.1,999.0,0,1.0,0.0,0.0,1,3,0.0,9,5,1,1
29004,57.0,1,999,0,-1.8,93.075,-47.1,1.415,5099.1,999.0,0,1.0,0.0,0.0,2,8,0.0,5,4,1,1
29005,31.0,1,999,0,1.4,93.444,-36.1,4.963,5228.1,999.0,0,1.0,0.0,0.0,2,7,0.0,6,8,1,1
29006,26.0,2,999,1,-2.9,92.201,-31.4,0.821,5076.2,999.0,2,1.0,0.0,0.0,1,7,0.0,1,8,2,2
29007,31.0,2,999,0,1.1,93.994,-36.4,4.855,5191.0,999.0,0,1.0,0.0,1.0,2,8,0.0,9,5,1,1
29008,36.0,1,999,2,-1.8,92.893,-46.2,1.334,5099.1,999.0,2,1.0,0.0,0.0,1,7,0.0,3,5,1,2
29009,45.0,4,999,0,1.4,93.918,-42.7,4.961,5228.1,999.0,0,0.0,0.0,0.0,3,8,0.0,1,7,1,1
29010,39.0,5,999,0,-1.8,92.843,-50.0,1.687,5099.1,999.0,0,0.0,0.0,0.0,1,5,0.0,6,3,1,1
29011,38.0,3,999,0,1.4,94.465,-41.8,4.866,5228.1,999.0,0,0.0,0.0,1.0,2,8,0.0,7,6,1,1
29012,31.0,1,999,0,-0.1,93.2,-42.0,4.153,5195.8,999.0,0,0.0,0.0,0.0,2,8,0.0,6,11,1,1
29013,42.0,1,999,0,1.4,93.444,-36.1,4.966,5228.1,999.0,0,0.0,0.0,0.0,2,8,0.0,5,8,1,1
29014,57.0,2,999,0,-0.1,93.2,-42.0,4.021,5195.8,999.0,0,1.0,0.0,0.0,2,5,0.0,6,11,1,1
29015,31.0,1,3,1,-1.1,94.601,-49.5,0.959,4963.6,0.1,1,0.0,0.0,0.0,2,6,0.0,5,10,1,3
29016,28.0,1,999,0,1.1,93.994,-36.4,4.855,5191.0,999.0,0,0.0,0.0,1.0,1,8,0.0,5,5,1,1
29017,37.0,1,999,0,-1.8,92.893,-46.2,1.299,5099.1,999.0,0,0.0,0.0,0.0,2,5,0.0,6,5,2,1
29018,50.0,1,999,0,1.1,93.994,-36.4,4.856,5191.0,999.0,0,1.0,1.0,1.0,3,8,0.0,2,5,1,1
29019,31.0,1,999,1,-1.8,93.075,-47.1,1.415,5099.1,999.0,1,1.0,0.0,0.0,2,5,0.0,5,4,1,2
29020,43.0,2,999,0,1.4,93.918,-42.7,4.961,5228.1,999.0,0,0.0,1.0,0.0,2,8,0.0,4,7,1,1
29021,31.0,3,999,0,-3.4,92.649,-30.1,0.722,5017.5,999.0,0,1.0,0.0,0.0,2,7,0.0,2,11,2,1
29022,47.0,5,999,1,-2.9,92.963,-40.8,1.224,5076.2,999.0,3,1.0,0.0,0.0,2,6,0.0,5,6,1,2
29023,24.0,4,999,0,1.4,93.918,-42.7,4.961,5228.1,999.0,0,0.0,0.0,0.0,2,6,0.0,4,7,1,1
29024,31.0,5,3,3,-1.1,94.199,-37.5,0.879,4963.6,0.1,6,0.0,0.0,0.0,3,7,0.0,3,9,1,3
29025,50.0,2,999,0,1.4,94.465,-41.8,4.865,5228.1,999.0,0,0.0,0.0,1.0,2,5,0.0,6,6,2,1
29026,30.0,2,999,0,1.4,94.465,-41.8,4.955,5228.1,999.0,0,1.0,0.0,1.0,3,5,0.0,9,6,1,1
29027,57.0,3,999,0,-1.8,93.075,-47.1,1.453,5099.1,999.0,0,1.0,0.0,0.0,2,8,0.0,4,4,1,1
29028,42.0,1,999,0,-1.1,94.601,-49.5,1.045,4963.6,999.0,0,0.0,0.0,1.0,2,4,0.0,9,10,1,1
29029,48.0,1,999,0,1.4,94.465,-41.8,4.865,5228.1,999.0,0,0.0,1.0,1.0,2,8,0.0,7,6,2,1
29030,23.0,1,999,0,-1.8,92.893,-46.2,1.266,5099.1,999.0,0,1.0,0.0,0.0,1,3,0.0,11,5,1,1
29031,31.0,3,999,0,-1.8,93.075,-47.1,1.405,5099.1,999.0,0,1.0,0.0,0.0,2,2,0.0,7,4,1,1
29032,31.0,1,999,0,1.4,93.444,-36.1,4.963,5228.1,999.0,0,1.0,1.0,0.0,1,7,0.0,6,8,1,1
29033,42.0,6,999,0,-1.7,94.215,-40.3,0.885,4991.6,999.0,0,0.0,0.0,0.0,1,7,0.0,12,7,1,1
29034,45.0,1,999,0,1.1,93.994,-36.4,4.856,5191.0,999.0,0,1.0,0.0,1.0,2,8,0.0,6,5,1,1
29035,31.0,1,999,0,1.4,93.444,-36.1,4.963,5228.1,999.0,0,0.0,0.0,0.0,2,7,0.0,5,8,1,1
29036,25.0,3,999,0,1.4,94.465,-41.8,4.959,5228.1,999.0,0,0.0,0.0,1.0,1,5,0.0,4,6,1,1
29037,46.0,2,999,1,-1.8,92.893,-46.2,1.313,5099.1,999.0,2,0.0,0.0,0.0,2,5,0.0,6,5,1,2
29038,47.0,6,999,0,1.1,93.994,-36.4,4.859,5191.0,999.0,0,0.0,0.0,1.0,2,8,0.0,5,5,1,1
29039,54.0,1,999,1,-1.8,92.893,-46.2,1.264,5099.1,999.0,3,0.0,0.0,0.0,2,7,0.0,3,5,2,2
29040,32.0,3,999,0,-1.8,92.893,-46.2,1.299,5099.1,999.0,0,0.0,0.0,0.0,2,2,0.0,4,5,2,1
29041,31.0,2,999,0,1.4,93.444,-36.1,4.965,5228.1,999.0,0,1.0,0.0,0.0,2,5,0.0,6,8,2,1
29042,37.0,2,999,0,-1.8,92.893,-46.2,1.334,5099.1,999.0,0,0.0,0.0,0.0,2,4,0.0,4,5,1,1
29043,31.0,2,999,0,1.4,93.918,-42.7,4.962,5228.1,999.0,0,0.0,0.0,0.0,1,6,0.0,6,7,1,1
29044,57.0,1,999,0,-2.9,92.469,-33.6,1.059,5076.2,999.0,0,0.0,0.0,0.0,2,8,0.0,12,7,1,1
29045,31.0,2,999,0,1.1,93.994,-36.4,4.857,5191.0,999.0,0,0.0,1.0,1.0,2,7,0.0,7,5,1,1
29046,26.0,4,999,0,-1.8,92.893,-46.2,1.327,5099.1,999.0,0,0.0,0.0,0.0,2,4,0.0,4,5,1,1
29047,27.0,2,999,0,1.1,93.994,-36.4,4.855,5191.0,999.0,0,0.0,0.0,1.0,2,7,0.0,7,5,1,1
29048,31.0,1,999,1,-0.1,93.2,-42.0,4.021,5195.8,999.0,4,1.0,0.0,0.0,1,8,0.0,5,11,1,2
29049,35.0,3,999,0,1.4,93.918,-42.7,4.958,5228.1,999.0,0,1.0,0.0,0.0,1,5,0.0,12,7,1,1
29050,33.0,4,999,0,1.4,94.465,-41.8,4.865,5228.1,999.0,0,0.0,0.0,1.0,1,6,0.0,5,6,2,1
29051,56.0,1,999,0,1.4,94.465,-41.8,4.864,5228.1,999.0,0,1.0,0.0,1.0,2,8,0.0,7,6,1,1
29052,26.0,2,6,2,-2.9,92.201,-31.4,0.825,5076.2,0.2,10,1.0,0.0,0.0,1,5,0.0,11,8,1,2
29053,38.0,5,999,0,1.4,93.444,-36.1,4.965,5228.1,999.0,0,0.0,0.0,0.0,2,5,0.0,5,8,1,1
29054,31.0,3,999,0,1.4,93.444,-36.1,4.966,5228.1,999.0,0,1.0,0.0,0.0,1,7,0.0,9,8,1,1
29055,35.0,4,999,0,-2.9,92.963,-40.8,1.26,5076.2,999.0,0,0.0,0.0,0.0,2,7,0.0,6,6,1,1
29056,34.0,8,999,0,1.4,94.465,-41.8,4.864,5228.1,999.0,0,1.0,0.0,1.0,2,2,0.0,4,6,1,1
29057,41.0,2,999,0,1.1,93.994,-36.4,4.857,5191.0,999.0,0,1.0,0.0,1.0,3,3,0.0,4,5,2,1
29058,35.0,2,999,0,-0.1,93.2,-42.0,4.153,5195.8,999.0,0,1.0,0.0,0.0,2,4,0.0,4,11,1,1
29059,44.0,3,999,2,-1.8,93.075,-47.1,1.405,5099.1,999.0,6,1.0,1.0,0.0,3,8,0.0,4,4,2,2
29060,41.0,3,999,1,-1.8,92.893,-46.2,1.327,5099.1,999.0,2,1.0,0.0,0.0,2,4,0.0,4,5,1,2
29061,34.0,4,999,1,-1.8,92.893,-46.2,1.313,5099.1,999.0,2,1.0,1.0,1.0,2,4,0.0,4,5,1,2
29062,31.0,5,999,0,1.1,93.994,-36.4,4.857,5191.0,999.0,0,0.0,0.0,1.0,1,8,0.0,4,5,1,1
29063,31.0,1,999,0,1.4,93.918,-42.7,4.962,5228.1,999.0,0,1.0,1.0,1.0,2,8,0.0,1,7,2,1
29064,55.0,1,999,0,1.4,93.444,-36.1,4.965,5228.1,999.0,0,0.0,0.0,0.0,2,8,0.0,9,8,2,1
29065,35.0,2,999,0,-0.1,93.2,-42.0,4.153,5195.8,999.0,0,0.0,0.0,0.0,2,7,0.0,6,11,1,1
29066,30.0,3,999,0,1.1,93.994,-36.4,4.864,5191.0,999.0,0,1.0,0.0,1.0,1,3,0.0,4,5,1,1
29067,31.0,1,999,0,1.4,94.465,-41.8,4.958,5228.1,999.0,0,0.0,0.0,1.0,2,5,0.0,6,6,1,1
29068,29.0,1,999,0,1.4,93.918,-42.7,4.958,5228.1,999.0,0,1.0,0.0,0.0,2,8,0.0,10,7,1,1
29069,40.0,1,999,0,-0.1,93.2,-42.0,4.12,5195.8,999.0,0,0.0,0.0,0.0,2,8,0.0,6,11,1,1
29070,36.0,2,999,1,-0.1,93.2,-42.0,4.191,5195.8,999.0,2,1.0,0.0,0.0,2,8,0.0,9,11,2,2
29071,30.0,2,999,0,1.4,94.465,-41.8,4.961,5228.1,999.0,0,0.0,1.0,1.0,2,8,0.0,9,6,1,1
29072,30.0,2,999,0,1.1,93.994,-36.4,4.856,5191.0,999.0,0,0.0,0.0,1.0,2,6,0.0,1,5,1,1
29073,32.0,2,999,0,-0.1,93.2,-42.0,4.076,5195.8,999.0,0,1.0,0.0,1.0,3,4,0.0,4,11,1,1
29074,38.0,4,999,0,1.4,93.918,-42.7,4.961,5228.1,999.0,0,0.0,0.0,0.0,1,7,0.0,9,7,1,1
29075,28.0,2,999,1,-1.8,92.893,-46.2,1.266,5099.1,999.0,3,0.0,0.0,1.0,2,8,0.0,5,5,1,2
29076,31.0,2,999,0,1.4,93.444,-36.1,4.964,5228.1,999.0,0,1.0,1.0,0.0,1,7,0.0,6,8,1,1
29077,31.0,1,999,0,1.1,93.994,-36.4,4.858,5191.0,999.0,0,0.0,0.0,1.0,2,2,0.0,4,5,1,1
29078,48.0,1,10,1,-1.8,92.893,-46.2,1.291,5099.1,0.333333333333,1,0.0,0.0,0.0,2,4,0.0,4,5,1,3
29079,48.0,3,999,0,1.4,93.918,-42.7,4.963,5228.1,999.0,0,1.0,1.0,0.0,2,8,0.0,9,7,1,1
29080,34.0,3,999,0,1.1,93.994,-36.4,4.856,5191.0,999.0,0,0.0,1.0,1.0,1,5,0.0,4,5,1,1
29081,31.0,4,999,0,1.4,93.444,-36.1,4.963,5228.1,999.0,0,1.0,0.0,0.0,2,8,0.0,8,8,1,1
29082,31.0,2,999,0,1.4,94.465,-41.8,4.864,5228.1,999.0,0,0.0,0.0,1.0,2,2,0.0,4,6,1,1
29083,35.0,2,999,0,1.1,93.994,-36.4,4.856,5191.0,999.0,0,0.0,0.0,1.0,1,8,0.0,6,5,1,1
29084,41.0,3,999,0,1.1,93.994,-36.4,4.86,5191.0,999.0,0,0.0,0.0,1.0,2,2,0.0,4,5,1,1
29085,30.0,1,999,0,1.4,93.444,-36.1,4.965,5228.1,999.0,0,1.0,0.0,0.0,1,7,0.0,6,8,2,1
29086,54.0,1,999,0,1.1,93.994,-36.4,4.857,5191.0,999.0,0,1.0,0.0,1.0,1,8,0.0,4,5,1,1
29087,38.0,2,999,0,1.1,93.994,-36.4,4.857,5191.0,999.0,0,1.0,0.0,1.0,2,4,0.0,4,5,1,1
29088,26.0,5,999,0,1.4,93.918,-42.7,4.962,5228.1,999.0,0,0.0,0.0,0.0,1,8,0.0,5,7,1,1
29089,51.0,2,999,0,1.4,94.465,-41.8,4.959,5228.1,999.0,0,0.0,0.0,1.0,2,8,0.0,10,6,1,1
29090,41.0,1,999,0,1.4,93.444,-36.1,4.966,5228.1,999.0,0,0.0,0.0,0.0,1,7,0.0,6,8,1,1
29091,60.0,1,999,0,-3.4,92.431,-26.9,0.739,5017.5,999.0,0,0.0,0.0,0.0,2,2,0.0,8,10,2,1
29092,33.0,1,999,0,1.4,93.444,-36.1,4.967,5228.1,999.0,0,0.0,0.0,0.0,1,8,0.0,5,8,1,1
29093,39.0,1,999,1,-2.9,92.201,-31.4,0.873,5076.2,999.0,4,1.0,0.0,0.0,2,7,0.0,6,8,1,2
29094,34.0,1,999,0,-1.8,92.893,-46.2,1.299,5099.1,999.0,0,1.0,0.0,0.0,2,8,0.0,6,5,2,1
29095,50.0,5,999,0,1.4,93.444,-36.1,4.962,5228.1,999.0,0,1.0,1.0,0.0,2,4,0.0,4,8,1,1
29096,46.0,1,999,0,-0.1,93.2,-42.0,4.076,5195.8,999.0,0,1.0,0.0,0.0,3,5,0.0,7,11,1,1
29097,31.0,1,999,1,-3.4,92.431,-26.9,0.743,5017.5,999.0,4,1.0,1.0,0.0,2,7,0.0,6,10,2,2
29098,39.0,2,999,0,1.1,93.994,-36.4,4.857,5191.0,999.0,0,1.0,0.0,1.0,2,5,0.0,2,5,1,1
29099,31.0,1,999,0,-1.8,92.893,-46.2,1.266,5099.1,999.0,0,1.0,1.0,0.0,2,8,0.0,4,5,1,1
29100,50.0,1,999,0,-0.1,93.2,-42.0,4.021,5195.8,999.0,0,1.0,0.0,1.0,3,7,0.0,5,11,1,1
29101,33.0,3,999,0,1.4,93.444,-36.1,4.967,5228.1,999.0,0,1.0,0.0,0.0,1,7,0.0,2,8,1,1
29102,41.0,2,999,0,1.1,93.994,-36.4,4.857,5191.0,999.0,0,0.0,0.0,1.0,2,7,0.0,3,5,1,1
29103,37.0,5,999,0,1.4,93.918,-42.7,4.957,5228.1,999.0,0,1.0,0.0,0.0,2,6,0.0,5,7,1,1
29104,31.0,3,999,0,1.4,93.918,-42.7,4.962,5228.1,999.0,0,1.0,1.0,0.0,2,8,0.0,1,7,2,1
29105,36.0,3,999,0,1.4,94.465,-41.8,4.864,5228.1,999.0,0,0.0,0.0,1.0,2,4,0.0,6,6,1,1
29106,30.0,1,999,0,-1.8,92.893,-46.2,1.334,5099.1,999.0,0,0.0,0.0,0.0,2,4,0.0,4,5,1,1
29107,35.0,3,999,0,1.4,93.918,-42.7,4.962,5228.1,999.0,0,1.0,1.0,0.0,2,6,0.0,5,7,1,1
29108,44.0,1,999,0,1.4,94.465,-41.8,4.959,5228.1,999.0,0,1.0,0.0,1.0,2,7,0.0,6,6,1,1
29109,31.0,4,999,0,1.4,93.444,-36.1,4.964,5228.1,999.0,0,0.0,0.0,0.0,2,7,0.0,3,8,1,1
29110,47.0,6,999,0,1.4,93.444,-36.1,4.966,5228.1,999.0,0,0.0,0.0,0.0,3,8,0.0,6,8,1,1
29111,39.0,2,999,1,-1.8,92.893,-46.2,1.281,5099.1,999.0,2,0.0,1.0,0.0,2,3,0.0,4,5,1,2
29112,60.0,4,999,2,-1.8,92.893,-46.2,1.25,5099.1,999.0,6,0.0,0.0,0.0,3,5,0.0,8,5,1,2
29113,50.0,1,999,0,1.4,93.444,-36.1,4.967,5228.1,999.0,0,0.0,0.0,0.0,2,8,0.0,5,8,1,1
29114,31.0,2,999,0,1.1,93.994,-36.4,4.859,5191.0,999.0,0,1.0,0.0,1.0,2,3,0.0,4,5,1,1
29115,51.0,1,2,1,-1.8,93.075,-47.1,1.365,5099.1,0.0666666666667,0,0.0,0.0,0.0,2,3,0.0,9,4,1,3
29116,53.0,5,999,0,1.1,93.994,-36.4,4.858,5191.0,999.0,0,1.0,0.0,1.0,1,7,0.0,6,5,1,1
29117,31.0,1,999,0,-1.7,94.027,-38.3,0.891,4991.6,999.0,0,0.0,0.0,1.0,1,6,0.0,6,8,2,1
29118,40.0,1,999,0,1.4,93.918,-42.7,4.962,5228.1,999.0,0,1.0,0.0,0.0,2,8,0.0,4,7,1,1
29119,38.0,3,6,1,-1.8,93.075,-47.1,1.405,5099.1,0.2,3,0.0,0.0,1.0,3,8,0.0,5,4,1,3
29120,41.0,1,999,0,-0.1,93.2,-42.0,4.191,5195.8,999.0,0,1.0,0.0,0.0,2,8,0.0,10,11,2,1
29121,59.0,1,999,0,1.1,93.994,-36.4,4.855,5191.0,999.0,0,1.0,0.0,1.0,2,3,0.0,4,5,1,1
29122,31.0,2,999,0,-1.8,93.075,-47.1,1.405,5099.1,999.0,0,0.0,1.0,0.0,3,7,0.0,3,4,1,1
29123,45.0,2,999,0,1.4,93.918,-42.7,4.962,5228.1,999.0,0,0.0,0.0,0.0,2,2,0.0,4,7,1,1
29124,40.0,1,999,0,1.4,93.444,-36.1,4.967,5228.1,999.0,0,0.0,1.0,0.0,3,7,0.0,6,8,1,1
29125,32.0,2,999,0,1.1,93.994,-36.4,4.856,5191.0,999.0,0,1.0,0.0,1.0,2,7,0.0,6,5,1,1
29126,31.0,1,999,0,1.4,94.465,-41.8,4.959,5228.1,999.0,0,0.0,0.0,1.0,2,2,0.0,4,6,1,1
29127,44.0,2,999,0,1.1,93.994,-36.4,4.857,5191.0,999.0,0,0.0,0.0,1.0,2,2,0.0,4,5,2,1
29128,55.0,2,999,0,1.4,93.918,-42.7,4.962,5228.1,999.0,0,1.0,0.0,0.0,3,7,0.0,6,7,2,1
29129,37.0,3,999,0,1.4,93.444,-36.1,4.963,5228.1,999.0,0,1.0,0.0,0.0,2,7,0.0,6,8,2,1
29130,34.0,1,999,1,-1.8,93.075,-47.1,1.41,5099.1,999.0,3,0.0,0.0,0.0,2,4,0.0,4,4,1,2
29131,40.0,1,999,0,1.4,93.918,-42.7,4.961,5228.1,999.0,0,0.0,0.0,0.0,2,8,0.0,6,7,1,1
29132,32.0,1,999,0,1.4,93.918,-42.7,4.963,5228.1,999.0,0,0.0,0.0,0.0,1,7,0.0,6,7,1,1
29133,56.0,3,999,0,-0.1,93.2,-42.0,4.076,5195.8,999.0,0,0.0,0.0,1.0,2,8,0.0,9,11,1,1
29134,43.0,1,999,0,1.4,93.918,-42.7,4.962,5228.1,999.0,0,1.0,0.0,0.0,2,8,0.0,7,7,1,1
29135,45.0,1,999,0,-0.1,93.2,-42.0,4.191,5195.8,999.0,0,0.0,0.0,0.0,2,5,0.0,6,11,2,1
29136,31.0,6,999,0,1.4,93.918,-42.7,4.961,5228.1,999.0,0,0.0,0.0,0.0,2,8,0.0,9,7,1,1
29137,31.0,3,999,0,1.4,93.918,-42.7,4.962,5228.1,999.0,0,1.0,0.0,1.0,2,7,0.0,1,7,1,1
29138,41.0,3,999,0,-1.8,92.893,-46.2,1.244,5099.1,999.0,0,1.0,0.0,0.0,1,5,0.0,5,5,2,1
29139,30.0,2,999,0,1.1,93.994,-36.4,4.864,5191.0,999.0,0,0.0,0.0,1.0,2,8,0.0,4,5,1,1
29140,49.0,1,999,0,1.4,94.465,-41.8,4.959,5228.1,999.0,0,0.0,0.0,1.0,2,8,0.0,4,6,1,1
29141,30.0,3,999,0,-0.1,93.2,-42.0,4.076,5195.8,999.0,0,0.0,1.0,0.0,1,7,0.0,4,11,1,1
29142,47.0,2,999,1,-1.8,93.075,-47.1,1.405,5099.1,999.0,1,1.0,0.0,0.0,2,4,0.0,5,4,2,2
29143,31.0,1,999,0,1.4,94.465,-41.8,4.961,5228.1,999.0,0,1.0,0.0,1.0,2,3,0.0,4,6,1,1
29144,31.0,1,999,0,1.4,93.444,-36.1,4.966,5228.1,999.0,0,0.0,0.0,0.0,2,6,0.0,5,8,1,1
29145,47.0,1,999,0,1.1,93.994,-36.4,4.855,5191.0,999.0,0,0.0,0.0,1.0,2,2,0.0,4,5,1,1
29146,36.0,5,999,0,1.1,93.994,-36.4,4.857,5191.0,999.0,0,1.0,0.0,1.0,2,8,0.0,4,5,1,1
29147,61.0,1,999,0,-3.4,92.431,-26.9,0.728,5017.5,999.0,0,0.0,0.0,1.0,2,5,0.0,8,10,1,1
29148,45.0,3,999,1,-3.4,92.649,-30.1,0.715,5017.5,999.0,2,1.0,1.0,0.0,1,7,0.0,6,11,1,2
29149,31.0,1,999,1,-0.1,93.2,-42.0,4.076,5195.8,999.0,1,0.0,1.0,0.0,2,7,0.0,5,11,1,2
29150,31.0,1,999,0,1.1,93.994,-36.4,4.86,5191.0,999.0,0,0.0,0.0,1.0,3,8,0.0,6,5,1,1
29151,40.0,1,999,0,-1.8,93.075,-47.1,1.466,5099.1,999.0,0,0.0,0.0,0.0,1,5,0.0,9,4,2,1
29152,36.0,1,999,0,-0.1,93.2,-42.0,4.153,5195.8,999.0,0,1.0,1.0,0.0,2,4,0.0,4,11,1,1
29153,31.0,1,999,0,1.1,93.994,-36.4,4.857,5191.0,999.0,0,0.0,1.0,1.0,2,7,0.0,6,5,1,1
29154,37.0,2,999,1,-1.8,92.893,-46.2,1.313,5099.1,999.0,3,1.0,0.0,0.0,1,4,0.0,1,5,1,2
29155,31.0,1,999,1,-3.4,92.649,-30.1,0.716,5017.5,999.0,2,1.0,0.0,0.0,1,8,0.0,5,11,1,2
29156,31.0,2,999,0,1.4,93.918,-42.7,4.962,5228.1,999.0,0,1.0,0.0,0.0,3,5,0.0,9,7,2,1
29157,52.0,35,999,0,1.1,93.994,-36.4,4.858,5191.0,999.0,0,0.0,0.0,1.0,2,2,0.0,3,5,2,1
29158,33.0,3,999,0,1.4,93.918,-42.7,4.96,5228.1,999.0,0,1.0,0.0,0.0,1,7,0.0,6,7,1,1
29159,30.0,7,999,0,-1.8,93.369,-34.8,0.646,5008.7,999.0,0,1.0,0.0,1.0,2,7,0.0,1,3,2,1
29160,34.0,1,999,1,-1.8,93.075,-47.1,1.405,5099.1,999.0,1,1.0,0.0,0.0,2,4,0.0,10,4,1,2
29161,47.0,1,999,0,1.1,93.994,-36.4,4.86,5191.0,999.0,0,0.0,0.0,1.0,2,2,0.0,6,5,1,1
29162,35.0,1,999,0,1.4,93.918,-42.7,4.957,5228.1,999.0,0,1.0,0.0,0.0,1,8,0.0,4,7,1,1
29163,29.0,2,999,0,-1.8,92.893,-46.2,1.244,5099.1,999.0,0,0.0,0.0,0.0,1,8,0.0,6,5,2,1
29164,31.0,1,999,0,1.4,94.465,-41.8,4.967,5228.1,999.0,0,0.0,0.0,1.0,2,8,0.0,2,6,1,1
29165,34.0,1,999,0,1.1,93.994,-36.4,4.86,5191.0,999.0,0,0.0,0.0,1.0,2,5,0.0,9,5,1,1
29166,36.0,3,999,0,1.4,93.918,-42.7,4.963,5228.1,999.0,0,0.0,0.0,1.0,2,3,0.0,4,7,1,1
29167,47.0,1,999,0,1.4,93.918,-42.7,4.961,5228.1,999.0,0,0.0,0.0,0.0,1,5,0.0,9,7,1,1
29168,30.0,5,999,0,1.4,93.444,-36.1,4.968,5228.1,999.0,0,0.0,0.0,0.0,1,8,0.0,6,8,1,1
29169,32.0,7,999,0,1.4,94.465,-41.8,4.959,5228.1,999.0,0,1.0,0.0,1.0,2,5,0.0,6,6,1,1
29170,31.0,6,999,0,1.4,93.918,-42.7,4.963,5228.1,999.0,0,1.0,1.0,0.0,2,8,0.0,9,7,1,1
29171,31.0,2,999,0,-1.8,92.893,-46.2,1.25,5099.1,999.0,0,1.0,0.0,1.0,2,7,0.0,10,5,1,1
29172,31.0,2,6,2,-1.8,93.749,-34.6,0.645,5008.7,0.2,0,1.0,1.0,0.0,2,5,0.0,6,4,2,3
29173,33.0,2,999,0,1.1,93.994,-36.4,4.856,5191.0,999.0,0,1.0,0.0,1.0,1,8,0.0,6,5,1,1
29174,58.0,1,999,0,1.4,93.444,-36.1,4.962,5228.1,999.0,0,0.0,0.0,0.0,2,8,0.0,2,8,1,1
29175,39.0,2,999,0,1.4,93.918,-42.7,4.957,5228.1,999.0,0,1.0,0.0,1.0,1,8,0.0,4,7,1,1
29176,31.0,1,999,0,-1.8,92.843,-50.0,1.65,5099.1,999.0,0,0.0,0.0,0.0,1,7,0.0,3,3,1,1
29177,37.0,1,999,1,-1.8,93.876,-40.0,0.699,5008.7,999.0,4,1.0,0.0,0.0,3,7,0.0,11,5,1,2
29178,32.0,2,10,3,-1.1,94.199,-37.5,0.884,4963.6,0.333333333333,6,1.0,0.0,0.0,1,7,0.0,6,9,1,3
29179,55.0,1,999,2,-3.4,92.431,-26.9,0.722,5017.5,999.0,2,0.0,0.0,0.0,2,2,0.0,8,10,1,2
29180,31.0,5,999,0,1.1,93.994,-36.4,4.856,5191.0,999.0,0,0.0,0.0,1.0,3,2,0.0,4,5,1,1
29181,33.0,1,999,0,1.4,93.918,-42.7,4.962,5228.1,999.0,0,0.0,0.0,0.0,1,4,0.0,5,7,1,1
29182,50.0,17,999,0,1.1,93.994,-36.4,4.857,5191.0,999.0,0,1.0,0.0,1.0,2,4,0.0,4,5,1,1
29183,29.0,3,999,0,1.4,93.444,-36.1,4.967,5228.1,999.0,0,1.0,1.0,0.0,1,7,0.0,5,8,1,1
29184,60.0,2,999,0,1.4,94.465,-41.8,4.865,5228.1,999.0,0,0.0,0.0,1.0,2,2,0.0,8,6,2,1
29185,46.0,4,999,0,1.4,93.918,-42.7,4.961,5228.1,999.0,0,0.0,0.0,1.0,3,8,0.0,5,7,1,1
29186,27.0,1,999,0,-1.1,94.601,-49.5,0.982,4963.6,999.0,0,0.0,0.0,1.0,1,5,0.0,11,10,1,1
29187,43.0,6,999,0,1.4,93.918,-42.7,4.957,5228.1,999.0,0,1.0,0.0,0.0,2,2,0.0,4,7,1,1
29188,33.0,1,999,0,1.1,93.994,-36.4,4.859,5191.0,999.0,0,1.0,0.0,1.0,1,8,0.0,9,5,1,1
29189,31.0,2,999,0,-1.8,92.843,-50.0,1.811,5099.1,999.0,0,1.0,0.0,0.0,1,8,0.0,5,3,2,1
29190,38.0,1,999,0,1.1,93.994,-36.4,4.857,5191.0,999.0,0,0.0,1.0,1.0,2,7,0.0,6,5,1,1
29191,31.0,2,999,0,-1.8,92.893,-46.2,1.266,5099.1,999.0,0,1.0,0.0,0.0,1,5,0.0,9,5,1,1
29192,47.0,3,999,0,1.4,94.465,-41.8,4.959,5228.1,999.0,0,0.0,0.0,1.0,2,3,0.0,9,6,1,1
29193,33.0,1,999,0,-0.1,93.2,-42.0,4.153,5195.8,999.0,0,1.0,0.0,0.0,1,5,0.0,6,11,1,1
29194,31.0,1,999,0,-3.4,92.649,-30.1,0.72,5017.5,999.0,0,1.0,1.0,1.0,2,8,0.0,8,11,1,1
29195,40.0,2,999,0,1.4,94.465,-41.8,4.959,5228.1,999.0,0,0.0,0.0,1.0,2,6,0.0,5,6,1,1
29196,62.0,2,999,1,-1.8,92.893,-46.2,1.259,5099.1,999.0,2,1.0,0.0,0.0,2,8,0.0,5,5,1,2
29197,31.0,1,999,0,-0.1,93.2,-42.0,4.191,5195.8,999.0,0,1.0,0.0,0.0,2,8,0.0,3,11,2,1
29198,33.0,1,999,0,1.4,93.444,-36.1,4.963,5228.1,999.0,0,0.0,0.0,0.0,2,8,0.0,6,8,1,1
29199,31.0,2,999,0,1.4,93.918,-42.7,4.958,5228.1,999.0,0,1.0,0.0,0.0,2,8,0.0,5,7,1,1
29200,46.0,3,999,0,1.1,93.994,-36.4,4.857,5191.0,999.0,0,1.0,0.0,1.0,2,8,0.0,9,5,2,1
29201,26.0,3,999,0,-1.8,93.075,-47.1,1.423,5099.1,999.0,0,1.0,0.0,0.0,1,7,0.0,10,4,1,1
29202,41.0,2,999,0,1.4,93.444,-36.1,4.964,5228.1,999.0,0,1.0,0.0,0.0,2,6,0.0,5,8,1,1
29203,74.0,1,999,0,-2.9,92.201,-31.4,0.879,5076.2,999.0,0,0.0,0.0,0.0,2,6,0.0,8,8,1,1
29204,36.0,1,999,0,-0.1,93.2,-42.0,4.153,5195.8,999.0,0,0.0,0.0,0.0,3,5,0.0,5,11,1,1
29205,31.0,1,999,1,-1.8,93.075,-47.1,1.445,5099.1,999.0,4,0.0,0.0,0.0,2,8,0.0,8,4,1,2
29206,28.0,5,999,0,1.1,93.994,-36.4,4.857,5191.0,999.0,0,0.0,0.0,1.0,2,6,0.0,1,5,2,1
29207,35.0,1,999,0,1.4,94.465,-41.8,4.864,5228.1,999.0,0,0.0,0.0,1.0,2,8,0.0,5,6,1,1
29208,37.0,2,999,0,1.4,94.465,-41.8,4.866,5228.1,999.0,0,1.0,1.0,1.0,2,4,0.0,7,6,1,1
29209,56.0,3,999,0,1.4,93.918,-42.7,4.961,5228.1,999.0,0,0.0,0.0,0.0,2,2,0.0,8,7,1,1
29210,42.0,2,999,0,1.4,93.918,-42.7,4.962,5228.1,999.0,0,1.0,0.0,0.0,2,8,0.0,7,7,1,1
29211,32.0,3,999,0,1.4,93.444,-36.1,4.965,5228.1,999.0,0,1.0,0.0,0.0,1,7,0.0,5,8,1,1
29212,52.0,2,999,0,1.1,93.994,-36.4,4.864,5191.0,999.0,0,1.0,1.0,1.0,1,8,0.0,1,5,1,1
29213,35.0,2,999,0,1.1,93.994,-36.4,4.855,5191.0,999.0,0,0.0,0.0,1.0,2,6,0.0,1,5,1,1
29214,31.0,2,999,0,-2.9,92.469,-33.6,1.029,5076.2,999.0,0,0.0,0.0,1.0,2,8,0.0,9,7,1,1
29215,56.0,2,999,0,-1.8,92.893,-46.2,1.264,5099.1,999.0,0,0.0,1.0,0.0,2,5,0.0,8,5,2,1
29216,31.0,2,999,0,-2.9,92.963,-40.8,1.266,5076.2,999.0,0,1.0,0.0,1.0,1,7,0.0,9,6,2,1
29217,29.0,2,999,0,1.1,93.994,-36.4,4.855,5191.0,999.0,0,0.0,0.0,1.0,1,7,0.0,6,5,1,1
29218,55.0,2,999,0,1.1,93.994,-36.4,4.856,5191.0,999.0,0,0.0,0.0,1.0,2,5,0.0,6,5,1,1
29219,76.0,2,999,0,-2.9,92.201,-31.4,0.881,5076.2,999.0,0,0.0,0.0,0.0,2,7,0.0,8,8,1,1
29220,44.0,2,999,0,1.4,93.444,-36.1,4.964,5228.1,999.0,0,0.0,0.0,0.0,3,8,0.0,5,8,1,1
29221,31.0,1,999,0,-3.4,92.431,-26.9,0.722,5017.5,999.0,0,1.0,1.0,0.0,2,7,0.0,1,10,1,1
29222,61.0,4,999,0,1.4,94.465,-41.8,4.864,5228.1,999.0,0,1.0,1.0,1.0,2,5,0.0,8,6,1,1
29223,30.0,3,999,0,1.1,93.994,-36.4,4.86,5191.0,999.0,0,1.0,0.0,1.0,2,8,0.0,4,5,1,1
29224,27.0,1,999,0,-2.9,92.963,-40.8,1.266,5076.2,999.0,0,1.0,1.0,0.0,1,7,0.0,6,6,2,1
29225,50.0,3,999,0,1.4,93.918,-42.7,4.956,5228.1,999.0,0,0.0,0.0,1.0,3,4,0.0,4,7,1,1
29226,50.0,2,999,0,-0.1,93.2,-42.0,4.021,5195.8,999.0,0,1.0,0.0,0.0,1,5,0.0,9,11,1,1
29227,33.0,1,999,0,-0.1,93.2,-42.0,4.153,5195.8,999.0,0,0.0,0.0,0.0,1,8,0.0,6,11,1,1
29228,31.0,1,999,1,-1.8,93.369,-34.8,0.643,5008.7,999.0,2,0.0,0.0,0.0,2,8,0.0,5,3,1,2
29229,29.0,3,999,0,1.4,94.465,-41.8,4.958,5228.1,999.0,0,1.0,1.0,1.0,2,7,0.0,6,6,1,1
29230,41.0,2,999,1,-1.8,92.893,-46.2,1.281,5099.1,999.0,3,1.0,0.0,0.0,2,8,0.0,4,5,1,2
29231,36.0,1,4,1,-2.9,92.963,-40.8,1.266,5076.2,0.133333333333,2,1.0,0.0,0.0,1,8,0.0,10,6,2,3
29232,31.0,1,999,0,-0.1,93.2,-42.0,4.076,5195.8,999.0,0,1.0,0.0,0.0,1,8,0.0,6,11,1,1
29233,47.0,3,999,0,-2.9,92.963,-40.8,1.26,5076.2,999.0,0,1.0,0.0,0.0,1,7,0.0,6,6,1,1
29234,31.0,3,999,0,1.4,93.444,-36.1,4.964,5228.1,999.0,0,0.0,0.0,0.0,2,8,0.0,9,8,1,1
29235,47.0,1,999,0,1.1,93.994,-36.4,4.857,5191.0,999.0,0,0.0,1.0,1.0,3,2,0.0,4,5,1,1
29236,36.0,1,999,0,-0.1,93.2,-42.0,4.076,5195.8,999.0,0,0.0,0.0,0.0,1,7,0.0,6,11,1,1
29237,31.0,2,999,0,1.1,93.994,-36.4,4.858,5191.0,999.0,0,0.0,1.0,1.0,2,5,0.0,5,5,2,1
29238,32.0,2,999,0,1.1,93.994,-36.4,4.858,5191.0,999.0,0,1.0,0.0,1.0,2,8,0.0,4,5,2,1
29239,39.0,1,999,1,-1.8,93.075,-47.1,1.483,5099.1,999.0,2,0.0,0.0,0.0,2,4,0.0,4,4,1,2
29240,31.0,6,999,0,1.4,93.918,-42.7,4.968,5228.1,999.0,0,1.0,1.0,0.0,2,4,0.0,3,7,1,1
29241,42.0,3,999,1,-3.4,92.649,-30.1,0.714,5017.5,999.0,1,1.0,0.0,0.0,2,7,0.0,3,11,2,2
29242,42.0,3,999,0,1.4,93.918,-42.7,4.962,5228.1,999.0,0,0.0,0.0,0.0,2,5,0.0,6,7,2,1
29243,31.0,2,999,0,1.4,93.444,-36.1,4.965,5228.1,999.0,0,0.0,0.0,0.0,1,7,0.0,3,8,2,1
29244,41.0,2,999,0,1.1,93.994,-36.4,4.855,5191.0,999.0,0,0.0,0.0,1.0,1,8,0.0,3,5,1,1
29245,38.0,5,999,0,1.4,93.444,-36.1,4.965,5228.1,999.0,0,0.0,0.0,0.0,2,8,0.0,6,8,1,1
29246,31.0,1,999,1,-2.9,92.963,-40.8,1.262,5076.2,999.0,3,0.0,0.0,0.0,1,6,0.0,5,6,1,2
29247,28.0,5,999,0,1.4,94.465,-41.8,4.96,5228.1,999.0,0,0.0,0.0,1.0,1,7,0.0,6,6,2,1
29248,36.0,1,999,0,1.1,93.994,-36.4,4.857,5191.0,999.0,0,1.0,1.0,1.0,2,8,0.0,5,5,2,1
29249,40.0,4,999,0,1.1,93.994,-36.4,4.855,5191.0,999.0,0,0.0,0.0,1.0,2,8,0.0,4,5,1,1
29250,51.0,4,999,0,1.1,93.994,-36.4,4.856,5191.0,999.0,0,1.0,1.0,1.0,2,6,0.0,1,5,1,1
29251,29.0,4,999,0,1.4,93.444,-36.1,4.965,5228.1,999.0,0,1.0,1.0,0.0,1,8,0.0,6,8,2,1
29252,32.0,1,999,0,1.1,93.994,-36.4,4.857,5191.0,999.0,0,1.0,0.0,1.0,2,3,0.0,12,5,1,1
29253,31.0,2,999,0,1.1,93.994,-36.4,4.856,5191.0,999.0,0,0.0,0.0,1.0,2,5,0.0,9,5,1,1
29254,31.0,1,999,0,1.4,93.444,-36.1,4.965,5228.1,999.0,0,1.0,1.0,0.0,3,7,0.0,6,8,1,1
29255,50.0,4,3,2,-1.8,92.893,-46.2,1.354,5099.1,0.1,2,1.0,0.0,1.0,2,8,0.0,4,5,2,3
29256,31.0,3,999,0,-1.8,92.893,-46.2,1.327,5099.1,999.0,0,1.0,0.0,0.0,1,7,0.0,3,5,1,1
29257,31.0,2,999,0,1.4,93.918,-42.7,4.957,5228.1,999.0,0,0.0,0.0,1.0,1,5,0.0,6,7,1,1
29258,48.0,1,999,0,1.1,93.994,-36.4,4.859,5191.0,999.0,0,1.0,0.0,1.0,2,6,0.0,5,5,1,1
29259,33.0,2,999,1,-1.8,92.893,-46.2,1.334,5099.1,999.0,2,1.0,0.0,0.0,2,8,0.0,7,5,1,2
29260,20.0,1,999,0,-1.8,93.075,-47.1,1.365,5099.1,999.0,0,1.0,0.0,0.0,1,2,0.0,11,4,1,1
29261,51.0,2,999,0,1.4,94.465,-41.8,4.962,5228.1,999.0,0,1.0,0.0,1.0,1,4,0.0,4,6,1,1
29262,32.0,3,999,0,1.4,93.444,-36.1,4.967,5228.1,999.0,0,0.0,0.0,0.0,1,8,0.0,6,8,1,1
29263,30.0,2,999,0,1.4,94.465,-41.8,4.961,5228.1,999.0,0,0.0,0.0,1.0,1,7,0.0,5,6,1,1
29264,29.0,3,999,0,1.4,93.444,-36.1,4.968,5228.1,999.0,0,1.0,0.0,0.0,1,5,0.0,5,8,1,1
29265,25.0,2,999,0,-1.8,93.075,-47.1,1.365,5099.1,999.0,0,1.0,0.0,0.0,1,7,0.0,10,4,1,1
29266,26.0,1,999,0,-1.8,93.075,-47.1,1.423,5099.1,999.0,0,1.0,0.0,0.0,1,8,0.0,10,4,1,1
29267,50.0,3,999,0,1.4,93.918,-42.7,4.957,5228.1,999.0,0,0.0,0.0,0.0,2,4,0.0,1,7,1,1
29268,43.0,2,999,0,-1.8,92.893,-46.2,1.334,5099.1,999.0,0,1.0,0.0,0.0,2,2,0.0,4,5,1,1
29269,34.0,1,999,0,1.4,93.444,-36.1,4.965,5228.1,999.0,0,1.0,0.0,0.0,1,8,0.0,6,8,1,1
29270,31.0,2,999,0,1.4,93.444,-36.1,4.97,5228.1,999.0,0,1.0,0.0,0.0,2,8,0.0,12,8,2,1
29271,35.0,1,999,0,1.1,93.994,-36.4,4.859,5191.0,999.0,0,0.0,0.0,1.0,2,5,0.0,9,5,1,1
29272,31.0,2,999,0,-1.8,92.893,-46.2,1.281,5099.1,999.0,0,0.0,0.0,0.0,1,5,0.0,9,5,1,1
29273,31.0,3,999,0,1.1,93.994,-36.4,4.857,5191.0,999.0,0,1.0,0.0,1.0,3,6,0.0,5,5,1,1
29274,28.0,1,999,0,1.4,93.918,-42.7,4.963,5228.1,999.0,0,1.0,0.0,0.0,1,8,0.0,5,7,1,1
29275,54.0,1,999,0,1.1,93.994,-36.4,4.857,5191.0,999.0,0,0.0,0.0,1.0,3,8,0.0,2,5,2,1
29276,44.0,1,999,0,1.4,93.444,-36.1,4.966,5228.1,999.0,0,0.0,1.0,0.0,2,5,0.0,6,8,1,1
29277,31.0,1,999,0,1.1,93.994,-36.4,4.864,5191.0,999.0,0,0.0,0.0,1.0,2,5,0.0,6,5,1,1
29278,28.0,4,999,0,1.4,93.918,-42.7,4.962,5228.1,999.0,0,0.0,0.0,0.0,1,5,0.0,9,7,1,1
29279,39.0,1,999,1,-1.8,92.893,-46.2,1.291,5099.1,999.0,5,1.0,0.0,0.0,1,6,0.0,5,5,1,2
29280,45.0,1,999,1,-1.8,93.075,-47.1,1.405,5099.1,999.0,2,1.0,0.0,0.0,2,8,0.0,4,4,2,2
29281,31.0,5,999,0,1.4,93.918,-42.7,4.963,5228.1,999.0,0,0.0,0.0,0.0,2,6,0.0,5,7,1,1
29282,36.0,12,999,0,1.4,93.918,-42.7,4.961,5228.1,999.0,0,1.0,0.0,1.0,3,6,0.0,9,7,1,1
29283,35.0,1,999,0,1.4,94.465,-41.8,4.96,5228.1,999.0,0,0.0,0.0,1.0,1,5,0.0,6,6,2,1
29284,25.0,1,999,0,-3.4,92.431,-26.9,0.733,5017.5,999.0,0,1.0,0.0,0.0,1,5,0.0,9,10,1,1
29285,30.0,2,999,0,1.4,93.918,-42.7,4.963,5228.1,999.0,0,1.0,1.0,0.0,2,7,0.0,3,7,1,1
29286,24.0,1,999,0,-2.9,92.201,-31.4,0.851,5076.2,999.0,0,1.0,0.0,0.0,1,7,0.0,6,8,1,1
29287,29.0,2,999,0,1.4,94.465,-41.8,4.958,5228.1,999.0,0,0.0,0.0,1.0,1,5,0.0,9,6,2,1
29288,31.0,2,999,0,1.4,93.444,-36.1,4.964,5228.1,999.0,0,0.0,0.0,0.0,3,7,0.0,6,8,1,1
29289,53.0,3,999,0,1.4,93.918,-42.7,4.963,5228.1,999.0,0,0.0,0.0,1.0,2,8,0.0,5,7,1,1
29290,31.0,6,999,0,-1.8,92.893,-46.2,1.299,5099.1,999.0,0,0.0,0.0,0.0,2,4,0.0,4,5,2,1
29291,43.0,1,999,0,1.4,93.444,-36.1,4.964,5228.1,999.0,0,0.0,1.0,0.0,2,6,0.0,10,8,1,1
29292,32.0,2,999,0,1.1,93.994,-36.4,4.86,5191.0,999.0,0,1.0,0.0,1.0,1,7,0.0,4,5,1,1
29293,31.0,2,999,1,-1.8,93.075,-47.1,1.415,5099.1,999.0,2,1.0,0.0,0.0,3,4,0.0,1,4,1,2
29294,32.0,4,999,0,1.4,93.918,-42.7,4.96,5228.1,999.0,0,0.0,0.0,0.0,2,8,0.0,9,7,1,1
29295,28.0,4,999,0,-1.8,92.893,-46.2,1.266,5099.1,999.0,0,1.0,0.0,0.0,2,3,0.0,4,5,1,1
29296,43.0,1,999,0,-1.8,93.075,-47.1,1.365,5099.1,999.0,0,0.0,0.0,0.0,1,8,0.0,5,4,1,1
29297,46.0,5,999,0,1.4,93.918,-42.7,4.957,5228.1,999.0,0,0.0,0.0,1.0,3,8,0.0,3,7,1,1
29298,35.0,20,999,0,1.4,93.918,-42.7,4.96,5228.1,999.0,0,0.0,0.0,0.0,3,7,0.0,3,7,2,1
29299,31.0,1,999,0,1.1,93.994,-36.4,4.858,5191.0,999.0,0,1.0,1.0,1.0,3,4,0.0,5,5,2,1
29300,31.0,2,999,0,-1.8,93.075,-47.1,1.405,5099.1,999.0,0,0.0,0.0,0.0,2,4,0.0,4,4,1,1
29301,31.0,3,999,0,1.4,93.444,-36.1,4.968,5228.1,999.0,0,0.0,1.0,0.0,2,7,0.0,6,8,1,1
29302,56.0,1,999,0,-3.4,92.379,-29.8,0.778,5017.5,999.0,0,0.0,0.0,0.0,2,5,0.0,6,9,1,1
29303,31.0,2,999,0,1.1,93.994,-36.4,4.855,5191.0,999.0,0,0.0,0.0,1.0,2,8,0.0,7,5,1,1
29304,52.0,1,999,0,1.4,93.918,-42.7,4.96,5228.1,999.0,0,1.0,0.0,0.0,2,8,0.0,2,7,2,1
29305,49.0,5,999,0,1.4,93.444,-36.1,4.965,5228.1,999.0,0,0.0,0.0,0.0,2,8,0.0,6,8,1,1
29306,53.0,7,999,0,1.4,93.918,-42.7,4.961,5228.1,999.0,0,1.0,0.0,0.0,2,5,0.0,4,7,1,1
29307,35.0,5,999,0,-1.8,92.893,-46.2,1.266,5099.1,999.0,0,1.0,0.0,0.0,2,8,0.0,5,5,1,1
29308,31.0,7,999,1,-1.8,92.893,-46.2,1.313,5099.1,999.0,0,1.0,0.0,0.0,2,8,0.0,4,5,1,2
29309,30.0,2,999,1,-1.8,92.893,-46.2,1.354,5099.1,999.0,1,1.0,1.0,0.0,1,8,0.0,9,5,2,2
29310,59.0,1,999,0,1.1,93.994,-36.4,4.857,5191.0,999.0,0,0.0,0.0,1.0,4,7,0.0,8,5,1,1
29311,31.0,1,999,0,-1.8,92.893,-46.2,1.327,5099.1,999.0,0,1.0,0.0,0.0,1,5,0.0,5,5,1,1
29312,31.0,1,999,0,1.4,93.918,-42.7,4.963,5228.1,999.0,0,0.0,1.0,0.0,2,7,0.0,6,7,1,1
29313,46.0,9,999,0,1.4,93.444,-36.1,4.964,5228.1,999.0,0,1.0,0.0,0.0,2,7,0.0,6,8,1,1
29314,50.0,2,999,0,1.4,94.465,-41.8,4.864,5228.1,999.0,0,1.0,0.0,1.0,2,3,0.0,4,6,1,1
29315,42.0,3,999,0,1.1,93.994,-36.4,4.856,5191.0,999.0,0,1.0,0.0,1.0,2,6,0.0,5,5,1,1
29316,47.0,4,999,0,1.4,93.444,-36.1,4.968,5228.1,999.0,0,1.0,0.0,0.0,1,7,0.0,6,8,1,1
29317,31.0,9,999,0,1.1,93.994,-36.4,4.858,5191.0,999.0,0,1.0,0.0,1.0,2,4,0.0,5,5,1,1
29318,31.0,2,3,2,-1.8,93.876,-40.0,0.682,5008.7,0.1,2,0.0,0.0,0.0,1,5,0.0,11,5,1,3
29319,31.0,2,999,0,1.1,93.994,-36.4,4.856,5191.0,999.0,0,0.0,0.0,1.0,2,2,0.0,8,5,1,1
29320,51.0,1,999,0,1.1,93.994,-36.4,4.857,5191.0,999.0,0,1.0,1.0,1.0,2,3,0.0,5,5,1,1
29321,26.0,2,3,1,-2.9,92.963,-40.8,1.262,5076.2,0.1,1,1.0,0.0,0.0,1,6,0.0,5,6,1,3
29322,40.0,1,999,0,1.4,93.918,-42.7,4.962,5228.1,999.0,0,1.0,0.0,1.0,2,7,0.0,10,7,1,1
29323,31.0,4,999,0,1.1,93.994,-36.4,4.857,5191.0,999.0,0,1.0,0.0,1.0,1,7,0.0,3,5,2,1
29324,40.0,1,999,0,1.4,94.465,-41.8,4.866,5228.1,999.0,0,1.0,1.0,1.0,2,8,0.0,3,6,1,1
29325,48.0,2,999,0,-1.8,93.075,-47.1,1.435,5099.1,999.0,0,1.0,1.0,0.0,2,4,0.0,4,4,1,1
29326,31.0,3,999,1,-1.8,92.893,-46.2,1.299,5099.1,999.0,0,1.0,0.0,0.0,3,4,0.0,6,5,2,2
29327,34.0,1,999,0,-1.8,93.075,-47.1,1.405,5099.1,999.0,0,1.0,1.0,0.0,2,7,0.0,3,4,2,1
29328,24.0,2,999,0,-2.9,92.469,-33.6,1.072,5076.2,999.0,0,0.0,1.0,0.0,1,8,0.0,1,7,1,1
29329,31.0,7,999,0,-0.1,93.2,-42.0,4.021,5195.8,999.0,0,1.0,0.0,1.0,2,7,0.0,3,11,1,1
29330,41.0,7,999,0,1.4,93.444,-36.1,4.964,5228.1,999.0,0,0.0,0.0,0.0,2,6,0.0,5,8,1,1
29331,19.0,1,999,1,-3.4,92.649,-30.1,0.714,5017.5,999.0,1,1.0,0.0,0.0,1,8,0.0,11,11,2,2
29332,31.0,3,999,0,1.1,93.994,-36.4,4.86,5191.0,999.0,0,1.0,0.0,1.0,2,8,0.0,3,5,1,1
29333,49.0,4,999,0,1.4,94.465,-41.8,4.967,5228.1,999.0,0,0.0,0.0,1.0,2,2,0.0,4,6,1,1
29334,47.0,2,999,0,1.1,93.994,-36.4,4.857,5191.0,999.0,0,0.0,0.0,1.0,2,3,0.0,4,5,1,1
29335,28.0,1,999,2,-2.9,92.201,-31.4,0.883,5076.2,999.0,4,0.0,0.0,0.0,1,7,0.0,6,8,1,2
29336,31.0,1,999,0,1.4,93.918,-42.7,4.963,5228.1,999.0,0,1.0,0.0,0.0,2,5,0.0,9,7,1,1
29337,45.0,1,999,0,1.4,93.444,-36.1,4.964,5228.1,999.0,0,1.0,1.0,0.0,2,8,0.0,2,8,1,1
29338,31.0,2,999,0,1.1,93.994,-36.4,4.858,5191.0,999.0,0,0.0,0.0,1.0,2,6,0.0,5,5,1,1
29339,54.0,2,999,0,1.4,93.918,-42.7,4.962,5228.1,999.0,0,0.0,0.0,0.0,2,2,0.0,2,7,1,1
29340,31.0,2,999,0,-1.8,92.893,-46.2,1.266,5099.1,999.0,0,0.0,0.0,1.0,2,5,0.0,6,5,1,1
29341,29.0,1,999,0,-0.1,93.2,-42.0,4.191,5195.8,999.0,0,1.0,0.0,0.0,2,8,0.0,6,11,2,1
29342,44.0,1,999,0,-2.9,92.963,-40.8,1.268,5076.2,999.0,0,1.0,0.0,0.0,2,7,0.0,6,6,1,1
29343,31.0,4,999,0,1.4,93.444,-36.1,4.964,5228.1,999.0,0,1.0,0.0,0.0,1,8,0.0,5,8,1,1
29344,31.0,1,999,0,-1.8,93.075,-47.1,1.405,5099.1,999.0,0,0.0,0.0,0.0,3,5,0.0,6,4,2,1
29345,36.0,1,999,0,-1.8,92.893,-46.2,1.327,5099.1,999.0,0,0.0,0.0,0.0,3,6,0.0,5,5,1,1
29346,50.0,3,999,0,1.1,93.994,-36.4,4.855,5191.0,999.0,0,1.0,0.0,1.0,2,4,0.0,7,5,1,1
29347,73.0,4,999,0,-2.9,92.201,-31.4,0.821,5076.2,999.0,0,0.0,0.0,1.0,2,7,0.0,8,8,2,1
29348,41.0,2,999,0,1.4,94.465,-41.8,4.864,5228.1,999.0,0,1.0,0.0,1.0,2,3,0.0,4,6,1,1
29349,37.0,1,999,0,1.1,93.994,-36.4,4.857,5191.0,999.0,0,0.0,0.0,1.0,1,8,0.0,4,5,1,1
29350,34.0,1,999,0,-1.8,93.075,-47.1,1.406,5099.1,999.0,0,1.0,0.0,0.0,2,8,0.0,12,4,1,1
29351,38.0,2,999,0,1.4,93.918,-42.7,4.958,5228.1,999.0,0,1.0,1.0,0.0,2,7,0.0,3,7,1,1
29352,31.0,1,999,0,-1.8,92.893,-46.2,1.334,5099.1,999.0,0,0.0,0.0,0.0,2,5,0.0,10,5,1,1
29353,42.0,1,999,0,1.4,93.444,-36.1,4.963,5228.1,999.0,0,1.0,0.0,0.0,3,7,0.0,6,8,1,1
29354,31.0,1,999,0,-1.8,92.893,-46.2,1.344,5099.1,999.0,0,0.0,0.0,0.0,1,4,0.0,9,5,1,1
29355,20.0,1,999,3,-1.8,93.749,-34.6,0.645,5008.7,999.0,12,0.0,0.0,0.0,1,5,0.0,11,4,2,2
29356,39.0,1,999,0,1.1,93.994,-36.4,4.856,5191.0,999.0,0,0.0,0.0,1.0,2,8,0.0,4,5,1,1
29357,31.0,4,999,0,1.4,94.465,-41.8,4.961,5228.1,999.0,0,0.0,0.0,1.0,2,8,0.0,5,6,1,1
29358,38.0,2,999,0,1.1,93.994,-36.4,4.859,5191.0,999.0,0,0.0,0.0,1.0,2,5,0.0,9,5,1,1
29359,31.0,1,999,0,1.1,93.994,-36.4,4.857,5191.0,999.0,0,1.0,0.0,1.0,1,4,0.0,6,5,1,1
29360,37.0,1,999,0,-2.9,92.201,-31.4,0.851,5076.2,999.0,0,0.0,0.0,0.0,1,8,0.0,11,8,1,1
29361,47.0,1,999,0,-0.1,93.2,-42.0,4.12,5195.8,999.0,0,0.0,0.0,0.0,2,2,0.0,3,11,1,1
29362,53.0,3,999,0,-0.1,93.2,-42.0,4.12,5195.8,999.0,0,1.0,0.0,0.0,1,6,0.0,5,11,1,1
29363,37.0,1,999,0,1.4,94.465,-41.8,4.865,5228.1,999.0,0,1.0,0.0,1.0,2,4,0.0,7,6,2,1
29364,31.0,1,999,0,-0.1,93.2,-42.0,4.12,5195.8,999.0,0,1.0,0.0,0.0,2,7,0.0,3,11,1,1
29365,42.0,1,999,0,1.1,93.994,-36.4,4.856,5191.0,999.0,0,1.0,0.0,1.0,2,3,0.0,4,5,1,1
29366,31.0,11,999,0,1.4,93.444,-36.1,4.964,5228.1,999.0,0,0.0,0.0,0.0,2,4,0.0,4,8,1,1
29367,31.0,1,999,0,-1.8,92.893,-46.2,1.334,5099.1,999.0,0,0.0,0.0,0.0,2,4,0.0,4,5,1,1
29368,35.0,1,999,0,1.1,93.994,-36.4,4.859,5191.0,999.0,0,1.0,0.0,1.0,3,7,0.0,6,5,1,1
29369,49.0,13,999,0,1.4,93.444,-36.1,4.963,5228.1,999.0,0,0.0,0.0,0.0,2,8,0.0,6,8,1,1
29370,30.0,2,999,0,-0.1,93.2,-42.0,4.076,5195.8,999.0,0,1.0,0.0,0.0,3,5,0.0,6,11,1,1
29371,37.0,7,999,0,1.4,93.918,-42.7,4.968,5228.1,999.0,0,0.0,1.0,1.0,2,4,0.0,4,7,1,1
29372,39.0,1,999,0,-1.8,93.075,-47.1,1.365,5099.1,999.0,0,0.0,0.0,0.0,2,7,0.0,9,4,1,1
29373,53.0,2,999,0,1.1,93.994,-36.4,4.855,5191.0,999.0,0,1.0,0.0,1.0,2,8,0.0,6,5,1,1
29374,39.0,5,999,1,-1.8,92.893,-46.2,1.25,5099.1,999.0,2,0.0,0.0,0.0,2,7,0.0,6,5,1,2
29375,37.0,2,999,0,1.1,93.994,-36.4,4.857,5191.0,999.0,0,1.0,0.0,1.0,1,7,0.0,5,5,1,1
29376,53.0,2,999,0,1.4,93.444,-36.1,4.968,5228.1,999.0,0,1.0,0.0,0.0,2,4,0.0,4,8,1,1
29377,31.0,1,999,0,-0.1,93.2,-42.0,4.153,5195.8,999.0,0,1.0,0.0,0.0,1,5,0.0,5,11,1,1
29378,44.0,1,999,0,1.4,94.465,-41.8,4.959,5228.1,999.0,0,0.0,0.0,1.0,2,8,0.0,9,6,1,1
29379,25.0,4,999,0,1.1,93.994,-36.4,4.86,5191.0,999.0,0,1.0,0.0,1.0,2,7,0.0,6,5,1,1
29380,55.0,1,999,0,1.4,93.444,-36.1,4.965,5228.1,999.0,0,0.0,0.0,0.0,3,7,0.0,5,8,1,1
29381,56.0,1,999,0,-1.8,93.075,-47.1,1.423,5099.1,999.0,0,0.0,0.0,0.0,2,4,0.0,3,4,1,1
29382,28.0,1,999,1,-3.4,92.431,-26.9,0.739,5017.5,999.0,0,0.0,0.0,0.0,1,7,0.0,3,10,1,2
29383,33.0,1,999,0,-1.8,92.893,-46.2,1.291,5099.1,999.0,0,0.0,1.0,0.0,2,4,0.0,9,5,1,1
29384,56.0,5,999,0,1.4,94.465,-41.8,4.958,5228.1,999.0,0,0.0,0.0,1.0,2,8,0.0,3,6,1,1
29385,53.0,3,999,0,1.4,94.465,-41.8,4.967,5228.1,999.0,0,0.0,0.0,1.0,3,7,0.0,6,6,1,1
29386,31.0,3,999,0,1.4,93.918,-42.7,4.962,5228.1,999.0,0,1.0,1.0,0.0,2,8,0.0,4,7,2,1
29387,31.0,5,999,0,1.4,93.444,-36.1,4.964,5228.1,999.0,0,0.0,0.0,0.0,2,7,0.0,10,8,1,1
29388,23.0,2,3,2,-1.1,94.199,-37.5,0.878,4963.6,0.1,4,0.0,1.0,0.0,1,8,0.0,11,9,1,3
29389,31.0,1,999,1,-1.8,92.893,-46.2,1.266,5099.1,999.0,4,1.0,0.0,0.0,1,7,0.0,6,5,1,2
29390,31.0,3,999,0,1.4,94.465,-41.8,4.962,5228.1,999.0,0,1.0,0.0,1.0,1,8,0.0,9,6,1,1
29391,37.0,2,999,0,1.4,93.444,-36.1,4.967,5228.1,999.0,0,1.0,1.0,0.0,2,7,0.0,1,8,1,1
29392,31.0,4,999,0,1.4,93.918,-42.7,4.957,5228.1,999.0,0,1.0,0.0,0.0,3,5,0.0,10,7,1,1
29393,24.0,2,999,0,-1.8,92.893,-46.2,1.266,5099.1,999.0,0,0.0,0.0,0.0,1,7,0.0,1,5,1,1
29394,31.0,1,999,1,-1.7,94.027,-38.3,0.904,4991.6,999.0,3,0.0,0.0,0.0,1,8,0.0,11,8,1,2
29395,31.0,3,999,0,1.1,93.994,-36.4,4.856,5191.0,999.0,0,1.0,0.0,1.0,2,2,0.0,4,5,1,1
29396,31.0,3,6,3,-1.8,93.369,-34.8,0.652,5008.7,0.2,12,0.0,0.0,0.0,3,7,0.0,10,3,1,3
29397,25.0,3,999,0,1.1,93.994,-36.4,4.864,5191.0,999.0,0,0.0,0.0,1.0,1,5,0.0,4,5,1,1
29398,31.0,1,999,0,1.1,93.994,-36.4,4.857,5191.0,999.0,0,1.0,1.0,1.0,2,6,0.0,10,5,2,1
29399,31.0,2,999,0,1.4,94.465,-41.8,4.961,5228.1,999.0,0,1.0,0.0,1.0,2,2,0.0,4,6,2,1
29400,37.0,1,999,0,-1.8,92.893,-46.2,1.334,5099.1,999.0,0,0.0,0.0,0.0,2,3,0.0,2,5,1,1
29401,57.0,1,999,0,-1.8,92.893,-46.2,1.299,5099.1,999.0,0,0.0,1.0,0.0,2,5,0.0,5,5,2,1
29402,45.0,2,999,0,1.4,94.465,-41.8,4.959,5228.1,999.0,0,1.0,0.0,1.0,1,8,0.0,3,6,1,1
29403,43.0,2,999,0,1.1,93.994,-36.4,4.857,5191.0,999.0,0,1.0,1.0,1.0,2,8,0.0,7,5,2,1
29404,31.0,3,999,0,-2.9,92.963,-40.8,1.26,5076.2,999.0,0,0.0,0.0,0.0,1,5,0.0,6,6,1,1
29405,29.0,2,999,0,-1.8,93.749,-34.6,0.659,5008.7,999.0,0,1.0,0.0,0.0,1,8,0.0,9,4,1,1
29406,57.0,1,999,0,-1.8,93.369,-34.8,0.636,5008.7,999.0,0,0.0,0.0,0.0,2,8,0.0,4,3,1,1
29407,36.0,1,999,0,1.4,93.918,-42.7,4.963,5228.1,999.0,0,1.0,1.0,0.0,3,8,0.0,6,7,1,1
29408,25.0,1,999,0,-1.8,93.075,-47.1,1.423,5099.1,999.0,0,0.0,0.0,0.0,1,7,0.0,6,4,1,1
29409,45.0,3,999,0,1.4,93.444,-36.1,4.963,5228.1,999.0,0,1.0,1.0,0.0,2,3,0.0,9,8,2,1
29410,34.0,2,999,0,1.4,94.465,-41.8,4.959,5228.1,999.0,0,1.0,0.0,1.0,1,8,0.0,1,6,1,1
29411,31.0,1,999,0,-0.1,93.2,-42.0,4.191,5195.8,999.0,0,0.0,0.0,0.0,2,7,0.0,3,11,2,1
29412,31.0,1,999,0,-2.9,92.963,-40.8,1.262,5076.2,999.0,0,1.0,0.0,0.0,3,5,0.0,6,6,1,1
29413,36.0,2,999,0,1.1,93.994,-36.4,4.857,5191.0,999.0,0,1.0,0.0,1.0,2,8,0.0,6,5,2,1
29414,31.0,4,999,0,1.4,93.918,-42.7,4.962,5228.1,999.0,0,0.0,0.0,0.0,3,8,0.0,4,7,1,1
29415,38.0,1,4,1,-2.9,92.201,-31.4,0.879,5076.2,0.133333333333,2,0.0,0.0,0.0,2,8,0.0,6,8,1,3
29416,58.0,1,999,0,1.4,94.465,-41.8,4.959,5228.1,999.0,0,1.0,0.0,1.0,2,7,0.0,3,6,1,1
29417,39.0,2,999,0,1.4,93.918,-42.7,4.961,5228.1,999.0,0,0.0,0.0,1.0,2,2,0.0,4,7,1,1
29418,49.0,3,999,0,-2.9,92.963,-40.8,1.252,5076.2,999.0,0,1.0,0.0,0.0,2,6,0.0,10,6,1,1
29419,31.0,5,999,0,1.4,94.465,-41.8,4.961,5228.1,999.0,0,0.0,0.0,1.0,2,8,0.0,4,6,1,1
29420,34.0,1,999,0,-0.1,93.2,-42.0,4.153,5195.8,999.0,0,1.0,0.0,0.0,2,6,0.0,5,11,1,1
29421,45.0,1,999,0,1.1,93.994,-36.4,4.856,5191.0,999.0,0,1.0,1.0,1.0,2,7,0.0,5,5,1,1
29422,53.0,2,999,0,-1.8,92.893,-46.2,1.291,5099.1,999.0,0,0.0,0.0,1.0,1,8,0.0,5,5,1,1
29423,24.0,3,999,0,-1.8,92.893,-46.2,1.244,5099.1,999.0,0,1.0,0.0,0.0,1,4,0.0,4,5,1,1
29424,40.0,1,999,0,1.1,93.994,-36.4,4.864,5191.0,999.0,0,0.0,0.0,1.0,2,8,0.0,6,5,1,1
29425,41.0,1,999,1,-1.8,92.893,-46.2,1.334,5099.1,999.0,2,0.0,0.0,0.0,2,5,0.0,6,5,1,2
29426,31.0,1,999,0,-1.8,93.075,-47.1,1.435,5099.1,999.0,0,1.0,0.0,0.0,1,4,0.0,5,4,1,1
29427,31.0,3,999,0,1.1,93.994,-36.4,4.855,5191.0,999.0,0,0.0,0.0,1.0,1,8,0.0,6,5,1,1
29428,35.0,1,999,0,1.4,94.465,-41.8,4.96,5228.1,999.0,0,0.0,0.0,1.0,2,8,0.0,5,6,2,1
29429,41.0,1,999,0,-1.8,92.893,-46.2,1.281,5099.1,999.0,0,0.0,0.0,0.0,2,4,0.0,4,5,1,1
29430,37.0,16,999,0,1.4,94.465,-41.8,4.864,5228.1,999.0,0,0.0,0.0,1.0,2,6,0.0,10,6,1,1
29431,39.0,1,999,0,1.4,93.918,-42.7,4.963,5228.1,999.0,0,0.0,0.0,0.0,2,8,0.0,3,7,1,1
29432,42.0,1,999,0,-1.8,92.893,-46.2,1.334,5099.1,999.0,0,1.0,1.0,0.0,1,4,0.0,4,5,1,1
29433,59.0,1,999,0,1.4,94.465,-41.8,4.864,5228.1,999.0,0,0.0,0.0,1.0,2,8,0.0,4,6,1,1
29434,39.0,2,999,0,-1.8,92.893,-46.2,1.313,5099.1,999.0,0,0.0,0.0,0.0,2,3,0.0,4,5,1,1
29435,42.0,3,999,0,-1.8,93.075,-47.1,1.405,5099.1,999.0,0,0.0,0.0,0.0,2,8,0.0,4,4,2,1
29436,29.0,2,999,1,-1.8,92.893,-46.2,1.25,5099.1,999.0,1,0.0,0.0,0.0,3,8,0.0,4,5,1,2
29437,31.0,3,999,0,1.4,94.465,-41.8,4.958,5228.1,999.0,0,1.0,0.0,1.0,1,5,0.0,11,6,1,1
29438,32.0,2,999,0,-0.1,93.2,-42.0,4.076,5195.8,999.0,0,0.0,0.0,0.0,1,7,0.0,6,11,1,1
29439,31.0,2,999,0,1.1,93.994,-36.4,4.855,5191.0,999.0,0,1.0,1.0,1.0,2,3,0.0,4,5,1,1
29440,45.0,3,999,0,-1.8,92.893,-46.2,1.334,5099.1,999.0,0,0.0,0.0,0.0,3,5,0.0,9,5,1,1
29441,31.0,1,999,0,1.1,93.994,-36.4,4.859,5191.0,999.0,0,0.0,0.0,1.0,2,4,0.0,4,5,1,1
29442,31.0,4,999,0,1.1,93.994,-36.4,4.857,5191.0,999.0,0,1.0,0.0,1.0,3,8,0.0,3,5,1,1
29443,38.0,1,999,0,1.4,94.465,-41.8,4.961,5228.1,999.0,0,0.0,0.0,1.0,2,8,0.0,10,6,1,1
29444,32.0,2,999,0,1.4,93.918,-42.7,4.958,5228.1,999.0,0,1.0,0.0,0.0,1,4,0.0,6,7,1,1
29445,55.0,1,8,1,-1.8,93.075,-47.1,1.405,5099.1,0.266666666667,1,0.0,0.0,0.0,2,8,0.0,8,4,1,3
29446,31.0,4,999,0,1.4,93.444,-36.1,4.965,5228.1,999.0,0,0.0,0.0,0.0,2,8,0.0,5,8,1,1
29447,57.0,6,999,0,1.4,93.918,-42.7,4.963,5228.1,999.0,0,1.0,0.0,0.0,3,5,0.0,8,7,1,1
29448,32.0,1,999,0,-2.9,92.963,-40.8,1.266,5076.2,999.0,0,1.0,0.0,0.0,2,6,0.0,5,6,2,1
29449,50.0,1,999,1,-0.1,93.2,-42.0,4.021,5195.8,999.0,0,0.0,0.0,0.0,3,7,0.0,3,11,1,2
29450,54.0,2,999,0,1.4,93.918,-42.7,4.962,5228.1,999.0,0,0.0,1.0,0.0,2,6,0.0,5,7,1,1
29451,32.0,1,999,1,-1.8,92.893,-46.2,1.266,5099.1,999.0,1,0.0,0.0,0.0,3,5,0.0,9,5,1,2
29452,43.0,1,999,0,1.1,93.994,-36.4,4.857,5191.0,999.0,0,0.0,0.0,1.0,1,8,0.0,4,5,1,1
29453,33.0,3,999,1,-1.8,92.893,-46.2,1.244,5099.1,999.0,0,1.0,0.0,0.0,1,8,0.0,7,5,2,2
29454,31.0,1,999,0,-3.4,92.431,-26.9,0.74,5017.5,999.0,0,1.0,1.0,0.0,1,8,0.0,10,10,1,1
29455,33.0,2,999,0,1.4,94.465,-41.8,4.959,5228.1,999.0,0,0.0,0.0,1.0,3,8,0.0,4,6,1,1
29456,31.0,7,999,0,1.4,93.918,-42.7,4.957,5228.1,999.0,0,1.0,0.0,1.0,1,7,0.0,5,7,1,1
29457,38.0,1,999,0,-1.8,93.075,-47.1,1.405,5099.1,999.0,0,1.0,0.0,0.0,2,8,0.0,6,4,1,1
29458,28.0,1,999,0,1.4,93.918,-42.7,4.962,5228.1,999.0,0,0.0,0.0,0.0,2,8,0.0,7,7,1,1
29459,32.0,1,999,0,1.4,93.918,-42.7,4.968,5228.1,999.0,0,0.0,0.0,0.0,1,6,0.0,5,7,1,1
29460,25.0,8,999,0,1.4,94.465,-41.8,4.864,5228.1,999.0,0,1.0,0.0,1.0,2,8,0.0,6,6,1,1
29461,57.0,4,999,0,1.1,93.994,-36.4,4.857,5191.0,999.0,0,1.0,0.0,1.0,2,6,0.0,5,5,1,1
29462,59.0,1,999,0,1.1,93.994,-36.4,4.856,5191.0,999.0,0,0.0,0.0,1.0,3,5,0.0,9,5,1,1
29463,31.0,1,999,0,-1.1,94.199,-37.5,0.879,4963.6,999.0,0,0.0,0.0,1.0,1,5,0.0,6,9,2,1
29464,37.0,7,999,0,-1.8,92.893,-46.2,1.27,5099.1,999.0,0,0.0,0.0,0.0,2,8,0.0,4,5,1,1
29465,25.0,2,999,0,1.1,93.994,-36.4,4.855,5191.0,999.0,0,1.0,0.0,1.0,2,4,0.0,4,5,1,1
29466,31.0,1,999,0,-0.1,93.2,-42.0,4.076,5195.8,999.0,0,1.0,0.0,0.0,2,8,0.0,3,11,1,1
29467,32.0,3,999,0,1.4,93.918,-42.7,4.963,5228.1,999.0,0,1.0,0.0,1.0,2,4,0.0,9,7,1,1
29468,24.0,2,9,2,-1.7,94.215,-40.3,0.884,4991.6,0.3,4,1.0,0.0,0.0,1,8,0.0,9,7,1,2
29469,39.0,2,999,1,-0.1,93.2,-42.0,4.021,5195.8,999.0,0,0.0,0.0,0.0,1,8,0.0,6,11,1,2
29470,44.0,2,999,0,1.1,93.994,-36.4,4.857,5191.0,999.0,0,0.0,0.0,1.0,3,8,0.0,4,5,2,1
29471,31.0,1,999,0,-1.8,92.893,-46.2,1.244,5099.1,999.0,0,0.0,0.0,0.0,2,7,0.0,3,5,2,1
29472,40.0,1,999,1,-1.8,92.893,-46.2,1.344,5099.1,999.0,3,1.0,0.0,0.0,1,6,0.0,6,5,1,2
29473,59.0,2,999,0,1.4,93.444,-36.1,4.965,5228.1,999.0,0,1.0,0.0,0.0,2,8,0.0,8,8,2,1
29474,31.0,2,999,0,1.1,93.994,-36.4,4.857,5191.0,999.0,0,1.0,0.0,1.0,1,5,0.0,4,5,1,1
29475,31.0,1,999,0,1.4,93.918,-42.7,4.962,5228.1,999.0,0,1.0,0.0,0.0,1,8,0.0,10,7,1,1
29476,37.0,2,999,0,1.1,93.994,-36.4,4.86,5191.0,999.0,0,0.0,0.0,1.0,2,4,0.0,4,5,1,1
29477,46.0,2,999,0,1.1,93.994,-36.4,4.859,5191.0,999.0,0,1.0,0.0,1.0,2,8,0.0,4,5,1,1
29478,78.0,2,999,1,-1.7,94.215,-40.3,0.87,4991.6,999.0,5,1.0,0.0,0.0,2,8,0.0,8,7,2,2
29479,32.0,2,999,0,-1.8,92.893,-46.2,1.313,5099.1,999.0,0,0.0,0.0,0.0,1,4,0.0,4,5,1,1
29480,39.0,5,999,0,1.4,93.918,-42.7,4.961,5228.1,999.0,0,1.0,0.0,0.0,3,5,0.0,6,7,1,1
29481,28.0,1,999,0,1.1,93.994,-36.4,4.858,5191.0,999.0,0,0.0,1.0,1.0,2,4,0.0,4,5,2,1
29482,30.0,3,999,1,-1.8,92.893,-46.2,1.291,5099.1,999.0,0,0.0,0.0,0.0,2,8,0.0,6,5,1,2
29483,31.0,6,999,0,1.4,94.465,-41.8,4.96,5228.1,999.0,0,0.0,0.0,1.0,1,8,0.0,12,6,2,1
29484,32.0,2,999,0,1.4,93.444,-36.1,4.968,5228.1,999.0,0,0.0,0.0,0.0,1,7,0.0,6,8,1,1
29485,26.0,2,999,0,1.1,93.994,-36.4,4.857,5191.0,999.0,0,0.0,0.0,1.0,2,6,0.0,5,5,1,1
29486,32.0,1,999,2,-1.8,92.893,-46.2,1.313,5099.1,999.0,4,0.0,0.0,0.0,2,7,0.0,6,5,1,2
29487,56.0,2,999,0,1.4,93.444,-36.1,4.962,5228.1,999.0,0,1.0,0.0,0.0,2,5,0.0,1,8,1,1
29488,31.0,1,999,0,1.4,93.444,-36.1,4.964,5228.1,999.0,0,1.0,0.0,0.0,2,8,0.0,4,8,1,1
29489,37.0,2,999,0,1.1,93.994,-36.4,4.855,5191.0,999.0,0,1.0,0.0,1.0,2,2,0.0,4,5,1,1
29490,36.0,1,999,0,1.1,93.994,-36.4,4.859,5191.0,999.0,0,0.0,0.0,1.0,2,4,0.0,6,5,1,1
29491,27.0,2,999,1,-2.9,92.201,-31.4,0.861,5076.2,999.0,1,1.0,1.0,0.0,1,8,0.0,1,8,2,2
29492,31.0,1,999,0,-0.1,93.2,-42.0,4.12,5195.8,999.0,0,1.0,0.0,0.0,3,4,0.0,1,11,1,1
29493,31.0,3,999,0,-1.8,92.893,-46.2,1.291,5099.1,999.0,0,1.0,0.0,0.0,1,3,0.0,4,5,1,1
29494,26.0,2,999,0,-2.9,92.963,-40.8,1.26,5076.2,999.0,0,1.0,0.0,0.0,1,7,0.0,11,6,1,1
29495,31.0,5,999,0,1.1,93.994,-36.4,4.858,5191.0,999.0,0,0.0,0.0,1.0,2,7,0.0,5,5,2,1
29496,31.0,2,999,0,-1.8,92.893,-46.2,1.291,5099.1,999.0,0,1.0,0.0,0.0,1,5,0.0,9,5,1,1
29497,35.0,2,999,0,1.1,93.994,-36.4,4.857,5191.0,999.0,0,0.0,0.0,1.0,2,6,0.0,8,5,1,1
29498,57.0,3,999,0,-2.9,92.963,-40.8,1.286,5076.2,999.0,0,1.0,0.0,0.0,2,8,0.0,3,6,1,1
29499,57.0,1,999,0,1.4,93.444,-36.1,4.97,5228.1,999.0,0,1.0,0.0,0.0,2,8,0.0,6,8,2,1
29500,31.0,1,999,1,-1.8,93.075,-47.1,1.365,5099.1,999.0,4,1.0,0.0,0.0,2,6,0.0,6,4,1,2
29501,31.0,1,999,0,1.4,93.918,-42.7,4.957,5228.1,999.0,0,1.0,0.0,0.0,1,3,0.0,4,7,1,1
29502,46.0,2,999,0,1.1,93.994,-36.4,4.857,5191.0,999.0,0,0.0,0.0,1.0,1,5,0.0,6,5,2,1
29503,56.0,4,999,0,1.4,94.465,-41.8,4.962,5228.1,999.0,0,0.0,0.0,1.0,2,8,0.0,4,6,1,1
29504,29.0,1,999,1,-1.8,92.893,-46.2,1.25,5099.1,999.0,1,1.0,0.0,0.0,1,8,0.0,4,5,1,2
29505,31.0,1,999,0,1.4,94.465,-41.8,4.958,5228.1,999.0,0,1.0,0.0,1.0,2,8,0.0,4,6,1,1
29506,31.0,1,999,0,1.1,93.994,-36.4,4.857,5191.0,999.0,0,0.0,1.0,1.0,2,7,0.0,1,5,1,1
29507,41.0,2,999,0,1.1,93.994,-36.4,4.857,5191.0,999.0,0,0.0,1.0,1.0,2,6,0.0,5,5,1,1
29508,36.0,8,999,0,-0.1,93.2,-42.0,4.076,5195.8,999.0,0,0.0,0.0,1.0,2,8,0.0,4,11,1,1
29509,33.0,3,999,0,1.4,93.918,-42.7,4.962,5228.1,999.0,0,0.0,1.0,1.0,1,5,0.0,6,7,1,1
29510,44.0,2,999,0,-0.1,93.2,-42.0,4.153,5195.8,999.0,0,0.0,0.0,0.0,2,4,0.0,3,11,1,1
29511,36.0,1,999,0,1.4,93.918,-42.7,4.96,5228.1,999.0,0,0.0,0.0,0.0,2,8,0.0,9,7,2,1
29512,52.0,3,999,0,-1.8,92.893,-46.2,1.27,5099.1,999.0,0,1.0,1.0,0.0,3,7,0.0,6,5,1,1
29513,31.0,1,999,0,1.1,93.994,-36.4,4.855,5191.0,999.0,0,1.0,0.0,1.0,2,4,0.0,4,5,1,1
29514,42.0,3,999,0,1.4,93.918,-42.7,4.96,5228.1,999.0,0,0.0,0.0,0.0,3,8,0.0,4,7,2,1
29515,31.0,3,999,0,-0.1,93.2,-42.0,4.021,5195.8,999.0,0,0.0,0.0,0.0,2,8,0.0,3,11,1,1
29516,33.0,8,999,1,-1.8,92.893,-46.2,1.281,5099.1,999.0,2,1.0,1.0,1.0,1,3,0.0,9,5,1,2
29517,58.0,1,999,1,-1.1,94.199,-37.5,0.882,4963.6,999.0,1,1.0,0.0,0.0,2,5,0.0,7,9,2,2
29518,27.0,3,999,0,1.4,94.465,-41.8,4.864,5228.1,999.0,0,1.0,0.0,1.0,2,4,0.0,6,6,1,1
29519,31.0,2,999,0,-0.1,93.2,-42.0,4.191,5195.8,999.0,0,1.0,0.0,1.0,2,5,0.0,6,11,1,1
29520,57.0,1,999,0,-1.8,93.075,-47.1,1.405,5099.1,999.0,0,1.0,0.0,0.0,3,8,0.0,3,4,2,1
29521,42.0,1,999,0,-0.1,93.2,-42.0,4.191,5195.8,999.0,0,1.0,0.0,0.0,1,8,0.0,1,11,2,1
29522,36.0,1,6,1,-1.8,93.749,-34.6,0.663,5008.7,0.2,2,0.0,0.0,0.0,2,8,0.0,4,4,1,3
29523,30.0,2,999,0,1.4,93.918,-42.7,4.961,5228.1,999.0,0,0.0,0.0,0.0,1,5,0.0,3,7,1,1
29524,40.0,1,999,0,1.4,93.918,-42.7,4.96,5228.1,999.0,0,0.0,0.0,0.0,2,3,0.0,9,7,2,1
29525,57.0,3,999,0,1.4,94.465,-41.8,4.864,5228.1,999.0,0,0.0,0.0,1.0,2,8,0.0,4,6,1,1
29526,34.0,2,999,0,-1.8,92.893,-46.2,1.327,5099.1,999.0,0,1.0,0.0,0.0,1,8,0.0,6,5,1,1
29527,63.0,1,999,1,-3.4,92.379,-29.8,0.809,5017.5,999.0,2,1.0,0.0,0.0,2,8,0.0,12,9,1,2
29528,31.0,1,999,1,-0.1,93.2,-42.0,4.12,5195.8,999.0,3,1.0,1.0,0.0,1,2,0.0,2,11,1,2
29529,43.0,2,999,0,-1.8,92.893,-46.2,1.313,5099.1,999.0,0,0.0,0.0,0.0,3,6,0.0,9,5,1,1
29530,31.0,1,999,1,-1.8,92.893,-46.2,1.291,5099.1,999.0,2,1.0,0.0,0.0,1,8,0.0,5,5,1,2
29531,31.0,2,999,0,1.4,93.918,-42.7,4.963,5228.1,999.0,0,0.0,0.0,0.0,1,6,0.0,5,7,1,1
29532,25.0,3,999,0,1.4,93.918,-42.7,4.968,5228.1,999.0,0,0.0,0.0,0.0,1,4,0.0,6,7,1,1
29533,31.0,6,999,0,1.4,93.444,-36.1,4.965,5228.1,999.0,0,0.0,0.0,0.0,1,6,0.0,5,8,1,1
29534,57.0,5,999,0,1.4,93.918,-42.7,4.968,5228.1,999.0,0,1.0,0.0,0.0,1,6,0.0,5,7,1,1
29535,31.0,3,999,0,1.4,94.465,-41.8,4.959,5228.1,999.0,0,0.0,0.0,1.0,1,7,0.0,1,6,1,1
29536,36.0,1,999,0,-1.8,93.749,-34.6,0.644,5008.7,999.0,0,1.0,1.0,1.0,1,8,0.0,6,4,1,1
29537,31.0,1,999,0,1.4,93.918,-42.7,4.958,5228.1,999.0,0,1.0,0.0,0.0,2,8,0.0,1,7,1,1
29538,31.0,1,999,0,1.4,93.918,-42.7,4.963,5228.1,999.0,0,0.0,0.0,0.0,1,4,0.0,8,7,1,1
29539,53.0,2,999,0,1.1,93.994,-36.4,4.857,5191.0,999.0,0,1.0,0.0,1.0,2,6,0.0,6,5,1,1
29540,52.0,5,999,0,1.1,93.994,-36.4,4.858,5191.0,999.0,0,0.0,0.0,1.0,3,5,0.0,9,5,2,1
29541,66.0,2,999,0,-1.7,94.215,-40.3,0.876,4991.6,999.0,0,0.0,0.0,1.0,2,2,0.0,2,7,1,1
29542,41.0,1,999,0,1.4,94.465,-41.8,4.961,5228.1,999.0,0,0.0,0.0,1.0,3,4,0.0,9,6,1,1
29543,31.0,1,999,1,-2.9,92.963,-40.8,1.262,5076.2,999.0,3,0.0,0.0,0.0,1,7,0.0,5,6,1,2
29544,41.0,2,999,0,1.4,93.918,-42.7,4.959,5228.1,999.0,0,1.0,0.0,1.0,2,2,0.0,7,7,1,1
29545,53.0,1,999,0,1.4,94.465,-41.8,4.959,5228.1,999.0,0,0.0,0.0,1.0,3,2,0.0,4,6,1,1
29546,55.0,2,999,0,1.1,93.994,-36.4,4.856,5191.0,999.0,0,0.0,0.0,1.0,2,2,0.0,4,5,1,1
29547,44.0,7,999,0,1.4,93.918,-42.7,4.963,5228.1,999.0,0,0.0,0.0,1.0,1,8,0.0,6,7,1,1
29548,31.0,1,999,0,-1.8,93.075,-47.1,1.365,5099.1,999.0,0,1.0,0.0,0.0,2,3,0.0,6,4,1,1
29549,30.0,5,999,0,1.1,93.994,-36.4,4.859,5191.0,999.0,0,0.0,0.0,1.0,2,5,0.0,9,5,1,1
29550,31.0,1,999,0,1.4,94.465,-41.8,4.864,5228.1,999.0,0,1.0,0.0,1.0,1,4,0.0,11,6,1,1
29551,29.0,1,999,0,1.1,93.994,-36.4,4.858,5191.0,999.0,0,0.0,0.0,1.0,1,4,0.0,6,5,1,1
29552,30.0,2,999,0,-1.8,93.075,-47.1,1.435,5099.1,999.0,0,1.0,0.0,0.0,1,7,0.0,1,4,1,1
29553,53.0,1,999,0,-0.1,93.2,-42.0,4.076,5195.8,999.0,0,1.0,1.0,0.0,3,8,0.0,5,11,1,1
29554,31.0,1,999,0,1.4,93.444,-36.1,4.963,5228.1,999.0,0,1.0,0.0,0.0,2,7,0.0,3,8,1,1
29555,27.0,1,999,0,-1.8,92.893,-46.2,1.344,5099.1,999.0,0,1.0,0.0,0.0,1,4,0.0,4,5,1,1
29556,42.0,1,999,0,1.4,94.465,-41.8,4.961,5228.1,999.0,0,0.0,0.0,1.0,2,4,0.0,7,6,1,1
29557,33.0,10,999,1,-1.8,92.893,-46.2,1.291,5099.1,999.0,4,1.0,0.0,0.0,2,8,0.0,4,5,1,2
29558,31.0,1,999,0,1.1,93.994,-36.4,4.859,5191.0,999.0,0,0.0,0.0,1.0,2,8,0.0,4,5,1,1
29559,37.0,5,999,0,1.1,93.994,-36.4,4.859,5191.0,999.0,0,1.0,0.0,1.0,2,5,0.0,9,5,1,1
29560,39.0,1,999,1,-1.8,92.893,-46.2,1.299,5099.1,999.0,1,1.0,1.0,0.0,1,4,0.0,4,5,2,2
29561,56.0,2,999,0,1.4,93.918,-42.7,4.96,5228.1,999.0,0,1.0,0.0,0.0,2,2,0.0,8,7,2,1
29562,28.0,4,999,1,-1.8,92.893,-46.2,1.291,5099.1,999.0,0,0.0,0.0,0.0,1,5,0.0,9,5,1,2
29563,34.0,2,999,0,1.1,93.994,-36.4,4.864,5191.0,999.0,0,0.0,0.0,1.0,2,5,0.0,6,5,1,1
29564,43.0,3,999,0,1.1,93.994,-36.4,4.86,5191.0,999.0,0,0.0,0.0,1.0,2,4,0.0,4,5,1,1
29565,60.0,1,999,0,1.4,93.918,-42.7,4.962,5228.1,999.0,0,1.0,0.0,0.0,2,2,0.0,12,7,1,1
29566,34.0,2,999,1,-1.8,92.893,-46.2,1.281,5099.1,999.0,1,1.0,0.0,0.0,2,7,0.0,9,5,1,2
29567,52.0,2,999,0,-0.1,93.2,-42.0,4.076,5195.8,999.0,0,1.0,0.0,0.0,3,7,0.0,5,11,1,1
29568,37.0,2,999,0,1.1,93.994,-36.4,4.864,5191.0,999.0,0,1.0,0.0,1.0,2,6,0.0,10,5,1,1
29569,49.0,3,999,0,1.4,93.444,-36.1,4.965,5228.1,999.0,0,1.0,1.0,0.0,2,8,0.0,4,8,2,1
29570,31.0,2,999,0,1.4,94.465,-41.8,4.961,5228.1,999.0,0,1.0,0.0,1.0,1,7,0.0,6,6,2,1
29571,25.0,3,999,0,-1.8,93.075,-47.1,1.445,5099.1,999.0,0,0.0,1.0,0.0,1,6,0.0,10,4,1,1
29572,47.0,1,999,0,1.4,93.918,-42.7,4.96,5228.1,999.0,0,0.0,1.0,0.0,2,8,0.0,4,7,2,1
29573,27.0,1,999,0,-0.1,93.2,-42.0,4.663,5195.8,999.0,0,0.0,0.0,1.0,2,6,0.0,1,11,1,1
29574,31.0,2,999,0,-1.8,92.893,-46.2,1.299,5099.1,999.0,0,1.0,1.0,0.0,2,8,0.0,4,5,2,1
29575,52.0,2,999,0,1.1,93.994,-36.4,4.856,5191.0,999.0,0,0.0,0.0,1.0,2,2,0.0,4,5,1,1
29576,47.0,1,999,0,1.4,94.465,-41.8,4.865,5228.1,999.0,0,0.0,1.0,1.0,3,7,0.0,3,6,2,1
29577,31.0,2,6,1,-3.0,92.713,-33.0,0.72,5023.5,0.2,0,1.0,0.0,0.0,2,7,0.0,5,12,1,3
29578,41.0,1,999,0,1.4,93.444,-36.1,4.97,5228.1,999.0,0,1.0,0.0,0.0,2,7,0.0,5,8,2,1
29579,35.0,2,999,1,-2.9,92.963,-40.8,1.286,5076.2,999.0,4,1.0,1.0,0.0,1,8,0.0,9,6,1,2
29580,54.0,5,999,0,1.4,93.918,-42.7,4.962,5228.1,999.0,0,1.0,0.0,0.0,2,4,0.0,4,7,1,1
29581,36.0,6,999,1,-1.8,92.893,-46.2,1.299,5099.1,999.0,2,1.0,0.0,0.0,2,3,0.0,9,5,1,2
29582,46.0,1,999,0,1.4,93.918,-42.7,4.957,5228.1,999.0,0,1.0,0.0,0.0,2,2,0.0,4,7,1,1
29583,31.0,2,999,0,-1.8,92.893,-46.2,1.266,5099.1,999.0,0,0.0,0.0,0.0,1,3,0.0,4,5,1,1
29584,48.0,1,999,0,-2.9,92.963,-40.8,1.252,5076.2,999.0,0,0.0,0.0,0.0,2,8,0.0,2,6,1,1
29585,26.0,35,999,0,1.4,94.465,-41.8,4.96,5228.1,999.0,0,1.0,0.0,1.0,2,8,0.0,4,6,2,1
29586,42.0,1,999,0,1.1,93.994,-36.4,4.857,5191.0,999.0,0,0.0,0.0,1.0,2,3,0.0,4,5,1,1
29587,31.0,1,999,0,1.4,94.465,-41.8,4.864,5228.1,999.0,0,1.0,0.0,1.0,2,5,0.0,6,6,1,1
29588,42.0,2,999,0,-1.7,94.027,-38.3,0.898,4991.6,999.0,0,1.0,0.0,0.0,1,7,0.0,6,8,2,1
29589,70.0,4,999,0,-1.8,92.843,-50.0,1.56,5099.1,999.0,0,0.0,0.0,0.0,3,8,0.0,6,3,2,1
29590,30.0,2,999,0,1.4,93.918,-42.7,4.957,5228.1,999.0,0,1.0,1.0,0.0,2,3,0.0,4,7,1,1
29591,54.0,1,999,0,-0.1,93.2,-42.0,4.191,5195.8,999.0,0,0.0,0.0,0.0,2,5,0.0,9,11,2,1
29592,25.0,7,999,0,-1.8,93.075,-47.1,1.41,5099.1,999.0,0,1.0,1.0,1.0,2,7,0.0,11,4,1,1
29593,31.0,1,999,0,-0.1,93.2,-42.0,4.191,5195.8,999.0,0,0.0,0.0,0.0,2,7,0.0,6,11,2,1
29594,31.0,3,999,0,1.4,94.465,-41.8,4.958,5228.1,999.0,0,0.0,0.0,1.0,2,2,0.0,4,6,1,1
29595,31.0,4,999,0,1.4,93.444,-36.1,4.962,5228.1,999.0,0,1.0,0.0,0.0,2,7,0.0,6,8,1,1
29596,37.0,1,999,0,1.1,93.994,-36.4,4.855,5191.0,999.0,0,0.0,0.0,1.0,1,5,0.0,4,5,1,1
29597,31.0,1,999,0,-2.9,92.963,-40.8,1.266,5076.2,999.0,0,1.0,0.0,0.0,1,7,0.0,5,6,1,1
29598,31.0,1,999,0,-1.8,93.075,-47.1,1.41,5099.1,999.0,0,1.0,0.0,0.0,2,8,0.0,4,4,1,1
29599,42.0,1,999,0,-1.8,92.893,-46.2,1.266,5099.1,999.0,0,1.0,0.0,0.0,2,5,0.0,6,5,1,1
29600,49.0,6,999,0,1.1,93.994,-36.4,4.857,5191.0,999.0,0,0.0,0.0,1.0,2,6,0.0,5,5,1,1
29601,39.0,1,999,0,1.1,93.994,-36.4,4.856,5191.0,999.0,0,0.0,0.0,1.0,2,4,0.0,9,5,1,1
29602,31.0,2,999,0,-1.1,94.601,-49.5,1.025,4963.6,999.0,0,1.0,1.0,0.0,1,6,0.0,5,10,1,1
29603,24.0,4,999,0,-1.8,92.893,-46.2,1.354,5099.1,999.0,0,1.0,0.0,0.0,1,5,0.0,5,5,2,1
29604,31.0,5,999,0,1.4,93.444,-36.1,4.962,5228.1,999.0,0,0.0,0.0,0.0,2,8,0.0,6,8,1,1
29605,39.0,3,999,0,1.4,93.918,-42.7,4.963,5228.1,999.0,0,1.0,1.0,0.0,2,8,0.0,5,7,1,1
29606,38.0,1,999,0,-1.8,92.893,-46.2,1.327,5099.1,999.0,0,1.0,0.0,1.0,2,8,0.0,3,5,1,1
29607,27.0,1,999,0,1.4,93.918,-42.7,4.962,5228.1,999.0,0,0.0,0.0,0.0,2,3,0.0,10,7,1,1
29608,31.0,1,999,0,-1.8,92.893,-46.2,1.327,5099.1,999.0,0,0.0,1.0,0.0,1,8,0.0,4,5,1,1
29609,31.0,1,999,0,1.1,93.994,-36.4,4.856,5191.0,999.0,0,0.0,0.0,1.0,1,8,0.0,1,5,1,1
29610,31.0,1,999,0,-1.8,93.876,-40.0,0.668,5008.7,999.0,0,0.0,0.0,0.0,2,4,0.0,8,5,1,1
29611,30.0,1,999,0,-0.1,93.2,-42.0,4.153,5195.8,999.0,0,1.0,0.0,0.0,1,7,0.0,6,11,1,1
29612,58.0,4,999,2,-1.8,93.749,-34.6,0.644,5008.7,999.0,2,1.0,0.0,0.0,2,8,0.0,6,4,1,2
29613,36.0,1,999,0,1.1,93.994,-36.4,4.857,5191.0,999.0,0,1.0,1.0,1.0,2,4,0.0,4,5,1,1
29614,31.0,2,999,1,-1.8,92.893,-46.2,1.281,5099.1,999.0,3,0.0,0.0,0.0,1,8,0.0,6,5,1,2
29615,34.0,1,6,3,-1.8,93.369,-34.8,0.652,5008.7,0.2,3,1.0,0.0,0.0,1,8,0.0,6,3,1,3
29616,31.0,2,999,2,-1.8,92.893,-46.2,1.354,5099.1,999.0,6,1.0,1.0,0.0,2,5,0.0,6,5,2,2
29617,24.0,5,999,0,-1.8,92.893,-46.2,1.25,5099.1,999.0,0,1.0,1.0,0.0,2,4,0.0,4,5,1,1
29618,50.0,3,999,0,1.4,93.918,-42.7,4.958,5228.1,999.0,0,1.0,0.0,0.0,2,2,0.0,7,7,1,1
29619,31.0,1,999,0,-1.1,94.199,-37.5,0.879,4963.6,999.0,0,1.0,1.0,0.0,2,4,0.0,6,9,1,1
29620,30.0,10,999,0,1.4,93.918,-42.7,4.968,5228.1,999.0,0,1.0,0.0,0.0,1,8,0.0,9,7,1,1
29621,26.0,1,999,0,1.4,93.918,-42.7,4.962,5228.1,999.0,0,1.0,0.0,0.0,1,8,0.0,4,7,1,1
29622,44.0,6,999,0,1.4,93.918,-42.7,4.962,5228.1,999.0,0,1.0,0.0,0.0,2,7,0.0,6,7,1,1
29623,31.0,1,999,0,-2.9,92.963,-40.8,1.206,5076.2,999.0,0,1.0,1.0,0.0,2,7,0.0,6,6,1,1
29624,31.0,1,3,1,-1.7,94.055,-39.8,0.715,4991.6,0.1,1,0.0,0.0,0.0,1,7,0.0,6,6,1,3
29625,38.0,1,999,0,-1.8,92.893,-46.2,1.334,5099.1,999.0,0,1.0,0.0,0.0,2,2,0.0,4,5,1,1
29626,31.0,1,999,0,1.4,93.444,-36.1,4.963,5228.1,999.0,0,0.0,0.0,0.0,2,8,0.0,5,8,1,1
29627,31.0,1,999,0,1.4,94.465,-41.8,4.959,5228.1,999.0,0,0.0,0.0,1.0,2,6,0.0,5,6,1,1
29628,50.0,4,999,0,-1.8,93.075,-47.1,1.405,5099.1,999.0,0,1.0,0.0,0.0,2,7,0.0,3,4,2,1
29629,45.0,1,12,1,-1.8,92.893,-46.2,1.327,5099.1,0.4,2,0.0,0.0,0.0,3,8,0.0,6,5,1,3
29630,40.0,1,999,0,-0.1,93.2,-42.0,4.021,5195.8,999.0,0,1.0,0.0,0.0,2,7,0.0,3,11,1,1
29631,38.0,1,999,0,1.4,93.918,-42.7,4.963,5228.1,999.0,0,1.0,0.0,0.0,2,3,0.0,4,7,1,1
29632,33.0,10,999,0,1.4,94.465,-41.8,4.959,5228.1,999.0,0,1.0,0.0,1.0,2,7,0.0,6,6,1,1
29633,46.0,2,999,0,-1.8,93.075,-47.1,1.445,5099.1,999.0,0,0.0,0.0,0.0,2,8,0.0,9,4,1,1
29634,34.0,1,999,0,-2.9,92.201,-31.4,0.821,5076.2,999.0,0,1.0,0.0,0.0,2,8,0.0,6,8,1,1
29635,31.0,12,999,0,1.4,93.444,-36.1,4.962,5228.1,999.0,0,1.0,0.0,0.0,2,4,0.0,2,8,1,1
29636,31.0,1,999,1,-1.8,92.893,-46.2,1.281,5099.1,999.0,1,1.0,1.0,0.0,2,5,0.0,4,5,1,2
29637,52.0,1,999,0,1.4,93.444,-36.1,4.967,5228.1,999.0,0,0.0,0.0,0.0,2,6,0.0,5,8,1,1
29638,51.0,1,999,0,1.4,93.918,-42.7,4.963,5228.1,999.0,0,1.0,0.0,0.0,2,7,0.0,6,7,1,1
29639,34.0,1,999,0,-1.8,92.893,-46.2,1.344,5099.1,999.0,0,1.0,1.0,0.0,2,8,0.0,6,5,1,1
29640,31.0,4,999,0,1.1,93.994,-36.4,4.857,5191.0,999.0,0,0.0,0.0,1.0,2,8,0.0,7,5,1,1
29641,25.0,2,999,0,1.4,94.465,-41.8,4.864,5228.1,999.0,0,0.0,0.0,1.0,1,7,0.0,6,6,1,1
29642,31.0,2,999,0,1.4,93.444,-36.1,4.963,5228.1,999.0,0,1.0,0.0,0.0,2,8,0.0,9,8,2,1
29643,47.0,3,999,0,1.1,93.994,-36.4,4.855,5191.0,999.0,0,1.0,0.0,1.0,2,6,0.0,5,5,1,1
29644,44.0,3,999,0,1.4,93.918,-42.7,4.963,5228.1,999.0,0,1.0,0.0,1.0,2,5,0.0,12,7,1,1
29645,32.0,1,999,0,-1.8,92.893,-46.2,1.291,5099.1,999.0,0,1.0,0.0,0.0,1,8,0.0,4,5,1,1
29646,34.0,2,999,0,-0.1,93.2,-42.0,4.153,5195.8,999.0,0,1.0,0.0,0.0,1,6,0.0,3,11,1,1
29647,47.0,1,999,0,1.4,93.918,-42.7,4.962,5228.1,999.0,0,1.0,0.0,0.0,2,2,0.0,2,7,2,1
29648,40.0,1,999,0,1.4,94.465,-41.8,4.967,5228.1,999.0,0,0.0,0.0,1.0,2,2,0.0,1,6,1,1
29649,38.0,1,999,0,-1.8,93.075,-47.1,1.435,5099.1,999.0,0,0.0,0.0,0.0,2,8,0.0,5,4,1,1
29650,33.0,1,999,0,-1.8,92.893,-46.2,1.334,5099.1,999.0,0,0.0,0.0,0.0,2,3,0.0,4,5,1,1
29651,43.0,4,11,1,-1.8,93.075,-47.1,1.405,5099.1,0.366666666667,3,1.0,0.0,0.0,1,7,0.0,6,4,2,3
29652,49.0,5,999,0,1.4,93.444,-36.1,4.963,5228.1,999.0,0,0.0,0.0,0.0,2,4,0.0,4,8,2,1
29653,41.0,1,999,0,-1.8,92.893,-46.2,1.299,5099.1,999.0,0,0.0,0.0,0.0,1,6,0.0,5,5,2,1
29654,29.0,2,999,0,-0.1,93.2,-42.0,4.12,5195.8,999.0,0,0.0,0.0,0.0,2,5,0.0,4,11,1,1
29655,26.0,1,999,0,1.4,94.465,-41.8,4.962,5228.1,999.0,0,1.0,1.0,1.0,1,8,0.0,4,6,1,1
29656,31.0,4,999,0,1.4,93.918,-42.7,4.962,5228.1,999.0,0,1.0,0.0,0.0,3,6,0.0,10,7,1,1
29657,41.0,1,999,0,1.4,93.918,-42.7,4.96,5228.1,999.0,0,0.0,0.0,0.0,1,5,0.0,6,7,2,1
29658,31.0,1,999,0,1.4,93.918,-42.7,4.96,5228.1,999.0,0,0.0,0.0,0.0,3,7,0.0,9,7,2,1
29659,38.0,3,999,0,1.1,93.994,-36.4,4.86,5191.0,999.0,0,0.0,0.0,1.0,2,3,0.0,4,5,1,1
29660,53.0,1,999,1,-1.8,93.369,-34.8,0.654,5008.7,999.0,2,1.0,1.0,0.0,3,7,0.0,6,3,1,2
29661,50.0,1,999,0,1.4,94.465,-41.8,4.961,5228.1,999.0,0,0.0,1.0,1.0,2,6,0.0,5,6,2,1
29662,49.0,2,999,0,-0.1,93.2,-42.0,4.021,5195.8,999.0,0,0.0,0.0,0.0,2,5,0.0,10,11,1,1
29663,31.0,2,999,0,-0.1,93.2,-42.0,4.021,5195.8,999.0,0,0.0,0.0,0.0,2,8,0.0,6,11,1,1
29664,44.0,1,999,0,1.1,93.994,-36.4,4.856,5191.0,999.0,0,1.0,0.0,1.0,2,2,0.0,4,5,1,1
29665,23.0,2,999,0,-1.8,93.075,-47.1,1.405,5099.1,999.0,0,0.0,0.0,0.0,1,5,0.0,11,4,2,1
29666,31.0,11,999,0,1.1,93.994,-36.4,4.857,5191.0,999.0,0,1.0,1.0,1.0,2,2,0.0,4,5,1,1
29667,50.0,1,999,0,1.4,93.918,-42.7,4.968,5228.1,999.0,0,0.0,0.0,0.0,2,7,0.0,3,7,1,1
29668,33.0,3,999,1,-1.8,92.893,-46.2,1.299,5099.1,999.0,4,1.0,1.0,0.0,1,4,0.0,4,5,2,2
29669,45.0,1,999,0,1.4,93.444,-36.1,4.965,5228.1,999.0,0,1.0,0.0,0.0,2,3,0.0,1,8,1,1
29670,46.0,1,999,0,1.4,93.444,-36.1,4.966,5228.1,999.0,0,1.0,1.0,0.0,3,7,0.0,6,8,1,1
29671,41.0,2,999,0,1.4,94.465,-41.8,4.958,5228.1,999.0,0,0.0,0.0,1.0,2,8,0.0,9,6,1,1
29672,53.0,1,999,0,-1.8,92.893,-46.2,1.25,5099.1,999.0,0,1.0,0.0,0.0,3,6,0.0,5,5,1,1
29673,53.0,8,999,0,1.4,94.465,-41.8,4.864,5228.1,999.0,0,0.0,0.0,1.0,2,5,0.0,9,6,1,1
29674,35.0,1,6,1,-3.4,92.431,-26.9,0.733,5017.5,0.2,2,0.0,0.0,0.0,2,7,0.0,10,10,1,3
29675,38.0,1,999,0,1.4,93.918,-42.7,4.961,5228.1,999.0,0,1.0,0.0,0.0,2,5,0.0,9,7,1,1
29676,31.0,3,999,0,1.4,93.444,-36.1,4.964,5228.1,999.0,0,1.0,0.0,0.0,1,6,0.0,5,8,1,1
29677,30.0,1,999,0,-2.9,92.963,-40.8,1.266,5076.2,999.0,0,0.0,0.0,0.0,2,8,0.0,4,6,1,1
29678,43.0,8,999,0,1.4,93.444,-36.1,4.964,5228.1,999.0,0,1.0,0.0,0.0,2,7,0.0,6,8,1,1
29679,32.0,3,999,0,1.4,94.465,-41.8,4.959,5228.1,999.0,0,1.0,0.0,1.0,2,4,0.0,4,6,1,1
29680,36.0,2,999,0,-0.1,93.2,-42.0,4.191,5195.8,999.0,0,0.0,0.0,0.0,2,6,0.0,5,11,2,1
29681,44.0,2,999,0,1.1,93.994,-36.4,4.857,5191.0,999.0,0,0.0,0.0,1.0,1,2,0.0,4,5,1,1
29682,36.0,1,999,0,1.1,93.994,-36.4,4.856,5191.0,999.0,0,0.0,1.0,1.0,2,4,0.0,4,5,1,1
29683,31.0,1,999,0,-0.1,93.2,-42.0,4.021,5195.8,999.0,0,1.0,0.0,0.0,1,5,0.0,6,11,1,1
29684,57.0,7,999,0,-0.1,93.2,-42.0,4.021,5195.8,999.0,0,1.0,0.0,0.0,3,7,0.0,6,11,1,1
29685,58.0,1,999,0,1.4,94.465,-41.8,4.866,5228.1,999.0,0,0.0,0.0,1.0,2,8,0.0,6,6,1,1
29686,31.0,2,999,0,1.4,93.444,-36.1,4.964,5228.1,999.0,0,0.0,0.0,0.0,2,7,0.0,5,8,1,1
29687,45.0,2,999,0,1.4,93.918,-42.7,4.962,5228.1,999.0,0,0.0,0.0,0.0,3,8,0.0,5,7,1,1
29688,29.0,2,999,0,1.1,93.994,-36.4,4.86,5191.0,999.0,0,1.0,0.0,1.0,1,8,0.0,4,5,1,1
29689,42.0,3,999,0,1.4,93.918,-42.7,4.962,5228.1,999.0,0,1.0,0.0,0.0,3,5,0.0,9,7,2,1
29690,48.0,4,999,0,1.1,93.994,-36.4,4.857,5191.0,999.0,0,1.0,1.0,1.0,2,3,0.0,2,5,1,1
29691,33.0,1,999,0,1.1,93.994,-36.4,4.856,5191.0,999.0,0,0.0,0.0,1.0,3,5,0.0,5,5,1,1
29692,27.0,1,999,0,-1.8,92.893,-46.2,1.266,5099.1,999.0,0,1.0,0.0,0.0,1,7,0.0,6,5,1,1
29693,41.0,3,999,1,-1.8,93.075,-47.1,1.405,5099.1,999.0,3,0.0,0.0,0.0,2,8,0.0,4,4,1,2
29694,55.0,1,999,0,-3.4,92.431,-26.9,0.739,5017.5,999.0,0,0.0,0.0,0.0,2,8,0.0,7,10,2,1
29695,33.0,1,999,0,1.4,94.465,-41.8,4.961,5228.1,999.0,0,0.0,0.0,1.0,2,4,0.0,5,6,2,1
29696,31.0,2,999,0,1.1,93.994,-36.4,4.857,5191.0,999.0,0,0.0,0.0,1.0,2,5,0.0,6,5,1,1
29697,31.0,4,999,0,1.1,93.994,-36.4,4.857,5191.0,999.0,0,1.0,0.0,1.0,1,8,0.0,6,5,1,1
29698,26.0,3,999,0,1.1,93.994,-36.4,4.86,5191.0,999.0,0,1.0,0.0,1.0,2,4,0.0,4,5,1,1
29699,53.0,6,999,0,-1.7,94.055,-39.8,0.748,4991.6,999.0,0,1.0,0.0,0.0,2,5,0.0,2,6,1,1
29700,37.0,1,999,0,-1.1,94.601,-49.5,0.987,4963.6,999.0,0,0.0,0.0,0.0,1,5,0.0,6,10,1,1
29701,31.0,2,999,0,1.1,93.994,-36.4,4.857,5191.0,999.0,0,1.0,0.0,1.0,2,7,0.0,7,5,1,1
29702,37.0,1,999,0,1.1,93.994,-36.4,4.857,5191.0,999.0,0,1.0,0.0,1.0,2,7,0.0,3,5,1,1
29703,36.0,3,999,0,-0.1,93.2,-42.0,4.076,5195.8,999.0,0,1.0,1.0,0.0,2,8,0.0,1,11,1,1
29704,31.0,3,999,0,-1.8,92.893,-46.2,1.281,5099.1,999.0,0,1.0,0.0,0.0,2,4,0.0,4,5,1,1
29705,25.0,1,999,0,-1.8,92.843,-50.0,1.531,5099.1,999.0,0,0.0,0.0,0.0,2,7,0.0,6,3,1,1
29706,27.0,1,999,0,-1.8,92.893,-46.2,1.291,5099.1,999.0,0,1.0,0.0,0.0,1,5,0.0,11,5,1,1
29707,41.0,2,999,0,-1.8,92.893,-46.2,1.25,5099.1,999.0,0,1.0,0.0,0.0,2,7,0.0,3,5,1,1
29708,32.0,1,999,0,-2.9,92.963,-40.8,1.266,5076.2,999.0,0,1.0,0.0,0.0,4,4,0.0,4,6,2,1
29709,31.0,1,999,0,1.4,93.444,-36.1,4.962,5228.1,999.0,0,1.0,0.0,0.0,2,8,0.0,5,8,1,1
29710,31.0,1,999,0,1.4,93.918,-42.7,4.962,5228.1,999.0,0,1.0,0.0,1.0,2,4,0.0,9,7,1,1
29711,29.0,3,999,0,1.1,93.994,-36.4,4.86,5191.0,999.0,0,0.0,0.0,1.0,1,8,0.0,6,5,1,1
29712,36.0,2,999,0,1.1,93.994,-36.4,4.856,5191.0,999.0,0,1.0,0.0,1.0,2,8,0.0,5,5,1,1
29713,52.0,3,999,0,1.4,93.918,-42.7,4.96,5228.1,999.0,0,0.0,0.0,0.0,2,4,0.0,4,7,2,1
29714,54.0,3,999,0,-1.8,92.893,-46.2,1.354,5099.1,999.0,0,0.0,0.0,0.0,2,2,0.0,4,5,2,1
29715,53.0,1,999,2,-2.9,92.963,-40.8,1.26,5076.2,999.0,2,0.0,1.0,0.0,2,5,0.0,2,6,1,2
29716,25.0,3,999,0,1.4,93.918,-42.7,4.962,5228.1,999.0,0,0.0,0.0,0.0,1,8,0.0,5,7,2,1
29717,47.0,2,999,1,-1.8,92.893,-46.2,1.344,5099.1,999.0,4,1.0,0.0,0.0,2,8,0.0,3,5,1,2
29718,47.0,2,999,0,-0.1,93.2,-42.0,4.021,5195.8,999.0,0,1.0,0.0,0.0,2,8,0.0,5,11,1,1
29719,44.0,2,999,0,-1.8,92.893,-46.2,1.266,5099.1,999.0,0,1.0,1.0,0.0,1,6,0.0,5,5,1,1
29720,36.0,3,999,0,1.4,94.465,-41.8,4.967,5228.1,999.0,0,0.0,0.0,1.0,2,6,0.0,5,6,1,1
29721,31.0,4,999,0,1.4,94.465,-41.8,4.959,5228.1,999.0,0,1.0,1.0,1.0,1,8,0.0,3,6,1,1
29722,40.0,3,999,0,1.1,93.994,-36.4,4.856,5191.0,999.0,0,0.0,0.0,1.0,1,7,0.0,2,5,1,1
29723,36.0,10,999,0,1.4,94.465,-41.8,4.961,5228.1,999.0,0,0.0,0.0,1.0,2,6,0.0,5,6,1,1
29724,35.0,4,999,0,1.4,93.444,-36.1,4.962,5228.1,999.0,0,1.0,0.0,0.0,2,8,0.0,3,8,1,1
29725,31.0,2,999,0,1.4,94.465,-41.8,4.961,5228.1,999.0,0,1.0,0.0,1.0,2,7,0.0,6,6,2,1
29726,41.0,1,999,0,1.4,93.444,-36.1,4.963,5228.1,999.0,0,1.0,0.0,1.0,2,8,0.0,2,8,1,1
29727,35.0,1,999,1,-1.8,92.893,-46.2,1.327,5099.1,999.0,1,1.0,1.0,0.0,1,8,0.0,6,5,1,2
29728,36.0,4,999,0,-1.8,92.893,-46.2,1.354,5099.1,999.0,0,0.0,1.0,0.0,2,8,0.0,3,5,2,1
29729,46.0,4,999,0,1.4,93.918,-42.7,4.962,5228.1,999.0,0,1.0,1.0,0.0,2,8,0.0,3,7,2,1
29730,37.0,1,999,1,-1.8,92.893,-46.2,1.327,5099.1,999.0,4,1.0,0.0,0.0,2,2,0.0,4,5,1,2
29731,38.0,4,999,0,1.1,93.994,-36.4,4.857,5191.0,999.0,0,1.0,1.0,1.0,2,8,0.0,5,5,1,1
29732,34.0,1,999,1,-1.8,92.893,-46.2,1.327,5099.1,999.0,3,0.0,0.0,0.0,2,4,0.0,4,5,1,2
29733,31.0,7,999,0,-1.8,92.893,-46.2,1.25,5099.1,999.0,0,0.0,0.0,0.0,1,7,0.0,6,5,1,1
29734,49.0,3,999,0,1.1,93.994,-36.4,4.859,5191.0,999.0,0,0.0,0.0,1.0,2,8,0.0,3,5,1,1
29735,31.0,2,999,0,1.4,93.444,-36.1,4.97,5228.1,999.0,0,0.0,0.0,0.0,2,6,0.0,9,8,2,1
29736,31.0,4,999,0,-1.8,92.893,-46.2,1.354,5099.1,999.0,0,0.0,0.0,0.0,1,7,0.0,5,5,2,1
29737,40.0,3,999,0,1.4,94.465,-41.8,4.959,5228.1,999.0,0,0.0,0.0,1.0,2,5,0.0,6,6,1,1
29738,44.0,1,999,0,-1.8,93.075,-47.1,1.405,5099.1,999.0,0,0.0,0.0,0.0,2,3,0.0,4,4,2,1
29739,35.0,4,999,0,1.4,93.918,-42.7,4.968,5228.1,999.0,0,1.0,0.0,0.0,1,6,0.0,5,7,1,1
29740,46.0,4,999,0,1.4,93.918,-42.7,4.96,5228.1,999.0,0,0.0,1.0,0.0,2,5,0.0,9,7,2,1
29741,58.0,1,999,0,-2.9,92.201,-31.4,0.883,5076.2,999.0,0,0.0,0.0,0.0,2,8,0.0,8,8,1,1
29742,29.0,1,999,0,-0.1,93.2,-42.0,4.191,5195.8,999.0,0,1.0,0.0,0.0,2,8,0.0,4,11,2,1
29743,30.0,3,999,0,1.4,93.918,-42.7,4.963,5228.1,999.0,0,1.0,1.0,0.0,1,7,0.0,10,7,1,1
29744,47.0,2,999,0,1.4,94.465,-41.8,4.865,5228.1,999.0,0,1.0,0.0,1.0,3,5,0.0,5,6,2,1
29745,58.0,2,999,0,-0.1,93.2,-42.0,4.021,5195.8,999.0,0,1.0,0.0,1.0,3,7,0.0,3,11,1,1
29746,31.0,2,999,0,1.4,93.918,-42.7,4.957,5228.1,999.0,0,1.0,0.0,0.0,3,8,0.0,2,7,1,1
29747,31.0,4,999,0,1.4,93.918,-42.7,4.961,5228.1,999.0,0,1.0,0.0,0.0,2,8,0.0,3,7,1,1
29748,29.0,4,999,0,1.4,93.918,-42.7,4.963,5228.1,999.0,0,1.0,0.0,0.0,1,7,0.0,11,7,1,1
29749,48.0,5,999,0,1.4,94.465,-41.8,4.959,5228.1,999.0,0,0.0,0.0,1.0,2,4,0.0,4,6,1,1
29750,38.0,13,999,0,1.4,94.465,-41.8,4.961,5228.1,999.0,0,0.0,0.0,1.0,3,5,0.0,4,6,1,1
29751,45.0,3,999,0,1.4,93.444,-36.1,4.963,5228.1,999.0,0,0.0,0.0,0.0,3,7,0.0,5,8,2,1
29752,31.0,1,999,0,1.4,93.918,-42.7,4.963,5228.1,999.0,0,0.0,0.0,0.0,1,6,0.0,5,7,1,1
29753,31.0,1,999,0,-1.8,92.893,-46.2,1.25,5099.1,999.0,0,1.0,1.0,0.0,2,6,0.0,1,5,1,1
29754,25.0,5,999,0,-2.9,92.963,-40.8,1.268,5076.2,999.0,0,1.0,0.0,0.0,1,8,0.0,1,6,1,1
29755,28.0,1,999,0,-2.9,92.469,-33.6,1.029,5076.2,999.0,0,1.0,1.0,1.0,1,7,0.0,10,7,1,1
29756,31.0,1,999,0,-1.8,92.893,-46.2,1.266,5099.1,999.0,0,1.0,0.0,0.0,2,6,0.0,5,5,1,1
29757,32.0,2,999,0,1.4,93.918,-42.7,4.963,5228.1,999.0,0,0.0,0.0,0.0,1,8,0.0,6,7,1,1
29758,37.0,2,999,0,1.1,93.994,-36.4,4.857,5191.0,999.0,0,1.0,1.0,1.0,1,4,0.0,4,5,1,1
29759,57.0,2,999,0,1.4,93.444,-36.1,4.965,5228.1,999.0,0,0.0,0.0,0.0,2,6,0.0,9,8,1,1
29760,31.0,2,999,0,1.4,93.918,-42.7,4.962,5228.1,999.0,0,1.0,1.0,0.0,1,8,0.0,6,7,1,1
29761,31.0,3,999,0,1.4,93.918,-42.7,4.961,5228.1,999.0,0,0.0,0.0,1.0,1,6,0.0,5,7,1,1
29762,58.0,6,999,0,1.4,93.918,-42.7,4.961,5228.1,999.0,0,1.0,0.0,0.0,2,5,0.0,6,7,1,1
29763,36.0,1,999,0,1.4,93.444,-36.1,4.963,5228.1,999.0,0,0.0,0.0,0.0,1,7,0.0,6,8,1,1
29764,28.0,2,999,0,1.4,93.918,-42.7,4.962,5228.1,999.0,0,0.0,1.0,0.0,1,8,0.0,4,7,1,1
29765,31.0,4,999,0,1.4,93.918,-42.7,4.961,5228.1,999.0,0,1.0,0.0,0.0,1,7,0.0,6,7,1,1
29766,28.0,4,999,0,1.4,93.918,-42.7,4.963,5228.1,999.0,0,1.0,1.0,0.0,2,7,0.0,3,7,1,1
29767,34.0,5,999,1,-3.4,92.649,-30.1,0.716,5017.5,999.0,2,0.0,0.0,0.0,1,8,0.0,10,11,1,2
29768,49.0,1,999,0,1.4,93.444,-36.1,4.963,5228.1,999.0,0,1.0,0.0,0.0,4,7,0.0,6,8,1,1
29769,46.0,2,999,0,1.1,93.994,-36.4,4.86,5191.0,999.0,0,1.0,1.0,1.0,3,8,0.0,1,5,1,1
29770,31.0,1,999,0,1.4,93.444,-36.1,4.965,5228.1,999.0,0,0.0,0.0,0.0,2,8,0.0,8,8,2,1
29771,31.0,2,999,0,-1.8,92.893,-46.2,1.299,5099.1,999.0,0,0.0,0.0,0.0,2,2,0.0,7,5,2,1
29772,36.0,6,999,0,1.4,94.465,-41.8,4.959,5228.1,999.0,0,0.0,0.0,1.0,1,8,0.0,5,6,1,1
29773,31.0,1,999,0,-1.8,92.893,-46.2,1.281,5099.1,999.0,0,0.0,0.0,0.0,1,6,0.0,3,5,1,1
29774,31.0,4,999,0,1.4,94.465,-41.8,4.961,5228.1,999.0,0,1.0,0.0,1.0,2,4,0.0,4,6,1,1
29775,52.0,1,999,0,-1.8,92.893,-46.2,1.25,5099.1,999.0,0,1.0,0.0,0.0,2,7,0.0,6,5,1,1
29776,34.0,1,999,0,1.4,93.918,-42.7,4.968,5228.1,999.0,0,0.0,0.0,0.0,2,6,0.0,5,7,1,1
29777,37.0,2,999,0,-0.1,93.2,-42.0,4.021,5195.8,999.0,0,1.0,0.0,0.0,2,7,0.0,1,11,1,1
29778,33.0,14,999,0,1.4,93.918,-42.7,4.963,5228.1,999.0,0,1.0,0.0,0.0,1,5,0.0,6,7,1,1
29779,31.0,2,999,0,1.1,93.994,-36.4,4.859,5191.0,999.0,0,1.0,1.0,1.0,2,4,0.0,6,5,1,1
29780,32.0,2,999,0,1.4,93.444,-36.1,4.964,5228.1,999.0,0,0.0,0.0,0.0,1,7,0.0,6,8,1,1
29781,31.0,1,999,0,1.4,94.465,-41.8,4.958,5228.1,999.0,0,1.0,0.0,1.0,2,2,0.0,4,6,1,1
29782,35.0,1,999,0,1.1,93.994,-36.4,4.856,5191.0,999.0,0,0.0,0.0,1.0,2,5,0.0,6,5,1,1
29783,39.0,3,999,0,1.4,94.465,-41.8,4.967,5228.1,999.0,0,0.0,0.0,1.0,2,4,0.0,4,6,1,1
29784,31.0,2,999,0,1.1,93.994,-36.4,4.856,5191.0,999.0,0,0.0,0.0,1.0,2,8,0.0,8,5,1,1
29785,36.0,2,999,0,1.1,93.994,-36.4,4.855,5191.0,999.0,0,0.0,1.0,1.0,2,8,0.0,9,5,1,1
29786,50.0,1,999,0,1.1,93.994,-36.4,4.856,5191.0,999.0,0,0.0,0.0,1.0,2,6,0.0,5,5,1,1
29787,36.0,3,999,0,1.4,93.444,-36.1,4.965,5228.1,999.0,0,1.0,1.0,0.0,2,7,0.0,6,8,1,1
29788,29.0,3,999,0,1.4,93.918,-42.7,4.968,5228.1,999.0,0,0.0,0.0,0.0,2,5,0.0,6,7,1,1
29789,58.0,2,999,0,1.1,93.994,-36.4,4.856,5191.0,999.0,0,0.0,1.0,1.0,2,5,0.0,6,5,1,1
29790,39.0,9,999,0,1.4,94.465,-41.8,4.961,5228.1,999.0,0,0.0,0.0,1.0,2,7,0.0,6,6,1,1
29791,31.0,1,999,0,1.4,93.444,-36.1,4.964,5228.1,999.0,0,0.0,0.0,0.0,1,8,0.0,6,8,1,1
29792,32.0,2,999,0,1.1,93.994,-36.4,4.856,5191.0,999.0,0,0.0,0.0,1.0,2,8,0.0,2,5,1,1
29793,47.0,2,999,0,-1.8,92.893,-46.2,1.27,5099.1,999.0,0,0.0,0.0,0.0,2,8,0.0,6,5,1,1
29794,57.0,1,999,0,1.4,93.444,-36.1,4.965,5228.1,999.0,0,1.0,0.0,0.0,2,4,0.0,4,8,1,1
29795,29.0,3,999,0,1.1,93.994,-36.4,4.857,5191.0,999.0,0,1.0,0.0,1.0,1,5,0.0,4,5,1,1
29796,76.0,1,999,1,-2.9,92.201,-31.4,0.873,5076.2,999.0,2,1.0,0.0,0.0,2,8,0.0,8,8,1,2
29797,56.0,2,999,0,-3.4,92.431,-26.9,0.742,5017.5,999.0,0,0.0,0.0,0.0,2,4,0.0,6,10,1,1
29798,29.0,1,999,0,1.4,93.918,-42.7,4.957,5228.1,999.0,0,1.0,0.0,0.0,2,7,0.0,6,7,1,1
29799,31.0,2,999,0,-1.7,94.027,-38.3,0.904,4991.6,999.0,0,1.0,0.0,0.0,1,8,0.0,11,8,1,1
29800,41.0,3,999,0,1.4,93.444,-36.1,4.965,5228.1,999.0,0,1.0,0.0,0.0,3,8,0.0,5,8,1,1
29801,34.0,2,999,1,-1.8,92.893,-46.2,1.334,5099.1,999.0,2,0.0,0.0,0.0,4,8,0.0,6,5,1,2
29802,70.0,3,999,0,-2.9,92.201,-31.4,0.869,5076.2,999.0,0,0.0,0.0,0.0,2,6,0.0,8,8,1,1
29803,31.0,1,999,0,-1.8,92.893,-46.2,1.259,5099.1,999.0,0,0.0,0.0,0.0,2,7,0.0,6,5,1,1
29804,34.0,4,999,1,-1.8,93.075,-47.1,1.405,5099.1,999.0,3,0.0,0.0,0.0,2,4,0.0,4,4,2,2
29805,40.0,2,999,0,-0.1,93.2,-42.0,4.191,5195.8,999.0,0,1.0,0.0,1.0,2,4,0.0,4,11,1,1
29806,35.0,1,999,0,-0.1,93.2,-42.0,4.021,5195.8,999.0,0,1.0,0.0,0.0,3,7,0.0,6,11,1,1
29807,34.0,1,999,0,1.4,94.465,-41.8,4.961,5228.1,999.0,0,0.0,0.0,1.0,1,7,0.0,5,6,1,1
29808,42.0,1,999,0,1.1,93.994,-36.4,4.856,5191.0,999.0,0,1.0,0.0,1.0,2,8,0.0,4,5,1,1
29809,48.0,2,999,0,-1.8,92.893,-46.2,1.334,5099.1,999.0,0,1.0,0.0,0.0,1,8,0.0,5,5,1,1
29810,41.0,2,999,0,1.4,93.918,-42.7,4.963,5228.1,999.0,0,0.0,1.0,0.0,2,6,0.0,9,7,1,1
29811,31.0,1,3,1,-1.8,92.893,-46.2,1.27,5099.1,0.1,4,0.0,0.0,0.0,1,5,0.0,6,5,1,3
29812,43.0,1,999,0,1.4,94.465,-41.8,4.961,5228.1,999.0,0,1.0,0.0,1.0,2,4,0.0,5,6,1,1
29813,57.0,1,999,0,1.1,93.994,-36.4,4.858,5191.0,999.0,0,0.0,0.0,1.0,2,5,0.0,5,5,1,1
29814,31.0,2,999,0,1.4,94.465,-41.8,4.865,5228.1,999.0,0,0.0,0.0,1.0,2,8,0.0,7,6,2,1
29815,69.0,1,999,0,-3.4,92.431,-26.9,0.722,5017.5,999.0,0,1.0,0.0,0.0,2,2,0.0,8,10,1,1
29816,27.0,8,999,0,1.4,93.918,-42.7,4.962,5228.1,999.0,0,0.0,1.0,1.0,2,3,0.0,10,7,1,1
29817,27.0,2,999,0,1.1,93.994,-36.4,4.857,5191.0,999.0,0,1.0,1.0,1.0,2,4,0.0,4,5,1,1
29818,39.0,1,999,0,-1.8,93.075,-47.1,1.405,5099.1,999.0,0,0.0,0.0,0.0,1,7,0.0,3,4,1,1
29819,25.0,2,999,2,-1.7,94.215,-40.3,0.81,4991.6,999.0,2,1.0,0.0,1.0,1,8,0.0,9,7,1,2
29820,50.0,2,999,1,-1.8,92.893,-46.2,1.291,5099.1,999.0,1,0.0,1.0,0.0,2,4,0.0,4,5,1,2
29821,37.0,2,999,0,1.4,93.918,-42.7,4.962,5228.1,999.0,0,0.0,0.0,0.0,2,8,0.0,6,7,1,1
29822,36.0,2,999,0,1.4,94.465,-41.8,4.962,5228.1,999.0,0,1.0,1.0,1.0,2,5,0.0,9,6,1,1
29823,33.0,2,999,0,1.4,93.918,-42.7,4.963,5228.1,999.0,0,1.0,0.0,0.0,2,2,0.0,4,7,1,1
29824,24.0,1,999,0,1.4,93.918,-42.7,4.962,5228.1,999.0,0,0.0,0.0,0.0,2,8,0.0,6,7,1,1
29825,31.0,1,2,1,-1.8,93.075,-47.1,1.365,5099.1,0.0666666666667,3,0.0,0.0,0.0,2,7,0.0,7,4,1,3
29826,31.0,10,999,0,1.4,93.918,-42.7,4.958,5228.1,999.0,0,1.0,0.0,1.0,1,7,0.0,6,7,1,1
29827,27.0,4,999,0,-1.8,92.893,-46.2,1.25,5099.1,999.0,0,0.0,0.0,0.0,3,8,0.0,5,5,1,1
29828,44.0,1,999,0,1.4,93.444,-36.1,4.965,5228.1,999.0,0,0.0,1.0,0.0,2,7,0.0,6,8,1,1
29829,31.0,6,999,0,1.4,93.918,-42.7,4.957,5228.1,999.0,0,1.0,0.0,0.0,3,8,0.0,3,7,1,1
29830,34.0,2,3,1,-1.8,93.369,-34.8,0.652,5008.7,0.1,3,0.0,1.0,0.0,1,8,0.0,6,3,1,3
29831,45.0,3,999,0,-1.8,92.893,-46.2,1.327,5099.1,999.0,0,0.0,0.0,0.0,3,4,0.0,6,5,1,1
29832,31.0,4,999,0,-1.8,92.893,-46.2,1.344,5099.1,999.0,0,0.0,1.0,0.0,1,8,0.0,11,5,1,1
29833,55.0,1,999,0,1.1,93.994,-36.4,4.857,5191.0,999.0,0,1.0,0.0,1.0,2,6,0.0,4,5,1,1
29834,31.0,1,999,0,1.4,93.444,-36.1,4.968,5228.1,999.0,0,0.0,0.0,0.0,2,8,0.0,3,8,1,1
29835,31.0,2,999,0,1.4,93.444,-36.1,4.965,5228.1,999.0,0,0.0,0.0,0.0,1,6,0.0,5,8,1,1
29836,31.0,1,999,0,1.1,93.994,-36.4,4.858,5191.0,999.0,0,0.0,0.0,1.0,1,3,0.0,4,5,1,1
29837,35.0,2,999,1,-1.8,92.893,-46.2,1.299,5099.1,999.0,2,0.0,0.0,1.0,2,4,0.0,4,5,2,2
29838,35.0,3,999,0,1.4,93.918,-42.7,4.962,5228.1,999.0,0,1.0,1.0,0.0,2,8,0.0,4,7,2,1
29839,40.0,1,999,0,1.4,93.918,-42.7,4.962,5228.1,999.0,0,1.0,0.0,0.0,3,5,0.0,9,7,1,1
29840,56.0,2,999,0,1.4,93.444,-36.1,4.963,5228.1,999.0,0,0.0,0.0,0.0,2,8,0.0,8,8,2,1
29841,31.0,7,999,0,1.4,93.444,-36.1,4.963,5228.1,999.0,0,1.0,0.0,0.0,2,2,0.0,4,8,1,1
29842,31.0,10,999,1,-1.8,92.893,-46.2,1.25,5099.1,999.0,3,1.0,0.0,0.0,3,4,0.0,1,5,1,2
29843,37.0,3,999,0,1.4,94.465,-41.8,4.961,5228.1,999.0,0,0.0,0.0,1.0,1,5,0.0,5,6,1,1
29844,33.0,1,999,0,-1.8,93.369,-34.8,0.646,5008.7,999.0,0,1.0,0.0,0.0,1,6,0.0,5,3,1,1
29845,50.0,1,999,0,1.4,93.918,-42.7,4.958,5228.1,999.0,0,0.0,0.0,0.0,2,8,0.0,4,7,1,1
29846,40.0,3,999,0,1.4,93.444,-36.1,4.963,5228.1,999.0,0,0.0,0.0,0.0,2,5,0.0,5,8,2,1
29847,53.0,3,999,0,1.1,93.994,-36.4,4.86,5191.0,999.0,0,0.0,0.0,1.0,2,2,0.0,4,5,1,1
29848,41.0,2,999,0,-0.1,93.2,-42.0,4.021,5195.8,999.0,0,1.0,1.0,0.0,2,7,0.0,5,11,1,1
29849,50.0,1,999,0,1.1,93.994,-36.4,4.864,5191.0,999.0,0,0.0,0.0,1.0,2,8,0.0,4,5,1,1
29850,31.0,1,999,0,1.1,93.994,-36.4,4.857,5191.0,999.0,0,0.0,0.0,1.0,2,3,0.0,4,5,1,1
29851,29.0,1,999,0,1.4,93.444,-36.1,4.965,5228.1,999.0,0,0.0,0.0,0.0,2,7,0.0,5,8,1,1
29852,46.0,1,13,2,-1.7,94.215,-40.3,0.797,4991.6,0.433333333333,6,1.0,1.0,0.0,2,5,0.0,6,7,1,3
29853,31.0,1,999,0,-0.1,93.2,-42.0,4.076,5195.8,999.0,0,0.0,0.0,0.0,3,7,0.0,1,11,1,1
29854,31.0,1,999,0,-2.9,92.469,-33.6,1.059,5076.2,999.0,0,1.0,0.0,0.0,2,8,0.0,4,7,1,1
29855,44.0,5,999,0,1.1,93.994,-36.4,4.86,5191.0,999.0,0,0.0,0.0,1.0,2,8,0.0,5,5,1,1
29856,38.0,4,999,0,-1.8,93.075,-47.1,1.405,5099.1,999.0,0,1.0,0.0,0.0,3,8,0.0,6,4,2,1
29857,60.0,3,6,2,-3.0,92.713,-33.0,0.718,5023.5,0.2,2,0.0,0.0,0.0,2,8,0.0,8,12,1,3
29858,31.0,4,999,0,1.4,94.465,-41.8,4.967,5228.1,999.0,0,0.0,1.0,1.0,1,7,0.0,1,6,1,1
29859,30.0,16,999,0,1.4,93.918,-42.7,4.968,5228.1,999.0,0,1.0,0.0,1.0,1,5,0.0,4,7,1,1
29860,46.0,2,999,0,1.4,93.918,-42.7,4.961,5228.1,999.0,0,0.0,0.0,0.0,3,6,0.0,2,7,1,1
29861,48.0,2,999,0,1.4,94.465,-41.8,4.959,5228.1,999.0,0,1.0,1.0,1.0,3,5,0.0,6,6,1,1
29862,38.0,1,999,0,1.1,93.994,-36.4,4.858,5191.0,999.0,0,1.0,0.0,1.0,2,5,0.0,4,5,1,1
29863,31.0,1,999,0,1.4,94.465,-41.8,4.959,5228.1,999.0,0,1.0,0.0,1.0,2,8,0.0,7,6,1,1
29864,53.0,4,999,0,-0.1,93.2,-42.0,4.191,5195.8,999.0,0,1.0,0.0,0.0,2,8,0.0,4,11,2,1
29865,44.0,1,999,0,1.1,93.994,-36.4,4.86,5191.0,999.0,0,1.0,0.0,1.0,2,5,0.0,9,5,1,1
29866,31.0,4,999,0,1.1,93.994,-36.4,4.856,5191.0,999.0,0,0.0,0.0,1.0,2,4,0.0,4,5,1,1
29867,56.0,6,999,0,1.1,93.994,-36.4,4.856,5191.0,999.0,0,0.0,0.0,1.0,2,8,0.0,6,5,1,1
29868,42.0,1,999,1,-0.1,93.2,-42.0,4.021,5195.8,999.0,1,1.0,0.0,0.0,1,6,0.0,5,11,1,2
29869,31.0,2,999,0,1.1,93.994,-36.4,4.855,5191.0,999.0,0,1.0,0.0,1.0,2,5,0.0,9,5,1,1
29870,25.0,2,999,0,-2.9,92.963,-40.8,1.26,5076.2,999.0,0,0.0,0.0,1.0,1,7,0.0,6,6,2,1
29871,31.0,9,999,0,1.4,93.444,-36.1,4.964,5228.1,999.0,0,0.0,1.0,0.0,2,8,0.0,3,8,1,1
29872,56.0,7,999,0,1.4,93.444,-36.1,4.964,5228.1,999.0,0,0.0,0.0,0.0,2,8,0.0,4,8,1,1
29873,31.0,2,999,0,1.4,93.444,-36.1,4.968,5228.1,999.0,0,0.0,0.0,0.0,2,7,0.0,7,8,1,1
29874,23.0,2,13,1,-2.9,92.469,-33.6,1.044,5076.2,0.433333333333,2,1.0,0.0,0.0,1,8,0.0,11,7,1,3
29875,66.0,3,999,1,-1.8,93.369,-34.8,0.646,5008.7,999.0,1,1.0,1.0,0.0,2,5,0.0,8,3,1,2
29876,51.0,3,999,0,1.4,93.444,-36.1,4.963,5228.1,999.0,0,1.0,1.0,0.0,2,6,0.0,5,8,1,1
29877,42.0,1,999,0,-0.1,93.2,-42.0,4.153,5195.8,999.0,0,1.0,1.0,0.0,2,3,0.0,4,11,1,1
29878,32.0,4,999,0,-0.1,93.2,-42.0,4.12,5195.8,999.0,0,1.0,0.0,0.0,2,5,0.0,5,11,1,1
29879,31.0,1,999,0,1.4,93.918,-42.7,4.962,5228.1,999.0,0,1.0,0.0,0.0,3,4,0.0,5,7,1,1
29880,38.0,1,999,0,-1.8,92.893,-46.2,1.27,5099.1,999.0,0,0.0,0.0,1.0,2,7,0.0,3,5,1,1
29881,35.0,4,999,0,1.1,93.994,-36.4,4.858,5191.0,999.0,0,1.0,1.0,1.0,2,7,0.0,1,5,2,1
29882,53.0,1,999,0,1.1,93.994,-36.4,4.857,5191.0,999.0,0,0.0,1.0,1.0,2,4,0.0,4,5,1,1
29883,34.0,3,999,0,-0.1,93.2,-42.0,4.12,5195.8,999.0,0,0.0,0.0,0.0,1,8,0.0,3,11,1,1
29884,31.0,3,999,0,1.4,93.918,-42.7,4.961,5228.1,999.0,0,0.0,0.0,0.0,1,5,0.0,9,7,1,1
29885,41.0,1,999,0,1.4,93.444,-36.1,4.965,5228.1,999.0,0,1.0,0.0,0.0,2,6,0.0,1,8,1,1
29886,40.0,3,3,2,-1.7,94.055,-39.8,0.739,4991.6,0.1,6,1.0,0.0,0.0,2,8,0.0,4,6,1,3
29887,37.0,4,999,0,-1.8,93.075,-47.1,1.405,5099.1,999.0,0,1.0,0.0,0.0,3,4,0.0,4,4,2,1
29888,34.0,3,999,0,1.1,93.994,-36.4,4.857,5191.0,999.0,0,0.0,1.0,1.0,2,4,0.0,4,5,2,1
29889,31.0,1,999,0,1.1,93.994,-36.4,4.855,5191.0,999.0,0,1.0,0.0,1.0,2,4,0.0,4,5,1,1
29890,28.0,2,999,1,-1.8,92.893,-46.2,1.25,5099.1,999.0,1,0.0,1.0,0.0,1,8,0.0,9,5,1,2
29891,31.0,2,999,0,1.4,93.444,-36.1,4.964,5228.1,999.0,0,1.0,0.0,0.0,2,2,0.0,10,8,1,1
29892,33.0,4,999,0,-1.8,92.893,-46.2,1.244,5099.1,999.0,0,0.0,1.0,0.0,2,5,0.0,9,5,2,1
29893,30.0,6,999,0,1.1,93.994,-36.4,4.857,5191.0,999.0,0,0.0,1.0,1.0,2,4,0.0,4,5,2,1
29894,31.0,1,999,0,1.1,93.994,-36.4,4.857,5191.0,999.0,0,1.0,0.0,1.0,2,8,0.0,4,5,1,1
29895,37.0,1,999,0,-1.8,92.893,-46.2,1.327,5099.1,999.0,0,1.0,0.0,0.0,2,8,0.0,5,5,1,1
29896,27.0,2,999,0,1.1,93.994,-36.4,4.857,5191.0,999.0,0,0.0,0.0,1.0,1,4,0.0,9,5,2,1
29897,45.0,3,999,0,-1.8,92.893,-46.2,1.313,5099.1,999.0,0,0.0,0.0,0.0,2,8,0.0,5,5,1,1
29898,26.0,2,999,0,1.4,93.918,-42.7,4.963,5228.1,999.0,0,0.0,1.0,0.0,1,7,0.0,11,7,1,1
29899,31.0,1,999,1,-1.8,92.893,-46.2,1.313,5099.1,999.0,1,1.0,0.0,0.0,1,7,0.0,6,5,1,2
29900,36.0,1,999,0,1.4,93.918,-42.7,4.961,5228.1,999.0,0,1.0,0.0,0.0,1,4,0.0,6,7,1,1
29901,29.0,1,999,0,-0.1,93.2,-42.0,4.12,5195.8,999.0,0,0.0,1.0,0.0,2,8,0.0,4,11,1,1
29902,38.0,3,999,0,1.1,93.994,-36.4,4.857,5191.0,999.0,0,1.0,0.0,1.0,2,8,0.0,4,5,1,1
29903,50.0,1,999,0,1.4,93.444,-36.1,4.968,5228.1,999.0,0,0.0,0.0,0.0,2,4,0.0,6,8,1,1
29904,43.0,5,999,0,-1.8,92.893,-46.2,1.344,5099.1,999.0,0,0.0,0.0,0.0,2,8,0.0,4,5,1,1
29905,31.0,1,999,0,1.1,93.994,-36.4,4.857,5191.0,999.0,0,1.0,0.0,1.0,2,8,0.0,5,5,2,1
29906,26.0,3,999,0,-3.4,92.431,-26.9,0.742,5017.5,999.0,0,1.0,0.0,1.0,1,4,0.0,11,10,1,1
29907,31.0,1,999,0,-2.9,92.469,-33.6,1.044,5076.2,999.0,0,1.0,0.0,0.0,1,5,0.0,11,7,1,1
29908,31.0,2,999,1,-1.8,93.075,-47.1,1.405,5099.1,999.0,3,0.0,0.0,0.0,1,7,0.0,3,4,1,2
29909,49.0,1,999,0,1.1,93.994,-36.4,4.855,5191.0,999.0,0,0.0,0.0,1.0,2,8,0.0,4,5,1,1
29910,31.0,1,999,0,-1.8,93.075,-47.1,1.453,5099.1,999.0,0,0.0,0.0,0.0,3,5,0.0,9,4,1,1
29911,35.0,4,999,0,1.4,93.444,-36.1,4.968,5228.1,999.0,0,1.0,0.0,0.0,1,8,0.0,5,8,1,1
29912,28.0,2,999,0,1.1,93.994,-36.4,4.857,5191.0,999.0,0,1.0,0.0,1.0,2,3,0.0,4,5,2,1
29913,31.0,5,999,0,1.4,94.465,-41.8,4.961,5228.1,999.0,0,1.0,0.0,1.0,2,8,0.0,6,6,1,1
29914,31.0,2,999,1,-1.1,94.199,-37.5,0.886,4963.6,999.0,2,0.0,1.0,0.0,2,8,0.0,6,9,1,2
29915,30.0,4,999,0,1.4,94.465,-41.8,4.962,5228.1,999.0,0,0.0,0.0,1.0,2,3,0.0,4,6,1,1
29916,44.0,11,999,0,1.4,93.918,-42.7,4.96,5228.1,999.0,0,0.0,0.0,0.0,1,8,0.0,6,7,2,1
29917,52.0,1,999,0,1.4,93.444,-36.1,4.966,5228.1,999.0,0,0.0,0.0,0.0,2,8,0.0,2,8,1,1
29918,57.0,2,999,0,1.4,94.465,-41.8,4.959,5228.1,999.0,0,0.0,0.0,1.0,2,2,0.0,8,6,1,1
29919,38.0,1,999,0,1.4,93.918,-42.7,4.955,5228.1,999.0,0,0.0,0.0,1.0,2,2,0.0,4,7,1,1
29920,23.0,5,999,0,-1.8,93.075,-47.1,1.405,5099.1,999.0,0,0.0,1.0,0.0,1,7,0.0,6,4,1,1
29921,41.0,2,999,0,1.4,93.918,-42.7,4.961,5228.1,999.0,0,1.0,0.0,0.0,2,4,0.0,4,7,1,1
29922,53.0,3,999,0,-1.8,93.075,-47.1,1.479,5099.1,999.0,0,1.0,0.0,0.0,3,5,0.0,4,4,1,1
29923,35.0,3,999,0,-1.8,93.075,-47.1,1.405,5099.1,999.0,0,0.0,0.0,0.0,2,3,0.0,4,4,1,1
29924,38.0,1,999,0,-0.1,93.2,-42.0,4.12,5195.8,999.0,0,1.0,0.0,0.0,1,3,0.0,5,11,1,1
29925,32.0,1,999,0,-1.8,92.843,-50.0,1.556,5099.1,999.0,0,1.0,1.0,0.0,3,6,0.0,5,3,1,1
29926,31.0,3,999,0,1.4,93.444,-36.1,4.967,5228.1,999.0,0,1.0,0.0,0.0,3,7,0.0,6,8,1,1
29927,31.0,1,4,3,-1.1,94.601,-49.5,1.037,4963.6,0.133333333333,9,0.0,0.0,0.0,2,8,0.0,6,10,1,3
29928,35.0,4,999,0,1.4,93.918,-42.7,4.962,5228.1,999.0,0,0.0,0.0,0.0,2,5,0.0,6,7,2,1
29929,31.0,5,6,1,-0.1,93.2,-42.0,4.021,5195.8,0.2,2,1.0,1.0,0.0,2,8,0.0,6,11,1,3
29930,34.0,1,999,0,1.4,93.918,-42.7,4.957,5228.1,999.0,0,1.0,0.0,0.0,3,6,0.0,5,7,1,1
29931,43.0,4,999,0,1.1,93.994,-36.4,4.858,5191.0,999.0,0,1.0,1.0,1.0,2,8,0.0,9,5,1,1
29932,31.0,5,999,0,1.4,93.918,-42.7,4.962,5228.1,999.0,0,1.0,0.0,0.0,1,7,0.0,5,7,1,1
29933,56.0,1,7,2,-3.4,92.649,-30.1,0.72,5017.5,0.233333333333,6,1.0,0.0,0.0,3,6,0.0,2,11,1,2
29934,29.0,2,999,0,-1.8,92.893,-46.2,1.327,5099.1,999.0,0,0.0,0.0,0.0,2,8,0.0,4,5,1,1
29935,49.0,2,999,1,-1.8,93.075,-47.1,1.498,5099.1,999.0,2,1.0,0.0,0.0,2,3,0.0,6,4,1,2
29936,60.0,2,999,0,-1.8,93.075,-47.1,1.405,5099.1,999.0,0,0.0,0.0,0.0,2,6,0.0,5,4,1,1
29937,32.0,3,999,0,1.4,94.465,-41.8,4.96,5228.1,999.0,0,0.0,0.0,1.0,3,7,0.0,1,6,2,1
29938,31.0,2,999,0,1.4,93.444,-36.1,4.966,5228.1,999.0,0,1.0,0.0,0.0,1,5,0.0,5,8,1,1
29939,51.0,6,999,0,-1.8,92.893,-46.2,1.281,5099.1,999.0,0,0.0,1.0,0.0,3,8,0.0,4,5,1,1
29940,31.0,1,999,0,1.4,93.444,-36.1,4.968,5228.1,999.0,0,0.0,0.0,0.0,1,7,0.0,6,8,1,1
29941,33.0,3,999,0,1.1,93.994,-36.4,4.857,5191.0,999.0,0,0.0,0.0,1.0,2,5,0.0,6,5,2,1
29942,35.0,2,999,0,1.4,94.465,-41.8,4.961,5228.1,999.0,0,0.0,0.0,1.0,2,4,0.0,4,6,1,1
29943,34.0,4,999,0,1.4,94.465,-41.8,4.96,5228.1,999.0,0,1.0,0.0,1.0,1,8,0.0,7,6,2,1
29944,28.0,1,999,1,-1.8,93.075,-47.1,1.365,5099.1,999.0,3,1.0,0.0,0.0,1,5,0.0,11,4,1,2
29945,34.0,1,3,2,-3.4,92.649,-30.1,0.714,5017.5,0.1,4,1.0,0.0,0.0,1,7,0.0,6,11,1,3
29946,39.0,2,999,1,-1.7,94.055,-39.8,0.702,4991.6,999.0,2,1.0,0.0,0.0,2,5,0.0,6,6,1,2
29947,32.0,12,999,0,1.4,93.444,-36.1,4.965,5228.1,999.0,0,1.0,1.0,0.0,2,7,0.0,6,8,1,1
29948,30.0,5,999,0,1.4,93.444,-36.1,4.962,5228.1,999.0,0,1.0,0.0,0.0,1,6,0.0,5,8,1,1
29949,39.0,4,999,0,1.4,93.444,-36.1,4.963,5228.1,999.0,0,1.0,0.0,1.0,2,8,0.0,2,8,1,1
29950,35.0,3,999,0,1.4,93.918,-42.7,4.961,5228.1,999.0,0,1.0,0.0,0.0,3,8,0.0,4,7,1,1
29951,31.0,1,999,0,-0.1,93.2,-42.0,4.286,5195.8,999.0,0,1.0,0.0,1.0,2,8,0.0,2,11,1,1
29952,38.0,2,999,0,1.4,93.918,-42.7,4.96,5228.1,999.0,0,1.0,0.0,0.0,2,6,0.0,5,7,2,1
29953,31.0,1,999,0,-0.1,93.2,-42.0,4.076,5195.8,999.0,0,0.0,0.0,0.0,1,7,0.0,6,11,1,1
29954,31.0,4,999,0,-0.1,93.2,-42.0,4.021,5195.8,999.0,0,0.0,0.0,0.0,2,5,0.0,2,11,1,1
29955,35.0,1,999,0,-0.1,93.2,-42.0,4.223,5195.8,999.0,0,1.0,0.0,1.0,2,8,0.0,3,11,1,1
29956,31.0,3,15,1,-2.9,92.201,-31.4,0.825,5076.2,0.5,0,0.0,0.0,0.0,2,5,0.0,6,8,1,3
29957,44.0,5,999,0,1.4,93.918,-42.7,4.96,5228.1,999.0,0,1.0,0.0,0.0,1,8,0.0,6,7,2,1
29958,31.0,5,999,0,1.4,93.918,-42.7,4.96,5228.1,999.0,0,0.0,0.0,0.0,2,5,0.0,9,7,2,1
29959,62.0,1,999,0,-3.4,92.379,-29.8,0.741,5017.5,999.0,0,1.0,0.0,0.0,2,8,0.0,1,9,1,1
29960,31.0,2,999,1,-0.1,93.2,-42.0,4.12,5195.8,999.0,4,1.0,1.0,0.0,3,5,0.0,5,11,1,2
29961,40.0,3,999,0,1.4,93.918,-42.7,4.962,5228.1,999.0,0,0.0,0.0,1.0,3,4,0.0,4,7,1,1
29962,76.0,6,999,1,-3.0,92.713,-33.0,0.712,5023.5,999.0,4,1.0,1.0,0.0,2,7,0.0,8,12,1,2
29963,31.0,2,999,0,-0.1,93.2,-42.0,4.153,5195.8,999.0,0,1.0,0.0,1.0,3,6,0.0,6,11,1,1
29964,35.0,6,999,0,1.4,94.465,-41.8,4.864,5228.1,999.0,0,0.0,0.0,1.0,2,8,0.0,4,6,1,1
29965,31.0,2,999,0,1.1,93.994,-36.4,4.856,5191.0,999.0,0,1.0,0.0,1.0,2,2,0.0,2,5,1,1
29966,31.0,1,999,0,1.4,93.918,-42.7,4.962,5228.1,999.0,0,0.0,1.0,1.0,3,3,0.0,6,7,2,1
29967,49.0,6,999,1,-1.8,93.075,-47.1,1.405,5099.1,999.0,2,1.0,0.0,0.0,2,7,0.0,6,4,2,2
29968,57.0,1,999,0,-3.4,92.649,-30.1,0.715,5017.5,999.0,0,0.0,0.0,0.0,2,6,0.0,5,11,1,1
29969,45.0,4,999,0,1.4,93.918,-42.7,4.963,5228.1,999.0,0,0.0,0.0,0.0,2,8,0.0,6,7,1,1
29970,54.0,17,999,0,1.4,94.465,-41.8,4.96,5228.1,999.0,0,0.0,0.0,1.0,2,7,0.0,7,6,2,1
29971,76.0,1,999,0,-2.9,92.201,-31.4,0.849,5076.2,999.0,0,1.0,0.0,0.0,2,2,0.0,8,8,1,1
29972,41.0,3,999,0,1.4,93.444,-36.1,4.967,5228.1,999.0,0,0.0,0.0,0.0,2,5,0.0,5,8,1,1
29973,46.0,2,999,0,-1.8,92.893,-46.2,1.327,5099.1,999.0,0,1.0,0.0,0.0,2,8,0.0,3,5,1,1
29974,39.0,1,999,0,1.4,93.444,-36.1,4.963,5228.1,999.0,0,0.0,0.0,0.0,2,2,0.0,2,8,1,1
29975,45.0,1,999,0,1.4,93.444,-36.1,4.967,5228.1,999.0,0,0.0,0.0,0.0,2,6,0.0,5,8,1,1
29976,57.0,2,999,0,1.4,93.918,-42.7,4.961,5228.1,999.0,0,0.0,0.0,0.0,3,8,0.0,5,7,1,1
29977,38.0,3,999,0,-1.8,92.893,-46.2,1.25,5099.1,999.0,0,1.0,1.0,0.0,2,8,0.0,7,5,1,1
29978,50.0,2,999,0,1.4,94.465,-41.8,4.864,5228.1,999.0,0,0.0,0.0,1.0,2,2,0.0,4,6,1,1
29979,35.0,1,999,0,1.4,94.465,-41.8,4.955,5228.1,999.0,0,1.0,0.0,1.0,2,6,0.0,1,6,1,1
29980,31.0,7,999,0,1.4,93.918,-42.7,4.968,5228.1,999.0,0,1.0,0.0,0.0,2,8,0.0,4,7,1,1
29981,31.0,1,999,2,-1.7,94.027,-38.3,0.905,4991.6,999.0,0,0.0,0.0,0.0,1,8,0.0,6,8,1,2
29982,31.0,2,999,0,1.4,93.444,-36.1,4.964,5228.1,999.0,0,0.0,0.0,0.0,1,7,0.0,6,8,1,1
29983,41.0,2,999,0,1.4,93.444,-36.1,4.963,5228.1,999.0,0,0.0,1.0,0.0,2,6,0.0,5,8,1,1
29984,31.0,3,999,0,1.1,93.994,-36.4,4.859,5191.0,999.0,0,1.0,0.0,1.0,2,5,0.0,5,5,1,1
29985,59.0,1,999,0,-3.4,92.379,-29.8,0.778,5017.5,999.0,0,1.0,0.0,0.0,2,8,0.0,3,9,1,1
29986,42.0,1,999,0,-1.8,92.893,-46.2,1.313,5099.1,999.0,0,1.0,0.0,0.0,2,6,0.0,5,5,1,1
29987,37.0,3,999,0,1.4,94.465,-41.8,4.959,5228.1,999.0,0,1.0,1.0,1.0,2,5,0.0,9,6,1,1
29988,33.0,2,999,0,1.1,93.994,-36.4,4.86,5191.0,999.0,0,1.0,0.0,1.0,2,7,0.0,3,5,1,1
29989,29.0,1,9,1,-1.1,94.767,-50.8,1.028,4963.6,0.3,3,1.0,0.0,0.0,1,2,0.0,10,11,1,3
29990,58.0,2,999,0,-1.1,94.767,-50.8,1.041,4963.6,999.0,0,1.0,0.0,0.0,2,7,0.0,10,11,1,1
29991,35.0,2,999,0,1.4,94.465,-41.8,4.967,5228.1,999.0,0,1.0,0.0,1.0,2,6,0.0,5,6,1,1
29992,41.0,2,999,0,-1.8,92.893,-46.2,1.313,5099.1,999.0,0,0.0,0.0,0.0,1,5,0.0,9,5,1,1
29993,32.0,2,999,0,1.4,93.918,-42.7,4.96,5228.1,999.0,0,1.0,0.0,0.0,1,5,0.0,6,7,2,1
29994,42.0,1,999,0,1.4,94.465,-41.8,4.959,5228.1,999.0,0,0.0,0.0,1.0,2,5,0.0,10,6,1,1
29995,31.0,2,999,0,1.4,94.465,-41.8,4.967,5228.1,999.0,0,1.0,0.0,1.0,2,8,0.0,8,6,1,1
29996,58.0,1,999,0,1.1,93.994,-36.4,4.86,5191.0,999.0,0,1.0,0.0,1.0,2,2,0.0,4,5,1,1
29997,36.0,2,999,0,1.4,94.465,-41.8,4.958,5228.1,999.0,0,1.0,1.0,1.0,2,5,0.0,9,6,1,1
29998,35.0,1,999,1,-2.9,92.201,-31.4,0.883,5076.2,999.0,3,1.0,0.0,1.0,2,7,0.0,1,8,1,2
29999,41.0,10,999,0,-1.8,92.893,-46.2,1.244,5099.1,999.0,0,0.0,0.0,0.0,3,8,0.0,6,5,2,1
30000,38.0,1,999,0,-1.8,92.893,-46.2,1.334,5099.1,999.0,0,1.0,1.0,0.0,2,7,0.0,6,5,1,1
30001,31.0,1,999,0,1.1,93.994,-36.4,4.856,5191.0,999.0,0,0.0,0.0,1.0,2,6,0.0,5,5,1,1
30002,35.0,2,999,1,-3.0,92.713,-33.0,0.706,5023.5,999.0,1,0.0,0.0,0.0,3,7,0.0,3,12,2,2
30003,37.0,1,999,1,-1.8,92.893,-46.2,1.334,5099.1,999.0,2,0.0,0.0,0.0,2,7,0.0,6,5,1,2
30004,24.0,1,999,0,1.4,93.918,-42.7,4.963,5228.1,999.0,0,1.0,0.0,1.0,1,4,0.0,9,7,1,1
30005,30.0,1,999,0,1.4,94.465,-41.8,4.864,5228.1,999.0,0,0.0,0.0,1.0,2,8,0.0,4,6,1,1
30006,34.0,3,999,0,-1.8,92.893,-46.2,1.266,5099.1,999.0,0,0.0,0.0,0.0,2,8,0.0,9,5,1,1
30007,33.0,2,999,2,-2.9,92.201,-31.4,0.879,5076.2,999.0,6,1.0,0.0,0.0,1,8,0.0,6,8,1,2
30008,30.0,5,999,0,1.4,93.444,-36.1,4.964,5228.1,999.0,0,0.0,0.0,0.0,1,8,0.0,5,8,1,1
30009,28.0,2,999,0,1.1,93.994,-36.4,4.864,5191.0,999.0,0,0.0,0.0,1.0,1,5,0.0,5,5,1,1
30010,38.0,1,999,0,-0.1,93.2,-42.0,4.191,5195.8,999.0,0,1.0,0.0,0.0,1,8,0.0,5,11,2,1
30011,33.0,1,999,1,-1.8,93.075,-47.1,1.405,5099.1,999.0,1,1.0,1.0,0.0,1,8,0.0,2,4,2,2
30012,32.0,1,999,0,1.4,94.465,-41.8,4.864,5228.1,999.0,0,0.0,0.0,1.0,2,6,0.0,5,6,1,1
30013,31.0,1,999,0,-1.8,93.075,-47.1,1.41,5099.1,999.0,0,1.0,0.0,0.0,1,8,0.0,4,4,1,1
30014,31.0,2,999,0,1.1,93.994,-36.4,4.855,5191.0,999.0,0,0.0,0.0,1.0,2,7,0.0,3,5,1,1
30015,53.0,1,999,0,1.4,93.918,-42.7,4.959,5228.1,999.0,0,1.0,0.0,1.0,2,2,0.0,4,7,1,1
30016,31.0,18,999,0,1.4,94.465,-41.8,4.959,5228.1,999.0,0,1.0,0.0,1.0,2,2,0.0,4,6,1,1
30017,34.0,3,999,0,1.4,94.465,-41.8,4.959,5228.1,999.0,0,1.0,0.0,1.0,3,8,0.0,9,6,1,1
30018,48.0,1,999,0,1.1,93.994,-36.4,4.856,5191.0,999.0,0,0.0,0.0,1.0,2,4,0.0,6,5,1,1
30019,35.0,3,999,0,1.1,93.994,-36.4,4.857,5191.0,999.0,0,1.0,0.0,1.0,1,5,0.0,11,5,1,1
30020,51.0,1,999,2,-1.8,92.893,-46.2,1.327,5099.1,999.0,8,0.0,0.0,0.0,3,5,0.0,9,5,1,2
30021,31.0,3,999,0,1.4,93.444,-36.1,4.963,5228.1,999.0,0,1.0,0.0,0.0,2,7,0.0,5,8,2,1
30022,26.0,1,999,0,1.1,93.994,-36.4,4.856,5191.0,999.0,0,0.0,0.0,1.0,2,8,0.0,4,5,1,1
30023,31.0,1,999,1,-2.9,92.963,-40.8,1.266,5076.2,999.0,0,1.0,0.0,0.0,2,8,0.0,5,6,2,2
30024,52.0,2,999,0,1.1,93.994,-36.4,4.857,5191.0,999.0,0,0.0,0.0,1.0,3,7,0.0,6,5,2,1
30025,37.0,3,999,0,1.1,93.994,-36.4,4.855,5191.0,999.0,0,1.0,1.0,1.0,1,8,0.0,2,5,1,1
30026,49.0,2,999,0,1.4,93.918,-42.7,4.963,5228.1,999.0,0,1.0,0.0,0.0,2,8,0.0,2,7,1,1
30027,52.0,3,999,0,-1.8,92.893,-46.2,1.334,5099.1,999.0,0,0.0,1.0,0.0,1,8,0.0,6,5,1,1
30028,31.0,1,999,0,1.4,93.444,-36.1,4.964,5228.1,999.0,0,0.0,0.0,0.0,2,5,0.0,9,8,1,1
30029,73.0,3,6,2,-3.0,92.713,-33.0,0.707,5023.5,0.2,6,0.0,1.0,0.0,3,8,0.0,8,12,1,3
30030,37.0,2,999,0,1.4,94.465,-41.8,4.864,5228.1,999.0,0,1.0,0.0,1.0,2,2,0.0,2,6,1,1
30031,30.0,2,999,0,-3.4,92.649,-30.1,0.715,5017.5,999.0,0,1.0,0.0,1.0,1,8,0.0,4,11,2,1
30032,54.0,1,999,1,-2.9,92.469,-33.6,1.072,5076.2,999.0,3,1.0,0.0,0.0,2,8,0.0,3,7,1,2
30033,39.0,1,999,0,-0.1,93.2,-42.0,4.153,5195.8,999.0,0,1.0,0.0,0.0,3,5,0.0,9,11,1,1
30034,46.0,2,999,0,1.4,94.465,-41.8,4.864,5228.1,999.0,0,1.0,0.0,1.0,2,8,0.0,4,6,1,1
30035,45.0,2,999,0,1.1,93.994,-36.4,4.856,5191.0,999.0,0,1.0,1.0,1.0,1,8,0.0,9,5,1,1
30036,40.0,1,999,0,1.4,94.465,-41.8,4.961,5228.1,999.0,0,1.0,1.0,1.0,2,4,0.0,4,6,2,1
30037,26.0,6,999,0,1.4,93.918,-42.7,4.962,5228.1,999.0,0,1.0,1.0,0.0,2,5,0.0,9,7,1,1
30038,35.0,1,999,0,-1.7,94.055,-39.8,0.739,4991.6,999.0,0,1.0,1.0,0.0,3,6,0.0,5,6,1,1
30039,31.0,1,999,0,1.4,93.918,-42.7,4.962,5228.1,999.0,0,1.0,0.0,0.0,1,4,0.0,4,7,1,1
30040,46.0,2,999,1,-1.8,93.075,-47.1,1.405,5099.1,999.0,2,1.0,0.0,0.0,3,5,0.0,9,4,2,2
30041,53.0,1,999,0,-2.9,92.201,-31.4,0.849,5076.2,999.0,0,0.0,0.0,0.0,2,8,0.0,6,8,1,1
30042,31.0,2,999,0,-1.8,93.075,-47.1,1.415,5099.1,999.0,0,0.0,0.0,1.0,1,7,0.0,6,4,1,1
30043,28.0,2,999,1,-1.8,93.876,-40.0,0.683,5008.7,999.0,1,1.0,0.0,0.0,1,5,0.0,6,5,1,2
30044,43.0,5,999,0,-1.8,93.075,-47.1,1.405,5099.1,999.0,0,1.0,0.0,0.0,3,8,0.0,5,4,2,1
30045,55.0,2,10,3,-1.1,94.601,-49.5,0.977,4963.6,0.333333333333,9,0.0,0.0,1.0,2,5,0.0,6,10,2,3
30046,31.0,1,999,0,-1.8,92.893,-46.2,1.244,5099.1,999.0,0,1.0,0.0,0.0,2,5,0.0,6,5,2,1
30047,54.0,3,999,0,1.1,93.994,-36.4,4.86,5191.0,999.0,0,0.0,0.0,1.0,2,8,0.0,9,5,1,1
30048,45.0,3,999,0,1.1,93.994,-36.4,4.856,5191.0,999.0,0,0.0,0.0,1.0,2,8,0.0,3,5,1,1
30049,54.0,1,999,0,-3.4,92.379,-29.8,0.803,5017.5,999.0,0,0.0,1.0,0.0,2,7,0.0,6,9,1,1
30050,30.0,2,999,0,1.4,93.918,-42.7,4.961,5228.1,999.0,0,1.0,0.0,0.0,1,7,0.0,6,7,1,1
30051,31.0,1,999,0,1.4,93.444,-36.1,4.963,5228.1,999.0,0,1.0,0.0,1.0,3,8,0.0,5,8,1,1
30052,35.0,1,999,0,-0.1,93.2,-42.0,4.076,5195.8,999.0,0,0.0,0.0,0.0,2,4,0.0,4,11,1,1
30053,31.0,2,999,0,1.4,93.918,-42.7,4.962,5228.1,999.0,0,0.0,1.0,0.0,2,4,0.0,7,7,1,1
30054,31.0,1,999,0,1.4,93.918,-42.7,4.963,5228.1,999.0,0,0.0,0.0,0.0,1,7,0.0,3,7,1,1
30055,34.0,1,999,0,-1.8,93.075,-47.1,1.405,5099.1,999.0,0,0.0,0.0,0.0,2,7,0.0,3,4,1,1
30056,40.0,1,999,0,1.4,93.918,-42.7,4.96,5228.1,999.0,0,0.0,0.0,0.0,1,4,0.0,6,7,2,1
30057,37.0,1,999,0,1.4,94.465,-41.8,4.961,5228.1,999.0,0,1.0,1.0,1.0,1,7,0.0,5,6,1,1
30058,28.0,1,999,0,-2.9,92.201,-31.4,0.879,5076.2,999.0,0,1.0,1.0,0.0,1,7,0.0,1,8,1,1
30059,27.0,3,999,0,-1.8,92.893,-46.2,1.25,5099.1,999.0,0,0.0,0.0,0.0,2,5,0.0,6,5,1,1
30060,31.0,1,999,4,-1.7,94.055,-39.8,0.702,4991.6,999.0,8,1.0,0.0,0.0,1,7,0.0,6,6,1,2
30061,39.0,3,999,0,1.1,93.994,-36.4,4.855,5191.0,999.0,0,0.0,1.0,1.0,2,8,0.0,9,5,1,1
30062,43.0,2,999,0,1.4,94.465,-41.8,4.958,5228.1,999.0,0,1.0,1.0,1.0,2,8,0.0,4,6,1,1
30063,45.0,2,999,0,1.4,93.444,-36.1,4.964,5228.1,999.0,0,1.0,0.0,0.0,2,8,0.0,3,8,1,1
30064,31.0,5,999,0,1.1,93.994,-36.4,4.857,5191.0,999.0,0,1.0,0.0,1.0,3,7,0.0,6,5,2,1
30065,43.0,1,999,0,-0.1,93.2,-42.0,4.076,5195.8,999.0,0,1.0,0.0,0.0,3,5,0.0,5,11,1,1
30066,31.0,1,999,0,1.1,93.994,-36.4,4.855,5191.0,999.0,0,1.0,0.0,1.0,2,8,0.0,6,5,1,1
30067,34.0,1,999,0,1.1,93.994,-36.4,4.86,5191.0,999.0,0,0.0,0.0,1.0,2,5,0.0,6,5,1,1
30068,48.0,3,999,0,-1.8,93.876,-40.0,0.69,5008.7,999.0,0,0.0,0.0,0.0,3,7,0.0,1,5,1,1
30069,31.0,2,6,2,-3.0,92.713,-33.0,0.707,5023.5,0.2,6,0.0,1.0,0.0,2,7,0.0,6,12,1,3
30070,45.0,1,999,0,1.1,93.994,-36.4,4.857,5191.0,999.0,0,0.0,1.0,1.0,2,4,0.0,3,5,1,1
30071,41.0,4,999,0,-1.8,92.893,-46.2,1.291,5099.1,999.0,0,0.0,0.0,0.0,2,8,0.0,4,5,1,1
30072,31.0,1,999,0,-0.1,93.2,-42.0,4.12,5195.8,999.0,0,0.0,0.0,0.0,2,5,0.0,9,11,1,1
30073,57.0,3,999,0,1.4,93.918,-42.7,4.963,5228.1,999.0,0,1.0,0.0,0.0,1,4,0.0,6,7,1,1
30074,36.0,3,999,0,-1.8,93.075,-47.1,1.423,5099.1,999.0,0,1.0,1.0,0.0,2,5,0.0,9,4,1,1
30075,33.0,2,999,0,1.4,93.444,-36.1,4.963,5228.1,999.0,0,1.0,0.0,0.0,2,8,0.0,5,8,1,1
30076,48.0,6,999,0,-0.1,93.2,-42.0,4.021,5195.8,999.0,0,0.0,0.0,0.0,2,6,0.0,5,11,1,1
30077,35.0,3,999,1,-1.8,92.893,-46.2,1.25,5099.1,999.0,1,0.0,0.0,0.0,2,3,0.0,4,5,1,2
30078,31.0,16,999,0,1.4,94.465,-41.8,4.961,5228.1,999.0,0,0.0,0.0,1.0,2,2,0.0,4,6,1,1
30079,56.0,4,999,0,1.1,93.994,-36.4,4.856,5191.0,999.0,0,1.0,1.0,1.0,2,4,0.0,8,5,1,1
30080,60.0,1,999,0,1.4,93.918,-42.7,4.963,5228.1,999.0,0,1.0,0.0,0.0,3,5,0.0,8,7,1,1
30081,35.0,2,999,0,1.4,93.444,-36.1,4.965,5228.1,999.0,0,1.0,0.0,0.0,1,5,0.0,5,8,2,1
30082,48.0,2,999,0,-1.8,92.893,-46.2,1.281,5099.1,999.0,0,1.0,0.0,0.0,2,3,0.0,4,5,1,1
30083,39.0,1,999,0,-1.8,92.893,-46.2,1.313,5099.1,999.0,0,1.0,0.0,0.0,3,4,0.0,4,5,1,1
30084,43.0,1,999,0,-1.8,92.893,-46.2,1.344,5099.1,999.0,0,1.0,1.0,0.0,2,4,0.0,4,5,1,1
30085,39.0,2,999,0,1.4,94.465,-41.8,4.864,5228.1,999.0,0,0.0,0.0,1.0,2,6,0.0,5,6,1,1
30086,31.0,1,999,0,-1.8,92.843,-50.0,1.799,5099.1,999.0,0,0.0,0.0,0.0,2,8,0.0,6,3,1,1
30087,48.0,2,999,0,1.1,93.994,-36.4,4.857,5191.0,999.0,0,0.0,0.0,1.0,3,6,0.0,8,5,1,1
30088,42.0,4,999,0,1.4,94.465,-41.8,4.961,5228.1,999.0,0,1.0,0.0,1.0,2,8,0.0,4,6,1,1
30089,50.0,3,999,0,1.1,93.994,-36.4,4.86,5191.0,999.0,0,1.0,0.0,1.0,1,4,0.0,4,5,1,1
30090,40.0,5,999,0,1.4,93.918,-42.7,4.963,5228.1,999.0,0,1.0,0.0,0.0,1,5,0.0,6,7,1,1
30091,33.0,1,11,1,-1.8,92.893,-46.2,1.334,5099.1,0.366666666667,3,1.0,0.0,0.0,2,4,0.0,4,5,1,3
30092,35.0,1,999,0,1.1,93.994,-36.4,4.856,5191.0,999.0,0,0.0,0.0,1.0,1,2,0.0,6,5,1,1
30093,29.0,1,999,0,-1.8,92.893,-46.2,1.281,5099.1,999.0,0,0.0,0.0,0.0,1,8,0.0,6,5,1,1
30094,31.0,2,999,0,-0.1,93.2,-42.0,4.076,5195.8,999.0,0,0.0,0.0,0.0,2,8,0.0,4,11,1,1
30095,31.0,2,999,0,-0.1,93.2,-42.0,4.021,5195.8,999.0,0,1.0,0.0,1.0,2,7,0.0,3,11,1,1
30096,47.0,1,999,0,-1.8,92.893,-46.2,1.299,5099.1,999.0,0,1.0,1.0,0.0,2,2,0.0,4,5,2,1
30097,29.0,5,999,0,-1.8,92.893,-46.2,1.281,5099.1,999.0,0,1.0,1.0,0.0,1,3,0.0,9,5,1,1
30098,31.0,2,999,0,1.1,93.994,-36.4,4.859,5191.0,999.0,0,0.0,0.0,1.0,1,7,0.0,6,5,1,1
30099,31.0,1,999,0,-0.1,93.2,-42.0,4.153,5195.8,999.0,0,1.0,0.0,0.0,2,5,0.0,6,11,1,1
30100,24.0,1,999,0,-1.8,92.893,-46.2,1.244,5099.1,999.0,0,1.0,0.0,0.0,1,5,0.0,11,5,2,1
30101,31.0,2,999,0,1.1,93.994,-36.4,4.857,5191.0,999.0,0,0.0,0.0,1.0,2,3,0.0,4,5,1,1
30102,40.0,6,999,0,1.4,93.918,-42.7,4.96,5228.1,999.0,0,0.0,0.0,1.0,2,3,0.0,4,7,1,1
30103,31.0,1,6,1,-0.1,93.2,-42.0,4.12,5195.8,0.2,0,1.0,0.0,0.0,1,5,0.0,4,11,1,3
30104,31.0,1,999,0,-1.8,93.075,-47.1,1.405,5099.1,999.0,0,0.0,1.0,0.0,2,8,0.0,9,4,1,1
30105,27.0,8,999,0,1.4,94.465,-41.8,4.955,5228.1,999.0,0,1.0,0.0,1.0,1,8,0.0,5,6,1,1
30106,34.0,1,999,0,1.1,93.994,-36.4,4.858,5191.0,999.0,0,1.0,0.0,1.0,2,8,0.0,4,5,2,1
30107,31.0,1,999,0,1.1,93.994,-36.4,4.855,5191.0,999.0,0,0.0,0.0,1.0,2,5,0.0,3,5,1,1
30108,40.0,2,999,0,1.4,93.444,-36.1,4.963,5228.1,999.0,0,1.0,0.0,0.0,2,8,0.0,3,8,1,1
30109,44.0,5,999,0,1.1,93.994,-36.4,4.856,5191.0,999.0,0,1.0,1.0,1.0,2,2,0.0,6,5,1,1
30110,41.0,1,999,0,-2.9,92.963,-40.8,1.262,5076.2,999.0,0,0.0,0.0,1.0,1,7,0.0,5,6,1,1
30111,50.0,2,999,0,1.4,94.465,-41.8,4.962,5228.1,999.0,0,0.0,0.0,1.0,2,8,0.0,3,6,1,1
30112,41.0,1,999,0,1.4,93.918,-42.7,4.962,5228.1,999.0,0,1.0,0.0,0.0,2,8,0.0,4,7,1,1
30113,24.0,4,999,0,-1.8,92.893,-46.2,1.25,5099.1,999.0,0,1.0,0.0,0.0,1,7,0.0,5,5,1,1
30114,31.0,2,13,2,-1.1,94.601,-49.5,1.025,4963.6,0.433333333333,4,0.0,0.0,0.0,2,7,0.0,2,10,1,3
30115,53.0,2,999,0,1.4,93.444,-36.1,4.964,5228.1,999.0,0,1.0,1.0,0.0,2,8,0.0,5,8,1,1
30116,49.0,3,999,0,-0.1,93.2,-42.0,4.153,5195.8,999.0,0,0.0,0.0,0.0,2,8,0.0,7,11,1,1
30117,55.0,1,999,0,1.4,94.465,-41.8,4.864,5228.1,999.0,0,1.0,0.0,1.0,2,7,0.0,3,6,1,1
30118,40.0,3,999,0,1.1,93.994,-36.4,4.859,5191.0,999.0,0,0.0,0.0,1.0,3,8,0.0,3,5,1,1
30119,36.0,1,999,0,1.4,93.918,-42.7,4.957,5228.1,999.0,0,1.0,1.0,0.0,2,5,0.0,6,7,1,1
30120,38.0,1,999,0,1.4,94.465,-41.8,4.961,5228.1,999.0,0,1.0,0.0,1.0,1,8,0.0,4,6,2,1
30121,38.0,1,999,1,-1.8,92.893,-46.2,1.334,5099.1,999.0,6,0.0,1.0,0.0,1,3,0.0,4,5,1,2
30122,29.0,5,999,0,1.4,93.918,-42.7,4.962,5228.1,999.0,0,0.0,0.0,1.0,1,4,0.0,6,7,1,1
30123,50.0,5,999,0,1.4,93.444,-36.1,4.964,5228.1,999.0,0,1.0,0.0,0.0,1,7,0.0,5,8,1,1
30124,46.0,1,999,0,1.1,93.994,-36.4,4.857,5191.0,999.0,0,0.0,0.0,1.0,2,2,0.0,2,5,1,1
30125,55.0,1,999,0,1.1,93.994,-36.4,4.86,5191.0,999.0,0,0.0,0.0,1.0,1,4,0.0,2,5,1,1
30126,56.0,1,999,0,1.1,93.994,-36.4,4.857,5191.0,999.0,0,0.0,0.0,1.0,2,2,0.0,7,5,2,1
30127,27.0,1,999,2,-1.8,93.369,-34.8,0.635,5008.7,999.0,10,1.0,0.0,0.0,1,8,0.0,6,3,1,2
30128,38.0,6,999,0,1.1,93.994,-36.4,4.856,5191.0,999.0,0,1.0,0.0,1.0,1,8,0.0,9,5,1,1
30129,54.0,2,999,0,1.1,93.994,-36.4,4.856,5191.0,999.0,0,1.0,0.0,1.0,2,8,0.0,4,5,1,1
30130,38.0,1,999,0,1.4,94.465,-41.8,4.866,5228.1,999.0,0,0.0,1.0,1.0,2,8,0.0,9,6,1,1
30131,30.0,1,999,0,-1.8,92.843,-50.0,1.811,5099.1,999.0,0,0.0,0.0,0.0,2,7,0.0,3,3,2,1
30132,51.0,4,999,1,-0.1,93.2,-42.0,4.021,5195.8,999.0,2,0.0,0.0,0.0,2,7,0.0,1,11,1,2
30133,33.0,1,999,1,-1.8,92.893,-46.2,1.266,5099.1,999.0,4,1.0,1.0,0.0,2,6,0.0,6,5,1,2
30134,40.0,2,999,0,1.1,93.994,-36.4,4.859,5191.0,999.0,0,0.0,0.0,1.0,2,5,0.0,4,5,1,1
30135,57.0,1,999,0,-1.8,93.075,-47.1,1.466,5099.1,999.0,0,1.0,1.0,0.0,2,5,0.0,4,4,2,1
30136,31.0,1,999,0,1.4,93.444,-36.1,4.965,5228.1,999.0,0,1.0,0.0,0.0,2,5,0.0,6,8,1,1
30137,39.0,3,999,0,1.4,93.918,-42.7,4.962,5228.1,999.0,0,1.0,0.0,1.0,1,5,0.0,6,7,2,1
30138,31.0,1,999,0,1.4,93.918,-42.7,4.961,5228.1,999.0,0,1.0,0.0,1.0,3,8,0.0,9,7,1,1
30139,46.0,3,999,0,-1.8,93.075,-47.1,1.405,5099.1,999.0,0,1.0,1.0,0.0,2,6,0.0,7,4,1,1
30140,37.0,3,999,0,1.1,93.994,-36.4,4.855,5191.0,999.0,0,1.0,0.0,1.0,2,8,0.0,4,5,1,1
30141,37.0,12,999,0,1.4,93.918,-42.7,4.963,5228.1,999.0,0,1.0,0.0,0.0,2,4,0.0,4,7,1,1
30142,31.0,1,999,0,1.1,93.994,-36.4,4.857,5191.0,999.0,0,1.0,1.0,1.0,1,8,0.0,4,5,1,1
30143,41.0,1,999,2,-1.8,92.893,-46.2,1.244,5099.1,999.0,8,0.0,0.0,0.0,2,5,0.0,3,5,2,2
30144,58.0,1,999,0,-0.1,93.2,-42.0,4.191,5195.8,999.0,0,0.0,0.0,0.0,2,6,0.0,8,11,2,1
30145,40.0,1,999,0,1.1,93.994,-36.4,4.856,5191.0,999.0,0,0.0,0.0,1.0,2,6,0.0,5,5,1,1
30146,31.0,1,999,1,-2.9,92.963,-40.8,1.26,5076.2,999.0,5,0.0,0.0,0.0,2,8,0.0,6,6,2,2
30147,31.0,3,999,0,-1.8,93.075,-47.1,1.405,5099.1,999.0,0,1.0,0.0,0.0,3,8,0.0,9,4,2,1
30148,36.0,7,999,0,1.1,93.994,-36.4,4.86,5191.0,999.0,0,0.0,0.0,1.0,2,8,0.0,4,5,1,1
30149,32.0,5,999,0,1.4,93.444,-36.1,4.965,5228.1,999.0,0,1.0,0.0,0.0,2,7,0.0,10,8,2,1
30150,30.0,4,999,0,1.4,93.918,-42.7,4.962,5228.1,999.0,0,0.0,0.0,0.0,2,4,0.0,4,7,2,1
30151,24.0,21,999,0,1.4,94.465,-41.8,4.961,5228.1,999.0,0,1.0,0.0,1.0,1,7,0.0,6,6,1,1
30152,31.0,5,999,0,1.4,93.444,-36.1,4.964,5228.1,999.0,0,0.0,0.0,0.0,2,8,0.0,6,8,1,1
30153,31.0,2,999,0,-1.8,92.893,-46.2,1.354,5099.1,999.0,0,0.0,0.0,0.0,1,8,0.0,6,5,1,1
30154,42.0,5,999,0,-1.8,92.893,-46.2,1.244,5099.1,999.0,0,0.0,0.0,0.0,3,8,0.0,3,5,2,1
30155,34.0,2,999,1,-1.8,92.893,-46.2,1.334,5099.1,999.0,2,0.0,0.0,0.0,2,5,0.0,6,5,1,2
30156,44.0,2,999,0,-1.8,93.075,-47.1,1.41,5099.1,999.0,0,1.0,0.0,0.0,2,8,0.0,3,4,1,1
30157,30.0,3,999,0,1.1,93.994,-36.4,4.858,5191.0,999.0,0,0.0,0.0,1.0,2,6,0.0,5,5,1,1
30158,31.0,4,999,0,1.1,93.994,-36.4,4.855,5191.0,999.0,0,1.0,0.0,1.0,2,4,0.0,4,5,1,1
30159,33.0,1,999,2,-1.1,94.199,-37.5,0.879,4963.6,999.0,4,0.0,1.0,0.0,2,8,0.0,6,9,1,2
30160,43.0,1,999,0,1.1,93.994,-36.4,4.857,5191.0,999.0,0,0.0,0.0,1.0,2,4,0.0,4,5,1,1
30161,45.0,1,999,0,1.1,93.994,-36.4,4.859,5191.0,999.0,0,1.0,1.0,1.0,3,8,0.0,4,5,1,1
30162,80.0,1,999,0,-1.8,93.749,-34.6,0.642,5008.7,999.0,0,1.0,0.0,0.0,3,2,0.0,8,4,1,1
30163,38.0,2,999,0,1.1,93.994,-36.4,4.855,5191.0,999.0,0,0.0,0.0,1.0,2,8,0.0,4,5,1,1
30164,36.0,2,999,0,1.4,93.444,-36.1,4.963,5228.1,999.0,0,1.0,0.0,0.0,2,8,0.0,6,8,1,1
30165,45.0,1,999,0,1.4,94.465,-41.8,4.961,5228.1,999.0,0,1.0,0.0,1.0,2,7,0.0,5,6,1,1
30166,37.0,1,999,0,1.1,93.994,-36.4,4.858,5191.0,999.0,0,0.0,0.0,1.0,2,6,0.0,4,5,2,1
30167,31.0,5,999,1,-1.8,92.893,-46.2,1.244,5099.1,999.0,3,1.0,1.0,0.0,1,7,0.0,6,5,2,2
30168,43.0,12,999,0,1.4,94.465,-41.8,4.959,5228.1,999.0,0,0.0,0.0,1.0,2,2,0.0,9,6,1,1
30169,31.0,5,999,0,1.1,93.994,-36.4,4.855,5191.0,999.0,0,0.0,0.0,1.0,1,8,0.0,6,5,1,1
30170,27.0,1,999,0,-1.8,93.075,-47.1,1.41,5099.1,999.0,0,1.0,0.0,0.0,1,2,0.0,4,4,1,1
30171,23.0,1,999,0,-1.8,92.893,-46.2,1.299,5099.1,999.0,0,1.0,0.0,0.0,1,4,0.0,4,5,1,1
30172,31.0,1,999,0,-1.8,92.893,-46.2,1.299,5099.1,999.0,0,1.0,0.0,0.0,1,5,0.0,9,5,2,1
30173,31.0,2,999,0,1.1,93.994,-36.4,4.86,5191.0,999.0,0,1.0,0.0,1.0,2,7,0.0,6,5,1,1
30174,33.0,1,999,0,1.4,94.465,-41.8,4.967,5228.1,999.0,0,0.0,0.0,1.0,2,3,0.0,4,6,1,1
30175,50.0,2,999,0,1.1,93.994,-36.4,4.86,5191.0,999.0,0,0.0,0.0,1.0,2,4,0.0,6,5,1,1
30176,66.0,7,999,0,-1.7,94.215,-40.3,0.87,4991.6,999.0,0,1.0,0.0,0.0,2,8,0.0,8,7,2,1
30177,31.0,2,999,0,1.4,93.918,-42.7,4.962,5228.1,999.0,0,0.0,0.0,0.0,1,8,0.0,5,7,1,1
30178,36.0,4,999,1,-1.8,93.075,-47.1,1.405,5099.1,999.0,3,0.0,0.0,0.0,2,5,0.0,9,4,1,2
30179,31.0,3,999,0,-1.7,94.055,-39.8,0.754,4991.6,999.0,0,1.0,0.0,0.0,2,8,0.0,8,6,2,1
30180,45.0,1,999,0,-1.8,93.075,-47.1,1.405,5099.1,999.0,0,1.0,1.0,0.0,1,6,0.0,5,4,2,1
30181,41.0,1,999,1,-1.8,93.075,-47.1,1.405,5099.1,999.0,2,1.0,0.0,0.0,2,4,0.0,4,4,1,2
30182,31.0,2,999,0,-0.1,93.2,-42.0,4.153,5195.8,999.0,0,0.0,0.0,0.0,2,5,0.0,3,11,1,1
30183,57.0,1,999,0,-1.8,93.075,-47.1,1.415,5099.1,999.0,0,0.0,0.0,0.0,2,5,0.0,5,4,1,1
30184,48.0,1,999,0,1.1,93.994,-36.4,4.858,5191.0,999.0,0,1.0,0.0,1.0,2,8,0.0,6,5,2,1
30185,43.0,2,999,1,-1.8,92.893,-46.2,1.299,5099.1,999.0,0,0.0,0.0,0.0,2,8,0.0,4,5,2,2
30186,46.0,1,999,0,-1.8,92.893,-46.2,1.266,5099.1,999.0,0,0.0,0.0,0.0,2,8,0.0,4,5,1,1
30187,31.0,2,999,1,-1.8,92.893,-46.2,1.299,5099.1,999.0,2,0.0,0.0,0.0,2,3,0.0,4,5,2,2
30188,52.0,3,999,0,1.4,93.918,-42.7,4.961,5228.1,999.0,0,1.0,0.0,0.0,2,8,0.0,7,7,1,1
30189,31.0,1,999,0,1.4,93.444,-36.1,4.968,5228.1,999.0,0,0.0,0.0,0.0,2,6,0.0,5,8,1,1
30190,40.0,1,999,0,1.1,93.994,-36.4,4.86,5191.0,999.0,0,1.0,0.0,1.0,2,4,0.0,5,5,1,1
30191,31.0,3,999,0,1.4,93.918,-42.7,4.968,5228.1,999.0,0,1.0,0.0,0.0,1,5,0.0,9,7,1,1
30192,53.0,2,999,0,-1.1,94.199,-37.5,0.878,4963.6,999.0,0,0.0,0.0,0.0,2,8,0.0,5,9,1,1
30193,50.0,3,999,0,1.4,93.918,-42.7,4.962,5228.1,999.0,0,0.0,0.0,0.0,3,7,0.0,3,7,2,1
30194,29.0,2,999,0,1.4,93.918,-42.7,4.959,5228.1,999.0,0,1.0,0.0,0.0,2,5,0.0,7,7,1,1
30195,31.0,1,999,0,-0.1,93.2,-42.0,4.153,5195.8,999.0,0,1.0,1.0,0.0,2,7,0.0,3,11,1,1
30196,31.0,1,999,0,1.1,93.994,-36.4,4.855,5191.0,999.0,0,0.0,0.0,1.0,2,2,0.0,4,5,1,1
30197,54.0,2,999,0,1.4,93.918,-42.7,4.961,5228.1,999.0,0,0.0,0.0,0.0,2,2,0.0,2,7,1,1
30198,45.0,1,999,0,-1.8,93.075,-47.1,1.405,5099.1,999.0,0,0.0,0.0,0.0,2,5,0.0,6,4,1,1
30199,52.0,1,3,4,-1.8,93.876,-40.0,0.677,5008.7,0.1,28,0.0,0.0,0.0,2,8,0.0,5,5,1,3
30200,31.0,4,999,0,1.4,93.918,-42.7,4.96,5228.1,999.0,0,0.0,0.0,1.0,1,8,0.0,4,7,2,1
30201,31.0,2,999,0,1.1,93.994,-36.4,4.859,5191.0,999.0,0,1.0,0.0,1.0,3,7,0.0,6,5,1,1
30202,52.0,1,999,0,1.1,93.994,-36.4,4.856,5191.0,999.0,0,0.0,0.0,1.0,2,8,0.0,9,5,1,1
30203,28.0,1,999,0,1.1,93.994,-36.4,4.859,5191.0,999.0,0,0.0,0.0,1.0,1,5,0.0,9,5,1,1
30204,31.0,3,999,0,1.1,93.994,-36.4,4.855,5191.0,999.0,0,1.0,0.0,1.0,2,8,0.0,3,5,1,1
30205,41.0,4,999,0,1.4,94.465,-41.8,4.961,5228.1,999.0,0,1.0,0.0,1.0,2,7,0.0,5,6,1,1
30206,32.0,1,999,0,1.1,93.994,-36.4,4.857,5191.0,999.0,0,0.0,0.0,1.0,2,7,0.0,6,5,1,1
30207,43.0,2,999,0,1.4,94.465,-41.8,4.967,5228.1,999.0,0,0.0,1.0,1.0,3,4,0.0,4,6,1,1
30208,31.0,2,999,0,-0.1,93.2,-42.0,4.153,5195.8,999.0,0,1.0,0.0,0.0,3,8,0.0,3,11,1,1
30209,33.0,3,999,0,-0.1,93.2,-42.0,4.076,5195.8,999.0,0,1.0,1.0,0.0,2,8,0.0,6,11,1,1
30210,31.0,2,999,0,-1.8,92.893,-46.2,1.334,5099.1,999.0,0,1.0,1.0,0.0,1,7,0.0,6,5,1,1
30211,40.0,1,999,0,1.4,94.465,-41.8,4.864,5228.1,999.0,0,0.0,0.0,1.0,2,2,0.0,4,6,1,1
30212,36.0,12,999,0,1.4,94.465,-41.8,4.961,5228.1,999.0,0,0.0,0.0,1.0,3,7,0.0,3,6,1,1
30213,59.0,1,999,1,-2.9,92.201,-31.4,0.883,5076.2,999.0,2,1.0,0.0,1.0,3,6,0.0,6,8,1,2
30214,86.0,2,999,2,-1.8,93.369,-34.8,0.635,5008.7,999.0,10,1.0,0.0,0.0,2,2,0.0,8,3,1,2
30215,41.0,1,999,0,1.1,93.994,-36.4,4.857,5191.0,999.0,0,0.0,0.0,1.0,2,7,0.0,1,5,1,1
30216,44.0,1,999,0,1.4,93.918,-42.7,4.963,5228.1,999.0,0,0.0,0.0,0.0,2,8,0.0,6,7,1,1
30217,46.0,2,999,0,-1.8,92.893,-46.2,1.327,5099.1,999.0,0,0.0,0.0,1.0,2,5,0.0,9,5,1,1
30218,31.0,4,999,0,-2.9,92.201,-31.4,0.849,5076.2,999.0,0,0.0,0.0,0.0,2,8,0.0,8,8,1,1
30219,48.0,12,999,0,1.4,94.465,-41.8,4.959,5228.1,999.0,0,0.0,0.0,1.0,2,6,0.0,7,6,1,1
30220,31.0,3,999,0,1.4,94.465,-41.8,4.958,5228.1,999.0,0,1.0,0.0,1.0,1,5,0.0,9,6,1,1
30221,45.0,2,999,1,-0.1,93.2,-42.0,4.021,5195.8,999.0,2,1.0,0.0,0.0,3,6,0.0,6,11,1,2
30222,36.0,3,999,0,1.1,93.994,-36.4,4.855,5191.0,999.0,0,1.0,0.0,1.0,2,8,0.0,6,5,1,1
30223,33.0,2,999,0,-1.8,92.843,-50.0,1.65,5099.1,999.0,0,0.0,0.0,0.0,2,8,0.0,6,3,1,1
30224,39.0,2,999,0,1.4,93.918,-42.7,4.962,5228.1,999.0,0,1.0,0.0,1.0,2,3,0.0,9,7,1,1
30225,66.0,2,999,0,-2.9,92.201,-31.4,0.838,5076.2,999.0,0,1.0,0.0,0.0,2,2,0.0,8,8,1,1
30226,27.0,1,999,0,-0.1,93.2,-42.0,4.406,5195.8,999.0,0,1.0,0.0,1.0,1,8,0.0,11,11,2,1
30227,33.0,1,999,0,-0.1,93.2,-42.0,4.191,5195.8,999.0,0,1.0,0.0,0.0,1,4,0.0,4,11,2,1
30228,26.0,3,999,0,-1.8,92.893,-46.2,1.281,5099.1,999.0,0,1.0,1.0,0.0,1,4,0.0,4,5,1,1
30229,25.0,1,3,2,-3.4,92.649,-30.1,0.715,5017.5,0.1,2,0.0,1.0,0.0,1,7,0.0,6,11,1,3
30230,31.0,4,26,1,-1.7,94.215,-40.3,0.885,4991.6,0.866666666667,3,0.0,0.0,0.0,2,6,0.0,5,7,1,3
30231,37.0,2,999,0,-1.8,93.075,-47.1,1.405,5099.1,999.0,0,1.0,0.0,0.0,2,8,0.0,4,4,2,1
30232,48.0,3,999,0,1.4,93.444,-36.1,4.97,5228.1,999.0,0,1.0,0.0,0.0,2,2,0.0,2,8,2,1
30233,31.0,3,999,0,1.1,93.994,-36.4,4.859,5191.0,999.0,0,0.0,0.0,1.0,2,7,0.0,5,5,1,1
30234,54.0,2,999,0,1.4,94.465,-41.8,4.866,5228.1,999.0,0,1.0,1.0,1.0,2,7,0.0,6,6,1,1
30235,36.0,3,999,0,1.4,93.444,-36.1,4.966,5228.1,999.0,0,1.0,1.0,0.0,2,7,0.0,6,8,1,1
30236,31.0,3,999,0,1.4,93.444,-36.1,4.963,5228.1,999.0,0,0.0,0.0,0.0,3,7,0.0,5,8,2,1
30237,30.0,1,999,1,-0.1,93.2,-42.0,4.153,5195.8,999.0,2,1.0,1.0,1.0,1,8,0.0,4,11,1,2
30238,33.0,5,999,0,1.4,94.465,-41.8,4.959,5228.1,999.0,0,1.0,1.0,1.0,1,7,0.0,1,6,1,1
30239,31.0,1,999,0,-1.1,94.199,-37.5,0.879,4963.6,999.0,0,0.0,0.0,0.0,1,8,0.0,11,9,1,1
30240,47.0,2,999,0,1.4,93.444,-36.1,4.965,5228.1,999.0,0,0.0,0.0,0.0,2,4,0.0,4,8,2,1
30241,31.0,1,999,0,1.4,93.918,-42.7,4.962,5228.1,999.0,0,1.0,0.0,0.0,2,6,0.0,7,7,1,1
30242,52.0,2,999,0,1.1,93.994,-36.4,4.859,5191.0,999.0,0,0.0,0.0,1.0,1,4,0.0,6,5,1,1
30243,36.0,1,999,0,-0.1,93.2,-42.0,4.076,5195.8,999.0,0,1.0,0.0,0.0,2,5,0.0,3,11,1,1
30244,46.0,1,999,0,-1.8,92.893,-46.2,1.244,5099.1,999.0,0,1.0,0.0,0.0,3,6,0.0,5,5,2,1
30245,31.0,1,999,0,-0.1,93.2,-42.0,4.153,5195.8,999.0,0,0.0,0.0,0.0,2,7,0.0,10,11,1,1
30246,31.0,3,999,0,1.4,93.918,-42.7,4.968,5228.1,999.0,0,1.0,0.0,0.0,1,8,0.0,10,7,1,1
30247,42.0,3,999,0,1.4,93.918,-42.7,4.962,5228.1,999.0,0,0.0,1.0,0.0,2,8,0.0,6,7,2,1
30248,40.0,1,999,0,-1.8,92.893,-46.2,1.327,5099.1,999.0,0,1.0,0.0,0.0,2,3,0.0,4,5,1,1
30249,31.0,1,999,0,-1.8,92.893,-46.2,1.244,5099.1,999.0,0,1.0,0.0,0.0,3,8,0.0,6,5,2,1
30250,31.0,2,999,0,1.4,94.465,-41.8,4.866,5228.1,999.0,0,0.0,0.0,1.0,2,7,0.0,1,6,1,1
30251,56.0,1,999,0,1.4,93.444,-36.1,4.965,5228.1,999.0,0,0.0,0.0,0.0,2,2,0.0,8,8,2,1
30252,31.0,2,999,0,1.1,93.994,-36.4,4.858,5191.0,999.0,0,0.0,0.0,1.0,3,4,0.0,4,5,1,1
30253,37.0,5,999,0,1.4,93.444,-36.1,4.966,5228.1,999.0,0,1.0,0.0,0.0,2,7,0.0,6,8,1,1
30254,35.0,1,999,0,1.1,93.994,-36.4,4.859,5191.0,999.0,0,1.0,0.0,1.0,1,3,0.0,4,5,1,1
30255,46.0,1,999,0,1.1,93.994,-36.4,4.857,5191.0,999.0,0,1.0,0.0,1.0,2,4,0.0,4,5,1,1
30256,28.0,1,999,0,1.4,93.918,-42.7,4.957,5228.1,999.0,0,0.0,0.0,0.0,2,5,0.0,9,7,1,1
30257,43.0,3,999,0,1.1,93.994,-36.4,4.864,5191.0,999.0,0,0.0,0.0,1.0,2,7,0.0,6,5,1,1
30258,38.0,3,999,0,1.4,94.465,-41.8,4.959,5228.1,999.0,0,0.0,0.0,1.0,3,8,0.0,6,6,1,1
30259,71.0,1,6,2,-2.9,92.201,-31.4,0.851,5076.2,0.2,0,1.0,0.0,0.0,1,7,0.0,8,8,1,2
30260,36.0,2,999,0,-1.8,92.893,-46.2,1.266,5099.1,999.0,0,1.0,0.0,0.0,2,5,0.0,9,5,1,1
30261,27.0,1,999,0,-1.8,92.893,-46.2,1.291,5099.1,999.0,0,0.0,0.0,0.0,1,8,0.0,5,5,1,1
30262,31.0,4,999,0,1.1,93.994,-36.4,4.859,5191.0,999.0,0,0.0,0.0,1.0,1,8,0.0,9,5,1,1
30263,34.0,2,999,0,1.4,94.465,-41.8,4.864,5228.1,999.0,0,0.0,0.0,1.0,1,5,0.0,9,6,1,1
30264,31.0,2,999,0,1.4,93.918,-42.7,4.961,5228.1,999.0,0,0.0,0.0,0.0,1,5,0.0,1,7,1,1
30265,31.0,1,999,0,-1.8,93.075,-47.1,1.405,5099.1,999.0,0,1.0,0.0,0.0,1,8,0.0,9,4,1,1
30266,31.0,1,999,0,-0.1,93.2,-42.0,4.191,5195.8,999.0,0,0.0,0.0,0.0,2,7,0.0,6,11,2,1
30267,45.0,8,999,0,1.4,93.918,-42.7,4.962,5228.1,999.0,0,0.0,0.0,0.0,3,7,0.0,1,7,2,1
30268,31.0,1,999,0,-1.8,92.893,-46.2,1.244,5099.1,999.0,0,1.0,0.0,0.0,1,8,0.0,4,5,2,1
30269,32.0,1,999,0,-1.8,92.893,-46.2,1.266,5099.1,999.0,0,1.0,1.0,1.0,1,7,0.0,9,5,1,1
30270,39.0,1,999,0,1.4,93.444,-36.1,4.965,5228.1,999.0,0,0.0,1.0,0.0,1,7,0.0,6,8,2,1
30271,57.0,2,999,0,1.4,94.465,-41.8,4.959,5228.1,999.0,0,1.0,1.0,1.0,2,5,0.0,8,6,1,1
30272,31.0,2,999,0,-1.8,92.893,-46.2,1.334,5099.1,999.0,0,1.0,0.0,0.0,2,7,0.0,7,5,1,1
30273,30.0,1,999,0,-1.1,94.199,-37.5,0.882,4963.6,999.0,0,1.0,0.0,1.0,1,7,0.0,9,9,1,1
30274,31.0,2,999,0,1.1,93.994,-36.4,4.857,5191.0,999.0,0,0.0,0.0,1.0,2,5,0.0,9,5,1,1
30275,29.0,2,999,0,1.4,93.444,-36.1,4.966,5228.1,999.0,0,1.0,0.0,0.0,1,8,0.0,6,8,1,1
30276,54.0,2,999,0,1.1,93.994,-36.4,4.86,5191.0,999.0,0,1.0,1.0,1.0,2,5,0.0,6,5,1,1
30277,32.0,3,999,0,1.4,93.918,-42.7,4.962,5228.1,999.0,0,1.0,0.0,0.0,2,8,0.0,10,7,2,1
30278,31.0,2,999,0,-1.8,93.075,-47.1,1.405,5099.1,999.0,0,0.0,0.0,0.0,1,8,0.0,6,4,2,1
30279,31.0,2,999,0,-1.8,92.893,-46.2,1.299,5099.1,999.0,0,1.0,0.0,0.0,1,5,0.0,6,5,2,1
30280,57.0,2,999,0,1.4,94.465,-41.8,4.961,5228.1,999.0,0,0.0,0.0,1.0,2,2,0.0,4,6,1,1
30281,56.0,4,999,0,1.4,93.918,-42.7,4.96,5228.1,999.0,0,1.0,0.0,0.0,3,8,0.0,6,7,2,1
30282,46.0,1,999,0,1.4,93.918,-42.7,4.959,5228.1,999.0,0,1.0,0.0,1.0,2,5,0.0,9,7,1,1
30283,26.0,1,999,0,-0.1,93.798,-40.4,4.918,5195.8,999.0,0,1.0,0.0,1.0,2,4,0.0,7,10,1,1
30284,31.0,2,999,0,1.4,93.918,-42.7,4.963,5228.1,999.0,0,1.0,0.0,0.0,3,8,0.0,3,7,1,1
30285,31.0,1,999,0,-1.7,94.055,-39.8,0.767,4991.6,999.0,0,1.0,0.0,1.0,1,7,0.0,5,6,1,1
30286,32.0,2,999,0,-0.1,93.2,-42.0,4.12,5195.8,999.0,0,1.0,0.0,0.0,2,8,0.0,5,11,1,1
30287,38.0,3,999,0,1.1,93.994,-36.4,4.857,5191.0,999.0,0,1.0,0.0,1.0,1,5,0.0,10,5,1,1
30288,31.0,1,999,0,-1.8,92.893,-46.2,1.299,5099.1,999.0,0,0.0,0.0,0.0,2,5,0.0,9,5,2,1
30289,29.0,1,999,0,1.4,94.465,-41.8,4.961,5228.1,999.0,0,0.0,1.0,1.0,2,8,0.0,6,6,1,1
30290,42.0,1,999,0,-1.8,92.893,-46.2,1.266,5099.1,999.0,0,0.0,0.0,0.0,3,8,0.0,9,5,1,1
30291,30.0,2,999,0,-0.1,93.2,-42.0,4.076,5195.8,999.0,0,0.0,0.0,0.0,1,7,0.0,5,11,1,1
30292,40.0,2,999,1,-1.8,92.893,-46.2,1.334,5099.1,999.0,4,1.0,0.0,0.0,2,8,0.0,4,5,1,2
30293,31.0,1,999,0,1.1,93.994,-36.4,4.857,5191.0,999.0,0,1.0,0.0,1.0,2,5,0.0,6,5,1,1
30294,31.0,1,999,0,1.4,93.444,-36.1,4.963,5228.1,999.0,0,0.0,0.0,0.0,2,5,0.0,5,8,1,1
30295,31.0,1,999,0,1.1,93.994,-36.4,4.857,5191.0,999.0,0,0.0,0.0,1.0,2,8,0.0,5,5,1,1
30296,42.0,3,999,0,-2.9,92.963,-40.8,1.215,5076.2,999.0,0,1.0,0.0,0.0,1,7,0.0,6,6,2,1
30297,58.0,4,999,0,1.4,93.918,-42.7,4.963,5228.1,999.0,0,0.0,0.0,0.0,2,8,0.0,5,7,1,1
30298,33.0,3,999,0,-2.9,92.963,-40.8,1.26,5076.2,999.0,0,1.0,0.0,0.0,1,7,0.0,6,6,1,1
30299,25.0,6,999,0,-1.8,92.893,-46.2,1.313,5099.1,999.0,0,1.0,1.0,0.0,1,8,0.0,4,5,1,1
30300,42.0,1,999,0,1.4,93.918,-42.7,4.962,5228.1,999.0,0,1.0,1.0,1.0,1,2,0.0,4,7,1,1
30301,25.0,1,999,0,1.4,93.918,-42.7,4.957,5228.1,999.0,0,0.0,0.0,0.0,1,7,0.0,6,7,1,1
30302,29.0,7,999,0,-1.8,92.893,-46.2,1.266,5099.1,999.0,0,0.0,0.0,0.0,2,8,0.0,4,5,1,1
30303,48.0,1,999,0,1.1,93.994,-36.4,4.858,5191.0,999.0,0,0.0,1.0,1.0,2,4,0.0,6,5,2,1
30304,36.0,2,999,0,1.4,94.465,-41.8,4.96,5228.1,999.0,0,1.0,1.0,1.0,2,8,0.0,6,6,2,1
30305,53.0,1,999,0,1.4,93.918,-42.7,4.962,5228.1,999.0,0,1.0,0.0,0.0,3,2,0.0,9,7,1,1
30306,40.0,1,999,0,-2.9,92.963,-40.8,1.262,5076.2,999.0,0,1.0,0.0,0.0,2,8,0.0,6,6,1,1
30307,35.0,1,999,0,-1.8,92.893,-46.2,1.259,5099.1,999.0,0,1.0,0.0,0.0,2,5,0.0,6,5,1,1
30308,48.0,1,999,0,1.1,93.994,-36.4,4.859,5191.0,999.0,0,1.0,0.0,1.0,3,5,0.0,6,5,1,1
30309,23.0,7,999,0,-1.8,93.075,-47.1,1.405,5099.1,999.0,0,1.0,0.0,0.0,1,8,0.0,6,4,1,1
30310,34.0,4,999,0,-1.8,92.893,-46.2,1.313,5099.1,999.0,0,0.0,1.0,0.0,2,8,0.0,4,5,1,1
30311,37.0,5,999,0,1.4,93.444,-36.1,4.962,5228.1,999.0,0,1.0,0.0,0.0,2,7,0.0,6,8,1,1
30312,46.0,6,999,0,1.1,93.994,-36.4,4.857,5191.0,999.0,0,1.0,0.0,1.0,2,4,0.0,4,5,1,1
30313,42.0,2,999,1,-1.8,93.075,-47.1,1.435,5099.1,999.0,2,1.0,0.0,0.0,2,7,0.0,1,4,1,2
30314,50.0,6,999,0,1.1,93.994,-36.4,4.858,5191.0,999.0,0,0.0,0.0,1.0,3,8,0.0,4,5,1,1
30315,25.0,2,999,0,-2.9,92.963,-40.8,1.26,5076.2,999.0,0,1.0,0.0,0.0,1,6,0.0,6,6,2,1
30316,31.0,2,999,2,-1.8,92.893,-46.2,1.27,5099.1,999.0,4,1.0,0.0,0.0,2,5,0.0,6,5,1,2
30317,51.0,2,999,0,1.1,93.994,-36.4,4.857,5191.0,999.0,0,1.0,0.0,1.0,1,7,0.0,1,5,1,1
30318,53.0,2,999,0,1.1,93.994,-36.4,4.857,5191.0,999.0,0,0.0,0.0,1.0,3,6,0.0,5,5,1,1
30319,50.0,1,999,2,-1.8,93.876,-40.0,0.682,5008.7,999.0,4,1.0,0.0,0.0,2,8,0.0,6,5,1,2
30320,32.0,4,999,0,1.4,93.918,-42.7,4.961,5228.1,999.0,0,1.0,0.0,0.0,1,8,0.0,2,7,1,1
30321,31.0,1,999,1,-1.8,92.893,-46.2,1.344,5099.1,999.0,3,0.0,0.0,0.0,2,5,0.0,7,5,1,2
30322,30.0,1,2,1,-1.8,93.075,-47.1,1.365,5099.1,0.0666666666667,1,1.0,0.0,0.0,2,7,0.0,3,4,1,3
30323,45.0,4,999,0,1.4,93.444,-36.1,4.962,5228.1,999.0,0,0.0,0.0,0.0,2,8,0.0,6,8,1,1
30324,55.0,1,999,0,-3.4,92.649,-30.1,0.716,5017.5,999.0,0,1.0,0.0,0.0,2,7,0.0,7,11,1,1
30325,34.0,1,999,0,1.4,94.465,-41.8,4.864,5228.1,999.0,0,1.0,0.0,1.0,2,2,0.0,7,6,1,1
30326,31.0,1,999,2,-1.7,94.027,-38.3,0.898,4991.6,999.0,4,1.0,1.0,1.0,1,7,0.0,6,8,2,2
30327,52.0,4,999,1,-0.1,93.2,-42.0,4.191,5195.8,999.0,2,0.0,0.0,1.0,2,7,0.0,3,11,2,2
30328,34.0,4,999,0,1.1,93.994,-36.4,4.857,5191.0,999.0,0,0.0,0.0,1.0,2,2,0.0,4,5,1,1
30329,39.0,1,999,0,1.4,93.444,-36.1,4.967,5228.1,999.0,0,0.0,0.0,0.0,1,7,0.0,5,8,1,1
30330,31.0,5,999,0,-1.8,92.893,-46.2,1.281,5099.1,999.0,0,1.0,1.0,0.0,2,5,0.0,9,5,1,1
30331,28.0,2,999,0,1.1,93.994,-36.4,4.859,5191.0,999.0,0,1.0,0.0,1.0,1,4,0.0,9,5,1,1
30332,26.0,1,999,0,1.4,94.465,-41.8,4.864,5228.1,999.0,0,1.0,0.0,1.0,1,8,0.0,5,6,1,1
30333,49.0,2,999,0,1.4,93.918,-42.7,4.961,5228.1,999.0,0,1.0,0.0,0.0,1,5,0.0,6,7,1,1
30334,31.0,4,999,0,1.4,93.918,-42.7,4.963,5228.1,999.0,0,0.0,0.0,0.0,1,5,0.0,6,7,1,1
30335,31.0,1,999,0,-0.1,93.2,-42.0,4.191,5195.8,999.0,0,0.0,0.0,0.0,3,8,0.0,4,11,2,1
30336,58.0,1,3,1,-1.7,94.027,-38.3,0.9,4991.6,0.1,3,1.0,0.0,0.0,2,8,0.0,4,8,1,3
30337,41.0,2,999,0,-0.1,93.2,-42.0,4.191,5195.8,999.0,0,1.0,0.0,1.0,2,3,0.0,5,11,2,1
30338,27.0,3,999,1,-1.8,92.893,-46.2,1.291,5099.1,999.0,2,1.0,0.0,0.0,2,5,0.0,9,5,1,2
30339,32.0,3,999,0,-1.8,92.893,-46.2,1.291,5099.1,999.0,0,0.0,0.0,0.0,2,2,0.0,4,5,1,1
30340,35.0,2,999,0,1.4,93.918,-42.7,4.961,5228.1,999.0,0,1.0,1.0,1.0,1,5,0.0,9,7,1,1
30341,48.0,6,999,0,-1.8,92.893,-46.2,1.334,5099.1,999.0,0,0.0,0.0,1.0,2,3,0.0,4,5,1,1
30342,31.0,1,999,0,-3.4,92.649,-30.1,0.714,5017.5,999.0,0,0.0,0.0,0.0,1,5,0.0,4,11,2,1
30343,31.0,1,999,0,1.1,93.994,-36.4,4.859,5191.0,999.0,0,1.0,0.0,1.0,2,8,0.0,9,5,1,1
30344,29.0,1,999,0,-1.8,92.893,-46.2,1.327,5099.1,999.0,0,1.0,0.0,0.0,2,6,0.0,9,5,1,1
30345,28.0,2,999,0,1.4,93.918,-42.7,4.958,5228.1,999.0,0,0.0,0.0,0.0,1,8,0.0,4,7,1,1
30346,34.0,2,999,0,-1.8,92.893,-46.2,1.334,5099.1,999.0,0,1.0,1.0,0.0,1,5,0.0,6,5,1,1
30347,28.0,1,999,0,1.4,93.918,-42.7,4.962,5228.1,999.0,0,1.0,0.0,0.0,1,7,0.0,9,7,1,1
30348,31.0,1,999,0,-3.4,92.379,-29.8,0.797,5017.5,999.0,0,1.0,0.0,0.0,1,8,0.0,2,9,2,1
30349,30.0,1,999,0,1.4,93.444,-36.1,4.966,5228.1,999.0,0,0.0,0.0,0.0,1,7,0.0,6,8,1,1
30350,49.0,4,999,0,1.4,93.918,-42.7,4.962,5228.1,999.0,0,0.0,0.0,0.0,2,8,0.0,9,7,1,1
30351,36.0,1,999,1,-3.4,92.431,-26.9,0.737,5017.5,999.0,0,1.0,0.0,0.0,2,8,0.0,3,10,1,2
30352,57.0,4,999,0,1.4,93.918,-42.7,4.962,5228.1,999.0,0,0.0,0.0,1.0,1,2,0.0,8,7,1,1
30353,44.0,1,999,0,1.1,93.994,-36.4,4.856,5191.0,999.0,0,1.0,1.0,1.0,1,7,0.0,3,5,1,1
30354,78.0,2,3,2,-1.8,92.893,-46.2,1.264,5099.1,0.1,0,1.0,0.0,0.0,2,5,0.0,8,5,2,2
30355,33.0,2,999,0,-0.1,93.2,-42.0,4.153,5195.8,999.0,0,0.0,0.0,0.0,2,8,0.0,2,11,1,1
30356,31.0,3,999,0,1.1,93.994,-36.4,4.86,5191.0,999.0,0,1.0,0.0,1.0,1,5,0.0,9,5,1,1
30357,52.0,7,999,0,1.4,94.465,-41.8,4.962,5228.1,999.0,0,0.0,0.0,1.0,2,2,0.0,4,6,1,1
30358,31.0,3,999,1,-1.8,92.893,-46.2,1.281,5099.1,999.0,3,1.0,0.0,0.0,1,7,0.0,7,5,1,2
30359,38.0,3,999,0,1.1,93.994,-36.4,4.86,5191.0,999.0,0,0.0,1.0,1.0,1,8,0.0,9,5,1,1
30360,31.0,1,999,0,-1.8,93.876,-40.0,0.699,5008.7,999.0,0,1.0,0.0,1.0,3,4,0.0,4,5,1,1
30361,31.0,1,999,0,1.1,93.994,-36.4,4.857,5191.0,999.0,0,0.0,0.0,1.0,2,6,0.0,5,5,1,1
30362,44.0,2,999,0,1.1,93.994,-36.4,4.855,5191.0,999.0,0,0.0,1.0,1.0,3,8,0.0,5,5,1,1
30363,31.0,2,999,0,1.1,93.994,-36.4,4.86,5191.0,999.0,0,0.0,0.0,1.0,2,6,0.0,5,5,1,1
30364,29.0,1,999,1,-1.8,92.893,-46.2,1.25,5099.1,999.0,2,1.0,0.0,0.0,3,8,0.0,4,5,1,2
30365,31.0,2,999,0,1.1,93.994,-36.4,4.857,5191.0,999.0,0,1.0,1.0,1.0,2,2,0.0,2,5,1,1
30366,57.0,2,999,0,1.4,94.465,-41.8,4.961,5228.1,999.0,0,1.0,1.0,1.0,2,4,0.0,4,6,1,1
30367,28.0,1,999,0,1.1,93.994,-36.4,4.856,5191.0,999.0,0,0.0,0.0,1.0,1,8,0.0,6,5,1,1
30368,39.0,2,4,1,-2.9,92.201,-31.4,0.873,5076.2,0.133333333333,3,0.0,0.0,0.0,2,5,0.0,6,8,1,3
30369,52.0,1,999,0,1.1,93.994,-36.4,4.86,5191.0,999.0,0,0.0,0.0,1.0,2,7,0.0,7,5,1,1
30370,31.0,14,999,0,1.4,93.918,-42.7,4.961,5228.1,999.0,0,1.0,1.0,0.0,3,5,0.0,9,7,1,1
30371,31.0,1,999,0,1.1,93.994,-36.4,4.858,5191.0,999.0,0,0.0,0.0,1.0,2,5,0.0,3,5,1,1
30372,31.0,4,999,0,1.1,93.994,-36.4,4.857,5191.0,999.0,0,1.0,0.0,1.0,3,8,0.0,7,5,1,1
30373,32.0,2,999,0,-0.1,93.2,-42.0,4.12,5195.8,999.0,0,0.0,0.0,0.0,1,8,0.0,3,11,1,1
30374,39.0,3,999,0,1.4,93.918,-42.7,4.962,5228.1,999.0,0,0.0,0.0,0.0,2,8,0.0,6,7,1,1
30375,35.0,2,999,0,1.4,93.918,-42.7,4.957,5228.1,999.0,0,0.0,1.0,0.0,2,8,0.0,9,7,1,1
30376,41.0,2,999,0,-1.8,92.893,-46.2,1.266,5099.1,999.0,0,0.0,1.0,0.0,2,6,0.0,5,5,1,1
30377,48.0,1,999,0,1.1,93.994,-36.4,4.858,5191.0,999.0,0,1.0,0.0,1.0,2,2,0.0,4,5,1,1
30378,36.0,1,999,0,1.4,93.444,-36.1,4.966,5228.1,999.0,0,1.0,0.0,0.0,2,6,0.0,5,8,1,1
30379,45.0,2,999,1,-1.8,93.075,-47.1,1.435,5099.1,999.0,2,0.0,1.0,0.0,2,8,0.0,6,4,1,2
30380,67.0,3,999,0,-1.7,94.027,-38.3,0.898,4991.6,999.0,0,0.0,0.0,0.0,2,2,0.0,8,8,2,1
30381,55.0,3,999,0,1.4,93.444,-36.1,4.965,5228.1,999.0,0,0.0,0.0,0.0,2,8,0.0,8,8,2,1
30382,32.0,2,999,0,-1.8,92.893,-46.2,1.299,5099.1,999.0,0,1.0,0.0,0.0,2,8,0.0,4,5,2,1
30383,40.0,2,999,0,1.4,93.918,-42.7,4.966,5228.1,999.0,0,0.0,0.0,1.0,3,6,0.0,6,7,1,1
30384,44.0,5,999,0,1.1,93.994,-36.4,4.857,5191.0,999.0,0,1.0,0.0,1.0,2,3,0.0,4,5,2,1
30385,48.0,2,999,0,1.1,93.994,-36.4,4.86,5191.0,999.0,0,0.0,0.0,1.0,3,8,0.0,6,5,1,1
30386,55.0,1,999,0,1.4,93.918,-42.7,4.962,5228.1,999.0,0,1.0,0.0,0.0,2,2,0.0,12,7,1,1
30387,59.0,1,999,0,1.1,93.994,-36.4,4.864,5191.0,999.0,0,0.0,0.0,1.0,3,8,0.0,7,5,1,1
30388,33.0,4,999,0,1.4,93.918,-42.7,4.961,5228.1,999.0,0,1.0,0.0,0.0,2,5,0.0,9,7,1,1
30389,31.0,1,999,0,1.4,93.444,-36.1,4.966,5228.1,999.0,0,1.0,0.0,0.0,2,7,0.0,6,8,1,1
30390,52.0,2,999,0,1.4,93.444,-36.1,4.964,5228.1,999.0,0,1.0,0.0,0.0,2,8,0.0,2,8,1,1
30391,31.0,4,999,1,-1.8,92.893,-46.2,1.313,5099.1,999.0,4,1.0,0.0,0.0,2,5,0.0,9,5,1,2
30392,26.0,1,999,0,1.4,93.918,-42.7,4.958,5228.1,999.0,0,0.0,0.0,0.0,2,8,0.0,2,7,1,1
30393,30.0,2,999,0,1.4,94.465,-41.8,4.959,5228.1,999.0,0,0.0,1.0,1.0,2,4,0.0,4,6,1,1
30394,43.0,28,999,0,1.4,93.918,-42.7,4.96,5228.1,999.0,0,1.0,0.0,0.0,2,5,0.0,6,7,2,1
30395,48.0,9,999,0,-1.8,92.893,-46.2,1.25,5099.1,999.0,0,0.0,0.0,0.0,2,4,0.0,4,5,1,1
30396,62.0,1,999,2,-1.1,94.767,-50.8,1.031,4963.6,999.0,8,1.0,0.0,0.0,2,7,0.0,8,11,1,2
30397,38.0,3,999,0,1.4,93.918,-42.7,4.96,5228.1,999.0,0,0.0,0.0,0.0,2,8,0.0,4,7,2,1
30398,31.0,5,999,0,-1.8,92.893,-46.2,1.291,5099.1,999.0,0,1.0,0.0,0.0,1,5,0.0,6,5,1,1
30399,32.0,4,999,0,1.4,93.444,-36.1,4.964,5228.1,999.0,0,1.0,0.0,0.0,2,6,0.0,5,8,1,1
30400,31.0,4,999,0,-1.8,92.893,-46.2,1.244,5099.1,999.0,0,0.0,0.0,0.0,1,4,0.0,9,5,2,1
30401,18.0,2,999,0,-1.8,93.075,-47.1,1.365,5099.1,999.0,0,1.0,1.0,0.0,1,2,0.0,11,4,1,1
30402,31.0,1,15,2,-2.9,92.201,-31.4,0.825,5076.2,0.5,2,1.0,0.0,0.0,1,8,0.0,11,8,1,2
30403,59.0,5,999,0,1.4,94.465,-41.8,4.958,5228.1,999.0,0,0.0,0.0,1.0,2,5,0.0,9,6,1,1
30404,30.0,1,999,0,1.4,93.918,-42.7,4.963,5228.1,999.0,0,1.0,0.0,1.0,1,4,0.0,6,7,1,1
30405,31.0,1,999,1,-1.8,92.893,-46.2,1.281,5099.1,999.0,4,0.0,0.0,0.0,3,2,0.0,4,5,1,2
30406,40.0,1,999,0,1.4,93.444,-36.1,4.963,5228.1,999.0,0,0.0,0.0,0.0,2,7,0.0,6,8,1,1
30407,35.0,1,6,3,-1.7,94.027,-38.3,0.9,4991.6,0.2,3,1.0,0.0,0.0,2,8,0.0,5,8,1,2
30408,30.0,1,999,0,1.4,94.465,-41.8,4.865,5228.1,999.0,0,0.0,0.0,1.0,3,4,0.0,9,6,2,1
30409,32.0,1,999,0,1.4,93.444,-36.1,4.964,5228.1,999.0,0,1.0,0.0,0.0,1,7,0.0,6,8,1,1
30410,41.0,4,999,0,-1.8,92.893,-46.2,1.266,5099.1,999.0,0,1.0,0.0,0.0,2,6,0.0,5,5,1,1
30411,31.0,3,999,0,-2.9,92.201,-31.4,0.869,5076.2,999.0,0,0.0,0.0,0.0,2,4,0.0,8,8,1,1
30412,31.0,2,999,0,1.4,93.444,-36.1,4.964,5228.1,999.0,0,1.0,0.0,0.0,1,7,0.0,5,8,1,1
30413,55.0,3,999,0,1.4,93.444,-36.1,4.965,5228.1,999.0,0,1.0,0.0,0.0,2,7,0.0,6,8,1,1
30414,31.0,6,999,0,1.1,93.994,-36.4,4.856,5191.0,999.0,0,0.0,1.0,1.0,1,8,0.0,4,5,1,1
30415,48.0,2,3,1,-1.8,92.893,-46.2,1.266,5099.1,0.1,1,0.0,0.0,0.0,2,5,0.0,4,5,1,3
30416,34.0,2,999,0,1.1,93.994,-36.4,4.857,5191.0,999.0,0,0.0,1.0,1.0,2,4,0.0,4,5,1,1
30417,66.0,1,999,0,-1.8,92.843,-50.0,1.65,5099.1,999.0,0,1.0,0.0,0.0,2,8,0.0,8,3,1,1
30418,31.0,15,999,0,1.4,93.444,-36.1,4.965,5228.1,999.0,0,1.0,0.0,0.0,2,5,0.0,9,8,2,1
30419,31.0,1,999,0,-2.9,92.963,-40.8,1.26,5076.2,999.0,0,1.0,0.0,0.0,2,8,0.0,1,6,1,1
30420,31.0,1,999,0,-0.1,93.2,-42.0,4.076,5195.8,999.0,0,1.0,0.0,0.0,2,6,0.0,5,11,1,1
30421,31.0,4,3,1,-1.1,94.601,-49.5,1.016,4963.6,0.1,4,1.0,1.0,0.0,3,5,0.0,9,10,1,3
30422,31.0,2,999,0,1.1,93.994,-36.4,4.857,5191.0,999.0,0,0.0,0.0,1.0,2,7,0.0,10,5,2,1
30423,32.0,8,999,0,-3.4,92.649,-30.1,0.716,5017.5,999.0,0,1.0,0.0,1.0,2,8,0.0,4,11,1,1
30424,31.0,5,999,0,1.1,93.994,-36.4,4.864,5191.0,999.0,0,0.0,0.0,1.0,2,8,0.0,5,5,1,1
30425,31.0,3,999,0,-1.8,92.893,-46.2,1.354,5099.1,999.0,0,0.0,0.0,0.0,1,7,0.0,6,5,2,1
30426,31.0,1,999,1,-0.1,93.2,-42.0,4.153,5195.8,999.0,3,0.0,0.0,0.0,3,6,0.0,9,11,1,2
30427,60.0,2,999,0,1.4,93.918,-42.7,4.962,5228.1,999.0,0,1.0,0.0,0.0,2,8,0.0,8,7,1,1
30428,31.0,3,999,0,1.4,94.465,-41.8,4.959,5228.1,999.0,0,0.0,0.0,1.0,2,4,0.0,4,6,1,1
30429,47.0,8,999,0,1.1,93.994,-36.4,4.857,5191.0,999.0,0,0.0,0.0,1.0,2,2,0.0,4,5,2,1
30430,32.0,1,999,0,1.1,93.994,-36.4,4.857,5191.0,999.0,0,1.0,0.0,1.0,2,5,0.0,2,5,1,1
30431,41.0,1,999,1,-1.8,92.893,-46.2,1.313,5099.1,999.0,2,0.0,0.0,0.0,1,5,0.0,9,5,1,2
30432,36.0,1,999,0,-0.1,93.798,-40.4,4.921,5195.8,999.0,0,1.0,0.0,1.0,2,5,0.0,9,10,1,1
30433,31.0,2,999,0,-0.1,93.2,-42.0,4.191,5195.8,999.0,0,1.0,0.0,0.0,2,8,0.0,7,11,2,1
30434,32.0,4,999,0,-0.1,93.2,-42.0,4.076,5195.8,999.0,0,1.0,0.0,0.0,2,4,0.0,9,11,1,1
30435,38.0,5,3,2,-1.8,93.876,-40.0,0.682,5008.7,0.1,8,0.0,0.0,0.0,2,6,0.0,7,5,2,3
30436,33.0,2,999,0,-1.8,93.075,-47.1,1.405,5099.1,999.0,0,0.0,0.0,0.0,1,6,0.0,5,4,1,1
30437,31.0,2,999,0,-1.8,93.075,-47.1,1.498,5099.1,999.0,0,1.0,0.0,0.0,2,8,0.0,5,4,1,1
30438,31.0,2,999,0,-0.1,93.2,-42.0,4.191,5195.8,999.0,0,0.0,1.0,0.0,2,5,0.0,3,11,2,1
30439,31.0,1,999,0,1.4,93.918,-42.7,4.963,5228.1,999.0,0,1.0,0.0,0.0,1,4,0.0,9,7,1,1
30440,52.0,2,999,0,-1.8,93.075,-47.1,1.41,5099.1,999.0,0,1.0,1.0,0.0,2,2,0.0,8,4,1,1
30441,44.0,4,999,0,1.4,94.465,-41.8,4.959,5228.1,999.0,0,1.0,0.0,1.0,2,7,0.0,3,6,1,1
30442,56.0,3,6,1,-3.4,92.379,-29.8,0.762,5017.5,0.2,4,0.0,0.0,0.0,2,6,0.0,10,9,1,3
30443,31.0,4,999,0,1.4,93.444,-36.1,4.964,5228.1,999.0,0,0.0,0.0,0.0,1,7,0.0,6,8,1,1
30444,37.0,1,999,0,1.1,93.994,-36.4,4.86,5191.0,999.0,0,0.0,0.0,1.0,2,6,0.0,10,5,1,1
30445,31.0,4,999,0,-1.8,92.893,-46.2,1.25,5099.1,999.0,0,1.0,0.0,0.0,1,8,0.0,3,5,1,1
30446,31.0,2,999,0,1.4,93.444,-36.1,4.964,5228.1,999.0,0,1.0,0.0,0.0,1,8,0.0,6,8,1,1
30447,59.0,1,999,0,-1.8,92.893,-46.2,1.334,5099.1,999.0,0,0.0,0.0,0.0,2,5,0.0,6,5,1,1
30448,45.0,2,999,0,1.4,93.444,-36.1,4.965,5228.1,999.0,0,1.0,1.0,0.0,2,8,0.0,7,8,2,1
30449,35.0,1,3,1,-1.8,92.893,-46.2,1.354,5099.1,0.1,1,0.0,0.0,0.0,2,8,0.0,9,5,2,3
30450,31.0,2,999,0,1.4,93.444,-36.1,4.965,5228.1,999.0,0,1.0,1.0,0.0,2,3,0.0,4,8,2,1
30451,42.0,6,999,0,1.4,93.918,-42.7,4.962,5228.1,999.0,0,1.0,0.0,0.0,2,5,0.0,6,7,1,1
30452,24.0,1,999,0,-1.8,93.075,-47.1,1.365,5099.1,999.0,0,1.0,0.0,0.0,1,8,0.0,5,4,1,1
30453,40.0,2,999,0,1.1,93.994,-36.4,4.855,5191.0,999.0,0,0.0,0.0,1.0,1,8,0.0,9,5,1,1
30454,28.0,1,999,0,1.1,93.994,-36.4,4.856,5191.0,999.0,0,0.0,0.0,1.0,2,8,0.0,5,5,1,1
30455,33.0,7,999,0,1.4,93.918,-42.7,4.968,5228.1,999.0,0,1.0,0.0,0.0,2,7,0.0,5,7,1,1
30456,31.0,3,999,1,-1.8,93.075,-47.1,1.405,5099.1,999.0,1,1.0,1.0,0.0,2,4,0.0,6,4,1,2
30457,58.0,2,999,0,1.1,93.994,-36.4,4.857,5191.0,999.0,0,1.0,0.0,1.0,3,7,0.0,8,5,1,1
30458,24.0,2,999,0,-1.8,92.893,-46.2,1.25,5099.1,999.0,0,0.0,0.0,0.0,1,6,0.0,5,5,1,1
30459,41.0,1,999,0,1.4,93.918,-42.7,4.955,5228.1,999.0,0,1.0,0.0,1.0,1,6,0.0,9,7,1,1
30460,34.0,1,999,0,-1.8,92.893,-46.2,1.334,5099.1,999.0,0,0.0,0.0,0.0,2,5,0.0,6,5,1,1
30461,28.0,1,999,1,-1.8,92.893,-46.2,1.266,5099.1,999.0,1,1.0,0.0,0.0,1,4,0.0,3,5,1,2
30462,46.0,1,999,0,1.4,93.918,-42.7,4.963,5228.1,999.0,0,1.0,1.0,0.0,2,2,0.0,4,7,1,1
30463,45.0,1,999,0,1.4,94.465,-41.8,4.961,5228.1,999.0,0,0.0,0.0,1.0,2,5,0.0,6,6,2,1
30464,57.0,4,999,0,1.4,93.918,-42.7,4.958,5228.1,999.0,0,0.0,0.0,0.0,2,8,0.0,7,7,1,1
30465,31.0,5,999,1,-2.9,92.469,-33.6,0.908,5076.2,999.0,4,0.0,1.0,0.0,1,7,0.0,5,7,1,2
30466,27.0,6,999,0,1.4,93.918,-42.7,4.962,5228.1,999.0,0,0.0,0.0,1.0,2,7,0.0,6,7,1,1
30467,31.0,2,999,0,1.4,93.444,-36.1,4.963,5228.1,999.0,0,0.0,0.0,0.0,2,6,0.0,5,8,1,1
30468,31.0,1,2,1,-1.8,93.876,-40.0,0.701,5008.7,0.0666666666667,1,1.0,1.0,1.0,1,5,0.0,12,5,2,3
30469,34.0,1,999,0,1.4,93.444,-36.1,4.964,5228.1,999.0,0,0.0,0.0,0.0,1,5,0.0,5,8,1,1
30470,53.0,1,999,0,-1.8,93.369,-34.8,0.654,5008.7,999.0,0,0.0,0.0,0.0,3,8,0.0,6,3,1,1
30471,31.0,1,999,0,-1.8,92.893,-46.2,1.266,5099.1,999.0,0,0.0,0.0,0.0,2,8,0.0,1,5,1,1
30472,37.0,2,999,0,-1.8,92.893,-46.2,1.244,5099.1,999.0,0,0.0,1.0,0.0,1,2,0.0,1,5,2,1
30473,49.0,3,999,0,1.4,93.918,-42.7,4.962,5228.1,999.0,0,0.0,0.0,0.0,2,7,0.0,3,7,2,1
30474,31.0,3,999,0,1.4,94.465,-41.8,4.959,5228.1,999.0,0,0.0,0.0,1.0,3,7,0.0,3,6,1,1
30475,31.0,1,6,1,-1.8,93.369,-34.8,0.652,5008.7,0.2,0,0.0,0.0,0.0,1,8,0.0,6,3,1,3
30476,33.0,2,999,0,-1.8,93.075,-47.1,1.405,5099.1,999.0,0,1.0,0.0,0.0,2,8,0.0,4,4,2,1
30477,37.0,3,999,1,-0.1,93.2,-42.0,4.153,5195.8,999.0,1,0.0,0.0,0.0,2,7,0.0,3,11,1,2
30478,38.0,1,999,0,1.4,93.918,-42.7,4.963,5228.1,999.0,0,1.0,0.0,0.0,2,3,0.0,4,7,1,1
30479,31.0,4,999,0,1.1,93.994,-36.4,4.858,5191.0,999.0,0,0.0,0.0,1.0,3,8,0.0,4,5,2,1
30480,41.0,1,999,0,-0.1,93.2,-42.0,4.12,5195.8,999.0,0,1.0,0.0,0.0,2,8,0.0,6,11,1,1
30481,50.0,1,999,0,-0.1,93.2,-42.0,4.153,5195.8,999.0,0,0.0,0.0,1.0,2,4,0.0,7,11,1,1
30482,46.0,2,999,0,1.4,93.918,-42.7,4.96,5228.1,999.0,0,1.0,0.0,0.0,2,8,0.0,4,7,2,1
30483,31.0,4,999,0,1.4,93.918,-42.7,4.962,5228.1,999.0,0,0.0,0.0,0.0,2,6,0.0,7,7,1,1
30484,41.0,2,999,0,1.4,93.444,-36.1,4.963,5228.1,999.0,0,0.0,0.0,0.0,2,7,0.0,1,8,2,1
30485,48.0,1,999,0,1.4,93.444,-36.1,4.965,5228.1,999.0,0,0.0,0.0,0.0,2,8,0.0,2,8,2,1
30486,30.0,2,999,0,1.4,93.444,-36.1,4.964,5228.1,999.0,0,0.0,0.0,0.0,1,7,0.0,5,8,1,1
30487,49.0,3,999,0,1.4,93.444,-36.1,4.964,5228.1,999.0,0,1.0,0.0,0.0,3,5,0.0,5,8,1,1
30488,44.0,1,999,0,-1.8,93.075,-47.1,1.41,5099.1,999.0,0,1.0,0.0,0.0,2,3,0.0,4,4,1,1
30489,50.0,2,999,0,1.1,93.994,-36.4,4.855,5191.0,999.0,0,1.0,1.0,1.0,2,8,0.0,4,5,1,1
30490,31.0,35,999,0,1.4,93.918,-42.7,4.968,5228.1,999.0,0,0.0,0.0,1.0,2,4,0.0,9,7,1,1
30491,47.0,2,999,0,1.1,93.994,-36.4,4.86,5191.0,999.0,0,1.0,1.0,1.0,2,5,0.0,9,5,1,1
30492,51.0,1,999,1,-1.8,92.893,-46.2,1.299,5099.1,999.0,2,1.0,0.0,1.0,3,7,0.0,7,5,2,2
30493,44.0,1,999,0,1.1,93.994,-36.4,4.857,5191.0,999.0,0,0.0,0.0,1.0,3,4,0.0,5,5,1,1
30494,31.0,4,999,0,1.4,93.444,-36.1,4.964,5228.1,999.0,0,1.0,1.0,0.0,2,4,0.0,4,8,1,1
30495,35.0,2,999,0,-0.1,93.2,-42.0,4.12,5195.8,999.0,0,1.0,0.0,0.0,2,7,0.0,3,11,1,1
30496,48.0,2,999,0,1.1,93.994,-36.4,4.856,5191.0,999.0,0,1.0,0.0,1.0,3,6,0.0,4,5,1,1
30497,31.0,6,999,0,1.1,93.994,-36.4,4.857,5191.0,999.0,0,1.0,1.0,1.0,1,5,0.0,9,5,1,1
30498,55.0,2,999,0,-0.1,93.2,-42.0,4.191,5195.8,999.0,0,0.0,0.0,0.0,1,6,0.0,5,11,2,1
30499,49.0,1,999,0,1.4,93.918,-42.7,4.957,5228.1,999.0,0,0.0,0.0,0.0,2,3,0.0,4,7,1,1
30500,32.0,1,999,0,-0.1,93.2,-42.0,4.12,5195.8,999.0,0,1.0,0.0,0.0,2,2,0.0,7,11,1,1
30501,43.0,5,999,0,1.1,93.994,-36.4,4.859,5191.0,999.0,0,1.0,0.0,1.0,1,5,0.0,9,5,1,1
30502,36.0,1,999,0,1.4,94.465,-41.8,4.865,5228.1,999.0,0,1.0,0.0,1.0,2,8,0.0,5,6,1,1
30503,50.0,2,999,0,1.4,93.444,-36.1,4.964,5228.1,999.0,0,1.0,0.0,0.0,2,8,0.0,4,8,1,1
30504,54.0,1,999,0,1.4,93.444,-36.1,4.963,5228.1,999.0,0,0.0,0.0,0.0,2,6,0.0,5,8,1,1
30505,37.0,2,999,0,1.1,93.994,-36.4,4.856,5191.0,999.0,0,1.0,0.0,1.0,2,5,0.0,4,5,1,1
30506,36.0,4,999,0,1.4,93.918,-42.7,4.96,5228.1,999.0,0,1.0,0.0,0.0,2,5,0.0,4,7,2,1
30507,44.0,1,999,0,-0.1,93.2,-42.0,4.153,5195.8,999.0,0,0.0,0.0,0.0,3,7,0.0,3,11,1,1
30508,31.0,2,999,0,-1.8,92.893,-46.2,1.25,5099.1,999.0,0,0.0,0.0,0.0,1,5,0.0,10,5,1,1
30509,41.0,1,999,0,1.4,93.444,-36.1,4.97,5228.1,999.0,0,1.0,0.0,0.0,2,7,0.0,5,8,2,1
30510,34.0,1,999,1,-1.8,92.893,-46.2,1.299,5099.1,999.0,2,0.0,0.0,0.0,2,8,0.0,5,5,2,2
30511,51.0,7,999,0,1.4,93.444,-36.1,4.962,5228.1,999.0,0,1.0,0.0,0.0,3,7,0.0,6,8,1,1
30512,28.0,2,999,0,1.4,93.918,-42.7,4.958,5228.1,999.0,0,0.0,0.0,1.0,1,4,0.0,4,7,1,1
30513,51.0,2,999,0,1.4,93.918,-42.7,4.96,5228.1,999.0,0,1.0,0.0,0.0,2,8,0.0,4,7,2,1
30514,31.0,2,999,0,1.1,93.994,-36.4,4.857,5191.0,999.0,0,1.0,0.0,1.0,2,8,0.0,4,5,1,1
30515,30.0,3,999,0,-1.8,92.893,-46.2,1.291,5099.1,999.0,0,0.0,0.0,0.0,2,4,0.0,4,5,1,1
30516,52.0,1,999,0,1.4,94.465,-41.8,4.865,5228.1,999.0,0,1.0,1.0,1.0,2,5,0.0,5,6,2,1
30517,49.0,6,999,0,1.1,93.994,-36.4,4.857,5191.0,999.0,0,0.0,0.0,1.0,2,8,0.0,4,5,1,1
30518,32.0,2,999,0,1.4,93.918,-42.7,4.962,5228.1,999.0,0,1.0,0.0,0.0,2,2,0.0,4,7,2,1
30519,39.0,3,999,0,1.1,93.994,-36.4,4.86,5191.0,999.0,0,0.0,0.0,1.0,2,8,0.0,4,5,1,1
30520,31.0,1,999,0,-1.8,92.893,-46.2,1.25,5099.1,999.0,0,0.0,0.0,0.0,1,6,0.0,5,5,1,1
30521,31.0,1,999,0,1.4,94.465,-41.8,4.958,5228.1,999.0,0,0.0,0.0,1.0,2,6,0.0,5,6,1,1
30522,53.0,3,999,0,-1.8,92.893,-46.2,1.354,5099.1,999.0,0,1.0,0.0,0.0,2,8,0.0,3,5,2,1
30523,31.0,2,999,0,-0.1,93.2,-42.0,4.191,5195.8,999.0,0,1.0,1.0,1.0,3,8,0.0,3,11,2,1
30524,31.0,3,999,1,-1.8,92.893,-46.2,1.25,5099.1,999.0,2,1.0,0.0,0.0,1,8,0.0,6,5,1,2
30525,43.0,3,999,0,-0.1,93.2,-42.0,4.076,5195.8,999.0,0,1.0,1.0,0.0,3,4,0.0,4,11,1,1
30526,34.0,1,999,0,1.4,93.444,-36.1,4.965,5228.1,999.0,0,1.0,0.0,0.0,2,8,0.0,12,8,1,1
30527,32.0,5,999,0,1.1,93.994,-36.4,4.855,5191.0,999.0,0,1.0,0.0,1.0,2,8,0.0,5,5,1,1
30528,30.0,1,4,2,-3.0,92.713,-33.0,0.715,5023.5,0.133333333333,0,0.0,0.0,0.0,1,8,0.0,11,12,1,3
30529,56.0,3,999,0,1.4,93.918,-42.7,4.962,5228.1,999.0,0,1.0,0.0,0.0,2,4,0.0,3,7,2,1
30530,49.0,1,999,0,-0.1,93.798,-40.4,4.912,5195.8,999.0,0,1.0,0.0,1.0,1,7,0.0,6,10,2,1
30531,54.0,3,999,0,1.1,93.994,-36.4,4.858,5191.0,999.0,0,0.0,0.0,1.0,2,2,0.0,4,5,2,1
30532,29.0,16,999,0,1.4,93.918,-42.7,4.963,5228.1,999.0,0,0.0,0.0,0.0,2,5,0.0,6,7,1,1
30533,37.0,2,999,0,1.4,93.444,-36.1,4.964,5228.1,999.0,0,0.0,0.0,0.0,1,7,0.0,5,8,1,1
30534,30.0,1,999,1,-1.8,93.369,-34.8,0.655,5008.7,999.0,0,1.0,0.0,0.0,2,6,0.0,5,3,1,2
30535,32.0,1,999,0,1.4,93.444,-36.1,4.966,5228.1,999.0,0,1.0,0.0,0.0,2,5,0.0,5,8,1,1
30536,57.0,1,999,0,1.4,93.444,-36.1,4.965,5228.1,999.0,0,1.0,1.0,0.0,1,7,0.0,6,8,1,1
30537,31.0,1,999,0,-1.8,92.893,-46.2,1.266,5099.1,999.0,0,1.0,1.0,0.0,1,7,0.0,7,5,1,1
30538,31.0,1,999,0,-0.1,93.2,-42.0,4.191,5195.8,999.0,0,1.0,0.0,0.0,1,8,0.0,6,11,2,1
30539,32.0,3,999,0,1.4,93.918,-42.7,4.961,5228.1,999.0,0,1.0,1.0,0.0,1,8,0.0,6,7,1,1
30540,31.0,3,999,0,1.4,94.465,-41.8,4.96,5228.1,999.0,0,0.0,0.0,1.0,2,8,0.0,4,6,2,1
30541,44.0,2,999,0,1.1,93.994,-36.4,4.855,5191.0,999.0,0,1.0,0.0,1.0,2,8,0.0,7,5,1,1
30542,51.0,1,999,0,1.4,93.918,-42.7,4.957,5228.1,999.0,0,1.0,1.0,0.0,2,8,0.0,2,7,1,1
30543,29.0,2,999,0,-0.1,93.2,-42.0,4.12,5195.8,999.0,0,1.0,0.0,0.0,2,4,0.0,3,11,1,1
30544,31.0,1,999,0,1.1,93.994,-36.4,4.857,5191.0,999.0,0,1.0,0.0,1.0,1,7,0.0,5,5,1,1
30545,59.0,5,999,0,1.4,93.444,-36.1,4.964,5228.1,999.0,0,1.0,0.0,0.0,2,5,0.0,8,8,1,1
30546,41.0,2,6,3,-1.7,94.027,-38.3,0.905,4991.6,0.2,3,1.0,0.0,0.0,3,5,0.0,6,8,1,3
30547,53.0,2,999,0,-0.1,93.2,-42.0,4.153,5195.8,999.0,0,1.0,0.0,0.0,2,7,0.0,3,11,1,1
30548,38.0,5,999,0,-1.8,92.893,-46.2,1.354,5099.1,999.0,0,1.0,0.0,0.0,2,4,0.0,4,5,2,1
30549,46.0,3,999,0,1.4,94.465,-41.8,4.959,5228.1,999.0,0,1.0,0.0,1.0,2,8,0.0,6,6,1,1
30550,31.0,1,999,0,1.1,93.994,-36.4,4.856,5191.0,999.0,0,0.0,1.0,1.0,2,8,0.0,6,5,1,1
30551,41.0,2,999,0,1.1,93.994,-36.4,4.857,5191.0,999.0,0,1.0,1.0,1.0,3,4,0.0,3,5,1,1
30552,54.0,1,999,0,1.1,93.994,-36.4,4.859,5191.0,999.0,0,1.0,0.0,1.0,3,8,0.0,4,5,1,1
30553,31.0,3,999,0,1.4,93.444,-36.1,4.965,5228.1,999.0,0,0.0,0.0,0.0,2,4,0.0,1,8,2,1
30554,31.0,1,999,1,-0.1,93.2,-42.0,4.153,5195.8,999.0,2,0.0,0.0,0.0,1,7,0.0,6,11,1,2
30555,31.0,1,999,1,-1.8,93.075,-47.1,1.415,5099.1,999.0,1,0.0,0.0,0.0,2,3,0.0,3,4,1,2
30556,31.0,2,999,0,1.1,93.994,-36.4,4.864,5191.0,999.0,0,0.0,0.0,1.0,3,4,0.0,3,5,1,1
30557,47.0,2,999,0,-1.8,92.893,-46.2,1.334,5099.1,999.0,0,1.0,0.0,0.0,2,2,0.0,4,5,1,1
30558,41.0,3,999,0,1.4,94.465,-41.8,4.961,5228.1,999.0,0,1.0,0.0,1.0,2,4,0.0,10,6,2,1
30559,40.0,5,999,0,1.4,93.918,-42.7,4.963,5228.1,999.0,0,0.0,0.0,0.0,3,8,0.0,10,7,1,1
30560,31.0,2,3,2,-3.4,92.649,-30.1,0.714,5017.5,0.1,4,0.0,0.0,1.0,2,8,0.0,9,11,1,3
30561,33.0,2,999,0,1.4,93.918,-42.7,4.961,5228.1,999.0,0,1.0,0.0,0.0,1,5,0.0,9,7,1,1
30562,35.0,20,999,0,1.4,93.918,-42.7,4.961,5228.1,999.0,0,1.0,1.0,0.0,2,7,0.0,6,7,1,1
30563,35.0,3,999,0,1.4,93.918,-42.7,4.962,5228.1,999.0,0,1.0,0.0,1.0,2,4,0.0,4,7,2,1
30564,36.0,1,999,0,-1.8,92.893,-46.2,1.344,5099.1,999.0,0,1.0,0.0,0.0,2,8,0.0,4,5,1,1
30565,40.0,3,999,0,-0.1,93.2,-42.0,4.12,5195.8,999.0,0,0.0,0.0,0.0,2,3,0.0,4,11,1,1
30566,36.0,1,999,0,-1.8,92.893,-46.2,1.264,5099.1,999.0,0,0.0,1.0,0.0,2,7,0.0,6,5,1,1
30567,40.0,3,999,0,1.4,94.465,-41.8,4.959,5228.1,999.0,0,0.0,1.0,1.0,1,7,0.0,6,6,1,1
30568,35.0,4,999,0,1.1,93.994,-36.4,4.857,5191.0,999.0,0,0.0,0.0,1.0,2,7,0.0,6,5,1,1
30569,25.0,1,999,0,1.1,93.994,-36.4,4.855,5191.0,999.0,0,1.0,0.0,1.0,3,5,0.0,9,5,1,1
30570,56.0,2,999,0,-1.8,93.075,-47.1,1.415,5099.1,999.0,0,1.0,0.0,0.0,2,4,0.0,6,4,1,1
30571,31.0,5,999,0,1.4,93.918,-42.7,4.962,5228.1,999.0,0,0.0,0.0,0.0,1,8,0.0,3,7,2,1
30572,27.0,7,999,0,-3.4,92.649,-30.1,0.714,5017.5,999.0,0,0.0,1.0,0.0,2,8,0.0,6,11,2,1
30573,31.0,2,999,0,1.1,93.994,-36.4,4.855,5191.0,999.0,0,0.0,0.0,1.0,3,5,0.0,9,5,1,1
30574,32.0,2,999,0,-1.8,92.893,-46.2,1.291,5099.1,999.0,0,1.0,1.0,0.0,1,5,0.0,4,5,1,1
30575,38.0,3,999,0,1.4,93.918,-42.7,4.968,5228.1,999.0,0,0.0,1.0,0.0,2,5,0.0,6,7,1,1
30576,44.0,17,999,0,1.4,94.465,-41.8,4.958,5228.1,999.0,0,1.0,0.0,1.0,1,8,0.0,6,6,1,1
30577,40.0,1,999,0,-1.8,93.075,-47.1,1.405,5099.1,999.0,0,1.0,0.0,1.0,2,3,0.0,4,4,1,1
30578,41.0,2,999,0,1.1,93.994,-36.4,4.86,5191.0,999.0,0,0.0,0.0,1.0,2,3,0.0,4,5,1,1
30579,53.0,1,999,0,1.4,93.444,-36.1,4.965,5228.1,999.0,0,1.0,0.0,0.0,2,2,0.0,4,8,1,1
30580,36.0,3,999,0,1.4,94.465,-41.8,4.959,5228.1,999.0,0,0.0,0.0,1.0,1,3,0.0,12,6,1,1
30581,29.0,2,999,0,-1.8,92.893,-46.2,1.299,5099.1,999.0,0,1.0,0.0,0.0,1,4,0.0,5,5,2,1
30582,31.0,1,999,0,1.1,93.994,-36.4,4.857,5191.0,999.0,0,0.0,0.0,1.0,2,4,0.0,5,5,2,1
30583,48.0,3,999,0,1.4,94.465,-41.8,4.961,5228.1,999.0,0,1.0,0.0,1.0,2,5,0.0,6,6,1,1
30584,75.0,1,999,2,-1.7,94.215,-40.3,0.81,4991.6,999.0,2,1.0,0.0,0.0,2,7,0.0,8,7,1,2
30585,38.0,5,999,0,1.1,93.994,-36.4,4.86,5191.0,999.0,0,0.0,0.0,1.0,3,8,0.0,4,5,1,1
30586,38.0,2,999,0,-1.8,92.893,-46.2,1.244,5099.1,999.0,0,1.0,0.0,0.0,1,7,0.0,6,5,2,1
30587,31.0,6,999,1,-1.8,92.893,-46.2,1.244,5099.1,999.0,2,1.0,1.0,0.0,1,8,0.0,9,5,2,2
30588,57.0,3,999,0,1.4,94.465,-41.8,4.967,5228.1,999.0,0,0.0,0.0,1.0,2,8,0.0,8,6,1,1
30589,33.0,1,999,0,-1.8,92.843,-50.0,1.757,5099.1,999.0,0,1.0,0.0,0.0,3,5,0.0,6,3,1,1
30590,31.0,1,999,0,1.4,93.444,-36.1,4.963,5228.1,999.0,0,1.0,0.0,0.0,2,2,0.0,2,8,1,1
30591,47.0,3,999,0,1.4,94.465,-41.8,4.962,5228.1,999.0,0,1.0,0.0,1.0,2,4,0.0,6,6,1,1
30592,27.0,1,999,0,1.4,93.918,-42.7,4.961,5228.1,999.0,0,0.0,1.0,0.0,1,3,0.0,4,7,1,1
30593,31.0,1,999,0,-2.9,92.201,-31.4,0.883,5076.2,999.0,0,0.0,0.0,0.0,1,8,0.0,11,8,1,1
30594,31.0,2,999,0,-1.8,92.893,-46.2,1.266,5099.1,999.0,0,1.0,0.0,0.0,3,8,0.0,6,5,1,1
30595,24.0,1,999,0,1.1,93.994,-36.4,4.859,5191.0,999.0,0,1.0,1.0,1.0,1,5,0.0,11,5,1,1
30596,30.0,2,999,0,1.1,93.994,-36.4,4.864,5191.0,999.0,0,0.0,0.0,1.0,2,5,0.0,6,5,1,1
30597,39.0,9,999,0,1.4,93.918,-42.7,4.968,5228.1,999.0,0,1.0,0.0,0.0,2,8,0.0,6,7,1,1
30598,28.0,1,999,0,1.4,93.918,-42.7,4.962,5228.1,999.0,0,0.0,0.0,0.0,2,5,0.0,9,7,1,1
30599,48.0,9,999,0,-1.8,93.075,-47.1,1.405,5099.1,999.0,0,1.0,0.0,0.0,2,8,0.0,6,4,1,1
30600,40.0,1,999,1,-1.1,94.199,-37.5,0.886,4963.6,999.0,4,1.0,1.0,1.0,3,5,0.0,6,9,1,2
30601,31.0,1,999,1,-1.8,93.075,-47.1,1.405,5099.1,999.0,0,1.0,0.0,0.0,2,8,0.0,4,4,1,2
30602,42.0,1,999,0,1.4,93.444,-36.1,4.963,5228.1,999.0,0,1.0,0.0,0.0,2,7,0.0,6,8,1,1
30603,34.0,3,999,0,1.4,94.465,-41.8,4.864,5228.1,999.0,0,0.0,0.0,1.0,2,7,0.0,6,6,1,1
30604,42.0,2,999,0,-1.8,92.893,-46.2,1.266,5099.1,999.0,0,1.0,0.0,0.0,2,8,0.0,9,5,1,1
30605,31.0,5,999,0,-1.8,93.075,-47.1,1.405,5099.1,999.0,0,1.0,0.0,0.0,1,8,0.0,11,4,1,1
30606,31.0,4,999,0,-1.8,92.893,-46.2,1.327,5099.1,999.0,0,0.0,1.0,0.0,1,5,0.0,5,5,1,1
30607,36.0,1,999,0,1.1,93.994,-36.4,4.856,5191.0,999.0,0,1.0,1.0,1.0,2,5,0.0,9,5,1,1
30608,31.0,3,999,0,-0.1,93.2,-42.0,4.076,5195.8,999.0,0,0.0,0.0,0.0,2,6,0.0,9,11,1,1
30609,59.0,2,999,0,1.4,93.918,-42.7,4.962,5228.1,999.0,0,1.0,1.0,0.0,2,2,0.0,2,7,1,1
30610,33.0,1,999,0,1.1,93.994,-36.4,4.857,5191.0,999.0,0,0.0,0.0,1.0,2,7,0.0,1,5,1,1
30611,36.0,4,999,0,1.1,93.994,-36.4,4.855,5191.0,999.0,0,1.0,0.0,1.0,2,5,0.0,9,5,1,1
30612,42.0,1,999,0,1.4,94.465,-41.8,4.967,5228.1,999.0,0,1.0,0.0,1.0,1,7,0.0,7,6,1,1
30613,38.0,1,999,0,-1.8,92.893,-46.2,1.299,5099.1,999.0,0,0.0,0.0,0.0,3,8,0.0,6,5,2,1
30614,33.0,1,999,0,-0.1,93.2,-42.0,4.191,5195.8,999.0,0,1.0,0.0,0.0,2,8,0.0,10,11,1,1
30615,31.0,1,999,0,-3.4,92.431,-26.9,0.754,5017.5,999.0,0,1.0,0.0,0.0,2,7,0.0,6,10,1,1
30616,27.0,1,999,0,1.1,93.994,-36.4,4.86,5191.0,999.0,0,0.0,0.0,1.0,1,5,0.0,6,5,1,1
30617,80.0,1,3,2,-2.9,92.201,-31.4,0.834,5076.2,0.1,4,1.0,0.0,0.0,2,2,0.0,8,8,1,3
30618,34.0,1,999,0,-0.1,93.798,-40.4,4.794,5195.8,999.0,0,1.0,0.0,1.0,3,8,0.0,4,10,1,1
30619,40.0,7,999,0,1.4,93.444,-36.1,4.962,5228.1,999.0,0,0.0,0.0,0.0,1,8,0.0,6,8,1,1
30620,58.0,3,999,0,1.1,93.994,-36.4,4.856,5191.0,999.0,0,0.0,0.0,1.0,2,8,0.0,3,5,1,1
30621,35.0,1,999,0,1.4,93.444,-36.1,4.966,5228.1,999.0,0,0.0,0.0,0.0,2,7,0.0,6,8,1,1
30622,44.0,4,999,0,1.4,93.918,-42.7,4.96,5228.1,999.0,0,0.0,0.0,0.0,2,5,0.0,9,7,2,1
30623,44.0,1,999,0,1.1,93.994,-36.4,4.857,5191.0,999.0,0,0.0,0.0,1.0,2,2,0.0,4,5,2,1
30624,33.0,1,999,0,1.1,93.994,-36.4,4.857,5191.0,999.0,0,0.0,0.0,1.0,1,8,0.0,4,5,2,1
30625,48.0,2,999,0,1.1,93.994,-36.4,4.856,5191.0,999.0,0,1.0,0.0,1.0,2,4,0.0,1,5,1,1
30626,41.0,2,999,0,1.4,94.465,-41.8,4.961,5228.1,999.0,0,1.0,0.0,1.0,3,8,0.0,6,6,1,1
30627,68.0,1,3,1,-1.1,94.601,-49.5,1.0,4963.6,0.1,0,1.0,1.0,0.0,3,5,0.0,8,10,2,3
30628,26.0,1,999,0,-3.4,92.649,-30.1,0.715,5017.5,999.0,0,1.0,1.0,0.0,1,5,0.0,6,11,1,1
30629,49.0,2,999,0,1.4,94.465,-41.8,4.866,5228.1,999.0,0,0.0,0.0,1.0,2,2,0.0,4,6,1,1
30630,31.0,1,999,0,-2.9,92.201,-31.4,0.879,5076.2,999.0,0,0.0,0.0,1.0,1,4,0.0,11,8,1,1
30631,65.0,2,999,0,-3.4,92.431,-26.9,0.728,5017.5,999.0,0,1.0,1.0,0.0,2,2,0.0,2,10,1,1
30632,47.0,1,999,0,1.4,94.465,-41.8,4.865,5228.1,999.0,0,1.0,1.0,1.0,1,6,0.0,5,6,2,1
30633,28.0,1,999,0,-1.1,94.199,-37.5,0.878,4963.6,999.0,0,1.0,1.0,0.0,1,7,0.0,4,9,1,1
30634,45.0,2,999,0,1.1,93.994,-36.4,4.86,5191.0,999.0,0,1.0,0.0,1.0,2,8,0.0,4,5,1,1
30635,32.0,2,999,0,-2.9,92.963,-40.8,1.26,5076.2,999.0,0,1.0,0.0,0.0,1,7,0.0,6,6,1,1
30636,31.0,1,999,0,1.1,93.994,-36.4,4.857,5191.0,999.0,0,1.0,0.0,1.0,1,7,0.0,5,5,1,1
30637,31.0,1,999,0,1.4,93.444,-36.1,4.968,5228.1,999.0,0,1.0,1.0,0.0,2,5,0.0,6,8,1,1
30638,31.0,1,999,1,-1.8,92.893,-46.2,1.313,5099.1,999.0,3,1.0,0.0,0.0,2,4,0.0,4,5,1,2
30639,31.0,5,999,0,1.4,93.918,-42.7,4.962,5228.1,999.0,0,1.0,1.0,0.0,2,7,0.0,6,7,1,1
30640,36.0,4,999,0,1.1,93.994,-36.4,4.856,5191.0,999.0,0,0.0,0.0,1.0,2,8,0.0,2,5,1,1
30641,29.0,29,999,0,1.4,93.918,-42.7,4.962,5228.1,999.0,0,0.0,0.0,0.0,1,8,0.0,5,7,1,1
30642,36.0,3,999,0,1.4,93.444,-36.1,4.962,5228.1,999.0,0,1.0,0.0,0.0,1,8,0.0,6,8,1,1
30643,32.0,1,999,0,1.4,93.444,-36.1,4.967,5228.1,999.0,0,1.0,1.0,0.0,1,8,0.0,6,8,1,1
30644,31.0,1,999,0,1.4,94.465,-41.8,4.864,5228.1,999.0,0,0.0,0.0,1.0,2,7,0.0,3,6,1,1
30645,80.0,1,999,2,-3.4,92.431,-26.9,0.742,5017.5,999.0,4,0.0,0.0,0.0,2,2,0.0,8,10,1,2
30646,31.0,1,999,0,1.4,93.918,-42.7,4.961,5228.1,999.0,0,1.0,0.0,0.0,2,7,0.0,7,7,1,1
30647,31.0,3,999,0,1.1,93.994,-36.4,4.864,5191.0,999.0,0,1.0,0.0,1.0,2,8,0.0,6,5,1,1
30648,42.0,1,999,0,1.1,93.994,-36.4,4.86,5191.0,999.0,0,0.0,0.0,1.0,2,7,0.0,5,5,1,1
30649,42.0,5,999,0,1.4,94.465,-41.8,4.959,5228.1,999.0,0,1.0,0.0,1.0,2,6,0.0,7,6,1,1
30650,47.0,1,999,0,1.1,93.994,-36.4,4.857,5191.0,999.0,0,0.0,0.0,1.0,2,8,0.0,6,5,1,1
30651,57.0,4,999,0,1.4,93.918,-42.7,4.963,5228.1,999.0,0,0.0,0.0,0.0,1,7,0.0,6,7,1,1
30652,61.0,1,999,0,-3.4,92.379,-29.8,0.741,5017.5,999.0,0,1.0,0.0,0.0,2,7,0.0,3,9,1,1
30653,60.0,1,7,2,-1.1,94.767,-50.8,1.046,4963.6,0.233333333333,2,0.0,0.0,0.0,2,8,0.0,6,11,1,3
30654,36.0,4,999,0,1.1,93.994,-36.4,4.855,5191.0,999.0,0,1.0,0.0,1.0,2,6,0.0,5,5,1,1
30655,31.0,8,999,0,-0.1,93.2,-42.0,4.021,5195.8,999.0,0,0.0,0.0,0.0,1,2,0.0,10,11,1,1
30656,38.0,2,999,0,1.1,93.994,-36.4,4.864,5191.0,999.0,0,1.0,0.0,1.0,2,8,0.0,4,5,1,1
30657,31.0,5,999,0,1.1,93.994,-36.4,4.86,5191.0,999.0,0,1.0,0.0,1.0,1,5,0.0,6,5,1,1
30658,31.0,2,999,0,-0.1,93.2,-42.0,4.021,5195.8,999.0,0,0.0,0.0,0.0,2,5,0.0,9,11,1,1
30659,36.0,2,999,1,-1.8,93.075,-47.1,1.405,5099.1,999.0,2,1.0,0.0,0.0,2,4,0.0,7,4,1,2
30660,31.0,2,999,0,1.4,93.444,-36.1,4.966,5228.1,999.0,0,0.0,0.0,0.0,2,8,0.0,5,8,1,1
30661,37.0,2,999,1,-0.1,93.2,-42.0,4.191,5195.8,999.0,3,1.0,0.0,1.0,2,8,0.0,3,11,1,2
30662,41.0,1,999,0,-0.1,93.2,-42.0,4.076,5195.8,999.0,0,0.0,0.0,0.0,3,3,0.0,3,11,1,1
30663,31.0,2,999,0,1.1,93.994,-36.4,4.864,5191.0,999.0,0,1.0,0.0,1.0,2,6,0.0,6,5,1,1
30664,45.0,1,999,0,1.4,93.918,-42.7,4.963,5228.1,999.0,0,0.0,0.0,0.0,2,8,0.0,5,7,1,1
30665,31.0,1,999,0,1.1,93.994,-36.4,4.856,5191.0,999.0,0,0.0,0.0,1.0,1,7,0.0,10,5,1,1
30666,34.0,1,999,1,-1.8,93.075,-47.1,1.405,5099.1,999.0,1,1.0,0.0,0.0,2,4,0.0,4,4,1,2
30667,38.0,1,999,0,-0.1,93.2,-42.0,4.153,5195.8,999.0,0,1.0,1.0,0.0,2,2,0.0,7,11,1,1
30668,40.0,1,999,0,1.4,94.465,-41.8,4.961,5228.1,999.0,0,1.0,0.0,1.0,2,6,0.0,5,6,2,1
30669,31.0,3,999,1,-1.8,92.893,-46.2,1.281,5099.1,999.0,3,1.0,1.0,0.0,1,5,0.0,6,5,1,2
30670,39.0,2,999,0,-1.8,92.893,-46.2,1.354,5099.1,999.0,0,1.0,0.0,1.0,1,8,0.0,10,5,2,1
30671,31.0,2,999,0,1.1,93.994,-36.4,4.858,5191.0,999.0,0,1.0,0.0,1.0,3,5,0.0,10,5,1,1
30672,32.0,3,999,0,-0.1,93.2,-42.0,4.021,5195.8,999.0,0,1.0,1.0,0.0,1,7,0.0,3,11,1,1
30673,26.0,5,999,0,-1.8,92.893,-46.2,1.291,5099.1,999.0,0,1.0,0.0,0.0,1,7,0.0,6,5,1,1
30674,34.0,5,999,0,1.4,93.444,-36.1,4.966,5228.1,999.0,0,0.0,0.0,0.0,1,8,0.0,6,8,1,1
30675,43.0,2,999,0,1.1,93.994,-36.4,4.86,5191.0,999.0,0,1.0,1.0,1.0,2,8,0.0,12,5,1,1
30676,28.0,1,999,0,-2.9,92.963,-40.8,1.268,5076.2,999.0,0,1.0,0.0,0.0,1,7,0.0,6,6,1,1
30677,31.0,4,999,0,1.4,93.918,-42.7,4.968,5228.1,999.0,0,1.0,0.0,0.0,2,8,0.0,5,7,1,1
30678,34.0,2,999,0,1.4,93.444,-36.1,4.964,5228.1,999.0,0,1.0,0.0,0.0,2,7,0.0,5,8,1,1
30679,55.0,1,999,0,1.1,93.994,-36.4,4.859,5191.0,999.0,0,1.0,0.0,1.0,2,2,0.0,4,5,1,1
30680,39.0,2,999,1,-0.1,93.2,-42.0,4.191,5195.8,999.0,2,1.0,1.0,0.0,2,8,0.0,6,11,2,2
30681,46.0,2,999,0,-1.8,92.893,-46.2,1.244,5099.1,999.0,0,1.0,0.0,0.0,3,8,0.0,5,5,2,1
30682,57.0,1,999,0,1.1,93.994,-36.4,4.857,5191.0,999.0,0,0.0,0.0,1.0,2,5,0.0,9,5,2,1
30683,44.0,2,999,0,-0.1,93.2,-42.0,4.153,5195.8,999.0,0,0.0,0.0,0.0,2,8,0.0,5,11,1,1
30684,40.0,3,999,0,1.4,93.444,-36.1,4.963,5228.1,999.0,0,0.0,0.0,0.0,2,6,0.0,5,8,2,1
30685,31.0,1,999,0,1.1,93.994,-36.4,4.856,5191.0,999.0,0,0.0,0.0,1.0,2,8,0.0,6,5,1,1
30686,35.0,1,999,0,1.1,93.994,-36.4,4.857,5191.0,999.0,0,1.0,0.0,1.0,2,3,0.0,6,5,1,1
30687,41.0,4,999,0,1.4,94.465,-41.8,4.864,5228.1,999.0,0,0.0,0.0,1.0,2,7,0.0,6,6,1,1
30688,41.0,1,999,0,1.1,93.994,-36.4,4.859,5191.0,999.0,0,1.0,0.0,1.0,1,6,0.0,5,5,1,1
30689,36.0,33,999,0,1.4,93.918,-42.7,4.968,5228.1,999.0,0,1.0,0.0,0.0,1,7,0.0,6,7,1,1
30690,47.0,1,999,0,1.4,94.465,-41.8,4.967,5228.1,999.0,0,0.0,0.0,1.0,1,6,0.0,5,6,1,1
30691,34.0,2,999,0,-1.8,92.893,-46.2,1.299,5099.1,999.0,0,1.0,0.0,0.0,4,8,0.0,6,5,2,1
30692,29.0,2,999,0,1.4,93.918,-42.7,4.962,5228.1,999.0,0,0.0,0.0,0.0,2,8,0.0,5,7,1,1
30693,59.0,1,999,0,1.4,93.444,-36.1,4.964,5228.1,999.0,0,1.0,0.0,0.0,2,4,0.0,8,8,1,1
30694,32.0,1,999,0,-1.8,92.893,-46.2,1.25,5099.1,999.0,0,0.0,0.0,0.0,3,5,0.0,6,5,1,1
30695,39.0,3,999,0,1.4,93.444,-36.1,4.965,5228.1,999.0,0,1.0,0.0,0.0,3,8,0.0,6,8,1,1
30696,43.0,5,999,0,1.1,93.994,-36.4,4.857,5191.0,999.0,0,0.0,1.0,1.0,1,8,0.0,6,5,1,1
30697,43.0,1,999,0,1.1,93.994,-36.4,4.855,5191.0,999.0,0,0.0,0.0,1.0,2,3,0.0,4,5,1,1
30698,31.0,2,999,0,-0.1,93.2,-42.0,4.12,5195.8,999.0,0,1.0,1.0,0.0,2,5,0.0,7,11,1,1
30699,55.0,1,999,1,-1.8,93.075,-47.1,1.405,5099.1,999.0,3,0.0,0.0,0.0,2,7,0.0,3,4,1,2
30700,53.0,2,999,0,-1.7,94.027,-38.3,0.898,4991.6,999.0,0,1.0,0.0,0.0,2,4,0.0,9,8,2,1
30701,54.0,5,999,0,1.4,93.444,-36.1,4.965,5228.1,999.0,0,0.0,0.0,0.0,2,4,0.0,1,8,2,1
30702,48.0,4,999,0,1.1,93.994,-36.4,4.86,5191.0,999.0,0,1.0,1.0,1.0,3,2,0.0,2,5,1,1
30703,44.0,1,999,0,1.4,94.465,-41.8,4.967,5228.1,999.0,0,1.0,1.0,1.0,2,2,0.0,4,6,1,1
30704,31.0,1,999,0,-0.1,93.2,-42.0,4.076,5195.8,999.0,0,1.0,0.0,0.0,2,7,0.0,3,11,1,1
30705,30.0,2,999,0,-2.9,92.201,-31.4,0.881,5076.2,999.0,0,1.0,1.0,0.0,2,8,0.0,1,8,1,1
30706,33.0,1,999,0,1.4,93.918,-42.7,4.96,5228.1,999.0,0,1.0,1.0,0.0,1,6,0.0,5,7,2,1
30707,45.0,3,999,0,-1.8,93.075,-47.1,1.405,5099.1,999.0,0,1.0,1.0,0.0,2,8,0.0,6,4,1,1
30708,32.0,2,999,0,-1.8,92.893,-46.2,1.25,5099.1,999.0,0,0.0,0.0,0.0,1,8,0.0,5,5,1,1
30709,31.0,1,999,0,-0.1,93.2,-42.0,4.076,5195.8,999.0,0,1.0,0.0,0.0,2,8,0.0,3,11,1,1
30710,48.0,1,6,2,-1.8,93.749,-34.6,0.644,5008.7,0.2,2,1.0,1.0,0.0,2,8,0.0,6,4,1,3
30711,45.0,2,999,0,-0.1,93.2,-42.0,4.021,5195.8,999.0,0,0.0,0.0,0.0,1,7,0.0,5,11,1,1
30712,32.0,2,999,0,-1.8,92.893,-46.2,1.299,5099.1,999.0,0,1.0,1.0,0.0,2,3,0.0,4,5,2,1
30713,49.0,2,999,0,1.1,93.994,-36.4,4.857,5191.0,999.0,0,1.0,1.0,1.0,2,5,0.0,9,5,1,1
30714,34.0,3,999,0,1.1,93.994,-36.4,4.857,5191.0,999.0,0,0.0,1.0,1.0,2,3,0.0,4,5,2,1
30715,53.0,2,999,0,1.4,93.918,-42.7,4.961,5228.1,999.0,0,1.0,0.0,0.0,1,8,0.0,6,7,1,1
30716,53.0,2,999,1,-0.1,93.2,-42.0,4.076,5195.8,999.0,2,0.0,0.0,0.0,2,6,0.0,5,11,1,2
30717,29.0,2,999,0,-1.8,93.075,-47.1,1.405,5099.1,999.0,0,0.0,0.0,0.0,1,7,0.0,7,4,1,1
30718,44.0,2,999,0,1.4,93.918,-42.7,4.96,5228.1,999.0,0,1.0,1.0,0.0,1,4,0.0,6,7,2,1
30719,31.0,3,999,0,1.1,93.994,-36.4,4.857,5191.0,999.0,0,1.0,1.0,1.0,1,8,0.0,6,5,2,1
30720,34.0,7,999,1,-1.8,92.893,-46.2,1.25,5099.1,999.0,1,1.0,0.0,1.0,1,6,0.0,1,5,1,2
30721,24.0,1,999,1,-1.8,92.893,-46.2,1.266,5099.1,999.0,1,0.0,1.0,0.0,1,5,0.0,9,5,1,2
30722,26.0,1,6,1,-3.4,92.431,-26.9,0.728,5017.5,0.2,3,1.0,0.0,0.0,1,7,0.0,3,10,1,3
30723,31.0,3,999,1,-1.8,92.893,-46.2,1.291,5099.1,999.0,1,1.0,0.0,0.0,1,8,0.0,4,5,1,2
30724,42.0,1,999,0,-1.8,93.075,-47.1,1.405,5099.1,999.0,0,0.0,0.0,0.0,1,8,0.0,4,4,2,1
30725,31.0,3,999,0,1.4,93.918,-42.7,4.96,5228.1,999.0,0,1.0,0.0,1.0,1,6,0.0,5,7,1,1
30726,31.0,1,999,0,1.4,93.444,-36.1,4.968,5228.1,999.0,0,0.0,0.0,0.0,2,8,0.0,5,8,1,1
30727,38.0,2,999,0,-1.8,93.075,-47.1,1.405,5099.1,999.0,0,0.0,0.0,0.0,2,8,0.0,9,4,1,1
30728,31.0,1,999,1,-0.1,93.2,-42.0,4.12,5195.8,999.0,2,1.0,0.0,0.0,1,8,0.0,9,11,1,2
30729,31.0,2,999,0,1.4,94.465,-41.8,4.866,5228.1,999.0,0,1.0,0.0,1.0,2,8,0.0,5,6,1,1
30730,27.0,2,4,2,-3.4,92.379,-29.8,0.819,5017.5,0.133333333333,4,1.0,0.0,0.0,1,7,0.0,3,9,1,3
30731,38.0,13,999,0,1.4,94.465,-41.8,4.967,5228.1,999.0,0,0.0,0.0,1.0,2,7,0.0,6,6,1,1
30732,38.0,3,999,0,-1.8,92.843,-50.0,1.726,5099.1,999.0,0,1.0,0.0,0.0,2,6,0.0,5,3,1,1
30733,46.0,2,999,0,1.4,94.465,-41.8,4.967,5228.1,999.0,0,0.0,0.0,1.0,2,5,0.0,6,6,1,1
30734,41.0,3,999,0,1.4,94.465,-41.8,4.961,5228.1,999.0,0,1.0,0.0,1.0,2,8,0.0,9,6,1,1
30735,31.0,1,999,0,-1.8,93.075,-47.1,1.405,5099.1,999.0,0,1.0,1.0,1.0,1,7,0.0,11,4,2,1
30736,38.0,3,999,0,1.1,93.994,-36.4,4.859,5191.0,999.0,0,1.0,1.0,1.0,1,8,0.0,6,5,1,1
30737,31.0,1,999,0,-1.8,93.075,-47.1,1.453,5099.1,999.0,0,0.0,0.0,0.0,1,2,0.0,4,4,1,1
30738,55.0,1,999,0,1.4,93.918,-42.7,4.962,5228.1,999.0,0,0.0,0.0,1.0,2,8,0.0,5,7,1,1
30739,37.0,1,3,1,-1.8,92.893,-46.2,1.264,5099.1,0.1,1,1.0,0.0,0.0,2,7,0.0,5,5,1,3
30740,31.0,2,999,0,1.1,93.994,-36.4,4.857,5191.0,999.0,0,0.0,0.0,1.0,2,5,0.0,6,5,1,1
30741,32.0,2,999,0,1.4,93.918,-42.7,4.962,5228.1,999.0,0,1.0,1.0,0.0,1,7,0.0,6,7,2,1
30742,55.0,3,999,0,1.4,94.465,-41.8,4.961,5228.1,999.0,0,0.0,0.0,1.0,3,8,0.0,8,6,1,1
30743,40.0,4,999,0,1.1,93.994,-36.4,4.856,5191.0,999.0,0,0.0,0.0,1.0,2,8,0.0,4,5,1,1
30744,31.0,3,999,0,1.4,93.444,-36.1,4.963,5228.1,999.0,0,0.0,0.0,0.0,1,7,0.0,6,8,1,1
30745,29.0,1,999,0,1.4,93.918,-42.7,4.963,5228.1,999.0,0,0.0,0.0,0.0,1,4,0.0,4,7,1,1
30746,56.0,1,999,0,1.4,93.918,-42.7,4.962,5228.1,999.0,0,1.0,0.0,0.0,2,8,0.0,4,7,1,1
30747,31.0,2,999,1,-0.1,93.2,-42.0,4.191,5195.8,999.0,2,1.0,1.0,0.0,2,8,0.0,9,11,2,2
30748,32.0,1,999,0,-2.9,92.963,-40.8,1.26,5076.2,999.0,0,1.0,0.0,0.0,2,7,0.0,6,6,1,1
30749,40.0,4,999,0,-1.8,93.075,-47.1,1.405,5099.1,999.0,0,1.0,0.0,0.0,1,5,0.0,8,4,2,1
30750,31.0,3,999,0,1.1,93.994,-36.4,4.856,5191.0,999.0,0,0.0,0.0,1.0,2,5,0.0,12,5,1,1
30751,31.0,1,999,1,-1.8,92.893,-46.2,1.281,5099.1,999.0,2,0.0,0.0,0.0,1,8,0.0,11,5,1,2
30752,46.0,1,999,0,-1.8,93.075,-47.1,1.405,5099.1,999.0,0,0.0,0.0,0.0,2,8,0.0,4,4,1,1
30753,32.0,2,999,0,1.4,93.918,-42.7,4.958,5228.1,999.0,0,1.0,0.0,0.0,3,7,0.0,3,7,1,1
30754,39.0,15,999,0,1.4,93.918,-42.7,4.968,5228.1,999.0,0,1.0,0.0,0.0,2,8,0.0,4,7,1,1
30755,31.0,2,999,0,1.4,93.444,-36.1,4.967,5228.1,999.0,0,1.0,0.0,0.0,2,6,0.0,10,8,1,1
30756,50.0,2,15,1,-2.9,92.201,-31.4,0.861,5076.2,0.5,4,0.0,0.0,0.0,2,8,0.0,4,8,2,3
30757,41.0,1,999,0,1.1,93.994,-36.4,4.857,5191.0,999.0,0,0.0,0.0,1.0,2,7,0.0,5,5,1,1
30758,39.0,1,999,1,-1.8,92.893,-46.2,1.327,5099.1,999.0,1,1.0,1.0,0.0,2,3,0.0,4,5,1,2
30759,58.0,1,999,0,1.4,93.918,-42.7,4.963,5228.1,999.0,0,0.0,0.0,1.0,2,8,0.0,7,7,1,1
30760,31.0,5,999,0,1.4,93.918,-42.7,4.961,5228.1,999.0,0,0.0,0.0,0.0,1,6,0.0,6,7,1,1
30761,25.0,1,999,0,1.4,93.918,-42.7,4.962,5228.1,999.0,0,1.0,0.0,0.0,2,8,0.0,9,7,1,1
30762,31.0,5,999,0,-0.1,93.2,-42.0,4.12,5195.8,999.0,0,1.0,0.0,0.0,2,8,0.0,6,11,1,1
30763,31.0,3,999,0,-2.9,92.963,-40.8,1.268,5076.2,999.0,0,0.0,0.0,0.0,1,5,0.0,6,6,1,1
30764,33.0,1,999,0,-0.1,93.2,-42.0,4.076,5195.8,999.0,0,1.0,0.0,0.0,2,7,0.0,6,11,1,1
30765,42.0,1,999,0,-1.8,93.075,-47.1,1.405,5099.1,999.0,0,1.0,0.0,0.0,2,5,0.0,4,4,2,1
30766,29.0,1,999,0,1.4,94.465,-41.8,4.866,5228.1,999.0,0,1.0,0.0,1.0,3,4,0.0,7,6,1,1
30767,37.0,2,999,0,1.4,93.918,-42.7,4.963,5228.1,999.0,0,1.0,0.0,0.0,2,8,0.0,5,7,1,1
30768,58.0,3,999,0,1.1,93.994,-36.4,4.857,5191.0,999.0,0,1.0,0.0,1.0,2,5,0.0,6,5,2,1
30769,50.0,1,999,0,1.1,93.994,-36.4,4.857,5191.0,999.0,0,0.0,0.0,1.0,2,5,0.0,9,5,1,1
30770,31.0,1,999,1,-1.8,93.075,-47.1,1.365,5099.1,999.0,2,1.0,1.0,0.0,2,5,0.0,2,4,1,2
30771,52.0,5,999,0,-1.8,93.075,-47.1,1.405,5099.1,999.0,0,1.0,0.0,0.0,2,2,0.0,4,4,1,1
30772,37.0,3,999,0,-3.4,92.649,-30.1,0.722,5017.5,999.0,0,0.0,1.0,0.0,2,8,0.0,6,11,2,1
30773,42.0,1,999,0,1.4,93.918,-42.7,4.962,5228.1,999.0,0,1.0,1.0,0.0,3,5,0.0,9,7,1,1
30774,39.0,1,999,0,1.4,93.444,-36.1,4.963,5228.1,999.0,0,1.0,0.0,0.0,3,8,0.0,5,8,1,1
30775,31.0,1,999,1,-1.8,92.893,-46.2,1.313,5099.1,999.0,4,0.0,0.0,0.0,2,7,0.0,1,5,1,2
30776,41.0,1,999,1,-3.0,92.713,-33.0,0.707,5023.5,999.0,1,1.0,1.0,1.0,1,7,0.0,6,12,1,2
30777,21.0,2,999,0,-2.9,92.963,-40.8,1.268,5076.2,999.0,0,0.0,0.0,0.0,1,8,0.0,11,6,1,1
30778,32.0,2,999,0,-0.1,93.2,-42.0,4.153,5195.8,999.0,0,0.0,0.0,0.0,1,7,0.0,5,11,1,1
30779,31.0,1,999,0,1.4,93.444,-36.1,4.963,5228.1,999.0,0,0.0,0.0,0.0,1,7,0.0,6,8,1,1
30780,39.0,5,999,0,1.4,93.444,-36.1,4.964,5228.1,999.0,0,1.0,0.0,0.0,2,5,0.0,5,8,1,1
30781,29.0,2,999,0,1.1,93.994,-36.4,4.855,5191.0,999.0,0,0.0,0.0,1.0,1,4,0.0,9,5,1,1
30782,24.0,1,999,0,1.4,93.918,-42.7,4.963,5228.1,999.0,0,1.0,0.0,0.0,2,7,0.0,6,7,1,1
30783,39.0,1,999,0,1.4,93.918,-42.7,4.962,5228.1,999.0,0,1.0,0.0,0.0,2,8,0.0,6,7,1,1
30784,24.0,3,999,0,1.1,93.994,-36.4,4.857,5191.0,999.0,0,0.0,0.0,1.0,1,4,0.0,4,5,1,1
30785,31.0,1,999,0,1.4,93.918,-42.7,4.963,5228.1,999.0,0,0.0,0.0,0.0,2,8,0.0,4,7,1,1
30786,28.0,1,12,1,-1.8,92.893,-46.2,1.291,5099.1,0.4,3,0.0,0.0,0.0,2,8,0.0,5,5,1,3
30787,38.0,3,999,0,1.4,93.444,-36.1,4.966,5228.1,999.0,0,0.0,0.0,0.0,1,7,0.0,6,8,1,1
30788,34.0,1,999,1,-1.8,92.893,-46.2,1.291,5099.1,999.0,2,0.0,0.0,0.0,1,7,0.0,6,5,1,2
30789,28.0,6,999,0,1.4,94.465,-41.8,4.962,5228.1,999.0,0,1.0,1.0,1.0,1,5,0.0,11,6,1,1
30790,34.0,1,999,0,1.4,93.918,-42.7,4.963,5228.1,999.0,0,1.0,0.0,0.0,3,4,0.0,4,7,1,1
30791,42.0,6,999,0,-1.8,92.893,-46.2,1.291,5099.1,999.0,0,1.0,0.0,0.0,2,8,0.0,4,5,1,1
30792,38.0,5,999,0,1.4,93.918,-42.7,4.963,5228.1,999.0,0,1.0,0.0,0.0,2,5,0.0,4,7,1,1
30793,31.0,1,999,0,-2.9,92.963,-40.8,1.26,5076.2,999.0,0,0.0,0.0,0.0,1,7,0.0,6,6,1,1
30794,27.0,3,999,0,1.1,93.994,-36.4,4.857,5191.0,999.0,0,0.0,0.0,1.0,2,6,0.0,5,5,1,1
30795,31.0,6,999,0,1.4,93.444,-36.1,4.963,5228.1,999.0,0,0.0,0.0,0.0,3,7,0.0,6,8,1,1
30796,31.0,3,999,0,1.4,93.918,-42.7,4.962,5228.1,999.0,0,1.0,0.0,0.0,2,5,0.0,7,7,2,1
30797,34.0,2,999,1,-3.4,92.649,-30.1,0.722,5017.5,999.0,2,1.0,0.0,0.0,1,8,0.0,6,11,2,2
30798,36.0,1,999,0,1.4,93.918,-42.7,4.962,5228.1,999.0,0,0.0,1.0,0.0,1,7,0.0,6,7,1,1
30799,36.0,3,999,0,1.1,93.994,-36.4,4.86,5191.0,999.0,0,0.0,1.0,1.0,1,8,0.0,4,5,1,1
30800,59.0,1,999,0,1.1,93.994,-36.4,4.857,5191.0,999.0,0,1.0,1.0,1.0,2,6,0.0,8,5,1,1
30801,31.0,1,999,0,1.4,93.444,-36.1,4.963,5228.1,999.0,0,0.0,0.0,0.0,2,6,0.0,5,8,1,1
30802,37.0,3,999,0,1.4,94.465,-41.8,4.967,5228.1,999.0,0,0.0,0.0,1.0,2,8,0.0,4,6,1,1
30803,42.0,2,999,0,1.1,93.994,-36.4,4.856,5191.0,999.0,0,1.0,0.0,1.0,2,5,0.0,9,5,1,1
30804,31.0,1,999,0,1.4,93.444,-36.1,4.964,5228.1,999.0,0,0.0,0.0,0.0,1,7,0.0,6,8,1,1
30805,31.0,1,999,0,1.4,93.918,-42.7,4.963,5228.1,999.0,0,1.0,0.0,0.0,3,8,0.0,6,7,1,1
30806,43.0,22,999,0,1.4,93.918,-42.7,4.962,5228.1,999.0,0,1.0,0.0,0.0,2,8,0.0,6,7,2,1
30807,31.0,3,999,0,1.4,93.444,-36.1,4.965,5228.1,999.0,0,1.0,0.0,0.0,2,8,0.0,6,8,1,1
30808,53.0,1,999,0,1.4,93.918,-42.7,4.968,5228.1,999.0,0,0.0,1.0,0.0,2,8,0.0,4,7,1,1
30809,25.0,1,999,0,-1.1,94.601,-49.5,1.037,4963.6,999.0,0,1.0,0.0,1.0,1,5,0.0,11,10,1,1
30810,31.0,1,999,0,-0.1,93.2,-42.0,4.191,5195.8,999.0,0,0.0,0.0,0.0,2,7,0.0,2,11,2,1
30811,29.0,2,999,0,1.4,93.918,-42.7,4.957,5228.1,999.0,0,0.0,0.0,0.0,1,8,0.0,6,7,1,1
30812,40.0,2,999,0,1.4,94.465,-41.8,4.961,5228.1,999.0,0,0.0,0.0,1.0,2,3,0.0,4,6,2,1
30813,29.0,2,999,0,-1.8,92.893,-46.2,1.281,5099.1,999.0,0,1.0,0.0,1.0,2,4,0.0,4,5,1,1
30814,42.0,4,999,0,1.4,94.465,-41.8,4.96,5228.1,999.0,0,1.0,0.0,1.0,2,8,0.0,2,6,2,1
30815,36.0,4,999,0,1.1,93.994,-36.4,4.864,5191.0,999.0,0,0.0,0.0,1.0,2,5,0.0,9,5,1,1
30816,25.0,1,999,0,1.4,93.918,-42.7,4.962,5228.1,999.0,0,1.0,1.0,0.0,1,4,0.0,4,7,1,1
30817,45.0,1,999,0,1.1,93.994,-36.4,4.86,5191.0,999.0,0,1.0,1.0,1.0,2,4,0.0,6,5,1,1
30818,47.0,1,999,0,-0.1,93.2,-42.0,4.021,5195.8,999.0,0,0.0,0.0,0.0,2,7,0.0,6,11,1,1
30819,51.0,1,999,1,-1.8,92.893,-46.2,1.266,5099.1,999.0,3,0.0,0.0,0.0,2,8,0.0,4,5,1,2
30820,26.0,8,999,0,1.4,93.918,-42.7,4.963,5228.1,999.0,0,1.0,0.0,0.0,1,5,0.0,9,7,1,1
30821,51.0,17,999,0,1.4,94.465,-41.8,4.962,5228.1,999.0,0,0.0,0.0,1.0,2,7,0.0,3,6,1,1
30822,60.0,1,2,1,-1.8,93.075,-47.1,1.365,5099.1,0.0666666666667,2,0.0,0.0,0.0,2,5,0.0,6,4,1,3
30823,47.0,1,999,0,1.4,94.465,-41.8,4.962,5228.1,999.0,0,0.0,0.0,1.0,1,2,0.0,4,6,1,1
30824,31.0,2,999,0,1.1,93.994,-36.4,4.858,5191.0,999.0,0,0.0,0.0,1.0,1,8,0.0,6,5,1,1
30825,31.0,4,999,0,1.4,94.465,-41.8,4.961,5228.1,999.0,0,0.0,0.0,1.0,4,3,0.0,4,6,2,1
30826,34.0,1,999,0,-1.8,93.075,-47.1,1.365,5099.1,999.0,0,1.0,0.0,0.0,1,8,0.0,5,4,1,1
30827,45.0,1,999,0,1.1,93.994,-36.4,4.857,5191.0,999.0,0,1.0,0.0,1.0,2,8,0.0,3,5,1,1
30828,35.0,2,999,0,-0.1,93.2,-42.0,4.153,5195.8,999.0,0,0.0,0.0,0.0,3,8,0.0,10,11,1,1
30829,34.0,4,999,0,1.4,93.444,-36.1,4.963,5228.1,999.0,0,1.0,0.0,0.0,2,8,0.0,5,8,1,1
30830,33.0,2,999,0,1.4,94.465,-41.8,4.967,5228.1,999.0,0,0.0,0.0,1.0,2,8,0.0,5,6,1,1
30831,28.0,1,999,0,-3.4,92.649,-30.1,0.716,5017.5,999.0,0,1.0,0.0,0.0,1,7,0.0,6,11,1,1
30832,47.0,2,999,0,1.4,93.444,-36.1,4.964,5228.1,999.0,0,0.0,0.0,0.0,3,8,0.0,6,8,1,1
30833,41.0,3,999,0,-0.1,93.2,-42.0,4.021,5195.8,999.0,0,0.0,0.0,0.0,1,4,0.0,4,11,1,1
30834,31.0,1,999,0,-0.1,93.2,-42.0,4.021,5195.8,999.0,0,1.0,0.0,0.0,3,5,0.0,6,11,1,1
30835,31.0,5,999,0,1.4,93.918,-42.7,4.957,5228.1,999.0,0,1.0,0.0,0.0,2,8,0.0,5,7,1,1
30836,31.0,1,999,0,-1.8,92.893,-46.2,1.313,5099.1,999.0,0,0.0,0.0,0.0,2,8,0.0,9,5,1,1
30837,31.0,5,999,0,1.4,93.444,-36.1,4.965,5228.1,999.0,0,0.0,0.0,0.0,2,7,0.0,3,8,1,1
30838,31.0,1,999,0,1.4,93.918,-42.7,4.96,5228.1,999.0,0,1.0,1.0,0.0,2,5,0.0,6,7,2,1
30839,22.0,10,999,0,-1.8,92.893,-46.2,1.25,5099.1,999.0,0,1.0,1.0,0.0,1,8,0.0,6,5,1,1
30840,29.0,2,999,0,-1.8,92.893,-46.2,1.266,5099.1,999.0,0,0.0,0.0,0.0,2,7,0.0,1,5,1,1
30841,47.0,1,999,0,1.4,93.444,-36.1,4.965,5228.1,999.0,0,0.0,0.0,0.0,1,7,0.0,6,8,2,1
30842,31.0,18,999,0,1.4,94.465,-41.8,4.864,5228.1,999.0,0,1.0,1.0,1.0,2,8,0.0,4,6,1,1
30843,33.0,1,7,2,-1.8,93.749,-34.6,0.635,5008.7,0.233333333333,4,1.0,0.0,0.0,1,7,0.0,6,4,1,3
30844,34.0,3,999,0,1.1,93.994,-36.4,4.86,5191.0,999.0,0,1.0,0.0,1.0,1,2,0.0,11,5,1,1
30845,38.0,1,999,0,1.1,93.994,-36.4,4.857,5191.0,999.0,0,1.0,0.0,1.0,2,4,0.0,4,5,1,1
30846,31.0,2,999,0,-1.8,92.893,-46.2,1.266,5099.1,999.0,0,1.0,1.0,0.0,2,4,0.0,4,5,1,1
30847,29.0,1,999,0,-1.8,92.893,-46.2,1.299,5099.1,999.0,0,1.0,0.0,1.0,1,5,0.0,6,5,2,1
30848,48.0,3,999,0,1.4,93.444,-36.1,4.964,5228.1,999.0,0,1.0,0.0,0.0,2,4,0.0,4,8,1,1
30849,26.0,1,999,0,-2.9,92.469,-33.6,1.029,5076.2,999.0,0,1.0,0.0,0.0,1,8,0.0,6,7,1,1
30850,31.0,3,999,0,1.4,93.444,-36.1,4.968,5228.1,999.0,0,1.0,0.0,0.0,2,8,0.0,6,8,1,1
30851,38.0,2,999,0,1.4,93.444,-36.1,4.963,5228.1,999.0,0,0.0,0.0,0.0,1,8,0.0,7,8,2,1
30852,31.0,3,999,0,1.4,93.918,-42.7,4.963,5228.1,999.0,0,1.0,1.0,0.0,1,5,0.0,9,7,1,1
30853,35.0,1,999,0,1.1,93.994,-36.4,4.855,5191.0,999.0,0,1.0,1.0,1.0,2,7,0.0,7,5,1,1
30854,26.0,1,999,0,1.1,93.994,-36.4,4.858,5191.0,999.0,0,0.0,1.0,1.0,2,8,0.0,6,5,2,1
30855,31.0,2,999,0,1.1,93.994,-36.4,4.856,5191.0,999.0,0,0.0,0.0,1.0,2,5,0.0,9,5,1,1
30856,34.0,2,999,2,-1.8,93.075,-47.1,1.405,5099.1,999.0,2,1.0,0.0,0.0,2,8,0.0,6,4,1,2
30857,31.0,2,999,0,1.1,93.994,-36.4,4.858,5191.0,999.0,0,0.0,0.0,1.0,1,7,0.0,9,5,1,1
30858,47.0,2,999,0,1.4,94.465,-41.8,4.865,5228.1,999.0,0,0.0,1.0,1.0,1,7,0.0,5,6,2,1
30859,41.0,3,999,0,1.4,94.465,-41.8,4.96,5228.1,999.0,0,0.0,0.0,1.0,3,4,0.0,4,6,2,1
30860,26.0,4,999,0,1.4,93.918,-42.7,4.961,5228.1,999.0,0,0.0,0.0,0.0,2,5,0.0,10,7,1,1
30861,53.0,1,999,0,1.4,93.444,-36.1,4.964,5228.1,999.0,0,1.0,0.0,0.0,2,4,0.0,4,8,1,1
30862,27.0,5,999,0,1.4,93.918,-42.7,4.962,5228.1,999.0,0,1.0,0.0,0.0,3,6,0.0,5,7,1,1
30863,31.0,4,999,0,1.4,93.918,-42.7,4.961,5228.1,999.0,0,1.0,0.0,0.0,2,5,0.0,6,7,1,1
30864,30.0,1,999,0,1.4,93.918,-42.7,4.962,5228.1,999.0,0,0.0,0.0,0.0,1,6,0.0,5,7,1,1
30865,23.0,5,999,0,-1.8,92.893,-46.2,1.25,5099.1,999.0,0,1.0,1.0,0.0,1,6,0.0,4,5,1,1
30866,46.0,1,3,1,-1.8,93.369,-34.8,0.65,5008.7,0.1,2,0.0,0.0,1.0,2,7,0.0,6,3,1,3
30867,28.0,1,999,1,-1.8,92.893,-46.2,1.266,5099.1,999.0,1,1.0,0.0,0.0,1,8,0.0,4,5,1,2
30868,41.0,2,999,0,-1.1,94.767,-50.8,1.039,4963.6,999.0,0,1.0,0.0,0.0,2,8,0.0,5,11,2,1
30869,44.0,3,0,1,-1.7,94.027,-38.3,0.9,4991.6,0.0,6,1.0,0.0,0.0,3,3,0.0,9,8,1,3
30870,39.0,2,999,1,-1.8,93.075,-47.1,1.405,5099.1,999.0,2,0.0,0.0,0.0,3,3,0.0,9,4,1,2
30871,31.0,1,999,1,-0.1,93.2,-42.0,4.153,5195.8,999.0,1,1.0,1.0,0.0,2,7,0.0,5,11,1,2
30872,58.0,7,999,0,1.4,93.444,-36.1,4.964,5228.1,999.0,0,0.0,0.0,0.0,2,6,0.0,8,8,1,1
30873,57.0,3,999,0,1.1,93.994,-36.4,4.864,5191.0,999.0,0,0.0,0.0,1.0,2,4,0.0,4,5,1,1
30874,31.0,7,999,0,1.4,94.465,-41.8,4.864,5228.1,999.0,0,0.0,0.0,1.0,1,6,0.0,1,6,1,1
30875,49.0,1,999,0,1.4,93.444,-36.1,4.964,5228.1,999.0,0,1.0,0.0,1.0,2,2,0.0,4,8,1,1
30876,31.0,5,999,0,1.4,93.918,-42.7,4.963,5228.1,999.0,0,1.0,1.0,0.0,2,8,0.0,9,7,1,1
30877,31.0,2,999,0,1.4,94.465,-41.8,4.865,5228.1,999.0,0,1.0,1.0,1.0,2,7,0.0,3,6,2,1
30878,34.0,9,999,0,1.4,93.444,-36.1,4.963,5228.1,999.0,0,1.0,0.0,0.0,2,6,0.0,5,8,1,1
30879,31.0,2,999,0,-1.8,92.893,-46.2,1.281,5099.1,999.0,0,0.0,0.0,0.0,3,4,0.0,4,5,1,1
30880,31.0,2,999,0,1.4,93.444,-36.1,4.964,5228.1,999.0,0,0.0,1.0,0.0,1,7,0.0,5,8,1,1
30881,23.0,1,8,2,-1.1,94.199,-37.5,0.876,4963.6,0.266666666667,4,1.0,0.0,0.0,1,6,0.0,11,9,1,3
30882,27.0,1,999,1,-1.8,92.893,-46.2,1.299,5099.1,999.0,1,1.0,0.0,0.0,1,5,0.0,6,5,2,2
30883,31.0,1,999,0,-0.1,93.2,-42.0,4.021,5195.8,999.0,0,1.0,0.0,0.0,2,2,0.0,2,11,1,1
30884,31.0,1,999,0,1.1,93.994,-36.4,4.858,5191.0,999.0,0,1.0,0.0,1.0,2,8,0.0,6,5,2,1
30885,37.0,2,999,0,1.1,93.994,-36.4,4.857,5191.0,999.0,0,1.0,0.0,1.0,2,8,0.0,5,5,1,1
30886,31.0,1,999,0,1.1,93.994,-36.4,4.857,5191.0,999.0,0,1.0,0.0,1.0,2,3,0.0,9,5,1,1
30887,48.0,1,999,0,1.4,94.465,-41.8,4.961,5228.1,999.0,0,1.0,0.0,1.0,2,6,0.0,5,6,2,1
30888,36.0,2,999,0,-1.8,92.893,-46.2,1.291,5099.1,999.0,0,1.0,0.0,1.0,1,8,0.0,9,5,1,1
30889,31.0,2,999,0,-1.8,93.075,-47.1,1.453,5099.1,999.0,0,0.0,0.0,0.0,3,8,0.0,6,4,1,1
30890,32.0,2,999,0,1.4,93.444,-36.1,4.963,5228.1,999.0,0,1.0,0.0,0.0,1,8,0.0,5,8,1,1
30891,30.0,2,999,0,-0.1,93.2,-42.0,4.153,5195.8,999.0,0,1.0,1.0,0.0,2,3,0.0,9,11,1,1
30892,31.0,1,999,0,1.4,93.918,-42.7,4.96,5228.1,999.0,0,0.0,0.0,0.0,2,5,0.0,6,7,2,1
30893,31.0,2,999,0,1.4,93.444,-36.1,4.965,5228.1,999.0,0,0.0,0.0,0.0,2,8,0.0,8,8,2,1
30894,31.0,2,999,0,1.4,94.465,-41.8,4.864,5228.1,999.0,0,0.0,0.0,1.0,1,8,0.0,4,6,1,1
30895,31.0,1,999,1,-1.1,94.199,-37.5,0.881,4963.6,999.0,3,1.0,0.0,0.0,1,8,0.0,6,9,1,2
30896,34.0,10,999,0,1.4,94.465,-41.8,4.959,5228.1,999.0,0,0.0,0.0,1.0,2,8,0.0,4,6,1,1
30897,43.0,3,999,0,1.4,93.918,-42.7,4.962,5228.1,999.0,0,1.0,0.0,0.0,2,8,0.0,4,7,1,1
30898,44.0,1,999,0,1.1,93.994,-36.4,4.855,5191.0,999.0,0,1.0,0.0,1.0,3,8,0.0,5,5,1,1
30899,32.0,1,999,0,1.4,93.918,-42.7,4.963,5228.1,999.0,0,0.0,0.0,0.0,2,5,0.0,9,7,1,1
30900,31.0,1,999,0,-1.8,93.075,-47.1,1.365,5099.1,999.0,0,1.0,1.0,0.0,1,5,0.0,6,4,1,1
30901,29.0,2,999,0,1.4,94.465,-41.8,4.864,5228.1,999.0,0,1.0,0.0,1.0,2,5,0.0,6,6,1,1
30902,42.0,1,999,0,1.4,93.918,-42.7,4.958,5228.1,999.0,0,1.0,0.0,0.0,2,8,0.0,2,7,1,1
30903,27.0,2,999,0,-2.9,92.963,-40.8,1.268,5076.2,999.0,0,0.0,0.0,0.0,1,7,0.0,6,6,1,1
30904,39.0,4,999,0,1.4,94.465,-41.8,4.947,5228.1,999.0,0,1.0,0.0,1.0,1,6,0.0,5,6,2,1
30905,60.0,3,999,1,-2.9,92.201,-31.4,0.838,5076.2,999.0,6,1.0,0.0,0.0,3,6,0.0,2,8,1,2
30906,37.0,2,999,0,1.4,94.465,-41.8,4.961,5228.1,999.0,0,1.0,1.0,1.0,3,4,0.0,4,6,2,1
30907,33.0,1,999,0,-2.9,92.963,-40.8,1.262,5076.2,999.0,0,1.0,0.0,0.0,1,7,0.0,6,6,1,1
30908,31.0,1,999,0,1.1,93.994,-36.4,4.855,5191.0,999.0,0,0.0,0.0,1.0,1,7,0.0,3,5,1,1
30909,42.0,5,999,0,1.1,93.994,-36.4,4.857,5191.0,999.0,0,1.0,0.0,1.0,2,3,0.0,3,5,1,1
30910,51.0,1,999,0,1.1,93.994,-36.4,4.855,5191.0,999.0,0,0.0,0.0,1.0,2,5,0.0,4,5,1,1
30911,60.0,1,999,0,-1.8,93.075,-47.1,1.365,5099.1,999.0,0,0.0,0.0,0.0,2,5,0.0,8,4,1,1
30912,40.0,1,999,0,1.1,93.994,-36.4,4.86,5191.0,999.0,0,0.0,0.0,1.0,2,5,0.0,9,5,1,1
30913,32.0,3,999,0,1.4,93.444,-36.1,4.965,5228.1,999.0,0,1.0,1.0,0.0,1,7,0.0,6,8,1,1
30914,42.0,1,999,1,-0.1,93.2,-42.0,4.191,5195.8,999.0,3,1.0,0.0,0.0,1,5,0.0,6,11,2,2
30915,37.0,2,999,0,1.4,94.465,-41.8,4.959,5228.1,999.0,0,0.0,0.0,1.0,2,7,0.0,5,6,1,1
30916,37.0,1,999,0,-1.8,92.893,-46.2,1.244,5099.1,999.0,0,1.0,0.0,0.0,3,8,0.0,3,5,2,1
30917,29.0,2,999,0,-1.8,92.893,-46.2,1.25,5099.1,999.0,0,1.0,1.0,0.0,1,7,0.0,5,5,1,1
30918,47.0,3,999,0,1.4,94.465,-41.8,4.967,5228.1,999.0,0,1.0,0.0,1.0,3,8,0.0,6,6,1,1
30919,43.0,3,999,0,-0.1,93.2,-42.0,4.076,5195.8,999.0,0,1.0,1.0,0.0,1,6,0.0,5,11,1,1
30920,41.0,4,999,0,-1.8,92.893,-46.2,1.244,5099.1,999.0,0,0.0,0.0,0.0,1,5,0.0,6,5,2,1
30921,47.0,3,999,0,1.4,93.444,-36.1,4.966,5228.1,999.0,0,1.0,1.0,0.0,2,5,0.0,7,8,1,1
30922,33.0,1,999,0,1.4,94.465,-41.8,4.967,5228.1,999.0,0,1.0,0.0,1.0,2,8,0.0,4,6,1,1
30923,58.0,1,999,1,-0.1,93.2,-42.0,4.12,5195.8,999.0,3,1.0,0.0,0.0,3,5,0.0,3,11,1,2
30924,37.0,2,999,0,-1.8,93.075,-47.1,1.41,5099.1,999.0,0,0.0,0.0,0.0,2,6,0.0,7,4,1,1
30925,31.0,1,999,0,-1.8,92.893,-46.2,1.244,5099.1,999.0,0,1.0,0.0,0.0,3,8,0.0,6,5,2,1
30926,40.0,1,999,0,1.4,94.465,-41.8,4.958,5228.1,999.0,0,0.0,0.0,1.0,2,8,0.0,4,6,1,1
30927,53.0,1,999,0,-1.8,93.075,-47.1,1.405,5099.1,999.0,0,1.0,0.0,0.0,2,6,0.0,6,4,2,1
30928,32.0,7,999,0,-1.8,92.893,-46.2,1.299,5099.1,999.0,0,0.0,0.0,0.0,2,8,0.0,4,5,2,1
30929,26.0,1,999,0,1.1,93.994,-36.4,4.859,5191.0,999.0,0,0.0,0.0,1.0,1,4,0.0,4,5,1,1
30930,37.0,2,999,0,1.4,93.444,-36.1,4.963,5228.1,999.0,0,1.0,0.0,0.0,2,8,0.0,5,8,2,1
30931,37.0,16,999,0,1.4,94.465,-41.8,4.961,5228.1,999.0,0,0.0,0.0,1.0,2,5,0.0,6,6,1,1
30932,47.0,1,999,0,-0.1,93.2,-42.0,4.191,5195.8,999.0,0,0.0,0.0,1.0,2,4,0.0,3,11,2,1
30933,59.0,2,999,0,-1.8,93.075,-47.1,1.445,5099.1,999.0,0,1.0,0.0,0.0,2,5,0.0,6,4,1,1
30934,46.0,1,999,0,1.4,94.465,-41.8,4.864,5228.1,999.0,0,0.0,0.0,1.0,2,4,0.0,4,6,1,1
30935,52.0,1,999,0,-0.1,93.2,-42.0,4.191,5195.8,999.0,0,1.0,0.0,0.0,2,8,0.0,7,11,2,1
30936,45.0,1,999,0,1.4,94.465,-41.8,4.865,5228.1,999.0,0,0.0,0.0,1.0,1,5,0.0,4,6,2,1
30937,31.0,1,999,0,-0.1,93.2,-42.0,4.076,5195.8,999.0,0,0.0,0.0,0.0,3,2,0.0,4,11,1,1
30938,43.0,6,999,0,1.4,93.918,-42.7,4.957,5228.1,999.0,0,0.0,0.0,0.0,2,8,0.0,5,7,1,1
30939,31.0,1,999,0,1.4,94.465,-41.8,4.864,5228.1,999.0,0,1.0,0.0,1.0,1,7,0.0,6,6,1,1
30940,36.0,1,999,0,1.4,93.444,-36.1,4.965,5228.1,999.0,0,0.0,0.0,0.0,4,7,0.0,6,8,1,1
30941,23.0,2,999,1,-1.8,92.893,-46.2,1.313,5099.1,999.0,5,0.0,0.0,0.0,1,8,0.0,11,5,1,2
30942,43.0,12,999,0,1.1,93.994,-36.4,4.857,5191.0,999.0,0,0.0,1.0,1.0,2,6,0.0,4,5,1,1
30943,34.0,1,999,0,1.4,93.918,-42.7,4.962,5228.1,999.0,0,1.0,0.0,0.0,1,5,0.0,6,7,1,1
30944,53.0,3,999,0,1.1,93.994,-36.4,4.858,5191.0,999.0,0,0.0,0.0,1.0,2,8,0.0,1,5,2,1
30945,48.0,2,999,0,1.4,94.465,-41.8,4.958,5228.1,999.0,0,0.0,0.0,1.0,2,3,0.0,4,6,1,1
30946,52.0,3,3,3,-1.8,93.876,-40.0,0.684,5008.7,0.1,6,1.0,0.0,0.0,2,7,0.0,3,5,1,3
30947,38.0,2,999,0,1.4,93.444,-36.1,4.965,5228.1,999.0,0,1.0,1.0,0.0,1,7,0.0,6,8,2,1
30948,31.0,1,999,0,1.4,93.918,-42.7,4.96,5228.1,999.0,0,1.0,0.0,0.0,2,5,0.0,6,7,2,1
30949,31.0,2,999,1,-0.1,93.2,-42.0,4.153,5195.8,999.0,0,1.0,0.0,0.0,2,8,0.0,4,11,1,2
30950,63.0,4,999,0,-2.9,92.201,-31.4,0.883,5076.2,999.0,0,0.0,0.0,0.0,2,2,0.0,8,8,1,1
30951,56.0,1,999,0,1.4,93.918,-42.7,4.963,5228.1,999.0,0,1.0,1.0,0.0,2,2,0.0,4,7,1,1
30952,31.0,2,999,0,1.1,93.994,-36.4,4.857,5191.0,999.0,0,0.0,1.0,1.0,2,2,0.0,4,5,1,1
30953,30.0,2,999,0,1.1,93.994,-36.4,4.855,5191.0,999.0,0,1.0,0.0,1.0,2,5,0.0,2,5,1,1
30954,31.0,1,999,0,1.4,93.444,-36.1,4.966,5228.1,999.0,0,1.0,0.0,0.0,2,7,0.0,6,8,1,1
30955,31.0,7,999,0,1.4,94.465,-41.8,4.962,5228.1,999.0,0,0.0,0.0,1.0,1,8,0.0,4,6,1,1
30956,54.0,2,999,0,1.4,93.444,-36.1,4.964,5228.1,999.0,0,0.0,0.0,0.0,2,8,0.0,4,8,1,1
30957,45.0,1,999,0,1.4,93.444,-36.1,4.965,5228.1,999.0,0,0.0,0.0,0.0,2,7,0.0,6,8,2,1
30958,31.0,2,999,0,1.4,94.465,-41.8,4.96,5228.1,999.0,0,0.0,0.0,1.0,2,5,0.0,6,6,2,1
30959,53.0,2,999,0,-1.8,93.749,-34.6,0.64,5008.7,999.0,0,0.0,0.0,0.0,3,7,0.0,3,4,1,1
30960,25.0,3,999,0,1.1,93.994,-36.4,4.855,5191.0,999.0,0,0.0,0.0,1.0,2,6,0.0,9,5,1,1
30961,35.0,5,999,0,1.4,94.465,-41.8,4.96,5228.1,999.0,0,0.0,0.0,1.0,1,5,0.0,6,6,1,1
30962,29.0,2,999,0,-1.8,92.893,-46.2,1.281,5099.1,999.0,0,1.0,0.0,0.0,2,5,0.0,4,5,1,1
30963,27.0,3,999,0,1.1,93.994,-36.4,4.856,5191.0,999.0,0,0.0,1.0,1.0,2,5,0.0,6,5,1,1
30964,30.0,1,999,0,1.4,93.918,-42.7,4.963,5228.1,999.0,0,0.0,0.0,0.0,1,3,0.0,4,7,1,1
30965,47.0,9,999,0,-0.1,93.2,-42.0,4.076,5195.8,999.0,0,1.0,0.0,1.0,2,4,0.0,4,11,1,1
30966,31.0,1,999,0,1.1,93.994,-36.4,4.857,5191.0,999.0,0,1.0,0.0,1.0,1,6,0.0,5,5,1,1
30967,35.0,1,14,1,-1.7,94.055,-39.8,0.72,4991.6,0.466666666667,2,1.0,0.0,0.0,1,7,0.0,6,6,2,3
30968,31.0,3,999,0,1.4,94.465,-41.8,4.961,5228.1,999.0,0,0.0,1.0,1.0,2,8,0.0,4,6,1,1
30969,50.0,1,8,3,-3.4,92.431,-26.9,0.74,5017.5,0.266666666667,0,0.0,0.0,0.0,2,8,0.0,12,10,1,2
30970,36.0,4,999,0,1.4,93.918,-42.7,4.961,5228.1,999.0,0,1.0,0.0,0.0,2,3,0.0,4,7,1,1
30971,31.0,5,999,0,1.4,94.465,-41.8,4.864,5228.1,999.0,0,0.0,0.0,1.0,1,6,0.0,5,6,1,1
30972,31.0,11,999,0,1.4,94.465,-41.8,4.959,5228.1,999.0,0,1.0,0.0,1.0,2,5,0.0,2,6,1,1
30973,31.0,1,999,0,1.4,94.465,-41.8,4.961,5228.1,999.0,0,1.0,0.0,1.0,1,4,0.0,2,6,2,1
30974,31.0,3,999,0,1.4,94.465,-41.8,4.959,5228.1,999.0,0,0.0,0.0,1.0,2,7,0.0,1,6,1,1
30975,30.0,1,999,0,1.4,94.465,-41.8,4.961,5228.1,999.0,0,0.0,0.0,1.0,2,5,0.0,5,6,1,1
30976,57.0,1,999,0,1.1,93.994,-36.4,4.856,5191.0,999.0,0,1.0,0.0,1.0,2,7,0.0,8,5,1,1
30977,47.0,3,999,0,1.1,93.994,-36.4,4.864,5191.0,999.0,0,0.0,0.0,1.0,1,8,0.0,6,5,1,1
30978,33.0,2,999,1,-1.7,94.027,-38.3,0.898,4991.6,999.0,3,1.0,0.0,0.0,1,5,0.0,9,8,2,2
30979,26.0,3,999,0,1.4,93.918,-42.7,4.957,5228.1,999.0,0,1.0,0.0,0.0,1,5,0.0,9,7,1,1
30980,24.0,2,999,0,1.4,93.918,-42.7,4.957,5228.1,999.0,0,0.0,0.0,0.0,2,4,0.0,4,7,1,1
30981,25.0,1,999,0,1.4,94.465,-41.8,4.865,5228.1,999.0,0,0.0,0.0,1.0,2,8,0.0,6,6,1,1
30982,31.0,1,999,0,1.1,93.994,-36.4,4.856,5191.0,999.0,0,1.0,0.0,1.0,2,8,0.0,9,5,1,1
30983,31.0,1,999,0,-1.8,93.075,-47.1,1.405,5099.1,999.0,0,0.0,0.0,0.0,1,6,0.0,5,4,2,1
30984,57.0,1,999,0,1.1,93.994,-36.4,4.857,5191.0,999.0,0,0.0,0.0,1.0,4,2,0.0,8,5,1,1
30985,38.0,2,999,0,1.1,93.994,-36.4,4.858,5191.0,999.0,0,1.0,0.0,1.0,1,2,0.0,4,5,2,1
30986,45.0,1,999,0,-1.8,92.893,-46.2,1.281,5099.1,999.0,0,1.0,0.0,0.0,1,2,0.0,4,5,1,1
30987,53.0,1,999,0,-0.1,93.2,-42.0,4.153,5195.8,999.0,0,1.0,0.0,0.0,3,5,0.0,9,11,1,1
30988,42.0,11,999,0,1.4,93.444,-36.1,4.965,5228.1,999.0,0,0.0,0.0,0.0,1,7,0.0,6,8,2,1
30989,43.0,2,999,0,1.1,93.994,-36.4,4.864,5191.0,999.0,0,0.0,0.0,1.0,2,8,0.0,3,5,1,1
30990,75.0,1,999,0,-1.8,92.843,-50.0,1.56,5099.1,999.0,0,0.0,0.0,0.0,3,8,0.0,8,3,1,1
30991,41.0,3,999,0,1.4,93.444,-36.1,4.97,5228.1,999.0,0,1.0,0.0,0.0,3,6,0.0,5,8,1,1
30992,40.0,3,999,0,-0.1,93.2,-42.0,4.076,5195.8,999.0,0,1.0,1.0,0.0,2,7,0.0,1,11,1,1
30993,52.0,1,999,0,-1.8,92.893,-46.2,1.25,5099.1,999.0,0,1.0,0.0,0.0,3,7,0.0,1,5,1,1
30994,36.0,2,999,0,-1.8,92.893,-46.2,1.327,5099.1,999.0,0,0.0,0.0,0.0,2,5,0.0,9,5,1,1
30995,31.0,2,999,0,1.4,93.918,-42.7,4.961,5228.1,999.0,0,1.0,0.0,0.0,3,7,0.0,8,7,1,1
30996,31.0,1,999,0,1.4,93.918,-42.7,4.96,5228.1,999.0,0,1.0,0.0,0.0,2,5,0.0,4,7,1,1
30997,37.0,2,999,0,1.4,93.918,-42.7,4.957,5228.1,999.0,0,1.0,0.0,0.0,1,7,0.0,5,7,1,1
30998,36.0,2,999,0,1.4,93.918,-42.7,4.963,5228.1,999.0,0,0.0,0.0,0.0,3,5,0.0,9,7,1,1
30999,31.0,1,999,0,1.4,93.918,-42.7,4.963,5228.1,999.0,0,1.0,0.0,0.0,2,7,0.0,1,7,1,1
31000,47.0,2,999,1,-1.8,93.075,-47.1,1.405,5099.1,999.0,3,0.0,1.0,0.0,3,8,0.0,5,4,1,2
31001,39.0,1,999,0,-1.8,92.893,-46.2,1.334,5099.1,999.0,0,1.0,0.0,0.0,2,4,0.0,4,5,1,1
31002,31.0,1,999,0,1.1,93.994,-36.4,4.859,5191.0,999.0,0,1.0,0.0,1.0,3,5,0.0,9,5,1,1
31003,36.0,5,999,0,1.1,93.994,-36.4,4.86,5191.0,999.0,0,1.0,0.0,1.0,3,5,0.0,6,5,1,1
31004,51.0,4,999,0,1.4,93.444,-36.1,4.966,5228.1,999.0,0,1.0,0.0,0.0,2,8,0.0,9,8,1,1
31005,29.0,5,999,0,-1.8,92.893,-46.2,1.291,5099.1,999.0,0,1.0,0.0,0.0,1,8,0.0,6,5,1,1
31006,31.0,1,999,0,-3.4,92.649,-30.1,0.722,5017.5,999.0,0,0.0,0.0,0.0,1,8,0.0,6,11,2,1
31007,46.0,1,999,0,-1.7,94.215,-40.3,0.797,4991.6,999.0,0,1.0,0.0,0.0,2,5,0.0,6,7,1,1
31008,36.0,2,6,2,-2.9,92.201,-31.4,0.879,5076.2,0.2,6,0.0,1.0,0.0,3,8,0.0,6,8,1,3
31009,36.0,1,999,0,1.1,93.994,-36.4,4.857,5191.0,999.0,0,1.0,0.0,1.0,2,7,0.0,3,5,1,1
31010,29.0,1,999,0,-1.8,92.893,-46.2,1.266,5099.1,999.0,0,0.0,0.0,0.0,2,4,0.0,4,5,1,1
31011,39.0,2,999,0,-1.8,93.075,-47.1,1.483,5099.1,999.0,0,0.0,0.0,0.0,1,4,0.0,4,4,1,1
31012,31.0,2,999,0,1.4,94.465,-41.8,4.967,5228.1,999.0,0,1.0,0.0,1.0,2,6,0.0,8,6,1,1
31013,31.0,1,999,0,1.1,93.994,-36.4,4.856,5191.0,999.0,0,0.0,0.0,1.0,1,7,0.0,6,5,1,1
31014,27.0,1,9,2,-1.8,93.369,-34.8,0.646,5008.7,0.3,2,1.0,1.0,0.0,1,8,0.0,9,3,1,2
31015,37.0,1,999,0,1.1,93.994,-36.4,4.858,5191.0,999.0,0,1.0,1.0,1.0,2,5,0.0,2,5,1,1
31016,31.0,1,999,0,1.4,93.444,-36.1,4.964,5228.1,999.0,0,0.0,0.0,0.0,2,3,0.0,2,8,1,1
31017,52.0,1,999,0,-2.9,92.963,-40.8,1.266,5076.2,999.0,0,1.0,0.0,0.0,1,7,0.0,6,6,1,1
31018,58.0,5,999,0,-3.4,92.649,-30.1,0.719,5017.5,999.0,0,1.0,0.0,0.0,2,2,0.0,3,11,1,1
31019,78.0,1,3,1,-3.4,92.649,-30.1,0.714,5017.5,0.1,2,1.0,0.0,0.0,3,2,0.0,8,11,1,3
31020,27.0,1,999,0,1.4,93.918,-42.7,4.963,5228.1,999.0,0,1.0,0.0,0.0,1,5,0.0,4,7,1,1
31021,48.0,1,999,0,-1.8,92.893,-46.2,1.334,5099.1,999.0,0,1.0,0.0,0.0,2,8,0.0,5,5,1,1
31022,47.0,5,999,0,1.4,93.918,-42.7,4.961,5228.1,999.0,0,1.0,0.0,0.0,1,8,0.0,4,7,1,1
31023,51.0,4,999,0,1.4,93.918,-42.7,4.962,5228.1,999.0,0,1.0,0.0,1.0,2,2,0.0,2,7,1,1
31024,50.0,1,999,1,-0.1,93.2,-42.0,4.153,5195.8,999.0,6,1.0,0.0,0.0,2,2,0.0,3,11,1,2
31025,31.0,1,999,0,1.4,94.465,-41.8,4.96,5228.1,999.0,0,0.0,1.0,1.0,2,8,0.0,3,6,2,1
31026,50.0,1,999,0,1.1,93.994,-36.4,4.859,5191.0,999.0,0,0.0,0.0,1.0,2,5,0.0,6,5,1,1
31027,27.0,12,999,0,-1.8,92.843,-50.0,1.531,5099.1,999.0,0,1.0,0.0,0.0,2,5,0.0,2,3,1,1
31028,46.0,2,999,0,1.1,93.994,-36.4,4.86,5191.0,999.0,0,1.0,0.0,1.0,2,8,0.0,6,5,1,1
31029,33.0,1,999,0,1.1,93.994,-36.4,4.857,5191.0,999.0,0,1.0,1.0,1.0,2,4,0.0,6,5,1,1
31030,30.0,4,999,0,-1.8,92.893,-46.2,1.354,5099.1,999.0,0,0.0,0.0,0.0,2,7,0.0,1,5,2,1
31031,29.0,2,3,1,-1.8,92.893,-46.2,1.266,5099.1,0.1,1,0.0,1.0,0.0,1,7,0.0,6,5,1,3
31032,31.0,1,999,0,-1.8,92.893,-46.2,1.281,5099.1,999.0,0,0.0,0.0,0.0,1,4,0.0,4,5,1,1
31033,33.0,1,999,0,1.4,93.918,-42.7,4.961,5228.1,999.0,0,1.0,0.0,0.0,2,3,0.0,4,7,1,1
31034,35.0,1,999,0,-1.8,92.893,-46.2,1.281,5099.1,999.0,0,0.0,0.0,0.0,3,5,0.0,6,5,1,1
31035,31.0,4,999,0,1.4,93.444,-36.1,4.967,5228.1,999.0,0,1.0,0.0,0.0,2,2,0.0,1,8,1,1
31036,31.0,1,999,0,1.1,93.994,-36.4,4.857,5191.0,999.0,0,0.0,0.0,1.0,2,8,0.0,4,5,1,1
31037,26.0,1,999,0,1.1,93.994,-36.4,4.864,5191.0,999.0,0,0.0,0.0,1.0,2,8,0.0,5,5,1,1
31038,31.0,1,999,0,1.4,94.465,-41.8,4.866,5228.1,999.0,0,1.0,0.0,1.0,3,8,0.0,9,6,1,1
31039,37.0,1,2,1,-1.8,93.075,-47.1,1.365,5099.1,0.0666666666667,0,1.0,0.0,0.0,2,5,0.0,6,4,1,3
31040,31.0,8,999,0,1.1,93.994,-36.4,4.859,5191.0,999.0,0,1.0,0.0,1.0,2,7,0.0,3,5,1,1
31041,51.0,1,999,0,-0.1,93.2,-42.0,4.191,5195.8,999.0,0,1.0,0.0,0.0,2,8,0.0,6,11,2,1
31042,31.0,3,999,0,1.4,93.918,-42.7,4.961,5228.1,999.0,0,0.0,0.0,0.0,1,8,0.0,4,7,1,1
31043,31.0,1,999,0,-1.7,94.027,-38.3,0.886,4991.6,999.0,0,0.0,0.0,0.0,1,8,0.0,6,8,1,1
31044,53.0,2,999,0,1.4,93.444,-36.1,4.964,5228.1,999.0,0,0.0,0.0,0.0,2,7,0.0,3,8,1,1
31045,33.0,1,999,0,-1.8,93.749,-34.6,0.642,5008.7,999.0,0,1.0,0.0,0.0,1,7,0.0,6,4,2,1
31046,36.0,4,999,1,-1.8,92.893,-46.2,1.25,5099.1,999.0,1,0.0,0.0,0.0,3,7,0.0,9,5,1,2
31047,31.0,4,999,0,1.1,93.994,-36.4,4.859,5191.0,999.0,0,0.0,1.0,1.0,2,5,0.0,9,5,1,1
31048,50.0,1,999,0,-1.8,92.893,-46.2,1.299,5099.1,999.0,0,1.0,0.0,0.0,3,8,0.0,4,5,2,1
31049,58.0,1,999,0,-1.8,92.893,-46.2,1.334,5099.1,999.0,0,1.0,0.0,0.0,2,6,0.0,8,5,1,1
31050,31.0,2,999,0,1.4,93.444,-36.1,4.963,5228.1,999.0,0,0.0,1.0,0.0,1,7,0.0,6,8,1,1
31051,39.0,1,999,0,1.4,94.465,-41.8,4.958,5228.1,999.0,0,1.0,0.0,1.0,2,4,0.0,5,6,1,1
31052,59.0,2,999,0,1.4,93.444,-36.1,4.965,5228.1,999.0,0,1.0,0.0,0.0,2,8,0.0,3,8,1,1
31053,54.0,1,999,0,-3.4,92.431,-26.9,0.722,5017.5,999.0,0,0.0,0.0,0.0,2,2,0.0,8,10,1,1
31054,44.0,1,999,0,1.1,93.994,-36.4,4.856,5191.0,999.0,0,1.0,0.0,1.0,2,6,0.0,5,5,1,1
31055,31.0,1,999,0,1.4,94.465,-41.8,4.864,5228.1,999.0,0,1.0,0.0,1.0,2,4,0.0,4,6,1,1
31056,32.0,2,999,0,-1.8,92.893,-46.2,1.244,5099.1,999.0,0,1.0,0.0,0.0,2,8,0.0,6,5,2,1
31057,31.0,3,999,0,1.1,93.994,-36.4,4.857,5191.0,999.0,0,0.0,0.0,1.0,1,8,0.0,10,5,1,1
31058,31.0,4,999,0,-1.8,92.893,-46.2,1.291,5099.1,999.0,0,1.0,0.0,0.0,2,6,0.0,5,5,1,1
31059,66.0,1,1,1,-3.4,92.379,-29.8,0.788,5017.5,0.0333333333333,4,0.0,0.0,0.0,3,7,0.0,3,9,1,3
31060,31.0,2,999,1,-1.8,92.893,-46.2,1.291,5099.1,999.0,3,1.0,0.0,0.0,1,4,0.0,9,5,1,2
31061,50.0,8,999,0,1.4,93.444,-36.1,4.966,5228.1,999.0,0,1.0,0.0,0.0,2,7,0.0,6,8,1,1
31062,33.0,2,999,0,1.4,93.918,-42.7,4.962,5228.1,999.0,0,1.0,0.0,1.0,2,8,0.0,7,7,2,1
31063,31.0,1,999,0,1.4,93.918,-42.7,4.961,5228.1,999.0,0,0.0,0.0,0.0,1,8,0.0,6,7,1,1
31064,31.0,2,999,0,-0.1,93.2,-42.0,4.12,5195.8,999.0,0,1.0,0.0,0.0,2,7,0.0,3,11,1,1
31065,38.0,3,999,0,-0.1,93.2,-42.0,4.076,5195.8,999.0,0,1.0,0.0,1.0,3,5,0.0,3,11,1,1
31066,31.0,5,999,0,1.4,93.444,-36.1,4.962,5228.1,999.0,0,0.0,0.0,0.0,1,7,0.0,6,8,1,1
31067,33.0,2,999,0,1.4,93.918,-42.7,4.963,5228.1,999.0,0,1.0,0.0,0.0,2,5,0.0,6,7,1,1
31068,53.0,3,999,0,1.1,93.994,-36.4,4.857,5191.0,999.0,0,1.0,1.0,1.0,2,5,0.0,9,5,2,1
31069,46.0,1,999,0,1.1,93.994,-36.4,4.856,5191.0,999.0,0,0.0,0.0,1.0,3,7,0.0,6,5,1,1
31070,38.0,1,999,1,-1.8,92.893,-46.2,1.291,5099.1,999.0,0,0.0,1.0,0.0,1,4,0.0,9,5,1,2
31071,47.0,2,999,0,1.4,93.444,-36.1,4.968,5228.1,999.0,0,1.0,0.0,0.0,2,8,0.0,4,8,1,1
31072,32.0,2,999,0,1.4,93.444,-36.1,4.966,5228.1,999.0,0,1.0,0.0,0.0,2,7,0.0,5,8,1,1
31073,49.0,1,999,0,1.4,94.465,-41.8,4.959,5228.1,999.0,0,1.0,1.0,1.0,3,8,0.0,5,6,1,1
31074,45.0,2,999,0,-1.8,92.893,-46.2,1.266,5099.1,999.0,0,0.0,0.0,0.0,2,8,0.0,6,5,1,1
31075,46.0,5,999,0,1.1,93.994,-36.4,4.86,5191.0,999.0,0,0.0,0.0,1.0,2,7,0.0,6,5,1,1
31076,31.0,3,999,0,-1.8,92.893,-46.2,1.27,5099.1,999.0,0,0.0,0.0,0.0,1,5,0.0,11,5,1,1
31077,38.0,2,999,0,1.1,93.994,-36.4,4.858,5191.0,999.0,0,1.0,0.0,1.0,1,8,0.0,6,5,2,1
31078,35.0,1,999,0,-1.8,92.893,-46.2,1.327,5099.1,999.0,0,1.0,0.0,0.0,1,8,0.0,6,5,1,1
31079,31.0,1,999,0,1.4,93.918,-42.7,4.963,5228.1,999.0,0,1.0,0.0,0.0,1,8,0.0,6,7,1,1
31080,36.0,2,999,0,-2.9,92.201,-31.4,0.884,5076.2,999.0,0,0.0,0.0,0.0,2,8,0.0,3,8,2,1
31081,44.0,2,999,0,1.4,93.444,-36.1,4.97,5228.1,999.0,0,1.0,0.0,0.0,3,5,0.0,6,8,2,1
31082,31.0,2,999,0,1.1,93.994,-36.4,4.858,5191.0,999.0,0,0.0,0.0,1.0,2,8,0.0,4,5,1,1
31083,42.0,1,7,1,-3.4,92.431,-26.9,0.735,5017.5,0.233333333333,1,1.0,0.0,0.0,2,6,0.0,4,10,1,3
31084,31.0,2,999,0,-1.8,92.893,-46.2,1.344,5099.1,999.0,0,0.0,0.0,0.0,2,8,0.0,4,5,1,1
31085,31.0,2,999,1,-0.1,93.2,-42.0,4.12,5195.8,999.0,0,1.0,0.0,0.0,1,8,0.0,6,11,1,2
31086,37.0,1,999,1,-1.1,94.199,-37.5,0.878,4963.6,999.0,4,1.0,0.0,0.0,2,8,0.0,6,9,1,2
31087,57.0,4,999,0,1.4,93.918,-42.7,4.957,5228.1,999.0,0,0.0,0.0,0.0,3,2,0.0,8,7,1,1
31088,49.0,2,999,0,-2.9,92.201,-31.4,0.838,5076.2,999.0,0,0.0,0.0,0.0,3,5,0.0,5,8,1,1
31089,36.0,1,999,0,-1.8,93.369,-34.8,0.655,5008.7,999.0,0,0.0,0.0,1.0,1,7,0.0,3,3,1,1
31090,36.0,1,999,0,1.4,93.444,-36.1,4.966,5228.1,999.0,0,1.0,0.0,0.0,2,7,0.0,6,8,1,1
31091,31.0,1,999,1,-1.8,93.075,-47.1,1.483,5099.1,999.0,3,0.0,1.0,0.0,1,8,0.0,4,4,1,2
31092,57.0,2,999,0,-1.8,93.075,-47.1,1.405,5099.1,999.0,0,1.0,0.0,0.0,2,5,0.0,9,4,2,1
31093,31.0,1,999,0,1.4,93.918,-42.7,4.961,5228.1,999.0,0,1.0,0.0,0.0,1,5,0.0,6,7,1,1
31094,31.0,2,999,0,1.4,93.444,-36.1,4.964,5228.1,999.0,0,0.0,0.0,0.0,2,7,0.0,5,8,1,1
31095,29.0,2,999,0,1.1,93.994,-36.4,4.856,5191.0,999.0,0,0.0,0.0,1.0,2,6,0.0,5,5,1,1
31096,31.0,2,999,0,-1.1,94.767,-50.8,1.03,4963.6,999.0,0,0.0,0.0,0.0,2,8,0.0,7,11,1,1
31097,59.0,3,999,0,1.1,93.994,-36.4,4.857,5191.0,999.0,0,0.0,0.0,1.0,2,8,0.0,12,5,2,1
31098,49.0,3,999,1,-1.8,92.893,-46.2,1.344,5099.1,999.0,3,1.0,1.0,0.0,2,5,0.0,7,5,1,2
31099,42.0,3,999,0,1.1,93.994,-36.4,4.864,5191.0,999.0,0,1.0,0.0,1.0,1,2,0.0,2,5,1,1
31100,32.0,1,999,0,1.4,93.444,-36.1,4.963,5228.1,999.0,0,1.0,1.0,0.0,3,7,0.0,6,8,1,1
31101,31.0,1,999,0,1.1,93.994,-36.4,4.855,5191.0,999.0,0,0.0,0.0,1.0,1,8,0.0,4,5,1,1
31102,31.0,5,999,1,-1.8,92.893,-46.2,1.327,5099.1,999.0,5,1.0,1.0,0.0,3,5,0.0,8,5,1,2
31103,36.0,2,999,0,1.4,94.465,-41.8,4.866,5228.1,999.0,0,1.0,0.0,1.0,2,5,0.0,6,6,1,1
31104,26.0,4,6,2,-1.8,93.749,-34.6,0.644,5008.7,0.2,6,1.0,1.0,0.0,1,7,0.0,6,4,1,3
31105,40.0,4,999,0,1.4,94.465,-41.8,4.967,5228.1,999.0,0,0.0,0.0,1.0,2,8,0.0,5,6,1,1
31106,33.0,1,999,1,-1.8,92.893,-46.2,1.313,5099.1,999.0,2,1.0,0.0,0.0,1,5,0.0,9,5,1,2
31107,50.0,2,999,0,1.4,93.444,-36.1,4.965,5228.1,999.0,0,0.0,0.0,0.0,2,8,0.0,5,8,2,1
31108,31.0,1,999,0,1.4,93.444,-36.1,4.968,5228.1,999.0,0,1.0,0.0,0.0,2,8,0.0,1,8,1,1
31109,31.0,3,999,0,-1.8,93.075,-47.1,1.405,5099.1,999.0,0,0.0,0.0,0.0,1,5,0.0,6,4,2,1
31110,52.0,1,999,0,1.4,94.465,-41.8,4.959,5228.1,999.0,0,1.0,0.0,1.0,3,3,0.0,6,6,1,1
31111,31.0,1,999,1,-1.7,94.027,-38.3,0.899,4991.6,999.0,0,0.0,0.0,0.0,2,8,0.0,8,8,1,2
31112,23.0,1,999,0,-1.8,92.893,-46.2,1.299,5099.1,999.0,0,0.0,0.0,0.0,1,4,0.0,4,5,1,1
31113,31.0,1,999,1,-0.1,93.2,-42.0,4.153,5195.8,999.0,3,1.0,1.0,0.0,2,7,0.0,3,11,1,2
31114,29.0,1,999,0,1.4,93.444,-36.1,4.963,5228.1,999.0,0,1.0,0.0,0.0,1,5,0.0,5,8,1,1
31115,41.0,1,999,0,-1.8,93.075,-47.1,1.445,5099.1,999.0,0,1.0,0.0,0.0,2,2,0.0,4,4,1,1
31116,31.0,1,999,0,1.4,93.918,-42.7,4.961,5228.1,999.0,0,1.0,1.0,0.0,1,8,0.0,6,7,1,1
31117,31.0,2,999,0,1.4,93.444,-36.1,4.964,5228.1,999.0,0,0.0,1.0,0.0,1,8,0.0,6,8,1,1
31118,44.0,6,999,0,1.4,93.918,-42.7,4.961,5228.1,999.0,0,0.0,1.0,0.0,1,8,0.0,11,7,1,1
31119,57.0,6,999,0,1.4,93.444,-36.1,4.964,5228.1,999.0,0,0.0,0.0,0.0,2,5,0.0,8,8,1,1
31120,39.0,2,999,0,1.1,93.994,-36.4,4.855,5191.0,999.0,0,0.0,0.0,1.0,2,6,0.0,5,5,1,1
31121,31.0,2,999,0,-0.1,93.2,-42.0,4.021,5195.8,999.0,0,1.0,0.0,0.0,1,5,0.0,6,11,1,1
31122,31.0,3,999,0,1.4,93.918,-42.7,4.961,5228.1,999.0,0,0.0,0.0,0.0,1,6,0.0,5,7,1,1
31123,51.0,1,999,0,1.4,93.918,-42.7,4.962,5228.1,999.0,0,1.0,0.0,0.0,2,8,0.0,3,7,1,1
31124,26.0,1,999,0,-1.8,92.893,-46.2,1.27,5099.1,999.0,0,0.0,0.0,0.0,1,7,0.0,1,5,1,1
31125,31.0,1,999,0,-1.1,94.199,-37.5,0.879,4963.6,999.0,0,1.0,0.0,1.0,1,8,0.0,11,9,2,1
31126,31.0,1,999,0,-1.8,92.893,-46.2,1.27,5099.1,999.0,0,1.0,1.0,0.0,2,8,0.0,6,5,1,1
31127,31.0,1,999,0,1.1,93.994,-36.4,4.856,5191.0,999.0,0,0.0,0.0,1.0,2,8,0.0,4,5,1,1
31128,31.0,3,999,0,1.4,93.444,-36.1,4.964,5228.1,999.0,0,1.0,0.0,0.0,2,5,0.0,5,8,1,1
31129,31.0,4,999,1,-1.8,92.893,-46.2,1.244,5099.1,999.0,2,1.0,0.0,0.0,1,7,0.0,3,5,1,2
31130,31.0,7,999,0,1.4,93.918,-42.7,4.968,5228.1,999.0,0,1.0,0.0,0.0,1,7,0.0,6,7,1,1
31131,46.0,4,999,0,1.4,93.918,-42.7,4.968,5228.1,999.0,0,0.0,0.0,0.0,2,4,0.0,9,7,1,1
31132,40.0,1,999,0,1.1,93.994,-36.4,4.857,5191.0,999.0,0,0.0,0.0,1.0,2,8,0.0,4,5,2,1
31133,46.0,2,999,0,1.1,93.994,-36.4,4.86,5191.0,999.0,0,0.0,0.0,1.0,2,7,0.0,6,5,1,1
31134,31.0,3,999,0,1.4,93.918,-42.7,4.963,5228.1,999.0,0,0.0,0.0,0.0,2,4,0.0,5,7,1,1
31135,33.0,1,999,0,1.1,93.994,-36.4,4.857,5191.0,999.0,0,1.0,1.0,1.0,2,7,0.0,1,5,1,1
31136,58.0,1,999,0,-1.8,93.075,-47.1,1.445,5099.1,999.0,0,1.0,1.0,0.0,2,7,0.0,8,4,1,1
31137,31.0,1,999,0,-2.9,92.201,-31.4,0.883,5076.2,999.0,0,0.0,0.0,0.0,2,5,0.0,8,8,1,1
31138,31.0,1,999,0,1.4,93.918,-42.7,4.962,5228.1,999.0,0,0.0,0.0,0.0,2,8,0.0,2,7,1,1
31139,42.0,2,999,1,-1.8,92.893,-46.2,1.25,5099.1,999.0,4,1.0,0.0,0.0,2,8,0.0,6,5,1,2
31140,30.0,7,999,0,1.4,93.918,-42.7,4.963,5228.1,999.0,0,1.0,0.0,0.0,1,5,0.0,4,7,1,1
31141,33.0,1,999,1,-0.1,93.2,-42.0,4.076,5195.8,999.0,2,1.0,0.0,0.0,1,7,0.0,10,11,1,2
31142,38.0,3,999,0,1.4,93.918,-42.7,4.957,5228.1,999.0,0,1.0,0.0,0.0,2,4,0.0,7,7,1,1
31143,31.0,2,999,0,-0.1,93.2,-42.0,4.076,5195.8,999.0,0,1.0,0.0,0.0,2,8,0.0,4,11,1,1
31144,60.0,1,999,1,-3.4,92.431,-26.9,0.74,5017.5,999.0,4,1.0,0.0,0.0,2,8,0.0,6,10,1,2
31145,52.0,7,999,0,1.4,93.918,-42.7,4.96,5228.1,999.0,0,1.0,0.0,0.0,2,8,0.0,10,7,2,1
31146,28.0,1,999,0,-1.8,93.075,-47.1,1.365,5099.1,999.0,0,1.0,1.0,0.0,1,7,0.0,6,4,1,1
31147,36.0,2,999,1,-1.8,92.893,-46.2,1.266,5099.1,999.0,3,1.0,1.0,0.0,2,3,0.0,4,5,1,2
31148,56.0,3,999,0,-0.1,93.2,-42.0,4.12,5195.8,999.0,0,0.0,0.0,0.0,3,7,0.0,3,11,1,1
31149,37.0,2,999,0,1.1,93.994,-36.4,4.858,5191.0,999.0,0,0.0,0.0,1.0,2,7,0.0,3,5,1,1
31150,56.0,1,3,1,-2.9,92.963,-40.8,1.266,5076.2,0.1,3,1.0,0.0,0.0,3,7,0.0,8,6,2,3
31151,47.0,1,999,0,-1.8,92.893,-46.2,1.299,5099.1,999.0,0,1.0,0.0,0.0,2,2,0.0,4,5,2,1
31152,53.0,2,6,1,-1.8,93.075,-47.1,1.405,5099.1,0.2,3,1.0,0.0,0.0,2,7,0.0,6,4,1,3
31153,58.0,1,999,0,1.4,93.918,-42.7,4.961,5228.1,999.0,0,0.0,0.0,0.0,2,8,0.0,8,7,1,1
31154,31.0,1,999,0,1.4,93.918,-42.7,4.963,5228.1,999.0,0,0.0,1.0,0.0,2,8,0.0,5,7,1,1
31155,20.0,1,999,0,-1.8,92.893,-46.2,1.27,5099.1,999.0,0,1.0,0.0,0.0,1,5,0.0,11,5,1,1
31156,29.0,3,999,0,1.4,93.444,-36.1,4.964,5228.1,999.0,0,1.0,0.0,0.0,1,5,0.0,5,8,1,1
31157,32.0,4,999,0,-0.1,93.2,-42.0,4.076,5195.8,999.0,0,0.0,0.0,0.0,2,8,0.0,6,11,1,1
31158,31.0,2,999,0,-2.9,92.201,-31.4,0.861,5076.2,999.0,0,1.0,1.0,0.0,2,5,0.0,8,8,2,1
31159,59.0,2,999,0,-1.8,93.075,-47.1,1.405,5099.1,999.0,0,1.0,0.0,0.0,2,8,0.0,1,4,2,1
31160,57.0,1,999,0,1.4,93.918,-42.7,4.957,5228.1,999.0,0,0.0,0.0,0.0,2,5,0.0,4,7,1,1
31161,38.0,1,999,0,-0.1,93.2,-42.0,4.076,5195.8,999.0,0,1.0,0.0,0.0,2,6,0.0,1,11,1,1
31162,49.0,3,999,0,-0.1,93.2,-42.0,4.021,5195.8,999.0,0,1.0,0.0,0.0,2,8,0.0,5,11,1,1
31163,31.0,3,999,1,-3.4,92.649,-30.1,0.714,5017.5,999.0,2,0.0,0.0,1.0,1,8,0.0,6,11,1,2
31164,40.0,2,999,0,1.4,93.444,-36.1,4.963,5228.1,999.0,0,0.0,0.0,0.0,2,8,0.0,1,8,1,1
31165,27.0,2,3,3,-1.7,94.055,-39.8,0.737,4991.6,0.1,9,0.0,0.0,0.0,1,6,0.0,5,6,1,3
31166,34.0,1,999,2,-1.8,93.075,-47.1,1.405,5099.1,999.0,2,0.0,0.0,0.0,1,8,0.0,9,4,1,2
31167,31.0,2,999,0,1.4,94.465,-41.8,4.959,5228.1,999.0,0,1.0,1.0,1.0,2,8,0.0,4,6,1,1
31168,41.0,5,999,0,1.4,93.918,-42.7,4.963,5228.1,999.0,0,0.0,0.0,0.0,3,6,0.0,7,7,1,1
31169,31.0,1,999,1,-0.1,93.2,-42.0,4.12,5195.8,999.0,4,0.0,0.0,0.0,1,2,0.0,1,11,1,2
31170,48.0,1,999,1,-1.8,92.893,-46.2,1.259,5099.1,999.0,1,1.0,0.0,0.0,2,7,0.0,7,5,1,2
31171,49.0,1,999,1,-1.8,93.075,-47.1,1.41,5099.1,999.0,3,0.0,0.0,0.0,2,8,0.0,3,4,1,2
31172,31.0,1,999,0,1.4,93.444,-36.1,4.967,5228.1,999.0,0,0.0,0.0,0.0,3,7,0.0,6,8,1,1
31173,46.0,1,999,0,-1.8,92.893,-46.2,1.264,5099.1,999.0,0,1.0,0.0,0.0,1,8,0.0,6,5,1,1
31174,31.0,2,999,0,-1.8,93.075,-47.1,1.405,5099.1,999.0,0,0.0,0.0,0.0,1,8,0.0,3,4,2,1
31175,38.0,2,999,0,1.1,93.994,-36.4,4.855,5191.0,999.0,0,1.0,0.0,1.0,2,8,0.0,6,5,1,1
31176,49.0,1,999,0,1.1,93.994,-36.4,4.857,5191.0,999.0,0,0.0,0.0,1.0,2,3,0.0,4,5,1,1
31177,35.0,2,999,0,1.1,93.994,-36.4,4.857,5191.0,999.0,0,1.0,0.0,1.0,2,8,0.0,4,5,2,1
31178,30.0,2,999,0,-0.1,93.2,-42.0,4.12,5195.8,999.0,0,0.0,0.0,0.0,3,5,0.0,6,11,1,1
31179,46.0,4,999,0,1.4,93.444,-36.1,4.965,5228.1,999.0,0,0.0,1.0,0.0,2,7,0.0,6,8,2,1
31180,60.0,1,999,0,1.4,93.918,-42.7,4.957,5228.1,999.0,0,1.0,0.0,0.0,3,5,0.0,6,7,1,1
31181,33.0,1,999,0,-1.8,92.893,-46.2,1.244,5099.1,999.0,0,0.0,0.0,0.0,1,5,0.0,4,5,2,1
31182,30.0,3,999,0,1.4,93.444,-36.1,4.965,5228.1,999.0,0,1.0,0.0,0.0,3,6,0.0,5,8,1,1
31183,29.0,1,999,0,1.4,93.918,-42.7,4.963,5228.1,999.0,0,0.0,0.0,0.0,3,8,0.0,6,7,1,1
31184,31.0,2,999,0,1.1,93.994,-36.4,4.856,5191.0,999.0,0,1.0,0.0,1.0,2,5,0.0,5,5,1,1
31185,58.0,2,999,0,-0.1,93.2,-42.0,4.076,5195.8,999.0,0,0.0,0.0,0.0,2,8,0.0,5,11,1,1
31186,43.0,3,999,0,1.4,93.918,-42.7,4.962,5228.1,999.0,0,0.0,1.0,0.0,2,8,0.0,7,7,1,1
31187,46.0,3,999,0,1.4,93.444,-36.1,4.967,5228.1,999.0,0,1.0,1.0,0.0,2,4,0.0,1,8,1,1
31188,55.0,3,999,0,1.4,94.465,-41.8,4.865,5228.1,999.0,0,0.0,0.0,1.0,2,4,0.0,5,6,2,1
31189,56.0,1,999,0,1.4,94.465,-41.8,4.865,5228.1,999.0,0,0.0,1.0,1.0,2,8,0.0,5,6,2,1
31190,26.0,5,999,0,-1.7,94.055,-39.8,0.767,4991.6,999.0,0,0.0,0.0,0.0,2,5,0.0,6,6,1,1
31191,41.0,2,999,0,1.4,94.465,-41.8,4.866,5228.1,999.0,0,0.0,0.0,1.0,2,6,0.0,5,6,1,1
31192,31.0,1,999,0,1.4,93.444,-36.1,4.965,5228.1,999.0,0,1.0,0.0,0.0,3,6,0.0,5,8,1,1
31193,31.0,2,999,0,1.4,94.465,-41.8,4.959,5228.1,999.0,0,0.0,0.0,1.0,3,5,0.0,6,6,1,1
31194,56.0,7,999,0,-1.8,92.893,-46.2,1.354,5099.1,999.0,0,0.0,0.0,1.0,3,5,0.0,9,5,2,1
31195,33.0,1,999,0,-1.8,92.893,-46.2,1.266,5099.1,999.0,0,1.0,0.0,0.0,2,8,0.0,6,5,1,1
31196,71.0,1,999,0,-1.1,94.199,-37.5,0.879,4963.6,999.0,0,0.0,0.0,0.0,2,5,0.0,8,9,2,1
31197,40.0,7,999,0,1.1,93.994,-36.4,4.858,5191.0,999.0,0,1.0,1.0,1.0,2,8,0.0,6,5,2,1
31198,31.0,2,999,0,1.4,94.465,-41.8,4.958,5228.1,999.0,0,1.0,0.0,1.0,2,8,0.0,6,6,1,1
31199,31.0,1,4,1,-2.9,92.963,-40.8,1.26,5076.2,0.133333333333,5,1.0,0.0,0.0,1,8,0.0,3,6,1,3
31200,36.0,1,999,0,1.1,93.994,-36.4,4.857,5191.0,999.0,0,1.0,0.0,1.0,2,5,0.0,6,5,1,1
31201,31.0,2,999,0,-1.8,93.075,-47.1,1.372,5099.1,999.0,0,1.0,0.0,0.0,2,3,0.0,4,4,1,1
31202,58.0,1,999,0,-0.1,93.2,-42.0,4.076,5195.8,999.0,0,1.0,0.0,0.0,2,8,0.0,8,11,1,1
31203,52.0,1,999,0,1.4,94.465,-41.8,4.864,5228.1,999.0,0,0.0,0.0,1.0,3,7,0.0,3,6,1,1
31204,53.0,1,999,0,1.1,93.994,-36.4,4.859,5191.0,999.0,0,1.0,0.0,1.0,2,5,0.0,9,5,1,1
31205,31.0,1,999,0,-1.8,92.893,-46.2,1.299,5099.1,999.0,0,0.0,0.0,0.0,2,3,0.0,4,5,2,1
31206,35.0,1,999,1,-1.8,93.075,-47.1,1.405,5099.1,999.0,2,0.0,0.0,0.0,2,4,0.0,4,4,2,2
31207,43.0,4,999,0,1.4,93.918,-42.7,4.962,5228.1,999.0,0,1.0,0.0,0.0,2,3,0.0,9,7,2,1
31208,31.0,7,999,0,1.1,93.994,-36.4,4.86,5191.0,999.0,0,1.0,0.0,1.0,1,5,0.0,9,5,1,1
31209,46.0,1,999,0,1.1,93.994,-36.4,4.857,5191.0,999.0,0,0.0,0.0,1.0,2,8,0.0,4,5,1,1
31210,57.0,2,999,0,1.4,93.444,-36.1,4.964,5228.1,999.0,0,1.0,0.0,0.0,2,2,0.0,8,8,1,1
31211,31.0,10,999,0,1.4,93.918,-42.7,4.962,5228.1,999.0,0,1.0,1.0,0.0,3,5,0.0,6,7,2,1
31212,46.0,3,999,1,-1.1,94.767,-50.8,1.046,4963.6,999.0,1,1.0,0.0,0.0,1,7,0.0,6,11,1,2
31213,31.0,13,999,0,1.4,93.918,-42.7,4.961,5228.1,999.0,0,0.0,0.0,0.0,2,8,0.0,4,7,1,1
31214,32.0,1,999,0,-2.9,92.963,-40.8,1.262,5076.2,999.0,0,1.0,1.0,0.0,2,7,0.0,6,6,1,1
31215,49.0,1,999,0,-1.8,93.075,-47.1,1.435,5099.1,999.0,0,1.0,1.0,0.0,2,3,0.0,4,4,1,1
31216,24.0,1,6,1,-2.9,92.201,-31.4,0.849,5076.2,0.2,2,1.0,0.0,0.0,1,8,0.0,11,8,1,3
31217,31.0,3,999,0,-1.8,93.075,-47.1,1.405,5099.1,999.0,0,1.0,0.0,0.0,1,7,0.0,6,4,2,1
31218,46.0,9,999,0,1.4,94.465,-41.8,4.962,5228.1,999.0,0,1.0,1.0,1.0,2,7,0.0,7,6,1,1
31219,43.0,3,999,0,1.4,93.918,-42.7,4.96,5228.1,999.0,0,1.0,0.0,0.0,2,4,0.0,4,7,2,1
31220,31.0,2,999,0,1.1,93.994,-36.4,4.857,5191.0,999.0,0,1.0,0.0,1.0,2,5,0.0,4,5,1,1
31221,31.0,1,999,0,1.1,93.994,-36.4,4.859,5191.0,999.0,0,0.0,0.0,1.0,2,8,0.0,9,5,1,1
31222,27.0,2,999,0,-1.8,93.075,-47.1,1.445,5099.1,999.0,0,0.0,1.0,0.0,1,4,0.0,5,4,1,1
31223,31.0,8,999,0,1.1,93.994,-36.4,4.858,5191.0,999.0,0,0.0,0.0,1.0,4,8,0.0,6,5,2,1
31224,38.0,1,999,0,-1.8,92.843,-50.0,1.687,5099.1,999.0,0,0.0,0.0,0.0,2,7,0.0,5,3,1,1
31225,34.0,1,999,0,-1.8,93.075,-47.1,1.405,5099.1,999.0,0,0.0,0.0,0.0,1,7,0.0,7,4,2,1
31226,34.0,1,999,0,1.4,93.444,-36.1,4.965,5228.1,999.0,0,0.0,0.0,0.0,1,7,0.0,5,8,1,1
31227,31.0,6,999,0,1.4,94.465,-41.8,4.962,5228.1,999.0,0,0.0,0.0,1.0,1,7,0.0,6,6,1,1
31228,31.0,1,999,0,1.4,93.918,-42.7,4.957,5228.1,999.0,0,0.0,0.0,0.0,2,8,0.0,6,7,1,1
31229,31.0,1,999,0,1.4,93.444,-36.1,4.967,5228.1,999.0,0,0.0,0.0,0.0,2,8,0.0,4,8,1,1
31230,31.0,1,999,0,-0.1,93.2,-42.0,4.076,5195.8,999.0,0,1.0,0.0,0.0,3,7,0.0,7,11,1,1
31231,40.0,2,999,0,-1.8,92.893,-46.2,1.244,5099.1,999.0,0,1.0,1.0,0.0,1,8,0.0,6,5,2,1
31232,36.0,2,999,0,1.1,93.994,-36.4,4.856,5191.0,999.0,0,0.0,0.0,1.0,2,4,0.0,4,5,1,1
31233,34.0,1,999,0,-1.8,93.075,-47.1,1.405,5099.1,999.0,0,0.0,0.0,0.0,2,8,0.0,5,4,1,1
31234,31.0,6,999,0,1.1,93.994,-36.4,4.86,5191.0,999.0,0,0.0,0.0,1.0,2,5,0.0,5,5,1,1
31235,57.0,1,999,0,1.4,93.918,-42.7,4.963,5228.1,999.0,0,0.0,1.0,0.0,2,2,0.0,3,7,1,1
31236,51.0,5,999,0,1.1,93.994,-36.4,4.857,5191.0,999.0,0,1.0,0.0,1.0,2,4,0.0,6,5,1,1
31237,49.0,6,999,0,1.4,93.444,-36.1,4.964,5228.1,999.0,0,0.0,0.0,1.0,2,7,0.0,3,8,1,1
31238,41.0,1,999,0,-0.1,93.2,-42.0,4.153,5195.8,999.0,0,0.0,0.0,0.0,3,7,0.0,1,11,1,1
31239,56.0,2,9,2,-1.8,93.369,-34.8,0.644,5008.7,0.3,0,0.0,0.0,0.0,2,2,0.0,8,3,1,2
31240,34.0,2,999,0,1.4,94.465,-41.8,4.866,5228.1,999.0,0,0.0,0.0,1.0,1,5,0.0,9,6,1,1
31241,33.0,3,999,0,-1.8,92.893,-46.2,1.281,5099.1,999.0,0,1.0,0.0,0.0,1,8,0.0,5,5,1,1
31242,47.0,6,999,0,1.4,94.465,-41.8,4.865,5228.1,999.0,0,0.0,0.0,1.0,2,6,0.0,6,6,2,1
31243,28.0,8,999,0,-1.8,92.893,-46.2,1.266,5099.1,999.0,0,1.0,0.0,0.0,1,8,0.0,11,5,1,1
31244,44.0,1,999,0,-1.8,92.843,-50.0,1.811,5099.1,999.0,0,0.0,0.0,0.0,1,6,0.0,4,3,2,1
31245,39.0,1,999,0,1.4,93.918,-42.7,4.961,5228.1,999.0,0,0.0,1.0,0.0,2,6,0.0,5,7,1,1
31246,65.0,1,999,0,-1.8,93.369,-34.8,0.646,5008.7,999.0,0,1.0,0.0,0.0,2,2,0.0,8,3,1,1
31247,31.0,2,999,0,-1.8,93.075,-47.1,1.405,5099.1,999.0,0,0.0,0.0,0.0,2,3,0.0,4,4,1,1
31248,31.0,1,999,1,-1.8,92.893,-46.2,1.299,5099.1,999.0,1,1.0,0.0,0.0,1,7,0.0,5,5,2,2
31249,50.0,1,999,0,-0.1,93.2,-42.0,4.153,5195.8,999.0,0,0.0,0.0,0.0,3,6,0.0,5,11,1,1
31250,42.0,1,999,0,1.1,93.994,-36.4,4.856,5191.0,999.0,0,0.0,0.0,1.0,1,8,0.0,6,5,1,1
31251,31.0,1,999,0,1.4,93.918,-42.7,4.962,5228.1,999.0,0,0.0,0.0,0.0,1,7,0.0,1,7,1,1
31252,31.0,1,999,0,-1.7,94.215,-40.3,0.893,4991.6,999.0,0,0.0,0.0,0.0,2,6,0.0,6,7,1,1
31253,36.0,1,999,0,-1.8,92.893,-46.2,1.334,5099.1,999.0,0,0.0,0.0,0.0,2,4,0.0,4,5,1,1
31254,46.0,2,999,0,1.4,94.465,-41.8,4.864,5228.1,999.0,0,0.0,0.0,1.0,2,4,0.0,4,6,1,1
31255,52.0,5,999,0,1.4,93.444,-36.1,4.963,5228.1,999.0,0,0.0,0.0,0.0,2,7,0.0,6,8,1,1
31256,31.0,2,999,0,1.1,93.994,-36.4,4.857,5191.0,999.0,0,1.0,0.0,1.0,3,8,0.0,7,5,2,1
31257,31.0,2,999,0,-1.8,92.893,-46.2,1.313,5099.1,999.0,0,1.0,0.0,0.0,2,8,0.0,6,5,1,1
31258,23.0,2,999,4,-1.1,94.199,-37.5,0.879,4963.6,999.0,8,1.0,0.0,0.0,1,7,0.0,11,9,1,2
31259,60.0,15,999,0,1.4,93.918,-42.7,4.961,5228.1,999.0,0,0.0,0.0,1.0,2,8,0.0,5,7,1,1
31260,31.0,3,999,0,1.4,93.918,-42.7,4.962,5228.1,999.0,0,1.0,1.0,0.0,1,8,0.0,4,7,1,1
31261,41.0,1,999,0,-1.8,92.893,-46.2,1.344,5099.1,999.0,0,1.0,1.0,0.0,2,4,0.0,4,5,1,1
31262,31.0,1,999,0,1.4,93.918,-42.7,4.957,5228.1,999.0,0,1.0,1.0,0.0,1,5,0.0,6,7,1,1
31263,36.0,7,999,0,1.4,93.918,-42.7,4.968,5228.1,999.0,0,1.0,0.0,0.0,2,7,0.0,7,7,1,1
31264,33.0,2,999,0,1.1,93.994,-36.4,4.859,5191.0,999.0,0,0.0,0.0,1.0,3,4,0.0,10,5,1,1
31265,31.0,2,999,0,1.4,93.918,-42.7,4.961,5228.1,999.0,0,0.0,0.0,0.0,2,3,0.0,4,7,1,1
31266,26.0,7,999,0,-1.8,92.893,-46.2,1.291,5099.1,999.0,0,1.0,1.0,0.0,1,8,0.0,6,5,1,1
31267,31.0,3,999,0,-1.8,93.876,-40.0,0.699,5008.7,999.0,0,1.0,1.0,0.0,1,7,0.0,8,5,1,1
31268,42.0,2,999,0,-0.1,93.2,-42.0,4.12,5195.8,999.0,0,1.0,0.0,0.0,2,8,0.0,6,11,1,1
31269,31.0,1,999,0,-1.7,94.215,-40.3,0.896,4991.6,999.0,0,0.0,0.0,0.0,2,2,0.0,8,7,1,1
31270,33.0,2,999,0,-1.8,92.893,-46.2,1.244,5099.1,999.0,0,1.0,0.0,0.0,2,8,0.0,3,5,2,1
31271,35.0,1,999,0,1.4,93.444,-36.1,4.963,5228.1,999.0,0,1.0,1.0,0.0,1,6,0.0,2,8,2,1
31272,36.0,5,999,0,1.1,93.994,-36.4,4.859,5191.0,999.0,0,0.0,1.0,1.0,2,8,0.0,9,5,1,1
31273,32.0,1,999,0,1.1,93.994,-36.4,4.856,5191.0,999.0,0,1.0,1.0,1.0,4,7,0.0,12,5,1,1
31274,36.0,3,999,0,1.4,94.465,-41.8,4.959,5228.1,999.0,0,0.0,1.0,1.0,2,4,0.0,6,6,1,1
31275,36.0,1,999,0,1.1,93.994,-36.4,4.857,5191.0,999.0,0,0.0,0.0,1.0,1,8,0.0,5,5,2,1
31276,31.0,6,999,1,-1.8,92.893,-46.2,1.266,5099.1,999.0,3,1.0,0.0,0.0,3,8,0.0,6,5,1,2
31277,31.0,5,999,0,1.4,93.444,-36.1,4.964,5228.1,999.0,0,1.0,0.0,0.0,1,7,0.0,6,8,1,1
31278,31.0,1,999,0,-2.9,92.201,-31.4,0.879,5076.2,999.0,0,1.0,0.0,0.0,1,2,0.0,11,8,1,1
31279,31.0,1,3,2,-3.4,92.379,-29.8,0.755,5017.5,0.1,0,1.0,1.0,0.0,1,6,0.0,9,9,1,3
31280,31.0,1,999,0,1.4,93.918,-42.7,4.966,5228.1,999.0,0,0.0,0.0,1.0,1,8,0.0,6,7,1,1
31281,36.0,2,999,0,-0.1,93.2,-42.0,4.076,5195.8,999.0,0,0.0,0.0,0.0,2,5,0.0,6,11,1,1
31282,31.0,2,999,0,1.4,94.465,-41.8,4.962,5228.1,999.0,0,1.0,0.0,1.0,2,8,0.0,9,6,1,1
31283,50.0,2,999,0,1.1,93.994,-36.4,4.864,5191.0,999.0,0,0.0,0.0,1.0,2,8,0.0,4,5,1,1
31284,59.0,2,999,0,-0.1,93.2,-42.0,4.021,5195.8,999.0,0,1.0,0.0,0.0,1,8,0.0,5,11,1,1
31285,44.0,1,999,0,-0.2,92.756,-45.9,3.053,5176.3,999.0,0,1.0,1.0,1.0,2,2,0.0,4,12,2,1
31286,29.0,3,999,0,1.4,93.918,-42.7,4.962,5228.1,999.0,0,0.0,1.0,0.0,2,5,0.0,6,7,1,1
31287,51.0,2,999,0,1.1,93.994,-36.4,4.858,5191.0,999.0,0,1.0,1.0,1.0,2,5,0.0,9,5,1,1
31288,28.0,1,999,0,1.4,93.918,-42.7,4.96,5228.1,999.0,0,1.0,0.0,0.0,3,8,0.0,5,7,2,1
31289,22.0,2,999,0,1.4,93.918,-42.7,4.96,5228.1,999.0,0,1.0,1.0,0.0,1,8,0.0,4,7,2,1
31290,33.0,1,999,0,1.4,93.918,-42.7,4.96,5228.1,999.0,0,1.0,1.0,0.0,3,4,0.0,10,7,2,1
31291,38.0,1,999,0,1.4,93.444,-36.1,4.968,5228.1,999.0,0,0.0,0.0,0.0,2,7,0.0,6,8,1,1
31292,37.0,2,999,0,1.1,93.994,-36.4,4.856,5191.0,999.0,0,0.0,0.0,1.0,2,7,0.0,6,5,1,1
31293,50.0,3,999,0,1.1,93.994,-36.4,4.857,5191.0,999.0,0,0.0,0.0,1.0,2,3,0.0,4,5,2,1
31294,38.0,3,999,0,-0.1,93.2,-42.0,4.12,5195.8,999.0,0,0.0,0.0,0.0,2,4,0.0,4,11,1,1
31295,35.0,2,999,0,1.1,93.994,-36.4,4.857,5191.0,999.0,0,0.0,1.0,1.0,1,7,0.0,11,5,1,1
31296,31.0,1,999,0,1.4,93.918,-42.7,4.963,5228.1,999.0,0,0.0,0.0,0.0,2,6,0.0,5,7,1,1
31297,37.0,2,12,1,-1.8,92.893,-46.2,1.327,5099.1,0.4,1,1.0,0.0,0.0,2,8,0.0,9,5,1,3
31298,73.0,2,999,1,-1.8,93.369,-34.8,0.646,5008.7,999.0,4,1.0,0.0,0.0,2,2,0.0,8,3,2,2
31299,27.0,1,999,0,-1.7,94.055,-39.8,0.715,4991.6,999.0,0,1.0,0.0,1.0,2,5,0.0,6,6,1,1
31300,31.0,2,999,0,1.4,93.444,-36.1,4.965,5228.1,999.0,0,0.0,0.0,0.0,3,7,0.0,6,8,1,1
31301,33.0,3,999,1,-1.8,92.893,-46.2,1.291,5099.1,999.0,1,0.0,1.0,0.0,1,2,0.0,4,5,1,2
31302,46.0,3,999,0,1.4,93.918,-42.7,4.96,5228.1,999.0,0,0.0,0.0,0.0,2,7,0.0,3,7,2,1
31303,27.0,1,999,0,-1.8,92.893,-46.2,1.327,5099.1,999.0,0,0.0,0.0,0.0,2,5,0.0,6,5,1,1
31304,32.0,2,999,1,-0.1,93.2,-42.0,4.076,5195.8,999.0,4,0.0,1.0,0.0,1,8,0.0,6,11,1,2
31305,36.0,2,999,0,1.1,93.994,-36.4,4.857,5191.0,999.0,0,1.0,0.0,1.0,2,4,0.0,4,5,2,1
31306,57.0,2,999,0,1.4,93.918,-42.7,4.962,5228.1,999.0,0,0.0,0.0,0.0,2,8,0.0,4,7,2,1
31307,50.0,11,999,0,-1.8,92.893,-46.2,1.244,5099.1,999.0,0,1.0,0.0,0.0,3,2,0.0,6,5,1,1
31308,61.0,1,9,3,-3.4,92.649,-30.1,0.714,5017.5,0.3,9,1.0,0.0,0.0,2,2,0.0,8,11,2,2
31309,38.0,1,999,0,1.4,93.918,-42.7,4.968,5228.1,999.0,0,0.0,1.0,0.0,2,8,0.0,9,7,1,1
31310,43.0,1,999,0,-0.1,93.2,-42.0,4.474,5195.8,999.0,0,1.0,0.0,0.0,2,5,0.0,8,11,1,1
31311,32.0,1,999,0,-3.4,92.431,-26.9,0.742,5017.5,999.0,0,1.0,0.0,0.0,2,6,0.0,6,10,1,1
31312,39.0,1,999,0,1.4,93.444,-36.1,4.968,5228.1,999.0,0,1.0,1.0,0.0,2,7,0.0,6,8,1,1
31313,46.0,1,999,0,-2.9,92.963,-40.8,1.26,5076.2,999.0,0,1.0,0.0,0.0,3,5,0.0,6,6,2,1
31314,37.0,1,999,0,1.4,93.918,-42.7,4.961,5228.1,999.0,0,0.0,1.0,0.0,2,5,0.0,6,7,1,1
31315,31.0,1,999,1,-1.8,92.893,-46.2,1.344,5099.1,999.0,2,1.0,0.0,0.0,2,8,0.0,4,5,1,2
31316,50.0,1,999,0,-0.1,93.2,-42.0,4.191,5195.8,999.0,0,0.0,0.0,0.0,2,7,0.0,6,11,2,1
31317,53.0,1,999,1,-0.1,93.2,-42.0,4.076,5195.8,999.0,1,0.0,0.0,0.0,3,5,0.0,5,11,1,2
31318,56.0,3,999,0,1.4,93.444,-36.1,4.964,5228.1,999.0,0,0.0,0.0,0.0,2,7,0.0,6,8,1,1
31319,55.0,2,999,0,-0.1,93.2,-42.0,4.153,5195.8,999.0,0,1.0,0.0,0.0,1,3,0.0,4,11,1,1
31320,31.0,1,999,0,-1.8,92.893,-46.2,1.266,5099.1,999.0,0,0.0,0.0,0.0,1,8,0.0,1,5,1,1
31321,31.0,1,999,0,-0.1,93.2,-42.0,4.191,5195.8,999.0,0,0.0,0.0,0.0,2,7,0.0,3,11,2,1
31322,31.0,3,999,0,1.4,93.918,-42.7,4.957,5228.1,999.0,0,1.0,0.0,0.0,3,5,0.0,6,7,1,1
31323,55.0,1,999,0,1.1,93.994,-36.4,4.858,5191.0,999.0,0,1.0,0.0,1.0,2,5,0.0,6,5,1,1
31324,55.0,1,999,0,-0.1,93.2,-42.0,4.191,5195.8,999.0,0,1.0,0.0,0.0,1,8,0.0,6,11,2,1
31325,35.0,4,999,0,1.4,93.444,-36.1,4.964,5228.1,999.0,0,1.0,0.0,0.0,2,4,0.0,1,8,1,1
31326,23.0,2,999,0,1.4,93.918,-42.7,4.96,5228.1,999.0,0,1.0,1.0,0.0,1,8,0.0,9,7,2,1
31327,41.0,1,999,0,1.4,94.465,-41.8,4.864,5228.1,999.0,0,0.0,0.0,1.0,2,4,0.0,5,6,1,1
31328,38.0,1,999,0,-1.8,92.893,-46.2,1.334,5099.1,999.0,0,1.0,0.0,0.0,2,5,0.0,4,5,1,1
31329,54.0,6,999,0,1.1,93.994,-36.4,4.86,5191.0,999.0,0,1.0,0.0,1.0,3,6,0.0,8,5,1,1
31330,43.0,8,999,0,1.1,93.994,-36.4,4.859,5191.0,999.0,0,0.0,0.0,1.0,2,8,0.0,4,5,1,1
31331,32.0,2,999,0,1.1,93.994,-36.4,4.857,5191.0,999.0,0,0.0,0.0,1.0,3,7,0.0,6,5,1,1
31332,24.0,1,999,1,-1.1,94.199,-37.5,0.879,4963.6,999.0,2,0.0,0.0,0.0,1,8,0.0,6,9,1,2
31333,31.0,1,999,0,-0.1,93.2,-42.0,4.191,5195.8,999.0,0,1.0,1.0,0.0,2,7,0.0,6,11,2,1
31334,31.0,1,999,0,1.4,93.444,-36.1,4.965,5228.1,999.0,0,0.0,0.0,0.0,2,8,0.0,3,8,1,1
31335,49.0,4,999,0,1.4,93.918,-42.7,4.962,5228.1,999.0,0,1.0,0.0,0.0,2,6,0.0,5,7,1,1
31336,40.0,1,999,0,1.4,93.918,-42.7,4.962,5228.1,999.0,0,1.0,0.0,0.0,1,8,0.0,6,7,1,1
31337,31.0,2,999,0,1.1,93.994,-36.4,4.857,5191.0,999.0,0,1.0,0.0,1.0,2,8,0.0,4,5,2,1
31338,36.0,7,999,0,1.4,93.444,-36.1,4.966,5228.1,999.0,0,1.0,0.0,0.0,1,7,0.0,6,8,1,1
31339,28.0,1,999,0,1.1,93.994,-36.4,4.858,5191.0,999.0,0,0.0,0.0,1.0,2,6,0.0,1,5,2,1
31340,39.0,5,999,0,1.1,93.994,-36.4,4.857,5191.0,999.0,0,0.0,0.0,1.0,1,6,0.0,5,5,1,1
31341,31.0,1,999,1,-1.8,92.893,-46.2,1.327,5099.1,999.0,0,1.0,0.0,0.0,1,8,0.0,6,5,1,2
31342,31.0,8,999,0,1.4,94.465,-41.8,4.959,5228.1,999.0,0,0.0,0.0,1.0,1,5,0.0,9,6,1,1
31343,57.0,2,999,0,1.1,93.994,-36.4,4.857,5191.0,999.0,0,0.0,0.0,1.0,2,2,0.0,4,5,2,1
31344,31.0,1,999,0,1.4,93.918,-42.7,4.957,5228.1,999.0,0,1.0,1.0,0.0,1,5,0.0,10,7,1,1
31345,31.0,2,999,2,-1.8,92.893,-46.2,1.25,5099.1,999.0,4,1.0,1.0,0.0,1,8,0.0,9,5,1,2
31346,40.0,2,999,0,1.4,94.465,-41.8,4.961,5228.1,999.0,0,1.0,0.0,1.0,2,4,0.0,5,6,1,1
31347,25.0,3,999,0,1.4,93.918,-42.7,4.958,5228.1,999.0,0,0.0,0.0,0.0,2,3,0.0,4,7,1,1
31348,71.0,1,999,0,-3.4,92.379,-29.8,0.809,5017.5,999.0,0,1.0,0.0,1.0,2,2,0.0,8,9,1,1
31349,25.0,2,999,0,1.4,93.918,-42.7,4.958,5228.1,999.0,0,1.0,1.0,0.0,2,8,0.0,4,7,1,1
31350,36.0,1,999,0,1.4,93.444,-36.1,4.964,5228.1,999.0,0,0.0,0.0,0.0,2,7,0.0,3,8,1,1
31351,58.0,2,999,0,1.4,93.918,-42.7,4.962,5228.1,999.0,0,1.0,0.0,0.0,2,8,0.0,3,7,2,1
31352,28.0,1,999,0,-1.8,92.893,-46.2,1.266,5099.1,999.0,0,1.0,0.0,1.0,1,8,0.0,3,5,1,1
31353,49.0,2,999,1,-1.8,92.893,-46.2,1.334,5099.1,999.0,1,0.0,1.0,0.0,1,5,0.0,9,5,1,2
31354,43.0,1,999,0,1.4,94.465,-41.8,4.96,5228.1,999.0,0,0.0,0.0,1.0,1,5,0.0,5,6,1,1
31355,52.0,2,999,0,1.4,93.918,-42.7,4.963,5228.1,999.0,0,0.0,1.0,0.0,2,6,0.0,5,7,1,1
31356,37.0,8,999,0,1.4,94.465,-41.8,4.865,5228.1,999.0,0,0.0,0.0,1.0,2,7,0.0,6,6,2,1
31357,39.0,3,999,0,1.1,93.994,-36.4,4.857,5191.0,999.0,0,1.0,0.0,1.0,2,7,0.0,3,5,1,1
31358,31.0,1,999,0,1.1,93.994,-36.4,4.857,5191.0,999.0,0,0.0,0.0,1.0,1,8,0.0,6,5,1,1
31359,22.0,1,999,0,1.4,93.918,-42.7,4.96,5228.1,999.0,0,1.0,0.0,0.0,2,5,0.0,9,7,2,1
31360,51.0,1,999,0,1.4,93.918,-42.7,4.962,5228.1,999.0,0,0.0,0.0,0.0,3,6,0.0,5,7,1,1
31361,37.0,2,999,0,-1.8,93.749,-34.6,0.646,5008.7,999.0,0,0.0,0.0,1.0,2,8,0.0,6,4,1,1
31362,34.0,4,999,0,1.4,93.444,-36.1,4.968,5228.1,999.0,0,1.0,0.0,0.0,1,7,0.0,5,8,1,1
31363,49.0,2,999,0,1.4,94.465,-41.8,4.866,5228.1,999.0,0,1.0,0.0,1.0,2,2,0.0,4,6,1,1
31364,31.0,1,999,1,-2.9,92.201,-31.4,0.881,5076.2,999.0,1,1.0,0.0,0.0,1,7,0.0,6,8,1,2
31365,31.0,2,999,0,1.4,93.444,-36.1,4.963,5228.1,999.0,0,0.0,1.0,0.0,2,7,0.0,3,8,1,1
31366,24.0,3,999,1,-1.7,94.215,-40.3,0.835,4991.6,999.0,6,1.0,1.0,0.0,1,5,0.0,11,7,1,2
31367,31.0,2,999,0,-1.1,94.767,-50.8,1.048,4963.6,999.0,0,1.0,0.0,1.0,1,7,0.0,6,11,1,1
31368,64.0,8,999,0,-3.0,92.713,-33.0,0.715,5023.5,999.0,0,1.0,1.0,1.0,2,2,0.0,8,12,1,1
31369,32.0,2,999,0,1.1,93.994,-36.4,4.856,5191.0,999.0,0,1.0,0.0,1.0,2,5,0.0,6,5,1,1
31370,31.0,1,999,1,-1.8,92.893,-46.2,1.266,5099.1,999.0,3,1.0,0.0,0.0,1,5,0.0,6,5,1,2
31371,31.0,2,13,1,-2.9,92.963,-40.8,1.262,5076.2,0.433333333333,1,1.0,0.0,0.0,1,7,0.0,6,6,1,3
31372,57.0,3,999,0,1.4,94.465,-41.8,4.959,5228.1,999.0,0,0.0,0.0,1.0,2,2,0.0,1,6,1,1
31373,29.0,2,999,0,1.1,93.994,-36.4,4.855,5191.0,999.0,0,1.0,0.0,1.0,2,7,0.0,7,5,1,1
31374,50.0,3,999,0,-0.1,93.2,-42.0,4.076,5195.8,999.0,0,0.0,0.0,0.0,2,8,0.0,6,11,1,1
31375,29.0,4,999,1,-1.8,92.893,-46.2,1.27,5099.1,999.0,3,1.0,0.0,0.0,2,7,0.0,3,5,1,2
31376,50.0,2,999,0,1.4,94.465,-41.8,4.961,5228.1,999.0,0,1.0,0.0,1.0,2,8,0.0,2,6,1,1
31377,26.0,1,999,0,1.4,93.918,-42.7,4.962,5228.1,999.0,0,0.0,0.0,0.0,2,8,0.0,4,7,1,1
31378,43.0,2,999,0,1.4,94.465,-41.8,4.967,5228.1,999.0,0,1.0,0.0,1.0,1,4,0.0,5,6,1,1
31379,46.0,1,999,0,-0.1,93.2,-42.0,4.12,5195.8,999.0,0,1.0,1.0,0.0,2,4,0.0,4,11,1,1
31380,47.0,3,999,0,1.1,93.994,-36.4,4.856,5191.0,999.0,0,0.0,0.0,1.0,3,8,0.0,5,5,1,1
31381,26.0,3,999,0,1.4,93.918,-42.7,4.957,5228.1,999.0,0,1.0,1.0,1.0,1,5,0.0,9,7,1,1
31382,22.0,2,999,0,-1.8,92.893,-46.2,1.266,5099.1,999.0,0,1.0,0.0,0.0,1,4,0.0,4,5,1,1
31383,59.0,1,999,0,1.4,93.444,-36.1,4.965,5228.1,999.0,0,0.0,0.0,0.0,2,2,0.0,8,8,2,1
31384,36.0,3,999,0,1.4,93.444,-36.1,4.968,5228.1,999.0,0,0.0,0.0,0.0,2,8,0.0,6,8,1,1
31385,27.0,2,999,1,-2.9,92.469,-33.6,1.029,5076.2,999.0,1,0.0,1.0,0.0,1,5,0.0,11,7,1,2
31386,26.0,1,999,0,1.4,93.918,-42.7,4.962,5228.1,999.0,0,1.0,0.0,0.0,1,7,0.0,3,7,1,1
31387,34.0,2,999,1,-1.8,92.893,-46.2,1.25,5099.1,999.0,3,1.0,0.0,0.0,1,8,0.0,5,5,1,2
31388,30.0,1,999,2,-3.4,92.649,-30.1,0.714,5017.5,999.0,2,0.0,0.0,0.0,1,8,0.0,4,11,2,2
31389,30.0,1,999,0,-3.4,92.649,-30.1,0.72,5017.5,999.0,0,1.0,0.0,0.0,1,7,0.0,6,11,1,1
31390,45.0,2,999,0,1.1,93.994,-36.4,4.859,5191.0,999.0,0,1.0,0.0,1.0,3,8,0.0,9,5,1,1
31391,31.0,2,999,0,1.4,93.918,-42.7,4.957,5228.1,999.0,0,1.0,0.0,0.0,2,6,0.0,5,7,1,1
31392,32.0,3,999,0,-1.8,93.075,-47.1,1.405,5099.1,999.0,0,0.0,0.0,0.0,2,5,0.0,9,4,2,1
31393,33.0,1,999,0,-1.8,92.893,-46.2,1.266,5099.1,999.0,0,1.0,1.0,0.0,2,7,0.0,6,5,1,1
31394,33.0,2,999,0,-1.8,93.075,-47.1,1.405,5099.1,999.0,0,1.0,0.0,0.0,1,7,0.0,6,4,1,1
31395,33.0,2,999,0,1.4,93.444,-36.1,4.965,5228.1,999.0,0,1.0,1.0,0.0,1,8,0.0,5,8,1,1
31396,39.0,2,999,0,1.1,93.994,-36.4,4.856,5191.0,999.0,0,0.0,0.0,1.0,2,6,0.0,5,5,1,1
31397,46.0,4,999,0,1.1,93.994,-36.4,4.856,5191.0,999.0,0,0.0,0.0,1.0,2,2,0.0,2,5,1,1
31398,22.0,2,3,1,-2.9,92.201,-31.4,0.873,5076.2,0.1,2,0.0,0.0,0.0,1,8,0.0,11,8,1,3
31399,34.0,1,999,1,-3.4,92.431,-26.9,0.722,5017.5,999.0,3,0.0,0.0,0.0,1,7,0.0,5,10,1,2
31400,25.0,2,999,0,1.1,93.994,-36.4,4.855,5191.0,999.0,0,1.0,1.0,1.0,1,7,0.0,1,5,1,1
31401,39.0,1,999,0,1.1,93.994,-36.4,4.857,5191.0,999.0,0,0.0,0.0,1.0,3,5,0.0,9,5,2,1
31402,32.0,2,999,0,1.4,93.444,-36.1,4.963,5228.1,999.0,0,1.0,1.0,0.0,1,7,0.0,6,8,2,1
31403,31.0,16,999,0,-1.8,93.075,-47.1,1.406,5099.1,999.0,0,0.0,0.0,0.0,1,7,0.0,6,4,1,1
31404,31.0,2,999,0,1.4,93.444,-36.1,4.964,5228.1,999.0,0,0.0,0.0,0.0,2,8,0.0,4,8,1,1
31405,31.0,4,999,0,1.4,93.444,-36.1,4.962,5228.1,999.0,0,1.0,0.0,0.0,2,7,0.0,6,8,1,1
31406,46.0,5,3,1,-1.8,92.893,-46.2,1.354,5099.1,0.1,3,0.0,0.0,0.0,2,5,0.0,5,5,1,3
31407,33.0,1,999,0,1.4,93.444,-36.1,4.964,5228.1,999.0,0,1.0,1.0,0.0,2,8,0.0,6,8,1,1
31408,30.0,3,999,0,1.4,93.918,-42.7,4.962,5228.1,999.0,0,0.0,0.0,0.0,2,8,0.0,6,7,2,1
31409,32.0,2,999,0,1.4,93.444,-36.1,4.967,5228.1,999.0,0,1.0,0.0,0.0,2,6,0.0,5,8,1,1
31410,43.0,5,999,0,-0.1,93.2,-42.0,4.12,5195.8,999.0,0,0.0,1.0,0.0,2,8,0.0,1,11,1,1
31411,26.0,4,999,0,1.4,93.918,-42.7,4.957,5228.1,999.0,0,1.0,0.0,0.0,1,8,0.0,9,7,1,1
31412,34.0,1,999,0,1.1,93.994,-36.4,4.859,5191.0,999.0,0,1.0,1.0,1.0,1,5,0.0,4,5,1,1
31413,33.0,2,999,0,1.4,93.444,-36.1,4.965,5228.1,999.0,0,1.0,0.0,0.0,2,6,0.0,5,8,1,1
31414,31.0,1,999,0,-0.1,93.2,-42.0,4.076,5195.8,999.0,0,0.0,0.0,0.0,2,8,0.0,9,11,1,1
31415,31.0,2,999,0,1.4,93.444,-36.1,4.964,5228.1,999.0,0,0.0,0.0,0.0,2,2,0.0,8,8,1,1
31416,31.0,2,999,1,-1.8,92.893,-46.2,1.291,5099.1,999.0,3,0.0,0.0,0.0,2,8,0.0,10,5,1,2
31417,31.0,4,999,0,1.4,93.918,-42.7,4.962,5228.1,999.0,0,0.0,0.0,0.0,2,7,0.0,6,7,2,1
31418,31.0,2,999,0,1.4,93.918,-42.7,4.962,5228.1,999.0,0,1.0,0.0,0.0,2,8,0.0,6,7,1,1
31419,33.0,3,999,0,-0.1,93.2,-42.0,4.076,5195.8,999.0,0,0.0,0.0,1.0,3,8,0.0,1,11,1,1
31420,31.0,2,999,0,-1.1,94.199,-37.5,0.886,4963.6,999.0,0,1.0,0.0,0.0,1,8,0.0,11,9,1,1
31421,31.0,1,999,0,1.4,93.444,-36.1,4.963,5228.1,999.0,0,1.0,0.0,0.0,1,8,0.0,6,8,1,1
31422,31.0,2,999,0,-0.1,93.2,-42.0,4.153,5195.8,999.0,0,1.0,1.0,0.0,1,7,0.0,4,11,1,1
31423,39.0,5,999,0,1.4,94.465,-41.8,4.961,5228.1,999.0,0,1.0,0.0,1.0,2,4,0.0,10,6,1,1
31424,31.0,1,999,0,-0.1,93.2,-42.0,4.076,5195.8,999.0,0,0.0,0.0,0.0,2,8,0.0,6,11,1,1
31425,31.0,1,999,0,-1.8,92.893,-46.2,1.334,5099.1,999.0,0,0.0,0.0,0.0,2,3,0.0,4,5,1,1
31426,46.0,1,999,0,1.4,93.444,-36.1,4.967,5228.1,999.0,0,1.0,1.0,0.0,2,5,0.0,6,8,1,1
31427,38.0,3,999,0,1.4,94.465,-41.8,4.865,5228.1,999.0,0,1.0,0.0,1.0,2,4,0.0,4,6,2,1
31428,31.0,1,999,0,-1.8,92.893,-46.2,1.334,5099.1,999.0,0,0.0,1.0,0.0,2,2,0.0,4,5,1,1
31429,26.0,1,7,1,-3.4,92.649,-30.1,0.714,5017.5,0.233333333333,0,1.0,0.0,0.0,2,5,0.0,6,11,1,3
31430,43.0,1,999,0,1.1,93.994,-36.4,4.856,5191.0,999.0,0,0.0,0.0,1.0,2,7,0.0,12,5,1,1
31431,52.0,1,999,1,-1.8,92.893,-46.2,1.313,5099.1,999.0,5,1.0,0.0,0.0,2,5,0.0,9,5,1,2
31432,31.0,3,999,0,-1.7,94.027,-38.3,0.896,4991.6,999.0,0,1.0,0.0,0.0,1,7,0.0,6,8,2,1
31433,46.0,1,999,0,1.4,93.918,-42.7,4.963,5228.1,999.0,0,1.0,0.0,0.0,3,7,0.0,6,7,1,1
31434,31.0,2,999,0,1.4,93.918,-42.7,4.966,5228.1,999.0,0,1.0,0.0,1.0,2,5,0.0,9,7,1,1
31435,32.0,1,999,0,1.4,94.465,-41.8,4.96,5228.1,999.0,0,1.0,0.0,1.0,2,4,0.0,4,6,1,1
31436,48.0,3,999,1,-2.9,92.201,-31.4,0.825,5076.2,999.0,3,1.0,0.0,0.0,2,7,0.0,3,8,1,2
31437,31.0,2,999,0,1.4,94.465,-41.8,4.864,5228.1,999.0,0,0.0,0.0,1.0,2,7,0.0,6,6,1,1
31438,41.0,1,12,1,-1.8,92.893,-46.2,1.281,5099.1,0.4,5,1.0,0.0,0.0,2,7,0.0,7,5,1,3
31439,40.0,3,999,0,1.4,94.465,-41.8,4.864,5228.1,999.0,0,1.0,0.0,1.0,2,4,0.0,4,6,1,1
31440,25.0,5,999,0,-1.8,92.893,-46.2,1.25,5099.1,999.0,0,0.0,1.0,0.0,1,2,0.0,4,5,1,1
31441,56.0,2,999,0,1.1,93.994,-36.4,4.857,5191.0,999.0,0,0.0,0.0,1.0,2,2,0.0,8,5,1,1
31442,25.0,3,999,0,-1.8,92.893,-46.2,1.313,5099.1,999.0,0,0.0,0.0,0.0,1,4,0.0,4,5,1,1
31443,38.0,1,999,0,-0.1,93.2,-42.0,4.12,5195.8,999.0,0,0.0,0.0,0.0,2,4,0.0,4,11,1,1
31444,35.0,1,999,0,1.4,93.444,-36.1,4.963,5228.1,999.0,0,0.0,0.0,0.0,2,8,0.0,5,8,2,1
31445,18.0,1,13,2,-1.1,94.767,-50.8,1.049,4963.6,0.433333333333,2,1.0,0.0,1.0,1,2,0.0,11,11,1,3
31446,39.0,3,999,0,1.4,93.918,-42.7,4.962,5228.1,999.0,0,0.0,0.0,0.0,2,7,0.0,6,7,2,1
31447,31.0,4,999,0,1.4,94.465,-41.8,4.959,5228.1,999.0,0,1.0,0.0,1.0,2,8,0.0,9,6,1,1
31448,47.0,3,999,0,1.4,93.444,-36.1,4.965,5228.1,999.0,0,1.0,0.0,0.0,2,7,0.0,6,8,1,1
31449,31.0,1,999,0,-2.9,92.201,-31.4,0.873,5076.2,999.0,0,0.0,0.0,0.0,2,8,0.0,5,8,1,1
31450,31.0,1,999,0,1.1,93.994,-36.4,4.857,5191.0,999.0,0,0.0,0.0,1.0,2,5,0.0,6,5,1,1
31451,32.0,2,999,0,1.4,93.918,-42.7,4.963,5228.1,999.0,0,0.0,0.0,0.0,2,5,0.0,4,7,1,1
31452,44.0,2,999,0,1.4,93.918,-42.7,4.961,5228.1,999.0,0,1.0,1.0,0.0,2,3,0.0,4,7,1,1
31453,31.0,1,999,0,1.1,93.994,-36.4,4.857,5191.0,999.0,0,1.0,0.0,1.0,2,5,0.0,12,5,1,1
31454,31.0,2,7,2,-1.8,93.876,-40.0,0.682,5008.7,0.233333333333,4,1.0,0.0,0.0,3,2,0.0,8,5,1,3
31455,31.0,4,999,0,1.4,93.918,-42.7,4.957,5228.1,999.0,0,1.0,1.0,0.0,1,3,0.0,4,7,1,1
31456,59.0,2,999,1,-1.8,92.893,-46.2,1.327,5099.1,999.0,1,0.0,0.0,0.0,2,4,0.0,4,5,1,2
31457,31.0,1,999,1,-1.8,92.893,-46.2,1.281,5099.1,999.0,8,1.0,1.0,1.0,1,8,0.0,5,5,1,2
31458,59.0,2,999,0,1.1,93.994,-36.4,4.857,5191.0,999.0,0,0.0,0.0,1.0,2,5,0.0,9,5,2,1
31459,28.0,1,999,0,1.1,93.994,-36.4,4.856,5191.0,999.0,0,0.0,1.0,1.0,2,4,0.0,4,5,1,1
31460,31.0,3,999,0,1.4,93.444,-36.1,4.968,5228.1,999.0,0,0.0,0.0,0.0,2,6,0.0,5,8,1,1
31461,43.0,1,999,0,1.4,93.444,-36.1,4.964,5228.1,999.0,0,0.0,0.0,0.0,2,8,0.0,2,8,1,1
31462,48.0,1,999,0,1.1,93.994,-36.4,4.857,5191.0,999.0,0,1.0,1.0,1.0,2,5,0.0,4,5,1,1
31463,31.0,3,999,0,1.4,94.465,-41.8,4.959,5228.1,999.0,0,0.0,0.0,1.0,2,4,0.0,4,6,1,1
31464,34.0,1,999,0,1.1,93.994,-36.4,4.86,5191.0,999.0,0,1.0,0.0,1.0,1,8,0.0,7,5,1,1
31465,48.0,5,999,0,-1.8,92.893,-46.2,1.25,5099.1,999.0,0,1.0,0.0,0.0,2,5,0.0,6,5,1,1
31466,31.0,1,999,0,-2.9,92.201,-31.4,0.884,5076.2,999.0,0,1.0,1.0,0.0,1,5,0.0,11,8,1,1
31467,59.0,1,999,0,1.4,93.918,-42.7,4.962,5228.1,999.0,0,0.0,0.0,0.0,3,4,0.0,4,7,1,1
31468,47.0,2,999,1,-1.7,94.027,-38.3,0.899,4991.6,999.0,4,1.0,0.0,0.0,3,8,0.0,9,8,1,2
31469,46.0,2,999,1,-1.8,92.893,-46.2,1.244,5099.1,999.0,2,1.0,0.0,0.0,2,4,0.0,4,5,2,2
31470,37.0,4,999,0,1.1,93.994,-36.4,4.86,5191.0,999.0,0,1.0,0.0,1.0,2,4,0.0,4,5,1,1
31471,26.0,4,999,0,-1.8,92.843,-50.0,1.811,5099.1,999.0,0,1.0,0.0,0.0,1,8,0.0,11,3,2,1
31472,51.0,1,999,0,1.4,93.444,-36.1,4.964,5228.1,999.0,0,0.0,0.0,0.0,1,8,0.0,5,8,1,1
31473,35.0,3,999,0,-1.8,93.075,-47.1,1.405,5099.1,999.0,0,1.0,0.0,1.0,1,8,0.0,4,4,1,1
31474,64.0,1,999,0,-3.0,92.713,-33.0,0.715,5023.5,999.0,0,1.0,0.0,0.0,2,5,0.0,8,12,1,1
31475,31.0,3,999,0,-1.8,92.893,-46.2,1.281,5099.1,999.0,0,1.0,0.0,0.0,2,7,0.0,7,5,1,1
31476,31.0,1,999,0,1.4,93.918,-42.7,4.962,5228.1,999.0,0,1.0,0.0,0.0,2,4,0.0,4,7,1,1
31477,35.0,3,999,0,1.4,93.918,-42.7,4.962,5228.1,999.0,0,0.0,0.0,0.0,2,5,0.0,6,7,2,1
31478,36.0,1,999,0,1.4,93.918,-42.7,4.957,5228.1,999.0,0,1.0,0.0,0.0,2,8,0.0,4,7,1,1
31479,29.0,2,999,0,1.1,93.994,-36.4,4.858,5191.0,999.0,0,1.0,1.0,1.0,1,7,0.0,3,5,2,1
31480,24.0,1,999,0,1.4,93.918,-42.7,4.962,5228.1,999.0,0,1.0,1.0,0.0,2,4,0.0,4,7,1,1
31481,36.0,2,999,0,1.1,93.994,-36.4,4.857,5191.0,999.0,0,0.0,0.0,1.0,2,8,0.0,5,5,1,1
31482,31.0,4,999,0,1.4,94.465,-41.8,4.866,5228.1,999.0,0,1.0,0.0,1.0,2,4,0.0,4,6,1,1
31483,41.0,2,999,1,-1.8,92.893,-46.2,1.327,5099.1,999.0,4,0.0,0.0,1.0,1,8,0.0,6,5,1,2
31484,45.0,2,999,0,1.4,93.444,-36.1,4.963,5228.1,999.0,0,0.0,0.0,0.0,2,8,0.0,4,8,1,1
31485,30.0,1,999,0,1.1,93.994,-36.4,4.855,5191.0,999.0,0,1.0,1.0,1.0,2,8,0.0,6,5,1,1
31486,31.0,1,999,0,1.4,93.918,-42.7,4.962,5228.1,999.0,0,0.0,0.0,0.0,2,7,0.0,3,7,1,1
31487,44.0,1,999,0,1.4,93.444,-36.1,4.963,5228.1,999.0,0,1.0,0.0,0.0,2,2,0.0,4,8,2,1
31488,31.0,2,999,0,1.1,93.994,-36.4,4.864,5191.0,999.0,0,0.0,0.0,1.0,2,3,0.0,4,5,1,1
31489,31.0,8,999,0,1.4,94.465,-41.8,4.96,5228.1,999.0,0,1.0,0.0,1.0,2,5,0.0,9,6,2,1
31490,43.0,1,999,1,-1.8,93.075,-47.1,1.453,5099.1,999.0,2,0.0,0.0,0.0,2,8,0.0,4,4,1,2
31491,50.0,1,999,0,1.4,93.918,-42.7,4.962,5228.1,999.0,0,1.0,1.0,0.0,2,6,0.0,6,7,1,1
31492,31.0,1,999,0,1.1,93.994,-36.4,4.856,5191.0,999.0,0,1.0,0.0,1.0,2,2,0.0,4,5,1,1
31493,45.0,3,999,0,1.1,93.994,-36.4,4.857,5191.0,999.0,0,0.0,0.0,1.0,2,4,0.0,4,5,2,1
31494,40.0,29,999,0,1.4,94.465,-41.8,4.959,5228.1,999.0,0,1.0,1.0,1.0,3,8,0.0,9,6,1,1
31495,31.0,2,999,0,1.4,93.918,-42.7,4.963,5228.1,999.0,0,1.0,0.0,0.0,3,4,0.0,4,7,1,1
31496,25.0,1,999,0,1.1,93.994,-36.4,4.864,5191.0,999.0,0,0.0,0.0,1.0,1,8,0.0,6,5,1,1
31497,31.0,2,999,0,1.4,93.918,-42.7,4.96,5228.1,999.0,0,0.0,0.0,0.0,3,7,0.0,3,7,2,1
31498,31.0,2,999,0,1.1,93.994,-36.4,4.857,5191.0,999.0,0,1.0,0.0,1.0,2,4,0.0,7,5,1,1
31499,26.0,1,3,1,-1.7,94.027,-38.3,0.904,4991.6,0.1,5,0.0,0.0,1.0,1,7,0.0,6,8,1,3
31500,43.0,3,999,0,1.1,93.994,-36.4,4.857,5191.0,999.0,0,1.0,0.0,1.0,2,2,0.0,7,5,1,1
31501,61.0,1,999,0,-2.9,92.201,-31.4,0.884,5076.2,999.0,0,0.0,0.0,0.0,3,5,0.0,1,8,1,1
31502,31.0,3,999,0,-1.8,92.893,-46.2,1.291,5099.1,999.0,0,1.0,0.0,0.0,1,5,0.0,6,5,1,1
31503,59.0,1,999,0,1.1,93.994,-36.4,4.857,5191.0,999.0,0,0.0,1.0,1.0,2,7,0.0,6,5,2,1
31504,25.0,1,999,0,1.4,93.918,-42.7,4.957,5228.1,999.0,0,1.0,0.0,0.0,1,4,0.0,4,7,1,1
31505,31.0,1,999,0,1.4,93.444,-36.1,4.964,5228.1,999.0,0,0.0,0.0,0.0,2,8,0.0,6,8,1,1
31506,28.0,3,999,0,1.1,93.994,-36.4,4.857,5191.0,999.0,0,1.0,0.0,1.0,1,5,0.0,6,5,1,1
31507,29.0,3,999,0,-1.8,92.893,-46.2,1.266,5099.1,999.0,0,0.0,1.0,0.0,2,3,0.0,4,5,1,1
31508,41.0,3,999,0,-1.7,94.027,-38.3,0.904,4991.6,999.0,0,1.0,1.0,0.0,3,5,0.0,6,8,1,1
31509,45.0,3,999,0,1.4,93.918,-42.7,4.957,5228.1,999.0,0,0.0,0.0,0.0,2,5,0.0,3,7,1,1
31510,31.0,1,999,0,1.4,93.444,-36.1,4.968,5228.1,999.0,0,0.0,0.0,0.0,2,8,0.0,6,8,1,1
31511,31.0,1,999,0,-0.1,93.2,-42.0,4.733,5195.8,999.0,0,0.0,0.0,1.0,2,7,0.0,6,11,2,1
31512,23.0,1,999,0,-1.8,92.893,-46.2,1.259,5099.1,999.0,0,0.0,1.0,0.0,1,4,0.0,11,5,1,1
31513,31.0,1,999,0,1.1,93.994,-36.4,4.857,5191.0,999.0,0,1.0,0.0,1.0,2,5,0.0,9,5,2,1
31514,35.0,2,999,0,1.4,93.918,-42.7,4.961,5228.1,999.0,0,0.0,0.0,0.0,2,8,0.0,6,7,1,1
31515,30.0,2,999,0,1.1,93.994,-36.4,4.856,5191.0,999.0,0,0.0,0.0,1.0,2,5,0.0,9,5,1,1
31516,32.0,5,999,0,-1.8,92.893,-46.2,1.313,5099.1,999.0,0,1.0,0.0,0.0,2,8,0.0,4,5,1,1
31517,27.0,3,999,0,1.4,93.918,-42.7,4.962,5228.1,999.0,0,1.0,0.0,0.0,2,8,0.0,6,7,2,1
31518,31.0,1,999,0,-0.1,93.2,-42.0,4.12,5195.8,999.0,0,0.0,0.0,0.0,2,8,0.0,7,11,1,1
31519,31.0,3,999,0,1.4,93.918,-42.7,4.957,5228.1,999.0,0,0.0,0.0,0.0,2,4,0.0,4,7,1,1
31520,55.0,3,999,0,-0.1,93.2,-42.0,4.153,5195.8,999.0,0,1.0,0.0,1.0,2,7,0.0,3,11,1,1
31521,46.0,5,999,0,1.4,93.444,-36.1,4.964,5228.1,999.0,0,1.0,1.0,0.0,3,6,0.0,5,8,1,1
31522,31.0,1,999,0,-1.8,93.075,-47.1,1.41,5099.1,999.0,0,1.0,0.0,0.0,3,8,0.0,9,4,1,1
31523,31.0,5,999,0,1.4,93.918,-42.7,4.962,5228.1,999.0,0,0.0,1.0,1.0,2,5,0.0,3,7,2,1
31524,26.0,1,999,0,-1.8,92.893,-46.2,1.291,5099.1,999.0,0,1.0,0.0,0.0,2,4,0.0,4,5,1,1
31525,31.0,2,999,0,1.4,94.465,-41.8,4.96,5228.1,999.0,0,0.0,0.0,1.0,1,5,0.0,9,6,2,1
31526,31.0,1,999,0,1.4,93.444,-36.1,4.963,5228.1,999.0,0,0.0,0.0,1.0,3,8,0.0,6,8,1,1
31527,49.0,4,999,1,-1.8,92.893,-46.2,1.244,5099.1,999.0,1,0.0,0.0,0.0,2,8,0.0,5,5,2,2
31528,25.0,1,999,0,1.4,93.918,-42.7,4.962,5228.1,999.0,0,1.0,1.0,1.0,2,7,0.0,5,7,1,1
31529,28.0,1,999,0,-1.8,93.075,-47.1,1.41,5099.1,999.0,0,1.0,0.0,0.0,2,4,0.0,5,4,1,1
31530,37.0,2,999,0,1.1,93.994,-36.4,4.86,5191.0,999.0,0,1.0,0.0,1.0,2,8,0.0,6,5,1,1
31531,34.0,1,999,0,1.4,93.444,-36.1,4.964,5228.1,999.0,0,1.0,0.0,1.0,2,7,0.0,6,8,1,1
31532,35.0,1,999,0,1.1,93.994,-36.4,4.855,5191.0,999.0,0,0.0,1.0,1.0,2,4,0.0,4,5,1,1
31533,31.0,2,999,0,1.1,93.994,-36.4,4.855,5191.0,999.0,0,1.0,0.0,1.0,2,7,0.0,6,5,1,1
31534,32.0,2,999,0,1.4,93.918,-42.7,4.963,5228.1,999.0,0,1.0,0.0,1.0,2,4,0.0,5,7,1,1
31535,29.0,3,999,0,1.4,93.444,-36.1,4.963,5228.1,999.0,0,1.0,0.0,0.0,1,6,0.0,5,8,1,1
31536,46.0,1,999,0,1.4,94.465,-41.8,4.865,5228.1,999.0,0,0.0,1.0,1.0,2,6,0.0,5,6,2,1
31537,44.0,1,999,0,-1.8,92.893,-46.2,1.291,5099.1,999.0,0,1.0,0.0,0.0,2,5,0.0,10,5,1,1
31538,31.0,2,999,0,1.1,93.994,-36.4,4.856,5191.0,999.0,0,0.0,0.0,1.0,2,8,0.0,4,5,1,1
31539,25.0,1,999,0,-1.8,92.893,-46.2,1.291,5099.1,999.0,0,0.0,0.0,0.0,2,7,0.0,5,5,1,1
31540,34.0,5,999,0,1.4,93.918,-42.7,4.961,5228.1,999.0,0,1.0,0.0,0.0,3,7,0.0,3,7,1,1
31541,47.0,4,999,0,1.1,93.994,-36.4,4.858,5191.0,999.0,0,1.0,0.0,1.0,2,6,0.0,5,5,2,1
31542,31.0,5,999,0,1.4,93.444,-36.1,4.967,5228.1,999.0,0,0.0,0.0,0.0,2,8,0.0,3,8,1,1
31543,31.0,1,999,0,1.1,93.994,-36.4,4.864,5191.0,999.0,0,0.0,0.0,1.0,2,8,0.0,4,5,1,1
31544,40.0,5,999,0,1.4,94.465,-41.8,4.947,5228.1,999.0,0,1.0,0.0,1.0,2,4,0.0,4,6,1,1
31545,29.0,1,999,0,1.4,94.465,-41.8,4.967,5228.1,999.0,0,0.0,0.0,1.0,2,6,0.0,5,6,1,1
31546,30.0,1,999,0,-0.1,93.2,-42.0,4.12,5195.8,999.0,0,1.0,1.0,0.0,2,7,0.0,6,11,1,1
31547,31.0,3,999,0,1.4,93.444,-36.1,4.965,5228.1,999.0,0,1.0,0.0,0.0,1,7,0.0,9,8,1,1
31548,57.0,1,999,0,1.4,93.918,-42.7,4.962,5228.1,999.0,0,0.0,0.0,0.0,2,7,0.0,2,7,1,1
31549,27.0,2,999,0,-1.8,93.075,-47.1,1.405,5099.1,999.0,0,1.0,0.0,0.0,1,7,0.0,6,4,1,1
31550,48.0,7,999,0,1.1,93.994,-36.4,4.86,5191.0,999.0,0,0.0,0.0,1.0,1,8,0.0,5,5,1,1
31551,31.0,4,999,1,-1.8,92.893,-46.2,1.327,5099.1,999.0,0,0.0,0.0,0.0,2,8,0.0,4,5,1,2
31552,57.0,1,999,0,1.1,93.994,-36.4,4.857,5191.0,999.0,0,0.0,0.0,1.0,3,7,0.0,3,5,1,1
31553,31.0,1,9,1,-1.7,94.215,-40.3,0.802,4991.6,0.3,3,0.0,0.0,1.0,2,5,0.0,6,7,1,3
31554,36.0,2,999,0,1.1,93.994,-36.4,4.857,5191.0,999.0,0,0.0,0.0,1.0,1,4,0.0,4,5,1,1
31555,37.0,1,999,1,-1.8,93.075,-47.1,1.405,5099.1,999.0,4,1.0,1.0,0.0,2,8,0.0,6,4,1,2
31556,30.0,4,999,0,1.1,93.994,-36.4,4.857,5191.0,999.0,0,0.0,1.0,1.0,3,7,0.0,3,5,1,1
31557,31.0,3,999,0,1.4,93.444,-36.1,4.965,5228.1,999.0,0,1.0,1.0,0.0,2,2,0.0,8,8,2,1
31558,31.0,11,999,0,1.1,93.994,-36.4,4.856,5191.0,999.0,0,0.0,1.0,1.0,2,5,0.0,9,5,1,1
31559,31.0,2,999,0,1.4,93.444,-36.1,4.968,5228.1,999.0,0,1.0,1.0,0.0,2,6,0.0,5,8,1,1
31560,25.0,1,999,1,-1.8,93.075,-47.1,1.365,5099.1,999.0,3,1.0,1.0,0.0,1,8,0.0,5,4,1,2
31561,75.0,2,999,0,-1.8,93.075,-47.1,1.405,5099.1,999.0,0,0.0,0.0,0.0,2,8,0.0,8,4,1,1
31562,31.0,2,999,0,1.4,93.444,-36.1,4.963,5228.1,999.0,0,0.0,0.0,0.0,2,5,0.0,6,8,1,1
31563,34.0,3,999,0,1.4,94.465,-41.8,4.961,5228.1,999.0,0,1.0,0.0,1.0,1,5,0.0,6,6,1,1
31564,31.0,5,3,2,-3.4,92.649,-30.1,0.714,5017.5,0.1,4,1.0,0.0,0.0,2,6,0.0,5,11,2,3
31565,35.0,3,999,0,1.4,93.918,-42.7,4.962,5228.1,999.0,0,1.0,0.0,0.0,2,7,0.0,1,7,2,1
31566,31.0,9,999,0,1.1,93.994,-36.4,4.857,5191.0,999.0,0,1.0,0.0,1.0,2,5,0.0,6,5,2,1
31567,50.0,2,999,0,1.1,93.994,-36.4,4.86,5191.0,999.0,0,0.0,0.0,1.0,2,2,0.0,1,5,1,1
31568,26.0,2,999,0,1.4,93.918,-42.7,4.962,5228.1,999.0,0,0.0,0.0,0.0,2,5,0.0,5,7,2,1
31569,57.0,1,999,0,-0.1,93.2,-42.0,4.021,5195.8,999.0,0,0.0,0.0,0.0,2,7,0.0,3,11,1,1
31570,32.0,17,999,0,1.4,94.465,-41.8,4.961,5228.1,999.0,0,1.0,0.0,1.0,1,4,0.0,4,6,2,1
31571,53.0,1,999,0,1.4,93.918,-42.7,4.961,5228.1,999.0,0,0.0,0.0,0.0,3,8,0.0,5,7,1,1
31572,31.0,2,999,0,1.4,94.465,-41.8,4.962,5228.1,999.0,0,0.0,1.0,1.0,2,4,0.0,4,6,1,1
31573,29.0,1,999,1,-1.8,93.075,-47.1,1.41,5099.1,999.0,3,1.0,1.0,0.0,1,3,0.0,4,4,1,2
31574,31.0,1,999,0,-3.4,92.431,-26.9,0.737,5017.5,999.0,0,1.0,0.0,1.0,1,6,0.0,9,10,1,1
31575,35.0,1,999,0,-1.8,92.893,-46.2,1.244,5099.1,999.0,0,0.0,0.0,0.0,1,8,0.0,6,5,2,1
31576,31.0,1,2,1,-1.8,93.075,-47.1,1.365,5099.1,0.0666666666667,0,1.0,0.0,0.0,2,2,0.0,8,4,1,3
31577,33.0,1,999,0,1.4,93.918,-42.7,4.963,5228.1,999.0,0,1.0,1.0,0.0,2,2,0.0,4,7,1,1
31578,31.0,1,999,0,-3.4,92.431,-26.9,0.724,5017.5,999.0,0,1.0,0.0,0.0,2,5,0.0,6,10,1,1
31579,31.0,3,999,0,-0.1,93.2,-42.0,4.076,5195.8,999.0,0,1.0,0.0,1.0,1,7,0.0,3,11,1,1
31580,34.0,2,999,0,1.4,93.918,-42.7,4.963,5228.1,999.0,0,1.0,0.0,0.0,1,8,0.0,5,7,1,1
31581,41.0,1,999,0,1.1,93.994,-36.4,4.859,5191.0,999.0,0,0.0,0.0,1.0,2,7,0.0,2,5,1,1
31582,38.0,5,999,1,-1.8,92.893,-46.2,1.313,5099.1,999.0,3,1.0,0.0,0.0,2,5,0.0,6,5,1,2
31583,58.0,2,999,0,-1.8,92.893,-46.2,1.259,5099.1,999.0,0,0.0,1.0,0.0,2,4,0.0,8,5,1,1
31584,48.0,3,999,0,-3.0,92.713,-33.0,0.715,5023.5,999.0,0,1.0,1.0,0.0,2,6,0.0,5,12,1,1
31585,31.0,4,999,0,1.4,93.918,-42.7,4.963,5228.1,999.0,0,0.0,0.0,0.0,2,4,0.0,4,7,1,1
31586,41.0,3,999,1,-1.8,93.075,-47.1,1.405,5099.1,999.0,0,1.0,1.0,0.0,2,6,0.0,5,4,2,2
31587,31.0,3,999,0,1.4,93.444,-36.1,4.968,5228.1,999.0,0,1.0,0.0,0.0,1,7,0.0,5,8,1,1
31588,38.0,1,999,0,1.1,93.994,-36.4,4.86,5191.0,999.0,0,1.0,0.0,1.0,1,4,0.0,9,5,1,1
31589,36.0,1,999,0,-1.8,93.075,-47.1,1.453,5099.1,999.0,0,1.0,0.0,0.0,2,4,0.0,4,4,1,1
31590,38.0,1,999,0,-0.1,93.2,-42.0,4.021,5195.8,999.0,0,1.0,1.0,0.0,1,6,0.0,5,11,1,1
31591,30.0,1,999,0,-0.1,93.2,-42.0,4.153,5195.8,999.0,0,1.0,0.0,0.0,2,8,0.0,9,11,1,1
31592,33.0,4,999,0,1.4,93.444,-36.1,4.965,5228.1,999.0,0,0.0,0.0,1.0,1,7,0.0,1,8,1,1
31593,30.0,4,999,0,1.4,93.444,-36.1,4.963,5228.1,999.0,0,1.0,0.0,0.0,2,8,0.0,5,8,1,1
31594,54.0,2,4,1,-2.9,92.201,-31.4,0.883,5076.2,0.133333333333,0,1.0,0.0,0.0,3,8,0.0,6,8,1,3
31595,31.0,5,999,0,1.4,93.918,-42.7,4.961,5228.1,999.0,0,1.0,0.0,0.0,1,8,0.0,9,7,1,1
31596,31.0,1,999,0,-1.8,92.893,-46.2,1.266,5099.1,999.0,0,1.0,0.0,0.0,2,8,0.0,4,5,1,1
31597,43.0,1,999,0,1.4,93.918,-42.7,4.96,5228.1,999.0,0,1.0,0.0,0.0,2,4,0.0,7,7,2,1
31598,58.0,1,999,0,1.4,93.918,-42.7,4.963,5228.1,999.0,0,1.0,0.0,1.0,2,7,0.0,7,7,1,1
31599,35.0,3,999,0,1.4,93.918,-42.7,4.963,5228.1,999.0,0,1.0,0.0,0.0,2,6,0.0,6,7,1,1
31600,31.0,1,999,1,-1.8,92.893,-46.2,1.291,5099.1,999.0,5,0.0,0.0,0.0,2,8,0.0,9,5,1,2
31601,31.0,2,999,0,1.4,93.444,-36.1,4.964,5228.1,999.0,0,0.0,0.0,0.0,2,7,0.0,6,8,1,1
31602,34.0,1,999,0,1.4,93.444,-36.1,4.97,5228.1,999.0,0,0.0,0.0,0.0,1,7,0.0,5,8,2,1
31603,31.0,3,999,0,1.4,93.918,-42.7,4.961,5228.1,999.0,0,0.0,0.0,0.0,2,7,0.0,8,7,1,1
31604,27.0,2,999,0,-2.9,92.469,-33.6,0.944,5076.2,999.0,0,1.0,0.0,0.0,1,8,0.0,3,7,2,1
31605,42.0,1,999,0,1.4,93.918,-42.7,4.962,5228.1,999.0,0,0.0,0.0,0.0,2,8,0.0,4,7,1,1
31606,24.0,3,999,0,1.4,94.465,-41.8,4.947,5228.1,999.0,0,0.0,0.0,1.0,1,4,0.0,5,6,1,1
31607,35.0,1,999,0,1.1,93.994,-36.4,4.855,5191.0,999.0,0,0.0,0.0,1.0,1,2,0.0,12,5,1,1
31608,31.0,2,999,0,1.1,93.994,-36.4,4.855,5191.0,999.0,0,0.0,0.0,1.0,2,3,0.0,4,5,1,1
31609,41.0,1,999,0,1.1,93.994,-36.4,4.857,5191.0,999.0,0,0.0,0.0,1.0,2,8,0.0,4,5,2,1
31610,55.0,1,999,0,-0.1,93.2,-42.0,4.191,5195.8,999.0,0,0.0,0.0,0.0,3,8,0.0,4,11,2,1
31611,30.0,4,6,3,-1.1,94.199,-37.5,0.879,4963.6,0.2,6,1.0,1.0,0.0,1,6,0.0,11,9,1,3
31612,31.0,1,999,1,-2.9,92.201,-31.4,0.884,5076.2,999.0,0,0.0,0.0,0.0,2,7,0.0,3,8,1,2
31613,33.0,8,999,0,1.4,94.465,-41.8,4.958,5228.1,999.0,0,1.0,0.0,1.0,2,8,0.0,4,6,1,1
31614,31.0,4,999,0,-0.1,93.2,-42.0,4.12,5195.8,999.0,0,1.0,0.0,0.0,1,5,0.0,5,11,1,1
31615,31.0,1,999,1,-1.8,92.893,-46.2,1.313,5099.1,999.0,1,1.0,0.0,0.0,2,8,0.0,4,5,1,2
31616,50.0,3,999,0,1.4,93.918,-42.7,4.962,5228.1,999.0,0,1.0,0.0,0.0,2,8,0.0,4,7,1,1
31617,36.0,2,999,0,-0.1,93.2,-42.0,4.076,5195.8,999.0,0,0.0,0.0,1.0,2,7,0.0,6,11,1,1
31618,53.0,5,999,2,-1.8,93.369,-34.8,0.646,5008.7,999.0,4,1.0,0.0,1.0,2,6,0.0,5,3,1,2
31619,32.0,1,999,0,1.1,93.994,-36.4,4.856,5191.0,999.0,0,0.0,0.0,1.0,2,8,0.0,9,5,1,1
31620,35.0,2,999,0,-1.8,92.893,-46.2,1.313,5099.1,999.0,0,0.0,0.0,0.0,2,5,0.0,9,5,1,1
31621,31.0,1,999,0,1.1,93.994,-36.4,4.858,5191.0,999.0,0,1.0,1.0,1.0,1,8,0.0,2,5,2,1
31622,35.0,1,999,0,1.4,94.465,-41.8,4.958,5228.1,999.0,0,1.0,0.0,1.0,2,5,0.0,9,6,1,1
31623,46.0,2,999,0,1.1,93.994,-36.4,4.858,5191.0,999.0,0,1.0,1.0,1.0,2,2,0.0,4,5,1,1
31624,31.0,1,999,1,-1.7,94.027,-38.3,0.886,4991.6,999.0,0,0.0,0.0,0.0,1,5,0.0,6,8,1,2
31625,31.0,5,999,0,-1.8,92.893,-46.2,1.334,5099.1,999.0,0,1.0,0.0,0.0,2,8,0.0,1,5,1,1
31626,31.0,2,999,0,-0.1,93.2,-42.0,4.153,5195.8,999.0,0,0.0,0.0,0.0,2,8,0.0,9,11,1,1
31627,27.0,1,3,1,-1.8,93.369,-34.8,0.637,5008.7,0.1,1,0.0,0.0,0.0,1,8,0.0,6,3,1,3
31628,43.0,1,999,1,-1.8,92.893,-46.2,1.327,5099.1,999.0,4,1.0,0.0,0.0,2,8,0.0,4,5,1,2
31629,40.0,1,999,1,-1.8,93.075,-47.1,1.405,5099.1,999.0,2,1.0,0.0,0.0,2,5,0.0,9,4,2,2
31630,31.0,1,999,1,-1.8,92.893,-46.2,1.354,5099.1,999.0,4,0.0,0.0,0.0,3,7,0.0,6,5,2,2
31631,26.0,2,999,0,1.1,93.994,-36.4,4.856,5191.0,999.0,0,0.0,0.0,1.0,2,8,0.0,4,5,1,1
31632,40.0,6,999,1,-0.1,93.2,-42.0,4.076,5195.8,999.0,3,1.0,1.0,0.0,4,8,0.0,7,11,1,2
31633,39.0,5,999,1,-1.8,92.893,-46.2,1.266,5099.1,999.0,5,1.0,0.0,0.0,2,5,0.0,6,5,1,2
31634,49.0,2,999,0,1.1,93.994,-36.4,4.857,5191.0,999.0,0,0.0,1.0,1.0,3,8,0.0,3,5,1,1
31635,48.0,4,999,0,1.4,94.465,-41.8,4.958,5228.1,999.0,0,0.0,0.0,1.0,2,4,0.0,4,6,1,1
31636,40.0,1,999,0,-2.9,92.201,-31.4,0.821,5076.2,999.0,0,1.0,0.0,0.0,2,5,0.0,5,8,2,1
31637,45.0,1,999,1,-0.1,93.2,-42.0,4.021,5195.8,999.0,1,1.0,0.0,0.0,3,7,0.0,6,11,1,2
31638,33.0,2,999,0,1.4,93.444,-36.1,4.965,5228.1,999.0,0,1.0,1.0,0.0,2,8,0.0,5,8,2,1
31639,36.0,1,999,0,1.4,94.465,-41.8,4.961,5228.1,999.0,0,1.0,0.0,1.0,2,6,0.0,5,6,1,1
31640,26.0,2,999,0,-1.8,92.893,-46.2,1.27,5099.1,999.0,0,0.0,0.0,0.0,2,7,0.0,1,5,1,1
31641,33.0,1,999,0,1.1,93.994,-36.4,4.857,5191.0,999.0,0,0.0,0.0,1.0,2,7,0.0,6,5,2,1
31642,40.0,2,999,0,1.4,93.444,-36.1,4.966,5228.1,999.0,0,1.0,0.0,0.0,1,7,0.0,5,8,1,1
31643,46.0,2,999,0,1.4,94.465,-41.8,4.962,5228.1,999.0,0,0.0,0.0,1.0,3,6,0.0,5,6,1,1
31644,20.0,1,999,0,-1.8,93.749,-34.6,0.646,5008.7,999.0,0,1.0,0.0,0.0,1,8,0.0,11,4,1,1
31645,52.0,2,999,0,-0.1,93.2,-42.0,4.021,5195.8,999.0,0,1.0,0.0,0.0,3,5,0.0,6,11,1,1
31646,59.0,3,999,0,-1.8,92.893,-46.2,1.259,5099.1,999.0,0,1.0,0.0,1.0,1,7,0.0,1,5,1,1
31647,31.0,1,999,1,-1.8,92.893,-46.2,1.334,5099.1,999.0,4,1.0,0.0,0.0,3,7,0.0,5,5,1,2
31648,31.0,4,999,0,1.4,94.465,-41.8,4.959,5228.1,999.0,0,0.0,0.0,1.0,3,7,0.0,6,6,1,1
31649,27.0,1,999,0,1.4,93.918,-42.7,4.961,5228.1,999.0,0,1.0,0.0,0.0,2,8,0.0,5,7,1,1
31650,47.0,3,999,0,1.4,93.918,-42.7,4.96,5228.1,999.0,0,0.0,0.0,0.0,2,8,0.0,4,7,2,1
31651,25.0,1,999,0,-0.1,93.2,-42.0,4.7,5195.8,999.0,0,0.0,1.0,1.0,1,7,0.0,6,11,1,1
31652,31.0,2,999,0,-1.8,92.893,-46.2,1.299,5099.1,999.0,0,1.0,0.0,0.0,2,8,0.0,6,5,2,1
31653,31.0,8,999,0,-1.8,92.893,-46.2,1.266,5099.1,999.0,0,1.0,0.0,0.0,1,7,0.0,5,5,1,1
31654,51.0,5,999,0,1.1,93.994,-36.4,4.857,5191.0,999.0,0,0.0,0.0,1.0,3,7,0.0,6,5,2,1
31655,33.0,2,999,0,1.1,93.994,-36.4,4.855,5191.0,999.0,0,1.0,1.0,1.0,1,7,0.0,3,5,1,1
31656,35.0,1,999,0,-0.1,93.2,-42.0,4.076,5195.8,999.0,0,1.0,0.0,0.0,1,8,0.0,1,11,1,1
31657,38.0,1,999,0,1.1,93.994,-36.4,4.856,5191.0,999.0,0,0.0,0.0,1.0,1,7,0.0,4,5,1,1
31658,30.0,5,999,0,1.4,94.465,-41.8,4.947,5228.1,999.0,0,0.0,0.0,1.0,3,7,0.0,7,6,1,1
31659,38.0,1,999,0,1.1,93.994,-36.4,4.857,5191.0,999.0,0,0.0,1.0,1.0,2,8,0.0,4,5,1,1
31660,31.0,2,999,0,1.4,93.444,-36.1,4.963,5228.1,999.0,0,0.0,0.0,0.0,2,6,0.0,5,8,1,1
31661,31.0,1,999,0,1.1,93.994,-36.4,4.858,5191.0,999.0,0,0.0,0.0,1.0,1,7,0.0,3,5,1,1
31662,50.0,1,999,0,-1.8,92.893,-46.2,1.266,5099.1,999.0,0,0.0,0.0,0.0,2,8,0.0,1,5,1,1
31663,37.0,3,999,0,1.4,94.465,-41.8,4.96,5228.1,999.0,0,0.0,1.0,1.0,1,8,0.0,5,6,2,1
31664,33.0,1,999,0,1.4,93.444,-36.1,4.964,5228.1,999.0,0,0.0,1.0,0.0,1,7,0.0,6,8,1,1
31665,49.0,1,999,0,-3.4,92.649,-30.1,0.715,5017.5,999.0,0,0.0,1.0,0.0,2,8,0.0,3,11,1,1
31666,34.0,3,999,0,-1.7,94.215,-40.3,0.81,4991.6,999.0,0,0.0,0.0,0.0,1,7,0.0,1,7,1,1
31667,39.0,4,999,0,1.1,93.994,-36.4,4.864,5191.0,999.0,0,1.0,0.0,1.0,2,2,0.0,4,5,1,1
31668,31.0,1,999,0,1.4,94.465,-41.8,4.961,5228.1,999.0,0,1.0,0.0,1.0,2,8,0.0,8,6,2,1
31669,30.0,9,999,0,1.4,93.444,-36.1,4.963,5228.1,999.0,0,1.0,0.0,0.0,3,7,0.0,6,8,1,1
31670,41.0,2,999,0,-1.8,93.876,-40.0,0.682,5008.7,999.0,0,0.0,0.0,1.0,2,7,0.0,6,5,2,1
31671,23.0,1,999,0,1.1,93.994,-36.4,4.857,5191.0,999.0,0,0.0,0.0,1.0,2,4,0.0,4,5,2,1
31672,41.0,2,999,0,1.4,94.465,-41.8,4.958,5228.1,999.0,0,0.0,0.0,1.0,2,2,0.0,4,6,1,1
31673,58.0,1,999,0,1.4,93.918,-42.7,4.963,5228.1,999.0,0,0.0,0.0,0.0,2,5,0.0,9,7,1,1
31674,51.0,3,999,0,1.4,94.465,-41.8,4.864,5228.1,999.0,0,1.0,1.0,1.0,3,7,0.0,8,6,1,1
31675,51.0,1,999,0,1.4,93.918,-42.7,4.962,5228.1,999.0,0,1.0,0.0,0.0,2,8,0.0,3,7,1,1
31676,31.0,7,999,0,1.4,94.465,-41.8,4.864,5228.1,999.0,0,0.0,0.0,1.0,2,8,0.0,4,6,1,1
31677,56.0,6,999,1,-0.1,93.2,-42.0,4.076,5195.8,999.0,3,1.0,0.0,0.0,3,8,0.0,2,11,1,2
31678,37.0,4,999,0,1.1,93.994,-36.4,4.856,5191.0,999.0,0,0.0,0.0,1.0,2,5,0.0,6,5,1,1
31679,50.0,1,999,0,1.4,93.444,-36.1,4.966,5228.1,999.0,0,0.0,0.0,0.0,2,6,0.0,10,8,1,1
31680,58.0,1,999,0,-2.9,92.963,-40.8,1.262,5076.2,999.0,0,1.0,0.0,0.0,3,5,0.0,8,6,1,1
31681,31.0,3,999,0,1.4,93.444,-36.1,4.964,5228.1,999.0,0,0.0,0.0,0.0,1,7,0.0,6,8,1,1
31682,31.0,1,999,1,-1.8,92.893,-46.2,1.281,5099.1,999.0,1,1.0,0.0,0.0,1,8,0.0,9,5,1,2
31683,45.0,1,999,0,-1.8,93.075,-47.1,1.405,5099.1,999.0,0,0.0,0.0,0.0,1,8,0.0,9,4,1,1
31684,45.0,1,999,1,-1.8,93.075,-47.1,1.405,5099.1,999.0,0,1.0,0.0,0.0,2,8,0.0,4,4,2,2
31685,25.0,4,999,0,-1.8,92.893,-46.2,1.244,5099.1,999.0,0,1.0,0.0,0.0,1,6,0.0,5,5,2,1
31686,42.0,1,999,0,1.4,93.918,-42.7,4.966,5228.1,999.0,0,1.0,1.0,1.0,2,2,0.0,4,7,1,1
31687,31.0,5,999,0,1.4,94.465,-41.8,4.959,5228.1,999.0,0,1.0,0.0,1.0,2,7,0.0,6,6,1,1
31688,65.0,2,12,1,-1.1,94.601,-49.5,1.029,4963.6,0.4,1,1.0,1.0,0.0,2,5,0.0,8,10,1,3
31689,31.0,1,999,0,-1.8,92.893,-46.2,1.281,5099.1,999.0,0,1.0,0.0,0.0,1,8,0.0,4,5,1,1
31690,31.0,1,999,0,1.4,93.918,-42.7,4.958,5228.1,999.0,0,0.0,0.0,0.0,3,5,0.0,6,7,1,1
31691,35.0,3,999,0,1.4,93.918,-42.7,4.96,5228.1,999.0,0,0.0,0.0,0.0,1,7,0.0,7,7,2,1
31692,31.0,2,999,0,1.4,93.444,-36.1,4.963,5228.1,999.0,0,1.0,0.0,0.0,2,8,0.0,4,8,1,1
31693,37.0,3,999,0,1.4,94.465,-41.8,4.959,5228.1,999.0,0,1.0,0.0,1.0,2,5,0.0,6,6,1,1
31694,41.0,1,999,0,-0.1,93.2,-42.0,4.076,5195.8,999.0,0,1.0,0.0,0.0,3,3,0.0,3,11,1,1
31695,31.0,1,999,0,1.4,94.465,-41.8,4.961,5228.1,999.0,0,1.0,0.0,1.0,1,5,0.0,9,6,2,1
31696,32.0,1,999,0,1.4,93.444,-36.1,4.963,5228.1,999.0,0,0.0,0.0,0.0,2,6,0.0,5,8,1,1
31697,31.0,7,999,0,1.4,93.444,-36.1,4.962,5228.1,999.0,0,1.0,0.0,0.0,1,7,0.0,6,8,1,1
31698,31.0,6,999,0,1.4,93.444,-36.1,4.965,5228.1,999.0,0,0.0,0.0,0.0,2,8,0.0,3,8,2,1
31699,38.0,1,999,1,-1.8,93.075,-47.1,1.405,5099.1,999.0,5,0.0,0.0,0.0,1,8,0.0,5,4,1,2
31700,46.0,1,999,1,-1.8,93.075,-47.1,1.405,5099.1,999.0,1,0.0,0.0,0.0,2,5,0.0,9,4,2,2
31701,31.0,7,999,0,1.4,93.918,-42.7,4.962,5228.1,999.0,0,1.0,0.0,0.0,1,8,0.0,4,7,2,1
31702,48.0,2,999,0,-1.8,92.893,-46.2,1.327,5099.1,999.0,0,0.0,1.0,0.0,2,8,0.0,4,5,1,1
31703,31.0,3,999,0,1.4,93.918,-42.7,4.962,5228.1,999.0,0,1.0,0.0,0.0,1,8,0.0,4,7,1,1
31704,32.0,2,999,0,1.4,93.918,-42.7,4.963,5228.1,999.0,0,0.0,0.0,0.0,2,8,0.0,5,7,1,1
31705,34.0,4,999,0,-1.8,92.893,-46.2,1.291,5099.1,999.0,0,0.0,0.0,0.0,1,8,0.0,5,5,1,1
31706,31.0,2,999,2,-1.8,93.075,-47.1,1.479,5099.1,999.0,4,0.0,0.0,1.0,2,7,0.0,3,4,1,2
31707,31.0,1,999,0,-1.8,92.893,-46.2,1.344,5099.1,999.0,0,1.0,0.0,0.0,1,6,0.0,5,5,1,1
31708,31.0,2,999,0,1.4,94.465,-41.8,4.959,5228.1,999.0,0,1.0,0.0,1.0,2,5,0.0,9,6,1,1
31709,52.0,4,999,0,1.4,93.444,-36.1,4.963,5228.1,999.0,0,1.0,0.0,1.0,2,4,0.0,4,8,1,1
31710,40.0,1,999,0,-1.8,92.893,-46.2,1.334,5099.1,999.0,0,1.0,0.0,0.0,2,8,0.0,4,5,1,1
31711,28.0,2,999,0,-1.8,92.893,-46.2,1.244,5099.1,999.0,0,1.0,0.0,0.0,1,7,0.0,6,5,2,1
31712,46.0,1,999,1,-1.8,93.075,-47.1,1.405,5099.1,999.0,3,1.0,0.0,0.0,2,7,0.0,3,4,1,2
31713,42.0,1,999,0,1.4,93.444,-36.1,4.965,5228.1,999.0,0,1.0,1.0,0.0,2,7,0.0,3,8,1,1
31714,31.0,2,999,0,1.4,93.444,-36.1,4.964,5228.1,999.0,0,1.0,0.0,0.0,2,5,0.0,5,8,1,1
31715,35.0,5,999,0,1.4,93.444,-36.1,4.965,5228.1,999.0,0,0.0,1.0,1.0,2,8,0.0,3,8,2,1
31716,81.0,2,999,1,-1.8,92.893,-46.2,1.354,5099.1,999.0,1,0.0,0.0,0.0,2,4,0.0,8,5,2,2
31717,34.0,3,999,0,1.4,93.444,-36.1,4.968,5228.1,999.0,0,1.0,0.0,0.0,1,8,0.0,6,8,1,1
31718,31.0,2,999,1,-1.8,93.876,-40.0,0.677,5008.7,999.0,0,0.0,0.0,0.0,1,8,0.0,11,5,1,2
31719,35.0,2,999,0,1.1,93.994,-36.4,4.858,5191.0,999.0,0,0.0,0.0,1.0,1,8,0.0,4,5,1,1
31720,41.0,2,999,0,-3.0,92.713,-33.0,0.707,5023.5,999.0,0,1.0,0.0,0.0,2,7,0.0,6,12,1,1
31721,55.0,1,999,0,1.1,93.994,-36.4,4.855,5191.0,999.0,0,0.0,0.0,1.0,2,5,0.0,6,5,1,1
31722,31.0,11,999,0,1.4,94.465,-41.8,4.959,5228.1,999.0,0,0.0,0.0,1.0,2,3,0.0,1,6,1,1
31723,56.0,5,999,0,1.4,94.465,-41.8,4.864,5228.1,999.0,0,1.0,0.0,1.0,2,2,0.0,3,6,1,1
31724,49.0,1,999,0,-1.8,93.075,-47.1,1.41,5099.1,999.0,0,1.0,0.0,0.0,2,7,0.0,3,4,1,1
31725,31.0,2,999,0,1.1,93.994,-36.4,4.86,5191.0,999.0,0,1.0,0.0,1.0,1,5,0.0,6,5,1,1
31726,31.0,3,999,0,1.4,93.444,-36.1,4.963,5228.1,999.0,0,0.0,1.0,0.0,2,2,0.0,4,8,1,1
31727,60.0,2,999,0,1.1,93.994,-36.4,4.857,5191.0,999.0,0,0.0,0.0,1.0,2,7,0.0,6,5,1,1
31728,31.0,1,999,0,-1.8,92.843,-50.0,1.52,5099.1,999.0,0,0.0,0.0,0.0,2,8,0.0,8,3,2,1
31729,41.0,1,999,0,-1.8,92.893,-46.2,1.334,5099.1,999.0,0,1.0,1.0,0.0,1,8,0.0,4,5,1,1
31730,51.0,1,999,0,-0.1,93.2,-42.0,4.021,5195.8,999.0,0,0.0,0.0,0.0,3,8,0.0,3,11,1,1
31731,31.0,2,999,0,1.4,94.465,-41.8,4.962,5228.1,999.0,0,0.0,0.0,1.0,2,8,0.0,5,6,1,1
31732,31.0,1,999,0,1.4,93.918,-42.7,4.962,5228.1,999.0,0,1.0,1.0,0.0,2,8,0.0,9,7,2,1
31733,31.0,2,999,0,1.4,93.918,-42.7,4.96,5228.1,999.0,0,0.0,1.0,1.0,1,5,0.0,9,7,2,1
31734,41.0,3,999,0,-0.1,93.2,-42.0,4.076,5195.8,999.0,0,1.0,0.0,0.0,2,4,0.0,5,11,1,1
31735,31.0,4,999,0,1.4,93.918,-42.7,4.962,5228.1,999.0,0,0.0,1.0,0.0,3,7,0.0,5,7,2,1
31736,31.0,10,999,0,1.4,93.444,-36.1,4.965,5228.1,999.0,0,0.0,0.0,0.0,1,6,0.0,5,8,2,1
31737,31.0,2,999,0,1.1,93.994,-36.4,4.857,5191.0,999.0,0,1.0,0.0,1.0,2,8,0.0,3,5,1,1
31738,45.0,2,999,0,1.1,93.994,-36.4,4.857,5191.0,999.0,0,1.0,0.0,1.0,2,8,0.0,4,5,2,1
31739,29.0,7,999,0,-0.1,93.2,-42.0,4.021,5195.8,999.0,0,1.0,0.0,0.0,1,8,0.0,3,11,1,1
31740,28.0,1,999,0,1.1,93.994,-36.4,4.855,5191.0,999.0,0,0.0,0.0,1.0,2,3,0.0,4,5,1,1
31741,75.0,1,6,2,-1.8,93.749,-34.6,0.642,5008.7,0.2,4,0.0,0.0,1.0,3,5,0.0,8,4,1,3
31742,46.0,1,999,0,1.4,94.465,-41.8,4.959,5228.1,999.0,0,0.0,0.0,1.0,2,3,0.0,4,6,1,1
31743,27.0,3,999,0,1.1,93.994,-36.4,4.858,5191.0,999.0,0,1.0,0.0,1.0,2,8,0.0,4,5,2,1
31744,31.0,1,999,0,-0.1,93.2,-42.0,4.076,5195.8,999.0,0,0.0,0.0,0.0,1,3,0.0,4,11,1,1
31745,40.0,6,999,1,-1.8,93.075,-47.1,1.405,5099.1,999.0,2,0.0,0.0,0.0,2,5,0.0,9,4,1,2
31746,31.0,1,999,0,1.1,93.994,-36.4,4.856,5191.0,999.0,0,0.0,0.0,1.0,2,8,0.0,7,5,1,1
31747,20.0,4,999,0,-1.8,93.876,-40.0,0.672,5008.7,999.0,0,1.0,0.0,1.0,1,8,0.0,11,5,1,1
31748,40.0,1,999,0,-0.1,93.2,-42.0,4.021,5195.8,999.0,0,0.0,0.0,0.0,3,8,0.0,4,11,1,1
31749,35.0,2,999,0,1.4,94.465,-41.8,4.962,5228.1,999.0,0,0.0,0.0,1.0,1,8,0.0,4,6,1,1
31750,31.0,2,999,0,1.4,93.444,-36.1,4.964,5228.1,999.0,0,0.0,0.0,0.0,2,7,0.0,6,8,1,1
31751,35.0,2,999,1,-1.8,92.893,-46.2,1.327,5099.1,999.0,3,0.0,1.0,0.0,1,6,0.0,5,5,1,2
31752,31.0,1,999,0,1.4,93.444,-36.1,4.966,5228.1,999.0,0,1.0,0.0,0.0,1,7,0.0,2,8,1,1
31753,37.0,1,999,0,1.4,93.444,-36.1,4.963,5228.1,999.0,0,1.0,0.0,0.0,2,7,0.0,5,8,1,1
31754,42.0,1,999,0,1.4,94.465,-41.8,4.958,5228.1,999.0,0,0.0,0.0,1.0,2,6,0.0,5,6,1,1
31755,31.0,1,999,0,1.4,94.465,-41.8,4.864,5228.1,999.0,0,1.0,1.0,1.0,2,3,0.0,4,6,1,1
31756,44.0,3,999,0,1.1,93.994,-36.4,4.855,5191.0,999.0,0,0.0,0.0,1.0,1,6,0.0,5,5,1,1
31757,31.0,7,999,0,1.4,93.918,-42.7,4.963,5228.1,999.0,0,0.0,0.0,0.0,3,8,0.0,7,7,1,1
31758,53.0,2,999,0,1.4,94.465,-41.8,4.865,5228.1,999.0,0,0.0,0.0,1.0,3,8,0.0,6,6,2,1
31759,31.0,2,999,0,1.4,93.918,-42.7,4.958,5228.1,999.0,0,0.0,1.0,0.0,2,8,0.0,3,7,1,1
31760,31.0,1,999,0,1.1,93.994,-36.4,4.857,5191.0,999.0,0,1.0,0.0,1.0,1,4,0.0,4,5,1,1
31761,25.0,3,999,1,-1.8,93.369,-34.8,0.653,5008.7,999.0,2,1.0,0.0,1.0,1,7,0.0,11,3,1,2
31762,58.0,2,999,1,-0.1,93.2,-42.0,4.153,5195.8,999.0,3,0.0,1.0,0.0,2,8,0.0,7,11,1,2
31763,31.0,1,999,0,1.4,93.918,-42.7,4.966,5228.1,999.0,0,1.0,0.0,1.0,2,3,0.0,4,7,1,1
31764,33.0,1,999,0,-0.1,93.2,-42.0,4.12,5195.8,999.0,0,0.0,0.0,0.0,2,7,0.0,5,11,1,1
31765,46.0,1,999,0,-0.1,93.2,-42.0,4.191,5195.8,999.0,0,0.0,0.0,0.0,2,3,0.0,3,11,2,1
31766,36.0,1,999,0,-1.8,93.075,-47.1,1.405,5099.1,999.0,0,1.0,0.0,0.0,3,3,0.0,4,4,1,1
31767,30.0,2,999,0,1.4,94.465,-41.8,4.864,5228.1,999.0,0,0.0,1.0,1.0,2,8,0.0,4,6,1,1
31768,25.0,1,999,0,-1.8,92.893,-46.2,1.266,5099.1,999.0,0,1.0,0.0,0.0,2,7,0.0,3,5,1,1
31769,46.0,1,999,1,-1.8,93.075,-47.1,1.405,5099.1,999.0,2,0.0,0.0,0.0,2,6,0.0,6,4,1,2
31770,58.0,4,999,0,1.4,94.465,-41.8,4.959,5228.1,999.0,0,1.0,1.0,1.0,2,7,0.0,6,6,1,1
31771,61.0,2,999,1,-3.4,92.431,-26.9,0.73,5017.5,999.0,0,1.0,0.0,0.0,2,7,0.0,3,10,1,2
31772,43.0,1,999,0,1.1,93.994,-36.4,4.857,5191.0,999.0,0,0.0,0.0,1.0,2,2,0.0,7,5,1,1
31773,35.0,6,999,0,1.4,93.918,-42.7,4.961,5228.1,999.0,0,1.0,0.0,0.0,1,4,0.0,4,7,1,1
31774,31.0,2,999,0,1.4,94.465,-41.8,4.864,5228.1,999.0,0,1.0,0.0,1.0,1,8,0.0,4,6,1,1
31775,39.0,17,999,0,1.4,93.918,-42.7,4.961,5228.1,999.0,0,0.0,0.0,0.0,3,5,0.0,6,7,1,1
31776,32.0,3,999,0,-3.4,92.649,-30.1,0.716,5017.5,999.0,0,1.0,0.0,1.0,2,5,0.0,6,11,1,1
31777,33.0,2,999,1,-0.1,93.2,-42.0,4.021,5195.8,999.0,3,1.0,0.0,0.0,1,5,0.0,5,11,1,2
31778,31.0,8,999,0,1.4,93.918,-42.7,4.968,5228.1,999.0,0,0.0,0.0,0.0,2,6,0.0,5,7,1,1
31779,27.0,2,999,0,1.4,93.918,-42.7,4.962,5228.1,999.0,0,0.0,1.0,0.0,2,8,0.0,6,7,1,1
31780,54.0,1,999,0,-1.8,92.893,-46.2,1.344,5099.1,999.0,0,0.0,1.0,0.0,2,7,0.0,1,5,1,1
31781,58.0,4,999,1,-2.9,92.469,-33.6,1.059,5076.2,999.0,1,1.0,0.0,0.0,2,8,0.0,6,7,1,2
31782,31.0,1,999,0,-0.1,93.2,-42.0,4.191,5195.8,999.0,0,0.0,0.0,0.0,3,7,0.0,5,11,2,1
31783,56.0,2,999,0,1.4,93.444,-36.1,4.965,5228.1,999.0,0,1.0,0.0,0.0,2,8,0.0,9,8,1,1
31784,54.0,2,999,0,-1.8,92.893,-46.2,1.313,5099.1,999.0,0,1.0,0.0,1.0,3,6,0.0,6,5,1,1
31785,31.0,1,999,0,1.1,93.994,-36.4,4.857,5191.0,999.0,0,1.0,0.0,1.0,2,8,0.0,7,5,1,1
31786,57.0,4,999,0,-1.8,93.075,-47.1,1.405,5099.1,999.0,0,0.0,1.0,0.0,1,7,0.0,7,4,2,1
31787,31.0,1,999,0,1.4,93.444,-36.1,4.97,5228.1,999.0,0,1.0,1.0,0.0,2,8,0.0,5,8,2,1
31788,42.0,1,999,0,1.1,93.994,-36.4,4.855,5191.0,999.0,0,0.0,0.0,1.0,2,8,0.0,6,5,1,1
31789,31.0,5,999,0,-1.8,92.893,-46.2,1.334,5099.1,999.0,0,1.0,1.0,0.0,2,4,0.0,4,5,1,1
31790,51.0,2,999,0,1.4,93.444,-36.1,4.968,5228.1,999.0,0,1.0,0.0,0.0,2,7,0.0,6,8,1,1
31791,31.0,4,999,0,1.4,93.918,-42.7,4.96,5228.1,999.0,0,0.0,0.0,0.0,2,7,0.0,6,7,2,1
31792,31.0,6,999,1,-1.8,93.369,-34.8,0.652,5008.7,999.0,3,0.0,0.0,0.0,1,8,0.0,9,3,2,2
31793,31.0,1,999,0,1.4,93.444,-36.1,4.967,5228.1,999.0,0,1.0,0.0,0.0,2,5,0.0,5,8,1,1
31794,31.0,2,999,0,1.1,93.994,-36.4,4.864,5191.0,999.0,0,1.0,1.0,1.0,2,5,0.0,9,5,1,1
31795,31.0,1,999,0,1.1,93.994,-36.4,4.858,5191.0,999.0,0,0.0,0.0,1.0,1,6,0.0,4,5,2,1
31796,31.0,3,999,0,1.1,93.994,-36.4,4.857,5191.0,999.0,0,1.0,0.0,1.0,2,6,0.0,5,5,1,1
31797,35.0,1,999,0,1.1,93.994,-36.4,4.855,5191.0,999.0,0,1.0,1.0,1.0,2,6,0.0,4,5,1,1
31798,35.0,1,999,0,1.4,94.465,-41.8,4.864,5228.1,999.0,0,0.0,0.0,1.0,2,2,0.0,4,6,1,1
31799,31.0,3,999,0,1.4,93.918,-42.7,4.961,5228.1,999.0,0,1.0,0.0,0.0,1,6,0.0,5,7,1,1
31800,31.0,4,999,0,1.1,93.994,-36.4,4.857,5191.0,999.0,0,0.0,0.0,1.0,1,7,0.0,5,5,2,1
31801,40.0,3,999,0,1.4,94.465,-41.8,4.864,5228.1,999.0,0,0.0,0.0,1.0,2,5,0.0,6,6,1,1
31802,32.0,3,12,2,-1.8,92.893,-46.2,1.264,5099.1,0.4,2,0.0,0.0,0.0,2,7,0.0,6,5,2,2
31803,31.0,1,999,0,-3.4,92.431,-26.9,0.739,5017.5,999.0,0,1.0,0.0,1.0,2,7,0.0,1,10,1,1
31804,31.0,1,999,0,-0.1,93.2,-42.0,4.12,5195.8,999.0,0,0.0,0.0,0.0,2,4,0.0,4,11,1,1
31805,31.0,3,999,0,1.1,93.994,-36.4,4.86,5191.0,999.0,0,0.0,0.0,1.0,1,6,0.0,9,5,1,1
31806,29.0,1,999,0,-2.9,92.201,-31.4,0.851,5076.2,999.0,0,0.0,0.0,0.0,2,7,0.0,6,8,1,1
31807,31.0,7,999,0,1.4,93.444,-36.1,4.965,5228.1,999.0,0,0.0,0.0,0.0,2,8,0.0,5,8,2,1
31808,46.0,4,999,0,1.4,93.918,-42.7,4.961,5228.1,999.0,0,0.0,0.0,0.0,2,2,0.0,4,7,1,1
31809,34.0,1,999,0,-1.8,92.893,-46.2,1.327,5099.1,999.0,0,1.0,0.0,0.0,2,7,0.0,3,5,1,1
31810,78.0,1,999,0,-1.7,94.055,-39.8,0.729,4991.6,999.0,0,0.0,0.0,0.0,3,8,0.0,8,6,1,1
31811,31.0,2,999,1,-1.8,93.075,-47.1,1.41,5099.1,999.0,1,1.0,0.0,0.0,2,4,0.0,4,4,1,2
31812,31.0,2,999,0,-0.1,93.2,-42.0,4.12,5195.8,999.0,0,1.0,1.0,0.0,2,8,0.0,4,11,1,1
31813,31.0,3,999,0,1.4,93.444,-36.1,4.962,5228.1,999.0,0,1.0,0.0,0.0,1,7,0.0,6,8,1,1
31814,38.0,1,999,0,1.4,94.465,-41.8,4.959,5228.1,999.0,0,0.0,0.0,1.0,2,5,0.0,9,6,1,1
31815,59.0,1,999,0,1.1,93.994,-36.4,4.86,5191.0,999.0,0,0.0,1.0,1.0,2,7,0.0,6,5,1,1
31816,38.0,5,999,0,1.1,93.994,-36.4,4.855,5191.0,999.0,0,0.0,0.0,1.0,2,5,0.0,6,5,1,1
31817,50.0,3,999,0,1.1,93.994,-36.4,4.857,5191.0,999.0,0,1.0,0.0,1.0,1,8,0.0,4,5,2,1
31818,31.0,2,999,1,-0.1,93.2,-42.0,4.191,5195.8,999.0,0,0.0,0.0,0.0,2,7,0.0,7,11,2,2
31819,57.0,1,999,1,-1.8,92.893,-46.2,1.299,5099.1,999.0,2,1.0,0.0,0.0,2,5,0.0,5,5,2,2
31820,31.0,1,999,0,1.4,93.918,-42.7,4.96,5228.1,999.0,0,0.0,0.0,0.0,2,7,0.0,6,7,2,1
31821,32.0,1,999,0,-0.1,93.2,-42.0,4.191,5195.8,999.0,0,1.0,0.0,0.0,3,5,0.0,6,11,2,1
31822,36.0,3,999,0,-1.8,92.893,-46.2,1.313,5099.1,999.0,0,1.0,0.0,0.0,2,7,0.0,6,5,1,1
31823,25.0,1,999,0,-1.1,94.767,-50.8,1.041,4963.6,999.0,0,0.0,0.0,0.0,1,8,0.0,11,11,1,1
31824,31.0,4,999,0,1.1,93.994,-36.4,4.857,5191.0,999.0,0,1.0,0.0,1.0,3,4,0.0,4,5,1,1
31825,31.0,1,999,0,1.4,94.465,-41.8,4.864,5228.1,999.0,0,0.0,0.0,1.0,2,8,0.0,6,6,1,1
31826,53.0,2,999,1,-1.8,92.893,-46.2,1.299,5099.1,999.0,2,1.0,1.0,0.0,2,2,0.0,4,5,2,2
31827,29.0,1,999,1,-1.8,92.893,-46.2,1.281,5099.1,999.0,3,1.0,0.0,0.0,1,7,0.0,6,5,1,2
31828,25.0,3,999,0,1.1,93.994,-36.4,4.856,5191.0,999.0,0,0.0,0.0,1.0,1,8,0.0,9,5,1,1
31829,53.0,1,999,0,-0.1,93.2,-42.0,4.191,5195.8,999.0,0,1.0,0.0,0.0,2,8,0.0,10,11,2,1
31830,31.0,1,999,0,1.4,93.918,-42.7,4.963,5228.1,999.0,0,1.0,0.0,0.0,2,8,0.0,4,7,1,1
31831,55.0,7,999,0,1.4,93.918,-42.7,4.961,5228.1,999.0,0,0.0,1.0,1.0,3,7,0.0,7,7,1,1
31832,49.0,1,999,1,-1.8,92.893,-46.2,1.299,5099.1,999.0,1,0.0,0.0,1.0,2,8,0.0,9,5,2,2
31833,31.0,3,999,0,-1.8,92.893,-46.2,1.334,5099.1,999.0,0,0.0,0.0,1.0,2,5,0.0,6,5,1,1
31834,31.0,1,3,2,-3.4,92.379,-29.8,0.803,5017.5,0.1,4,0.0,0.0,0.0,2,2,0.0,8,9,1,3
31835,44.0,2,999,0,1.1,93.994,-36.4,4.859,5191.0,999.0,0,0.0,1.0,1.0,2,2,0.0,4,5,1,1
31836,40.0,5,999,0,-0.1,93.2,-42.0,4.076,5195.8,999.0,0,0.0,0.0,0.0,2,8,0.0,4,11,1,1
31837,56.0,1,999,0,-2.9,92.201,-31.4,0.859,5076.2,999.0,0,0.0,0.0,1.0,2,7,0.0,3,8,1,1
31838,31.0,1,999,0,-2.9,92.201,-31.4,0.884,5076.2,999.0,0,0.0,0.0,1.0,2,8,0.0,8,8,2,1
31839,41.0,2,999,0,1.1,93.994,-36.4,4.864,5191.0,999.0,0,0.0,0.0,1.0,2,6,0.0,5,5,1,1
31840,54.0,1,999,0,1.4,93.444,-36.1,4.963,5228.1,999.0,0,0.0,0.0,0.0,2,8,0.0,5,8,1,1
31841,52.0,1,999,0,1.1,93.994,-36.4,4.859,5191.0,999.0,0,1.0,0.0,1.0,2,7,0.0,3,5,1,1
31842,31.0,1,6,2,-1.8,93.749,-34.6,0.663,5008.7,0.2,2,1.0,1.0,0.0,1,7,0.0,11,4,1,3
31843,52.0,2,999,0,1.1,93.994,-36.4,4.859,5191.0,999.0,0,1.0,1.0,1.0,2,8,0.0,5,5,1,1
31844,44.0,1,999,0,1.1,93.994,-36.4,4.857,5191.0,999.0,0,1.0,0.0,1.0,1,4,0.0,12,5,1,1
31845,29.0,3,999,0,1.4,93.444,-36.1,4.963,5228.1,999.0,0,0.0,1.0,0.0,2,7,0.0,6,8,1,1
31846,46.0,1,999,0,1.1,93.994,-36.4,4.857,5191.0,999.0,0,1.0,0.0,1.0,2,4,0.0,2,5,1,1
31847,31.0,1,999,0,-0.1,93.2,-42.0,4.076,5195.8,999.0,0,1.0,0.0,0.0,3,7,0.0,3,11,1,1
31848,32.0,1,999,0,1.1,93.994,-36.4,4.855,5191.0,999.0,0,0.0,1.0,1.0,3,5,0.0,6,5,1,1
31849,31.0,1,999,0,1.4,93.444,-36.1,4.966,5228.1,999.0,0,1.0,0.0,0.0,2,5,0.0,9,8,1,1
31850,39.0,1,999,0,-1.8,92.893,-46.2,1.327,5099.1,999.0,0,0.0,0.0,0.0,2,2,0.0,4,5,1,1
31851,34.0,3,999,0,1.4,93.444,-36.1,4.963,5228.1,999.0,0,1.0,1.0,0.0,2,7,0.0,6,8,1,1
31852,26.0,2,999,0,-3.4,92.379,-29.8,0.803,5017.5,999.0,0,0.0,0.0,0.0,1,7,0.0,3,9,1,1
31853,58.0,3,999,0,1.1,93.994,-36.4,4.857,5191.0,999.0,0,0.0,0.0,1.0,1,7,0.0,6,5,2,1
31854,31.0,3,999,0,-0.1,93.2,-42.0,4.076,5195.8,999.0,0,1.0,0.0,0.0,2,8,0.0,4,11,1,1
31855,59.0,2,3,2,-1.7,94.027,-38.3,0.905,4991.6,0.1,2,1.0,0.0,0.0,2,6,0.0,8,8,1,3
31856,31.0,4,999,1,-1.8,92.893,-46.2,1.291,5099.1,999.0,3,1.0,1.0,0.0,1,5,0.0,6,5,1,2
31857,35.0,1,999,0,-0.1,93.2,-42.0,4.12,5195.8,999.0,0,0.0,1.0,0.0,3,8,0.0,5,11,1,1
31858,39.0,3,3,1,-1.8,92.893,-46.2,1.354,5099.1,0.1,2,1.0,0.0,0.0,2,5,0.0,6,5,2,3
31859,31.0,3,999,0,-1.7,94.215,-40.3,0.896,4991.6,999.0,0,1.0,0.0,0.0,1,5,0.0,10,7,1,1
31860,27.0,2,999,0,-1.8,92.893,-46.2,1.299,5099.1,999.0,0,1.0,0.0,0.0,2,8,0.0,9,5,2,1
31861,43.0,2,999,0,1.1,93.994,-36.4,4.856,5191.0,999.0,0,1.0,0.0,1.0,1,7,0.0,5,5,1,1
31862,50.0,4,999,0,1.4,93.918,-42.7,4.962,5228.1,999.0,0,1.0,0.0,0.0,3,8,0.0,6,7,2,1
31863,31.0,30,999,0,1.4,93.918,-42.7,4.962,5228.1,999.0,0,0.0,0.0,0.0,2,7,0.0,1,7,2,1
31864,48.0,1,999,0,1.1,93.994,-36.4,4.858,5191.0,999.0,0,1.0,0.0,1.0,2,8,0.0,5,5,2,1
31865,36.0,7,999,0,-1.8,93.876,-40.0,0.697,5008.7,999.0,0,1.0,0.0,0.0,3,6,0.0,5,5,2,1
31866,29.0,1,999,0,1.1,93.994,-36.4,4.855,5191.0,999.0,0,1.0,0.0,1.0,1,8,0.0,3,5,1,1
31867,41.0,3,999,0,-0.1,93.2,-42.0,4.153,5195.8,999.0,0,0.0,0.0,0.0,2,8,0.0,9,11,1,1
31868,43.0,1,999,0,-1.7,94.027,-38.3,0.903,4991.6,999.0,0,1.0,0.0,0.0,2,8,0.0,5,8,1,1
31869,31.0,2,999,0,-1.8,92.893,-46.2,1.281,5099.1,999.0,0,1.0,0.0,0.0,2,7,0.0,6,5,1,1
31870,48.0,1,999,1,-3.4,92.431,-26.9,0.74,5017.5,999.0,1,1.0,0.0,0.0,2,7,0.0,3,10,1,2
31871,33.0,2,999,0,-1.1,94.767,-50.8,1.04,4963.6,999.0,0,1.0,0.0,0.0,2,7,0.0,3,11,1,1
31872,31.0,1,999,0,-1.8,92.893,-46.2,1.244,5099.1,999.0,0,0.0,0.0,0.0,2,5,0.0,4,5,2,1
31873,58.0,1,999,1,-1.8,93.075,-47.1,1.365,5099.1,999.0,1,0.0,0.0,0.0,2,2,0.0,8,4,1,2
31874,31.0,1,999,0,1.1,93.994,-36.4,4.857,5191.0,999.0,0,1.0,0.0,1.0,1,7,0.0,3,5,1,1
31875,31.0,1,999,0,-1.7,94.055,-39.8,0.723,4991.6,999.0,0,1.0,0.0,1.0,2,6,0.0,5,6,1,1
31876,47.0,6,999,0,1.1,93.994,-36.4,4.858,5191.0,999.0,0,0.0,0.0,1.0,2,8,0.0,3,5,2,1
31877,42.0,2,999,0,-1.8,93.075,-47.1,1.405,5099.1,999.0,0,1.0,0.0,0.0,2,2,0.0,4,4,2,1
31878,31.0,2,999,1,-0.1,93.2,-42.0,4.12,5195.8,999.0,2,1.0,0.0,0.0,2,7,0.0,6,11,1,2
31879,28.0,1,999,0,1.4,93.918,-42.7,4.962,5228.1,999.0,0,1.0,0.0,0.0,1,8,0.0,5,7,1,1
31880,51.0,7,999,0,-0.1,93.2,-42.0,4.021,5195.8,999.0,0,1.0,0.0,0.0,2,5,0.0,6,11,1,1
31881,34.0,1,999,0,-1.8,92.893,-46.2,1.281,5099.1,999.0,0,0.0,0.0,0.0,2,7,0.0,6,5,1,1
31882,31.0,3,999,0,1.4,94.465,-41.8,4.866,5228.1,999.0,0,1.0,0.0,1.0,1,7,0.0,6,6,1,1
31883,52.0,1,999,0,1.4,93.918,-42.7,4.957,5228.1,999.0,0,1.0,0.0,0.0,2,2,0.0,8,7,1,1
31884,44.0,1,999,0,1.4,93.918,-42.7,4.958,5228.1,999.0,0,0.0,0.0,0.0,2,8,0.0,6,7,1,1
31885,34.0,3,999,0,-1.8,93.075,-47.1,1.405,5099.1,999.0,0,1.0,0.0,0.0,1,4,0.0,4,4,2,1
31886,54.0,6,999,0,-0.1,93.2,-42.0,4.021,5195.8,999.0,0,0.0,0.0,0.0,3,5,0.0,6,11,1,1
31887,30.0,3,999,0,1.4,93.918,-42.7,4.962,5228.1,999.0,0,0.0,0.0,0.0,1,5,0.0,9,7,1,1
31888,31.0,1,999,0,1.4,94.465,-41.8,4.961,5228.1,999.0,0,0.0,0.0,1.0,2,8,0.0,4,6,1,1
31889,43.0,5,999,0,-0.1,93.2,-42.0,4.12,5195.8,999.0,0,1.0,0.0,0.0,2,2,0.0,4,11,1,1
31890,33.0,2,999,0,1.4,93.918,-42.7,4.963,5228.1,999.0,0,0.0,1.0,0.0,1,8,0.0,4,7,1,1
31891,47.0,2,999,0,1.1,93.994,-36.4,4.855,5191.0,999.0,0,1.0,0.0,1.0,2,5,0.0,9,5,1,1
31892,45.0,8,999,0,1.1,93.994,-36.4,4.864,5191.0,999.0,0,0.0,0.0,1.0,3,5,0.0,9,5,1,1
31893,31.0,1,999,1,-1.8,93.075,-47.1,1.405,5099.1,999.0,2,1.0,0.0,0.0,1,6,0.0,5,4,2,2
31894,38.0,5,999,0,1.1,93.994,-36.4,4.857,5191.0,999.0,0,0.0,0.0,1.0,2,7,0.0,7,5,1,1
31895,31.0,1,999,0,-0.1,93.2,-42.0,4.076,5195.8,999.0,0,1.0,0.0,0.0,2,1,0.0,1,11,1,1
31896,49.0,1,999,0,-1.8,93.075,-47.1,1.405,5099.1,999.0,0,0.0,0.0,0.0,2,2,0.0,7,4,2,1
31897,36.0,1,999,1,-0.1,93.2,-42.0,4.191,5195.8,999.0,3,1.0,0.0,0.0,3,8,0.0,7,11,2,2
31898,53.0,2,999,1,-1.8,92.893,-46.2,1.327,5099.1,999.0,1,0.0,0.0,1.0,2,4,0.0,4,5,1,2
31899,50.0,1,999,0,1.4,93.444,-36.1,4.967,5228.1,999.0,0,0.0,0.0,0.0,2,7,0.0,6,8,1,1
31900,31.0,1,999,0,1.4,93.444,-36.1,4.967,5228.1,999.0,0,0.0,0.0,0.0,2,7,0.0,3,8,1,1
31901,37.0,2,999,0,1.1,93.994,-36.4,4.864,5191.0,999.0,0,0.0,1.0,1.0,1,7,0.0,6,5,1,1
31902,55.0,4,999,1,-0.1,93.2,-42.0,4.12,5195.8,999.0,1,0.0,0.0,0.0,2,7,0.0,3,11,1,2
31903,44.0,2,999,0,-0.1,93.2,-42.0,4.153,5195.8,999.0,0,0.0,0.0,0.0,2,6,0.0,4,11,1,1
31904,43.0,2,999,0,-0.1,93.2,-42.0,4.076,5195.8,999.0,0,0.0,0.0,0.0,2,4,0.0,4,11,1,1
31905,27.0,1,999,0,-0.1,93.798,-40.4,4.912,5195.8,999.0,0,1.0,0.0,1.0,1,8,0.0,4,10,2,1
31906,37.0,1,999,0,1.1,93.994,-36.4,4.859,5191.0,999.0,0,1.0,0.0,1.0,1,8,0.0,6,5,1,1
31907,36.0,1,999,0,-0.1,93.2,-42.0,4.191,5195.8,999.0,0,0.0,0.0,0.0,1,7,0.0,1,11,2,1
31908,29.0,1,999,0,-1.8,93.075,-47.1,1.445,5099.1,999.0,0,1.0,1.0,0.0,2,7,0.0,5,4,1,1
31909,31.0,1,999,1,-2.9,92.963,-40.8,1.099,5076.2,999.0,2,1.0,1.0,0.0,2,7,0.0,9,6,1,2
31910,31.0,1,999,0,1.4,93.918,-42.7,4.962,5228.1,999.0,0,0.0,0.0,0.0,2,8,0.0,4,7,1,1
31911,37.0,3,999,0,1.4,93.918,-42.7,4.961,5228.1,999.0,0,1.0,0.0,0.0,2,7,0.0,6,7,1,1
31912,38.0,3,999,1,-1.8,92.893,-46.2,1.281,5099.1,999.0,5,1.0,0.0,0.0,3,8,0.0,2,5,1,2
31913,46.0,3,999,0,1.4,94.465,-41.8,4.967,5228.1,999.0,0,0.0,0.0,1.0,2,8,0.0,4,6,1,1
31914,38.0,3,999,0,-1.8,92.843,-50.0,1.757,5099.1,999.0,0,0.0,0.0,0.0,2,8,0.0,5,3,1,1
31915,50.0,8,999,0,1.4,93.918,-42.7,4.963,5228.1,999.0,0,0.0,0.0,0.0,2,2,0.0,2,7,1,1
31916,37.0,1,999,1,-3.4,92.431,-26.9,0.74,5017.5,999.0,3,0.0,0.0,0.0,1,7,0.0,3,10,1,2
31917,38.0,6,999,0,-1.8,93.075,-47.1,1.405,5099.1,999.0,0,0.0,0.0,0.0,1,6,0.0,5,4,2,1
31918,36.0,2,999,0,1.4,93.918,-42.7,4.962,5228.1,999.0,0,1.0,1.0,0.0,3,5,0.0,6,7,1,1
31919,45.0,1,999,1,-0.1,93.2,-42.0,4.191,5195.8,999.0,1,1.0,0.0,0.0,2,8,0.0,6,11,2,2
31920,41.0,3,999,0,-1.8,93.075,-47.1,1.435,5099.1,999.0,0,1.0,1.0,0.0,2,8,0.0,6,4,1,1
31921,32.0,2,999,0,1.4,93.444,-36.1,4.968,5228.1,999.0,0,1.0,1.0,0.0,1,7,0.0,6,8,1,1
31922,51.0,1,999,0,1.4,93.444,-36.1,4.965,5228.1,999.0,0,1.0,1.0,0.0,2,6,0.0,5,8,2,1
31923,34.0,2,999,0,-1.8,92.893,-46.2,1.344,5099.1,999.0,0,1.0,0.0,0.0,1,7,0.0,7,5,1,1
31924,37.0,4,999,0,1.4,94.465,-41.8,4.866,5228.1,999.0,0,1.0,1.0,1.0,2,8,0.0,4,6,1,1
31925,51.0,5,999,0,1.4,93.444,-36.1,4.963,5228.1,999.0,0,1.0,0.0,0.0,2,7,0.0,6,8,2,1
31926,46.0,3,999,0,1.1,93.994,-36.4,4.858,5191.0,999.0,0,0.0,0.0,1.0,2,6,0.0,5,5,1,1
31927,38.0,3,999,0,-1.8,93.075,-47.1,1.445,5099.1,999.0,0,1.0,0.0,0.0,1,8,0.0,9,4,1,1
31928,38.0,3,999,0,1.4,93.918,-42.7,4.963,5228.1,999.0,0,0.0,0.0,0.0,2,5,0.0,6,7,1,1
31929,40.0,1,999,0,1.4,93.918,-42.7,4.963,5228.1,999.0,0,0.0,0.0,0.0,3,2,0.0,8,7,1,1
31930,26.0,2,999,0,1.1,93.994,-36.4,4.856,5191.0,999.0,0,1.0,1.0,1.0,2,2,0.0,4,5,1,1
31931,40.0,2,999,0,-1.8,93.075,-47.1,1.41,5099.1,999.0,0,1.0,0.0,0.0,2,4,0.0,7,4,1,1
31932,24.0,1,999,0,-2.9,92.963,-40.8,1.26,5076.2,999.0,0,1.0,1.0,0.0,1,8,0.0,4,6,1,1
31933,43.0,37,999,0,1.4,94.465,-41.8,4.959,5228.1,999.0,0,1.0,0.0,1.0,2,5,0.0,5,6,1,1
31934,32.0,8,999,0,-1.8,92.843,-50.0,1.52,5099.1,999.0,0,1.0,0.0,0.0,1,7,0.0,6,3,2,1
31935,46.0,1,999,0,1.4,93.444,-36.1,4.967,5228.1,999.0,0,1.0,0.0,0.0,2,4,0.0,4,8,1,1
31936,31.0,3,999,0,1.1,93.994,-36.4,4.857,5191.0,999.0,0,1.0,0.0,1.0,2,4,0.0,9,5,1,1
31937,31.0,1,999,0,-1.8,93.075,-47.1,1.365,5099.1,999.0,0,0.0,0.0,0.0,2,8,0.0,5,4,1,1
31938,31.0,2,999,0,1.4,93.444,-36.1,4.968,5228.1,999.0,0,1.0,0.0,0.0,2,7,0.0,5,8,1,1
31939,37.0,3,999,0,1.4,94.465,-41.8,4.865,5228.1,999.0,0,1.0,0.0,1.0,3,7,0.0,6,6,1,1
31940,32.0,3,999,0,1.4,93.918,-42.7,4.962,5228.1,999.0,0,0.0,1.0,0.0,2,5,0.0,9,7,1,1
31941,27.0,1,999,1,-1.8,92.893,-46.2,1.291,5099.1,999.0,2,1.0,0.0,1.0,1,4,0.0,4,5,1,2
31942,31.0,1,999,0,1.4,93.918,-42.7,4.962,5228.1,999.0,0,1.0,0.0,0.0,1,6,0.0,5,7,1,1
31943,31.0,1,999,0,1.1,93.994,-36.4,4.86,5191.0,999.0,0,1.0,0.0,1.0,3,8,0.0,7,5,1,1
31944,32.0,2,999,0,1.4,93.918,-42.7,4.962,5228.1,999.0,0,0.0,0.0,0.0,2,4,0.0,6,7,2,1
31945,31.0,3,6,3,-1.7,94.215,-40.3,0.846,4991.6,0.2,9,1.0,0.0,0.0,1,4,0.0,11,7,1,3
31946,55.0,2,999,0,1.1,93.994,-36.4,4.864,5191.0,999.0,0,0.0,0.0,1.0,2,2,0.0,4,5,1,1
31947,33.0,3,999,0,1.4,93.918,-42.7,4.962,5228.1,999.0,0,1.0,1.0,0.0,1,2,0.0,4,7,2,1
31948,38.0,1,999,0,1.1,93.994,-36.4,4.856,5191.0,999.0,0,1.0,0.0,1.0,2,8,0.0,3,5,1,1
31949,31.0,2,999,0,1.4,93.918,-42.7,4.962,5228.1,999.0,0,0.0,0.0,0.0,2,5,0.0,6,7,2,1
31950,32.0,2,999,0,1.4,93.444,-36.1,4.964,5228.1,999.0,0,1.0,1.0,0.0,2,7,0.0,6,8,1,1
31951,39.0,1,999,0,1.4,94.465,-41.8,4.865,5228.1,999.0,0,1.0,1.0,1.0,1,5,0.0,9,6,2,1
31952,31.0,2,999,1,-2.9,92.201,-31.4,0.859,5076.2,999.0,1,1.0,0.0,0.0,2,7,0.0,3,8,1,2
31953,36.0,2,999,0,1.1,93.994,-36.4,4.857,5191.0,999.0,0,0.0,0.0,1.0,2,3,0.0,4,5,2,1
31954,47.0,2,999,0,1.4,93.444,-36.1,4.97,5228.1,999.0,0,1.0,0.0,0.0,2,5,0.0,9,8,2,1
31955,35.0,3,999,0,1.1,93.994,-36.4,4.857,5191.0,999.0,0,1.0,0.0,1.0,2,5,0.0,6,5,1,1
31956,31.0,3,999,0,1.4,94.465,-41.8,4.866,5228.1,999.0,0,0.0,0.0,1.0,1,2,0.0,4,6,1,1
31957,43.0,1,999,0,1.4,94.465,-41.8,4.962,5228.1,999.0,0,0.0,0.0,1.0,3,7,0.0,3,6,1,1
31958,31.0,3,999,0,1.4,93.444,-36.1,4.964,5228.1,999.0,0,0.0,0.0,0.0,2,8,0.0,5,8,1,1
31959,28.0,4,999,0,-1.8,92.893,-46.2,1.266,5099.1,999.0,0,0.0,1.0,0.0,1,7,0.0,11,5,1,1
31960,29.0,1,999,0,1.1,93.994,-36.4,4.859,5191.0,999.0,0,0.0,0.0,1.0,1,5,0.0,2,5,1,1
31961,44.0,1,999,0,1.4,93.918,-42.7,4.963,5228.1,999.0,0,0.0,0.0,0.0,2,3,0.0,4,7,1,1
31962,23.0,8,999,0,-1.8,92.893,-46.2,1.25,5099.1,999.0,0,0.0,0.0,0.0,1,5,0.0,6,5,1,1
31963,39.0,16,999,0,1.4,94.465,-41.8,4.959,5228.1,999.0,0,0.0,0.0,1.0,2,8,0.0,4,6,1,1
31964,26.0,1,999,0,-1.8,93.075,-47.1,1.466,5099.1,999.0,0,0.0,0.0,0.0,2,8,0.0,6,4,2,1
31965,31.0,1,999,1,-1.8,93.075,-47.1,1.435,5099.1,999.0,4,1.0,0.0,0.0,1,7,0.0,5,4,1,2
31966,54.0,1,999,0,1.1,93.994,-36.4,4.856,5191.0,999.0,0,0.0,0.0,1.0,2,8,0.0,9,5,1,1
31967,44.0,8,999,0,1.4,94.465,-41.8,4.959,5228.1,999.0,0,0.0,0.0,1.0,2,4,0.0,9,6,1,1
31968,31.0,1,3,4,-1.8,93.876,-40.0,0.682,5008.7,0.1,4,1.0,0.0,0.0,2,8,0.0,5,5,1,3
31969,32.0,2,999,0,-1.8,92.893,-46.2,1.281,5099.1,999.0,0,0.0,0.0,0.0,1,5,0.0,9,5,1,1
31970,39.0,5,999,0,1.4,93.918,-42.7,4.963,5228.1,999.0,0,0.0,0.0,0.0,2,8,0.0,9,7,1,1
31971,51.0,3,999,0,-1.8,93.075,-47.1,1.41,5099.1,999.0,0,1.0,0.0,0.0,2,1,0.0,7,4,1,1
31972,31.0,2,999,0,1.4,93.918,-42.7,4.96,5228.1,999.0,0,1.0,0.0,0.0,2,5,0.0,6,7,2,1
31973,34.0,1,999,1,-0.1,93.2,-42.0,4.191,5195.8,999.0,4,0.0,0.0,0.0,1,5,0.0,6,11,2,2
31974,52.0,1,999,0,1.1,93.994,-36.4,4.857,5191.0,999.0,0,1.0,1.0,1.0,2,6,0.0,3,5,1,1
31975,48.0,1,999,1,-1.8,92.893,-46.2,1.281,5099.1,999.0,0,1.0,0.0,0.0,2,3,0.0,4,5,1,2
31976,54.0,2,999,0,1.1,93.994,-36.4,4.86,5191.0,999.0,0,0.0,1.0,1.0,3,7,0.0,5,5,1,1
31977,31.0,1,999,0,1.4,93.918,-42.7,4.962,5228.1,999.0,0,1.0,0.0,0.0,2,5,0.0,6,7,1,1
31978,54.0,1,999,0,-1.8,92.893,-46.2,1.299,5099.1,999.0,0,1.0,0.0,0.0,2,8,0.0,3,5,2,1
31979,31.0,2,999,0,-1.7,94.027,-38.3,0.904,4991.6,999.0,0,1.0,0.0,0.0,1,8,0.0,11,8,1,1
31980,33.0,3,999,0,1.1,93.994,-36.4,4.86,5191.0,999.0,0,1.0,0.0,1.0,2,7,0.0,6,5,1,1
31981,31.0,1,999,0,1.4,93.918,-42.7,4.963,5228.1,999.0,0,1.0,1.0,0.0,2,8,0.0,5,7,1,1
31982,40.0,7,999,0,1.4,93.444,-36.1,4.963,5228.1,999.0,0,0.0,0.0,0.0,2,8,0.0,5,8,1,1
31983,45.0,4,999,0,1.4,93.918,-42.7,4.961,5228.1,999.0,0,1.0,0.0,0.0,3,7,0.0,8,7,1,1
31984,31.0,1,999,0,1.1,93.994,-36.4,4.855,5191.0,999.0,0,0.0,0.0,1.0,1,7,0.0,11,5,1,1
31985,40.0,1,999,0,1.4,94.465,-41.8,4.96,5228.1,999.0,0,0.0,0.0,1.0,2,5,0.0,7,6,2,1
31986,40.0,2,999,0,1.4,94.465,-41.8,4.96,5228.1,999.0,0,0.0,0.0,1.0,1,4,0.0,4,6,2,1
31987,39.0,7,999,0,1.4,93.918,-42.7,4.962,5228.1,999.0,0,0.0,0.0,0.0,1,5,0.0,6,7,1,1
31988,46.0,2,999,0,1.1,93.994,-36.4,4.856,5191.0,999.0,0,1.0,0.0,1.0,2,2,0.0,4,5,1,1
31989,31.0,1,999,0,1.4,93.444,-36.1,4.963,5228.1,999.0,0,1.0,0.0,0.0,1,7,0.0,6,8,1,1
31990,48.0,2,999,0,-0.1,93.2,-42.0,4.021,5195.8,999.0,0,1.0,0.0,0.0,2,8,0.0,4,11,1,1
31991,31.0,1,999,0,1.4,93.444,-36.1,4.967,5228.1,999.0,0,1.0,0.0,0.0,2,2,0.0,8,8,1,1
31992,32.0,2,999,0,1.4,94.465,-41.8,4.96,5228.1,999.0,0,0.0,0.0,1.0,2,6,0.0,5,6,2,1
31993,37.0,4,999,0,1.4,94.465,-41.8,4.864,5228.1,999.0,0,0.0,0.0,1.0,2,7,0.0,6,6,1,1
31994,39.0,2,999,0,1.1,93.994,-36.4,4.855,5191.0,999.0,0,0.0,0.0,1.0,2,4,0.0,4,5,1,1
31995,25.0,1,999,0,-1.8,93.075,-47.1,1.445,5099.1,999.0,0,0.0,0.0,0.0,1,8,0.0,10,4,1,1
31996,42.0,1,999,0,1.1,93.994,-36.4,4.857,5191.0,999.0,0,0.0,0.0,1.0,2,4,0.0,4,5,1,1
31997,39.0,1,999,0,1.1,93.994,-36.4,4.859,5191.0,999.0,0,0.0,0.0,1.0,2,5,0.0,4,5,1,1
31998,21.0,1,999,0,-1.7,94.215,-40.3,0.797,4991.6,999.0,0,1.0,1.0,1.0,1,8,0.0,11,7,1,1
31999,37.0,3,999,0,1.4,94.465,-41.8,4.961,5228.1,999.0,0,1.0,0.0,1.0,1,8,0.0,5,6,1,1
32000,31.0,3,999,0,1.4,93.918,-42.7,4.96,5228.1,999.0,0,1.0,0.0,0.0,2,8,0.0,4,7,2,1
32001,39.0,1,999,0,-2.9,92.963,-40.8,1.266,5076.2,999.0,0,0.0,0.0,0.0,2,7,0.0,6,6,2,1
32002,32.0,2,999,0,-1.8,92.893,-46.2,1.27,5099.1,999.0,0,0.0,0.0,0.0,1,7,0.0,6,5,1,1
32003,31.0,3,999,0,1.4,94.465,-41.8,4.962,5228.1,999.0,0,1.0,0.0,1.0,3,8,0.0,7,6,1,1
32004,39.0,1,999,0,1.4,93.918,-42.7,4.963,5228.1,999.0,0,1.0,0.0,0.0,1,7,0.0,6,7,1,1
32005,30.0,1,999,0,1.1,93.994,-36.4,4.858,5191.0,999.0,0,0.0,0.0,1.0,2,4,0.0,4,5,1,1
32006,31.0,1,999,0,-1.8,92.893,-46.2,1.334,5099.1,999.0,0,0.0,0.0,0.0,1,4,0.0,7,5,1,1
32007,32.0,1,999,0,-1.8,93.075,-47.1,1.415,5099.1,999.0,0,1.0,0.0,0.0,2,7,0.0,6,4,1,1
32008,31.0,1,999,0,-1.8,93.075,-47.1,1.405,5099.1,999.0,0,0.0,0.0,1.0,2,5,0.0,9,4,2,1
32009,38.0,1,999,0,-1.8,93.075,-47.1,1.405,5099.1,999.0,0,1.0,0.0,0.0,2,5,0.0,3,4,1,1
32010,54.0,1,999,0,1.4,94.465,-41.8,4.962,5228.1,999.0,0,0.0,1.0,1.0,3,2,0.0,4,6,1,1
32011,31.0,3,999,0,-2.9,92.963,-40.8,1.26,5076.2,999.0,0,1.0,0.0,0.0,1,5,0.0,11,6,1,1
32012,35.0,2,999,0,1.1,93.994,-36.4,4.857,5191.0,999.0,0,0.0,0.0,1.0,2,8,0.0,7,5,1,1
32013,47.0,5,999,0,-3.0,92.713,-33.0,0.717,5023.5,999.0,0,1.0,1.0,0.0,2,8,0.0,6,12,2,1
32014,57.0,1,999,0,1.4,93.444,-36.1,4.965,5228.1,999.0,0,0.0,0.0,0.0,1,7,0.0,6,8,1,1
32015,29.0,4,999,0,-1.8,92.893,-46.2,1.25,5099.1,999.0,0,0.0,0.0,0.0,1,5,0.0,6,5,1,1
32016,54.0,2,999,0,1.4,93.918,-42.7,4.961,5228.1,999.0,0,0.0,0.0,0.0,3,8,0.0,6,7,1,1
32017,34.0,5,999,0,1.1,93.994,-36.4,4.864,5191.0,999.0,0,0.0,0.0,1.0,2,5,0.0,9,5,1,1
32018,59.0,2,999,0,-1.8,93.369,-34.8,0.636,5008.7,999.0,0,1.0,0.0,0.0,1,5,0.0,9,3,1,1
32019,52.0,1,999,0,1.1,93.994,-36.4,4.856,5191.0,999.0,0,1.0,0.0,1.0,1,8,0.0,4,5,1,1
32020,31.0,1,999,0,1.1,93.994,-36.4,4.859,5191.0,999.0,0,0.0,0.0,1.0,3,6,0.0,5,5,1,1
32021,54.0,1,999,0,1.4,93.918,-42.7,4.957,5228.1,999.0,0,0.0,0.0,0.0,2,2,0.0,4,7,1,1
32022,55.0,1,999,0,-0.1,93.2,-42.0,4.021,5195.8,999.0,0,0.0,0.0,0.0,2,5,0.0,6,11,1,1
32023,38.0,2,999,0,1.1,93.994,-36.4,4.858,5191.0,999.0,0,0.0,0.0,1.0,1,6,0.0,5,5,1,1
32024,33.0,1,999,1,-1.8,92.893,-46.2,1.281,5099.1,999.0,3,1.0,0.0,0.0,2,5,0.0,9,5,1,2
32025,31.0,2,999,0,1.4,93.918,-42.7,4.962,5228.1,999.0,0,0.0,0.0,1.0,3,8,0.0,1,7,1,1
32026,32.0,1,999,0,1.4,93.444,-36.1,4.966,5228.1,999.0,0,1.0,0.0,0.0,2,7,0.0,6,8,1,1
32027,29.0,2,999,0,-1.8,92.893,-46.2,1.334,5099.1,999.0,0,1.0,0.0,0.0,2,8,0.0,4,5,1,1
32028,31.0,1,999,0,1.4,93.918,-42.7,4.963,5228.1,999.0,0,1.0,1.0,0.0,2,7,0.0,6,7,1,1
32029,29.0,2,999,0,1.4,93.918,-42.7,4.96,5228.1,999.0,0,1.0,0.0,0.0,1,7,0.0,6,7,2,1
32030,31.0,3,999,0,-0.1,93.2,-42.0,4.191,5195.8,999.0,0,1.0,0.0,0.0,2,3,0.0,4,11,2,1
32031,31.0,2,999,0,-1.8,92.893,-46.2,1.327,5099.1,999.0,0,0.0,0.0,0.0,2,3,0.0,4,5,1,1
32032,45.0,4,999,0,1.4,93.918,-42.7,4.962,5228.1,999.0,0,1.0,1.0,0.0,2,8,0.0,6,7,2,1
32033,42.0,2,999,0,1.1,93.994,-36.4,4.857,5191.0,999.0,0,0.0,0.0,1.0,2,2,0.0,4,5,1,1
32034,42.0,1,999,0,1.4,93.918,-42.7,4.962,5228.1,999.0,0,0.0,0.0,0.0,1,5,0.0,6,7,1,1
32035,45.0,3,6,1,-1.1,94.601,-49.5,1.029,4963.6,0.2,2,1.0,0.0,0.0,2,5,0.0,6,10,1,3
32036,75.0,2,999,0,-3.4,92.431,-26.9,0.722,5017.5,999.0,0,0.0,0.0,0.0,3,8,0.0,8,10,1,1
32037,31.0,1,999,0,1.4,93.444,-36.1,4.967,5228.1,999.0,0,0.0,0.0,0.0,2,4,0.0,7,8,1,1
32038,25.0,1,999,0,1.4,93.918,-42.7,4.963,5228.1,999.0,0,1.0,0.0,0.0,1,6,0.0,9,7,1,1
32039,31.0,2,999,0,-1.8,92.893,-46.2,1.334,5099.1,999.0,0,0.0,1.0,0.0,1,5,0.0,3,5,1,1
32040,55.0,2,999,0,-0.1,93.2,-42.0,4.021,5195.8,999.0,0,0.0,0.0,0.0,2,8,0.0,5,11,1,1
32041,31.0,1,999,0,-1.8,93.075,-47.1,1.445,5099.1,999.0,0,1.0,0.0,0.0,2,7,0.0,6,4,1,1
32042,48.0,5,999,0,1.1,93.994,-36.4,4.857,5191.0,999.0,0,1.0,0.0,1.0,3,7,0.0,3,5,1,1
32043,39.0,2,999,0,-1.8,92.893,-46.2,1.313,5099.1,999.0,0,1.0,0.0,0.0,2,8,0.0,5,5,1,1
32044,31.0,1,999,0,-0.1,93.2,-42.0,4.12,5195.8,999.0,0,0.0,1.0,0.0,2,8,0.0,5,11,1,1
32045,55.0,3,999,0,1.4,94.465,-41.8,4.864,5228.1,999.0,0,0.0,1.0,1.0,3,8,0.0,4,6,1,1
32046,37.0,3,999,1,-1.8,92.893,-46.2,1.281,5099.1,999.0,1,0.0,0.0,0.0,2,8,0.0,4,5,1,2
32047,34.0,3,999,0,-1.8,92.893,-46.2,1.281,5099.1,999.0,0,1.0,0.0,0.0,1,5,0.0,10,5,1,1
32048,32.0,2,999,0,1.4,93.444,-36.1,4.964,5228.1,999.0,0,1.0,0.0,0.0,1,7,0.0,5,8,1,1
32049,31.0,2,999,0,1.4,93.444,-36.1,4.965,5228.1,999.0,0,1.0,0.0,0.0,3,7,0.0,6,8,2,1
32050,29.0,3,999,0,1.4,93.918,-42.7,4.962,5228.1,999.0,0,1.0,1.0,0.0,2,7,0.0,6,7,2,1
32051,31.0,1,999,1,-1.8,92.893,-46.2,1.266,5099.1,999.0,1,1.0,0.0,0.0,2,6,0.0,5,5,1,2
32052,34.0,12,999,0,1.4,93.918,-42.7,4.961,5228.1,999.0,0,1.0,1.0,0.0,1,5,0.0,9,7,1,1
32053,44.0,9,999,0,1.4,93.444,-36.1,4.964,5228.1,999.0,0,1.0,0.0,0.0,2,6,0.0,5,8,1,1
32054,35.0,1,999,0,1.4,93.918,-42.7,4.961,5228.1,999.0,0,1.0,0.0,0.0,2,8,0.0,4,7,1,1
32055,49.0,1,999,0,1.4,93.918,-42.7,4.962,5228.1,999.0,0,0.0,0.0,1.0,1,8,0.0,5,7,2,1
32056,31.0,3,999,0,1.4,93.444,-36.1,4.965,5228.1,999.0,0,1.0,1.0,0.0,2,7,0.0,4,8,2,1
32057,31.0,1,999,0,-1.8,92.893,-46.2,1.25,5099.1,999.0,0,0.0,0.0,0.0,1,7,0.0,1,5,1,1
32058,36.0,7,999,0,1.4,94.465,-41.8,4.864,5228.1,999.0,0,1.0,1.0,1.0,1,8,0.0,4,6,1,1
32059,46.0,2,999,0,1.4,93.918,-42.7,4.962,5228.1,999.0,0,1.0,1.0,0.0,2,6,0.0,5,7,1,1
32060,31.0,3,999,0,-2.9,92.963,-40.8,1.268,5076.2,999.0,0,0.0,0.0,0.0,2,5,0.0,6,6,1,1
32061,31.0,3,999,0,-0.1,93.2,-42.0,4.021,5195.8,999.0,0,0.0,0.0,0.0,3,7,0.0,10,11,1,1
32062,31.0,1,999,0,1.4,93.444,-36.1,4.964,5228.1,999.0,0,1.0,0.0,0.0,2,2,0.0,4,8,1,1
32063,30.0,6,999,1,-1.8,92.893,-46.2,1.281,5099.1,999.0,2,1.0,0.0,0.0,1,4,0.0,4,5,1,2
32064,28.0,1,999,0,-3.4,92.431,-26.9,0.74,5017.5,999.0,0,1.0,0.0,0.0,1,8,0.0,11,10,1,1
32065,25.0,2,6,1,-1.8,93.369,-34.8,0.651,5008.7,0.2,0,1.0,0.0,0.0,2,5,0.0,10,3,1,3
32066,48.0,2,999,0,1.4,93.444,-36.1,4.964,5228.1,999.0,0,0.0,1.0,0.0,2,4,0.0,4,8,1,1
32067,50.0,3,999,0,1.4,94.465,-41.8,4.959,5228.1,999.0,0,0.0,0.0,1.0,3,8,0.0,9,6,1,1
32068,38.0,3,999,0,1.4,94.465,-41.8,4.864,5228.1,999.0,0,0.0,0.0,1.0,2,8,0.0,12,6,1,1
32069,34.0,3,999,0,1.4,93.918,-42.7,4.962,5228.1,999.0,0,0.0,1.0,1.0,2,3,0.0,4,7,2,1
32070,31.0,2,999,2,-3.4,92.379,-29.8,0.803,5017.5,999.0,6,1.0,0.0,0.0,2,8,0.0,3,9,1,2
32071,31.0,1,999,0,-1.8,92.893,-46.2,1.334,5099.1,999.0,0,1.0,0.0,0.0,2,4,0.0,4,5,1,1
32072,39.0,5,999,0,1.4,93.918,-42.7,4.962,5228.1,999.0,0,0.0,0.0,0.0,2,4,0.0,9,7,1,1
32073,54.0,14,999,0,1.4,93.918,-42.7,4.961,5228.1,999.0,0,1.0,1.0,0.0,3,8,0.0,5,7,1,1
32074,31.0,2,999,0,1.4,93.444,-36.1,4.963,5228.1,999.0,0,1.0,0.0,0.0,2,7,0.0,9,8,1,1
32075,49.0,1,999,1,-1.8,92.893,-46.2,1.266,5099.1,999.0,3,0.0,0.0,0.0,1,7,0.0,6,5,1,2
32076,25.0,1,999,0,-1.8,93.075,-47.1,1.445,5099.1,999.0,0,1.0,0.0,0.0,1,5,0.0,11,4,1,1
32077,26.0,4,2,1,-1.8,92.893,-46.2,1.27,5099.1,0.0666666666667,2,1.0,0.0,0.0,1,8,0.0,5,5,1,3
32078,39.0,3,999,0,-0.1,93.2,-42.0,4.021,5195.8,999.0,0,1.0,0.0,0.0,2,5,0.0,9,11,1,1
32079,56.0,2,999,0,1.1,93.994,-36.4,4.857,5191.0,999.0,0,1.0,0.0,1.0,2,2,0.0,8,5,2,1
32080,31.0,11,999,0,1.1,93.994,-36.4,4.857,5191.0,999.0,0,0.0,0.0,1.0,2,4,0.0,6,5,2,1
32081,31.0,2,999,0,1.4,93.918,-42.7,4.957,5228.1,999.0,0,0.0,0.0,0.0,1,8,0.0,2,7,1,1
32082,32.0,1,999,1,-0.1,93.2,-42.0,4.191,5195.8,999.0,1,1.0,1.0,1.0,2,7,0.0,7,11,2,2
32083,36.0,3,999,0,1.1,93.994,-36.4,4.857,5191.0,999.0,0,1.0,0.0,1.0,2,4,0.0,4,5,1,1
32084,54.0,3,999,0,-0.1,93.2,-42.0,4.12,5195.8,999.0,0,0.0,0.0,0.0,2,4,0.0,2,11,1,1
32085,31.0,1,999,0,1.4,93.918,-42.7,4.957,5228.1,999.0,0,0.0,0.0,0.0,2,8,0.0,1,7,1,1
32086,37.0,4,999,0,-3.4,92.649,-30.1,0.722,5017.5,999.0,0,0.0,0.0,0.0,2,5,0.0,6,11,2,1
32087,31.0,7,999,0,1.4,94.465,-41.8,4.967,5228.1,999.0,0,0.0,0.0,1.0,2,7,0.0,6,6,1,1
32088,40.0,1,999,1,-1.8,93.075,-47.1,1.435,5099.1,999.0,1,1.0,0.0,0.0,2,7,0.0,1,4,1,2
32089,31.0,1,999,0,1.1,93.994,-36.4,4.856,5191.0,999.0,0,1.0,1.0,1.0,1,5,0.0,6,5,1,1
32090,35.0,3,999,0,1.4,93.444,-36.1,4.963,5228.1,999.0,0,0.0,0.0,0.0,2,8,0.0,6,8,2,1
32091,34.0,1,999,0,-2.9,92.201,-31.4,0.881,5076.2,999.0,0,0.0,0.0,0.0,2,8,0.0,6,8,1,1
32092,42.0,4,999,0,-1.8,92.893,-46.2,1.281,5099.1,999.0,0,0.0,0.0,0.0,2,5,0.0,9,5,1,1
32093,31.0,3,999,0,1.4,94.465,-41.8,4.959,5228.1,999.0,0,1.0,0.0,1.0,2,6,0.0,5,6,1,1
32094,41.0,1,999,0,1.1,93.994,-36.4,4.857,5191.0,999.0,0,0.0,0.0,1.0,1,5,0.0,6,5,2,1
32095,42.0,1,999,0,-3.4,92.431,-26.9,0.743,5017.5,999.0,0,1.0,0.0,0.0,1,7,0.0,3,10,2,1
32096,45.0,5,999,0,-0.1,93.2,-42.0,4.076,5195.8,999.0,0,1.0,0.0,0.0,2,4,0.0,10,11,1,1
32097,31.0,2,999,0,-0.1,93.2,-42.0,4.191,5195.8,999.0,0,0.0,1.0,0.0,2,8,0.0,4,11,1,1
32098,40.0,1,999,0,1.1,93.994,-36.4,4.855,5191.0,999.0,0,1.0,0.0,1.0,2,8,0.0,4,5,1,1
32099,36.0,6,999,0,1.4,93.918,-42.7,4.968,5228.1,999.0,0,1.0,0.0,0.0,2,5,0.0,9,7,1,1
32100,31.0,2,999,0,-0.1,93.2,-42.0,4.12,5195.8,999.0,0,1.0,0.0,0.0,2,8,0.0,4,11,1,1
32101,35.0,2,999,0,1.1,93.994,-36.4,4.858,5191.0,999.0,0,1.0,1.0,1.0,3,4,0.0,4,5,2,1
32102,38.0,1,999,0,-0.1,93.2,-42.0,4.12,5195.8,999.0,0,0.0,0.0,0.0,2,6,0.0,5,11,1,1
32103,52.0,2,999,0,-0.1,93.2,-42.0,4.076,5195.8,999.0,0,0.0,0.0,0.0,2,8,0.0,6,11,1,1
32104,42.0,1,999,0,-1.8,93.075,-47.1,1.405,5099.1,999.0,0,1.0,0.0,0.0,2,8,0.0,9,4,2,1
32105,53.0,4,999,0,1.4,93.444,-36.1,4.964,5228.1,999.0,0,1.0,0.0,0.0,3,8,0.0,6,8,1,1
32106,33.0,1,999,0,1.1,93.994,-36.4,4.864,5191.0,999.0,0,1.0,1.0,1.0,2,8,0.0,6,5,1,1
32107,30.0,15,999,0,1.4,93.918,-42.7,4.963,5228.1,999.0,0,1.0,0.0,0.0,1,7,0.0,5,7,1,1
32108,31.0,2,999,0,1.1,93.994,-36.4,4.856,5191.0,999.0,0,1.0,1.0,1.0,2,8,0.0,4,5,1,1
32109,50.0,2,999,0,1.4,93.444,-36.1,4.968,5228.1,999.0,0,1.0,0.0,0.0,2,6,0.0,5,8,1,1
32110,59.0,2,999,0,-2.9,92.201,-31.4,0.825,5076.2,999.0,0,0.0,0.0,0.0,2,8,0.0,8,8,1,1
32111,31.0,1,999,0,1.1,93.994,-36.4,4.857,5191.0,999.0,0,1.0,0.0,1.0,3,5,0.0,12,5,2,1
32112,31.0,1,999,0,1.4,94.465,-41.8,4.96,5228.1,999.0,0,1.0,0.0,1.0,2,8,0.0,5,6,2,1
32113,68.0,1,999,0,-1.8,93.075,-47.1,1.405,5099.1,999.0,0,1.0,0.0,0.0,2,5,0.0,8,4,2,1
32114,31.0,2,999,0,1.4,93.918,-42.7,4.962,5228.1,999.0,0,0.0,1.0,0.0,2,8,0.0,5,7,1,1
32115,31.0,1,999,0,1.1,93.994,-36.4,4.857,5191.0,999.0,0,1.0,0.0,1.0,1,2,0.0,4,5,2,1
32116,29.0,1,999,0,-2.9,92.201,-31.4,0.879,5076.2,999.0,0,1.0,0.0,0.0,1,5,0.0,4,8,1,1
32117,25.0,2,999,0,-3.4,92.649,-30.1,0.715,5017.5,999.0,0,0.0,0.0,1.0,1,8,0.0,11,11,1,1
32118,52.0,3,999,0,1.4,93.444,-36.1,4.965,5228.1,999.0,0,1.0,1.0,0.0,2,6,0.0,9,8,2,1
32119,32.0,2,999,0,1.4,93.918,-42.7,4.963,5228.1,999.0,0,1.0,0.0,0.0,2,8,0.0,4,7,1,1
32120,35.0,2,999,0,1.1,93.994,-36.4,4.857,5191.0,999.0,0,0.0,1.0,1.0,1,7,0.0,6,5,2,1
32121,31.0,4,999,0,1.4,93.918,-42.7,4.961,5228.1,999.0,0,1.0,0.0,0.0,2,2,0.0,4,7,1,1
32122,38.0,2,999,0,1.4,93.918,-42.7,4.961,5228.1,999.0,0,0.0,0.0,0.0,2,8,0.0,2,7,1,1
32123,50.0,9,999,0,1.4,93.444,-36.1,4.965,5228.1,999.0,0,0.0,0.0,0.0,3,8,0.0,6,8,1,1
32124,31.0,1,999,0,1.4,94.465,-41.8,4.959,5228.1,999.0,0,0.0,0.0,1.0,2,5,0.0,9,6,1,1
32125,47.0,3,999,0,1.4,93.444,-36.1,4.965,5228.1,999.0,0,1.0,0.0,0.0,2,4,0.0,4,8,2,1
32126,44.0,1,999,0,1.4,94.465,-41.8,4.962,5228.1,999.0,0,0.0,1.0,1.0,2,2,0.0,4,6,1,1
32127,33.0,5,999,0,-1.8,92.893,-46.2,1.266,5099.1,999.0,0,1.0,0.0,0.0,2,5,0.0,5,5,1,1
32128,31.0,2,999,0,1.4,94.465,-41.8,4.959,5228.1,999.0,0,0.0,0.0,1.0,2,8,0.0,8,6,1,1
32129,31.0,2,999,0,1.4,94.465,-41.8,4.961,5228.1,999.0,0,0.0,0.0,1.0,2,8,0.0,5,6,1,1
32130,30.0,1,999,0,1.4,93.444,-36.1,4.964,5228.1,999.0,0,1.0,1.0,0.0,2,7,0.0,1,8,1,1
32131,30.0,1,999,0,1.4,93.918,-42.7,4.963,5228.1,999.0,0,1.0,0.0,0.0,1,8,0.0,4,7,1,1
32132,29.0,3,13,2,-1.8,93.876,-40.0,0.684,5008.7,0.433333333333,2,1.0,1.0,0.0,2,8,0.0,6,5,1,2
32133,54.0,4,999,0,1.4,93.444,-36.1,4.964,5228.1,999.0,0,1.0,0.0,0.0,3,6,0.0,5,8,1,1
32134,33.0,3,999,0,1.4,93.444,-36.1,4.965,5228.1,999.0,0,0.0,0.0,0.0,2,8,0.0,1,8,2,1
32135,31.0,1,999,0,1.1,93.994,-36.4,4.856,5191.0,999.0,0,0.0,0.0,1.0,2,8,0.0,4,5,1,1
32136,59.0,3,999,0,-1.8,92.893,-46.2,1.281,5099.1,999.0,0,1.0,1.0,1.0,3,5,0.0,6,5,1,1
32137,35.0,1,999,1,-0.1,93.2,-42.0,4.153,5195.8,999.0,3,1.0,0.0,0.0,3,7,0.0,6,11,1,2
32138,46.0,6,999,0,1.4,93.918,-42.7,4.961,5228.1,999.0,0,0.0,0.0,1.0,2,7,0.0,6,7,1,1
32139,31.0,2,999,0,-1.8,92.893,-46.2,1.291,5099.1,999.0,0,1.0,1.0,0.0,2,8,0.0,4,5,1,1
32140,38.0,3,999,0,-0.1,93.2,-42.0,4.12,5195.8,999.0,0,1.0,1.0,0.0,2,6,0.0,5,11,1,1
32141,49.0,1,999,0,-1.8,93.075,-47.1,1.365,5099.1,999.0,0,0.0,0.0,0.0,2,7,0.0,3,4,1,1
32142,31.0,5,999,0,1.4,93.918,-42.7,4.963,5228.1,999.0,0,1.0,0.0,0.0,2,8,0.0,4,7,1,1
32143,43.0,4,999,0,1.4,93.444,-36.1,4.964,5228.1,999.0,0,0.0,0.0,0.0,2,6,0.0,5,8,1,1
32144,23.0,1,999,1,-2.9,92.469,-33.6,1.044,5076.2,999.0,2,0.0,0.0,0.0,1,5,0.0,11,7,1,2
32145,31.0,2,999,0,1.4,93.918,-42.7,4.957,5228.1,999.0,0,1.0,0.0,0.0,2,5,0.0,6,7,1,1
32146,24.0,1,999,1,-1.8,93.749,-34.6,0.645,5008.7,999.0,1,1.0,0.0,0.0,1,5,0.0,4,4,2,2
32147,34.0,3,999,0,1.4,93.918,-42.7,4.961,5228.1,999.0,0,1.0,0.0,0.0,2,8,0.0,3,7,1,1
32148,60.0,2,999,0,1.4,93.444,-36.1,4.964,5228.1,999.0,0,0.0,0.0,0.0,2,8,0.0,8,8,1,1
32149,39.0,1,999,1,-1.8,92.893,-46.2,1.281,5099.1,999.0,0,0.0,0.0,0.0,1,6,0.0,5,5,1,2
32150,35.0,2,999,0,1.4,93.918,-42.7,4.96,5228.1,999.0,0,0.0,1.0,0.0,3,8,0.0,9,7,2,1
32151,56.0,1,999,0,1.4,93.918,-42.7,4.962,5228.1,999.0,0,1.0,0.0,0.0,2,8,0.0,4,7,1,1
32152,44.0,11,999,0,1.4,93.918,-42.7,4.957,5228.1,999.0,0,0.0,0.0,0.0,2,5,0.0,1,7,1,1
32153,31.0,1,999,0,1.1,93.994,-36.4,4.859,5191.0,999.0,0,1.0,0.0,1.0,1,8,0.0,6,5,1,1
32154,31.0,4,999,0,1.4,93.918,-42.7,4.96,5228.1,999.0,0,0.0,0.0,0.0,1,7,0.0,6,7,2,1
32155,31.0,1,999,0,1.4,93.918,-42.7,4.963,5228.1,999.0,0,1.0,0.0,0.0,1,8,0.0,5,7,1,1
32156,33.0,3,999,0,1.4,93.444,-36.1,4.966,5228.1,999.0,0,1.0,0.0,0.0,2,7,0.0,1,8,1,1
32157,30.0,2,999,0,1.4,93.444,-36.1,4.968,5228.1,999.0,0,1.0,0.0,0.0,1,5,0.0,5,8,1,1
32158,48.0,2,999,0,1.4,93.444,-36.1,4.965,5228.1,999.0,0,1.0,0.0,0.0,1,7,0.0,6,8,1,1
32159,34.0,2,999,0,-0.1,93.2,-42.0,4.076,5195.8,999.0,0,1.0,1.0,0.0,1,7,0.0,3,11,1,1
32160,44.0,2,999,0,-1.8,93.075,-47.1,1.365,5099.1,999.0,0,1.0,1.0,0.0,2,7,0.0,5,4,1,1
32161,31.0,1,999,0,1.4,93.444,-36.1,4.966,5228.1,999.0,0,0.0,0.0,0.0,2,7,0.0,7,8,1,1
32162,46.0,1,999,0,-0.1,93.2,-42.0,4.191,5195.8,999.0,0,1.0,1.0,0.0,2,8,0.0,6,11,2,1
32163,31.0,1,999,0,1.4,94.465,-41.8,4.961,5228.1,999.0,0,1.0,0.0,1.0,1,8,0.0,4,6,2,1
32164,31.0,1,999,1,-3.0,92.713,-33.0,0.706,5023.5,999.0,2,0.0,0.0,0.0,2,7,0.0,1,12,2,2
32165,45.0,1,999,1,-1.8,92.893,-46.2,1.299,5099.1,999.0,3,1.0,0.0,0.0,3,8,0.0,4,5,2,2
32166,31.0,1,999,0,1.4,93.444,-36.1,4.964,5228.1,999.0,0,1.0,0.0,0.0,1,7,0.0,5,8,1,1
32167,36.0,2,999,0,-2.9,92.201,-31.4,0.873,5076.2,999.0,0,1.0,0.0,0.0,2,8,0.0,10,8,1,1
32168,31.0,3,999,0,1.4,93.444,-36.1,4.963,5228.1,999.0,0,1.0,0.0,0.0,1,6,0.0,5,8,1,1
32169,47.0,11,999,0,1.1,93.994,-36.4,4.858,5191.0,999.0,0,0.0,0.0,1.0,2,5,0.0,6,5,1,1
32170,31.0,2,999,0,1.1,93.994,-36.4,4.856,5191.0,999.0,0,1.0,0.0,1.0,2,3,0.0,4,5,1,1
32171,52.0,9,999,0,1.1,93.994,-36.4,4.859,5191.0,999.0,0,1.0,0.0,1.0,2,6,0.0,3,5,1,1
32172,31.0,1,999,0,1.1,93.994,-36.4,4.855,5191.0,999.0,0,0.0,0.0,1.0,2,3,0.0,4,5,1,1
32173,41.0,13,999,0,1.4,93.444,-36.1,4.964,5228.1,999.0,0,0.0,0.0,0.0,3,6,0.0,5,8,1,1
32174,50.0,1,999,0,1.4,94.465,-41.8,4.961,5228.1,999.0,0,1.0,1.0,1.0,2,8,0.0,5,6,1,1
32175,42.0,1,999,0,-0.1,93.2,-42.0,4.191,5195.8,999.0,0,1.0,0.0,1.0,2,8,0.0,2,11,2,1
32176,53.0,2,999,2,-1.8,92.893,-46.2,1.344,5099.1,999.0,6,1.0,0.0,0.0,1,5,0.0,6,5,1,2
32177,51.0,4,999,0,1.4,94.465,-41.8,4.967,5228.1,999.0,0,0.0,0.0,1.0,2,5,0.0,6,6,1,1
32178,47.0,3,999,0,-1.1,94.601,-49.5,1.0,4963.6,999.0,0,0.0,0.0,0.0,1,7,0.0,6,10,2,1
32179,34.0,1,999,0,1.4,94.465,-41.8,4.866,5228.1,999.0,0,1.0,0.0,1.0,3,8,0.0,9,6,1,1
32180,53.0,2,999,0,1.4,93.444,-36.1,4.964,5228.1,999.0,0,1.0,0.0,0.0,2,2,0.0,4,8,1,1
32181,56.0,5,999,0,1.4,93.918,-42.7,4.958,5228.1,999.0,0,0.0,0.0,0.0,3,3,0.0,6,7,1,1
32182,31.0,2,999,0,1.4,93.444,-36.1,4.963,5228.1,999.0,0,1.0,0.0,0.0,2,3,0.0,4,8,1,1
32183,31.0,1,999,0,1.1,93.994,-36.4,4.857,5191.0,999.0,0,1.0,1.0,1.0,2,8,0.0,5,5,1,1
32184,32.0,3,999,0,1.4,93.444,-36.1,4.963,5228.1,999.0,0,1.0,0.0,0.0,1,5,0.0,5,8,1,1
32185,38.0,3,999,0,-0.1,93.2,-42.0,4.076,5195.8,999.0,0,1.0,0.0,0.0,3,5,0.0,3,11,1,1
32186,48.0,1,999,0,1.4,93.444,-36.1,4.964,5228.1,999.0,0,0.0,0.0,0.0,2,7,0.0,5,8,1,1
32187,34.0,1,999,0,1.4,93.444,-36.1,4.964,5228.1,999.0,0,1.0,1.0,0.0,1,7,0.0,6,8,1,1
32188,40.0,3,999,0,1.4,94.465,-41.8,4.959,5228.1,999.0,0,1.0,0.0,1.0,1,6,0.0,5,6,1,1
32189,31.0,3,999,0,1.1,93.994,-36.4,4.857,5191.0,999.0,0,0.0,0.0,1.0,2,7,0.0,6,5,1,1
32190,32.0,7,999,0,1.1,93.994,-36.4,4.857,5191.0,999.0,0,1.0,0.0,1.0,2,5,0.0,4,5,1,1
32191,24.0,1,999,0,-2.9,92.963,-40.8,1.26,5076.2,999.0,0,0.0,0.0,0.0,1,8,0.0,9,6,1,1
32192,50.0,1,999,0,1.4,94.465,-41.8,4.864,5228.1,999.0,0,1.0,0.0,1.0,1,8,0.0,12,6,1,1
32193,31.0,2,999,0,-1.8,92.893,-46.2,1.25,5099.1,999.0,0,0.0,0.0,0.0,2,3,0.0,4,5,1,1
32194,27.0,2,999,0,1.4,93.918,-42.7,4.961,5228.1,999.0,0,1.0,0.0,0.0,1,6,0.0,5,7,1,1
32195,32.0,2,999,0,-1.8,92.843,-50.0,1.757,5099.1,999.0,0,0.0,0.0,0.0,2,8,0.0,6,3,1,1
32196,33.0,1,999,0,1.4,93.444,-36.1,4.965,5228.1,999.0,0,1.0,0.0,0.0,2,6,0.0,5,8,2,1
32197,35.0,4,999,0,1.4,94.465,-41.8,4.864,5228.1,999.0,0,0.0,0.0,1.0,1,5,0.0,11,6,1,1
32198,31.0,3,999,0,1.4,93.444,-36.1,4.964,5228.1,999.0,0,1.0,0.0,0.0,2,8,0.0,4,8,1,1
32199,36.0,1,999,0,-2.9,92.201,-31.4,0.881,5076.2,999.0,0,1.0,0.0,0.0,2,7,0.0,3,8,1,1
32200,40.0,1,999,0,1.4,93.918,-42.7,4.96,5228.1,999.0,0,0.0,0.0,0.0,2,8,0.0,1,7,2,1
32201,41.0,8,999,0,-1.8,92.893,-46.2,1.244,5099.1,999.0,0,1.0,1.0,0.0,2,4,0.0,4,5,2,1
32202,31.0,2,999,0,-1.8,92.893,-46.2,1.27,5099.1,999.0,0,1.0,0.0,0.0,1,8,0.0,11,5,1,1
32203,36.0,2,999,0,1.1,93.994,-36.4,4.857,5191.0,999.0,0,1.0,0.0,1.0,2,4,0.0,4,5,2,1
32204,30.0,5,999,0,1.1,93.994,-36.4,4.857,5191.0,999.0,0,0.0,0.0,1.0,2,6,0.0,1,5,2,1
32205,31.0,2,999,0,1.4,93.444,-36.1,4.964,5228.1,999.0,0,0.0,0.0,0.0,1,7,0.0,5,8,1,1
32206,37.0,2,999,0,1.4,93.918,-42.7,4.963,5228.1,999.0,0,1.0,0.0,0.0,1,7,0.0,6,7,1,1
32207,50.0,3,1,2,-0.1,93.2,-42.0,4.021,5195.8,0.0333333333333,8,1.0,0.0,0.0,3,7,0.0,6,11,1,3
32208,38.0,1,999,0,1.4,93.444,-36.1,4.963,5228.1,999.0,0,1.0,0.0,1.0,2,7,0.0,6,8,1,1
32209,35.0,2,999,0,1.4,93.444,-36.1,4.968,5228.1,999.0,0,0.0,0.0,0.0,1,7,0.0,6,8,1,1
32210,32.0,1,999,0,1.1,93.994,-36.4,4.858,5191.0,999.0,0,1.0,0.0,1.0,2,8,0.0,4,5,2,1
32211,37.0,2,999,0,1.4,94.465,-41.8,4.96,5228.1,999.0,0,0.0,0.0,1.0,1,8,0.0,5,6,1,1
32212,59.0,2,999,1,-1.8,93.075,-47.1,1.41,5099.1,999.0,2,0.0,0.0,0.0,2,4,0.0,4,4,1,2
32213,44.0,2,999,0,1.4,93.444,-36.1,4.964,5228.1,999.0,0,0.0,0.0,0.0,2,6,0.0,5,8,1,1
32214,41.0,2,999,0,-2.9,92.963,-40.8,1.266,5076.2,999.0,0,1.0,1.0,0.0,2,8,0.0,5,6,2,1
32215,43.0,1,999,0,1.4,94.465,-41.8,4.959,5228.1,999.0,0,1.0,0.0,1.0,2,2,0.0,4,6,1,1
32216,31.0,2,999,0,-0.1,93.2,-42.0,4.12,5195.8,999.0,0,1.0,0.0,1.0,2,8,0.0,7,11,1,1
32217,36.0,1,999,0,1.4,93.918,-42.7,4.963,5228.1,999.0,0,1.0,0.0,1.0,1,5,0.0,6,7,1,1
32218,53.0,1,999,0,1.1,93.994,-36.4,4.856,5191.0,999.0,0,1.0,0.0,1.0,2,6,0.0,5,5,1,1
32219,28.0,2,999,0,-1.8,92.843,-50.0,1.548,5099.1,999.0,0,0.0,1.0,0.0,1,8,0.0,6,3,1,1
32220,46.0,3,999,0,1.4,93.444,-36.1,4.966,5228.1,999.0,0,0.0,0.0,0.0,2,8,0.0,6,8,1,1
32221,56.0,4,999,0,1.4,93.918,-42.7,4.96,5228.1,999.0,0,0.0,0.0,1.0,2,8,0.0,4,7,2,1
32222,31.0,1,999,0,1.4,93.918,-42.7,4.963,5228.1,999.0,0,0.0,1.0,0.0,2,2,0.0,2,7,1,1
32223,41.0,11,999,0,1.4,93.918,-42.7,4.961,5228.1,999.0,0,1.0,0.0,1.0,3,8,0.0,4,7,1,1
32224,31.0,3,999,0,1.4,93.444,-36.1,4.966,5228.1,999.0,0,0.0,0.0,0.0,2,2,0.0,4,8,1,1
32225,58.0,2,999,0,-0.1,93.2,-42.0,4.021,5195.8,999.0,0,0.0,0.0,0.0,3,6,0.0,8,11,1,1
32226,29.0,3,999,0,-1.8,92.893,-46.2,1.334,5099.1,999.0,0,0.0,0.0,0.0,1,7,0.0,6,5,1,1
32227,36.0,2,999,0,1.4,94.465,-41.8,4.96,5228.1,999.0,0,0.0,0.0,1.0,1,7,0.0,4,6,2,1
32228,30.0,7,999,0,1.4,93.444,-36.1,4.963,5228.1,999.0,0,0.0,0.0,0.0,1,8,0.0,5,8,1,1
32229,31.0,1,999,0,1.4,93.918,-42.7,4.961,5228.1,999.0,0,1.0,1.0,0.0,2,4,0.0,4,7,1,1
32230,57.0,3,999,0,1.4,93.918,-42.7,4.962,5228.1,999.0,0,0.0,0.0,0.0,2,8,0.0,4,7,1,1
32231,37.0,1,999,0,1.4,93.918,-42.7,4.963,5228.1,999.0,0,1.0,0.0,0.0,2,4,0.0,4,7,1,1
32232,31.0,8,999,0,1.1,93.994,-36.4,4.858,5191.0,999.0,0,1.0,1.0,1.0,3,7,0.0,5,5,1,1
32233,35.0,2,999,0,1.4,93.444,-36.1,4.964,5228.1,999.0,0,0.0,1.0,0.0,1,8,0.0,6,8,1,1
32234,51.0,6,6,4,-1.1,94.199,-37.5,0.884,4963.6,0.2,12,1.0,0.0,0.0,2,7,0.0,5,9,1,2
32235,31.0,1,999,0,-0.1,93.2,-42.0,4.153,5195.8,999.0,0,0.0,0.0,0.0,2,5,0.0,5,11,1,1
32236,34.0,1,999,0,1.1,93.994,-36.4,4.857,5191.0,999.0,0,1.0,0.0,1.0,1,8,0.0,6,5,1,1
32237,31.0,2,999,0,-0.1,93.2,-42.0,4.191,5195.8,999.0,0,1.0,0.0,0.0,1,4,0.0,7,11,2,1
32238,57.0,1,999,0,1.4,93.918,-42.7,4.961,5228.1,999.0,0,1.0,0.0,0.0,3,5,0.0,6,7,1,1
32239,37.0,3,999,1,-1.8,92.893,-46.2,1.25,5099.1,999.0,1,0.0,1.0,0.0,1,8,0.0,6,5,1,2
32240,28.0,1,999,0,1.4,93.918,-42.7,4.957,5228.1,999.0,0,1.0,0.0,0.0,2,5,0.0,9,7,1,1
32241,31.0,1,999,0,1.4,93.444,-36.1,4.964,5228.1,999.0,0,0.0,0.0,0.0,1,8,0.0,6,8,1,1
32242,53.0,1,999,0,1.4,94.465,-41.8,4.96,5228.1,999.0,0,1.0,0.0,1.0,2,5,0.0,12,6,2,1
32243,46.0,1,999,0,-2.9,92.469,-33.6,1.072,5076.2,999.0,0,1.0,0.0,0.0,1,8,0.0,6,7,1,1
32244,51.0,1,999,1,-1.8,92.893,-46.2,1.327,5099.1,999.0,1,1.0,0.0,0.0,3,5,0.0,9,5,1,2
32245,55.0,2,999,0,-1.8,93.075,-47.1,1.423,5099.1,999.0,0,0.0,0.0,0.0,2,5,0.0,6,4,1,1
32246,25.0,2,999,0,1.1,93.994,-36.4,4.856,5191.0,999.0,0,1.0,1.0,1.0,1,6,0.0,5,5,1,1
32247,42.0,1,999,0,1.4,93.918,-42.7,4.963,5228.1,999.0,0,0.0,0.0,0.0,1,8,0.0,7,7,1,1
32248,53.0,1,999,0,1.1,93.994,-36.4,4.859,5191.0,999.0,0,0.0,0.0,1.0,2,5,0.0,5,5,1,1
32249,39.0,16,999,0,1.1,93.994,-36.4,4.859,5191.0,999.0,0,1.0,0.0,1.0,1,5,0.0,6,5,1,1
32250,71.0,1,999,0,-1.7,94.027,-38.3,0.904,4991.6,999.0,0,1.0,0.0,0.0,2,7,0.0,8,8,1,1
32251,39.0,1,999,0,1.4,93.918,-42.7,4.962,5228.1,999.0,0,0.0,1.0,0.0,3,8,0.0,9,7,1,1
32252,38.0,2,7,1,-3.4,92.649,-30.1,0.715,5017.5,0.233333333333,3,0.0,0.0,0.0,2,7,0.0,6,11,1,3
32253,39.0,3,999,0,1.4,93.444,-36.1,4.963,5228.1,999.0,0,1.0,0.0,0.0,1,8,0.0,6,8,2,1
32254,31.0,1,999,0,1.1,93.994,-36.4,4.86,5191.0,999.0,0,0.0,0.0,1.0,3,2,0.0,7,5,1,1
32255,35.0,4,999,2,-1.8,93.075,-47.1,1.405,5099.1,999.0,4,1.0,0.0,1.0,2,8,0.0,9,4,2,2
32256,50.0,1,999,0,1.4,93.444,-36.1,4.966,5228.1,999.0,0,1.0,0.0,0.0,2,8,0.0,10,8,1,1
32257,31.0,1,999,0,-1.8,92.893,-46.2,1.291,5099.1,999.0,0,1.0,0.0,1.0,3,7,0.0,6,5,1,1
32258,29.0,1,3,3,-1.8,93.369,-34.8,0.646,5008.7,0.1,9,1.0,0.0,0.0,1,7,0.0,6,3,1,3
32259,31.0,1,999,0,-0.1,93.2,-42.0,4.153,5195.8,999.0,0,0.0,0.0,0.0,2,6,0.0,3,11,1,1
32260,31.0,1,999,0,1.4,93.918,-42.7,4.961,5228.1,999.0,0,0.0,0.0,0.0,1,8,0.0,9,7,1,1
32261,27.0,1,999,1,-2.9,92.963,-40.8,1.262,5076.2,999.0,2,0.0,0.0,0.0,2,7,0.0,11,6,1,2
32262,31.0,7,999,0,-1.8,92.893,-46.2,1.266,5099.1,999.0,0,1.0,1.0,0.0,1,7,0.0,6,5,1,1
32263,31.0,2,999,0,-1.7,94.215,-40.3,0.827,4991.6,999.0,0,1.0,0.0,0.0,1,4,0.0,11,7,2,1
32264,28.0,2,999,0,1.4,94.465,-41.8,4.866,5228.1,999.0,0,1.0,1.0,1.0,2,4,0.0,4,6,1,1
32265,45.0,1,999,0,-0.1,93.2,-42.0,4.191,5195.8,999.0,0,0.0,0.0,0.0,2,5,0.0,6,11,2,1
32266,31.0,1,999,0,1.4,94.465,-41.8,4.961,5228.1,999.0,0,0.0,0.0,1.0,3,8,0.0,9,6,1,1
32267,32.0,3,999,0,1.4,93.918,-42.7,4.958,5228.1,999.0,0,1.0,0.0,0.0,2,8,0.0,4,7,1,1
32268,31.0,3,999,0,-2.9,92.469,-33.6,1.059,5076.2,999.0,0,0.0,0.0,0.0,3,4,0.0,8,7,1,1
32269,43.0,4,999,0,1.1,93.994,-36.4,4.857,5191.0,999.0,0,1.0,0.0,1.0,2,3,0.0,4,5,2,1
32270,31.0,1,999,1,-0.1,93.2,-42.0,4.153,5195.8,999.0,3,0.0,0.0,0.0,1,7,0.0,5,11,1,2
32271,40.0,3,999,0,1.4,93.918,-42.7,4.962,5228.1,999.0,0,0.0,0.0,0.0,2,8,0.0,7,7,2,1
32272,45.0,1,999,0,1.4,93.918,-42.7,4.957,5228.1,999.0,0,1.0,0.0,0.0,4,8,0.0,12,7,1,1
32273,55.0,1,999,1,-1.8,92.893,-46.2,1.313,5099.1,999.0,1,0.0,0.0,0.0,3,8,0.0,7,5,1,2
32274,41.0,1,999,0,1.4,94.465,-41.8,4.866,5228.1,999.0,0,0.0,0.0,1.0,2,8,0.0,4,6,1,1
32275,30.0,1,999,0,1.1,93.994,-36.4,4.856,5191.0,999.0,0,0.0,0.0,1.0,2,7,0.0,5,5,1,1
32276,47.0,1,999,0,1.1,93.994,-36.4,4.86,5191.0,999.0,0,1.0,0.0,1.0,2,8,0.0,6,5,1,1
32277,31.0,10,999,0,1.4,93.918,-42.7,4.96,5228.1,999.0,0,1.0,0.0,1.0,2,5,0.0,6,7,2,1
32278,23.0,3,999,0,1.4,93.918,-42.7,4.963,5228.1,999.0,0,0.0,0.0,0.0,1,5,0.0,9,7,1,1
32279,31.0,1,999,0,1.1,93.994,-36.4,4.857,5191.0,999.0,0,1.0,0.0,1.0,2,6,0.0,5,5,2,1
32280,32.0,1,999,0,-1.8,92.893,-46.2,1.334,5099.1,999.0,0,1.0,1.0,0.0,2,2,0.0,4,5,1,1
32281,31.0,2,999,0,-1.8,92.893,-46.2,1.334,5099.1,999.0,0,1.0,0.0,0.0,2,3,0.0,4,5,1,1
32282,32.0,1,999,0,-1.1,94.199,-37.5,0.884,4963.6,999.0,0,0.0,0.0,0.0,1,8,0.0,6,9,1,1
32283,33.0,1,999,0,1.4,93.444,-36.1,4.964,5228.1,999.0,0,1.0,0.0,0.0,2,5,0.0,5,8,1,1
32284,34.0,1,999,1,-0.1,93.2,-42.0,4.12,5195.8,999.0,3,0.0,0.0,0.0,1,8,0.0,4,11,1,2
32285,48.0,2,999,0,1.4,93.444,-36.1,4.968,5228.1,999.0,0,0.0,0.0,0.0,2,2,0.0,9,8,1,1
32286,31.0,2,999,0,-1.7,94.027,-38.3,0.904,4991.6,999.0,0,1.0,0.0,0.0,1,8,0.0,6,8,1,1
32287,31.0,7,999,0,1.4,93.444,-36.1,4.963,5228.1,999.0,0,1.0,1.0,0.0,1,6,0.0,5,8,1,1
32288,42.0,1,999,0,1.1,93.994,-36.4,4.858,5191.0,999.0,0,0.0,0.0,1.0,3,2,0.0,4,5,1,1
32289,30.0,1,999,0,1.1,93.994,-36.4,4.856,5191.0,999.0,0,0.0,0.0,1.0,1,8,0.0,12,5,1,1
32290,31.0,2,999,0,1.1,93.994,-36.4,4.855,5191.0,999.0,0,1.0,1.0,1.0,1,4,0.0,6,5,1,1
32291,59.0,2,999,0,1.1,93.994,-36.4,4.855,5191.0,999.0,0,0.0,0.0,1.0,2,6,0.0,5,5,1,1
32292,49.0,2,999,0,1.4,93.918,-42.7,4.962,5228.1,999.0,0,1.0,0.0,0.0,3,5,0.0,9,7,1,1
32293,34.0,1,999,0,1.4,93.918,-42.7,4.962,5228.1,999.0,0,0.0,0.0,0.0,2,8,0.0,6,7,1,1
32294,31.0,3,999,1,-1.8,92.893,-46.2,1.25,5099.1,999.0,3,0.0,0.0,0.0,2,3,0.0,4,5,1,2
32295,44.0,2,999,0,1.1,93.994,-36.4,4.858,5191.0,999.0,0,0.0,0.0,1.0,2,5,0.0,6,5,1,1
32296,42.0,9,999,0,1.1,93.994,-36.4,4.859,5191.0,999.0,0,0.0,0.0,1.0,2,4,0.0,4,5,1,1
32297,30.0,1,999,0,1.4,93.444,-36.1,4.964,5228.1,999.0,0,0.0,0.0,0.0,1,7,0.0,6,8,1,1
32298,24.0,3,999,0,1.1,93.994,-36.4,4.856,5191.0,999.0,0,0.0,0.0,1.0,2,7,0.0,11,5,1,1
32299,36.0,3,999,0,1.4,93.444,-36.1,4.964,5228.1,999.0,0,0.0,0.0,0.0,2,7,0.0,6,8,1,1
32300,31.0,1,999,0,-1.8,93.876,-40.0,0.701,5008.7,999.0,0,1.0,0.0,0.0,2,6,0.0,5,5,2,1
32301,36.0,3,999,0,-1.8,92.843,-50.0,1.584,5099.1,999.0,0,1.0,0.0,0.0,2,5,0.0,6,3,1,1
32302,53.0,3,999,0,1.4,94.465,-41.8,4.958,5228.1,999.0,0,1.0,0.0,1.0,2,8,0.0,5,6,1,1
32303,31.0,1,6,2,-1.7,94.055,-39.8,0.704,4991.6,0.2,10,1.0,0.0,0.0,2,5,0.0,6,6,1,3
32304,36.0,6,999,0,1.4,94.465,-41.8,4.96,5228.1,999.0,0,0.0,0.0,1.0,1,8,0.0,3,6,2,1
32305,37.0,1,999,0,1.1,93.994,-36.4,4.857,5191.0,999.0,0,1.0,0.0,1.0,2,5,0.0,9,5,2,1
32306,29.0,4,999,1,-1.8,92.893,-46.2,1.25,5099.1,999.0,0,0.0,0.0,0.0,3,8,0.0,4,5,1,2
32307,43.0,2,999,0,1.4,94.465,-41.8,4.959,5228.1,999.0,0,1.0,0.0,1.0,1,8,0.0,9,6,1,1
32308,74.0,1,999,0,-1.1,94.601,-49.5,0.977,4963.6,999.0,0,0.0,0.0,1.0,2,7,0.0,8,10,2,1
32309,31.0,5,999,0,1.4,93.444,-36.1,4.968,5228.1,999.0,0,1.0,0.0,0.0,2,6,0.0,9,8,1,1
32310,31.0,1,999,0,1.4,93.918,-42.7,4.961,5228.1,999.0,0,0.0,0.0,0.0,2,2,0.0,8,7,1,1
32311,37.0,1,999,0,-1.8,93.075,-47.1,1.435,5099.1,999.0,0,1.0,0.0,0.0,3,8,0.0,5,4,1,1
32312,31.0,1,999,0,1.4,93.918,-42.7,4.957,5228.1,999.0,0,1.0,0.0,0.0,1,8,0.0,6,7,1,1
32313,39.0,1,999,0,1.4,94.465,-41.8,4.866,5228.1,999.0,0,1.0,0.0,1.0,2,6,0.0,4,6,1,1
32314,37.0,1,999,0,1.1,93.994,-36.4,4.857,5191.0,999.0,0,1.0,0.0,1.0,2,5,0.0,6,5,2,1
32315,55.0,6,999,0,1.4,93.444,-36.1,4.964,5228.1,999.0,0,0.0,0.0,0.0,2,8,0.0,6,8,1,1
32316,42.0,3,999,1,-1.8,93.075,-47.1,1.405,5099.1,999.0,2,0.0,0.0,1.0,2,4,0.0,6,4,1,2
32317,34.0,1,999,0,-0.1,93.2,-42.0,4.153,5195.8,999.0,0,0.0,0.0,0.0,2,4,0.0,5,11,1,1
32318,31.0,1,999,0,-1.8,92.893,-46.2,1.334,5099.1,999.0,0,1.0,1.0,0.0,2,4,0.0,4,5,1,1
32319,43.0,1,999,0,1.1,93.994,-36.4,4.855,5191.0,999.0,0,0.0,0.0,1.0,2,8,0.0,4,5,1,1
32320,38.0,1,7,4,-3.4,92.649,-30.1,0.714,5017.5,0.233333333333,4,0.0,0.0,0.0,2,7,0.0,6,11,1,2
32321,34.0,2,999,0,1.1,93.994,-36.4,4.86,5191.0,999.0,0,1.0,1.0,1.0,3,4,0.0,9,5,1,1
32322,33.0,1,999,0,1.4,93.444,-36.1,4.962,5228.1,999.0,0,1.0,1.0,0.0,2,6,0.0,9,8,1,1
32323,30.0,2,999,1,-0.1,93.2,-42.0,4.12,5195.8,999.0,5,0.0,0.0,0.0,3,5,0.0,6,11,1,2
32324,53.0,1,999,0,1.1,93.994,-36.4,4.859,5191.0,999.0,0,0.0,0.0,1.0,2,2,0.0,10,5,1,1
32325,60.0,1,999,0,-3.4,92.379,-29.8,0.743,5017.5,999.0,0,1.0,1.0,0.0,3,8,0.0,8,9,1,1
32326,37.0,3,999,1,-1.8,92.893,-46.2,1.244,5099.1,999.0,4,1.0,0.0,0.0,1,2,0.0,1,5,2,2
32327,31.0,4,999,1,-1.8,92.843,-50.0,1.811,5099.1,999.0,3,1.0,1.0,0.0,1,4,0.0,11,3,2,2
32328,31.0,4,999,0,-1.8,92.843,-50.0,1.663,5099.1,999.0,0,1.0,0.0,0.0,2,8,0.0,1,3,1,1
32329,31.0,5,999,0,-1.8,93.075,-47.1,1.405,5099.1,999.0,0,0.0,0.0,0.0,1,4,0.0,4,4,2,1
32330,55.0,1,999,0,-0.1,93.2,-42.0,4.021,5195.8,999.0,0,1.0,0.0,0.0,1,8,0.0,5,11,1,1
32331,31.0,3,999,0,-1.8,92.893,-46.2,1.291,5099.1,999.0,0,1.0,0.0,0.0,1,7,0.0,5,5,1,1
32332,32.0,1,3,2,-2.9,92.201,-31.4,0.851,5076.2,0.1,6,0.0,0.0,0.0,1,8,0.0,3,8,1,3
32333,31.0,2,5,3,-1.1,94.601,-49.5,0.972,4963.6,0.166666666667,3,0.0,1.0,0.0,3,2,0.0,10,10,1,3
32334,36.0,11,999,0,1.4,93.444,-36.1,4.964,5228.1,999.0,0,1.0,0.0,0.0,2,8,0.0,6,8,1,1
32335,31.0,1,999,0,1.4,93.918,-42.7,4.962,5228.1,999.0,0,0.0,0.0,1.0,1,7,0.0,6,7,1,1
32336,24.0,1,999,0,1.4,93.918,-42.7,4.961,5228.1,999.0,0,0.0,0.0,0.0,1,5,0.0,11,7,1,1
32337,24.0,1,999,0,1.4,93.918,-42.7,4.957,5228.1,999.0,0,1.0,0.0,0.0,1,8,0.0,4,7,1,1
32338,52.0,4,999,0,1.1,93.994,-36.4,4.855,5191.0,999.0,0,1.0,0.0,1.0,2,7,0.0,1,5,1,1
32339,31.0,2,999,0,1.4,94.465,-41.8,4.961,5228.1,999.0,0,1.0,0.0,1.0,2,8,0.0,4,6,2,1
32340,35.0,1,999,0,1.1,93.994,-36.4,4.857,5191.0,999.0,0,1.0,1.0,1.0,1,7,0.0,11,5,2,1
32341,33.0,1,6,2,-2.9,92.201,-31.4,0.859,5076.2,0.2,0,0.0,1.0,0.0,2,5,0.0,6,8,1,3
32342,34.0,3,999,0,1.4,94.465,-41.8,4.96,5228.1,999.0,0,0.0,0.0,1.0,3,6,0.0,5,6,2,1
32343,50.0,6,999,0,1.4,93.918,-42.7,4.968,5228.1,999.0,0,0.0,0.0,1.0,1,8,0.0,5,7,1,1
32344,33.0,2,999,0,1.4,93.444,-36.1,4.965,5228.1,999.0,0,0.0,0.0,0.0,2,7,0.0,6,8,2,1
32345,56.0,1,999,0,1.4,93.918,-42.7,4.962,5228.1,999.0,0,0.0,0.0,0.0,2,2,0.0,9,7,1,1
32346,31.0,2,5,1,-0.1,93.2,-42.0,4.076,5195.8,0.166666666667,3,1.0,0.0,0.0,2,7,0.0,6,11,1,3
32347,53.0,1,999,0,1.4,93.918,-42.7,4.96,5228.1,999.0,0,0.0,0.0,0.0,2,7,0.0,7,7,2,1
32348,54.0,2,999,1,-0.1,93.2,-42.0,4.12,5195.8,999.0,1,1.0,0.0,0.0,2,8,0.0,4,11,1,2
32349,31.0,3,999,0,1.4,93.918,-42.7,4.96,5228.1,999.0,0,0.0,0.0,0.0,1,4,0.0,4,7,2,1
32350,38.0,2,999,0,1.4,94.465,-41.8,4.961,5228.1,999.0,0,0.0,0.0,1.0,2,4,0.0,5,6,1,1
32351,44.0,4,999,0,1.4,93.918,-42.7,4.961,5228.1,999.0,0,1.0,0.0,0.0,2,2,0.0,4,7,1,1
32352,39.0,3,999,0,1.1,93.994,-36.4,4.857,5191.0,999.0,0,1.0,0.0,1.0,2,2,0.0,4,5,1,1
32353,41.0,2,999,0,1.1,93.994,-36.4,4.858,5191.0,999.0,0,0.0,0.0,1.0,2,7,0.0,3,5,2,1
32354,34.0,1,999,2,-1.8,93.369,-34.8,0.654,5008.7,999.0,4,0.0,0.0,0.0,1,7,0.0,5,3,1,2
32355,35.0,4,999,0,1.4,93.444,-36.1,4.966,5228.1,999.0,0,0.0,0.0,0.0,1,8,0.0,5,8,1,1
32356,33.0,2,999,0,1.4,93.918,-42.7,4.963,5228.1,999.0,0,0.0,0.0,0.0,2,5,0.0,9,7,1,1
32357,31.0,3,999,0,1.4,94.465,-41.8,4.865,5228.1,999.0,0,0.0,1.0,1.0,3,8,0.0,4,6,2,1
32358,31.0,1,6,1,-1.7,94.027,-38.3,0.9,4991.6,0.2,2,0.0,0.0,0.0,2,8,0.0,12,8,1,3
32359,35.0,2,999,0,1.1,93.994,-36.4,4.857,5191.0,999.0,0,1.0,0.0,1.0,2,4,0.0,4,5,2,1
32360,60.0,1,999,1,-3.4,92.431,-26.9,0.739,5017.5,999.0,2,0.0,0.0,0.0,2,2,0.0,8,10,2,2
32361,40.0,1,999,2,-1.8,92.893,-46.2,1.313,5099.1,999.0,2,1.0,0.0,0.0,2,2,0.0,9,5,1,2
32362,45.0,1,999,3,-1.1,94.767,-50.8,1.049,4963.6,999.0,3,0.0,0.0,0.0,2,8,0.0,6,11,1,2
32363,47.0,1,999,0,1.4,94.465,-41.8,4.967,5228.1,999.0,0,0.0,0.0,1.0,2,7,0.0,6,6,1,1
32364,35.0,2,999,0,1.1,93.994,-36.4,4.86,5191.0,999.0,0,0.0,0.0,1.0,2,8,0.0,4,5,1,1
32365,31.0,7,999,0,1.4,93.918,-42.7,4.957,5228.1,999.0,0,0.0,0.0,0.0,2,8,0.0,4,7,1,1
32366,26.0,1,999,0,1.4,93.918,-42.7,4.957,5228.1,999.0,0,1.0,0.0,0.0,2,7,0.0,5,7,1,1
32367,26.0,1,999,0,-1.8,92.893,-46.2,1.327,5099.1,999.0,0,1.0,0.0,0.0,2,4,0.0,4,5,1,1
32368,40.0,3,999,0,1.4,93.918,-42.7,4.96,5228.1,999.0,0,1.0,0.0,1.0,2,5,0.0,9,7,2,1
32369,38.0,2,999,0,-2.9,92.469,-33.6,0.914,5076.2,999.0,0,1.0,0.0,0.0,1,7,0.0,6,7,2,1
32370,31.0,1,999,0,-1.8,92.893,-46.2,1.291,5099.1,999.0,0,1.0,1.0,0.0,2,8,0.0,9,5,1,1
32371,35.0,1,999,0,1.4,94.465,-41.8,4.865,5228.1,999.0,0,0.0,0.0,1.0,1,8,0.0,4,6,2,1
32372,31.0,7,999,0,-1.8,93.369,-34.8,0.644,5008.7,999.0,0,1.0,0.0,1.0,2,7,0.0,6,3,1,1
32373,31.0,1,999,0,1.4,93.918,-42.7,4.962,5228.1,999.0,0,0.0,0.0,0.0,2,6,0.0,5,7,1,1
32374,36.0,1,999,1,-1.8,92.893,-46.2,1.266,5099.1,999.0,1,1.0,0.0,0.0,1,2,0.0,4,5,1,2
32375,48.0,5,999,0,1.4,93.444,-36.1,4.964,5228.1,999.0,0,1.0,1.0,0.0,2,7,0.0,6,8,1,1
32376,76.0,1,9,2,-1.7,94.055,-39.8,0.761,4991.6,0.3,6,1.0,0.0,0.0,2,6,0.0,8,6,1,3
32377,31.0,2,999,0,1.1,93.994,-36.4,4.858,5191.0,999.0,0,1.0,0.0,1.0,1,8,0.0,4,5,1,1
32378,31.0,3,999,0,1.1,93.994,-36.4,4.857,5191.0,999.0,0,1.0,0.0,1.0,2,6,0.0,5,5,1,1
32379,61.0,3,999,1,-1.7,94.215,-40.3,0.889,4991.6,999.0,1,1.0,1.0,0.0,2,8,0.0,6,7,2,2
32380,31.0,1,999,0,-1.8,92.893,-46.2,1.334,5099.1,999.0,0,1.0,1.0,0.0,2,6,0.0,5,5,1,1
32381,58.0,5,999,0,-2.9,92.201,-31.4,0.838,5076.2,999.0,0,0.0,0.0,0.0,2,8,0.0,8,8,1,1
32382,35.0,2,999,0,-1.8,92.893,-46.2,1.334,5099.1,999.0,0,0.0,0.0,0.0,1,8,0.0,6,5,1,1
32383,47.0,19,999,0,1.4,93.918,-42.7,4.962,5228.1,999.0,0,1.0,0.0,0.0,3,5,0.0,9,7,1,1
32384,31.0,3,999,0,1.4,93.918,-42.7,4.958,5228.1,999.0,0,1.0,0.0,0.0,1,8,0.0,6,7,1,1
32385,60.0,2,11,1,-1.8,92.893,-46.2,1.354,5099.1,0.366666666667,2,1.0,0.0,0.0,2,8,0.0,6,5,2,3
32386,40.0,2,999,0,1.4,94.465,-41.8,4.96,5228.1,999.0,0,0.0,0.0,1.0,2,8,0.0,4,6,2,1
32387,31.0,1,999,0,-0.1,93.2,-42.0,4.076,5195.8,999.0,0,1.0,0.0,0.0,1,7,0.0,7,11,1,1
32388,31.0,1,999,0,-1.8,93.075,-47.1,1.445,5099.1,999.0,0,0.0,0.0,0.0,3,4,0.0,9,4,1,1
32389,33.0,1,999,0,-1.8,92.893,-46.2,1.266,5099.1,999.0,0,0.0,0.0,0.0,1,4,0.0,4,5,1,1
32390,46.0,5,999,0,1.1,93.994,-36.4,4.858,5191.0,999.0,0,0.0,1.0,1.0,3,5,0.0,6,5,2,1
32391,53.0,1,999,0,1.4,93.444,-36.1,4.966,5228.1,999.0,0,1.0,0.0,0.0,2,2,0.0,4,8,1,1
32392,36.0,1,999,0,-1.8,92.893,-46.2,1.281,5099.1,999.0,0,0.0,0.0,0.0,3,4,0.0,4,5,1,1
32393,36.0,8,999,0,1.4,94.465,-41.8,4.865,5228.1,999.0,0,1.0,0.0,1.0,2,8,0.0,6,6,2,1
32394,53.0,1,999,0,1.4,93.918,-42.7,4.962,5228.1,999.0,0,1.0,0.0,0.0,1,8,0.0,12,7,1,1
32395,43.0,1,999,1,-1.8,93.876,-40.0,0.699,5008.7,999.0,1,0.0,0.0,0.0,2,6,0.0,5,5,1,2
32396,56.0,5,999,0,1.1,93.994,-36.4,4.857,5191.0,999.0,0,0.0,0.0,1.0,2,8,0.0,8,5,1,1
32397,28.0,8,999,0,1.4,93.918,-42.7,4.962,5228.1,999.0,0,0.0,0.0,0.0,1,8,0.0,5,7,2,1
32398,29.0,2,999,0,1.1,93.994,-36.4,4.855,5191.0,999.0,0,1.0,0.0,1.0,1,5,0.0,4,5,1,1
32399,36.0,2,999,0,1.4,94.465,-41.8,4.959,5228.1,999.0,0,1.0,0.0,1.0,2,5,0.0,5,6,1,1
32400,31.0,2,999,0,-1.8,93.075,-47.1,1.405,5099.1,999.0,0,1.0,0.0,0.0,2,8,0.0,9,4,2,1
32401,41.0,2,999,0,-0.1,93.2,-42.0,4.191,5195.8,999.0,0,1.0,0.0,0.0,2,8,0.0,1,11,2,1
32402,33.0,2,999,0,1.4,93.918,-42.7,4.962,5228.1,999.0,0,1.0,0.0,0.0,2,8,0.0,9,7,1,1
32403,31.0,1,999,1,-0.1,93.2,-42.0,4.153,5195.8,999.0,1,0.0,0.0,0.0,3,5,0.0,9,11,1,2
32404,37.0,3,999,0,1.4,93.918,-42.7,4.968,5228.1,999.0,0,1.0,1.0,0.0,2,5,0.0,6,7,1,1
32405,31.0,2,999,0,1.4,93.918,-42.7,4.962,5228.1,999.0,0,1.0,0.0,0.0,1,7,0.0,6,7,2,1
32406,31.0,1,999,0,-0.1,93.2,-42.0,4.191,5195.8,999.0,0,1.0,1.0,0.0,3,5,0.0,9,11,2,1
32407,30.0,6,999,0,1.4,93.444,-36.1,4.964,5228.1,999.0,0,1.0,1.0,0.0,2,8,0.0,6,8,1,1
32408,31.0,4,999,0,-1.8,93.749,-34.6,0.644,5008.7,999.0,0,1.0,0.0,0.0,2,5,0.0,6,4,1,1
32409,31.0,2,999,0,-1.8,93.075,-47.1,1.365,5099.1,999.0,0,1.0,1.0,1.0,1,8,0.0,6,4,1,1
32410,36.0,1,999,0,1.4,93.444,-36.1,4.965,5228.1,999.0,0,1.0,1.0,0.0,3,7,0.0,6,8,1,1
32411,31.0,1,999,0,-1.1,94.601,-49.5,1.0,4963.6,999.0,0,1.0,0.0,0.0,1,7,0.0,6,10,2,1
32412,31.0,1,999,0,1.1,93.994,-36.4,4.856,5191.0,999.0,0,1.0,0.0,1.0,2,5,0.0,6,5,1,1
32413,44.0,1,999,0,1.4,93.918,-42.7,4.963,5228.1,999.0,0,1.0,0.0,0.0,2,4,0.0,4,7,1,1
32414,59.0,1,999,0,-0.1,93.798,-40.4,4.968,5195.8,999.0,0,0.0,0.0,1.0,2,7,0.0,6,10,1,1
32415,31.0,5,999,0,-1.8,92.893,-46.2,1.354,5099.1,999.0,0,1.0,0.0,0.0,2,8,0.0,7,5,2,1
32416,54.0,1,999,0,1.4,93.918,-42.7,4.955,5228.1,999.0,0,1.0,0.0,1.0,2,8,0.0,4,7,1,1
32417,43.0,1,999,0,1.4,93.918,-42.7,4.962,5228.1,999.0,0,0.0,0.0,0.0,2,7,0.0,6,7,1,1
32418,58.0,7,999,0,-0.1,93.2,-42.0,4.021,5195.8,999.0,0,0.0,0.0,0.0,2,2,0.0,6,11,1,1
32419,31.0,1,999,1,-1.8,92.893,-46.2,1.327,5099.1,999.0,2,0.0,1.0,0.0,2,2,0.0,4,5,1,2
32420,49.0,1,999,0,-0.1,93.2,-42.0,4.191,5195.8,999.0,0,1.0,0.0,1.0,2,6,0.0,5,11,2,1
32421,31.0,2,999,0,1.4,93.918,-42.7,4.961,5228.1,999.0,0,1.0,0.0,0.0,1,7,0.0,6,7,1,1
32422,46.0,29,999,0,1.4,93.918,-42.7,4.962,5228.1,999.0,0,0.0,0.0,0.0,2,8,0.0,4,7,2,1
32423,42.0,2,999,0,1.4,93.918,-42.7,4.96,5228.1,999.0,0,1.0,0.0,0.0,2,7,0.0,6,7,1,1
32424,31.0,1,999,0,1.4,93.918,-42.7,4.962,5228.1,999.0,0,0.0,0.0,0.0,1,8,0.0,4,7,1,1
32425,41.0,1,999,0,-1.8,92.893,-46.2,1.299,5099.1,999.0,0,1.0,0.0,0.0,3,5,0.0,9,5,2,1
32426,43.0,2,999,0,1.1,93.994,-36.4,4.855,5191.0,999.0,0,0.0,0.0,1.0,2,8,0.0,7,5,1,1
32427,28.0,1,999,0,1.1,93.994,-36.4,4.856,5191.0,999.0,0,1.0,0.0,1.0,1,4,0.0,4,5,1,1
32428,31.0,1,3,1,-1.8,92.893,-46.2,1.354,5099.1,0.1,1,0.0,0.0,0.0,2,8,0.0,10,5,2,3
32429,31.0,1,999,0,1.4,94.465,-41.8,4.958,5228.1,999.0,0,0.0,0.0,1.0,2,7,0.0,7,6,1,1
32430,31.0,1,999,0,1.4,94.465,-41.8,4.961,5228.1,999.0,0,1.0,0.0,1.0,2,8,0.0,4,6,1,1
32431,45.0,2,999,0,1.4,93.444,-36.1,4.968,5228.1,999.0,0,0.0,0.0,0.0,2,8,0.0,1,8,1,1
32432,31.0,1,999,0,-0.1,93.2,-42.0,4.153,5195.8,999.0,0,1.0,1.0,0.0,2,8,0.0,3,11,1,1
32433,47.0,5,999,0,-1.8,93.075,-47.1,1.41,5099.1,999.0,0,0.0,0.0,0.0,3,5,0.0,7,4,1,1
32434,31.0,3,999,0,1.4,93.918,-42.7,4.961,5228.1,999.0,0,0.0,0.0,0.0,3,8,0.0,6,7,1,1
32435,30.0,8,999,0,1.4,93.444,-36.1,4.964,5228.1,999.0,0,0.0,0.0,0.0,1,7,0.0,5,8,1,1
32436,51.0,1,999,1,-2.9,92.201,-31.4,0.838,5076.2,999.0,0,1.0,0.0,0.0,3,5,0.0,6,8,1,2
32437,31.0,3,999,0,1.4,93.918,-42.7,4.96,5228.1,999.0,0,1.0,0.0,0.0,2,5,0.0,6,7,2,1
32438,58.0,2,999,0,1.1,93.994,-36.4,4.857,5191.0,999.0,0,1.0,0.0,1.0,2,3,0.0,3,5,2,1
32439,45.0,13,999,0,1.4,94.465,-41.8,4.959,5228.1,999.0,0,0.0,0.0,1.0,2,8,0.0,4,6,1,1
32440,31.0,1,999,0,-0.1,93.2,-42.0,4.021,5195.8,999.0,0,1.0,0.0,1.0,2,8,0.0,3,11,1,1
32441,35.0,2,999,0,1.4,93.918,-42.7,4.961,5228.1,999.0,0,0.0,1.0,0.0,3,7,0.0,9,7,1,1
32442,33.0,3,999,0,1.4,93.918,-42.7,4.962,5228.1,999.0,0,1.0,0.0,0.0,2,7,0.0,7,7,1,1
32443,31.0,1,999,0,1.4,93.444,-36.1,4.963,5228.1,999.0,0,0.0,0.0,0.0,1,7,0.0,1,8,1,1
32444,25.0,2,999,0,-2.9,92.963,-40.8,1.235,5076.2,999.0,0,1.0,1.0,0.0,1,7,0.0,11,6,1,1
32445,31.0,1,999,0,-0.1,93.2,-42.0,4.191,5195.8,999.0,0,0.0,0.0,0.0,1,7,0.0,6,11,2,1
32446,35.0,9,999,0,-1.8,92.893,-46.2,1.281,5099.1,999.0,0,0.0,0.0,0.0,2,8,0.0,5,5,1,1
32447,31.0,1,999,0,1.4,93.918,-42.7,4.957,5228.1,999.0,0,1.0,0.0,0.0,1,8,0.0,4,7,1,1
32448,31.0,2,999,0,1.1,93.994,-36.4,4.858,5191.0,999.0,0,0.0,0.0,1.0,3,5,0.0,6,5,2,1
32449,31.0,4,999,0,-1.8,92.893,-46.2,1.354,5099.1,999.0,0,0.0,0.0,0.0,2,8,0.0,9,5,2,1
32450,36.0,2,999,0,1.4,93.918,-42.7,4.963,5228.1,999.0,0,0.0,0.0,0.0,2,6,0.0,5,7,1,1
32451,32.0,1,999,0,1.4,93.918,-42.7,4.963,5228.1,999.0,0,1.0,0.0,0.0,1,7,0.0,5,7,1,1
32452,50.0,2,999,0,-1.8,93.369,-34.8,0.643,5008.7,999.0,0,1.0,0.0,0.0,2,7,0.0,3,3,1,1
32453,31.0,1,999,0,1.1,93.994,-36.4,4.859,5191.0,999.0,0,1.0,0.0,1.0,2,4,0.0,4,5,1,1
32454,31.0,6,999,1,-1.8,92.893,-46.2,1.25,5099.1,999.0,0,1.0,0.0,0.0,2,5,0.0,9,5,1,2
32455,33.0,1,999,0,-1.8,93.075,-47.1,1.435,5099.1,999.0,0,1.0,0.0,0.0,2,7,0.0,1,4,1,1
32456,29.0,1,999,1,-1.8,92.893,-46.2,1.281,5099.1,999.0,2,1.0,0.0,0.0,1,4,0.0,4,5,1,2
32457,31.0,2,999,0,1.4,93.918,-42.7,4.956,5228.1,999.0,0,1.0,0.0,1.0,2,2,0.0,2,7,1,1
32458,34.0,3,999,0,-1.8,92.893,-46.2,1.327,5099.1,999.0,0,1.0,1.0,0.0,2,6,0.0,5,5,1,1
32459,31.0,1,999,1,-3.4,92.431,-26.9,0.744,5017.5,999.0,1,0.0,0.0,0.0,1,8,0.0,3,10,1,2
32460,31.0,3,999,0,-0.1,93.2,-42.0,4.021,5195.8,999.0,0,1.0,1.0,0.0,1,7,0.0,3,11,1,1
32461,56.0,3,999,0,1.4,93.918,-42.7,4.962,5228.1,999.0,0,1.0,0.0,0.0,2,8,0.0,4,7,1,1
32462,31.0,1,999,2,-1.8,92.893,-46.2,1.327,5099.1,999.0,6,1.0,0.0,0.0,2,5,0.0,9,5,1,2
32463,45.0,1,999,0,-0.1,93.2,-42.0,4.191,5195.8,999.0,0,1.0,0.0,0.0,2,4,0.0,6,11,2,1
32464,31.0,2,999,0,-1.8,92.893,-46.2,1.266,5099.1,999.0,0,0.0,0.0,0.0,2,5,0.0,9,5,1,1
32465,57.0,1,999,0,-1.8,92.893,-46.2,1.344,5099.1,999.0,0,1.0,0.0,0.0,2,8,0.0,4,5,1,1
32466,33.0,1,999,0,1.1,93.994,-36.4,4.855,5191.0,999.0,0,0.0,1.0,1.0,2,7,0.0,3,5,1,1
32467,47.0,1,999,1,-3.4,92.649,-30.1,0.722,5017.5,999.0,1,1.0,0.0,0.0,3,5,0.0,5,11,2,2
32468,31.0,1,999,0,-1.8,92.893,-46.2,1.327,5099.1,999.0,0,1.0,0.0,0.0,2,6,0.0,10,5,1,1
32469,39.0,1,999,0,1.4,93.918,-42.7,4.962,5228.1,999.0,0,0.0,0.0,0.0,2,5,0.0,9,7,1,1
32470,43.0,3,999,0,-1.8,92.843,-50.0,1.531,5099.1,999.0,0,1.0,0.0,0.0,2,7,0.0,6,3,1,1
32471,41.0,1,999,0,-1.8,93.075,-47.1,1.405,5099.1,999.0,0,0.0,0.0,0.0,3,5,0.0,6,4,1,1
32472,31.0,4,999,1,-1.8,92.893,-46.2,1.291,5099.1,999.0,2,1.0,1.0,0.0,2,3,0.0,9,5,1,2
32473,33.0,1,999,0,-0.1,93.2,-42.0,4.12,5195.8,999.0,0,0.0,0.0,0.0,1,8,0.0,5,11,1,1
32474,26.0,4,999,0,-1.8,92.843,-50.0,1.811,5099.1,999.0,0,1.0,0.0,1.0,1,8,0.0,11,3,2,1
32475,38.0,4,999,0,-1.8,92.893,-46.2,1.299,5099.1,999.0,0,1.0,0.0,1.0,1,8,0.0,7,5,2,1
32476,29.0,1,999,0,-2.9,92.201,-31.4,0.883,5076.2,999.0,0,1.0,1.0,0.0,1,6,0.0,5,8,1,1
32477,32.0,3,999,0,1.1,93.994,-36.4,4.857,5191.0,999.0,0,1.0,0.0,1.0,2,5,0.0,7,5,1,1
32478,25.0,21,999,0,1.4,93.918,-42.7,4.96,5228.1,999.0,0,0.0,0.0,1.0,1,5,0.0,6,7,2,1
32479,41.0,6,999,0,1.4,93.918,-42.7,4.963,5228.1,999.0,0,1.0,0.0,0.0,1,8,0.0,4,7,1,1
32480,42.0,2,999,1,-1.8,92.893,-46.2,1.299,5099.1,999.0,3,0.0,0.0,0.0,2,8,0.0,6,5,1,2
32481,48.0,1,6,3,-1.1,94.767,-50.8,1.05,4963.6,0.2,6,1.0,0.0,0.0,2,7,0.0,6,11,2,3
32482,37.0,8,999,1,-1.8,92.893,-46.2,1.299,5099.1,999.0,1,0.0,0.0,0.0,2,8,0.0,4,5,2,2
32483,31.0,1,999,1,-1.8,93.075,-47.1,1.41,5099.1,999.0,3,1.0,0.0,0.0,1,8,0.0,11,4,1,2
32484,50.0,6,999,1,-1.8,92.893,-46.2,1.25,5099.1,999.0,2,1.0,1.0,0.0,2,8,0.0,7,5,1,2
32485,31.0,2,999,0,-3.4,92.431,-26.9,0.731,5017.5,999.0,0,1.0,1.0,0.0,2,5,0.0,6,10,2,1
32486,31.0,1,999,0,1.4,93.444,-36.1,4.965,5228.1,999.0,0,0.0,1.0,0.0,2,7,0.0,3,8,1,1
32487,31.0,1,999,0,1.4,93.444,-36.1,4.964,5228.1,999.0,0,1.0,0.0,0.0,2,8,0.0,5,8,1,1
32488,35.0,1,999,0,1.4,93.918,-42.7,4.957,5228.1,999.0,0,1.0,0.0,0.0,1,7,0.0,6,7,1,1
32489,23.0,1,999,1,-1.1,94.199,-37.5,0.879,4963.6,999.0,1,1.0,0.0,0.0,1,4,0.0,11,9,2,2
32490,54.0,2,999,0,1.4,93.444,-36.1,4.963,5228.1,999.0,0,1.0,0.0,0.0,2,2,0.0,2,8,1,1
32491,31.0,3,10,1,-3.0,92.713,-33.0,0.717,5023.5,0.333333333333,3,1.0,0.0,0.0,1,8,0.0,10,12,2,3
32492,49.0,4,999,0,1.4,93.918,-42.7,4.961,5228.1,999.0,0,1.0,1.0,0.0,2,8,0.0,6,7,1,1
32493,23.0,1,999,0,1.4,93.918,-42.7,4.961,5228.1,999.0,0,0.0,0.0,0.0,1,8,0.0,4,7,1,1
32494,31.0,1,999,0,-1.8,92.893,-46.2,1.27,5099.1,999.0,0,1.0,0.0,0.0,2,7,0.0,2,5,1,1
32495,31.0,24,999,0,1.4,93.918,-42.7,4.961,5228.1,999.0,0,0.0,0.0,0.0,3,6,0.0,8,7,1,1
32496,30.0,2,999,0,1.4,93.918,-42.7,4.96,5228.1,999.0,0,0.0,0.0,0.0,1,7,0.0,3,7,2,1
32497,45.0,3,999,0,1.4,94.465,-41.8,4.967,5228.1,999.0,0,1.0,0.0,1.0,2,8,0.0,4,6,1,1
32498,49.0,2,999,0,-0.1,93.2,-42.0,4.153,5195.8,999.0,0,0.0,0.0,0.0,2,8,0.0,4,11,1,1
32499,34.0,1,999,0,1.4,93.918,-42.7,4.963,5228.1,999.0,0,1.0,0.0,0.0,1,4,0.0,4,7,1,1
32500,31.0,2,999,0,1.4,94.465,-41.8,4.961,5228.1,999.0,0,1.0,0.0,1.0,2,8,0.0,4,6,1,1
32501,47.0,6,999,0,1.1,93.994,-36.4,4.858,5191.0,999.0,0,1.0,0.0,1.0,2,8,0.0,4,5,1,1
32502,24.0,1,999,0,-1.8,92.843,-50.0,1.584,5099.1,999.0,0,0.0,1.0,0.0,1,8,0.0,6,3,1,1
32503,37.0,2,999,0,1.4,93.444,-36.1,4.964,5228.1,999.0,0,0.0,1.0,0.0,1,7,0.0,6,8,1,1
32504,47.0,2,999,0,-0.1,93.2,-42.0,4.153,5195.8,999.0,0,0.0,0.0,0.0,2,5,0.0,9,11,1,1
32505,31.0,7,999,0,1.4,93.918,-42.7,4.963,5228.1,999.0,0,1.0,0.0,1.0,1,8,0.0,4,7,1,1
32506,31.0,1,999,0,-1.8,93.075,-47.1,1.41,5099.1,999.0,0,0.0,1.0,0.0,2,8,0.0,3,4,1,1
32507,31.0,2,999,0,-1.8,93.075,-47.1,1.405,5099.1,999.0,0,1.0,0.0,0.0,2,7,0.0,7,4,1,1
32508,43.0,3,999,0,1.4,93.444,-36.1,4.963,5228.1,999.0,0,0.0,0.0,0.0,2,7,0.0,3,8,1,1
32509,51.0,4,999,0,-1.8,92.893,-46.2,1.25,5099.1,999.0,0,1.0,1.0,0.0,2,8,0.0,6,5,1,1
32510,32.0,3,999,0,1.1,93.994,-36.4,4.857,5191.0,999.0,0,0.0,0.0,1.0,2,7,0.0,3,5,1,1
32511,31.0,11,999,0,1.1,93.994,-36.4,4.859,5191.0,999.0,0,0.0,1.0,1.0,1,7,0.0,3,5,1,1
32512,47.0,1,10,2,-1.7,94.027,-38.3,0.9,4991.6,0.333333333333,10,1.0,1.0,0.0,2,8,0.0,6,8,1,2
32513,49.0,1,999,0,1.1,93.994,-36.4,4.855,5191.0,999.0,0,0.0,0.0,1.0,2,8,0.0,4,5,1,1
32514,31.0,3,999,0,1.4,93.918,-42.7,4.963,5228.1,999.0,0,0.0,0.0,0.0,1,5,0.0,6,7,1,1
32515,31.0,2,999,0,1.4,93.918,-42.7,4.963,5228.1,999.0,0,0.0,0.0,1.0,3,8,0.0,9,7,1,1
32516,47.0,2,999,0,1.4,93.444,-36.1,4.967,5228.1,999.0,0,1.0,0.0,0.0,2,5,0.0,9,8,1,1
32517,21.0,2,999,0,-1.8,92.893,-46.2,1.266,5099.1,999.0,0,1.0,0.0,0.0,1,5,0.0,11,5,1,1
32518,45.0,5,999,0,1.1,93.994,-36.4,4.858,5191.0,999.0,0,0.0,0.0,1.0,3,5,0.0,9,5,1,1
32519,40.0,1,999,0,1.1,93.994,-36.4,4.857,5191.0,999.0,0,1.0,1.0,1.0,2,4,0.0,3,5,1,1
32520,38.0,8,999,0,1.4,94.465,-41.8,4.959,5228.1,999.0,0,1.0,0.0,1.0,3,6,0.0,5,6,1,1
32521,31.0,3,999,0,1.4,93.444,-36.1,4.964,5228.1,999.0,0,1.0,0.0,0.0,2,6,0.0,5,8,1,1
32522,47.0,2,999,0,1.4,94.465,-41.8,4.967,5228.1,999.0,0,0.0,0.0,1.0,2,8,0.0,7,6,1,1
32523,31.0,3,999,0,-1.8,93.075,-47.1,1.405,5099.1,999.0,0,1.0,0.0,0.0,2,8,0.0,4,4,2,1
32524,18.0,1,17,2,-1.7,94.027,-38.3,0.9,4991.6,0.566666666667,0,1.0,0.0,0.0,1,8,0.0,11,8,1,2
32525,31.0,1,999,0,1.4,93.918,-42.7,4.962,5228.1,999.0,0,1.0,1.0,0.0,1,8,0.0,6,7,1,1
32526,49.0,1,999,1,-0.1,93.2,-42.0,4.153,5195.8,999.0,1,0.0,0.0,0.0,2,7,0.0,3,11,1,2
32527,47.0,13,999,0,1.4,93.444,-36.1,4.965,5228.1,999.0,0,1.0,0.0,0.0,2,7,0.0,1,8,1,1
32528,50.0,1,999,0,1.4,93.918,-42.7,4.961,5228.1,999.0,0,1.0,0.0,0.0,2,8,0.0,5,7,1,1
32529,42.0,2,999,1,-1.8,92.893,-46.2,1.299,5099.1,999.0,2,0.0,0.0,0.0,2,2,0.0,7,5,2,2
32530,55.0,1,999,0,-0.1,93.2,-42.0,4.12,5195.8,999.0,0,1.0,1.0,0.0,3,8,0.0,6,11,1,1
32531,35.0,2,999,0,-1.8,92.843,-50.0,1.538,5099.1,999.0,0,1.0,0.0,0.0,2,5,0.0,6,3,1,1
32532,52.0,7,999,0,1.4,93.444,-36.1,4.966,5228.1,999.0,0,0.0,1.0,0.0,2,8,0.0,9,8,1,1
32533,48.0,3,999,0,1.1,93.994,-36.4,4.855,5191.0,999.0,0,0.0,1.0,1.0,2,4,0.0,6,5,1,1
32534,26.0,1,999,0,-1.8,93.075,-47.1,1.41,5099.1,999.0,0,1.0,1.0,0.0,1,7,0.0,6,4,1,1
32535,30.0,3,999,0,1.4,94.465,-41.8,4.865,5228.1,999.0,0,0.0,0.0,1.0,2,8,0.0,9,6,2,1
32536,60.0,2,999,0,1.1,93.994,-36.4,4.86,5191.0,999.0,0,1.0,0.0,1.0,2,7,0.0,3,5,1,1
32537,28.0,1,999,0,1.4,93.918,-42.7,4.962,5228.1,999.0,0,1.0,0.0,0.0,3,8,0.0,4,7,1,1
32538,31.0,5,999,0,1.4,93.918,-42.7,4.962,5228.1,999.0,0,1.0,0.0,0.0,2,8,0.0,7,7,2,1
32539,31.0,1,999,0,-1.8,93.075,-47.1,1.405,5099.1,999.0,0,1.0,1.0,0.0,3,4,0.0,4,4,2,1
32540,32.0,1,999,0,1.4,93.444,-36.1,4.967,5228.1,999.0,0,0.0,0.0,0.0,1,6,0.0,5,8,1,1
32541,35.0,1,999,0,-1.8,93.075,-47.1,1.405,5099.1,999.0,0,0.0,0.0,0.0,2,8,0.0,5,4,2,1
32542,24.0,11,999,0,1.4,93.918,-42.7,4.957,5228.1,999.0,0,0.0,0.0,1.0,2,4,0.0,3,7,1,1
32543,31.0,1,999,0,1.4,93.918,-42.7,4.963,5228.1,999.0,0,0.0,0.0,0.0,2,8,0.0,3,7,1,1
32544,48.0,10,999,0,1.1,93.994,-36.4,4.858,5191.0,999.0,0,0.0,0.0,1.0,2,3,0.0,4,5,2,1
32545,31.0,2,999,0,1.4,94.465,-41.8,4.959,5228.1,999.0,0,1.0,0.0,1.0,2,5,0.0,9,6,1,1
32546,42.0,9,999,0,1.4,93.918,-42.7,4.962,5228.1,999.0,0,1.0,0.0,0.0,2,8,0.0,12,7,2,1
32547,35.0,6,6,1,-1.7,94.215,-40.3,0.835,4991.6,0.2,1,1.0,0.0,0.0,1,6,0.0,5,7,1,3
32548,55.0,5,999,0,1.4,93.918,-42.7,4.962,5228.1,999.0,0,0.0,0.0,1.0,3,3,0.0,3,7,1,1
32549,46.0,3,999,0,-0.1,93.2,-42.0,4.076,5195.8,999.0,0,0.0,0.0,0.0,2,8,0.0,4,11,1,1
32550,26.0,4,999,0,-1.8,92.843,-50.0,1.811,5099.1,999.0,0,0.0,0.0,0.0,1,4,0.0,11,3,2,1
32551,43.0,3,999,0,1.4,93.918,-42.7,4.968,5228.1,999.0,0,0.0,0.0,0.0,2,6,0.0,6,7,1,1
32552,31.0,2,999,0,1.4,93.444,-36.1,4.966,5228.1,999.0,0,1.0,0.0,0.0,3,6,0.0,5,8,1,1
32553,50.0,1,999,0,1.4,94.465,-41.8,4.959,5228.1,999.0,0,0.0,0.0,1.0,2,3,0.0,4,6,1,1
32554,31.0,1,999,0,-0.1,93.2,-42.0,4.191,5195.8,999.0,0,1.0,0.0,0.0,2,8,0.0,4,11,2,1
32555,41.0,4,999,1,-1.8,92.893,-46.2,1.244,5099.1,999.0,0,0.0,0.0,0.0,1,5,0.0,6,5,2,2
32556,60.0,4,999,0,1.4,93.444,-36.1,4.964,5228.1,999.0,0,1.0,0.0,0.0,2,7,0.0,3,8,1,1
32557,42.0,19,999,0,1.1,93.994,-36.4,4.864,5191.0,999.0,0,1.0,0.0,1.0,2,8,0.0,10,5,1,1
32558,38.0,1,999,0,1.4,93.444,-36.1,4.965,5228.1,999.0,0,1.0,0.0,0.0,2,6,0.0,5,8,2,1
32559,36.0,4,999,0,1.4,94.465,-41.8,4.864,5228.1,999.0,0,0.0,0.0,1.0,3,8,0.0,9,6,1,1
32560,52.0,1,999,0,-0.1,93.2,-42.0,4.021,5195.8,999.0,0,1.0,0.0,0.0,3,7,0.0,6,11,1,1
32561,69.0,1,999,0,-2.9,92.201,-31.4,0.884,5076.2,999.0,0,1.0,0.0,1.0,2,6,0.0,8,8,2,1
32562,32.0,2,999,0,1.4,93.918,-42.7,4.963,5228.1,999.0,0,1.0,0.0,0.0,1,6,0.0,4,7,1,1
32563,42.0,1,999,1,-1.8,93.075,-47.1,1.405,5099.1,999.0,2,1.0,1.0,1.0,2,5,0.0,9,4,1,2
32564,32.0,3,999,1,-3.0,92.713,-33.0,0.715,5023.5,999.0,4,1.0,0.0,1.0,2,5,0.0,11,12,1,2
32565,44.0,2,999,1,-1.8,92.893,-46.2,1.244,5099.1,999.0,3,1.0,0.0,0.0,1,4,0.0,4,5,2,2
32566,37.0,13,999,0,1.4,93.444,-36.1,4.962,5228.1,999.0,0,0.0,0.0,0.0,1,6,0.0,5,8,1,1
32567,28.0,1,999,0,-1.8,92.893,-46.2,1.281,5099.1,999.0,0,1.0,0.0,0.0,2,5,0.0,6,5,1,1
32568,51.0,1,999,0,1.4,93.918,-42.7,4.963,5228.1,999.0,0,1.0,1.0,0.0,2,6,0.0,10,7,1,1
32569,48.0,25,999,0,1.4,93.918,-42.7,4.968,5228.1,999.0,0,0.0,0.0,0.0,2,8,0.0,4,7,1,1
32570,40.0,1,999,0,1.4,94.465,-41.8,4.866,5228.1,999.0,0,0.0,1.0,1.0,3,8,0.0,10,6,1,1
32571,38.0,2,999,0,1.4,93.444,-36.1,4.964,5228.1,999.0,0,1.0,0.0,0.0,2,7,0.0,6,8,1,1
32572,32.0,2,999,0,-1.8,92.893,-46.2,1.334,5099.1,999.0,0,0.0,0.0,0.0,2,4,0.0,4,5,1,1
32573,31.0,2,999,0,1.4,93.444,-36.1,4.965,5228.1,999.0,0,1.0,0.0,0.0,1,7,0.0,6,8,2,1
32574,43.0,2,999,0,1.1,93.994,-36.4,4.86,5191.0,999.0,0,0.0,0.0,1.0,2,7,0.0,5,5,1,1
32575,31.0,2,999,0,-1.8,92.893,-46.2,1.354,5099.1,999.0,0,0.0,0.0,0.0,2,2,0.0,1,5,2,1
32576,35.0,2,999,0,1.1,93.994,-36.4,4.857,5191.0,999.0,0,0.0,0.0,1.0,3,6,0.0,9,5,1,1
32577,31.0,1,999,0,1.1,93.994,-36.4,4.856,5191.0,999.0,0,0.0,0.0,1.0,2,6,0.0,5,5,1,1
32578,31.0,2,999,1,-1.8,93.075,-47.1,1.405,5099.1,999.0,3,1.0,0.0,0.0,1,8,0.0,11,4,1,2
32579,45.0,4,999,0,-0.1,93.2,-42.0,4.021,5195.8,999.0,0,0.0,0.0,0.0,3,4,0.0,5,11,1,1
32580,26.0,3,999,0,-1.8,93.075,-47.1,1.423,5099.1,999.0,0,1.0,0.0,1.0,1,7,0.0,10,4,1,1
32581,31.0,1,999,0,-1.8,93.369,-34.8,0.635,5008.7,999.0,0,0.0,0.0,0.0,1,8,0.0,4,3,1,1
32582,41.0,8,999,0,1.4,94.465,-41.8,4.866,5228.1,999.0,0,1.0,0.0,1.0,2,8,0.0,3,6,1,1
32583,27.0,6,999,0,1.4,93.918,-42.7,4.962,5228.1,999.0,0,1.0,0.0,0.0,1,8,0.0,5,7,1,1
32584,31.0,2,999,0,-1.8,93.075,-47.1,1.405,5099.1,999.0,0,0.0,0.0,0.0,2,5,0.0,6,4,1,1
32585,48.0,2,999,0,1.4,93.444,-36.1,4.964,5228.1,999.0,0,1.0,0.0,0.0,2,4,0.0,4,8,1,1
32586,30.0,8,999,0,1.4,94.465,-41.8,4.959,5228.1,999.0,0,0.0,0.0,1.0,1,4,0.0,4,6,1,1
32587,31.0,1,999,0,-0.1,93.2,-42.0,4.191,5195.8,999.0,0,0.0,0.0,0.0,1,8,0.0,9,11,1,1
32588,47.0,3,999,0,1.4,93.918,-42.7,4.962,5228.1,999.0,0,1.0,0.0,0.0,2,8,0.0,6,7,1,1
32589,31.0,4,999,0,-1.8,92.893,-46.2,1.299,5099.1,999.0,0,0.0,0.0,0.0,1,7,0.0,5,5,2,1
32590,57.0,1,999,0,1.4,93.444,-36.1,4.965,5228.1,999.0,0,1.0,0.0,0.0,3,7,0.0,5,8,1,1
32591,34.0,1,999,0,-2.9,92.963,-40.8,1.26,5076.2,999.0,0,0.0,0.0,0.0,1,8,0.0,2,6,2,1
32592,35.0,3,999,0,1.1,93.994,-36.4,4.857,5191.0,999.0,0,0.0,1.0,1.0,2,5,0.0,4,5,1,1
32593,40.0,4,999,0,1.1,93.994,-36.4,4.857,5191.0,999.0,0,0.0,0.0,1.0,3,3,0.0,4,5,2,1
32594,24.0,1,999,0,1.4,93.918,-42.7,4.96,5228.1,999.0,0,1.0,1.0,0.0,1,4,0.0,4,7,2,1
32595,30.0,1,999,0,1.1,93.994,-36.4,4.857,5191.0,999.0,0,1.0,0.0,1.0,3,6,0.0,5,5,1,1
32596,31.0,3,999,0,1.4,93.444,-36.1,4.967,5228.1,999.0,0,0.0,0.0,0.0,2,8,0.0,4,8,1,1
32597,46.0,9,999,0,1.4,93.444,-36.1,4.965,5228.1,999.0,0,0.0,0.0,0.0,2,8,0.0,6,8,1,1
32598,29.0,1,999,0,1.4,93.444,-36.1,4.964,5228.1,999.0,0,0.0,0.0,0.0,1,7,0.0,6,8,1,1
32599,34.0,1,999,0,1.4,93.444,-36.1,4.965,5228.1,999.0,0,1.0,0.0,0.0,1,7,0.0,6,8,2,1
32600,50.0,1,999,0,-1.8,93.075,-47.1,1.405,5099.1,999.0,0,1.0,0.0,0.0,2,4,0.0,3,4,1,1
32601,31.0,2,999,0,1.1,93.994,-36.4,4.864,5191.0,999.0,0,1.0,1.0,1.0,1,6,0.0,5,5,1,1
32602,28.0,5,999,0,1.4,93.918,-42.7,4.961,5228.1,999.0,0,1.0,0.0,0.0,1,5,0.0,4,7,1,1
32603,29.0,1,999,0,-1.8,93.075,-47.1,1.498,5099.1,999.0,0,0.0,0.0,0.0,1,7,0.0,6,4,1,1
32604,30.0,2,999,0,1.4,93.444,-36.1,4.964,5228.1,999.0,0,1.0,0.0,0.0,3,7,0.0,6,8,1,1
32605,31.0,2,999,0,-0.1,93.2,-42.0,4.076,5195.8,999.0,0,1.0,0.0,0.0,1,2,0.0,4,11,1,1
32606,32.0,12,999,0,1.4,94.465,-41.8,4.962,5228.1,999.0,0,1.0,0.0,1.0,1,7,0.0,11,6,1,1
32607,45.0,1,999,0,1.1,93.994,-36.4,4.855,5191.0,999.0,0,1.0,0.0,1.0,2,8,0.0,10,5,1,1
32608,48.0,1,999,0,1.4,93.444,-36.1,4.966,5228.1,999.0,0,0.0,0.0,0.0,2,7,0.0,6,8,1,1
32609,31.0,4,999,0,1.4,93.918,-42.7,4.968,5228.1,999.0,0,1.0,0.0,1.0,3,8,0.0,5,7,1,1
32610,60.0,2,999,0,1.4,94.465,-41.8,4.961,5228.1,999.0,0,1.0,0.0,1.0,2,7,0.0,3,6,1,1
32611,25.0,1,999,0,1.4,93.918,-42.7,4.961,5228.1,999.0,0,1.0,0.0,0.0,1,5,0.0,4,7,1,1
32612,37.0,2,999,0,1.4,93.918,-42.7,4.962,5228.1,999.0,0,1.0,1.0,0.0,3,8,0.0,9,7,1,1
32613,31.0,1,999,0,1.4,93.918,-42.7,4.957,5228.1,999.0,0,1.0,1.0,0.0,2,4,0.0,4,7,1,1
32614,36.0,1,999,0,-1.8,92.893,-46.2,1.264,5099.1,999.0,0,1.0,1.0,0.0,2,7,0.0,5,5,2,1
32615,54.0,1,999,0,1.4,93.918,-42.7,4.962,5228.1,999.0,0,0.0,0.0,0.0,2,8,0.0,5,7,1,1
32616,46.0,1,999,0,-0.1,93.2,-42.0,4.12,5195.8,999.0,0,0.0,0.0,0.0,3,5,0.0,3,11,1,1
32617,49.0,2,999,0,1.4,93.444,-36.1,4.968,5228.1,999.0,0,1.0,0.0,0.0,2,5,0.0,9,8,1,1
32618,31.0,1,999,1,-0.1,93.2,-42.0,4.076,5195.8,999.0,0,0.0,0.0,0.0,2,5,0.0,5,11,1,2
32619,48.0,1,999,0,1.1,93.994,-36.4,4.859,5191.0,999.0,0,1.0,0.0,1.0,2,7,0.0,5,5,1,1
32620,40.0,2,999,1,-1.8,93.075,-47.1,1.405,5099.1,999.0,1,1.0,0.0,0.0,1,6,0.0,5,4,2,2
32621,31.0,3,999,0,1.1,93.994,-36.4,4.855,5191.0,999.0,0,1.0,0.0,1.0,3,5,0.0,6,5,1,1
32622,29.0,6,999,0,-1.8,92.893,-46.2,1.266,5099.1,999.0,0,1.0,0.0,0.0,2,4,0.0,4,5,1,1
32623,33.0,1,999,0,-1.8,92.893,-46.2,1.344,5099.1,999.0,0,0.0,0.0,0.0,1,5,0.0,6,5,1,1
32624,52.0,5,999,0,1.4,93.918,-42.7,4.96,5228.1,999.0,0,0.0,0.0,0.0,2,4,0.0,4,7,2,1
32625,31.0,3,999,0,-1.8,92.893,-46.2,1.266,5099.1,999.0,0,1.0,1.0,0.0,2,6,0.0,5,5,1,1
32626,31.0,7,999,0,1.4,93.444,-36.1,4.963,5228.1,999.0,0,1.0,0.0,0.0,2,7,0.0,6,8,1,1
32627,58.0,10,999,0,1.4,93.444,-36.1,4.963,5228.1,999.0,0,1.0,0.0,0.0,2,2,0.0,12,8,1,1
32628,31.0,3,999,0,1.4,93.444,-36.1,4.968,5228.1,999.0,0,1.0,1.0,0.0,2,7,0.0,5,8,1,1
32629,44.0,1,999,0,1.1,93.994,-36.4,4.855,5191.0,999.0,0,0.0,0.0,1.0,2,6,0.0,5,5,1,1
32630,49.0,1,999,0,1.1,93.994,-36.4,4.864,5191.0,999.0,0,0.0,0.0,1.0,3,5,0.0,4,5,1,1
32631,34.0,1,999,0,-1.8,92.893,-46.2,1.344,5099.1,999.0,0,1.0,0.0,0.0,2,4,0.0,4,5,1,1
32632,31.0,1,999,0,1.4,93.444,-36.1,4.964,5228.1,999.0,0,1.0,1.0,0.0,2,8,0.0,2,8,1,1
32633,35.0,1,999,0,1.4,93.918,-42.7,4.962,5228.1,999.0,0,1.0,0.0,0.0,1,5,0.0,5,7,1,1
32634,24.0,2,12,2,-1.7,94.055,-39.8,0.729,4991.6,0.4,2,0.0,1.0,0.0,1,5,0.0,11,6,1,2
32635,31.0,4,999,0,1.1,93.994,-36.4,4.857,5191.0,999.0,0,1.0,0.0,1.0,2,8,0.0,4,5,1,1
32636,33.0,1,6,1,-3.4,92.431,-26.9,0.739,5017.5,0.2,1,0.0,0.0,0.0,2,7,0.0,6,10,1,3
32637,37.0,1,999,0,1.4,93.444,-36.1,4.968,5228.1,999.0,0,1.0,0.0,0.0,2,8,0.0,3,8,1,1
32638,31.0,9,999,0,1.1,93.994,-36.4,4.857,5191.0,999.0,0,1.0,0.0,1.0,2,7,0.0,3,5,1,1
32639,36.0,1,999,0,1.4,93.918,-42.7,4.968,5228.1,999.0,0,1.0,0.0,1.0,2,7,0.0,3,7,1,1
32640,53.0,1,999,0,-0.1,93.2,-42.0,4.286,5195.8,999.0,0,1.0,0.0,0.0,3,8,0.0,5,11,1,1
32641,32.0,1,999,0,1.4,93.918,-42.7,4.962,5228.1,999.0,0,1.0,0.0,0.0,1,8,0.0,5,7,1,1
32642,31.0,7,999,0,1.4,94.465,-41.8,4.961,5228.1,999.0,0,0.0,0.0,1.0,2,2,0.0,6,6,1,1
32643,17.0,3,4,2,-2.9,92.201,-31.4,0.884,5076.2,0.133333333333,2,1.0,0.0,0.0,1,8,0.0,11,8,1,3
32644,31.0,1,999,0,1.4,93.444,-36.1,4.967,5228.1,999.0,0,0.0,0.0,0.0,2,7,0.0,6,8,1,1
32645,35.0,1,999,0,-3.4,92.431,-26.9,0.742,5017.5,999.0,0,1.0,0.0,0.0,2,8,0.0,5,10,1,1
32646,35.0,1,999,0,-1.8,92.893,-46.2,1.313,5099.1,999.0,0,0.0,0.0,0.0,1,5,0.0,9,5,1,1
32647,32.0,1,999,0,1.4,93.444,-36.1,4.963,5228.1,999.0,0,1.0,0.0,1.0,1,8,0.0,6,8,1,1
32648,32.0,1,999,0,-0.1,93.2,-42.0,4.076,5195.8,999.0,0,1.0,0.0,0.0,3,8,0.0,6,11,1,1
32649,44.0,4,999,0,1.1,93.994,-36.4,4.859,5191.0,999.0,0,0.0,0.0,1.0,3,3,0.0,4,5,1,1
32650,46.0,5,999,0,-1.8,92.893,-46.2,1.354,5099.1,999.0,0,0.0,1.0,0.0,1,8,0.0,6,5,1,1
32651,24.0,2,999,0,1.4,93.918,-42.7,4.957,5228.1,999.0,0,0.0,0.0,0.0,1,6,0.0,5,7,1,1
32652,52.0,1,999,0,1.4,93.444,-36.1,4.966,5228.1,999.0,0,1.0,0.0,0.0,2,3,0.0,2,8,1,1
32653,44.0,1,999,0,-0.1,93.2,-42.0,4.191,5195.8,999.0,0,1.0,1.0,0.0,3,8,0.0,9,11,2,1
32654,42.0,1,999,0,1.1,93.994,-36.4,4.856,5191.0,999.0,0,0.0,0.0,1.0,1,8,0.0,6,5,1,1
32655,31.0,1,999,0,1.1,93.994,-36.4,4.86,5191.0,999.0,0,1.0,0.0,1.0,2,2,0.0,8,5,1,1
32656,31.0,1,999,0,1.1,93.994,-36.4,4.857,5191.0,999.0,0,0.0,0.0,1.0,2,8,0.0,1,5,2,1
32657,35.0,1,999,0,1.1,93.994,-36.4,4.86,5191.0,999.0,0,0.0,0.0,1.0,2,2,0.0,4,5,1,1
32658,38.0,1,999,0,1.1,93.994,-36.4,4.86,5191.0,999.0,0,1.0,0.0,1.0,3,6,0.0,5,5,1,1
32659,55.0,3,999,0,1.4,94.465,-41.8,4.962,5228.1,999.0,0,1.0,0.0,1.0,1,2,0.0,3,6,1,1
32660,31.0,1,999,0,1.4,93.918,-42.7,4.961,5228.1,999.0,0,0.0,0.0,0.0,2,8,0.0,4,7,1,1
32661,35.0,1,999,0,1.1,93.994,-36.4,4.86,5191.0,999.0,0,1.0,1.0,1.0,2,4,0.0,4,5,1,1
32662,43.0,1,999,0,-3.4,92.649,-30.1,0.715,5017.5,999.0,0,1.0,0.0,0.0,2,7,0.0,6,11,1,1
32663,63.0,1,3,1,-3.4,92.379,-29.8,0.749,5017.5,0.1,4,1.0,0.0,0.0,2,8,0.0,2,9,1,3
32664,31.0,1,999,0,1.4,93.918,-42.7,4.962,5228.1,999.0,0,1.0,0.0,0.0,1,5,0.0,9,7,1,1
32665,51.0,1,999,0,1.4,93.444,-36.1,4.966,5228.1,999.0,0,0.0,1.0,0.0,3,8,0.0,6,8,1,1
32666,45.0,1,999,0,-0.1,93.2,-42.0,4.153,5195.8,999.0,0,0.0,0.0,0.0,2,7,0.0,3,11,1,1
32667,31.0,2,999,1,-0.1,93.2,-42.0,4.191,5195.8,999.0,1,0.0,1.0,0.0,3,5,0.0,4,11,2,2
32668,34.0,2,999,1,-1.8,93.075,-47.1,1.405,5099.1,999.0,2,1.0,0.0,0.0,1,7,0.0,6,4,2,2
32669,31.0,2,999,0,-1.8,92.893,-46.2,1.299,5099.1,999.0,0,1.0,0.0,0.0,1,7,0.0,5,5,2,1
32670,53.0,2,999,0,1.4,93.918,-42.7,4.962,5228.1,999.0,0,1.0,1.0,0.0,2,8,0.0,4,7,1,1
32671,56.0,1,999,0,1.4,93.918,-42.7,4.96,5228.1,999.0,0,0.0,0.0,0.0,2,8,0.0,4,7,2,1
32672,34.0,2,999,0,-1.8,93.075,-47.1,1.365,5099.1,999.0,0,1.0,1.0,0.0,2,8,0.0,6,4,1,1
32673,49.0,1,999,0,-0.1,93.2,-42.0,4.191,5195.8,999.0,0,0.0,0.0,1.0,3,5,0.0,4,11,2,1
32674,34.0,1,999,0,1.1,93.994,-36.4,4.857,5191.0,999.0,0,0.0,0.0,1.0,2,5,0.0,6,5,1,1
32675,59.0,1,999,0,1.4,93.918,-42.7,4.962,5228.1,999.0,0,1.0,1.0,0.0,3,7,0.0,8,7,1,1
32676,31.0,3,999,0,-1.8,93.075,-47.1,1.405,5099.1,999.0,0,0.0,0.0,0.0,2,7,0.0,3,4,2,1
32677,42.0,1,999,0,1.1,93.994,-36.4,4.86,5191.0,999.0,0,0.0,0.0,1.0,1,5,0.0,5,5,1,1
32678,43.0,1,999,2,-1.8,92.893,-46.2,1.344,5099.1,999.0,2,0.0,0.0,0.0,2,2,0.0,4,5,1,2
32679,28.0,2,999,0,-1.8,92.893,-46.2,1.299,5099.1,999.0,0,0.0,0.0,0.0,1,8,0.0,4,5,2,1
32680,50.0,3,999,0,-2.9,92.469,-33.6,1.085,5076.2,999.0,0,0.0,0.0,0.0,2,5,0.0,6,7,1,1
32681,31.0,1,999,0,1.4,93.918,-42.7,4.963,5228.1,999.0,0,0.0,0.0,0.0,2,5,0.0,4,7,1,1
32682,32.0,1,999,0,-2.9,92.201,-31.4,0.859,5076.2,999.0,0,0.0,0.0,0.0,2,5,0.0,9,8,1,1
32683,37.0,4,999,0,1.4,94.465,-41.8,4.947,5228.1,999.0,0,0.0,1.0,1.0,1,7,0.0,1,6,2,1
32684,35.0,2,999,0,1.1,93.994,-36.4,4.857,5191.0,999.0,0,0.0,0.0,1.0,1,6,0.0,5,5,1,1
32685,58.0,6,999,0,1.4,93.918,-42.7,4.962,5228.1,999.0,0,0.0,0.0,0.0,3,5,0.0,10,7,1,1
32686,32.0,8,999,0,-1.8,92.893,-46.2,1.25,5099.1,999.0,0,1.0,0.0,0.0,1,4,0.0,4,5,1,1
32687,41.0,20,999,0,1.4,94.465,-41.8,4.96,5228.1,999.0,0,0.0,0.0,1.0,2,4,0.0,4,6,2,1
32688,38.0,1,999,1,-1.8,92.893,-46.2,1.327,5099.1,999.0,1,0.0,0.0,0.0,2,8,0.0,3,5,1,2
32689,28.0,1,9,1,-1.8,93.369,-34.8,0.643,5008.7,0.3,0,1.0,0.0,0.0,1,7,0.0,6,3,1,3
32690,28.0,1,999,0,1.4,94.465,-41.8,4.962,5228.1,999.0,0,0.0,0.0,1.0,2,7,0.0,6,6,1,1
32691,36.0,3,999,0,1.4,93.444,-36.1,4.964,5228.1,999.0,0,1.0,0.0,0.0,2,6,0.0,5,8,1,1
32692,29.0,1,999,0,1.4,93.444,-36.1,4.966,5228.1,999.0,0,1.0,0.0,0.0,2,6,0.0,5,8,1,1
32693,33.0,3,999,0,-1.8,92.893,-46.2,1.244,5099.1,999.0,0,1.0,0.0,0.0,2,6,0.0,5,5,2,1
32694,31.0,1,999,0,1.1,93.994,-36.4,4.86,5191.0,999.0,0,1.0,0.0,1.0,2,3,0.0,9,5,1,1
32695,31.0,2,999,0,1.4,93.444,-36.1,4.963,5228.1,999.0,0,1.0,0.0,0.0,3,7,0.0,6,8,1,1
32696,31.0,2,999,0,-0.1,93.2,-42.0,4.12,5195.8,999.0,0,1.0,0.0,0.0,2,6,0.0,4,11,1,1
32697,31.0,3,999,0,1.4,93.918,-42.7,4.962,5228.1,999.0,0,1.0,0.0,0.0,1,8,0.0,8,7,2,1
32698,27.0,3,6,2,-1.8,93.369,-34.8,0.639,5008.7,0.2,10,1.0,0.0,0.0,1,8,0.0,6,3,2,3
32699,39.0,1,14,1,-1.7,94.215,-40.3,0.79,4991.6,0.466666666667,0,1.0,0.0,1.0,2,3,0.0,4,7,1,3
32700,31.0,3,999,0,-1.8,92.893,-46.2,1.27,5099.1,999.0,0,1.0,1.0,0.0,2,7,0.0,6,5,1,1
32701,51.0,1,999,0,1.1,93.994,-36.4,4.855,5191.0,999.0,0,0.0,0.0,1.0,2,6,0.0,5,5,1,1
32702,43.0,1,999,0,-0.1,93.2,-42.0,4.191,5195.8,999.0,0,0.0,0.0,0.0,2,8,0.0,3,11,2,1
32703,32.0,6,999,0,1.4,93.444,-36.1,4.962,5228.1,999.0,0,1.0,0.0,0.0,2,8,0.0,5,8,1,1
32704,29.0,3,999,1,-1.8,92.893,-46.2,1.299,5099.1,999.0,3,0.0,0.0,0.0,3,4,0.0,6,5,2,2
32705,40.0,1,999,0,-0.1,93.2,-42.0,4.191,5195.8,999.0,0,0.0,0.0,0.0,3,7,0.0,7,11,2,1
32706,38.0,2,999,0,1.4,93.918,-42.7,4.962,5228.1,999.0,0,1.0,0.0,0.0,2,7,0.0,1,7,1,1
32707,46.0,1,999,0,-1.8,92.893,-46.2,1.299,5099.1,999.0,0,1.0,1.0,1.0,2,3,0.0,3,5,2,1
32708,38.0,1,999,1,-1.8,93.075,-47.1,1.405,5099.1,999.0,4,0.0,1.0,0.0,2,8,0.0,4,4,2,2
32709,57.0,1,999,0,1.1,93.994,-36.4,4.857,5191.0,999.0,0,1.0,0.0,1.0,3,8,0.0,4,5,1,1
32710,77.0,1,3,6,-1.7,94.027,-38.3,0.905,4991.6,0.1,18,1.0,0.0,0.0,2,8,0.0,3,8,1,3
32711,58.0,2,999,0,-0.1,93.2,-42.0,4.12,5195.8,999.0,0,1.0,0.0,0.0,2,7,0.0,3,11,1,1
32712,33.0,1,999,0,-0.1,93.2,-42.0,4.076,5195.8,999.0,0,1.0,0.0,0.0,1,5,0.0,9,11,1,1
32713,36.0,2,999,0,-1.8,92.893,-46.2,1.244,5099.1,999.0,0,1.0,0.0,0.0,2,2,0.0,4,5,2,1
32714,40.0,1,999,0,-0.1,93.2,-42.0,4.153,5195.8,999.0,0,0.0,0.0,0.0,3,4,0.0,4,11,1,1
32715,45.0,1,999,0,1.4,93.918,-42.7,4.958,5228.1,999.0,0,1.0,0.0,0.0,2,4,0.0,9,7,1,1
32716,31.0,2,999,0,1.4,93.918,-42.7,4.963,5228.1,999.0,0,1.0,0.0,0.0,2,5,0.0,6,7,1,1
32717,35.0,3,999,4,-1.1,94.767,-50.8,1.04,4963.6,999.0,16,1.0,0.0,0.0,1,6,0.0,6,11,1,2
32718,31.0,1,999,0,-1.8,92.893,-46.2,1.327,5099.1,999.0,0,1.0,0.0,0.0,2,6,0.0,1,5,1,1
32719,31.0,1,999,0,1.4,94.465,-41.8,4.864,5228.1,999.0,0,1.0,0.0,1.0,2,8,0.0,2,6,1,1
32720,34.0,2,999,0,1.1,93.994,-36.4,4.857,5191.0,999.0,0,1.0,0.0,1.0,2,3,0.0,4,5,1,1
32721,35.0,1,999,0,1.4,94.465,-41.8,4.961,5228.1,999.0,0,1.0,1.0,1.0,2,4,0.0,4,6,2,1
32722,38.0,1,999,0,1.4,93.918,-42.7,4.963,5228.1,999.0,0,1.0,0.0,0.0,2,3,0.0,4,7,1,1
32723,58.0,1,999,0,-1.8,92.893,-46.2,1.25,5099.1,999.0,0,0.0,0.0,0.0,2,2,0.0,6,5,1,1
32724,45.0,1,13,1,-2.9,92.469,-33.6,1.029,5076.2,0.433333333333,0,0.0,0.0,0.0,2,8,0.0,6,7,1,3
32725,31.0,3,999,0,-1.8,93.075,-47.1,1.405,5099.1,999.0,0,1.0,0.0,0.0,2,5,0.0,9,4,2,1
32726,31.0,1,999,0,1.1,93.994,-36.4,4.855,5191.0,999.0,0,0.0,0.0,1.0,1,2,0.0,4,5,1,1
32727,31.0,11,999,0,1.4,93.444,-36.1,4.964,5228.1,999.0,0,1.0,0.0,0.0,2,7,0.0,6,8,1,1
32728,35.0,2,999,0,1.1,93.994,-36.4,4.856,5191.0,999.0,0,0.0,0.0,1.0,2,3,0.0,5,5,1,1
32729,54.0,2,999,0,-0.1,93.2,-42.0,4.153,5195.8,999.0,0,0.0,0.0,0.0,2,7,0.0,5,11,1,1
32730,32.0,4,999,0,-1.8,92.893,-46.2,1.281,5099.1,999.0,0,1.0,1.0,0.0,2,4,0.0,4,5,1,1
32731,48.0,2,999,0,1.1,93.994,-36.4,4.857,5191.0,999.0,0,1.0,1.0,1.0,3,8,0.0,5,5,1,1
32732,52.0,2,999,0,1.4,93.918,-42.7,4.955,5228.1,999.0,0,0.0,0.0,1.0,2,8,0.0,5,7,1,1
32733,31.0,4,999,1,-1.8,92.893,-46.2,1.25,5099.1,999.0,1,0.0,0.0,0.0,1,3,0.0,4,5,1,2
32734,31.0,1,999,0,-2.9,92.963,-40.8,1.26,5076.2,999.0,0,0.0,0.0,0.0,1,8,0.0,5,6,2,1
32735,31.0,2,999,0,1.4,94.465,-41.8,4.947,5228.1,999.0,0,1.0,0.0,1.0,3,4,0.0,5,6,2,1
32736,36.0,1,999,0,-1.8,93.075,-47.1,1.405,5099.1,999.0,0,1.0,0.0,0.0,3,5,0.0,6,4,1,1
32737,33.0,2,999,0,1.4,94.465,-41.8,4.959,5228.1,999.0,0,1.0,0.0,1.0,2,5,0.0,6,6,1,1
32738,35.0,3,999,1,-1.8,92.893,-46.2,1.354,5099.1,999.0,1,0.0,0.0,0.0,2,5,0.0,9,5,2,2
32739,31.0,2,999,0,1.4,93.918,-42.7,4.963,5228.1,999.0,0,0.0,0.0,0.0,1,5,0.0,6,7,1,1
32740,35.0,5,999,0,1.4,94.465,-41.8,4.96,5228.1,999.0,0,0.0,0.0,1.0,2,3,0.0,7,6,1,1
32741,33.0,1,999,0,1.4,93.444,-36.1,4.966,5228.1,999.0,0,1.0,1.0,0.0,1,6,0.0,5,8,1,1
32742,56.0,2,999,0,-1.8,93.075,-47.1,1.41,5099.1,999.0,0,1.0,0.0,0.0,3,8,0.0,9,4,1,1
32743,61.0,2,999,0,-2.9,92.201,-31.4,0.869,5076.2,999.0,0,1.0,0.0,1.0,2,4,0.0,8,8,1,1
32744,31.0,2,999,0,1.4,93.918,-42.7,4.961,5228.1,999.0,0,1.0,0.0,0.0,2,8,0.0,4,7,1,1
32745,51.0,4,999,0,1.4,93.918,-42.7,4.963,5228.1,999.0,0,1.0,1.0,0.0,2,4,0.0,4,7,1,1
32746,31.0,5,999,0,-0.1,93.2,-42.0,4.021,5195.8,999.0,0,0.0,0.0,0.0,2,8,0.0,5,11,1,1
32747,49.0,2,999,0,1.1,93.994,-36.4,4.856,5191.0,999.0,0,1.0,0.0,1.0,2,8,0.0,4,5,1,1
32748,47.0,2,999,0,1.1,93.994,-36.4,4.856,5191.0,999.0,0,0.0,0.0,1.0,2,8,0.0,9,5,1,1
32749,31.0,8,999,0,-1.8,92.893,-46.2,1.344,5099.1,999.0,0,1.0,0.0,0.0,1,7,0.0,6,5,1,1
32750,31.0,1,999,0,-1.8,92.893,-46.2,1.244,5099.1,999.0,0,0.0,0.0,0.0,1,5,0.0,3,5,2,1
32751,39.0,1,999,0,1.4,93.444,-36.1,4.965,5228.1,999.0,0,0.0,0.0,0.0,2,7,0.0,5,8,1,1
32752,32.0,3,999,1,-1.8,92.893,-46.2,1.291,5099.1,999.0,1,0.0,1.0,0.0,1,8,0.0,5,5,1,2
32753,32.0,2,999,0,1.4,94.465,-41.8,4.96,5228.1,999.0,0,1.0,0.0,1.0,2,6,0.0,5,6,2,1
32754,38.0,1,999,0,1.4,93.918,-42.7,4.962,5228.1,999.0,0,0.0,0.0,0.0,2,8,0.0,6,7,1,1
32755,50.0,5,999,0,1.4,93.444,-36.1,4.963,5228.1,999.0,0,0.0,0.0,0.0,2,2,0.0,4,8,2,1
32756,31.0,4,999,0,-0.1,93.2,-42.0,4.153,5195.8,999.0,0,1.0,0.0,1.0,1,7,0.0,1,11,1,1
32757,33.0,12,999,0,-1.8,92.893,-46.2,1.244,5099.1,999.0,0,1.0,1.0,1.0,2,7,0.0,6,5,2,1
32758,27.0,2,999,1,-1.8,92.893,-46.2,1.281,5099.1,999.0,1,1.0,0.0,1.0,1,8,0.0,4,5,1,2
32759,31.0,2,999,0,1.4,93.918,-42.7,4.963,5228.1,999.0,0,0.0,0.0,0.0,2,8,0.0,8,7,1,1
32760,31.0,3,999,0,1.1,93.994,-36.4,4.857,5191.0,999.0,0,1.0,0.0,1.0,2,8,0.0,4,5,2,1
32761,31.0,2,999,0,1.4,93.444,-36.1,4.964,5228.1,999.0,0,0.0,0.0,0.0,1,7,0.0,6,8,1,1
32762,60.0,1,999,0,-1.8,93.075,-47.1,1.405,5099.1,999.0,0,1.0,0.0,0.0,2,6,0.0,4,4,1,1
32763,47.0,4,999,0,1.4,94.465,-41.8,4.961,5228.1,999.0,0,1.0,1.0,1.0,2,4,0.0,3,6,1,1
32764,47.0,1,999,0,1.4,94.465,-41.8,4.961,5228.1,999.0,0,0.0,0.0,1.0,3,7,0.0,3,6,1,1
32765,59.0,4,999,1,-0.1,93.2,-42.0,4.021,5195.8,999.0,5,0.0,0.0,0.0,2,6,0.0,1,11,1,2
32766,43.0,1,999,0,-1.8,92.893,-46.2,1.291,5099.1,999.0,0,1.0,1.0,0.0,1,7,0.0,6,5,1,1
32767,31.0,1,999,0,1.1,93.994,-36.4,4.856,5191.0,999.0,0,1.0,1.0,1.0,2,2,0.0,4,5,1,1
32768,51.0,6,999,0,1.1,93.994,-36.4,4.856,5191.0,999.0,0,1.0,0.0,1.0,2,8,0.0,4,5,1,1
32769,45.0,6,999,0,1.4,94.465,-41.8,4.864,5228.1,999.0,0,1.0,0.0,1.0,2,8,0.0,3,6,1,1
32770,34.0,3,999,1,-0.1,93.2,-42.0,4.12,5195.8,999.0,3,1.0,0.0,0.0,2,8,0.0,1,11,1,2
32771,33.0,5,999,0,1.4,93.918,-42.7,4.961,5228.1,999.0,0,1.0,1.0,0.0,2,6,0.0,5,7,1,1
32772,43.0,2,999,0,1.1,93.994,-36.4,4.857,5191.0,999.0,0,1.0,0.0,1.0,2,2,0.0,4,5,1,1
32773,43.0,1,999,0,-2.9,92.201,-31.4,0.884,5076.2,999.0,0,0.0,0.0,1.0,3,7,0.0,1,8,2,1
32774,31.0,1,999,0,1.4,93.444,-36.1,4.965,5228.1,999.0,0,1.0,0.0,0.0,2,4,0.0,4,8,1,1
32775,37.0,2,999,0,-2.9,92.469,-33.6,0.944,5076.2,999.0,0,1.0,0.0,0.0,2,5,0.0,9,7,2,1
32776,31.0,1,999,0,1.4,93.918,-42.7,4.961,5228.1,999.0,0,0.0,0.0,0.0,2,8,0.0,4,7,1,1
32777,31.0,1,999,0,1.4,93.918,-42.7,4.96,5228.1,999.0,0,0.0,0.0,0.0,2,7,0.0,7,7,2,1
32778,29.0,1,999,0,-0.1,93.2,-42.0,4.021,5195.8,999.0,0,1.0,1.0,0.0,1,6,0.0,5,11,1,1
32779,31.0,1,999,0,-1.8,92.893,-46.2,1.299,5099.1,999.0,0,1.0,0.0,0.0,1,8,0.0,5,5,2,1
32780,31.0,3,999,0,1.1,93.994,-36.4,4.857,5191.0,999.0,0,1.0,0.0,1.0,1,8,0.0,6,5,1,1
32781,48.0,10,999,0,1.4,94.465,-41.8,4.959,5228.1,999.0,0,0.0,0.0,1.0,2,4,0.0,4,6,1,1
32782,18.0,2,999,0,-3.4,92.379,-29.8,0.809,5017.5,999.0,0,1.0,1.0,0.0,1,8,0.0,11,9,1,1
32783,31.0,3,999,0,1.1,93.994,-36.4,4.858,5191.0,999.0,0,1.0,0.0,1.0,1,4,0.0,5,5,2,1
32784,53.0,2,999,0,1.1,93.994,-36.4,4.857,5191.0,999.0,0,0.0,0.0,1.0,2,7,0.0,1,5,2,1
32785,31.0,2,999,0,1.4,93.918,-42.7,4.963,5228.1,999.0,0,0.0,0.0,1.0,3,7,0.0,7,7,1,1
32786,31.0,1,999,0,1.4,93.918,-42.7,4.962,5228.1,999.0,0,0.0,0.0,0.0,2,2,0.0,2,7,1,1
32787,36.0,5,999,0,1.4,93.444,-36.1,4.963,5228.1,999.0,0,1.0,0.0,0.0,2,7,0.0,6,8,2,1
32788,31.0,3,999,0,1.4,93.918,-42.7,4.962,5228.1,999.0,0,1.0,1.0,0.0,1,3,0.0,4,7,2,1
32789,44.0,2,999,0,-1.8,92.893,-46.2,1.313,5099.1,999.0,0,1.0,1.0,0.0,3,5,0.0,6,5,1,1
32790,37.0,1,999,0,-1.8,92.893,-46.2,1.313,5099.1,999.0,0,1.0,0.0,0.0,2,5,0.0,4,5,1,1
32791,31.0,3,999,0,-1.8,93.075,-47.1,1.405,5099.1,999.0,0,1.0,1.0,0.0,2,7,0.0,6,4,2,1
32792,42.0,1,999,0,-0.1,93.2,-42.0,4.12,5195.8,999.0,0,0.0,0.0,0.0,1,7,0.0,6,11,1,1
32793,41.0,2,999,0,1.4,93.918,-42.7,4.962,5228.1,999.0,0,1.0,0.0,0.0,2,5,0.0,9,7,1,1
32794,31.0,4,999,0,1.4,94.465,-41.8,4.959,5228.1,999.0,0,1.0,0.0,1.0,2,2,0.0,2,6,1,1
32795,98.0,2,999,0,-3.4,92.431,-26.9,0.73,5017.5,999.0,0,1.0,0.0,0.0,2,2,0.0,8,10,1,1
32796,47.0,4,999,0,1.4,94.465,-41.8,4.864,5228.1,999.0,0,0.0,0.0,1.0,3,8,0.0,6,6,1,1
32797,41.0,4,999,1,-1.8,92.893,-46.2,1.344,5099.1,999.0,0,1.0,0.0,0.0,2,4,0.0,4,5,1,2
32798,39.0,1,999,0,1.4,93.444,-36.1,4.966,5228.1,999.0,0,0.0,0.0,0.0,2,7,0.0,3,8,1,1
32799,45.0,4,999,0,1.1,93.994,-36.4,4.859,5191.0,999.0,0,1.0,0.0,1.0,1,6,0.0,1,5,1,1
32800,31.0,2,999,0,1.4,94.465,-41.8,4.961,5228.1,999.0,0,0.0,0.0,1.0,2,5,0.0,9,6,2,1
32801,25.0,1,999,0,1.4,93.918,-42.7,4.963,5228.1,999.0,0,1.0,0.0,0.0,1,4,0.0,9,7,1,1
32802,49.0,1,999,0,-0.1,93.2,-42.0,4.191,5195.8,999.0,0,1.0,0.0,0.0,2,5,0.0,4,11,2,1
32803,31.0,4,999,0,-1.1,94.601,-49.5,0.977,4963.6,999.0,0,1.0,0.0,0.0,2,8,0.0,6,10,2,1
32804,31.0,1,999,0,-1.7,94.055,-39.8,0.767,4991.6,999.0,0,1.0,0.0,1.0,1,5,0.0,5,6,1,1
32805,31.0,3,10,1,-1.8,92.893,-46.2,1.25,5099.1,0.333333333333,0,1.0,0.0,0.0,2,8,0.0,10,5,1,3
32806,32.0,4,999,0,1.4,93.918,-42.7,4.96,5228.1,999.0,0,0.0,1.0,0.0,1,8,0.0,6,7,2,1
32807,32.0,11,999,0,1.4,93.918,-42.7,4.968,5228.1,999.0,0,0.0,0.0,0.0,2,5,0.0,6,7,1,1
32808,31.0,2,12,2,-1.1,94.601,-49.5,0.977,4963.6,0.4,4,0.0,0.0,0.0,1,7,0.0,6,10,2,2
32809,35.0,2,999,0,-1.8,92.893,-46.2,1.344,5099.1,999.0,0,0.0,0.0,0.0,1,5,0.0,9,5,1,1
32810,43.0,1,999,0,1.4,93.918,-42.7,4.963,5228.1,999.0,0,1.0,0.0,0.0,1,4,0.0,4,7,1,1
32811,32.0,15,999,0,-1.8,92.893,-46.2,1.25,5099.1,999.0,0,0.0,1.0,0.0,1,5,0.0,6,5,1,1
32812,31.0,1,999,0,1.4,93.918,-42.7,4.962,5228.1,999.0,0,0.0,0.0,0.0,2,8,0.0,4,7,1,1
32813,31.0,1,999,0,1.1,93.994,-36.4,4.857,5191.0,999.0,0,1.0,1.0,1.0,3,7,0.0,6,5,1,1
32814,30.0,1,999,0,-0.1,93.2,-42.0,4.076,5195.8,999.0,0,1.0,0.0,0.0,1,4,0.0,6,11,1,1
32815,57.0,1,999,0,1.1,93.994,-36.4,4.86,5191.0,999.0,0,1.0,0.0,1.0,2,5,0.0,9,5,1,1
32816,36.0,4,999,0,1.1,93.994,-36.4,4.857,5191.0,999.0,0,1.0,0.0,1.0,2,8,0.0,4,5,2,1
32817,30.0,2,999,0,-0.1,93.2,-42.0,4.076,5195.8,999.0,0,1.0,0.0,0.0,3,5,0.0,6,11,1,1
32818,27.0,3,999,0,1.4,94.465,-41.8,4.865,5228.1,999.0,0,1.0,0.0,1.0,2,4,0.0,6,6,2,1
32819,25.0,2,999,0,1.4,93.918,-42.7,4.96,5228.1,999.0,0,1.0,0.0,0.0,1,6,0.0,5,7,2,1
32820,31.0,3,999,0,1.4,93.444,-36.1,4.963,5228.1,999.0,0,1.0,0.0,0.0,2,7,0.0,6,8,1,1
32821,48.0,1,999,0,-0.1,93.2,-42.0,4.12,5195.8,999.0,0,0.0,0.0,0.0,3,2,0.0,9,11,1,1
32822,49.0,1,999,0,1.4,93.918,-42.7,4.963,5228.1,999.0,0,0.0,0.0,0.0,3,7,0.0,6,7,1,1
32823,52.0,1,3,1,-3.4,92.649,-30.1,0.714,5017.5,0.1,2,1.0,0.0,0.0,2,6,0.0,5,11,1,3
32824,34.0,3,999,0,1.4,93.444,-36.1,4.967,5228.1,999.0,0,1.0,0.0,0.0,2,6,0.0,6,8,1,1
32825,43.0,1,999,0,1.4,94.465,-41.8,4.967,5228.1,999.0,0,0.0,0.0,1.0,2,4,0.0,4,6,1,1
32826,32.0,2,999,0,1.4,93.444,-36.1,4.968,5228.1,999.0,0,1.0,0.0,0.0,1,5,0.0,6,8,1,1
32827,31.0,1,999,0,-0.1,93.2,-42.0,4.021,5195.8,999.0,0,1.0,0.0,0.0,2,8,0.0,3,11,1,1
32828,34.0,6,999,1,-1.8,92.893,-46.2,1.25,5099.1,999.0,1,0.0,0.0,0.0,2,2,0.0,4,5,1,2
32829,24.0,1,999,1,-1.8,92.893,-46.2,1.281,5099.1,999.0,2,1.0,1.0,0.0,1,5,0.0,11,5,1,2
32830,36.0,1,999,0,-1.8,92.893,-46.2,1.327,5099.1,999.0,0,1.0,0.0,0.0,2,8,0.0,4,5,1,1
32831,50.0,3,999,0,1.1,93.994,-36.4,4.855,5191.0,999.0,0,1.0,0.0,1.0,2,4,0.0,7,5,1,1
32832,58.0,3,999,0,1.4,93.918,-42.7,4.962,5228.1,999.0,0,0.0,1.0,0.0,2,2,0.0,5,7,1,1
32833,31.0,1,999,0,-3.4,92.431,-26.9,0.739,5017.5,999.0,0,0.0,0.0,0.0,1,8,0.0,6,10,1,1
32834,35.0,1,999,0,1.4,93.444,-36.1,4.964,5228.1,999.0,0,0.0,0.0,0.0,2,6,0.0,5,8,1,1
32835,59.0,1,999,1,-1.8,93.075,-47.1,1.41,5099.1,999.0,3,1.0,0.0,0.0,2,4,0.0,4,4,1,2
32836,41.0,1,999,1,-1.8,92.893,-46.2,1.291,5099.1,999.0,3,1.0,0.0,0.0,2,2,0.0,2,5,1,2
32837,48.0,4,999,0,1.4,93.918,-42.7,4.968,5228.1,999.0,0,1.0,0.0,0.0,3,8,0.0,6,7,1,1
32838,46.0,1,999,0,1.4,93.444,-36.1,4.966,5228.1,999.0,0,1.0,0.0,0.0,2,2,0.0,4,8,1,1
32839,43.0,1,999,1,-0.1,93.2,-42.0,4.12,5195.8,999.0,2,0.0,0.0,0.0,1,5,0.0,6,11,1,2
32840,31.0,1,999,0,-0.1,93.2,-42.0,4.12,5195.8,999.0,0,0.0,0.0,0.0,2,8,0.0,6,11,1,1
32841,40.0,2,999,0,-1.8,92.893,-46.2,1.334,5099.1,999.0,0,1.0,1.0,0.0,2,4,0.0,6,5,1,1
32842,52.0,7,999,0,1.4,93.918,-42.7,4.961,5228.1,999.0,0,1.0,1.0,0.0,2,8,0.0,2,7,1,1
32843,25.0,2,999,0,1.4,94.465,-41.8,4.864,5228.1,999.0,0,0.0,1.0,1.0,1,5,0.0,11,6,1,1
32844,57.0,2,999,1,-1.8,92.893,-46.2,1.354,5099.1,999.0,2,1.0,0.0,0.0,2,8,0.0,5,5,2,2
32845,50.0,3,999,0,-0.1,93.2,-42.0,4.191,5195.8,999.0,0,1.0,1.0,0.0,2,4,0.0,4,11,2,1
32846,31.0,1,999,0,-1.1,94.199,-37.5,0.886,4963.6,999.0,0,0.0,0.0,1.0,1,5,0.0,11,9,1,1
32847,29.0,2,999,0,-2.9,92.963,-40.8,1.268,5076.2,999.0,0,0.0,0.0,0.0,1,6,0.0,11,6,1,1
32848,46.0,2,999,0,1.1,93.994,-36.4,4.855,5191.0,999.0,0,0.0,0.0,1.0,2,8,0.0,7,5,1,1
32849,36.0,13,999,0,1.4,93.918,-42.7,4.968,5228.1,999.0,0,1.0,0.0,0.0,2,8,0.0,7,7,1,1
32850,54.0,6,6,1,-1.1,94.601,-49.5,0.987,4963.6,0.2,4,1.0,0.0,0.0,2,8,0.0,1,10,1,3
32851,35.0,3,999,0,1.4,94.465,-41.8,4.967,5228.1,999.0,0,0.0,0.0,1.0,1,7,0.0,5,6,1,1
32852,37.0,2,999,0,1.1,93.994,-36.4,4.856,5191.0,999.0,0,1.0,0.0,1.0,2,5,0.0,6,5,1,1
32853,55.0,2,6,3,-1.7,94.027,-38.3,0.904,4991.6,0.2,6,1.0,0.0,0.0,3,5,0.0,6,8,1,3
32854,37.0,1,999,0,-1.7,94.055,-39.8,0.72,4991.6,999.0,0,1.0,0.0,1.0,2,7,0.0,6,6,2,1
32855,39.0,2,999,0,1.4,93.918,-42.7,4.961,5228.1,999.0,0,0.0,0.0,0.0,2,4,0.0,4,7,1,1
32856,41.0,1,999,1,-1.8,93.075,-47.1,1.453,5099.1,999.0,6,1.0,0.0,0.0,2,8,0.0,6,4,1,2
32857,29.0,4,999,0,1.4,93.918,-42.7,4.959,5228.1,999.0,0,1.0,0.0,1.0,1,5,0.0,4,7,1,1
32858,36.0,1,999,0,1.1,93.994,-36.4,4.86,5191.0,999.0,0,1.0,0.0,1.0,3,7,0.0,6,5,1,1
32859,33.0,1,999,0,1.1,93.994,-36.4,4.855,5191.0,999.0,0,1.0,1.0,1.0,1,4,0.0,4,5,1,1
32860,26.0,5,999,0,1.4,94.465,-41.8,4.962,5228.1,999.0,0,0.0,0.0,1.0,1,6,0.0,5,6,1,1
32861,47.0,2,999,0,1.4,93.444,-36.1,4.964,5228.1,999.0,0,0.0,0.0,0.0,2,4,0.0,4,8,1,1
32862,31.0,1,999,0,1.4,93.918,-42.7,4.963,5228.1,999.0,0,0.0,1.0,0.0,2,3,0.0,4,7,1,1
32863,59.0,2,999,0,1.4,94.465,-41.8,4.962,5228.1,999.0,0,1.0,0.0,1.0,2,8,0.0,6,6,1,1
32864,31.0,1,999,0,1.4,93.918,-42.7,4.962,5228.1,999.0,0,0.0,0.0,0.0,2,4,0.0,4,7,1,1
32865,24.0,2,999,0,1.1,93.994,-36.4,4.857,5191.0,999.0,0,0.0,0.0,1.0,1,5,0.0,9,5,2,1
32866,29.0,1,999,0,1.4,93.918,-42.7,4.958,5228.1,999.0,0,0.0,0.0,0.0,1,8,0.0,6,7,1,1
32867,47.0,1,999,0,1.1,93.994,-36.4,4.857,5191.0,999.0,0,0.0,0.0,1.0,2,5,0.0,6,5,1,1
32868,31.0,2,999,0,-2.9,92.201,-31.4,0.883,5076.2,999.0,0,0.0,0.0,0.0,3,7,0.0,6,8,1,1
32869,27.0,3,999,0,-1.8,92.893,-46.2,1.281,5099.1,999.0,0,1.0,0.0,0.0,2,5,0.0,6,5,1,1
32870,31.0,1,999,1,-2.9,92.963,-40.8,1.262,5076.2,999.0,4,1.0,1.0,0.0,2,5,0.0,9,6,1,2
32871,29.0,1,999,0,1.4,93.918,-42.7,4.957,5228.1,999.0,0,0.0,0.0,0.0,1,4,0.0,4,7,1,1
32872,31.0,4,999,0,1.4,93.444,-36.1,4.963,5228.1,999.0,0,1.0,0.0,0.0,2,4,0.0,9,8,1,1
32873,34.0,3,999,0,1.1,93.994,-36.4,4.856,5191.0,999.0,0,1.0,1.0,1.0,1,2,0.0,4,5,1,1
32874,51.0,1,999,0,-2.9,92.201,-31.4,0.884,5076.2,999.0,0,1.0,0.0,0.0,2,7,0.0,3,8,1,1
32875,31.0,2,999,0,1.1,93.994,-36.4,4.857,5191.0,999.0,0,0.0,1.0,1.0,2,5,0.0,7,5,1,1
32876,22.0,1,999,0,1.4,93.918,-42.7,4.962,5228.1,999.0,0,1.0,0.0,0.0,2,8,0.0,4,7,1,1
32877,38.0,3,999,0,1.4,93.918,-42.7,4.961,5228.1,999.0,0,0.0,1.0,1.0,3,7,0.0,6,7,1,1
32878,31.0,3,999,0,-1.8,92.893,-46.2,1.327,5099.1,999.0,0,1.0,1.0,0.0,2,2,0.0,4,5,1,1
32879,42.0,2,999,0,1.4,94.465,-41.8,4.962,5228.1,999.0,0,0.0,0.0,1.0,2,6,0.0,7,6,1,1
32880,69.0,2,999,0,-2.9,92.963,-40.8,1.26,5076.2,999.0,0,0.0,0.0,0.0,2,5,0.0,7,6,1,1
32881,39.0,3,999,0,-0.1,93.2,-42.0,4.076,5195.8,999.0,0,1.0,0.0,0.0,1,7,0.0,9,11,1,1
32882,32.0,1,999,0,-1.8,93.075,-47.1,1.415,5099.1,999.0,0,1.0,0.0,0.0,2,7,0.0,6,4,1,1
32883,45.0,1,999,0,1.4,93.444,-36.1,4.965,5228.1,999.0,0,1.0,1.0,0.0,2,2,0.0,4,8,1,1
32884,56.0,1,999,0,-1.8,93.075,-47.1,1.365,5099.1,999.0,0,1.0,1.0,0.0,2,7,0.0,7,4,1,1
32885,22.0,1,999,0,1.4,93.918,-42.7,4.957,5228.1,999.0,0,1.0,0.0,0.0,1,8,0.0,4,7,1,1
32886,31.0,10,999,0,1.1,93.994,-36.4,4.856,5191.0,999.0,0,0.0,0.0,1.0,1,4,0.0,10,5,1,1
32887,31.0,1,999,0,1.1,93.994,-36.4,4.855,5191.0,999.0,0,1.0,1.0,1.0,2,8,0.0,10,5,1,1
32888,31.0,2,999,0,1.4,93.918,-42.7,4.961,5228.1,999.0,0,1.0,0.0,0.0,2,3,0.0,8,7,1,1
32889,45.0,3,999,0,1.1,93.994,-36.4,4.859,5191.0,999.0,0,1.0,0.0,1.0,3,8,0.0,4,5,1,1
32890,31.0,2,999,0,-0.1,93.2,-42.0,4.12,5195.8,999.0,0,0.0,0.0,0.0,2,8,0.0,6,11,1,1
32891,37.0,1,999,0,1.4,93.444,-36.1,4.964,5228.1,999.0,0,1.0,0.0,0.0,2,4,0.0,1,8,1,1
32892,36.0,3,999,0,1.1,93.994,-36.4,4.857,5191.0,999.0,0,0.0,0.0,1.0,2,8,0.0,9,5,1,1
32893,38.0,1,999,0,1.1,93.994,-36.4,4.857,5191.0,999.0,0,0.0,0.0,1.0,2,8,0.0,6,5,1,1
32894,27.0,1,999,0,1.4,93.918,-42.7,4.963,5228.1,999.0,0,1.0,0.0,0.0,1,8,0.0,6,7,1,1
32895,48.0,1,999,0,1.1,93.994,-36.4,4.858,5191.0,999.0,0,1.0,0.0,1.0,2,8,0.0,4,5,1,1
32896,32.0,1,999,0,-1.8,93.075,-47.1,1.365,5099.1,999.0,0,0.0,0.0,0.0,1,5,0.0,6,4,1,1
32897,46.0,3,999,0,1.1,93.994,-36.4,4.855,5191.0,999.0,0,1.0,1.0,1.0,2,4,0.0,4,5,1,1
32898,31.0,4,999,0,1.4,94.465,-41.8,4.959,5228.1,999.0,0,1.0,0.0,1.0,1,7,0.0,3,6,1,1
32899,31.0,1,999,0,1.4,94.465,-41.8,4.864,5228.1,999.0,0,0.0,0.0,1.0,1,7,0.0,3,6,1,1
32900,45.0,1,999,1,-0.1,93.2,-42.0,4.12,5195.8,999.0,2,1.0,0.0,0.0,3,8,0.0,4,11,1,2
32901,31.0,8,999,0,-1.8,92.893,-46.2,1.354,5099.1,999.0,0,0.0,0.0,1.0,2,7,0.0,3,5,2,1
32902,33.0,1,999,0,1.1,93.994,-36.4,4.857,5191.0,999.0,0,0.0,0.0,1.0,2,8,0.0,10,5,2,1
32903,41.0,1,999,0,1.4,93.918,-42.7,4.962,5228.1,999.0,0,1.0,0.0,0.0,1,5,0.0,7,7,1,1
32904,32.0,2,999,1,-1.8,93.075,-47.1,1.405,5099.1,999.0,2,0.0,0.0,0.0,2,6,0.0,5,4,2,2
32905,31.0,1,999,2,-1.7,94.215,-40.3,0.885,4991.6,999.0,2,1.0,0.0,0.0,1,7,0.0,12,7,1,2
32906,38.0,4,999,0,1.4,93.918,-42.7,4.957,5228.1,999.0,0,1.0,0.0,1.0,2,4,0.0,7,7,1,1
32907,31.0,1,999,0,1.4,93.444,-36.1,4.966,5228.1,999.0,0,1.0,0.0,0.0,2,7,0.0,6,8,1,1
32908,31.0,1,999,0,-0.1,93.2,-42.0,4.021,5195.8,999.0,0,0.0,0.0,1.0,1,7,0.0,6,11,1,1
32909,44.0,1,999,0,-1.8,92.893,-46.2,1.281,5099.1,999.0,0,0.0,0.0,0.0,1,5,0.0,5,5,1,1
32910,41.0,2,999,1,-1.8,92.893,-46.2,1.25,5099.1,999.0,1,0.0,0.0,0.0,1,4,0.0,4,5,1,2
32911,47.0,1,999,0,1.4,93.918,-42.7,4.962,5228.1,999.0,0,0.0,1.0,0.0,2,2,0.0,4,7,1,1
32912,31.0,4,999,0,1.4,93.918,-42.7,4.962,5228.1,999.0,0,0.0,0.0,0.0,1,5,0.0,6,7,1,1
32913,31.0,3,999,0,1.1,93.994,-36.4,4.864,5191.0,999.0,0,1.0,0.0,1.0,3,7,0.0,5,5,1,1
32914,56.0,1,999,0,1.4,93.918,-42.7,4.966,5228.1,999.0,0,1.0,0.0,1.0,2,7,0.0,3,7,1,1
32915,31.0,1,999,0,-1.8,93.369,-34.8,0.652,5008.7,999.0,0,0.0,1.0,0.0,1,7,0.0,6,3,1,1
32916,31.0,5,999,0,-1.8,92.893,-46.2,1.299,5099.1,999.0,0,1.0,1.0,0.0,2,5,0.0,6,5,1,1
32917,46.0,1,999,1,-1.8,92.893,-46.2,1.334,5099.1,999.0,3,1.0,0.0,0.0,2,5,0.0,6,5,1,2
32918,31.0,1,999,0,-2.9,92.963,-40.8,1.26,5076.2,999.0,0,0.0,1.0,0.0,1,8,0.0,4,6,2,1
32919,37.0,1,999,0,1.1,93.994,-36.4,4.858,5191.0,999.0,0,0.0,0.0,1.0,1,7,0.0,5,5,1,1
32920,39.0,2,999,0,1.4,93.444,-36.1,4.964,5228.1,999.0,0,0.0,0.0,0.0,2,2,0.0,2,8,1,1
32921,31.0,4,999,0,1.4,93.918,-42.7,4.961,5228.1,999.0,0,0.0,0.0,0.0,2,2,0.0,7,7,1,1
32922,39.0,3,999,0,1.1,93.994,-36.4,4.859,5191.0,999.0,0,0.0,0.0,1.0,1,5,0.0,9,5,1,1
32923,25.0,2,999,0,1.1,93.994,-36.4,4.857,5191.0,999.0,0,1.0,0.0,1.0,1,6,0.0,5,5,1,1
32924,31.0,6,999,0,-1.8,92.893,-46.2,1.344,5099.1,999.0,0,0.0,0.0,0.0,1,6,0.0,6,5,1,1
32925,54.0,1,999,0,-3.4,92.379,-29.8,0.797,5017.5,999.0,0,0.0,0.0,0.0,2,8,0.0,5,9,1,1
32926,31.0,3,999,0,1.4,93.444,-36.1,4.965,5228.1,999.0,0,1.0,0.0,0.0,1,8,0.0,5,8,2,1
32927,35.0,1,999,0,1.4,93.444,-36.1,4.968,5228.1,999.0,0,0.0,0.0,0.0,2,6,0.0,5,8,1,1
32928,31.0,1,999,0,1.1,93.994,-36.4,4.856,5191.0,999.0,0,0.0,0.0,1.0,2,6,0.0,5,5,1,1
32929,31.0,4,999,0,1.4,94.465,-41.8,4.959,5228.1,999.0,0,1.0,0.0,1.0,2,4,0.0,1,6,1,1
32930,33.0,5,999,0,1.4,94.465,-41.8,4.961,5228.1,999.0,0,0.0,0.0,1.0,3,6,0.0,5,6,1,1
32931,31.0,1,999,0,-1.1,94.199,-37.5,0.878,4963.6,999.0,0,0.0,0.0,0.0,1,5,0.0,6,9,1,1
32932,31.0,1,999,1,-2.9,92.469,-33.6,1.029,5076.2,999.0,2,0.0,0.0,0.0,1,5,0.0,11,7,1,2
32933,31.0,1,999,0,1.4,93.918,-42.7,4.957,5228.1,999.0,0,1.0,0.0,0.0,2,8,0.0,5,7,1,1
32934,35.0,2,999,0,1.1,93.994,-36.4,4.857,5191.0,999.0,0,0.0,0.0,1.0,2,8,0.0,4,5,1,1
32935,36.0,1,999,0,1.4,94.465,-41.8,4.961,5228.1,999.0,0,1.0,1.0,1.0,2,8,0.0,4,6,1,1
32936,49.0,4,999,0,1.4,93.918,-42.7,4.962,5228.1,999.0,0,1.0,0.0,1.0,2,7,0.0,3,7,1,1
32937,45.0,5,999,0,1.4,93.918,-42.7,4.962,5228.1,999.0,0,0.0,0.0,0.0,1,7,0.0,7,7,2,1
32938,31.0,23,999,0,1.4,93.444,-36.1,4.962,5228.1,999.0,0,1.0,0.0,0.0,2,8,0.0,6,8,1,1
32939,31.0,4,999,0,1.1,93.994,-36.4,4.857,5191.0,999.0,0,0.0,0.0,1.0,1,7,0.0,5,5,1,1
32940,31.0,2,999,0,1.4,93.918,-42.7,4.963,5228.1,999.0,0,1.0,0.0,0.0,1,4,0.0,4,7,1,1
32941,31.0,2,999,0,1.1,93.994,-36.4,4.857,5191.0,999.0,0,0.0,0.0,1.0,2,4,0.0,4,5,2,1
32942,21.0,3,3,1,-3.4,92.649,-30.1,0.714,5017.5,0.1,1,1.0,0.0,0.0,1,7,0.0,11,11,1,3
32943,48.0,2,3,1,-1.7,94.215,-40.3,0.79,4991.6,0.1,0,1.0,0.0,0.0,1,7,0.0,6,7,1,3
32944,41.0,13,999,0,1.4,94.465,-41.8,4.864,5228.1,999.0,0,0.0,0.0,1.0,2,4,0.0,4,6,1,1
32945,33.0,2,999,0,1.4,94.465,-41.8,4.961,5228.1,999.0,0,0.0,0.0,1.0,1,5,0.0,5,6,2,1
32946,31.0,5,999,0,1.4,94.465,-41.8,4.959,5228.1,999.0,0,0.0,1.0,1.0,2,4,0.0,4,6,1,1
32947,31.0,2,999,0,1.4,93.918,-42.7,4.968,5228.1,999.0,0,1.0,0.0,0.0,2,5,0.0,5,7,1,1
32948,31.0,1,999,0,1.4,93.444,-36.1,4.97,5228.1,999.0,0,1.0,0.0,0.0,3,8,0.0,5,8,2,1
32949,31.0,9,999,0,1.4,93.444,-36.1,4.964,5228.1,999.0,0,0.0,0.0,0.0,2,5,0.0,4,8,1,1
